6249.0557
2815.2373
1289.711
869.6328
655.69415
514.9251
417.40686
346.14716
292.43216
251.65948
218.45093
191.19916
167.27084
148.6011
132.28154
119.435745
108.99765
98.55793
90.62435
84.09489
77.83618
71.9533
68.10579
64.51395
59.64648
56.226513
53.582863
50.874905
48.502296
46.015186
44.176765
42.298946
40.406986
39.144253
37.56091
36.08228
34.624485
33.54527
32.62376
31.571241
30.422947
29.94732
28.64162
27.96604
27.110989
26.390049
25.925934
25.07617
24.436045
24.28098
23.661533
23.013706
22.598158
22.112045
21.703152
21.191568
21.16421
20.464888
20.376799
19.666155
19.535292
19.371328
19.070297
18.745228
18.273743
17.95797
17.77123
17.53468
17.13102
16.961058
17.057402
16.366735
15.973657
16.028313
15.564165
15.6339
15.220707
15.154398
15.194629
14.833918
14.705793
14.410267
14.375379
14.030444
13.918168
13.866397
13.843256
13.667937
13.404721
13.539871
13.168271
13.034421
12.993927
13.030933
12.851229
12.737355
12.707167
12.704538
12.39034
12.265946
12.129888
12.002633
12.013528
11.922724
11.812821
11.801927
11.487678
11.388304
11.398302
11.20578
11.146827
11.086206
10.894324
11.06746
10.952982
10.735071
10.545386
10.433345
10.241238
10.109336
9.998785
9.927105
9.804303
9.670353
9.648791
9.510431
9.248249
9.322449
9.257548
9.1741495
9.302397
9.085232
9.208592
9.050389
8.899384
8.811542
8.870736
8.78932
8.794292
8.550805
8.570059
8.399634
8.359963
8.378083
8.395169
8.305517
8.167709
8.196093
7.9811044
8.030966
7.9111915
7.9426904
7.873477
7.710072
7.755546
7.5130606
7.7101026
7.6757526
7.5914493
7.468972
7.5287166
7.400912
7.3464737
7.2038107
7.2283955
7.106947
7.0682464
6.997604
7.0306854
7.0514483
6.961968
6.9223385
6.869216
6.858818
6.7689676
6.8419905
6.780734
6.691497
6.6485953
6.743602
6.7474346
6.607526
6.5329704
6.417485
6.492661
6.3580384
6.418088
6.351375
6.313175
6.1997232
6.2718863
6.1795974
6.2020755
6.1272044
6.0752025
6.1924133
6.3132443
6.1696644
6.0188975
6.0262938
6.0136476
5.8756204
5.867262
5.82191
5.743209
5.723544
5.705437
5.878573
5.827906
5.710853
5.6349735
5.6210623
5.639598
5.639811
5.4687405
5.639857
5.5494857
5.4629016
5.449447
5.4127984
5.46611
5.400943
5.2777057
5.312836
5.233435
5.270401
5.295418
5.1780033
5.1003175
5.054592
5.1203146
5.1071143
5.123432
5.084574
5.054665
5.0295954
5.0664325
5.0508323
5.0550833
5.0477257
5.1072764
5.007998
4.896811
4.9308996
4.871074
4.8732467
4.821991
4.818491
4.855799
4.835813
4.828297
4.786324
4.88881
4.7727284
4.7276616
4.6785283
4.6267147
4.68395
4.653053
4.715264
4.583479
4.598619
4.6255884
4.6485653
4.558327
4.5497184
4.638113
4.8102427
4.715511
4.59252
4.467395
4.3941865
4.318622
4.305527
4.3350906
4.3430986
4.2743545
4.2527294
4.317458
4.2980385
4.342297
4.2795267
4.23041
4.1663885
4.1753135
4.169573
4.191342
4.1695356
4.147686
4.0762453
4.100386
4.1051235
4.0398245
4.06848
4.0380373
4.019066
4.023074
3.9778566
3.892851
3.8929842
3.8976185
3.976488
3.8531013
3.8400624
3.8103623
3.8825173
3.8046532
3.884813
3.9119656
3.7638814
3.701411
3.6833413
3.7566924
3.704651
3.7544694
3.7254593
3.6675403
3.6761487
3.7725978
3.7079268
3.7871556
3.575374
3.6905613
3.6358786
3.6406076
3.5485299
3.5638316
3.5973835
3.554504
3.5740118
3.4741626
3.4726906
3.4806952
3.3981655
3.4472034
3.429123
3.3717148
3.4382231
3.345664
3.4114437
3.3293836
3.3683608
3.2874255
3.3175735
3.397827
3.3996847
3.3416176
3.2876847
3.3346863
3.3134708
3.1956844
3.2341352
3.2180037
3.3159099
3.2370644
3.1209793
3.1475015
3.1514182
3.100039
3.1067533
3.109918
3.0806925
3.0510259
3.0821326
3.1689675
3.112837
3.0285404
3.0379138
3.0976386
3.1066036
3.0486944
3.022065
3.0111773
2.9673772
2.9595551
3.0480723
3.0399067
3.0558329
2.9616601
2.95994
2.9119573
2.86015
2.90471
2.9403894
2.9173968
2.8028421
2.8799055
2.9124355
2.853087
2.8699136
2.8950636
2.7919111
2.7289631
2.786249
2.8006895
2.8107297
2.87569
2.763352
2.8141818
2.7996132
2.7152684
2.7574818
2.661133
2.717313
2.671309
2.7415593
2.745001
2.7006576
2.695953
2.618609
2.559748
2.60435
2.6567473
2.6360395
2.637376
2.5917435
2.6192036
2.619843
2.6748414
2.6542747
2.62097
2.6533518
2.6861506
2.5484319
2.5477073
2.5136542
2.596533
2.5707185
2.4896867
2.524442
2.4831045
2.5075061
2.5265584
2.5305977
2.5310988
2.4831102
2.4122372
2.3884656
2.420767
2.5033445
2.3551176
2.43111
2.4818225
2.366857
2.3895814
2.2748315
2.349976
2.3799863
2.3824131
2.2814658
2.273433
2.2982962
2.254191
2.2546864
2.3904238
2.2142508
2.3052862
2.228934
2.215453
2.2816482
2.28954
2.2631595
2.2948859
2.3439257
2.2958338
2.1940484
2.2184389
2.2136219
2.235433
2.2442722
2.3146665
2.2106056
2.1745327
2.152308
2.1420484
2.1848505
2.156034
2.1508732
2.1352289
2.185903
2.175179
2.254002
2.1095676
2.1854978
2.1598926
2.0767055
2.0521889
2.0978258
2.1229546
2.1375177
2.0327902
2.0319123
2.0877612
2.097297
2.1427703
2.0273192
2.0385745
2.0008473
2.0560455
1.9812353
2.012265
2.038329
2.0563974
1.9842626
1.9802862
2.0081997
2.0075746
2.0323968
1.9748943
1.9475324
1.980772
1.904003
1.9753472
1.935752
1.9542162
1.9625019
1.9173026
1.8988037
1.8572487
1.8699822
1.9388862
1.9686967
1.8887094
1.9149349
1.8607233
1.9014829
1.9459491
1.9168233
1.932952
1.9432952
1.9076803
1.8496687
1.8303789
1.8068925
1.8567212
1.8301641
1.8758285
1.8549488
1.7896041
1.8902265
1.8197858
1.7509329
1.8180536
1.7807392
1.8499345
1.7890886
1.8226068
1.8579828
1.8682461
1.8495642
1.8291545
1.8189884
1.785098
1.7519624
1.7461069
1.6868885
1.7707134
1.6689172
1.7186118
1.729961
1.6920183
1.716848
1.6275097
1.634099
1.6895798
1.7494516
1.6988685
1.7186941
1.6686102
1.6508294
1.7173806
1.6778021
1.7126498
1.684311
1.635524
1.722836
1.70056
1.7429929
1.723118
1.6792322
1.7184751
1.6965932
1.651156
1.762105
1.6597632
1.6230174
1.6538843
1.6837609
1.6597455
1.6135349
1.6509665
1.6599113
1.6457491
1.6260805
1.5502229
1.5746408
1.633768
1.6454103
1.6669466
1.6287665
1.5622292
1.6525977
1.6534716
1.6437781
1.607088
1.643813
1.5742496
1.5314006
1.529325
1.5214803
1.6282442
1.5157403
1.6310868
1.5520328
1.5661328
1.4908429
1.5018725
1.5094209
1.5426232
1.5038173
1.5498564
1.4707469
1.5322267
1.4477645
1.4016637
1.4707712
1.4879775
1.5681273
1.4871696
1.4872507
1.5294393
1.5256613
1.5405489
1.4842112
1.5544984
1.4936655
1.5780177
1.4720457
1.4444472
1.4827539
1.4043996
1.4128721
1.4707135
1.4460368
1.3900803
1.4447818
1.4322749
1.3926771
1.413259
1.3838487
1.4480752
1.4054923
1.4378268
1.3832204
1.437323
1.397163
1.4585166
1.466602
1.3938167
1.3806454
1.359744
1.3420777
1.4121051
1.4696445
1.3146037
1.3147126
1.3778456
1.2896551
1.3851663
1.3421322
1.3805386
1.3839761
1.289135
1.2918787
1.3131554
1.3184503
1.2859467
1.3383889
1.2661151
1.2994848
1.3176422
1.3018064
1.310205
1.3520187
1.3317167
1.299958
1.272245
1.2809886
1.2942585
1.2768763
1.2364576
1.3046781
1.2061827
1.2940818
1.2463564
1.2624323
1.2323818
1.3444326
1.2451969
1.2147726
1.4115647
1.2982134
1.2443892
1.2329392
1.278131
1.2777424
1.2228714
1.2147969
1.1760017
1.2203698
1.179954
1.2405438
1.2304999
1.2381654
1.1864539
1.1564497
1.2992173
1.1579868
1.2446792
1.2158577
1.2596631
1.1545248
1.1809258
1.2496595
1.2507921
1.1319432
1.2122747
1.2622893
1.1595871
1.2083532
1.2963896
1.1610109
1.1655247
1.1929718
1.3102981
1.259876
1.1550092
1.2127572
1.1789103
1.2159822
1.2194446
1.1499722
1.1637182
1.1571621
1.1055906
1.1880126
1.1946129
1.1019595
1.1384969
1.2179952
1.1091677
1.1403968
1.1161293
1.0821443
1.0850056
1.1409032
1.1041561
1.1791996
1.287874
1.1049857
1.1141557
1.1472319
1.1098409
1.0583931
1.129961
1.0564032
1.1476519
1.0982805
1.0879554
1.1306361
1.0886518
1.1129992
1.0645871
1.095972
1.0723025
1.0775329
1.1413248
1.1947805
1.4566088
1.2887355
1.2184331
1.1383524
1.0917628
1.0665393
1.0825225
1.1352803
1.2132562
1.0397508
1.1118379
1.1065053
1.1406308
1.0759574
1.0670795
1.0932794
1.1170034
1.19786
1.1707193
1.1329539
0.9931867
1.0808163
1.1106167
1.0797462
1.0849243
0.9668354
1.1608807
1.006776
1.0178779
1.0957842
1.0118704
1.0192887
1.029194
1.1134323
1.0060622
1.1001885
0.9902747
1.0485291
1.0168818
1.0697395
1.113366
0.9526529
1.1058764
1.0801167
1.0732857
1.1558809
1.1501858
1.1741769
1.2038862
1.0283545
1.0410192
0.9863329
1.0895169
1.1128831
1.04979
1.1463282
1.034275
1.0075718
1.0613239
1.032798
1.1565288
0.99750394
0.9469082
1.016275
0.9558312
0.9752506
0.91653436
0.97562957
1.040525
0.9929461
0.96985483
0.9746306
1.000891
0.88878024
0.97168297
1.0247301
1.0292796
0.9976671
0.85811484
0.8836285
0.87376916
1.0174978
1.0108051
0.8902436
1.1806531
0.9312843
0.9962446
1.0032247
0.9289066
1.0165174
0.973571
1.1041489
0.97058874
0.96986604
0.9359953
1.013086
0.9126435
0.84856254
0.92924553
0.9807793
0.92713153
1.2330934
1.0866754
0.9587796
1.0547602
0.95275253
0.9210993
0.94372267
0.97754055
0.86551696
0.97876966
0.8708388
0.938497
0.9388939
0.98349816
0.89489156
0.9323762
0.9441201
1.0439008
1.0087471
0.91937554
0.9051465
1.0083513
1.0583086
1.1774652
1.2350259
1.0300227
1.0111723
0.9512206
0.9121122
1.0162542
0.9822071
0.86002904
0.94189084
0.96859694
0.8283981
0.85076255
0.9644334
1.0538319
1.0033096
0.9357229
0.97066104
0.8410361
0.86954117
0.8225629
0.9401303
0.85369265
0.77382725
0.9320371
1.0909263
0.9341485
0.81836456
1.0117123
0.9127075
0.9990334
0.9380825
1.1035808
0.9303423
1.0913233
0.9325452
1.0546669
0.9086709
0.8876235
0.9425717
0.84166783
0.85723054
0.96363425
0.93933046
0.8218376
0.87925875
0.8437053
0.8909293
0.79822975
0.7369696
0.83785325
0.7802152
0.86276364
0.86024064
0.939166
0.9811958
0.8933057
0.85669005
0.8191031
0.876664
0.7927819
0.89361936
0.84028316
0.9695069
0.85576594
0.8651557
0.85512614
0.8077204
0.7741454
0.7584361
0.8026434
0.872731
0.9549685
0.9077889
0.9796527
0.86743295
0.8687479
0.86046535
0.92955613
0.9236702
1.0941557
1.0144731
1.0839468
0.904384
0.7815854
0.8624804
1.0118749
0.9304677
0.95813763
0.9202227
0.86258906
0.8037247
0.81089234
0.81226116
0.86096066
0.8177113
0.80907696
0.79807687
0.7620852
0.8036532
0.85010606
0.9367273
0.9124108
0.888649
0.8281202
0.950345
1.1818309
1.1997323
1.3595829
1.2929587
1.0294363
0.8801266
0.8913407
0.9537489
1.0257387
1.0540696
1.0030587
0.89063716
0.8074724
0.7681745
0.8551324
0.8709762
0.9705789
0.9332803
0.958971
0.8441534
0.83664805
0.8003832
0.83479464
0.8044642
0.7993857
0.7653805
0.76743484
0.79541314
0.91377187
0.9239289
0.87067634
0.75579625
0.75216156
0.7875716
0.7891159
0.75929713
0.7855189
0.7728763
0.7647017
0.7441766
0.6952854
0.76316655
0.8061291
0.89623064
0.8743383
0.87573576
0.8661271
0.79181546
0.70647043
0.6851051
0.80028206
0.80484563
0.7925106
0.72363096
0.72158104
0.71891993
0.7494976
0.7502933
0.7387999
0.7190332
0.7383708
0.7528252
0.7630987
0.73696566
0.7539296
0.736169
0.738342
0.7561137
0.80100757
0.81082106
0.79824525
0.75725746
0.77269334
0.7551092
0.7928193
0.85222894
0.88764536
0.86757135
0.7629276
0.73514354
0.7135643
0.74129266
0.77835715
0.81630963
0.86222726
0.83882594
0.8155781
0.7730107
0.7771453
0.77109224
0.74946743
0.70768034
0.7247587
0.7420655
0.7979085
0.78100705
0.8029674
0.8355069
0.8902611
0.8822831
0.80116266
0.74752736
0.70604223
0.6732051
0.6777678
0.6588433
0.64495903
0.66319615
0.6825713
0.64118844
0.6291704
0.7058588
0.6533626
0.6276102
0.6469656
0.6556301
0.6140145
0.65002185
0.6880582
0.7232912
0.78318316
0.7396658
0.8116177
0.8099746
0.8032624
0.79309994
0.8389848
0.756036
0.74557287
0.73748213
0.81188226
0.7953817
0.80358154
0.81990606
0.8431004
0.7451729
0.73443276
0.76517326
0.8039012
0.8571251
0.8785531
0.8503942
0.81072193
0.82940906
0.74808204
0.73945
0.7767726
0.85109645
0.79156303
0.7821057
0.79201907
0.77447015
0.6746106
0.7030826
0.75571346
0.8074105
0.81042355
0.84853035
0.7812334
0.74015
0.70866144
0.7380708
0.75920814
0.84262335
0.8696387
0.9094483
0.88720155
0.81391424
0.76706094
0.76474845
0.7558395
0.7951562
0.7807104
0.7760394
0.8316575
0.86183226
0.8365731
0.87993544
0.877051
0.7934703
0.7359534
0.652333
0.66189533
0.6431861
0.66552424
0.7196179
0.7556401
0.8478183
0.9357039
0.9829742
0.9814066
0.97579217
1.0098763
1.0042657
1.0031638
0.9400203
0.9169898
0.9459527
0.89660823
0.8530037
0.8375531
0.7939755
0.74307305
0.74229556
0.7675738
0.728396
0.72837096
0.7156957
0.69155777
0.69734555
0.6831948
0.7145219
0.71886146
0.6960764
0.6941014
0.69071734
0.71447784
0.72818923
0.7374146
0.7504119
0.7421273
0.73065466
0.7489118
0.7128583
0.76519555
0.77498496
0.7676343
0.77921015
0.7634745
0.7422422
0.7321175
0.72095984
0.74786764
0.7968568
0.7887208
0.8032491
0.8123183
0.78206307
0.7663174
0.77175575
0.75883603
0.740193
0.73948395
0.7499021
0.72372013
0.72811615
0.80068487
0.7713094
0.79124224
0.83034647
0.80331475
0.8154405
0.8547569
0.8316276
0.8602698
0.82026213
0.8119473
0.7979482
0.7903775
0.7888806
0.7888806
0.7888806
0.7888806
0.7888806
0.7888806
0.7888806
0.7888806
0.7888806
0.7888806
0.7888806
0.7888806
0.7888806
0.7888806
0.7888806
0.7888806
