149.12238
26.154665
15.490733
12.602928
11.231957
10.491205
9.942206
9.526948
9.225555
8.934937
8.69315
8.442508
8.28761
8.120993
7.8980803
7.723771
7.623844
7.4250484
7.269049
7.123764
6.9654865
6.8603473
6.7101336
6.609628
6.5017123
6.3583884
6.235351
6.1228385
6.01511
5.8786607
5.775279
5.6423364
5.5585055
5.473424
5.3488817
5.22043
5.152397
5.0749335
4.98778
4.896154
4.8028116
4.7051764
4.6298866
4.5085735
4.4269795
4.3378553
4.26874
4.1663427
4.0868206
4.0451603
3.9715354
3.8730335
3.8520067
3.7355897
3.6749542
3.6009147
3.5393813
3.4554808
3.406934
3.36392
3.267246
3.228402
3.1733327
3.1079981
3.0606122
2.9821548
2.962414
2.9013088
2.8406606
2.7800188
2.7367024
2.720764
2.6824586
2.6171687
2.5790672
2.5350204
2.4878953
2.4682057
2.4125776
2.3777683
2.3330903
2.3164282
2.2761436
2.2333539
2.210053
2.1826587
2.1309023
2.1276536
2.0766006
2.0504112
2.0425766
2.0046015
1.9764545
1.9598978
1.9463989
1.8895696
1.8836832
1.8695685
1.8484092
1.8351381
1.7968502
1.7979281
1.7702718
1.7604914
1.7377703
1.7088746
1.7006623
1.6804882
1.6711166
1.6501195
1.6326
1.6369326
1.6315778
1.592244
1.5960937
1.5803266
1.5615314
1.5642478
1.5655615
1.5594566
1.5445474
1.5245677
1.5376424
1.5343504
1.524227
1.4955853
1.5242732
1.5059766
1.495104
1.4857161
1.4915404
1.4779735
1.4895701
1.4596518
1.4573274
1.4721698
1.4519643
1.4783711
1.4529139
1.4669154
1.4571084
1.4546549
1.4531981
1.4803382
1.4744115
1.4489356
1.5023242
1.4618286
1.4879148
1.4726113
1.4750499
1.4733
1.4798728
1.4622284
1.4831347
1.4951769
1.4906074
1.5087056
1.4843465
1.4826272
1.5204122
1.5001361
1.5079528
1.5327847
1.5297875
1.5334704
1.5278593
1.5464572
1.5408893
1.5486548
1.5479453
1.552489
1.5834057
1.5663869
1.5675929
1.5800501
1.582034
1.5940535
1.6080542
1.610004
1.6100094
1.629407
1.6228611
1.630747
1.6594363
1.6435093
1.6555979
1.657084
1.6489055
1.6804261
1.6891949
1.6778494
1.6858854
1.6953417
1.6933703
1.697894
1.7055471
1.714735
1.7360334
1.7115035
1.7297816
1.7355793
1.7361698
1.738136
1.7487379
1.7670676
1.7548078
1.7869056
1.786046
1.7662647
1.7770739
1.788406
1.7847904
1.8040291
1.8168213
1.7922207
1.8064597
1.8347205
1.8061507
1.8019046
1.8567804
1.8344961
1.8179387
1.8111196
1.8249413
1.8306963
1.851983
1.8452729
1.8375273
1.8227938
1.8293501
1.8449087
1.8502803
1.8444097
1.8183633
1.8491911
1.8281331
1.8363678
1.8253905
1.8482459
1.8220673
1.8193994
1.8389086
1.8340691
1.8229371
1.8234235
1.8248049
1.8208742
1.8298529
1.8006512
1.8028885
1.8200417
1.8125879
1.802049
1.8028419
1.797801
1.79142
1.7845187
1.7653518
1.7707958
1.7407227
1.7534496
1.7652556
1.75551
1.7679971
1.7508255
1.7403576
1.731856
1.7228266
1.7101572
1.7103893
1.6915439
1.6864226
1.6778436
1.6600289
1.6715459
1.6610382
1.6407032
1.6449165
1.6428818
1.6050103
1.6172216
1.6016223
1.6094848
1.5869166
1.5717313
1.5708028
1.5437295
1.5544195
1.5311918
1.527719
1.5126989
1.4970989
1.4822311
1.4789006
1.4642338
1.4556227
1.4408581
1.4357094
1.4374716
1.4070649
1.40247
1.3769712
1.3710994
1.3702828
1.3482995
1.3448073
1.3272516
1.3186655
1.3066812
1.2920495
1.2846751
1.2690327
1.2643557
1.231335
1.2330884
1.2304596
1.2005707
1.1873598
1.1895465
1.1741966
1.1418011
1.1491885
1.1276045
1.124058
1.1167332
1.1021918
1.0868039
1.0865998
1.0617136
1.0574961
1.0500267
1.0206764
1.0256778
1.0099938
1.0089362
0.99404484
0.9801144
0.9580584
0.95554495
0.9409506
0.93376285
0.9146187
0.9050272
0.9023726
0.8878778
0.88724625
0.8639316
0.8610691
0.8409237
0.84354025
0.8232281
0.8107307
0.8033025
0.7868157
0.7745571
0.7761801
0.771086
0.7642089
0.7548504
0.7428389
0.7298367
0.728053
0.71701837
0.69902307
0.69850624
0.6955521
0.67816883
0.67691153
0.6677756
0.666669
0.65144163
0.6386612
0.64143986
0.6238865
0.6267008
0.6070482
0.60762733
0.5900572
0.59001166
0.58320147
0.5792999
0.5870295
0.5693148
0.5428133
0.56235915
0.55285585
0.5389508
0.53898025
0.5302161
0.5249669
0.51141316
0.5158726
0.4987338
0.50662005
0.4956665
0.49073872
0.47648367
0.4813291
0.46976855
0.46769136
0.46684533
0.46242344
0.45425296
0.4468207
0.45350772
0.43680322
0.43686226
0.44841778
0.42644897
0.4272394
0.4148742
0.4222673
0.41986766
0.4117055
0.39943922
0.3937181
0.40367714
0.4055321
0.38923448
0.37912324
0.39026916
0.3879614
0.38701493
0.38431516
0.37714425
0.3785907
0.36776257
0.3664546
0.36945558
0.36763003
0.35408032
0.36463538
0.3580703
0.36122465
0.34640175
0.34683177
0.34501314
0.3427421
0.33972052
0.33607182
0.33397487
0.3357174
0.32893282
0.3332283
0.33269727
0.32916635
0.32422438
0.3253566
0.32658035
0.31461218
0.32570276
0.31181905
0.31297946
0.32003394
0.31120673
0.306183
0.3128101
0.3080562
0.3150888
0.30280155
0.30503517
0.30439365
0.30164474
0.29477376
0.28927588
0.29053628
0.29154244
0.2952178
0.29036665
0.27917475
0.28933442
0.28782108
0.28399047
0.28429064
0.287843
0.27965552
0.2782238
0.27678037
0.2780667
0.2796334
0.27360377
0.2655048
0.2748311
0.27045044
0.27095875
0.2672214
0.2681962
0.25936422
0.26641843
0.27075577
0.26061976
0.26524648
0.2566372
0.25493348
0.2554971
0.2643973
0.261166
0.24947022
0.25388026
0.25330603
0.2526397
0.25706998
0.25052887
0.2429507
0.24834546
0.24520795
0.24018447
0.24601401
0.24187449
0.2409199
0.24696986
0.24631254
0.24705699
0.23927327
0.228974
0.24018224
0.24286585
0.23404357
0.23463504
0.23328753
0.23167707
0.23158999
0.23597537
0.23110312
0.22480497
0.22625916
0.22525772
0.22393902
0.22416498
0.22842959
0.22366346
0.21655165
0.22872461
0.21631978
0.21932568
0.2217717
0.21546008
0.21996135
0.2167492
0.2196017
0.21527056
0.21348293
0.21586189
0.21139237
0.210081
0.21069652
0.203456
0.2125702
0.21270347
0.213438
0.20477249
0.20616497
0.20908594
0.199594
0.20655498
0.2003196
0.19788416
0.20039286
0.20252681
0.20176753
0.20221108
0.20103024
0.1999112
0.1983406
0.19822071
0.19435017
0.1962002
0.1939038
0.19658011
0.1931824
0.19168131
0.19067661
0.1848245
0.19432034
0.18607087
0.18747227
0.18322173
0.18755463
0.18070942
0.1779305
0.1827051
0.18938754
0.17614931
0.17986573
0.18588103
0.17916754
0.17649612
0.17635176
0.17638409
0.18108872
0.17669776
0.17492656
0.17213899
0.17161062
0.16896972
0.17165798
0.17120709
0.16534191
0.16872017
0.16427492
0.17057014
0.17039579
0.15919913
0.16506186
0.16333076
0.16057916
0.15820108
0.16392781
0.15869798
0.15569192
0.16364112
0.15705056
0.1549745
0.16126817
0.15794662
0.15047833
0.15471064
0.149636
0.15338984
0.15579621
0.15042281
0.14745188
0.14746541
0.14888743
0.14567812
0.15120305
0.14280237
0.15160735
0.13835512
0.14154762
0.14283162
0.14610186
0.14270872
0.14013903
0.14235473
0.14155975
0.14041129
0.13936715
0.1350825
0.13593757
0.13902025
0.1392135
0.13504738
0.13691866
0.1332528
0.13465704
0.13512243
0.13744824
0.13183603
0.12927121
0.12853204
0.1277004
0.12729663
0.1264271
0.12766206
0.12614372
0.12488765
0.12764515
0.1293797
0.12746145
0.12216864
0.121605285
0.120578475
0.11995184
0.115279384
0.12046763
0.1167181
0.11939686
0.11526959
0.11419903
0.1179803
0.115897335
0.113700286
0.11505299
0.114730485
0.11426436
0.10893934
0.115113236
0.110730276
0.1068985
0.106007405
0.10943974
0.11334185
0.110261805
0.110233895
0.112239756
0.10546228
0.10466083
0.102059506
0.10291388
0.10664014
0.102916375
0.1051851
0.101917766
0.10579014
0.106372125
0.099734865
0.099521354
0.09937675
0.10189008
0.10203317
0.099084996
0.10177822
0.100601785
0.09337871
0.098387025
0.09411725
0.09561516
0.09478291
0.090971865
0.09257353
0.09292914
0.09439887
0.09435131
0.09105447
0.093081094
0.09206434
0.089767404
0.08914915
0.09114196
0.09142709
0.09105399
0.08833438
0.09292053
0.08781205
0.09362146
0.084200375
0.08611291
0.086376585
0.090329416
0.08574865
0.08498841
0.08778176
0.08374829
0.083352216
0.08112227
0.09251592
0.083413675
0.08134021
0.0768834
0.0864547
0.08138672
0.0857767
0.081248745
0.08287921
0.08830991
0.07753135
0.08011108
0.08011647
0.07744808
0.07698778
0.08246632
0.07748887
0.07824663
0.07504404
0.08099883
0.07509165
0.077386156
0.07732686
0.07670117
0.07592442
0.07313628
0.073728286
0.07659387
0.07863308
0.07688659
0.07819408
0.07803502
0.070664726
0.07030517
0.073854424
0.072074264
0.07537443
0.06867307
0.07229559
0.07377243
0.07437423
0.07164176
0.07485974
0.07231814
0.070411906
0.070538394
0.06934508
0.06956631
0.07152185
0.070041746
0.06933963
0.06459837
0.071117505
0.06719634
0.07140944
0.072132945
0.066254474
0.06919113
0.069512844
0.06828669
0.06796347
0.06836474
0.06972154
0.06821418
0.062407117
0.071331084
0.063695155
0.068196245
0.06569463
0.06821966
0.062779166
0.06309842
0.06605576
0.06269197
0.0631174
0.06528723
0.066787384
0.062365446
0.06430869
0.062277537
0.06601731
0.06256022
0.066310324
0.062151793
0.062985614
0.064002536
0.059826016
0.059875946
0.06502561
0.06091599
0.06109351
0.06328792
0.063204974
0.06204516
0.05889902
0.059062447
0.060288534
0.06431488
0.06405172
0.057685457
0.062003013
0.0616212
0.061070282
0.060468376
0.05884955
0.054723546
0.057874102
0.06258207
0.06003112
0.058943283
0.057145596
0.059705507
0.06037446
0.05888174
0.05912766
0.057628084
0.057249326
0.05827458
0.058850277
0.062060364
0.05852651
0.06058928
0.056099713
0.056396797
0.056345206
0.05622259
0.05768728
0.0513321
0.057108916
0.055928946
0.05637944
0.0560996
0.058187097
0.056875948
0.055735886
0.05605899
0.053729035
0.055157423
0.057745248
0.054619536
0.05476748
0.054628715
0.055439174
0.052028548
0.053286124
0.056463998
0.0551412
0.05570121
0.053410362
0.05479651
0.053657416
0.054684386
0.055661514
0.050853413
0.053338766
0.053164568
0.052932728
0.05025545
0.053527396
0.052927166
0.050494496
0.05215699
0.054936115
0.050671317
0.051794447
0.05342173
0.05484843
0.053048853
0.05102728
0.051431593
0.052179147
0.050988294
0.050980736
0.053937994
0.0522753
0.048919134
0.054768935
0.050273325
0.051667187
0.05279436
0.05000001
0.04754025
0.05114412
0.04921331
0.053228278
0.050431598
0.050109107
0.049221363
0.049011774
0.0458435
0.05053745
0.048364595
0.051205352
0.049987275
0.04962567
0.043978963
0.05056292
0.047732487
0.04763726
0.05104197
0.04590058
0.047776174
0.046542417
0.050674584
0.04595002
0.05336061
0.04665881
0.046445284
0.048062343
0.046566702
0.045813028
0.04862556
0.049231965
0.048963226
0.044682607
0.050131977
0.045855213
0.046660524
0.050253406
0.04623623
0.04709492
0.04382774
0.045496456
0.045402866
0.049360413
0.047357548
0.04685576
0.049646676
0.04231862
0.045115545
0.049697522
0.04459532
0.044431012
0.043843124
0.045730636
0.044839133
0.044053204
0.041631084
0.04371884
0.045644723
0.045448314
0.045030266
0.04267604
0.044622615
0.046379723
0.04371661
0.04341149
0.045732375
0.042846818
0.043681446
0.04372079
0.04642821
0.04656339
0.042478666
0.04044435
0.040704258
0.04200526
0.043095753
0.045988966
0.04137771
0.041175492
0.04452455
0.041521944
0.040838614
0.044315394
0.042859986
0.039766
0.041415542
0.041628238
0.04491993
0.03971665
0.04174588
0.04229495
0.041983172
0.041836847
0.039049186
0.040455937
0.046554904
0.041262172
0.03960599
0.041680798
0.04219794
0.039724045
0.042184744
0.041325223
0.044819016
0.040687058
0.043531153
0.037921432
0.038905222
0.039165594
0.038790025
0.037537914
0.039800636
0.037993558
0.04275155
0.041861173
0.03950423
0.041009877
0.038188826
0.037836567
0.040548168
0.040575612
0.041275702
0.038620654
0.044094753
0.039771147
0.03910747
0.04217469
0.0386673
0.037404355
0.0383611
0.038859304
0.040424462
0.039881535
0.03696682
0.03923475
0.040741075
0.03808092
0.035060268
0.037086967
0.03870924
0.039707974
0.037084945
0.039092463
0.038785927
0.038654484
0.036843967
0.03689707
0.038713947
0.038764525
0.038342383
0.03931994
0.035163973
0.036470454
0.03715956
0.034925405
0.035268616
0.03781889
0.036889933
0.03836196
0.03470118
0.03939435
0.037380617
0.03720219
0.037864946
0.04215572
0.037238277
0.038675312
0.03777351
0.03720383
0.03796701
0.03451588
0.036197256
0.036594886
0.035207488
0.036052335
0.035009876
0.036128454
0.037147682
0.035618663
0.03567198
0.03613116
0.037050348
0.037955552
0.035097912
0.03746904
0.03759629
0.03692686
0.036627144
0.03802831
0.03381022
0.03511155
0.035630196
0.0348009
0.044680946
0.03657705
0.036297753
0.036071528
0.03644444
0.035072207
0.035243884
0.033670828
0.036233343
0.03548591
0.030030338
0.03783548
0.03491129
0.03332253
0.034945883
0.036495257
0.033034787
0.036300838
0.032138042
0.032204263
0.035207096
0.033536766
0.035755057
0.032886237
0.03503594
0.032633483
0.03370075
0.034170005
0.03424016
0.03511925
0.03476412
0.03681268
0.033439286
0.03467883
0.03146769
0.03482033
0.032551385
0.036357727
0.034948986
0.034998555
0.033164207
0.036157623
0.033259194
0.030132666
0.032667223
0.033505064
0.03447222
0.032897074
0.032441888
0.03250727
0.032856837
0.032429382
0.03209931
0.03362886
0.03281494
0.03143746
0.0321551
0.030632367
0.03274859
0.033390995
0.033001646
0.03450868
0.031302772
0.03211153
0.031395566
0.032419898
0.033315353
0.032189842
0.034101717
0.032327216
0.036191076
0.03314659
0.029364565
0.03210965
0.032078046
0.032195374
0.033385813
0.031928748
0.032997493
0.03185023
0.031867296
0.028511254
0.032005474
0.03340578
0.034887377
0.029553924
0.029517971
0.033323035
0.031255737
0.030874064
0.032087628
0.030903943
0.029998071
0.031378143
0.031852935
0.03442778
0.031725813
0.03195254
0.03264821
0.031346817
0.029547002
0.02989281
0.030170554
0.03086054
0.031132607
0.031346656
0.028616734
0.031305153
0.030993212
0.031062117
0.031625226
0.031437073
0.030006593
0.030396469
0.033556208
0.028022464
0.027093211
0.031362653
0.03017486
0.030108131
0.03173184
0.029169176
0.03241634
0.029932441
0.033748776
0.032257047
0.03016676
0.03182799
0.034552436
0.02922929
0.029499851
0.029162185
0.031480826
0.030788062
0.028479666
0.029131778
0.030680943
0.027976358
0.029322902
0.03451764
0.031065114
0.029571135
0.031080196
0.03211784
0.030085746
0.027463008
0.030380474
0.030568171
0.03008894
0.033228092
0.029583765
0.02686818
0.030786838
0.029789852
0.027910667
0.0305146
0.029612979
0.027359994
0.028446829
0.029577807
0.0288076
0.031965412
0.026792362
0.030290421
0.029049778
0.028838752
0.028587906
0.03071998
0.029983187
0.026971273
0.029696831
0.027764583
0.026222479
0.029704506
0.029096045
0.026553921
0.02734723
0.027130598
0.027443042
0.028795986
0.031195262
0.028649518
0.02831699
0.027570855
0.02764284
0.02800981
0.02813734
0.026764447
0.027973557
0.028082944
0.025671128
0.035737023
0.025797654
0.025894362
0.028467348
0.02757596
0.02971105
0.027294572
0.02740547
0.026903465
0.027095906
0.029099094
0.02874563
0.030919526
0.026612857
0.02753436
0.028095366
0.028154587
0.02682268
0.02641049
0.027309794
0.027423734
0.027409853
0.027916333
0.025745291
0.025417518
0.029355122
0.028041288
0.026393892
0.029465914
0.02665039
0.027444126
0.026737208
0.027043791
0.029365307
0.026701197
0.027578946
0.02721193
0.024839418
0.028616529
0.02692893
0.02665961
0.025937675
0.028912582
0.027947415
0.026149463
0.025980266
0.02611132
0.025274275
0.027708031
0.025948456
0.025645703
0.027137814
0.024753692
0.026281044
0.025768463
0.029123679
0.028547104
0.025033163
0.027752154
0.025748054
0.027711734
0.026127748
0.023002015
0.025383355
0.022672536
0.027001984
0.028790815
0.02811978
0.028491812
0.027049484
0.028124392
0.026700927
0.03022644
0.025465587
0.0262649
0.026787166
0.026733337
0.026047317
0.025769906
0.02500873
0.027869837
0.026757864
0.026599815
0.029176643
0.026933083
0.027547497
0.031812932
0.026093973
0.02560033
0.025561795
0.024674848
0.024925206
0.026191993
0.025883647
0.02419351
0.0259928
0.029654358
0.026264515
0.02662454
0.025283135
0.024443693
0.023952497
0.025722677
0.024806997
0.024121923
0.02567199
0.025440605
0.023131546
0.024034206
0.027066795
0.024766441
0.024891142
0.024423406
0.02484679
0.023930207
0.023654327
0.025869763
0.023570124
0.025896175
0.025944473
0.02892622
0.024451518
0.02580881
0.024256323
0.024054557
0.026073277
0.025422102
0.024511952
0.025399966
0.024923904
0.025234073
0.025408361
0.023855688
0.022723267
0.025108438
0.02340243
0.024316125
0.024243774
0.023158427
0.02370361
0.026489351
0.023304904
0.024148298
0.023522548
0.023842406
0.024346683
0.023980713
0.024131792
0.026814558
0.024333412
0.02382326
0.023057884
0.023114307
0.024135817
0.023139443
0.023781402
0.026786536
0.023834411
0.023323769
0.023725994
0.024411505
0.024584305
0.023037704
0.023396378
0.023118822
0.023868911
0.02469654
0.021846253
0.021365821
0.02325789
0.022054538
0.023321232
0.027060734
0.023397572
0.021621201
0.022204662
0.023037458
0.023653887
0.022803701
0.022234274
0.02250292
0.022050275
0.023492794
0.026274722
0.023592988
0.022124102
0.022116905
0.02315977
0.025266068
0.023479365
0.023536043
0.02332592
0.024641842
0.022578131
0.021884616
0.022628153
0.022532903
0.022994125
0.023946764
0.023462217
0.023285447
0.023997815
0.028984826
0.02468268
0.023797406
0.025988372
0.023446396
0.023736587
0.023964275
0.024961878
0.023884295
0.022542108
0.022482263
0.023706006
0.024295582
0.023999386
0.025187392
0.023537474
0.022423593
0.022376357
0.022806605
0.023529073
0.023126373
0.023300469
0.022308003
0.022190696
0.023409689
0.025203522
0.023494828
0.02329363
0.024601396
0.022875497
0.022196408
0.022621078
0.02320692
0.024126168
0.022714892
0.02302827
0.025067985
0.022950755
0.022306936
0.023087494
0.025502816
0.02419978
0.024975393
0.023139276
0.023155807
0.025026808
0.02314146
0.022631837
0.02349929
0.02208883
0.021378303
0.020825852
0.021470103
0.022382148
0.024105333
0.02166436
0.02095482
0.020534918
0.021270467
0.021676851
0.022251453
0.022716913
0.022457127
0.022256894
0.02209628
0.021495247
0.021948492
0.02156994
0.021994606
0.023233715
0.025936766
0.023079041
0.021760045
0.021752868
0.021660807
0.021271404
0.021322517
0.020259447
0.019873677
0.019852895
0.020320954
0.020586463
0.02129682
0.022311091
0.022960572
0.02169698
0.021365363
0.021130556
0.021846397
0.020652289
0.020687327
0.021360643
0.022702707
0.022492288
0.021106834
0.020336019
0.020085493
0.02136015
0.021438397
0.022349177
0.022050742
0.022325119
0.021389231
0.021300232
0.020391036
0.019938137
0.020099072
0.020443482
0.020717742
0.02044433
0.021344014
0.022665875
0.023413599
0.02415905
0.021373728
0.021328298
0.024025518
0.021167655
0.020064088
0.020535845
0.021302836
0.02110084
0.021105494
0.020237906
0.020225774
0.020494122
0.0209056
0.022051716
0.022397133
0.021781469
0.021039791
0.02065935
0.020722745
0.01983002
0.01918075
0.019823065
0.02013765
0.020585964
0.02009691
0.019983605
0.019828003
0.020170024
0.020505179
0.020473976
0.020722473
0.0204306
0.019458896
0.01890453
0.019417914
0.021073492
0.021442948
0.021470683
0.02083515
0.020666914
0.020841176
0.0198516
0.019185761
0.018326212
0.019165901
0.019484906
0.019302212
0.019178959
0.019374425
0.020212838
0.020451644
0.01972947
0.018699797
0.018777495
0.020133838
0.020489706
0.019482045
0.018723436
0.01842762
0.018976454
0.018874655
0.01977882
0.01981063
0.020229565
0.019727938
0.020798555
0.020201338
0.019918796
0.019010477
0.020274213
0.02067661
0.020017602
0.019237902
0.018804288
0.01972279
0.019613676
0.020496896
0.020083982
0.020241827
0.019175522
0.019675694
0.0198546
0.020110613
0.019466
0.019311747
0.019956872
0.02008775
0.020493438
0.020776575
0.020600552
0.02055384
0.020428555
0.020279454
0.019826176
0.019474177
0.019989321
0.02022086
0.020304373
0.019933999
0.01983688
0.020096496
0.02033896
0.01993507
0.01949109
0.01962514
0.019650534
0.019552127
0.018743275
0.018784797
0.018232746
0.018401638
0.018499501
0.018388992
0.019262595
0.019288454
0.019871302
0.020071996
0.019050358
0.019677918
0.019224629
0.019185409
0.018441062
0.01810867
0.018580636
0.018479183
0.018574612
0.019133553
0.018677218
0.018504152
0.018191656
0.019413479
0.019095682
0.01896909
0.018993838
0.019835852
0.02220767
0.02580878
0.020606512
0.018912748
0.019086942
0.020324359
0.020372061
0.020591611
0.02032587
0.020286608
0.020228693
0.01995164
0.019389875
0.02004689
0.019400645
0.018915
0.01758652
0.017374909
0.017953778
0.017984087
0.018396843
0.018697996
0.018876081
0.019227248
0.0183447
0.018346144
0.018248973
0.018562421
0.018996056
0.018420953
0.018832168
0.01915439
0.01959114
0.018809576
0.018551622
0.018978871
0.019301184
0.01823243
0.017884618
0.018926859
0.019556478
0.019479297
0.018175054
0.018850885
0.019486
0.020161008
0.019308807
0.019132186
0.01934225
0.019364957
0.01884631
0.017993951
0.017990813
0.01743782
0.017677734
0.01733512
0.017999891
0.018565673
0.018586159
0.017777296
0.016745713
0.017304266
0.017799161
0.017887061
0.017800262
0.017574456
0.016909363
0.016752327
0.01838314
0.0191797
0.020010155
0.017970376
0.017124686
0.016473833
0.016994148
0.018012928
0.017514
0.018719517
0.018646918
0.018449156
0.017002506
0.016582089
0.01673019
0.018445408
0.018948149
0.019648923
0.018097606
0.018203285
0.01713903
0.017776856
0.017701963
0.017737368
0.016982116
0.016567754
0.016589405
0.017417213
0.017295873
0.017743152
0.017695634
0.01797343
0.017821722
0.017508933
0.016678946
0.016930332
0.016890243
0.017936593
0.017993933
0.018193128
0.017319478
0.016750531
0.016176712
0.016015293
0.016607689
0.017142514
0.017236114
0.016974552
0.016393224
0.017238935
0.017027367
0.018087137
0.018647242
0.018978762
0.018759739
0.01771249
0.018221451
0.017639162
0.018358437
0.018075533
0.018532168
0.017476313
0.017387865
0.01695458
0.017714942
0.017048022
0.017621856
0.01732943
0.017607944
0.016583873
0.016479958
0.01730058
0.017398354
0.017311724
0.01601081
0.015978865
0.016738392
0.017107738
0.017275617
0.01724409
0.017866563
0.017600715
0.018173952
0.0179662
0.01814147
0.017299822
0.017515762
0.017392699
0.018082732
0.017711526
0.017860893
0.017232152
0.01715704
0.017231165
0.01750682
0.017730478
0.017306933
0.016607493
0.016302004
0.016720166
0.01715396
0.017925877
0.018317286
0.017753575
0.016485792
0.017017076
0.016987074
0.018228482
0.01740188
0.017376808
0.016221007
0.01600656
0.016534928
0.017284023
0.016483953
0.016933717
0.016512379
0.017169984
0.018399036
0.018247427
0.018757565
0.017601307
0.01786785
0.01785624
0.01768546
0.018226525
0.01792377
0.01708428
0.01619934
0.016669832
0.017546836
0.017169101
0.017072236
0.016585844
0.017546505
0.01714329
0.016256575
0.015924064
0.015239438
0.015395102
0.0153759355
0.016406523
0.016477184
0.016907431
0.016640186
0.017855378
0.017725065
0.018028582
0.017723149
0.017696824
0.017945794
0.017838314
0.018148368
0.018056622
0.01757008
0.017236674
0.017571194
0.017443024
0.017578088
0.016904298
0.016931737
0.016328365
0.01599632
0.016339272
0.016811196
0.016645724
0.016971072
0.017315619
0.017865257
0.017609706
0.016537566
0.0163711
0.015573611
0.016005358
0.014643141
0.015428604
0.015050746
0.016812727
0.017023748
0.017282384
0.017158503
0.016555676
0.015943957
0.01612131
0.016371137
0.016539758
0.015978314
0.016041422
0.016550079
0.015857475
0.015875697
0.016381007
0.016950155
0.016926361
0.01615419
0.016568303
0.015591239
0.016249355
0.015942173
0.016236061
0.015443035
0.015548911
0.015578219
0.01694522
0.017966066
0.018339746
0.017457053
0.016058248
0.016141364
0.016700784
0.017189018
0.017320566
0.016171003
0.018151008
0.018931083
0.018902099
0.017251201
0.016522922
0.01730365
0.016835256
0.017562771
0.017335285
0.016851207
0.015808484
0.015601336
0.015593243
0.015661322
0.015632467
0.018268172
0.018704996
0.019667106
0.017504709
0.017159788
0.0164334
0.016156385
0.016517919
0.016778264
0.016750004
0.015795685
0.0150995795
0.01507968
0.01526768
0.01588793
0.016122386
0.016939916
0.0164578
0.018204486
0.01739378
0.017370122
0.015461989
0.015424559
0.015424788
0.015262472
0.017010616
0.017505996
0.017310707
0.015825098
0.016649978
0.017671335
0.017480843
0.016957361
0.016468056
0.016886858
0.01629234
0.0164232
0.016054371
0.01585949
0.015839225
0.015751133
0.015911702
0.016412932
0.016510354
0.016010894
0.015945438
0.01550177
0.016289128
0.016210102
0.0167332
0.016163398
0.01538207
0.015776303
0.015624064
0.015343278
0.015520202
0.016157601
0.016585032
0.016121
0.015734863
0.015613153
0.015031299
0.01534795
0.014805106
0.015367059
0.014186515
0.014832682
0.014166603
0.015338471
0.014434586
0.015610231
0.014575656
0.015065081
0.014095781
0.0150581915
0.014953889
0.015842212
0.015946578
0.016137918
0.016029853
0.01564706
0.015851244
0.015251318
0.015109807
0.014902077
0.0150081385
0.015164248
0.015838878
0.014998553
0.0148743745
0.014606591
0.014544067
0.014421792
0.014385148
0.015389195
0.015709272
0.016196018
0.016360562
0.016740108
0.016833916
0.016390774
0.016443841
0.0152539695
0.01535223
0.015112999
0.015486815
0.015329444
0.014119121
0.014279932
0.014135264
0.0156351
0.015440409
0.016470706
0.01591088
0.016290134
0.015240283
0.014858513
0.0147163635
0.016407255
0.017079962
0.017021524
0.015708318
0.015662005
0.015287395
0.015013626
0.014334846
0.016636685
0.017086642
0.017688751
0.015225071
0.014697305
0.014609218
0.014796628
0.0153675955
0.015575651
0.016173737
0.016754843
0.015852125
0.015944503
0.015425005
0.015999617
0.016183907
0.015790775
0.015933674
0.014797293
0.014838291
0.015655497
0.015631532
0.015807958
0.01512038
0.016113281
0.015223174
0.015171494
0.015008468
0.01654212
0.016561635
0.016708909
0.015959743
0.015420121
0.015167634
0.015078959
0.015351729
0.015063216
0.0150437085
0.015992591
0.016679138
0.016570197
0.016728645
0.015814384
0.015243512
0.014064384
0.014903618
0.015380439
0.016305113
0.015679367
0.016005605
0.0148780495
0.015057575
0.01582639
0.016804295
0.01718207
0.01671496
0.01640327
0.01614672
0.01648263
0.016548604
0.01731237
0.017064735
0.017114747
0.016352799
0.016062414
0.015868057
0.015816204
0.016863897
0.017133392
0.016451197
0.015103856
0.014575541
0.016413497
0.016920127
0.016609522
0.01586797
0.014876841
0.015964707
0.015076251
0.016535575
0.016684577
0.017742684
0.016767627
0.016157597
0.016019218
0.015831226
0.015957514
0.015294873
0.015974706
0.016691906
0.016940555
0.017080454
0.015683202
0.015723912
0.014550012
0.015833966
0.016138854
0.018450832
0.01728139
0.016923482
0.01708387
0.01786655
0.017715871
0.0156204775
0.015335111
0.016143873
0.016078576
0.016119309
0.016385889
0.01674938
0.01806032
0.016895197
0.017916579
0.016676696
0.019331954
0.019127145
0.017937856
0.017236242
0.017591892
0.018448466
0.017424908
0.016495641
0.016605409
0.015778227
0.016219415
0.016392097
0.017289061
0.017229993
0.016787488
0.01648468
0.01596147
0.016398031
0.016179161
0.016270164
0.01690408
0.016141528
0.016768647
0.015822379
0.016509196
0.015283631
0.015496854
0.015400904
0.015750868
0.0150562115
0.014962177
0.01653978
0.016745297
0.017411558
0.01603679
0.015994307
0.015382147
0.014934557
0.014885823
0.015193369
0.015383065
0.015020453
0.014541808
0.014128569
0.016359458
0.016859474
0.017936155
0.01677086
0.016061166
0.015562303
0.014381588
0.014220114
0.014545356
0.015373708
0.015904251
0.015318734
0.014872811
0.014810143
0.015218163
0.015670627
0.015435685
0.015778324
0.01660392
0.01665601
0.01588096
0.016472703
0.017342515
0.018267695
0.016900413
0.01563972
0.015402314
0.016529337
0.016875833
0.016151763
0.015425461
0.015513717
0.015941793
0.01563595
0.015552345
0.015220546
0.01462175
0.013949836
0.013744071
0.013915775
0.014521943
0.014783447
0.015172196
0.014899137
0.015495195
0.014736508
0.015120501
0.015381757
0.015816102
0.016417734
0.016280543
0.015628366
0.015359796
0.0156201925
0.01658223
0.016415404
0.015346182
0.014782588
0.014267241
0.01379675
0.013790582
0.014154362
0.014758357
0.014935787
0.014897636
0.014187035
0.01479228
0.015700761
0.016146488
0.016556494
0.01576312
0.015302344
0.014578321
0.014794302
0.015907405
0.015661169
0.015680186
0.014627395
0.014823147
0.015045196
0.015820751
0.015197722
0.014576217
0.014676344
0.014986817
0.01520059
0.015374776
0.016100572
0.016429633
0.015790917
0.015241803
0.014420381
0.014890717
0.015346503
0.015825888
0.015886044
0.018135313
0.017494757
0.01688401
0.013646941
0.01491869
0.01383956
0.014574919
0.01424379
0.015645433
0.015442154
0.015495067
0.014645249
0.015009746
0.0152035905
0.01614463
0.015505466
0.014661322
0.014430897
0.014655204
0.015483373
0.015885705
0.015635077
0.016231054
0.016185172
0.017095488
0.017025346
0.017662153
0.017244803
0.017343162
0.017641667
0.017627705
0.016706679
0.015598007
0.016460892
0.016540045
0.016952109
0.018114088
0.018242445
0.01865948
0.016772643
0.016930763
0.01680769
0.016805967
0.016275827
0.01586202
0.016802188
0.019673755
0.019422896
0.019658588
0.01750473
0.017970452
0.01743147
0.017922822
0.018228035
0.018306993
0.017645212
0.018553158
0.018547118
0.018923216
0.01814344
0.017826686
0.01796746
0.018450731
0.019732472
0.020110535
0.019765815
0.018822215
0.018989947
0.01950516
0.019492911
0.019809045
0.019680692
0.020073557
0.019239102
0.019879451
0.020352447
0.020338276
0.020569086
0.021607516
0.022473056
0.023608403
0.021777898
0.020739118
0.019590275
0.020824207
0.021323256
0.02117812
0.02143438
0.022518028
0.023273923
0.023196347
0.02493893
0.024952602
0.025306493
0.02399836
0.022782769
0.022212263
0.021803323
0.022563657
0.02216247
0.022535723
0.021836294
0.02157598
0.019946285
0.020878004
0.019512882
0.019216014
0.018846354
0.01944196
0.019410769
0.018632025
0.01820723
0.018681316
0.017942194
0.019476626
0.02009131
0.020126063
0.018620396
0.017063854
0.017538575
0.018805886
0.019625966
0.019201158
0.018163217
0.018168911
0.018109672
0.019009108
0.018491471
0.018926593
0.018028168
0.017612485
0.016767312
0.017711595
0.017814506
0.017915377
0.016389217
0.015549773
0.015664298
0.016032593
0.017338624
0.017300613
0.017917985
0.016867358
0.016609395
0.015501766
0.0162128
0.016355287
0.01698789
0.016335486
0.016416581
0.015784098
0.015695993
0.015125322
0.015309557
0.0153282
0.015559962
0.015831439
0.016118137
0.01589485
0.015473519
0.015425799
0.016027851
0.016974932
0.016690107
0.016503794
0.015800767
0.017059876
0.016442336
0.01731755
0.016478384
0.016450036
0.015932847
0.015356147
0.01673303
0.016733622
0.017255927
0.016253559
0.01590679
0.015218702
0.014906175
0.015088009
0.0154070305
0.01495651
0.0147135295
0.014275628
0.014486915
0.013960247
0.013326981
0.01294309
0.012238247
0.012485794
0.012651354
0.012844846
0.012822818
0.012952538
0.013363869
0.014000013
0.014043842
0.0129247075
0.012428178
0.012279504
0.012397815
0.012044092
0.012646967
0.012887655
0.013045319
0.014010264
0.014232239
0.014057771
0.012720718
0.012566586
0.012582537
0.013764167
0.014099942
0.014204551
0.0145222815
0.014492288
0.0147090405
0.013454643
0.014682805
0.0148974955
0.015353831
0.014609192
0.013958998
0.013805464
0.013440483
0.014752263
0.014459528
0.013796487
0.012667613
0.01287821
0.013350179
0.014058331
0.014572229
0.014521178
0.013983225
0.014065192
0.014137391
0.014665911
0.013862924
0.012654831
0.012478019
0.012841545
0.013708634
0.01356315
0.013083446
0.012230967
0.012668835
0.012728104
0.01307756
0.013844115
0.0135331135
0.013424819
0.013314338
0.012835609
0.012723281
0.012004855
0.01183588
0.012089628
0.012602812
0.012793174
0.012529461
0.012780278
0.0130785005
0.013221487
0.012902713
0.012799584
0.013097535
0.012206864
0.01279448
0.012935819
0.013670254
0.012986462
0.01287169
0.013216587
0.013998814
0.013489075
0.013013253
0.012819279
0.0129316
0.013751206
0.01312426
0.013356433
0.012492607
0.011702947
0.01169967
0.011541227
0.011280957
0.01213266
0.01279122
0.013424434
0.013671676
0.012373994
0.012161025
0.012251703
0.012793427
0.01342184
0.01315981
0.012500302
0.013385953
0.014050849
0.014081144
0.014254341
0.013266198
0.012788314
0.012598154
0.013183895
0.013486499
0.013530494
0.01252505
0.012582981
0.012745735
0.013934861
0.013684959
0.014060109
0.014328756
0.013523376
0.01297461
0.012086151
0.011817213
0.011662646
0.011284425
0.012162791
0.012294856
0.012200209
0.013117061
0.013236888
0.013994537
0.014501191
0.014639725
0.015422419
0.012660637
0.012266736
0.012897115
0.01338665
0.012833469
0.013238401
0.013194598
0.012723484
0.013824122
0.0137962205
0.013215664
0.012665069
0.013106753
0.012964675
0.0122113535
0.011459642
0.011592124
0.011483884
0.01151216
0.011882577
0.012300166
0.011932918
0.01196235
0.012028408
0.01227988
0.012387507
0.012724164
0.012717757
0.012140592
0.011954113
0.012263438
0.012389041
0.013133305
0.013095734
0.014137994
0.013344057
0.014050199
0.01292823
0.011704136
0.011906766
0.011300532
0.011500485
0.012056053
0.012214155
0.012378539
0.012496577
0.012671981
0.013013052
0.012588081
0.012835574
0.012088538
0.011419037
0.011807309
0.011714873
0.012034946
0.0121496525
0.012343083
0.012235029
0.012256226
0.012310739
0.012054866
0.013388858
0.013998994
0.015218785
0.015297639
0.013307389
0.013190531
0.012988239
0.013300286
0.013218711
0.013526661
0.012522373
0.011949662
0.011899941
0.011092192
0.011510547
0.011790053
0.012178906
0.0120249195
0.012282689
0.012271894
0.012056948
0.011971565
0.011968967
0.012185257
0.011830863
0.0117584085
0.011255885
0.011352687
0.0114213275
0.011515407
0.012141673
0.012651433
0.013070095
0.013772055
0.013563469
0.013620831
0.013785148
0.013585216
0.013272328
0.012838308
0.0127430335
0.012569754
0.012658992
0.012360832
0.011649131
0.01112263
0.011250402
0.011646521
0.0126048755
0.01430278
0.014661714
0.013822102
0.013032311
0.012407551
0.012334971
0.011950599
0.012117954
0.011832036
0.01160953
0.011963622
0.01172618
0.012050709
0.012279649
0.012852664
0.013414897
0.012982306
0.012431942
0.012216813
0.011869058
0.011605148
0.0117862625
0.011860588
0.013378011
0.014283273
0.013365715
0.014622944
0.013566916
0.011941772
0.012105609
0.011407784
0.011360578
0.011659742
0.0114832055
0.011138137
0.01152874
0.011105031
0.011113417
0.011490042
0.011967978
0.011765789
0.012031022
0.011749913
0.011969582
0.011706017
0.0113718705
0.011461476
0.012167861
0.011661455
0.011480467
0.01147274
0.011484357
0.0109322
0.01125832
0.01204632
0.012358385
0.011887211
0.011808056
0.011979861
0.011263616
0.011345546
0.011617605
0.01168695
0.011464284
0.0120541565
0.011951514
0.011646647
0.0116814375
0.012380128
0.011946444
0.012158844
0.012333621
0.012285923
0.011097896
0.011184758
0.010832982
0.010565081
0.010602351
0.011129306
0.011467895
0.011764038
0.011682605
0.011757377
0.012160954
0.011737405
0.011238005
0.012516428
0.011902572
0.011002657
0.011408946
0.011733758
0.010957164
0.011569741
0.01231427
0.011965128
0.0123456735
0.012525786
0.012321983
0.011421456
0.011271463
0.01060229
0.010558993
0.011230834
0.011453164
0.011423324
0.011727642
0.011687142
0.011070869
0.0114444485
0.012521383
0.012070501
0.012169883
0.011994953
0.0119105475
0.010822838
0.011258748
0.010703419
0.010759631
0.010827153
0.011143245
0.01045259
0.010662021
0.010785335
0.010515994
0.010204224
0.010655361
0.010974229
0.010902
0.010932239
0.011259901
0.012237785
0.011790672
0.012307559
0.012511213
0.012569611
0.011625392
0.011739039
0.011328377
0.011554172
0.011363925
0.011640583
0.011521993
0.011860183
0.011435789
0.011593681
0.013431548
0.014505926
0.014659207
0.013302001
0.013411122
0.0111547895
0.011044425
0.011671424
0.011187959
0.011144681
0.011458745
0.011656822
0.011776395
0.0117305685
0.011612989
0.0114055
0.011309873
0.010859145
0.010958429
0.010764396
0.010789392
0.010963493
0.011361161
0.011133446
0.01138045
0.0116561605
0.011573913
0.0112307975
0.011582087
0.011552436
0.0116415
0.011501453
0.0117573105
0.011623744
0.01123681
0.011119861
0.011516387
0.011375909
0.011215939
0.011786417
0.012320395
0.011642317
0.011165597
0.01176227
0.011686885
0.010586792
0.010837327
0.011199329
0.01105039
0.010401886
0.010642067
0.010514281
0.010428498
0.010415105
0.011119738
0.011161192
0.011186732
0.0112579875
0.010701273
0.010482466
0.010738266
0.010652581
0.010879212
0.011380171
0.0111335125
0.011081228
0.01148226
0.011121748
0.010707901
0.011045093
0.011009171
0.010843117
0.011349567
0.011362716
0.011237367
0.011285324
0.011568465
0.011581062
0.011852624
0.012507129
0.0130136795
0.012556664
0.012384733
0.012518145
0.011838467
0.011721196
0.011693146
0.011533454
0.011098162
0.0111878645
0.0104738055
0.011158294
0.010949188
0.011349819
0.011059271
0.011201617
0.011101533
0.010932495
0.010714217
0.011030842
0.01100804
0.010785357
0.011176876
0.01159964
0.01127656
0.011389447
0.0110567985
0.011269412
0.011443123
0.011598694
0.0118346475
0.012192155
0.012398331
0.011582948
0.011498154
0.011702922
0.011705131
0.011215882
0.011744015
0.011963578
0.011765749
0.012512457
0.012701786
0.012268014
0.01239627
0.01228709
0.011392329
0.012906926
0.013226984
0.0130714085
0.012643607
0.012843334
0.011265603
0.011238889
0.01132173
0.012504495
0.012521861
0.012561939
0.012537643
0.012297228
0.011920999
0.011801837
0.011751359
0.011696027
0.011462278
0.011082127
0.010677812
0.010751897
0.010562558
0.011070044
0.011229372
0.011410439
0.01128414
0.011312872
0.011125083
0.011105974
0.011373436
0.011202631
0.011557902
0.011409797
0.010908966
0.011055401
0.0104735475
0.01033944
0.010358598
0.010106551
0.009483712
0.009943327
0.010038815
0.010015564
0.010681839
0.011037756
0.011423491
0.011124423
0.010999673
0.010562125
0.010379249
0.010223288
0.010240735
0.010957639
0.011453967
0.011475843
0.01118522
0.011428501
0.011360365
0.011212649
0.011666327
0.012697414
0.012558334
0.011617421
0.01147769
0.011945473
0.011495475
0.011207434
0.012134896
0.0128275715
0.012171005
0.011645318
0.011808036
0.011344119
0.010309066
0.009852756
0.009959082
0.0100682415
0.010186307
0.010062477
0.009993626
0.010166725
0.010116222
0.0098121585
0.01052019
0.010554464
0.0106048845
0.010476474
0.010494275
0.009976293
0.009959403
0.009582529
0.009546456
0.009942123
0.010286443
0.010600965
0.010952183
0.011058759
0.010619969
0.010354742
0.010298511
0.010273049
0.011033023
0.011321064
0.011565637
0.0118066175
0.011771979
0.010716893
0.010671293
0.010685192
0.010447007
0.010346587
0.010509165
0.010526926
0.010757317
0.01050686
0.010730032
0.011111908
0.0114223715
0.011086602
0.011433824
0.01156089
0.011201082
0.011381081
0.011514375
0.011833807
0.011736676
0.01222442
0.0120070735
0.011737885
0.0111298375
0.011031297
0.010842947
0.010508942
0.011126351
0.0115666455
0.011395659
0.011207939
0.011261215
0.010700404
0.010505783
0.010234026
0.010428073
0.010959901
0.011151349
0.010874633
0.011078842
0.011040199
0.01061659
0.010656297
0.010523675
0.010563222
0.010867341
0.010932985
0.010885288
0.0110172285
0.011111121
0.011364598
0.011279312
0.010878099
0.0113131525
0.011377418
0.010710195
0.010817968
0.010939116
0.010373926
0.010108909
0.010065376
0.00992012
0.009697769
0.009352474
0.009765371
0.010136248
0.010208317
0.010095574
0.0102436915
0.011501183
0.011430045
0.010909137
0.0111865355
0.011512258
0.010941406
0.010954588
0.01099258
0.011026127
0.010540661
0.010557018
0.010587255
0.010559961
0.010792968
0.0106300395
0.010610546
0.010403393
0.012162651
0.01167886
0.011942084
0.011920705
0.012426814
0.011060588
0.0115437275
0.011467339
0.011491643
0.011116894
0.010472313
0.010047058
0.010422155
0.010685644
0.011373839
0.011706118
0.011510933
0.011516872
0.010976553
0.01073451
0.0102266725
0.010498364
0.011144967
0.011025619
0.011569505
0.01152969
0.011059434
0.010325289
0.011015458
0.010773061
0.010410783
0.010897835
0.011491242
0.011669828
0.011262657
0.011469251
0.011069698
0.0101791555
0.010606638
0.010483506
0.010703645
0.011515139
0.012124083
0.011573008
0.011558384
0.01149018
0.010782236
0.010872219
0.011253402
0.012256518
0.012748631
0.01342779
0.012773279
0.012414483
0.01114595
0.011288075
0.010964484
0.011364293
0.011362808
0.012199294
0.0115659265
0.011855297
0.011807692
0.012006025
0.011445923
0.011653199
0.011300998
0.010695355
0.0104212705
0.010362121
0.010303209
0.010062266
0.0099174185
0.009944539
0.010210895
0.010340314
0.010414294
0.010565049
0.010444514
0.011059534
0.010586072
0.010377337
0.010259715
0.010181006
0.010643428
0.010585558
0.010656243
0.010491063
0.010436586
0.010565944
0.011068964
0.011078886
0.011464674
0.011296844
0.011098128
0.010508511
0.010528934
0.0104992995
0.011026354
0.011198799
0.010840847
0.010950813
0.010716069
0.010741181
0.011059524
0.011607008
0.011660742
0.011822175
0.011859167
0.011818521
0.011570066
0.011794843
0.011984161
0.011755812
0.011577652
0.011301459
0.011205448
0.01088207
0.0110373795
0.010578734
0.01017821
0.010406328
0.010310141
0.010402573
0.010033399
0.009985641
0.010510477
0.010717975
0.010415595
0.010557559
0.01069048
0.010894765
0.010640869
0.010687902
0.010163745
0.010218642
0.010197407
0.009952477
0.009701741
0.009818428
0.009767286
0.00985213
0.00998503
0.009573842
0.009609884
0.009627954
0.009464955
0.0092296805
0.009177197
0.008930087
0.0095603885
0.009713363
0.009810631
0.009911854
0.009905378
0.010037781
0.010379192
0.010095556
0.010277727
0.01032988
0.010632792
0.011037676
0.011012037
0.01089711
0.011361105
0.011778808
0.011402949
0.011738841
0.012143455
0.011977038
0.012005147
0.012688356
0.013364817
0.0127398465
0.012376288
0.011677108
0.011359445
0.01093803
0.010308151
0.0099830385
0.010023123
0.010333281
0.0103272665
0.01030681
0.010087548
0.010033391
0.010305571
0.010478192
0.010061561
0.009884183
0.009657668
0.009804043
0.010169116
0.009985287
0.009533571
0.009518032
0.009909424
0.009945266
0.009928775
0.009451482
0.009557563
0.009664949
0.010022584
0.009746107
0.00959728
0.010111824
0.010084935
0.010522642
0.010405842
0.010511387
0.011090993
0.010331089
0.010156797
0.010658098
0.010429129
0.0107039735
0.011386694
0.0121835405
0.010903896
0.010396588
0.010022629
0.009911655
0.010254698
0.0097963875
0.010806131
0.011531607
0.011500921
0.011220381
0.010971246
0.010801017
0.010858367
0.010507489
0.010747428
0.010886087
0.011049075
0.011333567
0.0104934145
0.010786415
0.011164865
0.011256651
0.010678857
0.010484468
0.011324121
0.010720208
0.010225666
0.009822776
0.009729158
0.010115464
0.009987055
0.010292746
0.0107002705
0.0106109055
0.010329022
0.010301679
0.009913596
0.009293239
0.009156851
0.0091494145
0.009496261
0.009610592
0.009682991
0.0101639135
0.0105428705
0.010709628
0.010343391
0.010352393
0.010512486
0.010586513
0.010315862
0.010574799
0.010875439
0.010756473
0.010908475
0.010992243
0.011209439
0.011467104
0.011356842
0.010930804
0.011270937
0.01090572
0.011017689
0.010829499
0.011118196
0.010851339
0.010891808
0.01078947
0.010743383
0.010714576
0.010620709
0.0102282455
0.010255514
0.01035106
0.0101187285
0.010194842
0.009934876
0.010189293
0.010443125
0.010309694
0.010211637
0.0102036055
0.010188909
0.01046593
0.010956048
0.010881539
0.0110330945
0.011080536
0.0116518205
0.011186542
0.010733602
0.0102250045
0.01013386
0.01021638
0.010175229
0.010423394
0.010325863
0.010116838
0.010053152
0.009841141
0.009859044
0.0095452815
0.009337773
0.00944861
0.010409668
0.0107188765
0.01112776
0.01071321
0.011101058
0.011079345
0.010824199
0.010360925
0.009830732
0.009501156
0.009897158
0.0096849315
0.009694274
0.010073616
0.0098897135
0.0098136915
0.010124003
0.010369526
0.01020777
0.010137045
0.009861064
0.010240778
0.010780104
0.010435752
0.009757633
0.010072936
0.010364533
0.01046985
0.010154702
0.009835045
0.009787691
0.009798784
0.009893711
0.009711788
0.010053168
0.009824985
0.009506987
0.010007013
0.010222705
0.009840433
0.009813778
0.009530877
0.009633557
0.009868524
0.009406734
0.009470636
0.009948481
0.009760803
0.009573683
0.009596822
0.009760752
0.009872507
0.010381567
0.009744745
0.010050359
0.009968367
0.010080251
0.0101424
0.010105465
0.009629491
0.009914746
0.009381048
0.009902978
0.010164235
0.010130727
0.010358649
0.01039713
0.010320831
0.010424453
0.009948097
0.009730323
0.009841514
0.00979194
0.00948634
0.009942938
0.010189058
0.01029477
0.01039323
0.009916833
0.010018721
0.010109383
0.009762187
0.009596968
0.009549631
0.009546169
0.009609038
0.009611206
0.009375626
0.009562166
0.010039233
0.0103033725
0.0104127
0.010450582
0.010283109
0.010647155
0.010411462
0.010299649
0.01015436
0.010044153
0.010280798
0.010322384
0.009953467
0.01017829
0.01023435
0.010516464
0.010240571
0.010306687
0.010243138
0.010753205
0.010683746
0.010335356
0.009990901
0.010145606
0.010100675
0.009611718
0.009439651
0.00927926
0.009555062
0.0094554955
0.009319608
0.009317995
0.009723057
0.009902277
0.010152769
0.010184848
0.01014287
0.010389928
0.0103223305
0.010443543
0.01012462
0.010109629
0.011000628
0.011502647
0.0116198845
0.011767022
0.012681018
0.012566935
0.011845784
0.011072961
0.010723252
0.010620913
0.0105961645
0.010491034
0.010851057
0.010585253
0.00996404
0.010125122
0.009907747
0.009965702
0.010204082
0.00981521
0.010280313
0.010764782
0.011589209
0.011944111
0.011776181
0.011636742
0.011759979
0.0113418875
0.011217723
0.010180373
0.009912696
0.009582486
0.009809392
0.009839515
0.010039973
0.010014691
0.010274558
0.0101163
0.010656383
0.010348263
0.010220605
0.010604926
0.010381061
0.010284326
0.01085663
0.010648888
0.01152072
0.01147449
0.010829581
0.010855439
0.010879617
0.010208204
0.010245029
0.009616443
0.00977423
0.009887475
0.010210299
0.0103967115
0.01067151
0.010416507
0.010268326
0.010035475
0.010509315
0.010205576
0.009765481
0.009827124
0.010309697
0.010341655
0.010748961
0.010160653
0.010101226
0.010314783
0.010540056
0.010392991
0.010465487
0.010131439
0.010256603
0.00993829
0.009777324
0.009431187
0.009382858
0.00946782
0.0094743455
0.009593749
0.011062507
0.011537669
0.011528445
0.011629853
0.0116390865
0.012464489
0.012294174
0.011460621
0.011592661
0.011484534
0.01144723
0.01111084
0.010518512
0.01070771
0.010655942
0.010264135
0.010511376
0.0102166915
0.010309255
0.010441553
0.010328668
0.0102555575
0.009956014
0.009762366
0.010365182
0.010053388
0.010309899
0.010228768
0.009959972
0.010094852
0.00992767
0.009634268
0.009372292
0.009340961
0.008981181
0.008855127
0.009111366
0.00931633
0.0096075665
0.009662408
0.010343802
0.009972081
0.010248038
0.010610472
0.010346992
0.010278412
0.0104636885
0.010298071
0.010462912
0.010334645
0.010124817
0.010229036
0.009801473
0.010073464
0.009902443
0.010115302
0.009971443
0.01022967
0.01018224
0.01044681
0.010278574
0.010257458
0.010157881
0.009767819
0.010011822
0.0099709
0.010769839
0.010439121
0.010591867
0.0105411755
0.010594728
0.010156716
0.010739756
0.009869108
0.009826143
0.009552598
0.009405463
0.009614524
0.0093972
0.009562567
0.009178633
0.009190942
0.009275102
0.009539017
0.00972501
0.010017595
0.010152476
0.010256204
0.010304582
0.010273418
0.010229762
0.00984388
0.009899974
0.010231072
0.010244142
0.010547776
0.0109330695
0.010784281
0.011028164
0.010655047
0.010779063
0.010472934
0.010345148
0.010254912
0.010627473
0.010513991
0.010970343
0.010774499
0.010616583
0.010915382
0.011183463
0.010786212
0.010993235
0.011515354
0.011223954
0.012016073
0.011700264
0.011615287
0.011922869
0.011715387
0.011174502
0.011588922
0.010929716
0.010674925
0.010310698
0.010362987
0.010417538
0.00996207
0.010188626
0.009887895
0.011131782
0.011419373
0.0110711
0.010972715
0.011068774
0.011156759
0.011122881
0.010807946
0.010196157
0.01026368
0.010091739
0.0100233825
0.009497844
0.009457463
0.009347939
0.009588831
0.009293322
0.009048416
0.009371747
0.009681716
0.010262187
0.009625503
0.009622812
0.009510975
0.009544417
0.009628681
0.009835494
0.009369668
0.009495498
0.010097735
0.0099703735
0.009964256
0.010005153
0.01008645
0.009865574
0.010029776
0.0102157835
0.010242018
0.010353608
0.010782245
0.010592054
0.010300179
0.010602115
0.010323284
0.009997974
0.010138826
0.009996627
0.01082111
0.0114339385
0.011485088
0.011790339
0.012215859
0.012407162
0.011939258
0.012212243
0.011163617
0.010867755
0.010540324
0.010320992
0.0101978555
0.010094346
0.010465761
0.010051368
0.0098227905
0.010178956
0.010243387
0.010559691
0.010263453
0.010189397
0.010258158
0.009927747
0.010141531
0.010181618
0.010355217
0.0105043
0.010234641
0.009720398
0.009687664
0.009675359
0.009476842
0.009437732
0.009651052
0.009464115
0.009622341
0.010236901
0.010384633
0.010837622
0.011426656
0.011710347
0.011721637
0.0115750935
0.0117149
0.011499707
0.011130413
0.010785831
0.010568303
0.010499183
0.010661548
0.011130571
0.011397718
0.01152604
0.011626939
0.011453013
0.011605254
0.01143101
0.010847672
0.010408216
0.010105939
0.010083107
0.009987462
0.010140229
0.010138788
0.010506422
0.01086357
0.011052541
0.011600824
0.011461216
0.011402811
0.011137577
0.011132843
0.0107762525
0.01112888
0.010768345
0.010432071
0.010453115
0.010471186
0.010667649
0.010499582
0.010635544
0.010764318
0.011119564
0.01118081
0.012657273
0.012609834
0.012086782
0.011843352
0.0125277955
0.011929147
0.011796022
0.010838748
0.009694936
0.009820978
0.010270901
0.010301379
0.01005147
0.010165764
0.010668485
0.010937399
0.011037688
0.010936927
0.010798433
0.010609913
0.01063954
0.010777509
0.0102036055
0.01030118
0.010574899
0.010578786
0.01021822
0.010061523
0.009908558
0.009671806
0.009995685
0.010120081
0.009685172
0.009740324
0.009848668
0.010038548
0.010196664
0.010308761
0.010386417
0.010474047
0.011055928
0.01063329
0.010147843
0.009996013
0.009947506
0.0101744775
0.010041578
0.010162212
0.010391934
0.01074744
0.011071514
0.010939834
0.010885832
0.01090027
0.010953187
0.010909296
0.010823172
0.010298755
0.010103946
0.010500725
0.010732692
0.010778055
0.0108355405
0.010445992
0.010681174
0.010892401
0.0111389775
0.0107654305
0.0104216905
0.010243447
0.010090224
0.01027372
0.0104616545
0.010271421
0.010076965
0.010150681
0.010316842
0.0102314595
0.010332655
0.0100623835
0.009941452
0.009778412
0.009781683
0.00972565
0.009775727
0.009528744
0.0098178
0.010000074
0.010242991
0.010149946
0.010510563
0.01053223
0.01091051
0.011271657
0.011128766
0.010775246
0.010998374
0.011334463
0.011395722
0.011297513
0.011050805
0.011492115
0.011405092
0.011521664
0.011385697
0.011333367
0.011177662
0.011318273
0.01136419
0.011504426
0.011441212
0.011191932
0.011079694
0.011186812
0.011193971
0.011004662
0.010856281
0.0108098
0.011251494
0.010896016
0.010852396
0.010801881
0.010945603
0.011601893
0.011752449
0.011953288
0.012171109
0.012860586
0.012586301
0.012176351
0.012249615
0.011818955
0.011515687
0.011124087
0.010551153
0.010196651
0.010189425
0.010364099
0.01025601
0.009902771
0.0099064475
0.009834493
0.010132534
0.009989229
0.010738253
0.010784185
0.010868693
0.010912569
0.011336581
0.011488367
0.010956312
0.011446415
0.011329925
0.010871278
0.010668035
0.010758082
0.010137903
0.010212459
0.010373314
0.011083399
0.010940943
0.01096245
0.0106867105
0.010698358
0.010380483
0.010867478
0.010718826
0.011176027
0.0109986635
0.010940759
0.010931801
0.01136079
0.011904544
0.0115530845
0.011645942
0.011322267
0.010993038
0.010543649
0.010625066
0.010362032
0.009950497
0.009848629
0.009772473
0.010046632
0.0101482775
0.010199654
0.009911898
0.0104130395
0.01087498
0.011209332
0.011879516
0.011810329
0.01096353
0.011029875
0.010829936
0.01107139
0.010510116
0.009851174
0.010814136
0.010612187
0.01093843
0.011128688
0.010760847
0.010557002
0.010686103
0.010537815
0.010700275
0.009101199
0.009060066
0.009289897
0.00906051
0.009269336
0.009289248
0.009493889
0.009892173
0.010124702
0.010552994
0.010811387
0.011107714
0.011148653
0.011150221
0.010893519
0.010818923
0.011068557
0.010948063
0.010890139
0.010698588
0.011357392
0.011340405
0.011997841
0.012189394
0.012014595
0.012316681
0.013054581
0.013430937
0.012064443
0.011594447
0.0111032175
0.010645305
0.010476344
0.010286479
0.009953476
0.009300091
0.009579387
0.009573125
0.009548661
0.009830316
0.009908343
0.00980109
0.009819689
0.009493866
0.009854944
0.009932416
0.010245011
0.010280314
0.010352052
0.01044018
0.010334697
0.00995622
0.009888423
0.009982747
0.009877212
0.0094760135
0.009657111
0.009388953
0.009416561
0.009536887
0.009726651
0.010039271
0.010141929
0.0104951225
0.010764875
0.010648078
0.011007198
0.0108713815
0.01104344
0.011244303
0.011248905
0.011294988
0.0113960905
0.011447812
0.011284412
0.010860868
0.010835854
0.011007275
0.01078565
0.010479342
0.010292035
0.009990825
0.009824267
0.0102739865
0.01011357
0.01045209
0.01007545
0.010540556
0.011033771
0.011351562
0.011183172
0.011789224
0.011742915
0.011918074
0.011835849
0.011695114
0.0116524575
0.01173971
0.011606581
0.011357276
0.010595748
0.010570499
0.0107000135
0.010441124
0.01045448
0.010368252
0.0100446055
0.009999564
0.010402204
0.010781308
0.011013486
0.010854949
0.010932636
0.011125645
0.010687652
0.010788927
0.010567353
0.010441606
0.010295951
0.010426504
0.011198143
0.011364737
0.011121104
0.011382846
0.011112415
0.011035236
0.010855464
0.010903314
0.010216431
0.010062637
0.009193284
0.009506998
0.009369796
0.009446149
0.009391039
0.009602151
0.00965085
0.009483606
0.009577838
0.009833781
0.010018312
0.010247597
0.010177244
0.010150428
0.010116602
0.0101742465
0.010007224
0.0102406675
0.010299286
0.010283211
0.010279257
0.010216721
0.010243787
0.010460818
0.01057367
0.010788491
0.011078284
0.011272925
0.011196755
0.011352305
0.011507805
0.011573588
0.011656195
0.0114750005
0.011392658
0.01092061
0.010959121
0.011179699
0.011029969
0.010907749
0.010770239
0.010845844
0.01055424
0.010865924
0.011042227
0.011001105
0.010392709
0.010998237
0.010560846
0.010280941
0.01046083
0.010674886
0.010570063
0.010574323
0.010553574
0.011135113
0.010675045
0.011130451
0.011603936
0.011289362
0.011445613
0.011181637
0.010789367
0.010988531
0.01070324
0.010760067
0.01035363
0.010241202
0.010278253
0.010197766
0.010350296
0.010426236
0.010303771
0.010239848
0.0101542175
0.01023797
0.010522049
0.010251512
0.01016486
0.009914307
0.010118002
0.010357738
0.010358178
0.010212643
0.010662381
0.010157855
0.010390544
0.010653737
0.0107588805
0.011076923
0.011199102
0.010805486
0.010946015
0.01022203
0.010342176
0.010602321
0.010445952
0.010462923
0.010510893
0.010399363
0.010840366
0.010654796
0.011244693
0.011366817
0.0107710045
0.011264831
0.011152464
0.011027992
0.011266345
0.010990622
0.011092593
0.010735377
0.010608602
0.010650999
0.010340283
0.010543299
0.010368861
0.010701943
0.010426786
0.01088903
0.01084244
0.010984899
0.011520806
0.011116068
0.011157773
0.011596525
0.010886833
0.011195303
0.010731647
0.010809364
0.0106669655
0.0104707675
0.010936575
0.010738343
0.010345865
0.010795308
0.010799151
0.010544485
0.0106869135
0.010513745
0.0107575925
0.010419132
0.010427041
0.010629092
0.010355175
0.010170239
0.010072586
0.010457667
0.01067632
0.011053439
0.010400519
0.010557256
0.010439746
0.010411292
0.010671124
0.010493778
0.01056961
0.010396289
0.009885168
0.009545525
0.009529222
0.009403888
0.009630984
0.009560639
0.009454978
0.0093679065
0.009219183
0.009526149
0.0098231705
0.010062827
0.010084482
0.010415195
0.010841306
0.01083895
0.010966606
0.011179724
0.011751431
0.011288129
0.010934673
0.0109534105
0.011213375
0.0110742
0.01055362
0.010173422
0.010270034
0.010375996
0.010041127
0.010119843
0.010074419
0.010346428
0.0102998195
0.010644162
0.01039677
0.010376056
0.010260389
0.010184681
0.010227312
0.010456261
0.010680815
0.010810184
0.010782336
0.0109426705
0.011213964
0.011002936
0.0109472005
0.011283025
0.011174062
0.010922613
0.010717961
0.01085302
0.010753388
0.010988012
0.011525654
0.011921429
0.011405652
0.011211251
0.0110576395
0.011392703
0.011111557
0.011060753
0.0106765395
0.010279949
0.009744589
0.009422338
0.009691289
0.009705986
0.010090573
0.009866048
0.009933998
0.009968203
0.009883389
0.010290782
0.010788226
0.010391973
0.010701433
0.010523462
0.010676585
0.0105508
0.010632849
0.010738485
0.010866143
0.010951354
0.011520489
0.01133723
0.011387224
0.011404024
0.011483888
0.011216557
0.01111645
0.010871139
0.010896844
0.010643636
0.0108455345
0.010764538
0.010622991
0.010631804
0.010189697
0.01031626
0.010531381
0.010694106
0.010566925
0.010752295
0.010724658
0.010531453
0.010825507
0.010820541
0.01123783
0.011045609
0.010711017
0.01065838
0.010703077
0.0109524755
0.012846438
0.013337073
0.0131933605
0.014150748
0.014414964
0.014841734
0.0152296
0.014958084
0.014884393
0.013599627
0.011394305
0.011644134
0.011895248
0.011579625
0.0110698035
0.010915161
0.011030459
0.01114346
0.011179091
0.011377798
0.011006154
0.010886942
0.0108955465
0.010843536
0.01119334
0.011314071
0.011180794
0.011745661
0.011473907
0.011439094
0.0113877235
0.011265812
0.011020166
0.011125815
0.01125972
0.011179498
0.010995329
0.010795168
0.010717302
0.010847886
0.010956678
0.011463832
0.011205503
0.011483942
0.0112799695
0.010658619
0.010596871
0.010908973
0.01066339
0.010852697
0.010657042
0.010387633
0.0106309615
0.011071094
0.010816716
0.0114765195
0.011804415
0.011066641
0.010981983
0.011022568
0.010861895
0.010683742
0.011432724
0.011092633
0.010756772
0.010303003
0.010179737
0.010604742
0.010973724
0.010844922
0.010797699
0.010706716
0.010912404
0.01066284
0.010681397
0.010760585
0.010888277
0.010558142
0.010202241
0.009855281
0.009716957
0.009976271
0.010276181
0.010218865
0.010234693
0.010589566
0.010407015
0.010201062
0.0104888445
0.010576015
0.011231736
0.011349781
0.0114142895
0.011379506
0.011306507
0.010871061
0.010765464
0.01062027
0.010990233
0.010848829
0.010793982
0.010462507
0.010941189
0.010851522
0.011248475
0.011583712
0.011921651
0.012354069
0.012152406
0.01260466
0.013012097
0.01329988
0.013167113
0.012645308
0.012394765
0.011761308
0.011845984
0.0120401075
0.011795015
0.011689835
0.011894507
0.011556832
0.011783355
0.011407114
0.010847078
0.01099828
0.010838713
0.010919005
0.010885474
0.011475551
0.011373534
0.010949979
0.010974084
0.0113176415
0.011987468
0.01214447
0.012197464
0.012817643
0.012979948
0.0123931635
0.012059046
0.012149659
0.011924041
0.011780721
0.01189857
0.01207338
0.0119175585
0.01134297
0.011217502
0.011612963
0.012123864
0.011808972
0.01194078
0.011611631
0.011265133
0.010790295
0.010753271
0.010615182
0.010819429
0.010827811
0.010567995
0.010607956
0.010620568
0.010307364
0.010220908
0.010321697
0.010688777
0.010617954
0.010445819
0.010003726
0.010054868
0.009788564
0.010306498
0.010558046
0.010602557
0.011286404
0.011203521
0.01111283
0.011254891
0.011644803
0.0116278855
0.011677493
0.011975111
0.011982827
0.011369094
0.0117889615
0.011474549
0.011483778
0.011437296
0.011315338
0.010913699
0.011105234
0.011077515
0.010950773
0.010689591
0.010806821
0.010477439
0.010379654
0.010471542
0.010310783
0.010720176
0.011030906
0.010944671
0.010975313
0.011308679
0.011392569
0.011577269
0.012141183
0.012384156
0.012855129
0.012606921
0.0126814805
0.012681213
0.013917871
0.013413948
0.013138967
0.012888193
0.012058704
0.011438022
0.0111733535
0.010878338
0.011320118
0.011152768
0.011116864
0.010018465
0.01005075
0.010273397
0.010651631
0.0107844565
0.010605176
0.010690601
0.010867031
0.010406022
0.010742342
0.010795494
0.011261783
0.011685307
0.011328798
0.011607274
0.011542255
0.011851133
0.011834546
0.011835566
0.011649887
0.011684704
0.0115044555
0.011084773
0.010763591
0.010934548
0.010503077
0.010499394
0.010717588
0.010487977
0.010530221
0.010864992
0.010545463
0.0105830375
0.01034905
0.011286299
0.011620108
0.011805149
0.011932608
0.011436202
0.011584314
0.0117769865
0.011394915
0.0116239805
0.011594636
0.011792539
0.011150801
0.010706782
0.010670042
0.010626814
0.010725508
0.010603847
0.010504094
0.010303765
0.01038083
0.010357079
0.010440742
0.010619042
0.010835917
0.01063591
0.011257231
0.011320801
0.011365271
0.011129084
0.01126965
0.0111848395
0.011405486
0.011745485
0.0112179015
0.0110115465
0.0119147645
0.011501941
0.011179569
0.011245047
0.0118836695
0.011987079
0.011965861
0.011716648
0.011155001
0.01098829
0.011279429
0.010961499
0.010487053
0.010464703
0.01036205
0.011602885
0.011340153
0.011165946
0.011269228
0.011291381
0.011659341
0.011359011
0.01155408
0.011626342
0.011205112
0.011242475
0.0116996635
0.011835149
0.010817252
0.011127904
0.01092998
0.01087867
0.011343625
0.011323133
0.011651964
0.011903843
0.012148397
0.01153514
0.011571295
0.012173708
0.0120876245
0.012381988
0.012272579
0.01207535
0.011906287
0.011543545
0.01169597
0.011625877
0.011898413
0.0117789935
0.010973411
0.010704093
0.010645649
0.010685633
0.010750003
0.010843748
0.010722024
0.010841541
0.010550023
0.01045594
0.010898694
0.010873771
0.010912419
0.011130522
0.010955185
0.0109024905
0.01109778
0.0113501465
0.011636243
0.011589827
0.011851715
0.011949117
0.011353677
0.01125341
0.011286871
0.01153423
0.011710573
0.01193748
0.0114657525
0.011174768
0.0116879735
0.011657472
0.01191113
0.012069702
0.012023628
0.0120599475
0.011867434
0.011656574
0.011600881
0.011931776
0.011819521
0.011242139
0.011098189
0.010980827
0.010638933
0.010353761
0.010406439
0.0105178105
0.010706207
0.010969672
0.010855171
0.0106499605
0.01095702
0.011204468
0.011071956
0.010755111
0.011120713
0.011472029
0.0116630085
0.0115648005
0.011231421
0.010965741
0.010728565
0.010759546
0.010560122
0.010105243
0.010451196
0.010895811
0.010730516
0.010411902
0.010182951
0.010072206
0.010088354
0.010618369
0.010465527
0.01045915
0.011413525
0.011869973
0.011257692
0.011265689
0.011347639
0.011256863
0.0115859825
0.012245604
0.012412319
0.011942862
0.012157227
0.012354367
0.011304748
0.010677208
0.010719207
0.010819034
0.010512394
0.011056564
0.011943887
0.011429039
0.011355058
0.011478211
0.011373332
0.0114640705
0.0121939005
0.01226406
0.01250073
0.012238193
0.012256804
0.012193932
0.01192016
0.011293585
0.011772309
0.011352489
0.011175681
0.010942037
0.011009279
0.011713183
0.011924308
0.012494884
0.012394676
0.012321051
0.01251217
0.012247143
0.012207594
0.012451964
0.012406145
0.012545473
0.011940547
0.011475072
0.0109135285
0.011176275
0.010880269
0.010916305
0.010653369
0.010761989
0.01108791
0.011118529
0.011060654
0.011015947
0.011476046
0.011945276
0.011883892
0.01182642
0.011225051
0.011599237
0.011899291
0.011985462
0.011591815
0.01169767
0.0118058
0.012024775
0.012091067
0.012222799
0.012483846
0.012136569
0.012289457
0.012057673
0.012270306
0.012282466
0.012563262
0.012279704
0.0123341745
0.011824691
0.012256723
0.012125905
0.01254846
0.012395789
0.012236477
0.012423466
0.012457901
0.012432806
0.012216674
0.012531086
0.012618207
0.011912099
0.012355032
0.012153793
0.012334575
0.012502688
0.012260383
0.012397439
0.012030755
0.012312346
0.011962972
0.012056995
0.012259976
0.0118313925
0.011638145
0.0114322575
0.011174922
0.011142536
0.011421973
0.0120099
0.011704696
0.011699598
0.011532315
0.011727191
0.012230892
0.011810639
0.011744684
0.012048118
0.012533488
0.012311879
0.012303971
0.0122767305
0.012326528
0.012349536
0.012807706
0.012367145
0.012777008
0.012880445
0.012787541
0.01204544
0.011352256
0.011416177
0.011492851
0.01126825
0.011164982
0.010644546
0.01030505
0.010430361
0.010422302
0.010338126
0.010261044
0.010846398
0.011527336
0.011852904
0.012090259
0.011931694
0.012285615
0.012225165
0.011756394
0.011804443
0.011750568
0.011866473
0.0118250195
0.012071982
0.011318395
0.010955538
0.010725966
0.010441686
0.010880797
0.010648757
0.010941519
0.011115476
0.011103803
0.011129473
0.011210866
0.011195506
0.011365897
0.011548474
0.011419324
0.01224371
0.012605354
0.012383152
0.011695135
0.01136915
0.010860333
0.010895857
0.010801414
0.010551173
0.0108272
0.010814659
0.010469765
0.010681714
0.011116535
0.010336924
0.010482149
0.010803862
0.011214121
0.011289332
0.011388372
0.011276226
0.011662957
0.011841935
0.0119369645
0.011721127
0.011735699
0.01144779
0.01153346
0.011974297
0.011766513
0.013035649
0.013621837
0.0137883155
0.01401364
0.01331695
0.013487217
0.013453282
0.013500716
0.013473335
0.013359618
0.0132326735
0.013326686
0.01306967
0.011758991
0.011970777
0.011504244
0.011705374
0.01141844
0.011891653
0.011776337
0.011936906
0.011871907
0.011573271
0.011585869
0.011191594
0.011798937
0.011927189
0.011890667
0.011960839
0.011873056
0.012268984
0.011999887
0.0120403925
0.012087448
0.012079232
0.012224368
0.01199881
0.012194673
0.011821304
0.011697892
0.011448313
0.011392614
0.011683437
0.011730822
0.011777731
0.011715605
0.011793089
0.011907566
0.012245244
0.012675967
0.012234434
0.012051308
0.012275137
0.01244312
0.012560411
0.012183658
0.012261914
0.012149008
0.012482261
0.012188216
0.011787371
0.01140513
0.011201375
0.011800353
0.012040848
0.012106101
0.011633128
0.011461443
0.01181312
0.011241591
0.010857822
0.011071195
0.01098526
0.011215801
0.011241919
0.010842986
0.010722006
0.010153117
0.009979976
0.00994927
0.009881664
0.009927023
0.009799862
0.009757288
0.010080602
0.009775165
0.009887686
0.009721678
0.009534411
0.009600257
0.009780315
0.009807011
0.010386903
0.01076574
0.010765222
0.010718707
0.0103591755
0.010461871
0.010470385
0.010537997
0.011196127
0.011483291
0.011433431
0.011075378
0.011186428
0.0111219
0.0111901
0.011068412
0.010947982
0.010759422
0.01112464
0.011511415
0.011559628
0.01157693
0.01151687
0.011117674
0.011148603
0.011521728
0.011279254
0.011255948
0.010969292
0.0110363085
0.01120125
0.011159353
0.01155095
0.011315929
0.011470303
0.0116703585
0.011608894
0.011728864
0.011715051
0.011806775
0.01243255
0.012229819
0.012388297
0.012129042
0.011764366
0.011745455
0.011897425
0.011906123
0.0114509575
0.011477857
0.011383322
0.0113516105
0.011563476
0.011378593
0.010822887
0.011140452
0.011586001
0.011853895
0.0121342465
0.011765042
0.011472809
0.011154585
0.011350675
0.0120153455
0.0120314285
0.011921558
0.011787924
0.011023574
0.011439546
0.011534274
0.011152096
0.010590701
0.010354051
0.010694796
0.010771381
0.0107370345
0.011059814
0.011044623
0.01076788
0.010625141
0.010487379
0.010636599
0.011025811
0.011154275
0.0111760795
0.011270302
0.011625983
0.012324847
0.012299901
0.012494899
0.012283035
0.012374954
0.012131985
0.0124215325
0.012284851
0.012497602
0.012314277
0.011991881
0.011708841
0.012191832
0.012404065
0.012593004
0.011825654
0.011764168
0.011584719
0.011526711
0.011561895
0.011351842
0.01151081
0.0113149285
0.011550032
0.0113714645
0.011368164
0.011284127
0.010814625
0.010676805
0.010762929
0.010532943
0.010578339
0.010548755
0.010810012
0.010964766
0.010949907
0.010932231
0.01107227
0.010872241
0.011251087
0.011227314
0.011258953
0.011042798
0.010873802
0.010854859
0.011416624
0.0115467645
0.0113866385
0.011518716
0.011598727
0.011593194
0.011543538
0.011714847
0.011856783
0.011809448
0.012013137
0.0120096775
0.012020838
0.012144408
0.012729017
0.012829861
0.012916724
0.013459915
0.013104825
0.013579442
0.013689018
0.01336171
0.0129766455
0.012997262
0.0123698525
0.011909068
0.011507924
0.011858181
0.011683712
0.011046672
0.011113263
0.011407925
0.010713403
0.010562802
0.0103527205
0.010207373
0.010018002
0.009959068
0.009975259
0.01040506
0.010422849
0.010767032
0.011021053
0.01077625
0.010727296
0.010713061
0.010607127
0.010156747
0.010708944
0.01064789
0.010731111
0.010532306
0.010748739
0.011072612
0.011304878
0.011426136
0.011553058
0.011760265
0.011596329
0.012034475
0.011967568
0.01236096
0.012375414
0.012382436
0.011754965
0.011561754
0.01166815
0.012019826
0.011826834
0.011395973
0.011279378
0.011237495
0.011347241
0.011402097
0.011516712
0.011590012
0.011377712
0.01130151
0.01135519
0.011551616
0.011696818
0.011780357
0.011620017
0.011586893
0.011873755
0.011962777
0.011907727
0.011458379
0.011440401
0.011116109
0.010619523
0.010693612
0.010652388
0.010466646
0.010301662
0.010384505
0.0106704775
0.010502451
0.010522192
0.010500132
0.01058155
0.010351406
0.010425195
0.010600381
0.010785234
0.01060312
0.010839776
0.010895432
0.011026114
0.011493545
0.0117732985
0.011693692
0.011353351
0.011282255
0.011394341
0.0110690715
0.011185018
0.011212834
0.011085382
0.011130031
0.011525735
0.011422025
0.011648905
0.011526647
0.011563575
0.0112970285
0.010930604
0.010875812
0.010728528
0.010910814
0.010667239
0.010625949
0.010972278
0.011089686
0.011331426
0.011203909
0.011499741
0.011014666
0.011028392
0.010785632
0.010913513
0.010852596
0.0110806655
0.011162393
0.011327554
0.011665439
0.01231566
0.012583902
0.012424925
0.012201233
0.012363825
0.011835109
0.011826589
0.011799952
0.011805575
0.011516587
0.012208855
0.012438631
0.011943171
0.011895444
0.011715606
0.0115348855
0.011098841
0.011350685
0.010644165
0.010819149
0.011043762
0.011069498
0.011679707
0.012350167
0.012429401
0.012911584
0.012514655
0.011888927
0.012267622
0.01262403
0.012607479
0.012508071
0.012633344
0.012184386
0.012061985
0.011854596
0.012000551
0.011633589
0.011239408
0.0112513695
0.0111281285
0.010333765
0.010860036
0.01083946
0.011173418
0.011357678
0.011372585
0.01139954
0.011580039
0.012107287
0.012100053
0.0123257
0.012133039
0.011973559
0.011996334
0.012616862
0.012237587
0.012342478
0.012777645
0.012335605
0.011556137
0.0115024345
0.011630167
0.011788284
0.012208343
0.01244075
0.012081961
0.012069701
0.011933716
0.011995731
0.011973551
0.012186107
0.011770237
0.011644069
0.012719284
0.013219675
0.013523141
0.013863763
0.0138284825
0.013118211
0.012605765
0.012433733
0.012390057
0.012225807
0.012297979
0.012227336
0.012159003
0.0122402115
0.011939403
0.012077453
0.012470176
0.012230702
0.011254329
0.010838928
0.01052737
0.011416835
0.011468115
0.011792772
0.011387565
0.011066382
0.0106476145
0.010634944
0.011092836
0.010852847
0.011272656
0.01153438
0.011993218
0.011977149
0.011793422
0.011985243
0.012040924
0.012118487
0.012115247
0.011985957
0.010938332
0.011175755
0.011259229
0.011375041
0.01189517
0.011914202
0.011925749
0.012119056
0.012261584
0.011999576
0.011729372
0.011412982
0.01148254
0.011455597
0.0112996865
0.011427882
0.011302343
0.01169989
0.01195135
0.011891274
0.011762396
0.011908886
0.012196196
0.012445355
0.01259793
0.012514978
0.012196462
0.012624867
0.012829235
0.012837469
0.01273653
0.012453469
0.012352932
0.012636326
0.013138618
0.012987667
0.012521961
0.012606746
0.012520401
0.012414124
0.012565875
0.011664688
0.011842353
0.011733956
0.0118530495
0.011590503
0.011334213
0.011356637
0.011256393
0.011577613
0.01170678
0.011374864
0.01126186
0.010729271
0.010628959
0.010512103
0.010352786
0.010498967
0.010603286
0.010697446
0.010392054
0.010662638
0.010596194
0.010405353
0.010815635
0.010561652
0.0106931
0.0106145255
0.010608436
0.010853182
0.010654945
0.010812949
0.010724025
0.010828556
0.0111818835
0.011477831
0.01194119
0.011702562
0.011552226
0.011558921
0.011644283
0.011340036
0.011285947
0.011525099
0.01146538
0.0109813195
0.011103925
0.010877196
0.010891122
0.010799361
0.010688088
0.010509025
0.010443039
0.010296092
0.010495502
0.010549665
0.010248623
0.009810931
0.009820314
0.010550938
0.010687027
0.010717959
0.010606998
0.010731503
0.010734362
0.010895236
0.010929942
0.011049993
0.011172213
0.011144051
0.011423862
0.011231954
0.011247802
0.011039816
0.011003568
0.011532217
0.011416061
0.011429853
0.011525463
0.011492
0.01147579
0.011365146
0.010584273
0.01020004
0.010255241
0.010165253
0.009965635
0.010001895
0.0099362545
0.009958002
0.009768118
0.009865489
0.010213524
0.010135516
0.010040136
0.010156823
0.010670284
0.010172762
0.0101070665
0.011148323
0.011399394
0.011357504
0.011194841
0.01121128
0.0112749785
0.011463354
0.011362398
0.011272224
0.01184126
0.0113711115
0.011240073
0.011240018
0.011170536
0.011418035
0.011342334
0.010942431
0.010749364
0.011143252
0.010768531
0.010253196
0.0101971105
0.010312339
0.010291145
0.010212984
0.009183977
0.009195187
0.009463299
0.009477591
0.009541953
0.0096443435
0.009796777
0.009512696
0.009499927
0.009760459
0.009951999
0.009916849
0.009715118
0.009693402
0.009641469
0.010032169
0.009918602
0.009907439
0.009973913
0.009927455
0.010254698
0.010336657
0.010362129
0.010387933
0.010607922
0.010838811
0.011069185
0.010745405
0.010936878
0.010969138
0.010882609
0.010918112
0.011323997
0.011763245
0.0116493115
0.012020711
0.011753569
0.011993716
0.011697032
0.011596009
0.0123094525
0.012878516
0.012638786
0.012848296
0.012931148
0.012229512
0.0120068
0.011580365
0.011555175
0.0115486905
0.011438185
0.011191637
0.01101235
0.010769136
0.0108674
0.010707497
0.010521538
0.010005794
0.009787368
0.00995262
0.009733488
0.009685315
0.009797771
0.009717576
0.009136636
0.009015682
0.009356419
0.009019417
0.00898725
0.009245843
0.009457346
0.009555128
0.009478281
0.009416636
0.009387443
0.009392237
0.009601213
0.009823799
0.010189398
0.010002188
0.010049224
0.010300432
0.010286188
0.0105454
0.010926968
0.011061302
0.010990261
0.010943753
0.010960836
0.011097029
0.011180613
0.01097317
0.011013107
0.010877559
0.010768419
0.01078518
0.010484058
0.010550695
0.010513034
0.010837515
0.010915088
0.011132555
0.010668233
0.010697141
0.010472309
0.0104443515
0.010398393
0.010405845
0.010466342
0.010263431
0.010136485
0.0103220595
0.010150026
0.009997582
0.010126111
0.010206872
0.010131193
0.010196942
0.010571247
0.01052184
0.010550278
0.010441505
0.010302451
0.010395487
0.010211443
0.009991747
0.009704187
0.0100601325
0.010095706
0.009918112
0.009761088
0.009889272
0.009800254
0.009960557
0.009651666
0.009795365
0.009983476
0.009764755
0.010009282
0.010161827
0.0101557225
0.009803246
0.009663551
0.009789162
0.009489193
0.009547808
0.009456658
0.009534626
0.009556435
0.009449582
0.010882239
0.0109961545
0.011143965
0.011328368
0.01156327
0.011506732
0.011409396
0.011721966
0.011592829
0.011403162
0.011213413
0.01130299
0.011721112
0.011855471
0.0116412
0.011453683
0.011777159
0.011798002
0.011815794
0.011951206
0.011890484
0.01193491
0.012358783
0.01249635
0.012536051
0.012278904
0.010787734
0.010633597
0.010492519
0.010526852
0.010488291
0.010424818
0.010222901
0.010442807
0.010520616
0.010473891
0.010386814
0.010144744
0.009868471
0.010013142
0.010315817
0.010259004
0.010238532
0.010206964
0.009991864
0.009888889
0.009860611
0.009859179
0.010116092
0.009884685
0.009864074
0.00976986
0.009774554
0.009693718
0.009829469
0.009926074
0.009882091
0.009827128
0.009842242
0.0096749235
0.0094993925
0.009490283
0.009518588
0.009367882
0.009508113
0.009516518
0.00946986
0.00938633
0.009257232
0.008985489
0.009080614
0.009244238
0.009367408
0.009437275
0.009297736
0.009287947
0.009249067
0.009220245
0.009188765
0.009290517
0.009578295
0.009592652
0.009795425
0.00946831
0.0093940245
0.0094502
0.009378562
0.009412316
0.009434684
0.00956787
0.009637146
0.00951055
0.009520987
0.009610452
0.009787834
0.009999519
0.010173459
0.010126613
0.01016571
0.010149703
0.010191336
0.0100625
0.010293803
0.0103064785
0.010284121
0.010468935
0.010345451
0.010296166
0.010340634
0.01023739
0.010297681
0.010611035
0.010802976
0.010960832
0.011111668
0.011039458
0.011017582
0.0107810795
0.010901413
0.011092585
0.010735301
0.010873097
0.010665951
0.010515405
0.010490471
0.010804942
0.010762008
0.010871154
0.010763397
0.010748197
0.010656222
0.010604626
0.010309459
0.01042429
0.010473506
0.010414685
0.010507153
0.010400506
0.010453684
0.010163278
0.01005515
0.010153028
0.010350183
0.010434193
0.010630912
0.010385209
0.0104342885
0.01046376
0.010374836
0.010084334
0.010040983
0.010077847
0.010160903
0.00990896
0.009854022
0.009719299
0.009713451
0.009763868
0.009740464
0.009718992
0.009624606
0.009885469
0.009821487
0.009667769
0.009549789
0.00975307
0.009688206
0.009646701
0.009933598
0.010051183
0.00985356
0.009848104
0.00957164
0.009401805
0.009546691
0.009593793
0.009592294
0.0096126925
0.009777727
0.009928498
0.010045721
0.010048751
0.01009221
0.010259539
0.010622194
0.01080131
0.010429364
0.010291973
0.010654936
0.010722903
0.010657687
0.010593053
0.010708451
0.010671404
0.01038778
0.010058443
0.010135752
0.010019295
0.009911602
0.009529353
0.009595786
0.009721732
0.009943269
0.01019573
0.010367213
0.010364763
0.010651467
0.010810047
0.01068648
0.010640682
0.010883917
0.010797013
0.010913685
0.010874187
0.010960517
0.010976127
0.010941608
0.010803523
0.01086214
0.010549746
0.010439338
0.010476085
0.010558948
0.010611284
0.010619321
0.010627743
0.010697636
0.010682099
0.010708573
0.010600738
0.010849082
0.010548192
0.010394069
0.010410485
0.010284153
0.011390984
0.011300803
0.011400669
0.011281105
0.011091805
0.011407834
0.01146249
0.011375406
0.011370193
0.011450995
0.011439464
0.011525652
0.011662664
0.011701365
0.011706761
0.011972114
0.011487779
0.0114939
0.011487468
0.011929561
0.01221086
0.012305607
0.012183174
0.012248422
0.012164915
0.012154276
0.012338808
0.012376991
0.012517554
0.011153534
0.010972339
0.010744243
0.010625565
0.010390846
0.010140685
0.009967014
0.009980102
0.009948085
0.00996748
0.010008085
0.010019548
0.009958619
0.00990266
0.009690684
0.009533682
0.009745122
0.00967464
0.009754362
0.009740249
0.009525298
0.009607159
0.009687371
0.009824738
0.009952716
0.009872704
0.009795324
0.00981246
0.009676784
0.00949074
0.009437668
0.009523896
0.009463463
0.009771827
0.009768447
0.009644832
0.009766305
0.0098443655
0.010058077
0.010039501
0.010233469
0.010191847
0.010102302
0.010163645
0.01035631
0.010402523
0.010589064
0.010757539
0.010975732
0.010946187
0.011160647
0.011214653
0.011308103
0.011296876
0.011422086
0.011287697
0.011592062
0.0115052145
0.011348571
0.011272627
0.011134727
0.011073936
0.011002047
0.011304138
0.011255373
0.011414176
0.011756171
0.011788822
0.011855598
0.01183539
0.011843294
0.011957001
0.011893373
0.0118195545
0.011884376
0.011656683
0.011903237
0.011896532
0.01182843
0.01143199
0.011242872
0.011005671
0.010955872
0.010806525
0.010653045
0.010694071
0.010483931
0.010404398
0.010446125
0.010566584
0.010590702
0.010793934
0.010821138
0.010614643
0.010701749
0.0104971295
0.010461788
0.01084644
0.0105756475
0.010552321
0.010768387
0.011272005
0.01130409
0.011389419
0.011295279
0.011225497
0.011025086
0.011188966
0.01139096
0.0113882255
0.011597941
0.01182288
0.011670959
0.011728161
0.011436476
0.011373376
0.011470722
0.011622405
0.011680189
0.011627337
0.011626997
0.011630084
0.011704656
0.011765108
0.011876544
0.01200008
0.012152408
0.012086333
0.011629077
0.011577603
0.011607198
0.011474513
0.010950468
0.0109049445
0.010940923
0.010934025
0.0109040905
0.010991338
0.010930049
0.010886986
0.010700023
0.010870361
0.010845714
0.010662331
0.01086358
0.011038179
0.010961036
0.010772336
0.010855815
0.010908723
0.010652945
0.01089518
0.010809893
0.010591737
0.010497539
0.010383688
0.0102849975
0.010113813
0.010120108
0.0100536365
0.010078715
0.010429769
0.010261323
0.010372379
0.010558413
0.010807973
0.010633111
0.010711637
0.010585418
0.010660369
0.010586713
0.01058206
0.010971404
0.01098252
0.011060514
0.011274783
0.011156564
0.011426578
0.011333921
0.011394736
0.011051287
0.010842984
0.011122108
0.0113703245
0.011212056
0.0112770805
0.011318733
0.011364836
0.011487404
0.011808243
0.011851871
0.012013624
0.012254376
0.012250616
0.011756048
0.011864369
0.011710185
0.011530192
0.011576484
0.011496625
0.011724345
0.01170772
0.011707843
0.011624581
0.011644742
0.011465907
0.011237052
0.010976885
0.011102448
0.01103277
0.010918164
0.010936012
0.011315156
0.011649135
0.011503559
0.011767768
0.011959188
0.012068074
0.012077214
0.012010211
0.011588793
0.01156187
0.0113960365
0.011236383
0.011140066
0.0111394385
0.011198655
0.010929832
0.010812407
0.010854865
0.01108137
0.0110885855
0.011145879
0.011386136
0.011420248
0.011687663
0.011983549
0.012086954
0.0121258525
0.0120803295
0.011783632
0.011826781
0.012978966
0.012887596
0.012931058
0.012551257
0.012206316
0.012155171
0.012315678
0.012138517
0.0128740715
0.013170251
0.013156299
0.013022528
0.013107729
0.013278645
0.01308557
0.013118388
0.013295679
0.013408805
0.013488133
0.0133992955
0.01332733
0.013023189
0.012900732
0.012703532
0.0127740735
0.012715092
0.012419309
0.0123177385
0.012190271
0.012405745
0.012275289
0.012458217
0.011433786
0.011429763
0.011617526
0.012219881
0.01211433
0.012147908
0.012273878
0.012426012
0.011663015
0.01173663
0.011873876
0.01198148
0.011814151
0.0123172365
0.012497605
0.012339835
0.011940814
0.012065277
0.011970561
0.012325
0.012079816
0.011975858
0.0121604
0.012100831
0.011948293
0.011763627
0.011661429
0.011703597
0.012001998
0.011693177
0.01173446
0.01204152
0.0117863165
0.011857704
0.011909722
0.011859516
0.011767412
0.011460086
0.01141009
0.011269206
0.0113025475
0.01117222
0.011109181
0.011146619
0.011177327
0.011255674
0.010831242
0.010881746
0.010776462
0.010601095
0.010643148
0.010671422
0.010690846
0.010654337
0.01072417
0.010678277
0.0107111065
0.010761287
0.010702398
0.01068238
0.010748504
0.010804943
0.010844956
0.01084865
0.010864346
0.010808297
0.010805139
0.01050412
0.010531252
0.0104114
0.010353971
0.010380359
0.010347267
0.010521018
0.010444101
0.010331999
0.010427819
0.0104620475
0.010615002
0.010714671
0.010621943
0.010491926
0.010565028
0.010634223
0.010651733
0.010684345
0.010717716
0.010666138
0.010997458
0.011191993
0.011177375
0.011275434
0.011375062
0.011642764
0.011697743
0.011580945
0.011655117
0.011789301
0.011577353
0.011612003
0.011567146
0.011533412
0.0116295
0.011448863
0.011751856
0.011790978
0.011738256
0.0119255
0.01183422
0.011914201
0.011699634
0.011427714
0.0114479605
0.011701054
0.011687204
0.01144708
0.0113612125
0.011315784
0.01131913
0.011042649
0.011344751
0.011023353
0.010844502
0.011173887
0.011050164
0.011014735
0.011265503
0.011099346
0.010965529
0.010870214
0.010907334
0.010854037
0.010762753
0.0106807295
0.01064873
0.010444297
0.010547953
0.010597813
0.010395757
0.010390141
0.010427026
0.010311057
0.010269022
0.010419139
0.01015427
0.01026956
0.009976523
0.010065792
0.010110179
0.00990595
0.010151329
0.010334393
0.010420775
0.010339173
0.010247722
0.010388654
0.010715862
0.010574093
0.01072859
0.010614385
0.01066309
0.01061705
0.010676238
0.010573614
0.010591514
0.010725379
0.0106383925
0.010527354
0.010572785
0.010679769
0.010628909
0.010589684
0.010419826
0.010509433
0.010741405
0.010515923
0.010525892
0.010780049
0.010813962
0.0109432945
0.010862924
0.010987116
0.01130829
0.011382352
0.011629642
0.011682651
0.011774955
0.012189803
0.01210164
0.012176635
0.012178687
0.012927401
0.012518363
0.012528165
0.012536584
0.012372051
0.012410712
0.012334922
0.012658918
0.012767406
0.0127616795
0.012995951
0.013331446
0.013100961
0.013146589
0.0131252445
0.0128549235
0.012795041
0.012618338
0.012673782
0.012910328
0.012968277
0.0131435655
0.013028383
0.013260372
0.013271047
0.013104752
0.012829828
0.01273403
0.012863951
0.012720794
0.012545928
0.012429368
0.012421186
0.012176954
0.012243672
0.012240342
0.012190725
0.012359817
0.012225781
0.012095435
0.011883121
0.011359338
0.011475414
0.011648762
0.011228457
0.0112136295
0.011358074
0.01117721
0.011361416
0.01118721
0.011286434
0.011109512
0.011635189
0.011844615
0.011727422
0.01195723
0.012317033
0.0123845115
0.0122704
0.012276064
0.0122580705
0.012319468
0.012318252
0.012217281
0.012386481
0.012680477
0.0127400905
0.012679292
0.012747312
0.012919773
0.012725089
0.012475354
0.012494425
0.012583526
0.012649374
0.012714921
0.012686618
0.012695129
0.012781697
0.01287933
0.012847685
0.01320061
0.013073246
0.013304954
0.012850946
0.01324314
0.013726515
0.0136302775
0.013366091
0.014036967
0.014061181
0.014069826
0.013699729
0.013821911
0.013780757
0.0138292685
0.013525103
0.013542547
0.013481648
0.013155984
0.012985801
0.013193535
0.013103176
0.013068181
0.013063844
0.013102765
0.013299373
0.013624259
0.01369897
0.014116859
0.013885077
0.0138639
0.013548092
0.01349824
0.013230354
0.013115253
0.012697883
0.012608421
0.012534783
0.01301046
0.01321201
0.0128637515
0.013221225
0.013249928
0.0130251115
0.013006311
0.012704163
0.012183375
0.012159849
0.012540528
0.012131623
0.012072164
0.012169228
0.01203043
0.012134903
0.011814943
0.01190878
0.011662012
0.011438739
0.011579865
0.011511222
0.011493751
0.011653219
0.012004291
0.012123066
0.011920079
0.012021702
0.012181158
0.012184441
0.011928279
0.01184405
0.011895073
0.0118103735
0.011774746
0.011701514
0.011662863
0.011932748
0.011878241
0.012064477
0.012182842
0.012139359
0.012252938
0.012418074
0.011838939
0.011782871
0.01174005
0.011740224
0.011813558
0.011848438
0.011731613
0.011731677
0.011959666
0.012372475
0.012243755
0.011999556
0.011919443
0.012104254
0.012030421
0.012140075
0.011903248
0.012095766
0.012135131
0.012228783
0.0124511905
0.01250154
0.012422853
0.012394716
0.012317446
0.012293243
0.012210699
0.0122475745
0.012154705
0.012446685
0.012002608
0.01175312
0.011596487
0.011654208
0.012011773
0.011994087
0.012088396
0.012077217
0.012127599
0.012346617
0.01244445
0.0123050455
0.012550573
0.012731314
0.012761547
0.012932994
0.012852718
0.012902243
0.012980382
0.013127155
0.012954834
0.013049454
0.01324084
0.013545726
0.013441013
0.013057625
0.013034449
0.012846357
0.012672587
0.01252365
0.012481452
0.012374119
0.01260505
0.012523903
0.012148046
0.012134913
0.012080251
0.012052757
0.011987891
0.012196741
0.012231458
0.012151713
0.012175321
0.012311448
0.012403297
0.012554319
0.012530586
0.012690174
0.012643113
0.012948893
0.013067724
0.013051645
0.012894387
0.013006381
0.013196337
0.012947573
0.013080718
0.013217013
0.013318548
0.013124417
0.013247465
0.013096907
0.013127382
0.0131090265
0.013214491
0.013090177
0.013222946
0.013178351
0.013096101
0.012993544
0.0127223795
0.012997257
0.01325103
0.013377317
0.013518689
0.013869993
0.01405074
0.01420303
0.014285205
0.014472289
0.014705428
0.015002354
0.014881964
0.015070409
0.014780522
0.014429613
0.014243267
0.014137634
0.014207597
0.014307455
0.01418554
0.0142007135
0.014272608
0.014211685
0.014071228
0.013966865
0.013662757
0.013414029
0.013581288
0.013515391
0.013351593
0.01345197
0.013280606
0.01301048
0.013125536
0.013268244
0.013287203
0.013282989
0.013215748
0.013195825
0.013459482
0.013387643
0.013165091
0.0127901565
0.012553953
0.012737819
0.012812958
0.01271762
0.012844357
0.0128035145
0.012619466
0.012660919
0.012722015
0.012479329
0.012487536
0.01252895
0.012509307
0.0124578085
0.012348144
0.012363752
0.012204536
0.012167005
0.012207818
0.01223743
0.012487451
0.01273073
0.012747146
0.012768167
0.012833257
0.012802082
0.01284786
0.0127163185
0.012713347
0.012621919
0.012702842
0.012729687
0.012834572
0.0128683895
0.013037743
0.012745714
0.012700784
0.012354281
0.012436474
0.01231163
0.012530143
0.01253196
0.0126755815
0.012731032
0.012639005
0.0126543045
0.012307922
0.0122789005
0.012162221
0.012257174
0.012106576
0.012020843
0.012015486
0.011967992
0.011915896
0.012179682
0.012397523
0.012412469
0.012466469
0.012433843
0.012375465
0.012426975
0.012579767
0.012648382
0.012825149
0.012547215
0.012645975
0.012509549
0.012580339
0.0124830445
0.012278033
0.0122944815
0.012297213
0.012303949
0.012258046
0.012279197
0.012237501
0.012136428
0.012007634
0.012096949
0.01201958
0.012130415
0.012087274
0.012149398
0.011978871
0.011973524
0.011938228
0.012140678
0.012103847
0.012317084
0.012237482
0.012271941
0.012392172
0.012443061
0.01245085
0.012462225
0.012492075
0.012587472
0.012477567
0.012495411
0.012549355
0.012654092
0.012373555
0.012195574
0.012267117
0.012246321
0.012075626
0.012062372
0.01200262
0.0119329095
0.012035786
0.011934971
0.01199252
0.012006345
0.012116655
0.012144791
0.0121877575
0.012316122
0.013106511
0.012972013
0.012977243
0.013120286
0.012983978
0.013201447
0.013049044
0.013615217
0.0136798415
0.013951172
0.014032767
0.013688996
0.013603524
0.013589634
0.013360714
0.01342701
0.013337417
0.01310951
0.013292939
0.013445581
0.013193005
0.013394635
0.013517052
0.013592711
0.013628083
0.01352537
0.013364024
0.013334588
0.013461474
0.013346745
0.013261979
0.013383088
0.01341144
0.01337642
0.013285721
0.013192171
0.013241347
0.013180808
0.013030963
0.013171329
0.013164499
0.013130087
0.0129464185
0.012852883
0.012916826
0.013074639
0.013315794
0.013188304
0.0132023
0.013023252
0.012717056
0.012664409
0.01267747
0.012801584
0.012761914
0.012884538
0.013054467
0.013151853
0.013229897
0.013694021
0.013673413
0.013678681
0.013737041
0.013471811
0.01337544
0.013534556
0.013534852
0.013500217
0.013405644
0.013293326
0.013057075
0.012847499
0.012618226
0.01201313
0.01201973
0.012089318
0.012016491
0.011954046
0.011947866
0.012137489
0.011472034
0.01144526
0.011337225
0.011464291
0.011594777
0.011681867
0.011773796
0.011839242
0.011905677
0.01213874
0.012277775
0.012071873
0.012306934
0.012452567
0.012168452
0.012360546
0.01257517
0.012644557
0.012873769
0.012799394
0.012803644
0.012948464
0.012963518
0.013051365
0.013058497
0.012796988
0.0126842875
0.012732853
0.012778984
0.012733142
0.012803655
0.01280239
0.012794188
0.012812559
0.012877559
0.013053618
0.013033878
0.013241501
0.013274182
0.013193148
0.013110014
0.013088603
0.013587904
0.01370626
0.014059393
0.014159165
0.014153128
0.014084805
0.013957265
0.0140716005
0.013964318
0.013908094
0.013825521
0.013811045
0.013688725
0.013590438
0.013529552
0.013798925
0.013860043
0.013967646
0.01383926
0.013933278
0.013907952
0.013880273
0.0137549555
0.0137804635
0.013885155
0.014170982
0.014299024
0.014639787
0.014905566
0.015045983
0.0150130335
0.015083168
0.015226414
0.01499737
0.015160562
0.015438106
0.015257877
0.015458985
0.015531026
0.015514692
0.015513602
0.015738137
0.015631594
0.015663262
0.015707903
0.01558655
0.015344644
0.015168813
0.015101424
0.015362398
0.015179505
0.014925998
0.015066156
0.015054263
0.014805973
0.014876129
0.014607605
0.01462411
0.014251584
0.014171011
0.014353416
0.014241989
0.014072044
0.0140918745
0.014198095
0.014176989
0.014500961
0.014808054
0.014691567
0.0145395305
0.014643803
0.014685046
0.014660757
0.014694075
0.014623934
0.014816662
0.01487791
0.014619797
0.014569813
0.014609477
0.014376164
0.014309361
0.014163563
0.014165718
0.014277164
0.014227608
0.014299912
0.014257323
0.014260059
0.014154296
0.014319543
0.014215244
0.014055441
0.014187256
0.014113172
0.014099117
0.014061806
0.014057215
0.014047355
0.014133995
0.0143095255
0.0141528975
0.014539981
0.014726643
0.014842327
0.01481561
0.014775046
0.014732727
0.0147718815
0.014736315
0.014703978
0.014883845
0.014926402
0.014955491
0.015045214
0.015038186
0.015129782
0.015020144
0.015148347
0.015052838
0.015092255
0.015335687
0.015226717
0.015073015
0.015163938
0.015004868
0.014733317
0.014770126
0.014848768
0.014715084
0.0147785535
0.0148671055
0.014962839
0.014939894
0.014915587
0.014962145
0.014832847
0.015050468
0.015085424
0.014996493
0.015056005
0.0150036095
0.015054401
0.014939061
0.015022124
0.0152788125
0.015111658
0.015035765
0.015057506
0.0152916275
0.015637597
0.015643548
0.015657704
0.015557234
0.015548469
0.015551248
0.015603626
0.0155230975
0.015535415
0.015554188
0.01560051
0.015652452
0.01606303
0.015980016
0.01588068
0.015851846
0.015721083
0.015723536
0.01590928
0.016021235
0.015913654
0.015780943
0.015784169
0.015633298
0.015523866
0.0154996775
0.015389165
0.015297287
0.015452423
0.015543452
0.015602809
0.015446396
0.015585494
0.015617355
0.015608706
0.015766652
0.015692253
0.015570195
0.015852848
0.015884783
0.015933864
0.015978124
0.015887262
0.01575625
0.015725665
0.016153697
0.016184742
0.01637367
0.01634197
0.016247207
0.016289463
0.016408773
0.016664928
0.016752886
0.016977351
0.017128691
0.017037118
0.01708719
0.01710788
0.017053427
0.017308993
0.01742496
0.017291982
0.017208455
0.017184688
0.017252408
0.017192557
0.017121488
0.01713392
0.017089339
0.017060671
0.01648922
0.016587662
0.016557164
0.016546924
0.016752128
0.0167772
0.016633447
0.01649465
0.01653619
0.017059252
0.017131269
0.017121924
0.016981702
0.016846376
0.016766908
0.016640464
0.016683334
0.016645297
0.016740851
0.01666529
0.01660439
0.016633198
0.016587915
0.016621856
0.016637722
0.016628213
0.016527817
0.016426418
0.016770234
0.016774833
0.016924713
0.016860664
0.016925363
0.016903758
0.01711223
0.017146802
0.017247345
0.017356742
0.017592452
0.017568083
0.017542029
0.017678292
0.01756634
0.017742254
0.017960677
0.018224638
0.018191809
0.018104013
0.01808884
0.018255472
0.018151723
0.018075254
0.01807119
0.01800164
0.01903218
0.019008923
0.019249683
0.019446217
0.019619575
0.019745918
0.019766968
0.019840974
0.019767247
0.019791959
0.01972613
0.019664308
0.019728465
0.019671714
0.019618863
0.01956985
0.019524617
0.01948312
0.019747598
0.02005749
0.020019323
0.019985003
0.020177776
0.020282539
0.020254834
0.02023101
0.020429509
0.020413198
0.020400742
0.020392127
0.020387346
0.02038639
0.02038639
0.02038639
0.02038639
0.02038639
0.02038639
0.02038639
0.02038639
0.02038639
0.02038639
0.02038639
0.02038639
0.02038639
0.02038639
0.02038639
0.02038639
0.02038639
0.02038639
0.02038639
0.02038639
0.02038639
0.02038639
0.02038639
0.02038639
0.02038639
0.02038639
0.02038639
0.02038639
0.02038639
0.02038639
0.02038639
0.02038639
0.02038639
0.02038639
0.02038639
0.02038639
0.02038639
0.02038639
0.02038639
0.02038639
0.02038639
0.02038639
0.02038639
0.02038639
0.02038639
0.02038639
0.02038639
0.02038639
0.02038639
0.02038639
0.02038639
0.02038639
0.02038639
0.02038639
0.02038639
0.02038639
0.02038639
0.02038639
0.02038639
0.02038639
0.02038639
0.02038639
0.02038639
0.02038639
0.02038639
0.02038639
0.02038639
0.02038639
0.02038639
0.02038639
0.02038639
0.02038639
0.02038639
0.02038639
0.02038639
0.02038639
0.02038639
0.02038639
0.02038639
0.02038639
0.02038639
0.02038639
0.02038639
0.02038639
0.02038639
0.02038639
0.02038639
0.02038639
0.02038639
0.02038639
0.02038639
0.02038639
0.02038639
0.02038639
0.02038639
0.02038639
0.02038639
0.02038639
0.02038639
0.02038639
0.02038639
0.02038639
0.02038639
