596.7634
310.22684
128.41885
83.00516
61.41983
48.268368
39.694614
33.161427
28.285297
24.577631
21.932241
19.68628
17.548616
15.94396
14.592671
13.463907
12.418224
11.538169
10.736667
9.971374
9.381033
8.782791
8.256864
7.803254
7.4336734
7.0201063
6.730722
6.409337
6.1944366
5.9604106
5.7972455
5.417474
5.4358854
5.183708
4.95477
4.7757664
4.6371584
4.477305
4.4482965
4.2311916
4.0267735
3.9569266
3.8478713
3.7871356
3.602456
3.5334961
3.4529636
3.3934894
3.3397014
3.2269247
3.1511664
3.0829513
2.9710507
2.9552324
2.8650026
2.8290226
2.7428584
2.7222898
2.6545413
2.607879
2.587953
2.54429
2.5261335
2.4525692
2.4113529
2.3791144
2.3772707
2.317057
2.3000252
2.276397
2.215462
2.1745358
2.153419
2.1418517
2.138733
2.0687273
2.0520756
2.025519
2.0143087
1.9824101
1.9566432
1.9307046
1.8965775
1.8741063
1.8698165
1.8678743
1.8316641
1.8185928
1.8228916
1.8075954
1.7782774
1.750279
1.7589259
1.7160077
1.7050521
1.6868116
1.658335
1.6644248
1.6390808
1.6426814
1.5990164
1.5986052
1.6057227
1.6327796
1.5966202
1.556201
1.5576756
1.592026
1.5193322
1.557638
1.5347415
1.5156257
1.4906291
1.4603895
1.4534001
1.4577618
1.4747207
1.4701847
1.4525565
1.4392062
1.4234833
1.4293084
1.4010578
1.4583358
1.3670919
1.3942581
1.3867526
1.4202379
1.3264223
1.3482208
1.3356733
1.3424261
1.3473608
1.3011824
1.3122265
1.3109223
1.3237662
1.2877748
1.2816423
1.2881808
1.2714287
1.2723386
1.2593756
1.2697359
1.249211
1.2355993
1.2386292
1.1996185
1.2013667
1.1992408
1.2384796
1.1560546
1.1675261
1.1747609
1.1826922
1.1970944
1.1917083
1.1390756
1.1275822
1.1394295
1.1464043
1.1187613
1.1160772
1.1314253
1.0911828
1.1124737
1.1183746
1.1048964
1.0856603
1.0960015
1.0885627
1.0815402
1.0645938
1.0478392
1.0654219
1.0554793
1.0551798
1.0480138
1.0522836
1.0507756
1.0470091
1.0430356
1.0441065
1.0371175
1.0218774
1.0165479
1.0016906
1.0254796
1.0007517
0.9951481
1.0041571
1.0132564
1.0007766
0.9930943
0.9784917
1.0014759
0.99281037
0.99485004
1.0047538
0.97091895
0.9599933
0.95193976
0.96042615
0.94468033
0.94822717
0.958713
0.95092267
0.95371604
0.9373319
0.9238503
0.93177724
0.92736596
0.92777884
0.9219712
0.9150014
0.91894144
0.9042485
0.912231
0.8904323
0.8922333
0.89817363
0.89621985
0.941364
0.8859863
0.9324451
0.8799131
0.89779544
0.8625467
0.9245151
0.85317117
0.86678046
0.8771315
0.8625984
0.8603142
0.8663733
0.8712577
0.84152955
0.8667398
0.85699123
0.87108445
0.86649835
0.84962434
0.83837545
0.85260606
0.84247553
0.8793729
0.8204194
0.81765765
0.82758325
0.82118845
0.84156954
0.82603514
0.85390323
0.8378296
0.81369805
0.81937456
0.81619686
0.83653563
0.8145337
0.7973496
0.80090606
0.7913446
0.79210836
0.7799942
0.77087516
0.7943312
0.77648735
0.7782212
0.81678116
0.76287013
0.75705755
0.75624704
0.76776093
0.7588838
0.7487998
0.7657192
0.7935487
0.7783113
0.78031415
0.7700756
0.7734357
0.7822877
0.7593576
0.74344885
0.76208705
0.77798223
0.74376225
0.7526809
0.76194054
0.7486155
0.7545632
0.7366939
0.7334265
0.7115698
0.70798665
0.7188554
0.7420775
0.75479275
0.7254316
0.70589274
0.7013188
0.72005856
0.73381793
0.6968937
0.70233446
0.6908735
0.7231515
0.7133502
0.68989056
0.69096214
0.6946473
0.6909869
0.68232626
0.6886773
0.68282217
0.6965798
0.69534045
0.6824608
0.6974798
0.6759907
0.681877
0.6703465
0.67333376
0.66703624
0.7112952
0.67596406
0.67257357
0.67801553
0.6917861
0.6963458
0.6615962
0.65609246
0.6710731
0.6609054
0.6783923
0.67221886
0.6647637
0.64675844
0.6722507
0.64474314
0.6482956
0.6978924
0.64618045
0.6517349
0.6533606
0.6340252
0.62584513
0.62622535
0.6249318
0.6251184
0.6167913
0.6414397
0.622152
0.61914605
0.61770135
0.63295937
0.6076864
0.60398984
0.6032166
0.5868779
0.6067226
0.59685016
0.62511647
0.59183353
0.59393907
0.6054573
0.6258299
0.6010856
0.6310145
0.61640686
0.62116295
0.61623925
0.60207385
0.5985063
0.59500146
0.5948471
0.60557353
0.61960286
0.5794208
0.5995633
0.6248383
0.56833404
0.60597366
0.5665797
0.57662916
0.56565154
0.57042265
0.57598877
0.5651051
0.5640543
0.5572897
0.56363
0.56561935
0.56658155
0.5664188
0.55883604
0.5546758
0.5572228
0.57571405
0.57562
0.55701756
0.55670166
0.5636052
0.54815865
0.5534346
0.5420017
0.54528064
0.5473774
0.5581787
0.5294672
0.5504661
0.54353243
0.5446287
0.52305925
0.5270756
0.55088794
0.5474714
0.5378148
0.5474339
0.55535346
0.5136448
0.54505914
0.5316506
0.5157195
0.5370908
0.5300431
0.504902
0.52622324
0.5444983
0.53392667
0.5432037
0.5142577
0.5233145
0.51178914
0.5151482
0.51323515
0.53257465
0.54419076
0.51426095
0.5165313
0.5017449
0.5276689
0.4893728
0.50470775
0.5038376
0.4897453
0.4844917
0.5040227
0.4975804
0.50067
0.5318475
0.50246507
0.49175173
0.4947401
0.4761091
0.49229947
0.5101612
0.48004797
0.48051938
0.49747604
0.48357552
0.48674786
0.47922838
0.4915884
0.46639234
0.49433583
0.4687563
0.4925176
0.4743854
0.49522716
0.48319513
0.46572047
0.46088818
0.4631511
0.485724
0.46535328
0.46086708
0.48265585
0.4681581
0.4941405
0.48043886
0.45319533
0.45738098
0.45276123
0.4775343
0.46327287
0.47834793
0.46710092
0.45485783
0.46183005
0.46421468
0.46584982
0.4516604
0.44925976
0.44897905
0.48157796
0.45481932
0.43839583
0.46441758
0.44903168
0.44336623
0.4695673
0.46575883
0.44321406
0.44806102
0.4444388
0.44783014
0.44592863
0.436444
0.4888536
0.45584163
0.4367913
0.43515295
0.42306784
0.44258505
0.43239832
0.42998263
0.44420457
0.4184016
0.42499763
0.43177003
0.41959822
0.40556496
0.41114265
0.42918476
0.44066864
0.43190557
0.42688686
0.42712605
0.42210966
0.4265942
0.45692745
0.40774742
0.42002368
0.42206672
0.429636
0.43422994
0.41579345
0.42100903
0.41727555
0.41955656
0.4431833
0.42599362
0.41302747
0.42019558
0.41747245
0.40740606
0.42153618
0.38859585
0.41874465
0.4155482
0.40240222
0.4126383
0.40116015
0.41214675
0.4181545
0.41418594
0.40402398
0.3970322
0.3923705
0.3982527
0.40524995
0.39969274
0.38701558
0.41980195
0.39487296
0.3970122
0.38815245
0.40631115
0.3837624
0.39607424
0.42567468
0.38821113
0.3948819
0.38799855
0.38717386
0.38149205
0.3685344
0.38533393
0.3754266
0.42100486
0.39568278
0.3829331
0.37991294
0.36151534
0.37105954
0.37560838
0.35929608
0.38047916
0.4563293
0.3655552
0.374332
0.3704979
0.383342
0.36786738
0.36865896
0.37274653
0.36383948
0.3873472
0.36437383
0.3842281
0.40588897
0.3623528
0.36723933
0.37773928
0.36430064
0.3766994
0.37753478
0.35015774
0.3521491
0.37098643
0.37172002
0.36285916
0.36087775
0.35290426
0.35895932
0.36574215
0.34733334
0.35247654
0.3661925
0.3489343
0.34974635
0.36982226
0.34280255
0.3594157
0.35360396
0.35501608
0.37628824
0.3764833
0.34135666
0.33449042
0.34530136
0.35655445
0.3452109
0.3347633
0.3562076
0.3386264
0.34445512
0.35482886
0.34142593
0.34430414
0.34488958
0.3356901
0.34372765
0.34024486
0.3562159
0.33992413
0.34353942
0.32411334
0.32930875
0.34099337
0.33531883
0.34226167
0.33284107
0.34208772
0.34147274
0.37253392
0.31937066
0.33545026
0.32979298
0.33280662
0.3244251
0.32975966
0.33939007
0.34513962
0.32766733
0.3230658
0.32078382
0.3348457
0.32505125
0.3230253
0.31906945
0.32207203
0.3550577
0.31437746
0.31101406
0.33549032
0.32095712
0.32438824
0.3243965
0.32376382
0.3189686
0.31330025
0.32797265
0.3115061
0.31293213
0.31348515
0.31579506
0.32706884
0.3081891
0.32626066
0.33201817
0.31477773
0.32204825
0.31642017
0.31089264
0.32078233
0.31301728
0.31506956
0.3140985
0.32651016
0.3212178
0.31689015
0.32029223
0.31770584
0.33151546
0.30639005
0.30132848
0.308379
0.32506135
0.33623308
0.2983958
0.33261016
0.29102433
0.30716106
0.31144634
0.31541145
0.30928186
0.30636755
0.31771067
0.29548937
0.3044118
0.30376536
0.29911
0.32511017
0.29117787
0.3066421
0.29825795
0.29076725
0.297536
0.29462957
0.28551424
0.28219748
0.29990476
0.30222595
0.28861
0.2853161
0.2794004
0.27644196
0.287135
0.27542824
0.28872535
0.29518092
0.2992994
0.28400552
0.28091672
0.2828921
0.27928188
0.27850446
0.28382248
0.30825698
0.29208967
0.29840416
0.28705323
0.2764818
0.2742241
0.28242385
0.2908867
0.2675822
0.2813733
0.2823538
0.27886066
0.28720453
0.28599954
0.27900502
0.2750886
0.2790189
0.2713815
0.27514195
0.3063256
0.34488216
0.29157588
0.30876616
0.28195438
0.30878356
0.29395768
0.29359013
0.31146538
0.27656397
0.31473958
0.3126415
0.28245962
0.28328633
0.28593722
0.28697932
0.2830375
0.28628513
0.27347696
0.27700332
0.28532034
0.27356124
0.27411306
0.32656538
0.28033265
0.26982036
0.2614322
0.2625917
0.25612536
0.26401255
0.27345243
0.2553268
0.25746414
0.26837784
0.26291734
0.26531222
0.25666577
0.25938758
0.26864833
0.2521154
0.27170864
0.26686716
0.26552486
0.25010946
0.25559804
0.26654342
0.2779896
0.26332375
0.26351592
0.2553123
0.28780165
0.2650715
0.2751285
0.25569433
0.26001236
0.26664147
0.26804182
0.2786499
0.2783922
0.26737985
0.277964
0.27051196
0.33801436
0.254982
0.2562431
0.26228586
0.27795264
0.2661384
0.28185678
0.2590035
0.2685526
0.2547824
0.26161486
0.28808367
0.2530364
0.24405208
0.27520487
0.252034
0.25157517
0.25695175
0.2643819
0.25227427
0.2546634
0.27141616
0.28461403
0.29232332
0.25586495
0.25749725
0.2750121
0.28730312
0.2817599
0.27620184
0.24727222
0.24057919
0.24314739
0.24551275
0.24259657
0.25237477
0.23758371
0.23955828
0.24044825
0.2386528
0.23759817
0.23245119
0.2222179
0.23516515
0.23783281
0.23562731
0.22899584
0.22787438
0.23676158
0.23230655
0.23267663
0.24209419
0.24545512
0.23011144
0.24723288
0.23631033
0.22987379
0.2160347
0.22387326
0.22027026
0.23280527
0.2179477
0.23701508
0.22970693
0.2170092
0.23508018
0.2349312
0.22825715
0.21916442
0.22220078
0.2237431
0.21644661
0.21387015
0.21155089
0.23142277
0.22023699
0.22361498
0.22929962
0.2243964
0.22725716
0.22999385
0.22588523
0.21275188
0.22562638
0.22082515
0.21869197
0.21189712
0.22244136
0.22382736
0.22510317
0.21999301
0.21167247
0.22723229
0.21642269
0.2245421
0.22033484
0.21111707
0.22050515
0.20815036
0.22386968
0.21264425
0.2148938
0.21497358
0.2122927
0.22544987
0.2243426
0.21413441
0.21681935
0.21158287
0.20761468
0.21160139
0.21001649
0.2054956
0.21173449
0.22693987
0.21541916
0.20930669
0.2236733
0.22673407
0.21402055
0.20640624
0.2264269
0.20730485
0.2762507
0.21700259
0.22543754
0.20869654
0.21705717
0.21603121
0.21177459
0.20530948
0.21520065
0.20942205
0.21294825
0.2082198
0.20409074
0.20871595
0.20456551
0.20923966
0.2008729
0.20961493
0.21311499
0.21034208
0.20586462
0.19988465
0.20934369
0.20963316
0.19733858
0.20170453
0.20984547
0.21288444
0.20185687
0.19377403
0.21123649
0.20642576
0.21187817
0.20073102
0.19913223
0.21049178
0.2007744
0.19327462
0.19164962
0.19216844
0.1912855
0.19575356
0.19225551
0.20338888
0.20961916
0.19380568
0.19579734
0.1912356
0.2012797
0.20419322
0.18969592
0.19652979
0.20389114
0.20462455
0.19225994
0.19763398
0.20179461
0.19258119
0.19385722
0.20977806
0.20472915
0.19676165
0.20321646
0.1984745
0.20357323
0.19431807
0.20069115
0.190318
0.19989628
0.21905012
0.18611644
0.1900933
0.18554589
0.18847214
0.2054185
0.19561328
0.18346237
0.18947141
0.18308555
0.18871187
0.18777628
0.18442874
0.177715
0.20534033
0.18631303
0.18704931
0.18939815
0.18934783
0.18722908
0.19549349
0.19062115
0.18609995
0.18171379
0.19476175
0.19297479
0.18388638
0.18411338
0.1840918
0.1834854
0.18326119
0.18270774
0.20673618
0.1890681
0.188209
0.18786767
0.21060897
0.20024592
0.1956814
0.18506777
0.17727867
0.18919955
0.17933734
0.17507806
0.18783075
0.19282971
0.17872368
0.17702827
0.2036779
0.18311234
0.1863804
0.19554578
0.17824951
0.17561312
0.17221023
0.19052519
0.18075009
0.18168886
0.17900287
0.17413291
0.17359605
0.17684673
0.17414951
0.17402086
0.17414486
0.16908082
0.16837958
0.17489034
0.16914015
0.17266144
0.16820434
0.17080404
0.2050436
0.16790739
0.18243594
0.17827287
0.17682049
0.2005851
0.16804092
0.16721243
0.17325704
0.16695872
0.17085274
0.17202958
0.16697295
0.1662793
0.16726607
0.17011301
0.17536019
0.16152848
0.17836916
0.16458756
0.15868644
0.16863959
0.17067026
0.16486543
0.15707675
0.1695914
0.15908383
0.16310084
0.17047477
0.1584112
0.16397534
0.1644157
0.15964144
0.17358993
0.16055246
0.17087567
0.16029681
0.16241355
0.1605411
0.16435954
0.15860853
0.16267255
0.16144945
0.16422674
0.16403443
0.1512063
0.16362546
0.15198767
0.15588143
0.1694279
0.15328643
0.15488936
0.15766189
0.15123853
0.16303104
0.15414123
0.16027603
0.15836279
0.15034401
0.15078677
0.15844148
0.15362921
0.15599182
0.155889
0.15353227
0.15173562
0.15122034
0.15655386
0.14780742
0.15022857
0.1550287
0.15289599
0.14811726
0.1516087
0.15640518
0.14741223
0.14947484
0.15171383
0.14873004
0.1549346
0.15367307
0.15804803
0.15485881
0.15037958
0.16172607
0.15132079
0.16794086
0.14761288
0.14639217
0.14879926
0.14435089
0.15173137
0.15218247
0.14828226
0.15319692
0.14558615
0.14931802
0.14628202
0.15160006
0.141993
0.14592755
0.14540894
0.15590273
0.14941005
0.14412796
0.14279725
0.15333259
0.14463851
0.15460157
0.15083803
0.14840427
0.14531563
0.14943741
0.14556988
0.14606233
0.15420689
0.15811504
0.15203635
0.15869768
0.1417519
0.14401811
0.14422713
0.13491899
0.14060111
0.14042735
0.14808805
0.15358591
0.14192429
0.14413436
0.1442762
0.1345587
0.14502124
0.13601716
0.13687469
0.14089568
0.1425617
0.14379008
0.1455828
0.15207721
0.14736268
0.142209
0.14289491
0.1429038
0.14616802
0.14073138
0.1431049
0.14372778
0.14443168
0.13761912
0.15320379
0.14609623
0.13367873
0.13584483
0.13785611
0.14077081
0.1475127
0.13307142
0.13596013
0.14082599
0.13893373
0.13908976
0.14222467
0.14029472
0.1486756
0.13522412
0.14070494
0.13590117
0.13146576
0.13577509
0.14513259
0.13764814
0.14487323
0.13962254
0.13653201
0.1315697
0.13743526
0.14712779
0.13209102
0.13920192
0.13492465
0.13441946
0.14051825
0.13135001
0.13111046
0.1380221
0.13557826
0.13722774
0.14156966
0.13326034
0.13827135
0.13983653
0.12687759
0.13456364
0.13113034
0.13455929
0.13320798
0.13662106
0.13346212
0.13155462
0.13921446
0.13434093
0.13957396
0.13198635
0.12568139
0.13081968
0.13689853
0.12893352
0.12967885
0.13631319
0.1264033
0.13305064
0.15489483
0.13066553
0.13084368
0.15203665
0.1284265
0.13900438
0.12483257
0.1313424
0.13014905
0.13855411
0.12830432
0.13101867
0.13008264
0.13822795
0.12580663
0.12681563
0.12600286
0.13268343
0.12948205
0.13401058
0.1482409
0.124106124
0.13459231
0.12530446
0.12792669
0.13887566
0.13050666
0.12808388
0.124035195
0.13403282
0.1267482
0.13375524
0.12960158
0.124935776
0.13160172
0.13220583
0.1308261
0.12683773
0.12664063
0.12776253
0.12230154
0.12561642
0.12852643
0.1268685
0.12223165
0.1256483
0.1280169
0.12126154
0.12631467
0.13506141
0.121126495
0.12580395
0.12149083
0.13070963
0.11893326
0.13599716
0.12894781
0.12552638
0.1271954
0.12909673
0.121904805
0.1307919
0.12558629
0.1312936
0.13269822
0.13009575
0.13488366
0.12295654
0.13008943
0.123553075
0.12594119
0.12638378
0.13032128
0.123642266
0.12285899
0.1331935
0.12361706
0.12205288
0.12192477
0.12490015
0.12696943
0.13444422
0.13048084
0.12720154
0.1279378
0.13212402
0.13259457
0.12594225
0.12849446
0.119999535
0.13297762
0.13418639
0.11876132
0.12334696
0.12219382
0.12564018
0.123721175
0.12187733
0.15252998
0.12492192
0.1262351
0.12605402
0.1231137
0.12114865
0.13177928
0.12824073
0.127928
0.12447109
0.11778473
0.119721435
0.11756491
0.118674286
0.12010194
0.12708203
0.1255692
0.11660147
0.12238727
0.11531567
0.11995569
0.124202706
0.13153006
0.13169834
0.12490412
0.120032415
0.14227214
0.12751931
0.11848877
0.13365567
0.11662136
0.12528464
0.12635458
0.12018008
0.12272947
0.14308746
0.12913989
0.12148797
0.13254286
0.12512937
0.1358935
0.12671538
0.15227641
0.16479637
0.13145472
0.13900371
0.15372998
0.13472772
0.12852228
0.12436867
0.124280155
0.11287609
0.12148973
0.12249309
0.12065078
0.13028286
0.117926255
0.13015163
0.1313555
0.11349479
0.11730462
0.11700783
0.12045785
0.11418799
0.11681899
0.114379324
0.11175273
0.12346202
0.11668971
0.130663
0.11377498
0.114124715
0.11831669
0.11408451
0.13866673
0.120187484
0.11996529
0.12286511
0.10942007
0.11652182
0.116345294
0.11440949
0.10974808
0.11624815
0.11399628
0.11302968
0.11701846
0.10839531
0.11290037
0.1133585
0.12775996
0.11465583
0.11704603
0.1187652
0.11379084
0.11501155
0.11579417
0.1240843
0.12069513
0.117060155
0.11270559
0.1241115
0.11604216
0.11386632
0.123530224
0.10655983
0.12973246
0.15900669
0.111983545
0.112459995
0.1229434
0.11676792
0.114196435
0.111477114
0.107741706
0.118499115
0.14763255
0.11523852
0.11929765
0.112139724
0.113892384
0.10406377
0.11652801
0.1087258
0.11292451
0.1024181
0.10724796
0.10466182
0.10866552
0.10275199
0.102452666
0.113701716
0.10869155
0.102948256
0.10599064
0.120560326
0.1086574
0.1152776
0.10614512
0.10805656
0.11514833
0.10174587
0.10707111
0.108965516
0.10017058
0.09886296
0.107836656
0.105749205
0.112338126
0.10754249
0.10761612
0.11853548
0.10955144
0.10901309
0.10511424
0.11101932
0.11234568
0.106636554
0.1145804
0.122432716
0.1049503
0.10741961
0.11702477
0.11245573
0.112134814
0.10760696
0.11767539
0.105542116
0.122863375
0.10726758
0.10814384
0.11222208
0.11228053
0.1100873
0.10937323
0.11292705
0.10699177
0.13050498
0.10709742
0.11243689
0.11363896
0.111201115
0.119436264
0.117921606
0.13089561
0.114911616
0.11135816
0.12119081
0.13320032
0.11352324
0.11478173
0.11339227
0.102380075
0.11098733
0.102698244
0.112056024
0.10622899
0.10019695
0.1003073
0.10596954
0.101225756
0.10248975
0.10622885
0.09498396
0.10469239
0.10033497
0.098838374
0.098835014
0.10065862
0.10067796
0.10979634
0.09799422
0.11112103
0.10471685
0.11080949
0.10467387
0.108220816
0.097904116
0.105568625
0.11784844
0.10309359
0.099503465
0.103136204
0.104314424
0.10581669
0.1009586
0.11004104
0.10748752
0.10885137
0.109277196
0.10454401
0.11226563
0.105250336
0.10814734
0.10814133
0.1045586
0.100438215
0.10033017
0.10516342
0.106496505
0.10036102
0.10640691
0.102575645
0.09742458
0.10214603
0.103869505
0.110980965
0.10194358
0.117119744
0.11235177
0.109376654
0.10860452
0.101569265
0.10152964
0.108290605
0.10447126
0.112995654
0.10237162
0.09498432
0.10216954
0.099651925
0.09979311
0.11147236
0.10296204
0.10120127
0.09248776
0.101816766
0.09829617
0.094852515
0.09422855
0.09916029
0.10584316
0.095792785
0.100510366
0.098187804
0.09961617
0.09924264
0.1022294
0.09545037
0.09251253
0.09457208
0.095020026
0.09629633
0.106637344
0.10349058
0.091426626
0.1013814
0.09704789
0.092376396
0.09077158
0.096081436
0.101759024
0.09153003
0.089410186
0.08707569
0.09478875
0.09223703
0.08793125
0.08664578
0.08958674
0.087970555
0.08579886
0.08959937
0.08955275
0.09145952
0.09477107
0.10563993
0.09568871
0.093119845
0.090017974
0.09243851
0.09705422
0.08738388
0.094983496
0.09600452
0.09375711
0.09437865
0.09115597
0.09274786
0.092772156
0.10270781
0.099503234
0.09221859
0.09256743
0.09645544
0.09046752
0.10562364
0.09788659
0.09884224
0.10278965
0.1669497
0.1345142
0.11944554
0.09376495
0.098215654
0.094122924
0.10074402
0.10639623
0.09450855
0.093670346
0.11620377
0.09711408
0.086739734
0.08815877
0.09260428
0.08873864
0.09032569
0.08909753
0.091719605
0.08120077
0.080850475
0.09255984
0.09163959
0.08216278
0.09082028
0.089572564
0.0925445
0.08327417
0.087839104
0.08234982
0.085167035
0.09046945
0.092224054
0.08682789
0.0878311
0.08270079
0.084722824
0.08426757
0.08472108
0.09563746
0.09647459
0.1009815
0.12360188
0.13767113
0.13209061
0.0814763
0.13623701
0.1366399
0.079920135
0.11321153
0.14879449
0.10793401
0.09634069
0.22145675
0.10782068
0.085206956
0.08986065
0.079365
0.090829276
0.08486774
0.07885788
0.08751398
0.088254236
0.078881174
0.08486033
0.08125957
0.094969414
0.0796643
0.08417481
0.08685055
0.08144506
0.07800738
0.08497766
0.082306415
0.08647196
0.081006855
0.08889141
0.08761591
0.08846061
0.08259472
0.08535505
0.07997576
0.08168489
0.08419736
0.089996144
0.08268039
0.0858264
0.085771166
0.08412046
0.08731024
0.09124237
0.08045053
0.07873871
0.07548852
0.10776339
0.08230501
0.08717606
0.084895685
0.08608857
0.07659125
0.086885326
0.09037269
0.08347482
0.08582619
0.085835114
0.08655983
0.084188215
0.08251952
0.08458201
0.07680497
0.08577086
0.079320095
0.087678626
0.07822068
0.090835534
0.07573536
0.095674954
0.07972994
0.08388168
0.077578984
0.07955656
0.084101446
0.07737485
0.0831782
0.084576316
0.077343754
0.0787011
0.09894515
0.081309974
0.08427033
0.08221845
0.079581164
0.080268644
0.079306446
0.07772436
0.076234505
0.07314411
0.073501125
0.085039504
0.07752312
0.07941175
0.0762933
0.076903835
0.07999528
0.07354327
0.07638624
0.088329494
0.08199421
0.078708194
0.08322135
0.08798896
0.07949417
0.07881012
0.08112215
0.075581506
0.075665444
0.07570445
0.09333219
0.07799279
0.07278343
0.07741268
0.07611622
0.07561877
0.072181
0.07663319
0.08449155
0.07507236
0.0709061
0.07702869
0.09596556
0.094272815
0.07310691
0.07421302
0.07212797
0.07029077
0.07503768
0.07438403
0.08041679
0.070761986
0.07166578
0.07966588
0.07271119
0.07155742
0.076143116
0.082275
0.07682364
0.08043807
0.080621056
0.07449629
0.073827595
0.07570066
0.07396294
0.0763923
0.08027969
0.079179324
0.08200574
0.07628721
0.07424763
0.07763267
0.07622454
0.07653917
0.07256447
0.07415575
0.07556862
0.07812945
0.07623602
0.07978205
0.07647723
0.08035652
0.073375285
0.07308131
0.07282847
0.075916916
0.085081376
0.07190997
0.075471595
0.072610974
0.06606131
0.07420509
0.07289215
0.07057098
0.07453509
0.07180048
0.07755448
0.07476952
0.06893146
0.07327478
0.0757734
0.08010526
0.06788502
0.06996474
0.07218209
0.07484935
0.07234852
0.07219368
0.07588726
0.069586195
0.07524913
0.078423
0.07615674
0.06904382
0.07380309
0.07143757
0.07590566
0.080892645
0.07700804
0.07868941
0.07497049
0.07267992
0.07305326
0.074149445
0.07128165
0.0781633
0.0734594
0.07404525
0.07088487
0.0803004
0.07438394
0.07438242
0.07707323
0.066520475
0.07422389
0.07035312
0.07036917
0.0706097
0.06950324
0.083709106
0.070119955
0.07597853
0.075241014
0.07982873
0.07756696
0.08196004
0.08257757
0.07940376
0.08470729
0.07615301
0.07227906
0.07136579
0.07305628
0.068552695
0.06937866
0.06789825
0.06903765
0.07607702
0.069084264
0.07149122
0.06815548
0.07437355
0.069474526
0.06895782
0.07084328
0.076395035
0.06638158
0.073620155
0.07477474
0.07454087
0.076809146
0.073414706
0.0768234
0.07200377
0.082849674
0.07661194
0.08339974
0.0921842
0.07187905
0.083610624
0.06889026
0.0942998
0.09060741
0.08917646
0.07750366
0.08322119
0.073835425
0.080463625
0.07491446
0.0742254
0.080787905
0.086750664
0.07840081
0.07497218
0.08223453
0.07925131
0.07450554
0.076800056
0.07666925
0.079345554
0.07368865
0.08270322
0.07530347
0.07746549
0.07168697
0.07108109
0.07629407
0.07519552
0.076014906
0.09626972
0.07093061
0.10466341
0.07419062
0.07585146
0.080078006
0.07767767
0.07306687
0.078008465
0.07139562
0.07528371
0.07202339
0.072565824
0.08176778
0.078231506
0.07343422
0.06875859
0.07889264
0.06479311
0.068862595
0.06566218
0.066229306
0.06420897
0.07169869
0.06964626
0.07518553
0.07000726
0.072994076
0.06536076
0.06968126
0.07254669
0.093204245
0.06627978
0.065845974
0.06409345
0.069593936
0.07688627
0.07158997
0.07832748
0.06638931
0.06461396
0.07162041
0.07052895
0.073571764
0.07203173
0.07116117
0.065400474
0.06513767
0.06746284
0.066816896
0.070831254
0.0702367
0.06431013
0.06767752
0.06985466
0.06509197
0.068501405
0.06377623
0.07881358
0.06820187
0.06716148
0.06789877
0.06517085
0.07534739
0.067541465
0.06589071
0.06113553
0.064403325
0.06174056
0.06301767
0.069026805
0.06441689
0.06426239
0.061025657
0.065378755
0.06861027
0.06147938
0.061100803
0.069865525
0.05762719
0.061773088
0.0670315
0.06245992
0.07098283
0.06543334
0.06900773
0.060996477
0.06338731
0.08009218
0.06403126
0.067105226
0.062096585
0.06643602
0.06512966
0.065026894
0.06177975
0.06252064
0.061678648
0.06818772
0.06957901
0.066275865
0.06598988
0.06811916
0.059224293
0.06669897
0.06549644
0.07887975
0.06570482
0.06413378
0.075432286
0.06530401
0.06347264
0.060916375
0.069407366
0.067477114
0.06630056
0.0645561
0.06757741
0.071615115
0.068726346
0.061168887
0.08024232
0.057794973
0.063172184
0.06603451
0.063736275
0.067760296
0.060734354
0.07136108
0.064259864
0.06403564
0.06259121
0.064940825
0.061348405
0.058397654
0.056512814
0.06258747
0.063259
0.06875115
0.06127368
0.058704954
0.06465513
0.06033231
0.06140046
0.06256004
0.058964178
0.08834866
0.063777484
0.06536912
0.05858297
0.061915237
0.058466006
0.06065261
0.06632946
0.06156506
0.05789122
0.06351411
0.07878044
0.058836706
0.064806305
0.062519506
0.060917236
0.05829548
0.06319959
0.059204437
0.063445024
0.06647097
0.06566475
0.06347222
0.057887483
0.05795568
0.061959144
0.070392795
0.062176634
0.06315078
0.05990036
0.06181207
0.065745555
0.064322986
0.05946221
0.06769139
0.058897592
0.061125576
0.06513141
0.06288235
0.05978206
0.062808044
0.061566867
0.060429513
0.062734894
0.06856681
0.062555104
0.06077401
0.06864859
0.06315755
0.0641772
0.05681086
0.06066504
0.06700942
0.06280652
0.061313026
0.06505954
0.05897442
0.06540637
0.062267054
0.061766252
0.06930335
0.060102344
0.05950887
0.06483567
0.062688455
0.06317215
0.0654115
0.06251395
0.066364355
0.063675076
0.067867264
0.05695206
0.061009783
0.058930032
0.058613528
0.060603697
0.060251642
0.062305402
0.061199334
0.06026257
0.063093044
0.06453209
0.066080645
0.0648316
0.059830774
0.05897275
0.059340708
0.05634878
0.060532145
0.060065687
0.059903387
0.06475327
0.06888876
0.06371019
0.057390943
0.06338946
0.058668558
0.0686473
0.06696763
0.05933137
0.061899114
0.06342943
0.057577904
0.060890894
0.06716618
0.06202948
0.05842655
0.061790366
0.06051502
0.061893184
0.068167605
0.072153285
0.07930868
0.060026247
0.069711395
0.06285367
0.0621466
0.06020479
0.060392313
0.060674276
0.06789614
0.058796905
0.05884643
0.05680693
0.072514944
0.06442852
0.06458298
0.062115066
0.057430513
0.068302624
0.06369003
0.060150947
0.05832768
0.06684854
0.05762953
0.059781305
0.06132811
0.06588437
0.059996784
0.062477034
0.06436487
0.06124932
0.061436698
0.06002997
0.064656444
0.05445146
0.057624917
0.07012835
0.060805652
0.06263785
0.06591616
0.058882315
0.063503206
0.060431954
0.06036565
0.059939425
0.061411265
0.056226958
0.06343349
0.059755307
0.061547123
0.059822474
0.06004369
0.057746213
0.05693355
0.05778394
0.058281798
0.06262771
0.059659686
0.063737385
0.054838087
0.060214166
0.061763044
0.060270548
0.06312116
0.05780807
0.06593246
0.057259873
0.067765646
0.067424715
0.065806426
0.061468743
0.06370162
0.062694654
0.05714614
0.06361095
0.06268589
0.06045533
0.061855126
0.055960454
0.061756592
0.07528666
0.058594063
0.06904238
0.06415142
0.06279585
0.061469607
0.070819095
0.062413823
0.060870714
0.07151491
0.058876123
0.06568911
0.06219467
0.05912538
0.05739146
0.058384873
0.06460831
0.062946916
0.05887848
0.061907843
0.061728872
0.059536453
0.05905184
0.07990073
0.061537214
0.06519732
0.059810758
0.06260318
0.059704926
0.06092253
0.06533559
0.05975504
0.06252735
0.060258895
0.06222241
0.06293652
0.05776691
0.05933072
0.06258202
0.061156705
0.060700987
0.06362277
0.054546706
0.060400646
0.058946844
0.05386159
0.05685433
0.058938645
0.05664421
0.06099557
0.058900382
0.059109975
0.059799872
0.05880317
0.064562164
0.060043532
0.05911048
0.062244505
0.065053
0.0649678
0.06261576
0.059135668
0.05794785
0.056076176
0.058579724
0.058235545
0.05648943
0.059397917
0.0638099
0.061731495
0.058694545
0.060301244
0.058701444
0.06341666
0.0665188
0.058057737
0.06863968
0.05438243
0.059863593
0.062325288
0.053548593
0.057391047
0.061385375
0.05833855
0.062111404
0.059606977
0.051817667
0.059237
0.060182832
0.06116051
0.056726974
0.061678726
0.05764127
0.055915006
0.05713734
0.060829893
0.055759683
0.061647367
0.06382222
0.06125527
0.059728015
0.060708724
0.05495146
0.06362193
0.065817624
0.057450805
0.059029553
0.064140655
0.061332006
0.058364272
0.06504959
0.06109672
0.063237235
0.05741365
0.05895191
0.058662523
0.057228483
0.060314428
0.05545182
0.056530282
0.052571356
0.059737105
0.051250376
0.054903746
0.0614374
0.057762004
0.06719784
0.0552501
0.053808782
0.056864902
0.05756059
0.050233234
0.062051617
0.057088774
0.05490008
0.055968706
0.05688198
0.050717235
0.052176543
0.057321183
0.055298053
0.05243225
0.052164536
0.060017485
0.053197008
0.052775484
0.057434104
0.07059052
0.06757414
0.05584047
0.05426082
0.0532529
0.0546747
0.06084728
0.05128469
0.05967111
0.05413737
0.058950473
0.052863587
0.055153232
0.056723714
0.0575234
0.0551586
0.057647612
0.056991015
0.055072565
0.052962985
0.05705704
0.058553085
0.052075468
0.06620064
0.056344487
0.05754073
0.053044304
0.054942712
0.059551507
0.058596775
0.06021765
0.053475495
0.058597114
0.058136456
0.06055871
0.06339094
0.052100334
0.063303664
0.05401447
0.055253934
0.05394182
0.056772884
0.05422889
0.061315924
0.05053473
0.056241754
0.055855248
0.053132385
0.052967295
0.055411268
0.055716295
0.059083544
0.05361891
0.052419983
0.05592514
0.05427875
0.05794683
0.05525025
0.06711222
0.061327
0.04970218
0.055168733
0.05536009
0.053009793
0.05741535
0.052550137
0.051433247
0.052564915
0.05138449
0.05067449
0.063947745
0.06149278
0.048467007
0.06462743
0.052814174
0.0507454
0.053525787
0.05108511
0.061089978
0.057298794
0.05498349
0.053381935
0.05349901
0.059392866
0.054381944
0.05406391
0.057409845
0.05022113
0.05571893
0.04806155
0.05626906
0.052269932
0.06423866
0.052004915
0.055287547
0.048943702
0.05708908
0.052344527
0.05765797
0.05429315
0.055176396
0.05680287
0.05197539
0.051219266
0.05672635
0.048746645
0.048199292
0.05354126
0.058597993
0.054610822
0.052047264
0.05955605
0.05363712
0.055203363
0.056688067
0.055330355
0.05304938
0.06111663
0.052778352
0.049950697
0.05545284
0.053645927
0.06576114
0.056844443
0.0599532
0.05625099
0.054520544
0.05370116
0.04799365
0.05518017
0.059274506
0.06125723
0.05564717
0.06010219
0.055162743
0.059671998
0.059242513
0.06055465
0.06234662
0.061847992
0.07134215
0.06820958
0.05782104
0.065030135
0.06566417
0.05532015
0.06465688
0.059733402
0.065694116
0.07429402
0.06482977
0.06532808
0.064728774
0.07799771
0.06972194
0.07236625
0.060391434
0.062472057
0.06510522
0.059891194
0.06767624
0.07170361
0.06812648
0.07352275
0.06566038
0.0635296
0.07232778
0.070214204
0.06738372
0.0738134
0.06314962
0.06426081
0.06075946
0.05995399
0.07463871
0.061462406
0.06595986
0.06810519
0.0692665
0.06566406
0.062683076
0.054487053
0.06351303
0.0625648
0.059309043
0.057602365
0.057140008
0.059282567
0.06242207
0.056512345
0.05894038
0.066747904
0.058197428
0.05903369
0.06375877
0.057719763
0.06962885
0.063129775
0.07500072
0.073476404
0.09885939
0.094828814
0.09591992
0.08642508
0.058858197
0.079603255
0.0669916
0.06521232
0.061288796
0.069595344
0.06169471
0.072353296
0.071096145
0.06333402
0.066153385
0.06645157
0.07417664
0.05578364
0.10705617
0.0862474
0.076057464
0.074876435
0.06515576
0.07572367
0.06940098
0.06613492
0.06614177
0.07082173
0.06638542
0.061419584
0.055108935
0.067320794
0.06313915
0.06699241
0.06322921
0.0580224
0.07309792
0.059179265
0.062680036
0.059399787
0.058991004
0.050972834
0.05366018
0.049016584
0.060363602
0.06602489
0.052651603
0.054063506
0.05510845
0.05434692
0.055116404
0.056256603
0.0591588
0.059290823
0.060580578
0.05502914
0.054032233
0.05421537
0.055993605
0.055397823
0.10629424
0.05368592
0.05681752
0.05372088
0.051951084
0.051529657
0.048950832
0.058526777
0.05097737
0.05418033
0.06012166
0.052181304
0.060692158
0.058457352
0.057588078
0.05792729
0.055478055
0.056260046
0.055117033
0.059313327
0.05497975
0.055722486
0.06007126
0.061589614
0.06508418
0.05749077
0.054221686
0.060464047
0.06332001
0.057385515
0.052835964
0.0505012
0.057015177
0.052604202
0.06015413
0.05071969
0.056858882
0.053043906
0.05993882
0.050054673
0.049569584
0.051150456
0.048352342
0.046130937
0.04916249
0.04797211
0.053070586
0.054686125
0.04986261
0.053371966
0.05857452
0.048677355
0.046449233
0.04940105
0.04551104
0.045462128
0.07021155
0.050701223
0.05067587
0.044239502
0.04811497
0.050439335
0.04727946
0.0478864
0.060367547
0.047956582
0.048298735
0.04729707
0.046633955
0.04610331
0.04591609
0.04625519
0.05060945
0.04761875
0.047667604
0.05324836
0.060906235
0.048046965
0.04972052
0.052223146
0.05164245
0.048230227
0.051167987
0.043557934
0.043778755
0.05377383
0.04435487
0.04408244
0.051207963
0.049312156
0.050802574
0.056963425
0.049192965
0.04685594
0.045308873
0.045786753
0.04921942
0.057547074
0.046427365
0.04713838
0.046897873
0.044744432
0.04368378
0.049125515
0.0425193
0.045611884
0.04485941
0.052945178
0.058576535
0.046753403
0.045846682
0.048241954
0.042521592
0.046178415
0.05132976
0.04560538
0.042778537
0.044293694
0.045336887
0.046423696
0.04941026
0.041177556
0.045666892
0.04143108
0.050574407
0.04994901
0.043307595
0.044904
0.047696985
0.054538127
0.055229016
0.053788874
0.046783406
0.047116593
0.050996706
0.04836341
0.060991425
0.05559745
0.045657814
0.052750725
0.07484893
0.059430096
0.05083653
0.043572005
0.04979904
0.04999189
0.05324829
0.045248665
0.04172091
0.044026576
0.048097923
0.050397623
0.05104107
0.048791092
0.0488723
0.04590407
0.044246178
0.052177086
0.049184587
0.048548836
0.04457139
0.053126805
0.047165036
0.047832903
0.04252289
0.047275037
0.04543893
0.045757398
0.045063864
0.047053646
0.039057042
0.04597956
0.04598796
0.052126426
0.04419968
0.049205057
0.04664017
0.039545506
0.048252583
0.04364287
0.047583062
0.04650325
0.053884733
0.05109889
0.044040717
0.04783617
0.049895912
0.049225427
0.04406135
0.0478762
0.044821773
0.047066204
0.047823593
0.046352673
0.046456553
0.05064665
0.055348355
0.05204788
0.052013498
0.046473242
0.047447763
0.047509898
0.047847576
0.043410078
0.046698205
0.045660574
0.047544755
0.045282803
0.049942456
0.042873673
0.040367585
0.043244418
0.044237062
0.049505703
0.042099807
0.04668317
0.043659613
0.04123685
0.041102584
0.04398807
0.05244606
0.044744447
0.05706304
0.045144744
0.041140012
0.05743103
0.04417113
0.050081804
0.056720328
0.047505807
0.045781452
0.050164588
0.051662613
0.042201854
0.041228157
0.05183043
0.04257929
0.048653785
0.04336891
0.03974329
0.04937239
0.051031258
0.045158867
0.04753174
0.039883565
0.043113176
0.047120113
0.043938912
0.04962877
0.044544768
0.039500482
0.04349418
0.042985
0.04228734
0.040141355
0.047676716
0.04947334
0.0463866
0.05115704
0.042681947
0.04324455
0.04909629
0.04830626
0.043580394
0.046176907
0.051290546
0.045704618
0.04427185
0.04446676
0.0477417
0.04522601
0.042426296
0.04694648
0.039959792
0.044923622
0.045839664
0.045074604
0.044607803
0.045338865
0.045842446
0.051086895
0.04388432
0.04679203
0.048774187
0.04024856
0.047263067
0.04565935
0.047556162
0.04370209
0.043322936
0.051925234
0.047474436
0.041022662
0.044184774
0.046899863
0.045393303
0.047587518
0.04543697
0.042511366
0.042637855
0.04631958
0.045929246
0.049339812
0.042893685
0.0457081
0.042963624
0.045611676
0.04784094
0.044558108
0.04908098
0.04556901
0.045705944
0.0383318
0.05517554
0.04400521
0.047662567
0.043540854
0.04864162
0.049558472
0.05820563
0.045787297
0.048701763
0.04300923
0.04428124
0.0495952
0.055986863
0.048121214
0.043130446
0.054200795
0.04654864
0.049768977
0.047758065
0.043555345
0.04655929
0.04807805
0.046998322
0.04756526
0.046674274
0.049494594
0.043434244
0.047932114
0.051009454
0.049297716
0.0450713
0.05099804
0.047163703
0.055183657
0.045640953
0.05425407
0.054532796
0.053734224
0.04871888
0.045180704
0.04734723
0.05173466
0.054280527
0.046307184
0.0413242
0.050538242
0.046942394
0.05421833
0.045367785
0.049792018
0.048347615
0.04936584
0.049944878
0.04761742
0.048119787
0.049127944
0.047621418
0.05970802
0.048933767
0.049391612
0.04689201
0.051964313
0.05402603
0.05438873
0.044972498
0.0748687
0.06588291
0.096494704
0.081384934
0.07432731
0.057278972
0.057616923
0.059614677
0.06083657
0.051540177
0.052791793
0.053244803
0.04968403
0.05056594
0.049132466
0.053193927
0.051944576
0.054073405
0.056302488
0.051991876
0.047119442
0.055636697
0.054974616
0.046526004
0.05396756
0.05246738
0.04389981
0.042752784
0.043923162
0.046046223
0.044295706
0.047040265
0.042274836
0.042175416
0.045978684
0.041903734
0.040928356
0.04728139
0.048680298
0.040976215
0.043905593
0.04404305
0.041417968
0.045626033
0.044085313
0.051282577
0.04438648
0.039059278
0.038514804
0.03676636
0.049329266
0.043853913
0.04561948
0.053510763
0.061525814
0.054234598
0.048695248
0.044545677
0.04107155
0.0413686
0.041189417
0.04213698
0.043633077
0.03982299
0.040848147
0.03981577
0.039159562
0.043160856
0.042508557
0.03966644
0.038476817
0.03963046
0.045131985
0.041196465
0.036384705
0.04625197
0.040841848
0.039058708
0.038243514
0.038395192
0.039214984
0.037648145
0.03707197
0.038744234
0.038529117
0.037525114
0.037792984
0.03628086
0.046964653
0.03914536
0.039556492
0.03431264
0.0381665
0.0420033
0.03754199
0.039073814
0.040398978
0.037934054
0.04714578
0.038183603
0.038081046
0.044335876
0.04945867
0.037849586
0.033797458
0.03980222
0.047080055
0.04071402
0.04182353
0.0368237
0.04867668
0.03254234
0.039991993
0.043423396
0.043480292
0.039126355
0.04388148
0.041928083
0.0399113
0.04121324
0.040632285
0.038207952
0.03596924
0.035326637
0.03577623
0.03696386
0.038261227
0.04347421
0.03576239
0.040472016
0.03766447
0.03897513
0.03694356
0.041094124
0.037932992
0.034945134
0.038381234
0.037142213
0.04915109
0.048498344
0.0396431
0.034100696
0.0370311
0.036192965
0.04209451
0.03731692
0.03767295
0.03558078
0.035412263
0.039210364
0.041142832
0.033423837
0.036186263
0.037556536
0.041234262
0.03621124
0.033992406
0.038789622
0.034145966
0.038771324
0.033640556
0.035946846
0.0359662
0.03810996
0.0372984
0.04090772
0.03891662
0.036445342
0.037362285
0.040660627
0.033746406
0.035707816
0.03747292
0.03579998
0.043600805
0.03792155
0.044610273
0.035077147
0.040354714
0.034615498
0.04452088
0.03845299
0.03387056
0.035276216
0.033899058
0.034503844
0.038220778
0.035938546
0.038189635
0.040054347
0.042996664
0.036723554
0.03717122
0.040889587
0.036780126
0.04034851
0.03574549
0.04543288
0.039264884
0.034639664
0.034803014
0.03598007
0.035080567
0.036315456
0.03788922
0.039414953
0.037369143
0.044798754
0.038969766
0.039229307
0.039065838
0.034719512
0.040886622
0.03713159
0.04422362
0.03563613
0.038716808
0.04992915
0.039858103
0.046063304
0.052202713
0.050585024
0.047752444
0.05956812
0.11085207
0.09684113
0.04428086
0.04455774
0.042002488
0.035958182
0.036020078
0.05153371
0.03960556
0.032329462
0.032744337
0.03176918
0.033364184
0.032450575
0.034500852
0.037117276
0.035949383
0.039358523
0.036168396
0.036455397
0.035147354
0.033744283
0.034229025
0.035475887
0.03904486
0.042521488
0.040833827
0.0400518
0.045685805
0.044913843
0.045309678
0.036939792
0.031492356
0.030938352
0.031149114
0.033301614
0.035430145
0.0347129
0.038284134
0.0358877
0.035238676
0.036340248
0.034531392
0.035898052
0.035380658
0.035425372
0.036033235
0.036888618
0.039500333
0.03635762
0.03770227
0.038758833
0.037648603
0.03701048
0.039057896
0.037161
0.03693487
0.038831513
0.042320505
0.039394755
0.038888846
0.0586715
0.04416694
0.03735095
0.033198625
0.033559177
0.032440636
0.0325299
0.032390315
0.033179455
0.033079617
0.03090678
0.03067101
0.02991914
0.03281855
0.03520054
0.041084312
0.036681406
0.035435904
0.037353717
0.034689922
0.03499607
0.03827772
0.036804922
0.034591448
0.03452544
0.0341051
0.03415663
0.03427774
0.034233864
0.033631165
0.03357382
0.03319935
0.034647267
0.033600897
0.03413211
0.032624263
0.03491713
0.03944432
0.034728393
0.033388235
0.036440145
0.039805695
0.036922485
0.03512848
0.03558233
0.036392603
0.038526304
0.03611936
0.03531872
0.03566147
0.03535852
0.035182882
0.034260422
0.03549622
0.037799224
0.043889027
0.038681228
0.041830536
0.038107388
0.035423245
0.036045615
0.039980847
0.03743141
0.036018014
0.0374555
0.04065868
0.038858235
0.036279283
0.033777073
0.031997025
0.03221003
0.031565752
0.03230404
0.031590816
0.03431924
0.034628477
0.035512682
0.033354785
0.03308225
0.033766538
0.036422018
0.039095
0.034852155
0.03354803
0.036012948
0.039812256
0.042757932
0.040221613
0.041596126
0.037574235
0.039218765
0.03654019
0.036593307
0.039383464
0.03573379
0.034837637
0.03540375
0.034939058
0.034597076
0.03324179
0.035036113
0.039176412
0.035217777
0.03432314
0.039498318
0.05030169
0.03786575
0.03163132
0.03226947
0.033304352
0.037235722
0.043409232
0.036520824
0.03268623
0.032914363
0.0333846
0.0341072
0.035311893
0.03878123
0.03425915
0.031801406
0.03210778
0.033568244
0.03433375
0.03664066
0.038943123
0.032664064
0.03071076
0.030455694
0.03292535
0.03284747
0.033387844
0.036325566
0.04333692
0.03810051
0.038052294
0.043202743
0.036284067
0.03257092
0.034092557
0.034674607
0.03866398
0.044040713
0.038815558
0.03576131
0.03841041
0.043428708
0.038213167
0.03569801
0.034222815
0.033293597
0.033457927
0.036162343
0.040346995
0.03475849
0.032899287
0.03377121
0.03400114
0.034645945
0.03480688
0.035863932
0.034554895
0.035557907
0.03651022
0.036661834
0.03500629
0.033226766
0.035171516
0.035712566
0.035035945
0.032507595
0.032824583
0.03492067
0.03584832
0.03563376
0.032919563
0.034904614
0.03418258
0.035775017
0.03260511
0.034738433
0.03280168
0.034101408
0.032746363
0.03484115
0.034639392
0.033966783
0.03402641
0.032453623
0.03293524
0.031613022
0.031862825
0.030700333
0.03095466
0.03119385
0.03132962
0.031434864
0.030964758
0.029793546
0.029322624
0.032248408
0.037878722
0.04389781
0.04388498
0.035356518
0.031903673
0.03204108
0.031143934
0.030460894
0.029327365
0.029343119
0.029544672
0.03163663
0.033101402
0.03308269
0.032112654
0.030033167
0.03095258
0.034689236
0.035358336
0.038786687
0.045098748
0.03935795
0.03613248
0.034589108
0.03183395
0.029999375
0.03216723
0.03420862
0.033518042
0.031868592
0.03179195
0.033175137
0.034841053
0.035329223
0.03549951
0.032903645
0.03195635
0.031360447
0.032349408
0.032559562
0.036484838
0.04248587
0.043269604
0.045870002
0.038716808
0.03246178
0.029306402
0.028540002
0.03137659
0.032941107
0.03650093
0.03642023
0.03781752
0.036971703
0.03739718
0.03553868
0.035702925
0.034339555
0.033989955
0.034822103
0.036890022
0.051335197
0.07476981
0.047581512
0.045188386
0.06166708
0.049481753
0.046812873
0.047723003
0.05755565
0.050932154
0.04588262
0.05472458
0.050336424
0.05476763
0.055663437
0.04791591
0.045840375
0.059182826
0.055473268
0.047982264
0.04512174
0.0595885
0.04768249
0.04475036
0.042221475
0.043662302
0.049541477
0.04787203
0.04387412
0.040858455
0.038383342
0.04040997
0.047195125
0.0459246
0.060754035
0.04590289
0.043321934
0.050276086
0.044389296
0.049152564
0.06459009
0.04670996
0.03892013
0.042457186
0.04491546
0.04299199
0.0478152
0.038701396
0.03509754
0.03488677
0.036505505
0.035602648
0.035783272
0.03630195
0.035684746
0.036863808
0.03536715
0.036105264
0.034360748
0.034324054
0.034245495
0.038018037
0.04153587
0.045356333
0.0406271
0.03555407
0.03568548
0.039694194
0.05002496
0.040616993
0.036292206
0.03536173
0.035075873
0.036343727
0.038706537
0.042121805
0.041384455
0.04161669
0.04176493
0.041281074
0.037584625
0.034829207
0.03373927
0.03600079
0.03785966
0.0388566
0.035608366
0.032704283
0.03078068
0.034760382
0.039373763
0.04057425
0.038984984
0.036380835
0.0369573
0.036502536
0.03774276
0.041169245
0.04674485
0.039782707
0.03738789
0.037595555
0.038348973
0.042250603
0.05128841
0.03840692
0.030337121
0.030903852
0.029872963
0.029539878
0.029532969
0.031858783
0.033898477
0.03648111
0.036605373
0.034633186
0.033266522
0.032873932
0.03670746
0.034950446
0.035581432
0.03412709
0.034346532
0.033140108
0.031023033
0.030774124
0.0303492
0.03206847
0.036242668
0.036378235
0.03641587
0.034454305
0.03573263
0.036317848
0.03994102
0.049334522
0.044545274
0.04833316
0.045539666
0.05448498
0.038267545
0.030709423
0.030008933
0.029278064
0.032572392
0.03658624
0.040465742
0.036391594
0.036204297
0.036879614
0.036892224
0.041455474
0.05346481
0.043662947
0.035212025
0.029851316
0.030468928
0.032706726
0.03594219
0.033461265
0.03380408
0.0367617
0.03602917
0.0329185
0.029118484
0.027877484
0.027331153
0.024021795
0.024274258
0.027054153
0.029031228
0.029221442
0.028988076
0.03035773
0.031485584
0.029615732
0.028877208
0.028728591
0.02854116
0.02640993
0.026102431
0.028672174
0.028611166
0.02826884
0.02610376
0.028590176
0.028378166
0.028440243
0.024721248
0.02711391
0.027755229
0.034531422
0.034940522
0.034495506
0.029529715
0.027991684
0.028410325
0.033356085
0.031867508
0.03218172
0.029360585
0.032452367
0.03048875
0.027418418
0.023891725
0.026003381
0.028175587
0.030172125
0.030364562
0.028903535
0.02860877
0.029343937
0.02992732
0.029985951
0.026611598
0.02699657
0.028415902
0.030502347
0.03286006
0.02869403
0.0274228
0.024812808
0.026266666
0.02733602
0.028487684
0.028750952
0.028819999
0.026148262
0.028871253
0.029107725
0.029178552
0.027654178
0.027044164
0.029125124
0.0300256
0.034271207
0.03388354
0.031187335
0.028723782
0.027458984
0.028826334
0.033909757
0.03851542
0.040949933
0.031431913
0.029814845
0.030962862
0.031838655
0.031725813
0.028749978
0.029990254
0.026028523
0.026364367
0.028949944
0.03176888
0.032045007
0.029625084
0.04099221
0.06395871
0.041926403
0.02980464
0.02980937
0.026665635
0.025859972
0.027204892
0.028169489
0.02766348
0.029811746
0.029154718
0.028983278
0.025772473
0.026976055
0.026657939
0.027875345
0.028564695
0.030296018
0.029122652
0.027904125
0.028898075
0.028238306
0.026725546
0.028373927
0.028980589
0.028525487
0.026463233
0.025473446
0.026851978
0.025847789
0.025576063
0.02728309
0.026005074
0.024847297
0.02467201
0.025080683
0.030373465
0.030112613
0.031681247
0.031153603
0.03038327
0.031085158
0.028197723
0.026462903
0.023905616
0.023610722
0.02479418
0.042302843
0.07519615
0.040882926
0.028440578
0.028030049
0.031508964
0.027309952
0.02680446
0.025546221
0.029701242
0.028837623
0.02867552
0.025384307
0.027390506
0.02682013
0.027701126
0.026848782
0.031143207
0.03802583
0.041450918
0.038379516
0.028901316
0.025738668
0.0254153
0.03251798
0.03127284
0.040371485
0.03737544
0.040769078
0.030445106
0.02724016
0.025608186
0.026527436
0.026525294
0.03817936
0.063021496
0.03918977
0.028058156
0.039023865
0.03762195
0.038884815
0.030071167
0.029912295
0.026050601
0.027609933
0.029288586
0.030297518
0.028011516
0.02634939
0.030021625
0.029038537
0.030119615
0.028568383
0.027213907
0.028018389
0.029508702
0.031223627
0.027621387
0.025785739
0.026302774
0.028864788
0.02720967
0.027159335
0.028701073
0.033380322
0.032578282
0.028825356
0.024892237
0.025543233
0.02708211
0.025364688
0.030196527
0.034191538
0.035576332
0.03192845
0.027142562
0.027884535
0.025550975
0.028146643
0.026780859
0.029538443
0.02672126
0.02671315
0.023320295
0.022697702
0.023928348
0.025799144
0.030522037
0.028883176
0.026492352
0.022141464
0.030088164
0.031378098
0.03156793
0.024593728
0.026572175
0.027350567
0.029532393
0.029344616
0.029125491
0.031316914
0.028124461
0.030886844
0.031378858
0.03820372
0.03604221
0.03235483
0.029698236
0.028067468
0.028712248
0.026358368
0.028299378
0.024925431
0.024035782
0.022083942
0.0238598
0.025604023
0.026026133
0.023389708
0.020690287
0.023173362
0.024588343
0.027592476
0.02865486
0.02541124
0.025601907
0.02630159
0.026861211
0.02762132
0.025124855
0.026683368
0.023470351
0.025281353
0.024076825
0.02639509
0.027504904
0.026034744
0.023564903
0.045663286
0.09505166
0.050362706
0.028473385
0.022615762
0.036515288
0.034370102
0.035112254
0.022615505
0.023747474
0.025500244
0.02440517
0.0259597
0.02571167
0.030960975
0.036005948
0.036352526
0.031897184
0.028504208
0.02835404
0.029429505
0.024193907
0.02511114
0.023752911
0.022770043
0.023082541
0.020959511
0.021442259
0.022894934
0.031485345
0.031480245
0.029982794
0.024841418
0.02538644
0.026736591
0.025022294
0.0247098
0.022337645
0.024532748
0.025803762
0.023633344
0.02366259
0.022915732
0.023834541
0.022301521
0.022814298
0.024225254
0.024690684
0.02677615
0.023856204
0.025765749
0.023838954
0.027194329
0.026831036
0.02549398
0.026141187
0.02525691
0.0243431
0.026778176
0.025280159
0.027121857
0.022871956
0.023915267
0.023882212
0.029122103
0.027274806
0.026404055
0.022922482
0.028578663
0.031021932
0.029716771
0.027551578
0.033100706
0.04518167
0.048261374
0.04180799
0.028796757
0.02811046
0.026802594
0.031230725
0.03109378
0.0323758
0.032779258
0.027855275
0.02884621
0.022489835
0.023891121
0.023325076
0.027697898
0.027880436
0.024226623
0.023757111
0.02238844
0.020613734
0.022454645
0.022746252
0.024748726
0.024112571
0.025355237
0.023964696
0.025899556
0.024327694
0.023409285
0.024000296
0.025894998
0.027896075
0.02751423
0.027281994
0.029485641
0.029010424
0.025978787
0.026414815
0.025493532
0.025576742
0.023749368
0.023478076
0.026226763
0.024026264
0.03678136
0.032426182
0.04211559
0.03278475
0.035326153
0.027852768
0.02413849
0.026613519
0.023863174
0.024618777
0.023226663
0.020010969
0.022448357
0.023190184
0.023636753
0.024706941
0.026855692
0.03039722
0.031149384
0.027100598
0.023380294
0.02323956
0.023049418
0.025192646
0.0270501
0.025445707
0.028128164
0.024099294
0.025791671
0.023432223
0.022428712
0.022470621
0.022634415
0.024471518
0.027014518
0.03472175
0.035542294
0.033620473
0.03384678
0.032949187
0.032642625
0.027083447
0.029079087
0.028760415
0.02997855
0.029111223
0.031135427
0.028336097
0.02742244
0.026713796
0.02695441
0.02867536
0.025884815
0.028133461
0.030362926
0.03140447
0.02917016
0.02686939
0.022516353
0.022750443
0.023851037
0.024339447
0.026770864
0.02509714
0.02704566
0.028368602
0.028200315
0.025706846
0.02522378
0.025920117
0.031771954
0.031999633
0.03023135
0.030148633
0.02751263
0.037372902
0.04089626
0.040791683
0.034314923
0.032523084
0.03501818
0.034880973
0.03057146
0.03661122
0.03781188
0.040726442
0.035949104
0.043759927
0.053758383
0.050757304
0.038354836
0.029882245
0.026496036
0.026609752
0.026003208
0.02733085
0.030533107
0.02873864
0.028982993
0.033458814
0.03231128
0.031149307
0.033726465
0.033158325
0.03460351
0.03528735
0.03183985
0.033086635
0.03289293
0.02534098
0.022508387
0.021630075
0.022069795
0.024279358
0.028309412
0.026216777
0.026796253
0.02567513
0.027342848
0.029139368
0.027300369
0.023658223
0.030866193
0.03630787
0.033292823
0.033785943
0.028935198
0.020883387
0.022618584
0.022903182
0.02388548
0.026785737
0.03008693
0.032318573
0.027642906
0.026634326
0.027938643
0.03095649
0.02867126
0.034353532
0.028281242
0.03353487
0.02900516
0.02638734
0.028885014
0.031059649
0.030430762
0.027873298
0.026946323
0.026500138
0.030112278
0.03191274
0.031497024
0.030222423
0.035649676
0.035901763
0.03704719
0.039377533
0.03474272
0.026833152
0.024300197
0.025275644
0.023906313
0.021162106
0.024422528
0.028987935
0.03284228
0.035241265
0.028261747
0.024780078
0.020846227
0.01958391
0.021579834
0.021435358
0.024853949
0.026635535
0.029851973
0.036059957
0.029391725
0.028160738
0.029223476
0.030686919
0.032473434
0.0283067
0.026513966
0.023959886
0.024430476
0.028047942
0.03087553
0.028020121
0.028856363
0.028647877
0.028579304
0.02752491
0.028430227
0.02849434
0.027929682
0.029260283
0.026596975
0.024715154
0.03210131
0.033521224
0.034850568
0.04119701
0.03609375
0.040803052
0.0333814
0.03666765
0.03472138
0.049079873
0.05425431
0.045121096
0.030701375
0.029581979
0.02843618
0.025171429
0.027192866
0.027210133
0.025458429
0.026417518
0.027907355
0.025483891
0.02372615
0.027864113
0.026816623
0.029188465
0.027955389
0.032629244
0.032735873
0.035096526
0.032930873
0.031702645
0.028897367
0.030401675
0.031033745
0.026651863
0.025100859
0.022640266
0.01920443
0.021070806
0.020639861
0.020488303
0.02155819
0.024535535
0.024229553
0.027397772
0.031308427
0.029527273
0.024381062
0.023926726
0.020418186
0.023938557
0.026778396
0.03076892
0.08773272
0.19071582
0.07749618
0.053847626
0.01846261
0.018860333
0.026297117
0.031661704
0.03193404
0.030574007
0.02756075
0.019514183
0.02019256
0.02198653
0.021412496
0.021853302
0.022562416
0.021649906
0.02001624
0.02034481
0.020098174
0.021957071
0.023946755
0.025835423
0.023971396
0.028135046
0.023944972
0.023166882
0.02299673
0.023296684
0.022015492
0.024145138
0.028266523
0.03274447
0.027600639
0.024283484
0.022376223
0.018829618
0.0201128
0.02035549
0.020311812
0.02146706
0.020723775
0.01876713
0.019419018
0.019015374
0.021402325
0.02552427
0.025997275
0.032184664
0.03313457
0.027914092
0.023642786
0.02193974
0.023155944
0.022525718
0.021997109
0.021763483
0.021663688
0.021010375
0.017555159
0.017023694
0.018278431
0.018594265
0.01864633
0.021948446
0.023684237
0.03159214
0.03835216
0.039646037
0.036421653
0.039051466
0.03848309
0.03624701
0.029816793
0.02031489
0.020215642
0.02094706
0.019594558
0.019896321
0.021593874
0.02667493
0.027055407
0.025985362
0.028105035
0.027524794
0.022307934
0.03395296
0.04144483
0.040896874
0.03974393
0.040491328
0.028334226
0.035415426
0.036439527
0.030515615
0.022446247
0.023096034
0.02346126
0.023573915
0.023948934
0.022314355
0.023954801
0.022604952
0.023598619
0.022342
0.024144525
0.020262087
0.022395791
0.026182743
0.02528509
0.026448239
0.02981261
0.030327916
0.027113352
0.027927259
0.027934913
0.0258526
0.026253467
0.027353521
0.02958863
0.026576508
0.027374007
0.022830447
0.022865463
0.022061331
0.022111604
0.02649969
0.03262372
0.039084967
0.042395525
0.034729954
0.035221003
0.032117642
0.028183106
0.026610846
0.02263504
0.026442561
0.024351526
0.027359903
0.03499971
0.05407972
0.04997194
0.043920305
0.03261022
0.028743174
0.020172372
0.016885443
0.01747377
0.018165229
0.018583149
0.018508304
0.018248333
0.017433703
0.017353384
0.01621303
0.016231611
0.017221764
0.017385473
0.019407554
0.021614585
0.022596007
0.022501012
0.019916674
0.019521741
0.019835988
0.017570345
0.017471751
0.019738765
0.022268368
0.019727793
0.019146387
0.020446489
0.021721432
0.02442235
0.024014529
0.023978747
0.023908338
0.02296366
0.022021832
0.019562481
0.017546814
0.019105146
0.020370072
0.021366095
0.021501875
0.023146397
0.023977257
0.022832455
0.024256935
0.025572397
0.022201983
0.029611638
0.030589314
0.029453782
0.046256837
0.05303417
0.05267808
0.06135915
0.043706775
0.02551835
0.026155062
0.025699383
0.021451248
0.02317128
0.021268718
0.02160256
0.02194507
0.025199713
0.02646584
0.032943733
0.041255277
0.044328496
0.03520874
0.030570824
0.02526349
0.022982512
0.020701515
0.021188935
0.021179266
0.020766867
0.022763649
0.025353968
0.024713099
0.023046909
0.024525521
0.023331992
0.022809213
0.02049538
0.01997764
0.018979384
0.018941816
0.018448306
0.017362801
0.016957918
0.01661915
0.017654225
0.01782505
0.016771937
0.021799626
0.024011234
0.02921351
0.032367885
0.043307193
0.032729622
0.028424108
0.02795311
0.023313893
0.02373831
0.0358216
0.045028765
0.034339964
0.030530946
0.028888054
0.026323989
0.019846706
0.019649297
0.020968067
0.019789344
0.021327717
0.019485386
0.018998057
0.017542908
0.01951528
0.02141508
0.022056257
0.024635563
0.025161995
0.032805104
0.032214176
0.028985864
0.03011207
0.032813452
0.028454399
0.03015334
0.028646413
0.027941074
0.026928166
0.025183195
0.021812819
0.019643858
0.020035038
0.020445602
0.020474952
0.020696608
0.021278357
0.023842942
0.02517312
0.025458017
0.02466515
0.024544956
0.024756886
0.023597624
0.022013549
0.020655809
0.020034283
0.022983054
0.022389183
0.02368077
0.02189045
0.020620309
0.02061623
0.020831894
0.018941216
0.020741776
0.020471612
0.021257587
0.02487759
0.028328052
0.029254707
0.025336562
0.02136381
0.021859216
0.021862479
0.021367786
0.019286944
0.020453373
0.020193284
0.021106107
0.019819722
0.019056136
0.01921564
0.018048882
0.022437273
0.022873418
0.02541653
0.029484704
0.0283553
0.028026186
0.02493679
0.019317105
0.019277398
0.018924886
0.01698608
0.017528865
0.018131258
0.022100167
0.02363156
0.026693044
0.02768535
0.031031094
0.035995837
0.037606373
0.029113425
0.027698604
0.02618875
0.025540868
0.02105716
0.019250471
0.02014336
0.020813333
0.023778949
0.023291236
0.022462979
0.022267934
0.032459617
0.037306115
0.030993413
0.0333348
0.036492694
0.03874841
0.02728842
0.02776694
0.024842754
0.022595258
0.020038245
0.019159414
0.018563965
0.016789502
0.016836954
0.016763104
0.017433988
0.017603574
0.016415292
0.016577188
0.01587881
0.015032633
0.015380492
0.015777417
0.016120313
0.015655724
0.0148540875
0.015153256
0.016569788
0.016854143
0.017076995
0.017344614
0.016739558
0.016783662
0.019909957
0.02116666
0.019454597
0.018624535
0.019559717
0.020298503
0.020239502
0.019597923
0.018737439
0.015728934
0.017332539
0.019622404
0.019677382
0.019746194
0.021605987
0.020824913
0.021106659
0.021339653
0.019890694
0.025716508
0.025938533
0.028654017
0.029172452
0.027834881
0.028077746
0.024672829
0.024929946
0.022066347
0.02084766
0.01494176
0.014935567
0.015776804
0.016265212
0.017184412
0.019079324
0.02111588
0.022316556
0.020838719
0.020294372
0.01874168
0.020308679
0.019867858
0.019282512
0.016598059
0.017327908
0.017699221
0.017880209
0.018528327
0.018402835
0.015991528
0.016090512
0.01546019
0.016711863
0.016141284
0.01682613
0.017396744
0.017110072
0.017329514
0.018934993
0.018740233
0.01918498
0.02088503
0.0180222
0.018933488
0.017438255
0.017626135
0.01779281
0.017016856
0.016833618
0.020154478
0.018558962
0.019139012
0.019507404
0.019130802
0.018884096
0.018818792
0.018474534
0.018519241
0.017661806
0.014931733
0.014850885
0.01444515
0.0139202755
0.013602904
0.014467389
0.014433046
0.014913832
0.01518656
0.014732753
0.014568093
0.014136071
0.014893177
0.015540966
0.015686842
0.015618849
0.014579454
0.014410153
0.014510724
0.014562655
0.014598075
0.015588702
0.016299611
0.015788335
0.015584714
0.015689097
0.01748271
0.018396487
0.018854598
0.019019602
0.019440264
0.018420069
0.018337196
0.018898781
0.018523248
0.024090303
0.023160327
0.034047328
0.042423952
0.057565033
0.07009065
0.08113651
0.0601954
0.050568707
0.047157492
0.036725532
0.034740333
0.033231683
0.028955769
0.025109166
0.026308142
0.023206731
0.019711679
0.019064298
0.019276401
0.018854126
0.018821634
0.018363394
0.017778588
0.015843026
0.01634299
0.017017147
0.016781611
0.018008282
0.018329667
0.01829831
0.018521091
0.018326709
0.018402016
0.019195575
0.018903159
0.023342675
0.023981487
0.023981838
0.02354046
0.024576284
0.027327664
0.027971439
0.024839787
0.02570141
0.021227358
0.021485994
0.020967789
0.019301169
0.020602763
0.02237205
0.024950787
0.02239576
0.020510694
0.017729277
0.017504018
0.016953828
0.022228274
0.021062033
0.0194805
0.02151605
0.02456883
0.021705788
0.020927148
0.02211868
0.025089592
0.02247572
0.020116841
0.01555248
0.01591323
0.015851954
0.014406118
0.014829639
0.015724717
0.016671482
0.016314209
0.015771115
0.01640624
0.016469955
0.015916582
0.015562911
0.016040925
0.01508725
0.015309029
0.01572701
0.015154791
0.015288611
0.014175879
0.014696117
0.0146899205
0.017292842
0.01810979
0.018090926
0.017262623
0.018173082
0.017547982
0.017912408
0.017814696
0.017147968
0.017386377
0.017112482
0.017854046
0.02353841
0.02193548
0.023434784
0.025926653
0.028908376
0.029864302
0.036517218
0.029791694
0.029311597
0.028030852
0.027165165
0.024880493
0.017262733
0.016737878
0.015075694
0.014715587
0.01585215
0.016141806
0.016462011
0.017549831
0.018025786
0.016566303
0.01694398
0.016022429
0.01711699
0.01616854
0.017240059
0.01807563
0.01724188
0.016826471
0.016477749
0.015509885
0.014811039
0.014046543
0.014201774
0.014403475
0.014948917
0.01695467
0.01730159
0.017596606
0.017929774
0.018842742
0.019219857
0.020140426
0.022366581
0.022197315
0.02196724
0.021789206
0.019972209
0.019048112
0.019198578
0.01903015
0.017862402
0.016838668
0.016736966
0.016331613
0.016213622
0.016194018
0.016015327
0.01679124
0.016540471
0.016358016
0.015682328
0.016192058
0.01589576
0.016057651
0.01585861
0.015650215
0.015674653
0.01621251
0.01617421
0.016120765
0.01669507
0.016310625
0.015930632
0.015832068
0.015793571
0.015373885
0.0192736
0.019904044
0.020938622
0.021284537
0.02112697
0.020786926
0.019251583
0.019419203
0.019680098
0.019551277
0.020535136
0.022612914
0.023223456
0.020954875
0.019870022
0.014812075
0.014689153
0.015314853
0.015982728
0.017130587
0.01707852
0.017897436
0.017319176
0.018739559
0.01968092
0.019993672
0.021273995
0.021105483
0.021649817
0.020918151
0.02248665
0.022722192
0.022797238
0.023409367
0.023126116
0.02157835
0.019112408
0.01966915
0.018814914
0.03352512
0.036902744
0.038126566
0.042560525
0.055119786
0.07952256
0.0761131
0.079136014
0.05344536
0.04226174
0.036650985
0.031327084
0.027939564
0.026682159
0.026002297
0.014282257
0.01450292
0.014892812
0.015730586
0.015965465
0.015651915
0.015556322
0.01535131
0.015455005
0.016955316
0.018185843
0.018238619
0.01782013
0.018877683
0.018735435
0.023277823
0.023750098
0.022898303
0.023290232
0.02354121
0.023254698
0.023425661
0.02273206
0.025264604
0.029174414
0.029682798
0.02638029
0.021825962
0.021971159
0.022678182
0.022224281
0.02209162
0.021014813
0.021927783
0.021337198
0.020549633
0.018647512
0.019514235
0.019589163
0.019451628
0.018976815
0.019061605
0.019281156
0.019896012
0.019393127
0.019675175
0.01863347
0.017822918
0.018357879
0.017288623
0.016454278
0.015030497
0.0148189
0.014296159
0.015156199
0.0152464975
0.015393104
0.014949478
0.014746639
0.015130517
0.018193971
0.018045375
0.018455625
0.020064546
0.020138934
0.021539683
0.02242516
0.02416666
0.02479771
0.02262144
0.021571105
0.020433135
0.020306
0.020485777
0.0213607
0.021743102
0.022779671
0.018493138
0.023880778
0.022798488
0.021983834
0.023559947
0.025634317
0.02987035
0.03045866
0.028502943
0.02639667
0.025975235
0.025469074
0.023406385
0.023662686
0.024406862
0.024333762
0.019277709
0.02077662
0.021111803
0.021479951
0.022854902
0.02620642
0.028141389
0.027766665
0.029330937
0.038760833
0.04188244
0.04796705
0.04447726
0.041089714
0.05074936
0.045574397
0.04348736
0.041262567
0.03468492
0.032666203
0.033105567
0.026489967
0.02642538
0.026396023
0.027234387
0.023222523
0.024786193
0.026665196
0.027041102
0.026837086
0.024471808
0.023010332
0.023128789
0.021343252
0.020690234
0.018180545
0.017906798
0.017865105
0.01789703
0.016849687
0.018972902
0.01738486
0.016532436
0.018374806
0.01922274
0.020947322
0.021939857
0.023889856
0.023184104
0.024360972
0.035030663
0.0399692
0.044883717
0.046560697
0.04309434
0.04882455
0.04572394
0.04308399
0.047321152
0.038591314
0.037665956
0.034479912
0.030746166
0.027697178
0.026141597
0.02423206
0.023454726
0.017271826
0.017414225
0.01673064
0.014721099
0.014511132
0.014470609
0.014363497
0.013839824
0.014896872
0.013485298
0.013783704
0.0149310585
0.014973297
0.01463326
0.015137834
0.01497267
0.014945629
0.014595758
0.014506893
0.015133036
0.017119428
0.016730133
0.015478895
0.01679701
0.017534206
0.01742649
0.017443934
0.018539831
0.019132132
0.021100434
0.022740174
0.020997183
0.019320734
0.021882255
0.021350175
0.022670226
0.02465353
0.024513783
0.024281505
0.025334781
0.022759855
0.024558323
0.026628302
0.028761707
0.026011216
0.023667598
0.022272952
0.02078503
0.019655243
0.018119918
0.020490628
0.021101287
0.022189993
0.020869123
0.020911641
0.01730615
0.017625257
0.017259626
0.016589606
0.016155034
0.015513566
0.014872709
0.013753065
0.01334727
0.013925399
0.014285975
0.012284218
0.01331779
0.013697321
0.014308122
0.017365895
0.01810697
0.018675998
0.017999718
0.018731583
0.019717334
0.019375365
0.018480346
0.018571509
0.019792784
0.020842196
0.021286242
0.021235354
0.022778343
0.022844883
0.02352667
0.02568442
0.0356768
0.038255908
0.040681418
0.04179677
0.038067274
0.03898448
0.041053105
0.04498153
0.049441013
0.048345454
0.05571324
0.06844941
0.05920539
0.0512113
0.047723684
0.04641241
0.034460954
0.032241665
0.029630693
0.027454885
0.025706373
0.024647756
0.022517323
0.023522042
0.023256486
0.022353642
0.021757292
0.021070028
0.018155659
0.020878963
0.020454697
0.020961467
0.01979206
0.018574577
0.018395854
0.018952135
0.01823351
0.017476376
0.01760596
0.0154586
0.01624664
0.015941262
0.015916502
0.016028153
0.017383898
0.017876934
0.018151538
0.018152762
0.01827773
0.017747108
0.017012
0.016440926
0.015779227
0.0151382955
0.014685493
0.014690863
0.0132601615
0.013859748
0.013709765
0.013740203
0.013664081
0.013921162
0.01389734
0.013836334
0.015094567
0.01525488
0.013116085
0.013486937
0.014096549
0.014074723
0.013650442
0.013574263
0.013756521
0.014107199
0.014723216
0.014919827
0.015144338
0.014887877
0.014382752
0.014558743
0.015779102
0.015682174
0.014601384
0.015436846
0.01567604
0.01634647
0.016518915
0.017135335
0.017371912
0.017604271
0.018579392
0.0187795
0.018708013
0.018926874
0.019456945
0.019676955
0.019028552
0.018718028
0.019402454
0.018561082
0.01771221
0.017614387
0.021192396
0.019883228
0.02021023
0.020279348
0.019560788
0.023020266
0.023445094
0.02473525
0.025202096
0.02686064
0.026608326
0.028538845
0.027793229
0.026235254
0.02514354
0.026657881
0.027661862
0.02621526
0.025110517
0.034524255
0.036423057
0.039020956
0.042129315
0.042806387
0.044724397
0.049541276
0.05575686
0.055903405
0.051205568
0.062741615
0.06891347
0.06645698
0.0699192
0.082655944
0.10002213
0.08326961
0.07638216
0.06699569
0.0597478
0.054336984
0.051754534
0.057931866
0.05802042
0.053904757
0.049308628
0.045648936
0.04245015
0.042454325
0.04073527
0.039273668
0.038117852
0.036244266
0.034869753
0.03367122
0.033362355
0.032198872
0.031171197
0.030219393
0.022434814
0.021714736
0.021128243
0.0205192
0.019957842
0.019439243
0.018959144
0.08099075
0.08426679
0.07857995
0.08051142
0.08439038
0.08872211
0.0932544
0.09576421
0.10117224
0.10615403
0.11278504
0.11994023
0.12742901
0.1340978
0.14335664
0.1537416
0.16549507
0.18020871
0.1979628
0.2160233
0.24126956
0.27243057
0.31251997
0.36201492
0.43318376
0.53557277
0.69742167
0.9890708
1.6701415
5.07723
1.7152804
1.0432664
0.7555402
0.595919
0.49948528
0.42876664
0.3770624
0.33766782
0.3113252
0.28600866
0.26521862
0.24787416
0.23321493
0.22069067
0.20989344
0.20051454
0.19231616
0.18511228
0.1787554
0.1730121
0.16777043
0.16297299
0.158571
0.15452278
0.15079251
0.14734924
0.1441661
0.14121968
0.13848947
0.13595745
0.13360773
0.13142629
0.12940066
0.12751977
0.12577377
0.12415385
0.12265215
0.12126163
0.11997597
0.11878953
0.117697254
0.11669461
0.11577752
0.11494238
0.11418596
0.11350539
0.11289815
0.11236201
0.11189504
0.111495584
0.111162245
0.11089385
0.11068948
0.11054844
0.110470235
0.110454604
0.110454604
0.110454604
0.110454604
0.110454604
0.110454604
0.110454604
0.110454604
0.110454604
0.110454604
0.110454604
0.110454604
0.110454604
0.110454604
0.110454604
0.110454604
0.110454604
0.110454604
0.110454604
0.110454604
0.110454604
0.110454604
0.110454604
0.110454604
0.110454604
0.110454604
0.110454604
0.110454604
0.110454604
0.110454604
0.110454604
0.110454604
0.110454604
0.110454604
0.110454604
0.110454604
0.110454604
0.110454604
0.110454604
0.110454604
0.110454604
0.110454604
0.110454604
0.110454604
0.110454604
0.110454604
0.110454604
0.110454604
0.110454604
0.110454604
0.110454604
0.110454604
0.110454604
0.110454604
0.110454604
0.110454604
