714.1608
158.19702
93.41029
75.28267
64.26436
56.128017
49.760025
44.551613
40.15857
36.29408
32.91416
30.035995
27.53722
25.200691
23.155132
21.37433
19.77643
18.317083
17.052414
15.846443
14.788204
13.809856
12.914424
12.115493
11.45705
10.7154665
10.141462
9.6222
9.123912
8.580654
8.173581
7.813351
7.4164906
7.066139
6.776948
6.4280734
6.23429
5.8810167
5.688917
5.450646
5.216127
5.1013837
4.868132
4.72965
4.5506124
4.353629
4.249956
4.1105075
3.9770515
3.8941581
3.7490468
3.6875644
3.55068
3.4578176
3.3759634
3.2785256
3.2135077
3.1266131
3.0861037
3.0023308
2.9312918
2.8936124
2.8036902
2.7244287
2.7049575
2.6561527
2.5887556
2.5461857
2.4828017
2.474083
2.39516
2.382718
2.3283355
2.280157
2.2280738
2.2156732
2.197871
2.144907
2.108781
2.0993085
2.0735147
2.0071738
1.993785
1.9907491
1.9482603
1.9179511
1.8820735
1.8442042
1.8872433
1.836826
1.8129678
1.7889631
1.7572758
1.7543961
1.7327143
1.7033234
1.6729147
1.6738465
1.6611552
1.707026
1.6214384
1.6810567
1.5845375
1.5768936
1.5642225
1.5365943
1.555579
1.5060786
1.5250299
1.5186191
1.4992735
1.4647065
1.4511167
1.4838759
1.4553208
1.4632138
1.4298548
1.4125335
1.4107116
1.4079771
1.4086248
1.3573006
1.3770016
1.3693904
1.3403553
1.3499373
1.3126578
1.3330499
1.3013833
1.3145376
1.3533148
1.2862593
1.2838087
1.2889532
1.3029383
1.290716
1.2403526
1.2672067
1.2302904
1.2468431
1.237748
1.2200716
1.225574
1.1969644
1.1998308
1.2205158
1.1639593
1.159877
1.1795899
1.1699841
1.1906446
1.1684768
1.2013686
1.136145
1.1750052
1.135025
1.1345918
1.1400133
1.1237122
1.1336285
1.1022995
1.1273628
1.1033957
1.0964156
1.108837
1.0839387
1.0897918
1.079726
1.0830165
1.0736005
1.0831933
1.064651
1.0861071
1.0501971
1.0536335
1.075329
1.0525329
1.0349845
1.0372883
1.029708
1.0390644
1.0516726
1.030371
1.0360035
1.059558
1.0591279
1.0229883
1.0057833
1.0084019
1.0138235
1.0141324
0.9875244
0.99680793
1.0037651
0.98740155
0.9995633
0.98855513
0.9644982
0.99120224
0.97939795
0.985098
0.97740924
0.97728217
0.95541096
0.9843692
0.952457
0.958244
0.9665884
0.94999534
0.93672645
0.9574491
0.9326247
0.9344606
0.9416245
0.92698526
0.9136461
0.9424964
0.9247746
0.91840786
0.91181076
0.9419821
0.9331095
0.912689
0.89848876
0.9036511
0.9035165
0.88462186
0.89896095
0.88876384
0.89797485
0.89717454
0.90012646
0.8922285
0.88088095
0.8878095
0.8755092
0.8712753
0.8888108
0.86852837
0.881139
0.8858065
0.8841439
0.8732439
0.86390525
0.85624146
0.8428572
0.8591842
0.8806954
0.8561865
0.858358
0.87245166
0.85834384
0.85871994
0.85315406
0.86907756
0.8698322
0.84671384
0.8343741
0.8402094
0.8325554
0.86218405
0.8537579
0.8555173
0.8403351
0.83255976
0.8567788
0.88430774
0.82448566
0.843811
0.8385107
0.83715785
0.81641257
0.8160219
0.826337
0.8297393
0.8285243
0.8214136
0.8170468
0.8021354
0.8145912
0.8287105
0.82081443
0.8108584
0.8156776
0.8080486
0.80141175
0.7979052
0.8082703
0.8033906
0.79725486
0.8052296
0.8038383
0.802539
0.81151086
0.80742925
0.79829085
0.7898616
0.80091393
0.7973459
0.7949146
0.8005625
0.79338574
0.800947
0.8007075
0.7963288
0.8016456
0.79500437
0.79915124
0.80322784
0.7852929
0.7937934
0.78950155
0.7964803
0.778566
0.77516687
0.7809805
0.785658
0.78862077
0.78474474
0.7753616
0.7801233
0.7611069
0.7671402
0.7726989
0.77118456
0.7634095
0.75635475
0.752775
0.76054144
0.7728362
0.7658488
0.7504175
0.7542244
0.7581727
0.7589139
0.7620748
0.75021756
0.75871974
0.7436207
0.7470848
0.7490357
0.7560488
0.764298
0.75117964
0.7546112
0.7619897
0.7628293
0.74277437
0.7589122
0.7446361
0.7537004
0.7543414
0.7376608
0.7337729
0.7391574
0.74089265
0.74082524
0.7395062
0.7393603
0.73600715
0.73251593
0.74306726
0.73752004
0.7532797
0.7332577
0.7429608
0.7230568
0.7342382
0.72439593
0.7376968
0.73232216
0.73790467
0.7261032
0.7256644
0.7196186
0.7300001
0.7388953
0.72230756
0.72829837
0.7192447
0.7082214
0.7039329
0.70550716
0.71966577
0.7226536
0.7081311
0.71376425
0.70872694
0.7086287
0.7129024
0.7022482
0.70698553
0.69952726
0.695774
0.710602
0.69643426
0.7028204
0.68742436
0.7134124
0.69055784
0.7013128
0.69461983
0.69351536
0.6938288
0.6910671
0.69467586
0.6997483
0.700973
0.6868498
0.70041966
0.6951503
0.6795995
0.6965791
0.68603426
0.68185544
0.68648374
0.6725893
0.6768679
0.67799044
0.6949543
0.6908842
0.6867742
0.6758882
0.6822972
0.6745004
0.68086475
0.690193
0.68407047
0.6780617
0.6712679
0.67413044
0.6835721
0.6700005
0.6637264
0.6801038
0.6734137
0.66980064
0.67032987
0.67439884
0.68304783
0.66946256
0.670292
0.6640135
0.6683928
0.6785778
0.67369664
0.6834454
0.6588735
0.6683926
0.6447393
0.66773874
0.6567152
0.66553074
0.6572507
0.6727365
0.65223986
0.6622073
0.6512363
0.6706522
0.64999413
0.64451444
0.6542142
0.65738654
0.66075987
0.6514056
0.6605739
0.6558678
0.65023375
0.64626837
0.66104734
0.6499912
0.6508453
0.6513826
0.6523202
0.6425905
0.62688005
0.6343818
0.64237106
0.62945646
0.63353294
0.6459409
0.64060515
0.63259315
0.62810975
0.63243514
0.6345043
0.63625294
0.63835704
0.63669664
0.63821983
0.6280615
0.6325125
0.62788475
0.6365858
0.6248136
0.62369096
0.62873924
0.631547
0.61285794
0.6407085
0.63585776
0.6248594
0.6233556
0.6157379
0.61687744
0.6144676
0.61820775
0.6183599
0.61547613
0.62776595
0.6307453
0.6161305
0.61980295
0.6189947
0.63052535
0.61680967
0.6205811
0.61355716
0.61440843
0.6186333
0.61916304
0.61645687
0.61273843
0.6193499
0.60737455
0.6101697
0.5949092
0.6078052
0.6051152
0.61054474
0.59944844
0.60661817
0.6078942
0.60147554
0.5985099
0.6027839
0.60109055
0.60421014
0.60942656
0.6100537
0.5916229
0.60519004
0.5917641
0.60550356
0.5851173
0.60758406
0.5940504
0.60141027
0.60132104
0.5896537
0.5998773
0.59905225
0.59702015
0.6013718
0.5873543
0.6016647
0.5953614
0.589254
0.58956814
0.6004919
0.5898855
0.5976818
0.5937382
0.5870989
0.5911014
0.58470374
0.5850348
0.5966661
0.5751054
0.601723
0.58923715
0.5800277
0.58910084
0.5780817
0.57930976
0.58143795
0.5873056
0.57307756
0.57869446
0.5770626
0.57249886
0.56729126
0.57143486
0.57448554
0.5608695
0.5641816
0.5638931
0.5702384
0.5578664
0.55203366
0.5586977
0.5571419
0.55763125
0.56414634
0.5619383
0.57325864
0.5560648
0.55730706
0.55936277
0.5474776
0.55278134
0.55715376
0.55073357
0.5570254
0.55957913
0.5494252
0.5427572
0.5510957
0.5494186
0.5430942
0.54201716
0.5429574
0.5646202
0.55870277
0.53960747
0.54719615
0.5380728
0.5515493
0.54351914
0.5365777
0.54919183
0.533516
0.5424828
0.5292582
0.54164714
0.5437311
0.53847694
0.5345247
0.53645444
0.53250927
0.5429374
0.52052075
0.52814895
0.53183985
0.5280085
0.53176546
0.53021747
0.5152151
0.5273365
0.5180492
0.530265
0.5246196
0.5298775
0.5216544
0.52166563
0.5166964
0.5256027
0.53808236
0.49849975
0.5262911
0.51783127
0.5164522
0.51934403
0.5336649
0.5245964
0.5124552
0.51371056
0.5047952
0.51999205
0.5175627
0.5171357
0.5136759
0.4916139
0.5097657
0.5090887
0.5094512
0.50148964
0.5074551
0.51396555
0.51713973
0.5093174
0.5095386
0.50294197
0.50537914
0.49558634
0.50222915
0.4983552
0.4905138
0.49294007
0.5039807
0.4999407
0.50676906
0.49748498
0.49835616
0.49515307
0.49675468
0.4997322
0.49723178
0.48784843
0.49776164
0.5036701
0.4927562
0.49564195
0.49516356
0.49317133
0.5034849
0.48938793
0.48919496
0.48855963
0.48150837
0.48472446
0.48628175
0.49579564
0.48107553
0.49730027
0.48355424
0.49141452
0.47752348
0.4857759
0.49426746
0.48926616
0.48071694
0.48527473
0.48540285
0.4905929
0.4822985
0.47849524
0.48105305
0.48079258
0.4765088
0.4845026
0.47665933
0.4736666
0.4821887
0.49088696
0.48394564
0.48520932
0.48362067
0.4761256
0.48621857
0.4789118
0.47271863
0.48478216
0.47126266
0.4664882
0.4731887
0.4708019
0.47203845
0.47947603
0.47049215
0.46541443
0.47064176
0.4736388
0.46274716
0.46682408
0.45727265
0.45608395
0.45649838
0.46833497
0.46108294
0.45040447
0.4552729
0.467283
0.4553577
0.4479658
0.44762442
0.4632784
0.456308
0.4553656
0.45057118
0.44130236
0.44024807
0.45821342
0.44233933
0.4515187
0.4431535
0.45049566
0.4380811
0.43638948
0.44301277
0.43128335
0.4448001
0.44224766
0.4479449
0.45045248
0.44875428
0.43832588
0.437818
0.44239274
0.43726856
0.44169545
0.444314
0.43793607
0.44081938
0.4456768
0.4424821
0.42584604
0.43866736
0.4364969
0.44475842
0.4298912
0.43843025
0.43770045
0.4367764
0.43622267
0.42639208
0.4287561
0.4252302
0.43064308
0.4312998
0.42960596
0.4168378
0.42248526
0.4264196
0.43904993
0.42843515
0.42087257
0.42882293
0.4252495
0.4245396
0.43467784
0.4243474
0.41655698
0.41833737
0.4194885
0.42452034
0.41087905
0.40499163
0.42242712
0.4166786
0.41148585
0.40949392
0.4154334
0.42071977
0.4107345
0.40250865
0.41538265
0.4048916
0.42172897
0.4086048
0.38939977
0.3958514
0.40538177
0.40856338
0.3965661
0.40301472
0.39228013
0.39539117
0.39376998
0.39801297
0.38851634
0.40007603
0.3908421
0.40772897
0.39202517
0.40333483
0.39541504
0.39379188
0.39211094
0.4019891
0.39086682
0.39271387
0.3958599
0.39162245
0.3834367
0.39462548
0.3980528
0.3862124
0.38858113
0.384867
0.39295086
0.38453197
0.38697925
0.38504967
0.38270456
0.37780654
0.39049456
0.37800926
0.3826518
0.36997262
0.38291135
0.37853283
0.377561
0.38260505
0.38352445
0.3618048
0.37774637
0.37309936
0.38780797
0.37255222
0.3757371
0.3768219
0.37387562
0.38654286
0.3765901
0.38003436
0.3680369
0.36890924
0.37706754
0.36988032
0.37089667
0.38285542
0.37335247
0.36810276
0.37582263
0.37617427
0.3596086
0.3798616
0.36975077
0.38454497
0.3682318
0.38788396
0.36588043
0.3910574
0.36524948
0.37433687
0.36301905
0.3659777
0.36698678
0.3717227
0.3696018
0.3791475
0.3703257
0.36262774
0.36855465
0.372054
0.35971123
0.35633048
0.35422218
0.35901505
0.36090985
0.36344558
0.3521191
0.35738063
0.3647927
0.35833701
0.35817948
0.3630918
0.35015687
0.35454383
0.35347927
0.34961367
0.35291272
0.3590312
0.34929052
0.35415906
0.3548662
0.34842274
0.35411024
0.35404938
0.348903
0.36197188
0.3556384
0.35542357
0.3492525
0.3538473
0.35893714
0.35330048
0.3396524
0.35856044
0.3509817
0.3458646
0.35627884
0.3459822
0.3432013
0.3585536
0.36338854
0.3499556
0.3413584
0.34946996
0.35622323
0.3512081
0.3423918
0.35690182
0.35073
0.3493931
0.3508235
0.34119385
0.34324056
0.358987
0.35402977
0.3456033
0.33837166
0.3520336
0.34750485
0.3359721
0.339592
0.35619572
0.34960982
0.34796607
0.3505043
0.349556
0.3468579
0.3431072
0.34483564
0.33268765
0.3458464
0.34133673
0.33900487
0.3363097
0.33968163
0.3351453
0.34291306
0.3335419
0.33653244
0.33185756
0.34340033
0.3390461
0.33955136
0.34479257
0.34015515
0.34283206
0.3302719
0.3367678
0.33469832
0.33870196
0.33401817
0.32442698
0.3400761
0.3351926
0.3378534
0.3336831
0.3299209
0.32845682
0.32123244
0.34529313
0.3242087
0.3283181
0.33181626
0.33303854
0.33667663
0.33218765
0.3323745
0.33651954
0.34143347
0.33174434
0.3252773
0.3190766
0.32346016
0.32200631
0.33529273
0.3295478
0.33518714
0.31331524
0.32301447
0.31724927
0.32905412
0.3242304
0.3364672
0.32381
0.31411693
0.32328767
0.32471725
0.32793164
0.3163566
0.33142662
0.32221946
0.31604943
0.320687
0.3239153
0.32053995
0.32807738
0.32173455
0.3190284
0.3237961
0.31960914
0.32172242
0.3174577
0.31946924
0.32482436
0.32753488
0.32785895
0.32346237
0.31490102
0.32304433
0.3215157
0.31615055
0.3262271
0.3233985
0.31384146
0.30999568
0.31800354
0.32135198
0.31688884
0.32998538
0.32102296
0.31683823
0.31730923
0.3158636
0.3113648
0.32079655
0.31839317
0.32013664
0.30363098
0.30711937
0.31326655
0.31842306
0.322904
0.30810854
0.30019358
0.32244524
0.30426905
0.3121704
0.3149859
0.3117282
0.30426708
0.31552643
0.31014618
0.30469218
0.31147385
0.30185267
0.31917146
0.3013203
0.30920857
0.3011084
0.29916456
0.30656162
0.29737246
0.3048809
0.2988289
0.3012085
0.29798603
0.30097422
0.30284178
0.292935
0.29778564
0.29621625
0.30837423
0.29539344
0.29916123
0.29525492
0.29561153
0.2923423
0.297623
0.30048734
0.30705118
0.295176
0.30131125
0.30721942
0.3131433
0.29227814
0.2981226
0.30344605
0.3017329
0.30311677
0.30276006
0.2931418
0.3012956
0.2947481
0.30462965
0.29884914
0.2957519
0.29713467
0.29118317
0.290877
0.29926643
0.2918249
0.30019647
0.3046562
0.29880023
0.29064623
0.29300946
0.30214277
0.29559106
0.28429618
0.29506353
0.29138616
0.29665214
0.29700875
0.3017933
0.29311576
0.28828272
0.2992609
0.29749894
0.2970806
0.28768027
0.28535965
0.29295897
0.2925987
0.2867474
0.28898218
0.2877607
0.28558633
0.29758507
0.28211778
0.28973904
0.2906675
0.28724077
0.2738486
0.2986324
0.28466058
0.28710243
0.28545487
0.28713897
0.28576657
0.28876534
0.28335494
0.28596026
0.29029176
0.28047347
0.2773549
0.2909165
0.29431513
0.28066155
0.27627388
0.2901836
0.28392825
0.291363
0.28725758
0.28006673
0.28194237
0.28888464
0.29108667
0.2873553
0.2848732
0.2872991
0.29095834
0.2864652
0.3011897
0.2776747
0.28564662
0.27787787
0.28145543
0.27595764
0.28446043
0.27873206
0.28533483
0.2735015
0.2767681
0.2727392
0.27065402
0.2759982
0.29023468
0.28171092
0.27078107
0.27616918
0.27227744
0.27557036
0.27461037
0.2862474
0.26465333
0.27231148
0.27812624
0.2773063
0.2707315
0.27648872
0.2690549
0.27490398
0.27771604
0.27510697
0.2709122
0.26578808
0.26011017
0.26380095
0.27756137
0.27612388
0.27535462
0.27160093
0.2742758
0.27250102
0.2663716
0.2628284
0.26709595
0.264704
0.26522273
0.27099317
0.26646686
0.26386076
0.26275033
0.26519588
0.2572017
0.27182883
0.25565022
0.26570904
0.27059337
0.26109037
0.26762167
0.2520872
0.26558453
0.2658534
0.2605007
0.254971
0.25749996
0.25751847
0.25935408
0.25788665
0.26431122
0.25714913
0.25630936
0.26128328
0.26554164
0.26771054
0.26385415
0.26047006
0.26744717
0.26242393
0.25748655
0.24906135
0.25574312
0.2607089
0.24957913
0.2676847
0.26168653
0.2695986
0.26032957
0.2617635
0.25613186
0.25994632
0.25477287
0.26195043
0.2618195
0.25542298
0.25519985
0.25106716
0.25390667
0.25353926
0.25701174
0.2596088
0.24745059
0.25303847
0.25087976
0.2538736
0.25050232
0.2490208
0.25555226
0.24647933
0.2569647
0.25199848
0.25312722
0.25626495
0.24925469
0.2441448
0.24884567
0.25344643
0.2567979
0.25249496
0.25473556
0.25085774
0.24097748
0.2543634
0.24112494
0.25213477
0.24936232
0.25708115
0.2521629
0.2485303
0.25373274
0.25273147
0.2467287
0.24356303
0.25512448
0.24544992
0.2468525
0.24393612
0.2493759
0.24416296
0.2462407
0.24108168
0.24818198
0.2480587
0.2428074
0.24197729
0.24566652
0.2527291
0.25095952
0.24880098
0.24533735
0.24024099
0.252814
0.25231668
0.24759014
0.24573953
0.24352936
0.2411433
0.24321589
0.24653672
0.23533118
0.24167871
0.24325013
0.2407436
0.23985533
0.2340141
0.23528452
0.2432889
0.23547797
0.23580024
0.23625246
0.23950417
0.24144375
0.23756747
0.24116458
0.24023405
0.23718625
0.23708712
0.234883
0.23953363
0.22966541
0.2313939
0.22801578
0.24658467
0.23193187
0.24394585
0.23609494
0.23343307
0.22842354
0.24044451
0.23663203
0.244533
0.2432481
0.23724951
0.23482084
0.23199518
0.23749495
0.24044377
0.23403838
0.23115414
0.23985492
0.23477048
0.22945425
0.23631117
0.22798581
0.23989904
0.23803763
0.23127373
0.22698767
0.22536626
0.23893902
0.23319077
0.23874274
0.23652443
0.22565547
0.238369
0.23501356
0.23076716
0.22446972
0.23370218
0.22732277
0.22145355
0.2243762
0.22919008
0.2321193
0.22520354
0.22436343
0.23093197
0.23492143
0.22115739
0.22449934
0.22034399
0.23146734
0.23076326
0.22644725
0.22797269
0.21789545
0.22930591
0.23626955
0.22837093
0.22700863
0.23197195
0.23030207
0.23473953
0.24100074
0.22872405
0.22409628
0.21524365
0.22017513
0.22573385
0.2332884
0.22833695
0.21639839
0.22745137
0.23009245
0.21681416
0.22970122
0.22903685
0.21987817
0.22087535
0.22426789
0.22223198
0.23442337
0.22180794
0.21564564
0.22432154
0.22640419
0.22639905
0.22622955
0.22023654
0.21732393
0.23439063
0.22520313
0.21874645
0.22535066
0.22387977
0.22246931
0.22212641
0.21895272
0.22352327
0.22196895
0.22801045
0.21992318
0.2254564
0.23221345
0.2185106
0.21861207
0.22358881
0.2229096
0.2269231
0.22265448
0.2267836
0.21511978
0.22889143
0.22130133
0.22961791
0.22914281
0.22301508
0.22271374
0.22319302
0.22547187
0.22488599
0.21735919
0.2290292
0.22593072
0.23025355
0.22251086
0.22437601
0.21761927
0.22998889
0.22780873
0.24198698
0.22063713
0.21737699
0.22557636
0.21905786
0.2215342
0.22213353
0.22319084
0.22746274
0.22279489
0.21834943
0.21655673
0.21531737
0.22758356
0.22606914
0.21926561
0.215981
0.21534963
0.22242054
0.21757957
0.22351728
0.22400202
0.21259558
0.20647012
0.22449781
0.21468043
0.21884222
0.20793086
0.21279702
0.21216916
0.21884327
0.2165458
0.21585023
0.21431166
0.22827707
0.21023902
0.21392457
0.20864972
0.22143401
0.20832393
0.21663488
0.21267155
0.20956586
0.22093126
0.21140422
0.21097115
0.20696749
0.20239663
0.21857125
0.22759303
0.214447
0.21746778
0.20929681
0.21677683
0.21108702
0.2147057
0.21787305
0.22048217
0.1967357
0.20851849
0.22823757
0.20418055
0.21668267
0.207232
0.21280631
0.21342176
0.20927416
0.2102543
0.21796007
0.2136218
0.2027146
0.20466648
0.20694095
0.20164835
0.20716663
0.20750798
0.20774946
0.20212519
0.2085051
0.2043737
0.21473134
0.21522431
0.20986867
0.2022005
0.22002947
0.20229244
0.19665895
0.20928958
0.19933607
0.2082208
0.20694749
0.21181549
0.21168248
0.21004105
0.21244106
0.2048491
0.21127804
0.2142317
0.19964129
0.20369752
0.2043974
0.20854548
0.20981272
0.21050803
0.19725154
0.2026426
0.19954847
0.20864739
0.19546436
0.20865642
0.19989336
0.20324965
0.20615415
0.20357619
0.20850796
0.20535737
0.20572244
0.20182309
0.20158286
0.2008173
0.19933374
0.20137765
0.20353882
0.19951642
0.20383988
0.20660147
0.19843625
0.20060399
0.1988624
0.20261234
0.20179738
0.20854367
0.21394935
0.19853595
0.1960796
0.19986151
0.19378373
0.20871912
0.20311491
0.19442777
0.19775693
0.20628953
0.20778519
0.2078315
0.20453785
0.20441101
0.19217077
0.20544381
0.20215547
0.20119764
0.20836252
0.20224746
0.19224079
0.19743079
0.20023741
0.21258217
0.19232641
0.19667193
0.22117633
0.19391954
0.20686485
0.20994067
0.18937619
0.20182054
0.2029598
0.18723857
0.19636798
0.20685135
0.20677656
0.19986661
0.20046967
0.20384224
0.20166303
0.20053372
0.1957843
0.20327444
0.20079125
0.20150723
0.20902133
0.2062391
0.20501868
0.18892191
0.19925526
0.19809811
0.19543782
0.19764005
0.19978105
0.1960026
0.19272164
0.20030716
0.19129296
0.19464387
0.19163355
0.20780122
0.19787486
0.19242504
0.21286201
0.19382852
0.20010895
0.20907268
0.19428337
0.20379834
0.20012316
0.19296207
0.19575062
0.20076849
0.1909844
0.19351773
0.194232
0.2016209
0.20212506
0.19912569
0.19075346
0.19644956
0.19717225
0.19960406
0.18568003
0.18597196
0.2045717
0.19425339
0.19255164
0.19205952
0.19183302
0.1937951
0.19347408
0.1969654
0.19723691
0.1977043
0.19490549
0.18884939
0.19524306
0.19766062
0.190689
0.18661821
0.19276208
0.19099973
0.2006226
0.19305922
0.20184177
0.20088789
0.18912938
0.18921417
0.1930649
0.19386192
0.19003655
0.19864681
0.2006551
0.18917952
0.18961155
0.19732624
0.1938225
0.19701211
0.19629438
0.19247122
0.19183739
0.19447623
0.19473782
0.19728768
0.19939803
0.1899089
0.19659664
0.18542032
0.20702799
0.19038671
0.19152012
0.19723357
0.18262608
0.19541131
0.18909015
0.19421504
0.19842209
0.19606863
0.18995216
0.19064173
0.1943094
0.1944409
0.19142929
0.19617735
0.19824994
0.19178095
0.19188306
0.19117795
0.19083738
0.19909588
0.19711076
0.18631631
0.19108179
0.19179042
0.19359262
0.193375
0.19707496
0.20367298
0.19434133
0.18788458
0.18971704
0.18834077
0.19227138
0.18819281
0.18855423
0.18215473
0.18365575
0.19091918
0.18857925
0.18458559
0.19649523
0.19060403
0.18529986
0.19370715
0.19179937
0.19465922
0.19157787
0.18951233
0.18700476
0.19300772
0.18753618
0.19495024
0.19307825
0.19087137
0.19258496
0.19030903
0.18697822
0.19236022
0.19215877
0.18357348
0.19029681
0.20379232
0.18273848
0.19289142
0.19163667
0.20231397
0.18796544
0.19166015
0.20049177
0.19510019
0.19846782
0.19178507
0.19046867
0.18781546
0.19401959
0.19337745
0.1856899
0.18822686
0.18919204
0.19538063
0.18041556
0.19891971
0.18386473
0.18946831
0.18754008
0.18577367
0.18922487
0.18415014
0.19645134
0.19433711
0.1846063
0.18439968
0.19231366
0.19271609
0.18694326
0.18963179
0.17894842
0.19394556
0.19617163
0.18221554
0.1938532
0.19134314
0.18932118
0.186435
0.18975028
0.1854992
0.19752872
0.19049734
0.18647075
0.19381295
0.19126017
0.18227106
0.18704909
0.19352312
0.18907651
0.19247842
0.18526992
0.18674071
0.18055159
0.1856164
0.1902523
0.18564935
0.19285867
0.18215857
0.19800687
0.19337888
0.19285811
0.19169351
0.18084994
0.17783926
0.1828282
0.18583795
0.1833038
0.18995172
0.18287058
0.19248927
0.18614697
0.18382713
0.18483661
0.18690063
0.18744786
0.18542108
0.18533754
0.17838107
0.18601291
0.18725425
0.18560408
0.18401921
0.17872876
0.1889056
0.1828566
0.17722462
0.18492703
0.18873225
0.17869768
0.1777645
0.18196718
0.19006447
0.18493746
0.1864834
0.1781846
0.188108
0.19094658
0.1826504
0.1858381
0.19154029
0.19242942
0.19400674
0.1810476
0.1835092
0.18428981
0.1740202
0.18309323
0.19659987
0.1888076
0.18801416
0.1829615
0.18551314
0.19413534
0.19035228
0.18629935
0.19743615
0.18960339
0.18595152
0.18263656
0.18178084
0.17901884
0.18968657
0.18886328
0.18457003
0.17615326
0.18456537
0.19262974
0.17894602
0.18841751
0.18179601
0.17922057
0.1872673
0.18256642
0.18288416
0.18631972
0.18129215
0.1805792
0.17626412
0.1839583
0.18795486
0.18082657
0.1813783
0.18680759
0.18926372
0.17656566
0.1806268
0.17527616
0.17990166
0.19708161
0.17654271
0.18190995
0.1821732
0.18081689
0.18378095
0.1747024
0.18602039
0.17706576
0.18302962
0.18080018
0.18148176
0.18242195
0.18620373
0.16777986
0.19155568
0.18725926
0.18509264
0.18753238
0.1817962
0.18033771
0.18060432
0.18486479
0.18263389
0.18003069
0.18155444
0.18647914
0.18420702
0.18673001
0.18340565
0.17746036
0.17896529
0.16910425
0.17429312
0.18959787
0.18481077
0.17478448
0.18120243
0.1813072
0.1873208
0.19416766
0.19760026
0.1796758
0.17884132
0.17797863
0.18320659
0.18214828
0.16883798
0.18750225
0.18411724
0.18755248
0.17485471
0.17895538
0.16857103
0.17455995
0.17941234
0.1826983
0.17348456
0.170372
0.18354768
0.17902927
0.17478505
0.17450887
0.18448128
0.1802962
0.17906652
0.17671329
0.17650208
0.17514224
0.17626806
0.17173481
0.19065396
0.18073048
0.18503112
0.18187751
0.18009321
0.16993842
0.1737388
0.18399791
0.17676418
0.17913294
0.18069182
0.17820133
0.18337697
0.1816964
0.16753598
0.18190031
0.17526533
0.18152134
0.18150885
0.17639808
0.16962804
0.18783887
0.17328209
0.17222196
0.17223278
0.1777777
0.18126306
0.17791073
0.17868084
0.1704989
0.18404749
0.17610712
0.17541647
0.1705115
0.17597306
0.17746308
0.18969019
0.1703674
0.16956137
0.17666556
0.18346553
0.1688877
0.17438467
0.17206424
0.1764397
0.17876178
0.17560203
0.1657648
0.1811892
0.16776845
0.1752949
0.18072736
0.17711818
0.17658709
0.18075795
0.17332257
0.1728466
0.17167258
0.17296414
0.17130321
0.17722136
0.17594387
0.16858283
0.17429516
0.18881929
0.1749636
0.17394662
0.17629322
0.17728214
0.1741003
0.17489243
0.17449206
0.17450587
0.17355885
0.17732778
0.18141373
0.16437319
0.18239123
0.18100674
0.17534602
0.1774604
0.176107
0.17453566
0.17712122
0.17115839
0.18214089
0.1731128
0.18050416
0.17808418
0.17022872
0.18441445
0.16871761
0.18097974
0.17739815
0.17544879
0.1872719
0.18656981
0.16988397
0.17187683
0.1707322
0.17552003
0.17280127
0.17349331
0.18096302
0.179923
0.17089109
0.17925589
0.16995566
0.16546738
0.16858181
0.1884045
0.17426452
0.16910748
0.17791203
0.16984448
0.17588013
0.16527036
0.16604057
0.16664295
0.16629
0.17149653
0.1676657
0.17530505
0.18293679
0.18078114
0.17271999
0.17349733
0.16902272
0.1740957
0.17314774
0.16211168
0.16446249
0.1680749
0.17041487
0.1728163
0.17293352
0.17553343
0.1659783
0.1724606
0.181055
0.1799074
0.18581188
0.1761643
0.16968082
0.1725648
0.17210816
0.17495868
0.1739541
0.17828272
0.16314863
0.18367633
0.17014717
0.17969747
0.17339642
0.176781
0.18048641
0.17094634
0.18144673
0.17671521
0.1829146
0.17433354
0.16608599
0.17761031
0.17428991
0.17427292
0.17860933
0.17615736
0.18017167
0.16720313
0.17513546
0.17044346
0.17934532
0.17319667
0.17336285
0.1651755
0.17754197
0.17980717
0.17592087
0.16679008
0.18302412
0.17197075
0.1740837
0.18116559
0.17939627
0.18034472
0.17595421
0.16871893
0.17319962
0.16380683
0.17900929
0.17745402
0.17312667
0.17157158
0.17826426
0.18086766
0.17595536
0.17812327
0.17047496
0.17829195
0.17582402
0.17856513
0.17966145
0.1769698
0.172655
0.17827103
0.17633598
0.17114902
0.1730433
0.18776366
0.16420609
0.17791367
0.18197818
0.17802711
0.18433139
0.17231591
0.1678576
0.1800425
0.18166034
0.17605491
0.17313291
0.18208055
0.18227138
0.1736089
0.1717169
0.18246205
0.182837
0.17864308
0.17302707
0.17402154
0.1769377
0.16861221
0.16791855
0.17182767
0.17063028
0.17269018
0.17672735
0.1762511
0.16854286
0.18407136
0.18039957
0.16919947
0.1596095
0.16417061
0.17746122
0.17562164
0.17049202
0.17019886
0.1781043
0.17535871
0.17427619
0.1767367
0.17482993
0.17040053
0.17532656
0.18132105
0.16835782
0.17140174
0.16548765
0.17258663
0.17865743
0.16883574
0.17978425
0.17382215
0.17166102
0.17342985
0.16828041
0.18511353
0.16421275
0.17221516
0.17084455
0.17531238
0.17624061
0.17331234
0.17443134
0.17534083
0.17558996
0.173683
0.17991996
0.1692652
0.17177732
0.17354162
0.17236793
0.18178184
0.17478251
0.17519374
0.17525887
0.17626196
0.17419896
0.16723172
0.17009696
0.17358196
0.16770576
0.16430202
0.17571923
0.17250353
0.17604771
0.17493704
0.1708393
0.1713694
0.17660457
0.16558903
0.17848629
0.17616476
0.16405323
0.17309977
0.17790382
0.18050903
0.16425256
0.16906187
0.17263328
0.1584977
0.16907547
0.16622026
0.1717477
0.16612114
0.17958345
0.17420821
0.18237275
0.17339468
0.17296618
0.1721284
0.16380438
0.17235188
0.17102207
0.17428525
0.1702777
0.1839604
0.17251314
0.18383174
0.17595541
0.16521586
0.18388635
0.17085537
0.16750926
0.17209099
0.17814434
0.17700116
0.16464187
0.17526719
0.17432232
0.18095797
0.17745538
0.1712446
0.17218985
0.1709503
0.1723132
0.17141539
0.1704937
0.17315914
0.16415364
0.16599864
0.19233246
0.1745118
0.17168291
0.16838494
0.17650074
0.1602012
0.17016359
0.16735826
0.16262177
0.16725424
0.16794118
0.17481333
0.17104587
0.17682482
0.17498435
0.17520419
0.17260982
0.17095816
0.17666487
0.17193137
0.170481
0.18230532
0.18214914
0.17290756
0.15995824
0.17184673
0.17641935
0.16467999
0.17019747
0.16990979
0.16198394
0.17565678
0.16794679
0.17152098
0.17348275
0.1659132
0.17197676
0.18179542
0.16385345
0.17346762
0.17305209
0.1703064
0.17708921
0.16966373
0.17520702
0.17447965
0.1635424
0.17561723
0.16579334
0.17888293
0.17087698
0.17222404
0.17068098
0.17559323
0.18425371
0.1739642
0.1650563
0.1737499
0.17609528
0.17318133
0.17813589
0.1691078
0.17431822
0.17789607
0.17800663
0.17625663
0.17872578
0.16743448
0.17970453
0.17239273
0.17484124
0.17856738
0.17806223
0.18277244
0.17409948
0.17593208
0.18711281
0.18258221
0.16736537
0.17780843
0.17181498
0.18576032
0.17058887
0.17745264
0.17828219
0.17939098
0.1870191
0.17874455
0.18139526
0.19015142
0.18430504
0.18136895
0.17638826
0.17658755
0.18693951
0.18184918
0.17392185
0.1890966
0.18437295
0.19655517
0.20195615
0.19749019
0.20174165
0.20686406
0.22081144
0.21335745
0.20091115
0.20958528
0.19623272
0.2065426
0.20420592
0.19573729
0.19875655
0.19244055
0.1867913
0.19126609
0.18077922
0.17099892
0.16972518
0.16988792
0.18813436
0.1738033
0.17657849
0.16903351
0.1880505
0.17379214
0.16452032
0.17590477
0.17928667
0.1643924
0.17071338
0.17290576
0.17593102
0.1704138
0.16385089
0.16278622
0.17104061
0.17109898
0.17128977
0.17368464
0.16496663
0.17305079
0.16769074
0.17532057
0.19477344
0.17214327
0.16850463
0.16047332
0.17269342
0.1727546
0.16092815
0.17387915
0.1617464
0.17180803
0.17280486
0.17829385
0.16914874
0.16601582
0.16565211
0.16534542
0.17906529
0.17318046
0.17246778
0.16915761
0.16626585
0.17497325
0.17490995
0.1767678
0.17881733
0.16616574
0.16993858
0.17734772
0.17037153
0.17305051
0.17186132
0.16610633
0.17196278
0.1820571
0.16150029
0.17779431
0.18007556
0.1803526
0.17558296
0.16817072
0.171476
0.17419653
0.17025533
0.17302968
0.17420849
0.17584787
0.16921377
0.16951714
0.1643949
0.17357837
0.17260875
0.17601277
0.16775528
0.16546848
0.17107825
0.16408917
0.15916571
0.1688211
0.16881606
0.16527353
0.1732551
0.16598092
0.15932581
0.17826737
0.17174691
0.16128266
0.1706038
0.16121297
0.16252916
0.15678549
0.17144148
0.1658321
0.17262581
0.16509484
0.16430388
0.1834749
0.15993929
0.16508481
0.16696903
0.17967464
0.16977441
0.17544444
0.16526875
0.17045145
0.17306656
0.17281622
0.1723881
0.16695535
0.16254202
0.17083529
0.1742239
0.15922324
0.17165992
0.16469243
0.15897517
0.16576199
0.1691506
0.17044425
0.1716808
0.16261534
0.16683444
0.1622109
0.18123052
0.17300618
0.1616106
0.164415
0.1680506
0.16682656
0.18362692
0.15342417
0.16491382
0.15589757
0.16067058
0.16156009
0.15688978
0.17205012
0.16574949
0.17095035
0.17115442
0.17715667
0.17185599
0.15318424
0.16213503
0.16193095
0.16833243
0.16981685
0.15717714
0.17544612
0.17200524
0.17294952
0.16392587
0.1600692
0.16943017
0.15946785
0.1578307
0.1704317
0.16212362
0.16289449
0.15877406
0.17285909
0.15833026
0.16412653
0.1693966
0.15580072
0.16536538
0.16544643
0.16704175
0.1598503
0.14848185
0.16021591
0.16490054
0.16506794
0.17324805
0.16340178
0.16287772
0.14661956
0.15357116
0.15943994
0.16967899
0.15619847
0.15888491
0.15368788
0.16108376
0.16537948
0.16391778
0.16282646
0.16109654
0.15892792
0.15851898
0.16295736
0.16388373
0.16415386
0.15815279
0.1581429
0.16181408
0.16337544
0.16356502
0.17202926
0.15776034
0.16595484
0.15695135
0.16291669
0.16583785
0.16545692
0.1601152
0.16088863
0.16481028
0.17141077
0.16644068
0.16640933
0.16090798
0.15650994
0.15744276
0.16713192
0.16701996
0.15253845
0.16183749
0.15644617
0.16714434
0.16657259
0.16571487
0.15888771
0.16278492
0.16741903
0.17443399
0.16243297
0.16415049
0.17231938
0.16838408
0.16007794
0.16536392
0.16732863
0.15792418
0.16853188
0.17000139
0.15627208
0.17264129
0.16314198
0.16824535
0.16904517
0.16561265
0.1675433
0.17551193
0.15708563
0.17271611
0.1643595
0.16630173
0.16772808
0.17228386
0.16670167
0.1722623
0.16532493
0.1656782
0.1684111
0.1526301
0.16170608
0.16839068
0.15719947
0.16689058
0.16810623
0.15742531
0.16822499
0.16552629
0.17553511
0.17731722
0.18541785
0.16063239
0.16549854
0.16758753
0.16333102
0.16296816
0.15893485
0.16274084
0.16298643
0.16969658
0.15329868
0.16653647
0.16252774
0.15023287
0.16682082
0.16464658
0.16007304
0.18209982
0.16462553
0.1578648
0.1645907
0.15994276
0.1621907
0.16244487
0.17321411
0.16859834
0.16276084
0.15694937
0.15702412
0.16789243
0.16373993
0.16043939
0.15995212
0.14977296
0.16248412
0.15970406
0.16418412
0.16575289
0.14932121
0.15796101
0.17053054
0.15146203
0.16479978
0.15986592
0.17334929
0.16339043
0.15691988
0.17685217
0.1646971
0.17061266
0.16344394
0.16785757
0.1588734
0.17416985
0.15373696
0.16248396
0.1613265
0.17171626
0.16910337
0.16049068
0.1609358
0.16615301
0.16544133
0.17296897
0.16366814
0.16826193
0.16833985
0.16340734
0.1741684
0.16437253
0.17500578
0.1598754
0.15971516
0.17550285
0.1631343
0.17496522
0.16357055
0.17044753
0.16292071
0.17558065
0.16497983
0.16430691
0.16799006
0.16298208
0.16784771
0.17133191
0.16929056
0.16614226
0.16361025
0.16565369
0.16658783
0.1653558
0.16573717
0.18299317
0.17835118
0.16315371
0.16800249
0.1709513
0.16366592
0.1681245
0.16926178
0.17721374
0.16075177
0.1667194
0.16204257
0.17621394
0.1595368
0.17506868
0.15730746
0.17075498
0.18345736
0.16623393
0.16453837
0.16856052
0.16583371
0.16689108
0.1847926
0.16213973
0.17524795
0.16502097
0.16385539
0.16691802
0.19513452
0.16382979
0.16725838
0.16475338
0.17057823
0.17361623
0.15473522
0.15938869
0.16338964
0.18428235
0.15680386
0.16976845
0.19399069
0.1740509
0.16488503
0.16346042
0.16298681
0.17049366
0.1713468
0.19282605
0.16710992
0.17781688
0.17786485
0.16793774
0.17871079
0.16534637
0.17641906
0.16484892
0.18533397
0.16612722
0.17615458
0.15578257
0.1630283
0.17178196
0.16806734
0.1758496
0.19098517
0.15877703
0.16969247
0.17185438
0.1725808
0.17464907
0.17277439
0.16024631
0.17057392
0.16952232
0.16359289
0.16456185
0.16672479
0.16358289
0.17301415
0.16669278
0.17401606
0.15773043
0.16870156
0.15539846
0.16797273
0.1731463
0.15987082
0.16818401
0.15909542
0.16821663
0.15928167
0.16804802
0.16667177
0.16867699
0.15399386
0.1726038
0.16708995
0.15564469
0.1679885
0.159758
0.1703707
0.16413853
0.16746537
0.16490892
0.1633278
0.15917775
0.17022385
0.17322442
0.15690434
0.16756536
0.17252746
0.17198086
0.15590496
0.17205228
0.16669524
0.15965684
0.15873303
0.16868642
0.15725732
0.16457862
0.1640716
0.16600591
0.16785792
0.16131175
0.15594035
0.16270994
0.16235416
0.16151209
0.15410621
0.1528682
0.16647784
0.1590112
0.16782442
0.17285877
0.18213117
0.18244837
0.16611093
0.16965213
0.16600057
0.17185842
0.15939887
0.16814835
0.15595192
0.17354111
0.16516198
0.17654349
0.16508536
0.164221
0.16133146
0.16626957
0.16992344
0.16648026
0.16550462
0.16572091
0.16185285
0.16342932
0.16730198
0.16625465
0.1642869
0.15992689
0.16718557
0.16645269
0.16345635
0.16976787
0.15822525
0.16603911
0.16834363
0.16038585
0.15024552
0.16078167
0.1686811
0.16620281
0.16737065
0.1476805
0.15747188
0.16449471
0.1509004
0.1772156
0.16580427
0.17323674
0.17527264
0.16745041
0.17022145
0.1581608
0.17530046
0.1555951
0.15978071
0.17409284
0.16722436
0.1611683
0.1640162
0.1594954
0.16546783
0.16829492
0.16212238
0.1652975
0.16786557
0.1693892
0.16635185
0.16666494
0.17297481
0.17006834
0.16506946
0.16632786
0.16053654
0.1615665
0.16503201
0.16806076
0.15783717
0.16070446
0.1577224
0.16601877
0.1582375
0.1625857
0.16816281
0.16788524
0.1600127
0.1719057
0.17601794
0.16523696
0.16531643
0.18111525
0.1689941
0.16487625
0.16461709
0.17273343
0.16775802
0.16776478
0.16742644
0.15915437
0.17710847
0.16859621
0.16144498
0.16444434
0.15953045
0.15869854
0.15989661
0.164885
0.16960223
0.17376146
0.15811928
0.15505086
0.16620594
0.15433298
0.15023828
0.17104505
0.16251943
0.15300989
0.15904732
0.16134736
0.15654662
0.16492777
0.16607274
0.17577992
0.15983944
0.17379919
0.16545865
0.16938213
0.15969555
0.16653384
0.1581657
0.16077872
0.18065287
0.16704622
0.16778159
0.16771439
0.17091355
0.16478097
0.17047384
0.17399769
0.16119902
0.17280862
0.15841572
0.16638096
0.17145443
0.16493328
0.17004342
0.16179557
0.17043939
0.16307376
0.16700068
0.16187748
0.1662061
0.16058421
0.16251504
0.16840626
0.16590574
0.16941029
0.16725613
0.16270734
0.17332344
0.18211655
0.1614766
0.16948184
0.17230128
0.16432317
0.16940191
0.16415401
0.170187
0.16442768
0.17640226
0.15856388
0.17075294
0.16574724
0.17088893
0.16465901
0.16821288
0.17309949
0.16133265
0.15861335
0.16894004
0.16390751
0.16486526
0.17629218
0.1591534
0.15866686
0.16478495
0.17009035
0.176629
0.16229911
0.17665896
0.17415583
0.166101
0.15731326
0.15971379
0.17613049
0.16551077
0.17986737
0.17024411
0.16843699
0.17436235
0.16915719
0.18934274
0.16728246
0.16522674
0.16763829
0.16534148
0.17655787
0.16323245
0.16329189
0.1658804
0.17394471
0.18646991
0.15976718
0.17571254
0.17141902
0.1733983
0.15842101
0.16781478
0.1814036
0.16335787
0.1694448
0.17260583
0.16341385
0.1678239
0.16807869
0.17615898
0.17825423
0.16384438
0.16634217
0.16415787
0.17217642
0.16030063
0.16707334
0.17105299
0.17170253
0.16506296
0.15928757
0.16183649
0.1739986
0.1604978
0.16663837
0.17754823
0.17335142
0.17497647
0.1701049
0.17176364
0.16260225
0.18828073
0.16241042
0.16126223
0.1649347
0.16635922
0.16481535
0.16378394
0.16953655
0.16103788
0.16644402
0.17346227
0.16346474
0.17492633
0.16197267
0.17004217
0.16695231
0.15787262
0.17089982
0.1718132
0.17315036
0.17225376
0.17045705
0.17311294
0.1663462
0.16389076
0.1694179
0.16861388
0.17955108
0.15996137
0.1668081
0.16272412
0.18163335
0.1652897
0.18668017
0.1825068
0.15070218
0.16373797
0.17462385
0.16860834
0.17829819
0.17608313
0.17397241
0.17390044
0.16387293
0.1634922
0.16575411
0.1699393
0.16002026
0.17692265
0.16933703
0.1648229
0.1758443
0.16196896
0.16573273
0.17256807
0.17544891
0.17484774
0.16743912
0.18124688
0.17612106
0.17971191
0.17524423
0.17374565
0.17626828
0.18086042
0.17342909
0.17950907
0.17914808
0.17198108
0.18389417
0.17117459
0.16926868
0.16951708
0.17120045
0.17626405
0.17065668
0.17274675
0.1654814
0.17375274
0.17648263
0.17180553
0.1946263
0.17926784
0.17450424
0.17690545
0.1649422
0.16423886
0.16062273
0.17412046
0.18350346
0.1774575
0.17427085
0.17819653
0.16750096
0.15782806
0.17358918
0.17365475
0.17685696
0.18329571
0.16421859
0.16825451
0.17103767
0.19328855
0.17681439
0.17426021
0.16293204
0.1807024
0.16728947
0.17704774
0.16387269
0.1723605
0.1667879
0.16878043
0.16363093
0.17292607
0.16903439
0.17551789
0.16941199
0.18169564
0.16973631
0.16497461
0.17590828
0.16082543
0.16785236
0.16591844
0.16106388
0.16600402
0.18152875
0.16582826
0.17366053
0.17844367
0.17335021
0.16705635
0.16970864
0.1682465
0.16984962
0.17076862
0.18389045
0.16303375
0.17037003
0.16748269
0.16591603
0.16943844
0.1754885
0.18210208
0.166293
0.17863192
0.17022946
0.16820776
0.17022613
0.17253771
0.17217703
0.1673876
0.1797687
0.17445068
0.16877742
0.16086335
0.16170664
0.1691772
0.16924101
0.15789433
0.17280851
0.1712182
0.16451408
0.17107366
0.17076153
0.1700304
0.17506742
0.1607324
0.1742247
0.15854904
0.17132841
0.1761592
0.16890505
0.17369066
0.16894053
0.16157499
0.17847522
0.16174017
0.17331174
0.16575211
0.1625091
0.16777565
0.17777911
0.17346554
0.1658939
0.17334104
0.16109286
0.16818684
0.18612327
0.16265011
0.16601995
0.16274676
0.17035836
0.16433826
0.17121418
0.15943782
0.16820039
0.17943911
0.16766784
0.17086837
0.16938281
0.16917701
0.16200188
0.16228294
0.16306289
0.1825722
0.17481165
0.16333874
0.1650337
0.1719586
0.17657124
0.17437139
0.18163495
0.17240548
0.16922688
0.17510141
0.16403303
0.16589144
0.16376413
0.16865562
0.16871285
0.17530875
0.15381344
0.17560321
0.17373608
0.16356376
0.1703316
0.16713768
0.18323848
0.16015412
0.16868831
0.15752843
0.17764841
0.17085162
0.1827337
0.18127687
0.16641931
0.17218933
0.17284763
0.17219469
0.17241246
0.17319952
0.17179452
0.17948581
0.18015571
0.18215108
0.18192244
0.17649461
0.1889613
0.19120422
0.17095624
0.17316857
0.16408694
0.16168454
0.17216979
0.17497757
0.17144111
0.16260464
0.17124017
0.16914113
0.16194615
0.16064341
0.18064499
0.16770561
0.16115518
0.18664862
0.17943297
0.17420508
0.17667516
0.16676505
0.17728147
0.17738934
0.17624529
0.16544634
0.17323601
0.17237659
0.17772837
0.16918413
0.17920095
0.18814418
0.173472
0.18634239
0.178217
0.16953349
0.16847071
0.17270647
0.17699736
0.1687877
0.17055757
0.16838627
0.17270212
0.17341325
0.17788738
0.17380434
0.17643435
0.18137482
0.1776022
0.17022283
0.17704494
0.17186837
0.17134126
0.16106154
0.16966143
0.16675094
0.17952769
0.17435417
0.17472509
0.17523031
0.18333505
0.18607955
0.1834765
0.16314183
0.16607751
0.16509919
0.15329623
0.16790453
0.17164598
0.1703433
0.15803193
0.17034654
0.17809159
0.18129921
0.16434869
0.18288799
0.16401848
0.17162888
0.16663118
0.16467632
0.18432526
0.17554244
0.1767237
0.18255857
0.16988304
0.16867699
0.17214549
0.16149478
0.17986488
0.17685564
0.1677369
0.17462333
0.16506863
0.16935116
0.1651323
0.16285013
0.16549385
0.16299912
0.16540214
0.17050071
0.1591815
0.17119773
0.16345981
0.16658853
0.16571997
0.17248021
0.16848096
0.17708237
0.19568036
0.1737748
0.16948512
0.1828767
0.16986492
0.16393691
0.16674548
0.15943561
0.17148179
0.16099867
0.1619603
0.17870443
0.16447315
0.16909637
0.16613162
0.16988398
0.15934636
0.16409294
0.160068
0.16676934
0.16262105
0.15322594
0.16161111
0.16368537
0.15405838
0.16712531
0.17008467
0.16827315
0.16383411
0.15896496
0.1749579
0.16453171
0.16871513
0.16336416
0.16487384
0.16194192
0.17221646
0.15646045
0.17090762
0.15867998
0.16520274
0.16267237
0.18387592
0.17388844
0.16725196
0.17399766
0.16231838
0.15947296
0.16796933
0.16039567
0.16179603
0.18181805
0.16412866
0.16058989
0.16029356
0.15974826
0.1727024
0.16470103
0.16067149
0.1613994
0.16575012
0.15930822
0.16879131
0.16674137
0.16939296
0.18211909
0.1700289
0.1784191
0.15941611
0.16054672
0.16465104
0.16603158
0.18179932
0.17296034
0.17503665
0.16264139
0.17516792
0.1688683
0.18115209
0.17472205
0.17487384
0.17575659
0.1722131
0.16182378
0.18847503
0.1682941
0.16782756
0.16435638
0.16336377
0.18120861
0.170435
0.16669272
0.16940086
0.16530967
0.16089246
0.17533763
0.18541673
0.15659183
0.1654263
0.18226026
0.17936894
0.16451998
0.16152498
0.1641782
0.17589837
0.18250312
0.1677961
0.17116895
0.16958405
0.18280837
0.17254424
0.16967486
0.17824356
0.17493097
0.17352512
0.16086997
0.17252792
0.17720546
0.18069282
0.17860907
0.18167286
0.16897763
0.15774702
0.16572054
0.17615087
0.1721828
0.17731862
0.16801473
0.175856
0.161965
0.18219936
0.1605689
0.17365332
0.1760533
0.17155625
0.18435726
0.16464552
0.1573527
0.18546088
0.18761559
0.17238417
0.1791502
0.1915674
0.16364878
0.19038971
0.1723601
0.17649274
0.16766867
0.17592789
0.18076624
0.16544752
0.18191788
0.16337492
0.17795429
0.16757886
0.17727284
0.17365676
0.17309175
0.16711105
0.1699468
0.16734867
0.17115004
0.19707873
0.17103113
0.17154835
0.16947058
0.17585626
0.1592461
0.1759
0.16853568
0.17214411
0.17397869
0.17277306
0.17771871
0.18323188
0.17700537
0.17684385
0.1663298
0.17924039
0.17307656
0.16508032
0.1685358
0.16739981
0.16919452
0.1675581
0.1735569
0.17385021
0.16724986
0.17175637
0.18451259
0.17298464
0.16824473
0.1660688
0.17030217
0.18003565
0.16785002
0.17285156
0.17589997
0.18071872
0.17131436
0.16684034
0.16778858
0.17928644
0.18213429
0.19126642
0.18212241
0.1850092
0.15666218
0.16836675
0.16170911
0.1765866
0.16739163
0.15936191
0.17085451
0.17340234
0.17751928
0.16828476
0.16576125
0.17372087
0.18468703
0.16907768
0.16879208
0.16632767
0.16776589
0.17493637
0.15602747
0.1715941
0.1679305
0.17148098
0.17659977
0.18100055
0.17618966
0.16732524
0.17464519
0.17179531
0.16442597
0.17957869
0.17055467
0.16416755
0.15901798
0.174465
0.18635719
0.16730541
0.16429587
0.17921412
0.16918252
0.1745557
0.1646621
0.1772463
0.1741321
0.18205464
0.1550005
0.18299927
0.18692957
0.1726127
0.16578007
0.16694228
0.18130325
0.17548311
0.16411795
0.16430162
0.18489881
0.16870527
0.16009603
0.1750469
0.16894364
0.15658502
0.16888733
0.17581299
0.20056498
0.18252063
0.17054453
0.17344323
0.16502115
0.17304692
0.1754753
0.16207458
0.17072752
0.15977068
0.17116596
0.17001903
0.16561283
0.17316914
0.1742225
0.17228906
0.1776302
0.18069865
0.1650457
0.18347554
0.17728403
0.16584256
0.17745924
0.17602012
0.17839718
0.1644961
0.16105565
0.16890888
0.1721704
0.17733681
0.17169496
0.17007548
0.17306952
0.17472567
0.17445159
0.1745183
0.1686217
0.18398027
0.17620362
0.16597432
0.17106096
0.17640555
0.17381628
0.17743446
0.1816629
0.16037086
0.17273545
0.17719261
0.17202576
0.1783111
0.17500639
0.17479677
0.1810282
0.17178574
0.16422099
0.17453103
0.18855615
0.16686259
0.17808111
0.17693585
0.17402992
0.15840214
0.17394975
0.16400662
0.16049626
0.16223134
0.1704519
0.1801036
0.1644988
0.17116007
0.1705902
0.17139712
0.16864814
0.1645309
0.17128542
0.16411951
0.1727394
0.16896936
0.16841821
0.17070054
0.15796736
0.16672362
0.15419087
0.16456087
0.17320707
0.1588309
0.16076142
0.16799402
0.16956204
0.17714311
0.16634761
0.16921599
0.16960986
0.1786322
0.18422274
0.16431072
0.17947
0.16984202
0.17898953
0.17725298
0.1781042
0.17019525
0.16686334
0.16402838
0.17945915
0.15613508
0.17065798
0.18305954
0.1760848
0.17375669
0.1639809
0.17366849
0.17293291
0.1762263
0.17369545
0.17332433
0.15786123
0.18414949
0.16229895
0.17291099
0.17726183
0.18184759
0.17694347
0.17996949
0.17016229
0.17591614
0.16544838
0.18982412
0.16718677
0.16531421
0.16981204
0.16236432
0.16286272
0.17066659
0.17941436
0.1640237
0.1763215
0.19184124
0.17946197
0.1634557
0.1773632
0.1748527
0.17794093
0.18137427
0.16431156
0.16268487
0.17806265
0.15601471
0.1589089
0.16352622
0.18114659
0.17218202
0.17481981
0.18363056
0.17147943
0.15730383
0.17772837
0.18568313
0.16652012
0.17291139
0.19295971
0.17914003
0.1815489
0.18420693
0.1730258
0.18369263
0.17730501
0.18072277
0.1590737
0.17619023
0.17412044
0.17735119
0.18535121
0.1686039
0.18073793
0.17892039
0.17184715
0.18114252
0.1780642
0.17406398
0.16497672
0.1808152
0.16565517
0.1751735
0.18571712
0.16022168
0.19137245
0.17742814
0.18359317
0.17640369
0.18718918
0.18208136
0.17150201
0.16817112
0.17971732
0.17315161
0.18072511
0.17285857
0.172534
0.17620036
0.18515567
0.18739177
0.17113736
0.17545985
0.1812828
0.16922669
0.18300119
0.18071163
0.18002522
0.19090833
0.17612469
0.17659757
0.17942308
0.179763
0.18737039
0.18876952
0.1657867
0.16757745
0.17413943
0.17379427
0.16820344
0.17999272
0.179804
0.17271347
0.18001904
0.17910682
0.17047407
0.16194572
0.18506631
0.17393477
0.17642348
0.17129368
0.18131214
0.18385307
0.18700953
0.18002409
0.1856359
0.17102781
0.17089711
0.18284807
0.16504668
0.17688002
0.18856885
0.17151514
0.16749305
0.18021461
0.17935853
0.16702072
0.1912739
0.17634186
0.17165084
0.1819711
0.17931026
0.1802517
0.17538114
0.17569397
0.17257772
0.18278226
0.18412885
0.17712887
0.19782618
0.1833443
0.17922117
0.18957436
0.18609843
0.17699939
0.18267384
0.18976632
0.18831043
0.18488751
0.18702464
0.17022914
0.1772053
0.17606027
0.1726116
0.18892957
0.18116474
0.17529954
0.17988068
0.17981426
0.18067597
0.19676122
0.17855039
0.1704903
0.17814422
0.1781034
0.18958992
0.16191773
0.18749334
0.17676878
0.17557578
0.18632777
0.17563683
0.16844594
0.19327341
0.17586735
0.1867233
0.17492479
0.18063119
0.18601964
0.18171538
0.18404709
0.18301608
0.18793763
0.18700372
0.1825064
0.17580014
0.20118825
0.16955669
0.17343992
0.1850215
0.1802715
0.18735728
0.17896736
0.18032394
0.17797938
0.18218319
0.18473452
0.18759347
0.18129404
0.17758027
0.18057796
0.19166607
0.17046812
0.19802965
0.17908515
0.19043697
0.19177559
0.16947971
0.1856568
0.19014059
0.18314338
0.18959336
0.16568005
0.17363514
0.19159484
0.17356306
0.17226957
0.17306863
0.1660894
0.17802404
0.189377
0.17790511
0.18505116
0.17401955
0.18850145
0.18267891
0.1851498
0.17578062
0.16705911
0.17222823
0.18337698
0.18024167
0.17125498
0.19084151
0.17752086
0.19196066
0.18551643
0.17910494
0.17118782
0.1628416
0.18040201
0.20119472
0.18807101
0.19728343
0.17422691
0.18142663
0.21529321
0.17902409
0.1615531
0.1862682
0.18129988
0.1767635
0.16543972
0.1785092
0.16431715
0.17566246
0.16910434
0.1755836
0.1789617
0.17912205
0.16342308
0.17557727
0.17170474
0.17225379
0.2076348
0.16744517
0.16930823
0.1732108
0.17818674
0.16731974
0.16623262
0.18441574
0.19082929
0.18495217
0.1765997
0.17120923
0.2221974
0.17022346
0.1677086
0.18265632
0.17835277
0.16151896
0.1697074
0.16595384
0.16803838
0.17058858
0.17019111
0.1730139
0.16458224
0.17222089
0.1760222
0.16316484
0.18133526
0.18095551
0.16437984
0.16246343
0.17921752
0.17800243
0.17584752
0.16739723
0.17913346
0.18218434
0.18222867
0.17677625
0.18621047
0.17278549
0.17744175
0.17371516
0.17983463
0.17952372
0.17753345
0.18787725
0.17539313
0.17409506
0.18026611
0.17977145
0.1696333
0.17137684
0.16524583
0.17360897
0.17641336
0.17366765
0.16730557
0.17993341
0.16943344
0.17321928
0.15786947
0.18534203
0.18164429
0.18996902
0.1809563
0.176063
0.16650486
0.156524
0.16718581
0.15775853
0.17821701
0.1681289
0.18902686
0.18055278
0.18269101
0.20399688
0.17299338
0.16905022
0.1759578
0.16503738
0.17456481
0.17057541
0.16429026
0.15869163
0.17519847
0.17040402
0.16611448
0.16417612
0.17065
0.16286571
0.16614929
0.18916908
0.15934879
0.17740417
0.15615483
0.17718974
0.16455597
0.15992835
0.1654491
0.16709438
0.18142435
0.16980627
0.15305474
0.17082587
0.15102004
0.1770194
0.17630847
0.17703901
0.18198456
0.16555732
0.17081751
0.16248493
0.18027474
0.17556536
0.18063529
0.18544213
0.15317853
0.17898926
0.18170385
0.18479058
0.16946588
0.17307541
0.18651098
0.1702973
0.1743817
0.16850007
0.16613977
0.16959566
0.16242425
0.173428
0.16783142
0.17425877
0.15270224
0.17565359
0.17277814
0.17633206
0.18981418
0.19409554
0.18228613
0.16695808
0.17895496
0.17392468
0.17151585
0.17203337
0.18696488
0.16722925
0.16793567
0.17193182
0.16835296
0.19366826
0.16372672
0.16468275
0.16598223
0.16533065
0.17589332
0.16478804
0.17137001
0.18379103
0.18083793
0.20385447
0.17832975
0.16976064
0.17805828
0.19704461
0.16882844
0.16667154
0.17569368
0.18002708
0.20866783
0.17725027
0.19322982
0.18479657
0.17954981
0.17997913
0.17954755
0.19890705
0.1838396
0.17971945
0.18574388
0.15970694
0.17898515
0.19123557
0.1832067
0.1810229
0.18367979
0.17912741
0.18244693
0.17416295
0.17043765
0.20382969
0.17765304
0.20020816
0.1918829
0.17164715
0.18315032
0.17286325
0.19154112
0.18184437
0.15987407
0.17388709
0.17628704
0.17573018
0.18661843
0.19231354
0.17942233
0.1758938
0.16432813
0.18025586
0.16711423
0.18317078
0.1841137
0.17348948
0.18759684
0.17313445
0.18844171
0.17752388
0.19387661
0.16933577
0.17771384
0.17840624
0.19413266
0.18326455
0.16783556
0.17831562
0.17979454
0.18680564
0.18550679
0.16301423
0.17514227
0.18493734
0.19161098
0.18887731
0.1645495
0.17990984
0.17576627
0.19619013
0.18454914
0.1820708
0.18367307
0.18144117
0.17215745
0.17242883
0.19110855
0.16935904
0.18189682
0.1845485
0.20642217
0.17957643
0.18823145
0.17340842
0.18139486
0.19269025
0.16961917
0.18547688
0.18465382
0.1823129
0.17944571
0.17719753
0.1723153
0.18171142
0.18337885
0.17162932
0.17422295
0.18565053
0.17783706
0.17265034
0.17867549
0.17108668
0.18756151
0.18075351
0.1845763
0.18679649
0.17645995
0.18301135
0.19306798
0.18871796
0.18176474
0.15155718
0.18253785
0.17392932
0.17247646
0.18136433
0.17468572
0.17955893
0.17823948
0.1670932
0.1898986
0.16923955
0.1984687
0.1810734
0.16787194
0.17603622
0.17482781
0.17747813
0.18424346
0.20056717
0.16985887
0.19506742
0.19023283
0.1969174
0.1742683
0.17515634
0.17082772
0.18526371
0.18873733
0.17920731
0.1806533
0.18573318
0.18674003
0.17952213
0.17706563
0.1894331
0.18562393
0.16720037
0.17193744
0.18460964
0.17769761
0.19902463
0.1830547
0.17704223
0.17367235
0.19446997
0.18190037
0.19047189
0.18348937
0.18443447
0.18005419
0.16937682
0.19025324
0.16935039
0.17860082
0.18589504
0.1790539
0.16220257
0.17216894
0.18046817
0.1605946
0.16206446
0.18374893
0.18959323
0.16346063
0.17156062
0.16615778
0.1832826
0.18166345
0.18911436
0.18421955
0.18166514
0.178179
0.18818797
0.1804339
0.17508858
0.18116443
0.19087972
0.1663277
0.17106558
0.19053626
0.17677747
0.1839454
0.18567866
0.1846049
0.185397
0.18687455
0.1747568
0.18740809
0.16777667
0.18629226
0.18858507
0.17826019
0.16652997
0.18811098
0.1924368
0.1755294
0.16889289
0.18068738
0.17832354
0.16195007
0.15907994
0.17491156
0.18992727
0.17479955
0.17282459
0.18102722
0.2075947
0.1843749
0.21278283
0.17512618
0.17981786
0.1835255
0.17606027
0.1659842
0.16961174
0.17470865
0.18270804
0.17894936
0.17211926
0.1771715
0.16950221
0.17740814
0.17023604
0.19777273
0.18746585
0.18161786
0.1957195
0.18746589
0.17573723
0.18440734
0.18014932
0.18306711
0.18003088
0.16308984
0.19935268
0.18451738
0.17155568
0.16370842
0.17334643
0.1800967
0.18259647
0.17660454
0.1858263
0.17672151
0.17469215
0.17473769
0.18903352
0.17216413
0.16070828
0.19988355
0.16749065
0.18753542
0.16882241
0.18542086
0.18077752
0.18196183
0.17014702
0.17708357
0.18693338
0.17621805
0.18080172
0.18775102
0.18738586
0.18164891
0.16333345
0.17077804
0.18440153
0.16542546
0.16750255
0.16777405
0.17720701
0.16339767
0.16847542
0.16715506
0.20236495
0.17754637
0.16260654
0.16523322
0.17307651
0.1823197
0.18974796
0.18662705
0.1936677
0.18232822
0.18672882
0.17690437
0.17557506
0.17556694
0.18558872
0.17157641
0.16144395
0.17823799
0.17570044
0.19360735
0.18800426
0.1946298
0.1842632
0.17948255
0.17771384
0.16194214
0.1737951
0.1707849
0.16550428
0.17445867
0.1733252
0.17436826
0.17394787
0.1819713
0.15967532
0.16949147
0.23479943
0.17075074
0.17886254
0.18805325
0.17451069
0.17467433
0.16079445
0.17447506
0.17925821
0.2211373
0.1700372
0.16633272
0.19554992
0.19208354
0.17371073
0.16794094
0.16753659
0.18553063
0.17734684
0.17483552
0.16990136
0.16984628
0.18706708
0.1958794
0.18181115
0.16432175
0.16904737
0.18647382
0.17892759
0.177461
0.18603736
0.18797131
0.17693467
0.23406497
0.1978313
0.17364626
0.18019798
0.17376707
0.19945745
0.17854798
0.17267953
0.1742512
0.18638656
0.21409461
0.19035183
0.17071441
0.18470415
0.18074323
0.1739039
0.17562206
0.19064614
0.19930574
0.1696428
0.20627864
0.17181654
0.19851588
0.19597776
0.17997701
0.1855806
0.1948798
0.17475955
0.19287218
0.17531593
0.1718892
0.17472003
0.2066484
0.18757108
0.1809662
0.194092
0.17736585
0.18198273
0.17929038
0.18761119
0.18161409
0.1893546
0.15821283
0.20559177
0.19377317
0.19773982
0.18711194
0.1994848
0.19041556
0.1916965
0.19166356
0.17652744
0.18437
0.18867724
0.19168448
0.18693168
0.17814721
0.17311521
0.1850335
0.19289814
0.18366976
0.18277352
0.19969675
0.17307626
0.18951058
0.18018797
0.18616058
0.19075681
0.1906401
0.21382084
0.1757779
0.18677066
0.20334801
0.21017723
0.19452356
0.19857548
0.1930479
0.17116669
0.18103828
0.20813064
0.17786129
0.20698519
0.1844796
0.19089887
0.18453687
0.21297655
0.20376725
0.18533358
0.19236879
0.19062635
0.21607955
0.19580236
0.19915047
0.1988501
0.18291037
0.18963125
0.18778889
0.19863503
0.20024087
0.19053993
0.19906037
0.17741674
0.18234394
0.20400646
0.18625218
0.180021
0.18496236
0.18328074
0.19693907
0.20783994
0.18382938
0.19909562
0.18231563
0.19571568
0.20346011
0.19521664
0.18577476
0.19080067
0.180603
0.1899828
0.19215843
0.19107556
0.18991278
0.18137601
0.17614779
0.19304118
0.19338255
0.20227501
0.17838833
0.18602544
0.1886663
0.19987978
0.16948017
0.18668494
0.177626
0.18233013
0.20990404
0.18287951
0.19250832
0.17692216
0.18898453
0.18683104
0.19946118
0.17770536
0.19850469
0.19207716
0.20505929
0.1821204
0.2167651
0.18288386
0.19167554
0.19109653
0.20362991
0.19302548
0.17030802
0.18751211
0.19835964
0.19598503
0.19152226
0.20107383
0.18406902
0.21115889
0.19565293
0.18747054
0.1976352
0.17988633
0.17501937
0.197325
0.18009645
0.19423503
0.19539838
0.18212736
0.19200458
0.20013765
0.19107503
0.18384136
0.19858061
0.18242553
0.18440652
0.18143807
0.16216603
0.18975803
0.19069612
0.18822442
0.19313282
0.17944841
0.18425971
0.1743627
0.21471967
0.20074272
0.17378035
0.17565781
0.17628478
0.20036913
0.19422519
0.19502206
0.19124334
0.22799368
0.18702899
0.20143801
0.19573542
0.1937498
0.19248304
0.20073435
0.17521803
0.19676481
0.18286194
0.17880596
0.19792758
0.18139549
0.17979364
0.17527382
0.18202245
0.19187355
0.17055605
0.1821017
0.23200975
0.18253344
0.1836839
0.1663006
0.21553746
0.1809137
0.1803488
0.18162578
0.18985912
0.18286261
0.20299728
0.18820626
0.20184867
0.17265414
0.1745785
0.18755303
0.19131649
0.17670111
0.19111264
0.18231739
0.18716319
0.17249428
0.19810097
0.18212616
0.18298595
0.17406367
0.17396334
0.1611096
0.17351015
0.18492146
0.19618508
0.16214865
0.1623048
0.18416616
0.16986474
0.18643808
0.17807558
0.1709784
0.19096561
0.18504727
0.17293994
0.16893514
0.17594282
0.17692822
0.18509987
0.17996433
0.1817907
0.16488129
0.19279541
0.1600043
0.17032032
0.17138466
0.1759117
0.17993015
0.17017655
0.16846345
0.16672148
0.15982528
0.16494773
0.16384201
0.15577687
0.16812809
0.16521479
0.169173
0.16399987
0.16662517
0.17023997
0.16525394
0.17761242
0.16267507
0.15558071
0.17198572
0.17399628
0.16111591
0.18193735
0.15564324
0.17239465
0.17307538
0.18609865
0.17656223
0.18158755
0.16342096
0.18208839
0.19008808
0.17671706
0.16945001
0.16483746
0.18630809
0.16646712
0.15753306
0.17690036
0.16613597
0.16351986
0.17611639
0.16571833
0.17544393
0.16614936
0.17261948
0.16746627
0.17401652
0.16968198
0.18275467
0.17510253
0.1725851
0.16344297
0.16737725
0.17383829
0.16883469
0.17222282
0.16571167
0.16306363
0.17656952
0.18685128
0.19838516
0.18689647
0.19465446
0.1739838
0.18609764
0.16212961
0.1788531
0.19391775
0.178821
0.1753802
0.17847055
0.16841276
0.16714524
0.17670174
0.17243862
0.1706389
0.19831292
0.18183298
0.1707502
0.16423142
0.1800741
0.1832292
0.16991888
0.19098236
0.18929538
0.1815354
0.17988755
0.17849928
0.1681199
0.17499995
0.18049994
0.17493668
0.2034467
0.16599336
0.17160547
0.17728099
0.1708287
0.17402409
0.16274133
0.19033204
0.18441941
0.1748555
0.1894552
0.16889758
0.17675494
0.18226539
0.18074419
0.17832594
0.17405954
0.18222532
0.17213096
0.18841076
0.18027356
0.1694945
0.17178845
0.17073923
0.17200539
0.17484379
0.21052818
0.18337789
0.18162784
0.16703834
0.17020875
0.17710587
0.1851024
0.17709833
0.1872071
0.17525053
0.16915703
0.19868176
0.18670696
0.1856304
0.20860523
0.18038954
0.17520191
0.20055924
0.1852606
0.17563982
0.19285887
0.17982371
0.17472942
0.17997994
0.18783279
0.18638417
0.17382361
0.16735141
0.18489484
0.17968607
0.19087867
0.17981122
0.17698039
0.18112525
0.17764442
0.18590671
0.18032362
0.17782275
0.18831721
0.18301971
0.17448832
0.18206389
0.17875592
0.1753338
0.18311462
0.19424844
0.16933319
0.18059768
0.17126623
0.17487343
0.18062262
0.17996901
0.18318772
0.17183486
0.17422372
0.17086433
0.18698707
0.19367197
0.18879533
0.1706023
0.1904339
0.19010997
0.19652261
0.19489306
0.17657724
0.18749027
0.1821864
0.18618912
0.186148
0.17891222
0.18113351
0.18839262
0.19951282
0.18474638
0.17237438
0.18165763
0.17744571
0.18162856
0.18180436
0.18637918
0.18102764
0.19127412
0.17838752
0.18786404
0.19765478
0.20427494
0.18229185
0.18529136
0.18198088
0.19010213
0.18136431
0.17991203
0.18634835
0.18029705
0.1893982
0.17903078
0.17825316
0.1925039
0.18970874
0.17993432
0.17892219
0.18042329
0.17695312
0.17779452
0.17294835
0.17233309
0.17595662
0.20610051
0.17614289
0.18758577
0.17638724
0.17165306
0.16911796
0.16692509
0.16851534
0.17818116
0.19312033
0.17951916
0.1743043
0.17460145
0.18042096
0.18543413
0.18682137
0.17928304
0.20415968
0.18194167
0.1837579
0.17559695
0.17666759
0.18698722
0.17810963
0.18389423
0.19783717
0.18838705
0.17874826
0.18763009
0.18634176
0.19621038
0.19792216
0.18410672
0.18315421
0.20521072
0.19143529
0.19251283
0.17416881
0.17231803
0.18699199
0.17835999
0.17391725
0.17316571
0.17460449
0.1799962
0.20673582
0.19598109
0.18087187
0.17711549
0.18473373
0.21605082
0.19117075
0.18845578
0.19433826
0.19372834
0.1794779
0.17366184
0.17549136
0.17605245
0.18031658
0.18909754
0.18305193
0.1805831
0.18339206
0.18868335
0.17655264
0.18525171
0.18180346
0.18678465
0.18740557
0.19292408
0.18759249
0.18600728
0.19746563
0.17991562
0.17113027
0.177587
0.18788536
0.19358344
0.1819809
0.17611599
0.18493281
0.20782591
0.191398
0.18871208
0.18404746
0.19833602
0.19852926
0.18796334
0.17919862
0.18025544
0.17744996
0.17799857
0.17138737
0.16937688
0.16748363
0.1727501
0.17213562
0.18009727
0.19209355
0.18075742
0.17542663
0.17636815
0.17881507
0.18224593
0.17809525
0.17828922
0.17597474
0.17419764
0.17322311
0.17002709
0.17206565
0.17281757
0.17355342
0.18231304
0.19603041
0.1847362
0.18304522
0.19097674
0.18180215
0.17936404
0.18319613
0.18311599
0.18923284
0.20204
0.17523187
0.17051856
0.18344592
0.17694049
0.1788413
0.19367337
0.17898954
0.17362557
0.17355722
0.18404172
0.200196
0.1871638
0.20504197
0.18525364
0.17161566
0.17693546
0.17544284
0.17899908
0.17732121
0.18003342
0.17938022
0.17306174
0.16616993
0.17282881
0.18594599
0.19930436
0.17491792
0.16313836
0.16283424
0.16593349
0.15973844
0.15544139
0.16680513
0.19667862
0.16662139
0.16007254
0.16351806
0.17637365
0.1743737
0.17046955
0.16153707
0.16147591
0.16394937
0.17226663
0.17164573
0.1693518
0.16278733
0.1625112
0.16584252
0.17073643
0.17064147
0.16967213
0.16429095
0.16654305
0.16909768
0.1654439
0.15799347
0.16068837
0.16867828
0.17296705
0.17133135
0.16589981
0.15947765
0.15511483
0.15932782
0.16860874
0.17173533
0.16911447
0.16517219
0.1577844
0.1592209
0.16664027
0.17483716
0.1758326
0.16444217
0.1604142
0.15922472
0.17304072
0.18053187
0.1801883
0.17859864
0.16826802
0.1730099
0.17197247
0.17837061
0.17918333
0.17883131
0.17017879
0.16680391
0.16681863
0.17270668
0.17162403
0.17243226
0.17475921
0.17393845
0.16419527
0.18111771
0.22053811
0.17963952
0.16784082
0.17885087
0.18459085
0.17915003
0.17287157
0.16925958
0.1699914
0.16159026
0.15836737
0.16241603
0.17044172
0.17086966
0.15655051
0.15458392
0.15463729
0.16593513
0.1729698
0.18363243
0.17671542
0.16964924
0.15962473
0.16350089
0.17039467
0.1722161
0.17223242
0.17267331
0.17376769
0.17636292
0.16945179
0.16861987
0.1723319
0.1700857
0.17205606
0.16724461
0.17199558
0.16584773
0.16527528
0.162568
0.16663814
0.17592533
0.17966975
0.18048683
0.17241827
0.17381698
0.17863947
0.17833242
0.17587121
0.17282663
0.1700251
0.16941188
0.16402306
0.16976058
0.16874793
0.18191984
0.17507304
0.17415567
0.16397439
0.169477
0.16720903
0.16187516
0.15729259
0.16077442
0.17012851
0.17166086
0.17184854
0.16282156
0.1654024
0.16582194
0.17759435
0.17628707
0.1744332
0.1726178
0.17486987
0.1728378
0.1619248
0.1642517
0.17448333
0.17801712
0.17443508
0.16823603
0.16458482
0.17119668
0.17527966
0.18132828
0.17391007
0.1732776
0.17743652
0.17196657
0.17800084
0.17335615
0.17567566
0.16590455
0.16719419
0.17504583
0.18139556
0.19450934
0.19382414
0.19082823
0.18060057
0.17906846
0.18112734
0.18915023
0.19340684
0.19642267
0.1896154
0.18718277
0.18438148
0.18914205
0.18886952
0.18186669
0.16876358
0.17059626
0.17817883
0.183624
0.17430319
0.17759864
0.17721702
0.18017496
0.17658731
0.17945738
0.18870352
0.18102896
0.17675458
0.17588954
0.18296228
0.19531499
0.19177483
0.19121985
0.17641942
0.17726903
0.18030243
0.18190998
0.17191744
0.17303842
0.18134888
0.19330043
0.19167548
0.19470076
0.19111285
0.18680048
0.18003948
0.18224761
0.17955469
0.18527053
0.18390948
0.18133844
0.18131335
0.18403625
0.1901238
0.17847687
0.17457539
0.1804124
0.19698027
0.2064276
0.2044925
0.18903156
0.18423748
0.18004237
0.18154445
0.17457841
0.18074839
0.18348627
0.19117215
0.18508643
0.18059525
0.18142807
0.1857854
0.19235347
0.18382303
0.17947346
0.17454049
0.1744688
0.16864522
0.17634001
0.17756732
0.18882081
0.1887059
0.19658688
0.19116813
0.18870151
0.18064734
0.18055056
0.18846177
0.1944725
0.19311734
0.17977858
0.17688884
0.18442963
0.19205797
0.19082642
0.18214172
0.17943391
0.18188484
0.17833917
0.18636926
0.18595794
0.18556026
0.18406998
0.18611476
0.19545707
0.1894427
0.18491551
0.18146867
0.18434343
0.1811889
0.18630166
0.17597651
0.18323131
0.18842055
0.19712815
0.1913267
0.18467744
0.18035074
0.18316483
0.18311742
0.18154874
0.18956791
0.18968529
0.20149072
0.19903155
0.19603294
0.18059075
0.1678992
0.17301087
0.17594334
0.18373142
0.20001587
0.20149417
0.20866443
0.18618223
0.18772815
0.19197677
0.19666786
0.20652401
0.19696112
0.19904698
0.19275025
0.19441651
0.18715392
0.18263988
0.16911814
0.16588452
0.16297917
0.17558272
0.1894064
0.2067851
0.21624562
0.21329781
0.20711376
0.20079808
0.20146994
0.19956721
0.19740735
0.19554475
0.20060344
0.20829242
0.20105676
0.2020426
0.19726521
0.20946436
0.20665565
0.19996326
0.2015535
0.19483486
0.21306384
0.2166416
0.21515211
0.20134997
0.19399703
0.19781855
0.1897852
0.19403017
0.195096
0.20439205
0.20280746
0.2085658
0.21354435
0.2095846
0.20307472
0.20204233
0.19878194
0.20465143
0.2041982
0.19709396
0.19659682
0.19183761
0.19320628
0.19574617
0.1906882
0.207343
0.1985614
0.19944337
0.19027483
0.187983
0.1942695
0.19479084
0.1953256
0.18824501
0.19119059
0.18806793
0.1914031
0.19089007
0.19218192
0.18987061
0.1750943
0.17458393
0.18642648
0.1933429
0.19520116
0.17437132
0.17136893
0.16718544
0.17846969
0.18403113
0.18240239
0.17887509
0.17691515
0.18062662
0.18718481
0.18945071
0.1847807
0.17277096
0.16374287
0.16061945
0.18289678
0.19874716
0.20844966
0.18630117
0.17310712
0.17026421
0.17984745
0.177996
0.1759859
0.1729854
0.17641145
0.18221544
0.17797065
0.17059076
0.16629124
0.1668845
0.16673091
0.15997805
0.15588999
0.16295063
0.17192967
0.1724437
0.17424102
0.17519538
0.17568113
0.17406736
0.17597468
0.17860611
0.17326908
0.16861677
0.16216755
0.17122515
0.1709505
0.17355795
0.17096363
0.17035832
0.17433916
0.16234875
0.16139516
0.15811309
0.16519104
0.16351502
0.1602378
0.16519555
0.16182181
0.15472622
0.15795438
0.16314952
0.16887432
0.16081518
0.16542023
0.17643628
0.1738118
0.15823422
0.15164846
0.15739344
0.16694333
0.16041292
0.15817629
0.15199159
0.15340814
0.14632745
0.1535244
0.16338016
0.16519397
0.16114369
0.15383457
0.15766856
0.16970286
0.16995065
0.17608275
0.16470568
0.16060726
0.15606749
0.15424855
0.15757231
0.15113394
0.16927978
0.16628727
0.17290056
0.16476023
0.17235845
0.16687065
0.15143122
0.14710914
0.15662006
0.16541654
0.17060742
0.15865313
0.15606038
0.14756572
0.17283815
0.1758019
0.18625648
0.16910893
0.1625247
0.1653617
0.1651494
0.16689168
0.15089872
0.15171711
0.14582185
0.15845065
0.15329683
0.16795038
0.15963475
0.16434968
0.15701933
0.1628939
0.16968103
0.17131841
0.17211615
0.16104434
0.15682895
0.15954211
0.16276792
0.16392462
0.15073729
0.14891198
0.14447546
0.14485528
0.13763665
0.13821267
0.14563198
0.15095837
0.14723526
0.13590233
0.12763582
0.12945093
0.13066556
0.13686134
0.13317928
0.13456059
0.12967041
0.14116903
0.14457767
0.1447683
0.13793615
0.12885278
0.12832601
0.13620856
0.13963485
0.146315
0.13831319
0.13931412
0.13838084
0.14368445
0.14536008
0.14256163
0.13572448
0.14392464
0.14398804
0.14504443
0.13450514
0.13372767
0.13373819
0.13288586
0.1368015
0.13689995
0.13644668
0.13215484
0.13572301
0.14044034
0.13821976
0.14014693
0.1446979
0.14533593
0.13816471
0.13816577
0.13685532
0.1429743
0.13554257
0.14038005
0.13962926
0.1385081
0.14531368
0.14343849
0.15386656
0.14864057
0.14652479
0.13557027
0.13406457
0.1379226
0.14560671
0.14325173
0.14526564
0.1387398
0.14226356
0.13672216
0.1432454
0.1485507
0.15405938
0.15094292
0.14008169
0.13723737
0.13975622
0.14359492
0.15006201
0.1531713
0.14780965
0.13801257
0.13218899
0.13665353
0.14009713
0.13510923
0.13689028
0.13668798
0.14297362
0.14008886
0.13423897
0.14041634
0.13857946
0.1417475
0.13879229
0.14316504
0.15019552
0.14914408
0.14634135
0.1444647
0.13964391
0.14592336
0.13902608
0.14593981
0.14858581
0.1573475
0.15456103
0.14583042
0.1424651
0.14920838
0.15733816
0.15337671
0.15031281
0.1493437
0.15323113
0.15020472
0.15223871
0.15990573
0.16297932
0.15885444
0.15208264
0.14394635
0.1460775
0.13873741
0.14301367
0.1386302
0.1511354
0.15607013
0.15825815
0.15440428
0.14151146
0.13753556
0.13230361
0.13179748
0.13920482
0.1448561
0.14938094
0.14671762
0.14820673
0.14673719
0.14791417
0.14374968
0.15148737
0.15280545
0.14915054
0.14189203
0.13760798
0.13444063
0.14260755
0.1447194
0.15212747
0.14874446
0.14793603
0.1428267
0.14884378
0.148182
0.15514942
0.1483542
0.15230873
0.15943271
0.166433
0.16342372
0.15882577
0.15548675
0.156412
0.15120292
0.14905348
0.15146333
0.15388818
0.15580498
0.15040061
0.15113895
0.15318471
0.14975429
0.15062304
0.14380226
0.14879227
0.15081213
0.14970377
0.14931436
0.14710683
0.16710623
0.16685
0.1685773
0.15735984
0.16333239
0.15957312
0.1499514
0.15472297
0.15470086
0.16078955
0.1549923
0.16353288
0.15672405
0.15403295
0.15082161
0.1550643
0.15720588
0.15063597
0.15678371
0.16278939
0.16897306
0.16338377
0.15908718
0.15780795
0.15456524
0.15054949
0.14630976
0.15346813
0.15624882
0.16442533
0.16989711
0.16347767
0.16493776
0.16427222
0.18039136
0.17413418
0.16823794
0.1618497
0.15051842
0.14490427
0.14257586
0.15645237
0.16034065
0.15692459
0.1511521
0.16233909
0.16380784
0.16977999
0.16948478
0.17439881
0.16521336
0.15271367
0.15325226
0.1569615
0.16311337
0.160687
0.16184737
0.16386463
0.15609565
0.1596864
0.15356712
0.15743375
0.15905656
0.15511413
0.15001388
0.14601946
0.15516572
0.15957652
0.15958272
0.15941203
0.16245602
0.15985176
0.15879224
0.17167698
0.1790044
0.1772339
0.15971017
0.15076384
0.14284101
0.15073882
0.15320097
0.16072027
0.15066612
0.15028346
0.15174055
0.15406805
0.1581011
0.15033892
0.14223614
0.15024367
0.15703374
0.17193878
0.16585432
0.16816303
0.1689667
0.16150455
0.15776315
0.15021592
0.14785428
0.14451516
0.14443925
0.14816055
0.14957494
0.14397605
0.14568557
0.14392313
0.15694284
0.15998721
0.15660909
0.1582801
0.15985546
0.16103598
0.1563139
0.1437303
0.15092412
0.14745598
0.15082031
0.13665074
0.13502982
0.15494767
0.17213953
0.1708028
0.14769584
0.14564452
0.14816555
0.15645988
0.15258253
0.14687857
0.13679148
0.13534908
0.1464914
0.14932539
0.14994316
0.14649478
0.1492132
0.14759001
0.13677025
0.14122608
0.13790248
0.14192756
0.13369282
0.13517742
0.13522695
0.14423901
0.14453319
0.1513548
0.14387092
0.14996631
0.14633521
0.14724264
0.14548461
0.14656213
0.14602503
0.13991673
0.13929611
0.14420088
0.14404814
0.14516275
0.13866925
0.14225122
0.14277424
0.13749483
0.12935477
0.12918267
0.13898322
0.14030915
0.13663018
0.14417288
0.15001807
0.15002984
0.15101506
0.15077476
0.14814474
0.14666706
0.14793462
0.15095836
0.15367375
0.1494214
0.15507779
0.14877364
0.16244893
0.16298665
0.15935446
0.15260516
0.14672919
0.15214802
0.15779065
0.15409695
0.15038517
0.13743892
0.1411904
0.14498335
0.15532504
0.16303511
0.1521026
0.15416467
0.15308361
0.16206646
0.16197021
0.15877639
0.15953209
0.15209866
0.16687997
0.16327234
0.17027496
0.15236466
0.1620882
0.16104698
0.16551831
0.16233815
0.16290082
0.16307299
0.16816796
0.17321841
0.17536327
0.17031667
0.16360822
0.16091232
0.16207236
0.16950357
0.17448016
0.17558007
0.17571323
0.17589407
0.1733031
0.17774734
0.1766211
0.18140674
0.17072335
0.16913147
0.16778684
0.1826484
0.17943296
0.1723051
0.15482712
0.16100009
0.16495478
0.1643066
0.1657782
0.16191098
0.16308965
0.168127
0.17882344
0.17931454
0.1789279
0.16852559
0.18274854
0.18226281
0.18407977
0.17246121
0.16530514
0.16968206
0.16379972
0.17039984
0.1711864
0.18621077
0.17501248
0.17733346
0.17162013
0.17952825
0.17691377
0.1758199
0.18129165
0.17831154
0.18739383
0.17533436
0.17722107
0.17316145
0.18482785
0.18033794
0.17284895
0.17048913
0.18406719
0.18718058
0.18859848
0.17975059
0.17877407
0.1808265
0.17549798
0.17760329
0.15987
0.16835819
0.16773526
0.17867473
0.1722358
0.17820822
0.18585081
0.18769331
0.1764066
0.16892484
0.17447986
0.17397228
0.17218976
0.16375622
0.16432281
0.16503154
0.1737518
0.17891243
0.17231478
0.16792125
0.15965766
0.17174184
0.17403743
0.18335745
0.17371939
0.16625066
0.15807371
0.15807691
0.15729383
0.15978216
0.1555657
0.15998071
0.17118199
0.17732546
0.1837845
0.18294324
0.18123358
0.17367798
0.1646668
0.16486317
0.17406623
0.17871396
0.18392417
0.17874238
0.17657043
0.17340669
0.17177951
0.16982904
0.16946784
0.16802669
0.17429948
0.17910914
0.18435866
0.18029664
0.17463315
0.17147884
0.16752271
0.16231817
0.17022464
0.16583696
0.17183259
0.16622065
0.1747359
0.17951514
0.17616883
0.18021318
0.1790476
0.17973472
0.17434804
0.17074966
0.16310568
0.1625219
0.1759008
0.18709762
0.17434214
0.171577
0.17703216
0.19041286
0.17458299
0.16946533
0.17082855
0.17566687
0.17138895
0.1633167
0.16641651
0.16838206
0.17938171
0.1908992
0.18429475
0.18401696
0.17231151
0.18224096
0.18366976
0.18193163
0.16873586
0.16755837
0.15765965
0.16612527
0.15487768
0.16400625
0.16272971
0.17852797
0.17896686
0.17978248
0.17003883
0.17694746
0.17426386
0.18357348
0.18014708
0.18687893
0.18135738
0.17339794
0.17085713
0.17224751
0.175677
0.17324495
0.1704317
0.18243456
0.18433265
0.18867868
0.18957044
0.1944956
0.199393
0.19238468
0.18591803
0.18108582
0.18290846
0.18019179
0.17891249
0.17929238
0.18762913
0.18717475
0.18908031
0.18950345
0.1870212
0.19283703
0.1896351
0.19161965
0.18593329
0.18322492
0.1933787
0.19163586
0.19349597
0.17627819
0.17772274
0.17390051
0.1901432
0.1797481
0.19571286
0.18560529
0.19090492
0.17222425
0.16854185
0.16332163
0.17619936
0.18100967
0.19575253
0.20459075
0.20767128
0.1967269
0.19265297
0.20428036
0.20371784
0.19498928
0.18031572
0.19937362
0.20240812
0.19385765
0.18879248
0.18892244
0.19215702
0.18851915
0.18681245
0.19570772
0.1905698
0.18998154
0.19008781
0.19166031
0.19030313
0.19153391
0.190241
0.19028544
0.18723403
0.18399626
0.18461838
0.17745441
0.17975232
0.17372133
0.17166546
0.17630956
0.18654276
0.19779262
0.20344333
0.2026948
0.20538639
0.20032255
0.19969015
0.20887968
0.2181144
0.21382065
0.20234847
0.19192131
0.18832915
0.18864496
0.18243872
0.19592284
0.19768459
0.21028571
0.20279631
0.20003323
0.18531139
0.18306795
0.17697187
0.18461739
0.195112
0.1886152
0.19586128
0.19365995
0.19397552
0.19109696
0.19501644
0.20645632
0.2056528
0.1871421
0.18624604
0.17754425
0.18535008
0.19133264
0.20176512
0.2021209
0.20298807
0.19672379
0.20729311
0.20877963
0.20721716
0.19735378
0.20364958
0.20915939
0.21329686
0.2038028
0.19999549
0.20988461
0.22448848
0.23125494
0.22959743
0.20210056
0.19867297
0.19364119
0.22466229
0.23324856
0.22863103
0.22384985
0.21460992
0.21546121
0.20819072
0.20553161
0.19998549
0.19218513
0.19339886
0.19595489
0.2064172
0.20162493
0.2065192
0.1887473
0.1929639
0.20047162
0.20702049
0.20538548
0.18947993
0.1921297
0.18824059
0.1787452
0.16562375
0.17447074
0.18914431
0.20210776
0.19508706
0.19182256
0.19569647
0.21162596
0.21244939
0.20649034
0.19802582
0.20333114
0.2033453
0.20183438
0.20674203
0.20872675
0.2039206
0.20427132
0.19723693
0.19603746
0.18442956
0.1914259
0.18849745
0.19835073
0.19196858
0.19259784
0.1765763
0.19099429
0.18819632
0.20658354
0.20150723
0.2168787
0.21814927
0.23774084
0.2362719
0.23663959
0.21868879
0.21330446
0.20361128
0.1921685
0.19209908
0.19645496
0.19955003
0.23079357
0.22942507
0.22219063
0.19179057
0.18550867
0.1920249
0.19049072
0.19820097
0.19540173
0.19301724
0.18198378
0.18715295
0.19111253
0.2000812
0.19524002
0.19521207
0.18428676
0.20013322
0.18130913
0.18881479
0.18321101
0.19456196
0.19257924
0.18625154
0.18097746
0.18677728
0.19044061
0.20239553
0.21043523
0.20085253
0.20024231
0.19255193
0.20544668
0.1987709
0.18871076
0.18067995
0.1937708
0.19101596
0.19450603
0.19024743
0.20088947
0.20109831
0.2041204
0.20722766
0.20550181
0.20203888
0.20050888
0.20324874
0.2182611
0.22007047
0.21156363
0.19287454
0.18683577
0.18885511
0.18686113
0.1909603
0.20734408
0.19862604
0.18934518
0.1829803
0.19503684
0.20436823
0.20742904
0.20350304
0.20576401
0.20336893
0.20734401
0.1929501
0.19258828
0.19718103
0.21078187
0.20372477
0.19948566
0.19051749
0.18464382
0.18495522
0.1840323
0.18631788
0.19660942
0.18771891
0.1919204
0.19298126
0.20341288
0.20434125
0.18989743
0.18912242
0.18871404
0.18989508
0.1844517
0.18751562
0.18790592
0.18881503
0.18925302
0.19048563
0.18937588
0.1933315
0.19972898
0.2056824
0.2073783
0.19914475
0.19312043
0.1949963
0.2080212
0.20823345
0.20718585
0.20882566
0.19505918
0.19443737
0.19276826
0.21344613
0.22525847
0.22155239
0.2221052
0.2175207
0.2116115
0.19960411
0.20661445
0.20345245
0.20619072
0.19857565
0.21212527
0.20386411
0.20543192
0.2088236
0.2144939
0.21682978
0.209674
0.22036316
0.21780485
0.21720092
0.20512411
0.19787593
0.21112722
0.21943933
0.22187279
0.207563
0.21802387
0.2101132
0.22316682
0.21512967
0.21736676
0.20159775
0.20120487
0.19751714
0.20224792
0.20074053
0.20799924
0.21102892
0.22246696
0.22911394
0.22777577
0.2252088
0.23091415
0.22216034
0.21718481
0.24172848
0.23773877
0.23600286
0.20436712
0.2032283
0.21977721
0.23198158
0.24359395
0.23290637
0.23535985
0.22397059
0.23525928
0.23278725
0.2489051
0.25067124
0.24863958
0.24187268
0.22504497
0.22159013
0.23572916
0.24469629
0.24358685
0.22669941
0.2247223
0.22422366
0.2255831
0.22296079
0.23315646
0.2589465
0.25898093
0.2544961
0.23575947
0.24320328
0.24571556
0.24153437
0.23272662
0.22268753
0.22620204
0.23709857
0.24797404
0.24604325
0.23803057
0.23254941
0.2273471
0.22898224
0.23217034
0.22805136
0.23418428
0.23607993
0.24869096
0.23948662
0.23204593
0.23213439
0.23599583
0.22649966
0.22024229
0.22054322
0.2264281
0.21874611
0.21846619
0.21592413
0.21868664
0.22673474
0.21415737
0.22569543
0.21774355
0.23287296
0.24102794
0.2346245
0.22569908
0.22770183
0.22040349
0.22060269
0.23579459
0.23584537
0.24268888
0.23539492
0.24462338
0.24880892
0.25110778
0.23460774
0.21810341
0.22463077
0.23839048
0.24826212
0.23720643
0.23669396
0.2331398
0.2350569
0.2845814
0.27208045
0.2741088
0.22707577
0.23097458
0.22728436
0.2297786
0.22960262
0.23851405
0.27505848
0.24963471
0.24263076
0.2411678
0.23512568
0.24586697
0.25723764
0.25122565
0.25522378
0.24067353
0.24076204
0.2389835
0.23602535
0.2273107
0.23838945
0.2378227
0.2304663
0.23258628
0.23786965
0.24254477
0.23319905
0.23378739
0.24025778
0.23626168
0.22849242
0.21270648
0.21620573
0.21471341
0.2106331
0.21749818
0.22089241
0.21529116
0.21668933
0.22216813
0.21931824
0.23108397
0.2416375
0.24677737
0.2509671
0.24659388
0.23284651
0.22708309
0.2305621
0.23383602
0.23136027
0.24001998
0.23401935
0.22444488
0.22458051
0.2146923
0.21611065
0.2117764
0.21470277
0.21308778
0.21277247
0.21787068
0.22143169
0.2193121
0.22651705
0.23450887
0.23796481
0.24363135
0.23436452
0.2355018
0.23376036
0.22923312
0.24664328
0.24275944
0.24641584
0.23593144
0.23587643
0.21566178
0.21797979
0.22165234
0.228423
0.2301966
0.24573386
0.25135297
0.24222109
0.2518595
0.25373983
0.25122508
0.24828762
0.23777339
0.22825278
0.23794506
0.24465907
0.25984803
0.2525606
0.23971727
0.23895869
0.22862661
0.22220597
0.22392789
0.22531778
0.21630879
0.2157309
0.21870613
0.21803647
0.21633291
0.21517624
0.2201172
0.22856185
0.24506451
0.26232517
0.28107786
0.26801232
0.26851285
0.25678113
0.25832042
0.25199267
0.25212345
0.2608193
0.2626686
0.26957938
0.25705957
0.2650065
0.2597409
0.25964314
0.2451255
0.26047423
0.27703115
0.26379687
0.2865554
0.28270882
0.31194714
0.30365783
0.28708902
0.26901194
0.26809633
0.26555136
0.2660061
0.26706123
0.27937624
0.27814716
0.27630273
0.28703523
0.31609246
0.2967122
0.28970152
0.27667183
0.2737088
0.27089497
0.27215388
0.27575195
0.28089336
0.2875624
0.2747165
0.27075
0.28892934
0.30510828
0.29197228
0.3192564
0.2909152
0.27516103
0.27138132
0.2747513
0.27229205
0.29257026
0.29244018
0.29600376
0.29022303
0.30152306
0.28978068
0.2847604
0.28088295
0.27581713
0.28390682
0.30093715
0.30867797
0.30981523
0.31768292
0.3114725
0.3062116
0.30034298
0.3074276
0.3061786
0.29360166
0.28350157
0.27552554
0.26540032
0.25737864
0.24907118
0.26108846
0.2731614
0.29698902
0.30206764
0.31435516
0.29470003
0.30494663
0.2888496
0.28454506
0.27889597
0.2790281
0.28867564
0.27887076
0.26943547
0.25989404
0.25446823
0.25641808
0.24745356
0.24318588
0.25462288
0.24570331
0.23624429
0.24348205
0.25254706
0.2522154
0.2631041
0.26895037
0.27042586
0.2655861
0.26515576
0.26629978
0.25727555
0.23858558
0.23945503
0.24766083
0.2535753
0.26019755
0.2733685
0.2787409
0.2707822
0.2529437
0.25352064
0.25172785
0.24225968
0.24279287
0.25800735
0.2643815
0.2700406
0.28087273
0.285416
0.27283704
0.2672389
0.26499224
0.25028235
0.24164593
0.2510756
0.25839734
0.25710446
0.2636328
0.25272444
0.24638908
0.2454689
0.24848504
0.24644823
0.24906363
0.2521862
0.24675143
0.2549315
0.24947552
0.27033418
0.268807
0.2744683
0.2648381
0.26420665
0.2717918
0.26669556
0.2561988
0.24115056
0.2357877
0.22909312
0.24255043
0.24756676
0.26268026
0.26520234
0.258856
0.25597093
0.2663688
0.2624456
0.27124482
0.2779103
0.2653528
0.2521777
0.25939715
0.2536963
0.23382719
0.23727621
0.24213146
0.23673561
0.25636154
0.2582497
0.26009557
0.26279047
0.27441826
0.2504358
0.25836533
0.2565494
0.2560113
0.24649915
0.26057425
0.24943775
0.25380126
0.24907145
0.23955533
0.23085512
0.22879203
0.22422756
0.2262623
0.22940594
0.23399535
0.23527102
0.24366726
0.2352803
0.23865493
0.2552377
0.2642442
0.25519186
0.26694086
0.27578905
0.26273984
0.25456253
0.26176202
0.25508583
0.24583226
0.23968096
0.23295623
0.2290162
0.22344844
0.24812126
0.24375634
0.2640899
0.25777662
0.25993726
0.23759484
0.24153598
0.23238319
0.230447
0.23618859
0.22548288
0.2303802
0.22781153
0.22831881
0.22558351
0.22391865
0.22872715
0.22264932
0.22924656
0.22532554
0.23526427
0.2350434
0.22700007
0.22588557
0.22548264
0.23089284
0.22637977
0.2153831
0.2098338
0.2048619
0.20137872
0.19519329
0.19124024
0.19835393
0.19896081
0.20714472
0.20667657
0.21352032
0.20844135
0.22057647
0.2205429
0.23232518
0.24270906
0.24435717
0.25732732
0.2698335
0.26046526
0.24271108
0.23641728
0.23395754
0.22273307
0.20534958
0.21066338
0.220102
0.22178325
0.21955395
0.21679646
0.22727603
0.23303202
0.22923315
0.22680569
0.22181831
0.22115487
0.2251038
0.21942846
0.22363265
0.22507642
0.22399233
0.23956773
0.24677256
0.24671568
0.24164674
0.23694766
0.2387129
0.24119121
0.22534549
0.22551483
0.27347833
0.2832208
0.2880439
0.29561657
0.28986242
0.2832868
0.2733825
0.23080057
0.21486793
0.21189982
0.22971545
0.24478509
0.23309587
0.2291729
0.23119298
0.24609382
0.24093547
0.22879493
0.22717929
0.24145378
0.24142054
0.23961487
0.23031509
0.22593072
0.24292327
0.23579659
0.23494284
0.23637727
0.23072726
0.23108083
0.23206246
0.21782142
0.21793501
0.2092766
0.20816454
0.21755531
0.22940615
0.23810807
0.24213824
0.24390537
0.25111327
0.2564654
0.2529083
0.24697323
0.24220002
0.23450804
0.23838632
0.2308197
0.23448323
0.22860193
0.23491305
0.23456778
0.24499413
0.23798722
0.24246813
0.23293605
0.24245243
0.23853967
0.23973058
0.2316391
0.24254791
0.25690275
0.25822684
0.25398627
0.284299
0.3085444
0.3122215
0.29197916
0.2973329
0.3101382
0.30891645
0.2833131
0.2788514
0.29172578
0.28295782
0.27869558
0.2750927
0.28381014
0.2851784
0.2777566
0.26874217
0.2754367
0.26550576
0.25657693
0.24064273
0.22859885
0.2310019
0.23225106
0.23544796
0.24974586
0.24178214
0.23777318
0.23920296
0.23818482
0.2389479
0.22803172
0.22619304
0.20905179
0.21561201
0.21579233
0.21766092
0.21164
0.21123318
0.21281964
0.21029978
0.21152976
0.21884547
0.2185725
0.22250353
0.22153275
0.22146979
0.21400139
0.20860873
0.20868899
0.21360752
0.2069136
0.20008308
0.19468269
0.19452018
0.2024872
0.20622198
0.213886
0.21906683
0.21984407
0.22998527
0.24181964
0.25217667
0.23928812
0.23341535
0.23471673
0.23501937
0.2333584
0.22780201
0.22775945
0.22061455
0.23468731
0.24621958
0.25020015
0.2533459
0.2567656
0.2637654
0.25769484
0.26366147
0.26126212
0.24856561
0.24101092
0.24037191
0.23672977
0.23595843
0.23278311
0.23579758
0.2362263
0.22804362
0.22174056
0.22401902
0.22706331
0.22851425
0.22911312
0.23413353
0.22652927
0.22989877
0.24336928
0.25625032
0.24913315
0.24098699
0.23722386
0.2266721
0.22755039
0.22189654
0.21775602
0.21464613
0.20474015
0.20373163
0.21118185
0.21560748
0.22241987
0.22736584
0.23428117
0.23511319
0.23796214
0.24255778
0.24777962
0.24537145
0.24289948
0.25866038
0.26145503
0.26336867
0.26535296
0.26387906
0.26142412
0.27315295
0.2792994
0.28361365
0.27313247
0.26620185
0.259005
0.25814825
0.2711535
0.28084177
0.25723013
0.2627958
0.2567577
0.25781453
0.26177278
0.2705747
0.27920356
0.27378875
0.2765613
0.2883828
0.28113705
0.28754827
0.29418802
0.29260114
0.28995734
0.2898732
0.28519273
0.28454962
0.27759236
0.2744969
0.28718922
0.2768446
0.2858032
0.29211774
0.28848377
0.29700598
0.30268103
0.29403985
0.31703183
0.30131146
0.30550402
0.31501803
0.32219207
0.33838987
0.35679665
0.38287145
0.37454793
0.38768056
0.39739284
0.38063875
0.37892824
0.3919083
0.40169686
0.39141825
0.40133715
0.41804627
0.43069097
0.45088887
0.44274437
0.4180804
0.40152496
0.4062896
0.40263432
0.38903102
0.39511436
0.38828987
0.3854573
0.40380567
0.3887073
0.37578034
0.3821802
0.3688933
0.37848783
0.36890042
0.36719173
0.37967065
0.3626533
0.39654258
0.4196716
0.45887634
0.4751586
0.49382734
0.52077276
0.522144
0.5656716
0.5280831
0.52842814
0.47318766
0.47524035
0.4867902
0.47789326
0.48010188
0.5326246
0.50946033
0.5210209
0.5250064
0.5403918
0.5354053
0.5110499
0.50397855
0.4693329
0.5258458
0.55963063
0.52874136
0.49791333
0.48833042
0.49429303
0.5114461
0.5432773
0.500514
0.4920867
0.507961
0.509023
0.5158353
0.53564125
0.5721391
0.6087628
0.6079707
0.5779729
0.59819865
0.59506816
0.61571926
0.5882627
0.56033105
0.5337093
0.56870204
0.5553334
0.54657596
0.5925321
0.60754216
0.6646876
0.645007
0.629239
0.6374932
0.63416284
0.6505823
0.60589033
0.5567361
0.5447782
0.5482654
0.5663352
0.5629805
0.5396301
0.54141223
0.54797167
0.59500176
0.6021225
0.584831
0.5662263
0.5628688
0.5917403
0.5923135
0.6123299
0.6640018
0.64160496
0.65713567
0.6370082
0.70021045
0.7728427
0.7568375
0.7909946
0.81458074
0.7736915
0.7651395
0.8503432
0.83927023
0.8225901
0.73077214
0.7635712
0.7472615
0.72315633
0.793102
0.8032039
0.8195292
0.79752254
0.817461
0.9122956
0.9665908
1.0133927
0.95774114
0.87389064
0.98568594
1.0278071
1.0371577
1.0130674
0.9566106
0.93571174
0.97274595
0.9688145
0.95917445
0.9330382
0.85546935
0.84921056
0.79093087
0.77669233
0.77538913
0.76519763
0.75597507
0.7311504
0.7152373
0.76124835
0.73162305
0.7155948
0.6903954
0.6875577
0.6553796
0.651704
0.64498603
0.68315184
0.72140545
0.70847476
0.74607044
0.7104845
0.70277673
0.6940879
0.6787771
0.6599038
0.71680766
0.70973366
0.7062932
0.68106246
0.68061596
0.70444727
0.71314394
0.71265024
0.74012446
0.7524173
0.76293427
0.7578212
0.74526596
0.7634443
0.73762745
0.7307062
0.7227244
0.74165815
0.7096077
0.7477142
0.78691494
0.77867764
0.791242
0.7815533
0.7832383
0.78218126
0.78218126
0.78218126
0.78218126
0.78218126
0.78218126
0.78218126
0.78218126
0.78218126
0.78218126
0.78218126
0.78218126
0.78218126
0.78218126
0.78218126
0.78218126
0.78218126
0.78218126
0.78218126
