505.8656
112.056595
66.16584
53.325397
45.52074
39.757477
35.2468
31.557497
28.445747
25.708391
23.314276
21.275566
19.505594
17.850548
16.401606
15.140201
14.008351
12.974643
12.078833
11.224601
10.475013
9.782014
9.147747
8.581836
8.1154375
7.5901475
7.1835594
6.8157477
6.4627924
6.0779834
5.7896395
5.5344753
5.253365
5.0051985
4.800354
4.5532336
4.41597
4.165734
4.029663
3.860887
3.694769
3.613492
3.4482718
3.35018
3.223361
3.0838308
3.0103955
2.9116192
2.8170874
2.758371
2.6555836
2.6120334
2.5150733
2.4492955
2.3913152
2.3222966
2.276242
2.2146916
2.1859972
2.126658
2.0763385
2.049649
1.9859538
1.9298099
1.9160178
1.8814478
1.8337079
1.8035542
1.758657
1.7524812
1.6965773
1.6877643
1.649243
1.6151166
1.5782242
1.5694404
1.5568305
1.5193142
1.4937248
1.4870151
1.4687444
1.4217527
1.412269
1.4101186
1.3800223
1.3585532
1.3331398
1.3063157
1.3368016
1.3010894
1.2841897
1.2671864
1.2447412
1.2427013
1.2273433
1.2065247
1.1849852
1.1856452
1.1766555
1.2091475
1.1485226
1.1907525
1.1223844
1.11697
1.1079946
1.0884246
1.1018721
1.0668092
1.0802331
1.075692
1.061989
1.037504
1.0278777
1.0510823
1.0308557
1.0364466
1.0128171
1.0005479
0.9992574
0.9973205
0.9977792
0.96142447
0.97537935
0.9699881
0.94942147
0.95620877
0.92980236
0.9442468
0.9218162
0.9311339
0.9586011
0.91110337
0.9093675
0.91301155
0.9229177
0.9142602
0.878586
0.8976077
0.87145853
0.8831835
0.8767411
0.86422026
0.86811775
0.8478526
0.84988296
0.8645349
0.8244739
0.8215822
0.8355456
0.82874143
0.84337604
0.8276738
0.8509722
0.804772
0.83229804
0.80397874
0.8036719
0.8075121
0.7959655
0.80298954
0.780798
0.7985513
0.7815745
0.77663034
0.78542876
0.76779246
0.7719384
0.7648084
0.7671392
0.76046956
0.7672645
0.75413024
0.7693284
0.7438921
0.74632615
0.76169384
0.74554664
0.73311645
0.73474836
0.7293789
0.7360063
0.74493724
0.7298485
0.7338382
0.75052273
0.7502181
0.7246191
0.7124322
0.71428704
0.71812737
0.7183462
0.6994988
0.70607466
0.7110026
0.69941175
0.70802635
0.70022887
0.6831885
0.7021039
0.6937425
0.6977801
0.6923339
0.6922438
0.6767517
0.69726384
0.6746593
0.67875844
0.684669
0.6729156
0.66351676
0.67819536
0.66061133
0.6619118
0.6669862
0.65661675
0.6471681
0.66760385
0.6550508
0.65054107
0.64586806
0.66723955
0.6609548
0.64649016
0.63643163
0.6400883
0.63999295
0.62660927
0.6367661
0.6295431
0.6360676
0.6355007
0.63759166
0.6319973
0.62395936
0.62886715
0.62015444
0.6171554
0.6295764
0.61520964
0.62414217
0.6274483
0.62627065
0.6185498
0.6119349
0.60650635
0.5970258
0.60859084
0.623828
0.6064674
0.60800564
0.61798865
0.60799557
0.60826194
0.60431945
0.6155986
0.61613315
0.5997576
0.59101695
0.5951503
0.58972865
0.6107157
0.6047472
0.60599345
0.5952393
0.58973175
0.606887
0.6263867
0.5840126
0.59770143
0.59394705
0.5929888
0.5782941
0.5780174
0.585324
0.5877339
0.5868733
0.5818365
0.5787434
0.56818116
0.577004
0.5870052
0.58141214
0.57435995
0.5777735
0.57236964
0.5676685
0.5651847
0.5725267
0.5690702
0.564724
0.5703728
0.5693874
0.568467
0.57482207
0.57193094
0.5654579
0.55948716
0.5673159
0.5647885
0.56306636
0.56706697
0.5619834
0.56733936
0.5671697
0.5640681
0.56783414
0.56312996
0.56606734
0.56895494
0.556251
0.5622722
0.5592321
0.5641754
0.5514861
0.54907835
0.5531964
0.5565096
0.5586082
0.55586267
0.5492163
0.5525891
0.5391192
0.5433928
0.54733014
0.54625756
0.5407502
0.5357531
0.5332174
0.53871864
0.5474275
0.542478
0.5315474
0.53424406
0.53704077
0.53756577
0.53980476
0.53140587
0.53742826
0.5267331
0.5291868
0.5305687
0.53553635
0.5413795
0.5320873
0.53451806
0.5397445
0.5403392
0.5261336
0.5375646
0.52745235
0.53387284
0.534327
0.5225115
0.5197575
0.52357155
0.52480066
0.524753
0.5238186
0.52371526
0.52134013
0.5188672
0.526341
0.52241176
0.5335749
0.5193926
0.5262657
0.5121669
0.5200871
0.51311547
0.522537
0.5187299
0.5226842
0.5143248
0.51401395
0.50973153
0.5170851
0.5233859
0.5116362
0.5158797
0.5094667
0.50165844
0.49862078
0.4997359
0.5097649
0.51188135
0.5015945
0.50558466
0.50201654
0.501947
0.5049742
0.49742746
0.5007831
0.4955001
0.49284154
0.5033447
0.49330923
0.49783278
0.4869272
0.50533545
0.48914677
0.49676487
0.492024
0.4912417
0.4914637
0.48950747
0.49206367
0.49565667
0.49652416
0.48652023
0.49613222
0.49239975
0.48138458
0.4934118
0.48594254
0.48298252
0.48626092
0.476419
0.4794497
0.48024482
0.4922609
0.48937792
0.48646668
0.47875568
0.48329547
0.47777268
0.48228082
0.48888832
0.48455152
0.4802953
0.47548303
0.47751063
0.4841985
0.47458526
0.47014108
0.4817418
0.47700295
0.4744437
0.47481856
0.47770077
0.48382714
0.4742042
0.47479174
0.47034445
0.47344646
0.48066086
0.47720337
0.48410875
0.46670362
0.4734463
0.4566918
0.47298318
0.46517482
0.4714192
0.46555412
0.47652328
0.46200475
0.46906507
0.4612939
0.4750469
0.46041405
0.45653257
0.46340325
0.46565035
0.46803975
0.4614138
0.46790808
0.46457455
0.46058375
0.45777494
0.46824342
0.460412
0.46101695
0.46139756
0.46206167
0.45516977
0.4440415
0.44935524
0.45501432
0.44586647
0.44875398
0.457543
0.45376348
0.44808832
0.44491252
0.44797635
0.44944206
0.45068067
0.4521711
0.45099497
0.45207387
0.44487834
0.4480312
0.44475317
0.4509164
0.44257778
0.44178256
0.44535846
0.44734725
0.43410915
0.45383668
0.45040074
0.4426102
0.441545
0.43614912
0.43695632
0.43524933
0.4378986
0.4380064
0.43596372
0.444669
0.4467794
0.43642718
0.43902856
0.43845606
0.4466236
0.4369083
0.4395797
0.4346044
0.4352074
0.4382
0.43857524
0.43665838
0.43402448
0.43870765
0.43022504
0.432205
0.4213954
0.4305301
0.4286247
0.43247062
0.4246107
0.42968926
0.43059313
0.42604658
0.42394593
0.42697334
0.4257739
0.4279836
0.43167856
0.43212283
0.41906762
0.42867768
0.4191676
0.4288998
0.41445944
0.43037346
0.42078707
0.42600036
0.42593715
0.41767275
0.42491448
0.4243301
0.42289066
0.42597312
0.416044
0.4261806
0.42171574
0.41738963
0.41761217
0.4253498
0.41783693
0.42335936
0.42056593
0.4158631
0.4186982
0.4141665
0.41440102
0.42263988
0.4073677
0.42622188
0.4173777
0.4108543
0.41728112
0.40947592
0.41034576
0.41185325
0.4160095
0.4059313
0.40990993
0.40875402
0.40552136
0.40183264
0.4047677
0.4069286
0.39728388
0.39962998
0.39942557
0.4039202
0.39515665
0.39102516
0.3957455
0.3946435
0.39499012
0.399605
0.39804092
0.40605953
0.39388052
0.3947605
0.3962166
0.38779792
0.39155474
0.39465192
0.3901042
0.39456093
0.39636984
0.38917747
0.3844543
0.39036077
0.38917282
0.384693
0.3839301
0.3845961
0.39994064
0.3957491
0.38222322
0.38759854
0.38113618
0.39068204
0.38499397
0.38007712
0.38901216
0.3779084
0.3842599
0.37489244
0.383668
0.3851441
0.38142246
0.3786229
0.37998983
0.3771953
0.38458192
0.36870342
0.37410676
0.37672114
0.37400725
0.37666845
0.37557197
0.36494523
0.37353122
0.36695275
0.37560558
0.37160677
0.37533113
0.36950645
0.36951438
0.36599448
0.37230316
0.38114294
0.35310516
0.37279072
0.36679837
0.36582154
0.36786988
0.37801388
0.37159032
0.36299032
0.3638795
0.35756445
0.36832893
0.36660814
0.36630565
0.363855
0.34822765
0.3610852
0.3606057
0.36086246
0.35522303
0.35944855
0.36406013
0.3663085
0.3607677
0.36092436
0.35625175
0.35797808
0.35104147
0.35574684
0.35300276
0.3474484
0.34916702
0.35698748
0.35412583
0.3589626
0.35238636
0.35300344
0.3507346
0.35186908
0.35397816
0.352207
0.34556043
0.35258234
0.3567675
0.34903678
0.35108086
0.350742
0.34933084
0.35663632
0.34665093
0.34651423
0.3460642
0.34106955
0.34334764
0.3444507
0.35118973
0.34076297
0.35225552
0.34251872
0.34808645
0.3382469
0.3440924
0.35010728
0.34656468
0.34050897
0.34373742
0.34382817
0.34750444
0.34162924
0.33893526
0.34074703
0.34056252
0.3375282
0.3431905
0.3376348
0.33551496
0.34155145
0.34771276
0.34279597
0.34369105
0.34256577
0.33725676
0.34440595
0.3392303
0.33484346
0.3433885
0.33381215
0.33043024
0.33517644
0.33348575
0.33436167
0.33962998
0.33326638
0.32966965
0.33337232
0.33549526
0.3277803
0.33066815
0.32390252
0.3230605
0.3233541
0.33173838
0.32660148
0.31903756
0.32248604
0.33099324
0.3225461
0.31731015
0.31706834
0.32815662
0.32321924
0.3225517
0.31915563
0.3125902
0.31184343
0.3245689
0.31332472
0.3198268
0.31390142
0.31910214
0.31030846
0.30911022
0.31380177
0.30549338
0.31506777
0.31325978
0.31729534
0.31907156
0.31786865
0.31048188
0.3101221
0.31336257
0.3097329
0.31286862
0.31472346
0.31020573
0.3122481
0.3156888
0.31342587
0.30164194
0.31072372
0.30918634
0.31503823
0.3045073
0.3105558
0.31003883
0.30938432
0.3089921
0.30202872
0.30370322
0.30120572
0.30503985
0.30550504
0.30430523
0.29526109
0.2992614
0.3020482
0.3109947
0.3034759
0.29811907
0.30375057
0.3012194
0.30071655
0.3078978
0.3005804
0.29506215
0.2963233
0.29713866
0.3007029
0.2910403
0.28687
0.2992202
0.2951483
0.2914701
0.29005915
0.29426628
0.29801083
0.2909379
0.28511125
0.29423034
0.28679916
0.29872566
0.28942937
0.27582574
0.28039566
0.28714636
0.2894
0.2809019
0.2854697
0.277866
0.28006965
0.2789213
0.28192678
0.27519998
0.28338814
0.27684742
0.28880897
0.2776854
0.28569645
0.28008658
0.27893683
0.27774617
0.28474322
0.27686492
0.27817327
0.2804017
0.27740017
0.27160192
0.2795273
0.281955
0.27356803
0.27524588
0.27261505
0.2783411
0.2723777
0.2741112
0.27274442
0.2710833
0.26761386
0.27660123
0.26775745
0.27104592
0.26206478
0.27122977
0.2681283
0.26743993
0.2710128
0.27166405
0.25627926
0.26757124
0.2642796
0.27469823
0.26389202
0.266148
0.2669164
0.26482943
0.2738021
0.2667522
0.2691919
0.26069367
0.2613116
0.2670904
0.26199943
0.26271933
0.27119014
0.26445886
0.2607403
0.2662086
0.26645765
0.25472358
0.26906952
0.26190767
0.2723869
0.2608317
0.27475205
0.25916615
0.27699992
0.25871924
0.26515615
0.25713935
0.25923505
0.25994983
0.26330444
0.2618021
0.2685637
0.26231492
0.25686216
0.26106042
0.2635391
0.2547963
0.2524016
0.2509082
0.25430316
0.2556453
0.25744146
0.24941851
0.25314546
0.25839567
0.2538229
0.2537113
0.25719088
0.2480286
0.25113606
0.25038198
0.24764383
0.24998067
0.2543146
0.24741495
0.2508635
0.25136438
0.24680024
0.25082892
0.2507858
0.24714044
0.2563976
0.25191137
0.2517592
0.24738799
0.25064266
0.254248
0.25025535
0.2405879
0.25398114
0.24861287
0.24498823
0.252365
0.24507153
0.24310175
0.25397632
0.25740108
0.24788603
0.24179631
0.24754204
0.25232562
0.24877322
0.24252832
0.2528063
0.24843457
0.24748759
0.2485008
0.24167979
0.24312954
0.2542833
0.25077194
0.24480315
0.23968072
0.24935794
0.24615009
0.23798102
0.24054514
0.25230613
0.24764112
0.24647677
0.2482747
0.247603
0.24569184
0.24303505
0.24425939
0.23565452
0.24497534
0.24178098
0.24012925
0.23822016
0.2406086
0.23739538
0.24289756
0.23625962
0.23837793
0.23506655
0.24324271
0.24015845
0.24051633
0.24422888
0.24094404
0.24284017
0.23394337
0.23854466
0.23707877
0.23991469
0.236597
0.2298032
0.24088803
0.23742887
0.23931363
0.23635964
0.23369473
0.23265769
0.2275404
0.24458344
0.22964859
0.23255941
0.2350373
0.23590308
0.23848008
0.23530038
0.23543273
0.23836878
0.2418495
0.23498635
0.23040551
0.22601335
0.22911838
0.22808854
0.23749979
0.23343046
0.237425
0.22193237
0.22880267
0.22471897
0.23308076
0.22966395
0.23833172
0.22936618
0.22250022
0.22899619
0.23000881
0.23228568
0.22408667
0.23476131
0.22823955
0.22386907
0.22715405
0.22944075
0.22704987
0.23238891
0.22789605
0.22597921
0.22935632
0.22639056
0.22788747
0.22486661
0.22629146
0.23008469
0.23200466
0.23223421
0.22911993
0.22305563
0.22882381
0.22774105
0.2239407
0.23107828
0.22907469
0.22230509
0.219581
0.22525325
0.22762507
0.22446367
0.23374042
0.22739202
0.22442782
0.22476144
0.22373748
0.22055079
0.22723165
0.22552922
0.2267642
0.21507266
0.2175436
0.22189787
0.22555041
0.22872442
0.21824428
0.21263783
0.22839946
0.21552463
0.22112142
0.22311576
0.22080821
0.21552323
0.22349863
0.2196876
0.21582434
0.22062804
0.213813
0.22608052
0.21343593
0.21902347
0.21328582
0.21190894
0.21714853
0.21063952
0.215958
0.21167116
0.21335672
0.21107414
0.21319076
0.21451364
0.20749633
0.21093218
0.20982054
0.21843247
0.20923772
0.21190658
0.20913959
0.20939219
0.20707648
0.210817
0.21284589
0.2174953
0.20908369
0.21342951
0.21761449
0.22181058
0.20703104
0.21117088
0.21494168
0.21372816
0.21470842
0.21445577
0.2076428
0.21341842
0.20878059
0.21578005
0.2116855
0.20949163
0.2104711
0.20625544
0.20603856
0.21198109
0.20670998
0.21263987
0.21579885
0.21165088
0.2058751
0.20754907
0.21401851
0.20937769
0.20137712
0.20900403
0.20639922
0.2101293
0.2103819
0.21377096
0.20762435
0.20420092
0.21197717
0.2107291
0.21043278
0.2037742
0.20213042
0.20751329
0.20725809
0.2031134
0.20469637
0.20383118
0.20229098
0.21079011
0.1998341
0.2052325
0.20589018
0.20346288
0.19397673
0.21153198
0.20163523
0.2033649
0.20219788
0.20339078
0.20241866
0.2045428
0.20071042
0.20255585
0.20562401
0.19866936
0.19646037
0.20606653
0.2084739
0.19880259
0.19569466
0.2055474
0.2011165
0.2063828
0.2034748
0.19838126
0.19970983
0.20462729
0.20618708
0.203544
0.20178583
0.20350419
0.20609617
0.20291351
0.2133434
0.1966869
0.20233369
0.19683081
0.19936492
0.19547063
0.20149347
0.19743586
0.20211284
0.19373085
0.19604471
0.1931909
0.1917139
0.19549938
0.20558359
0.1995459
0.1918039
0.19562048
0.19286384
0.19519633
0.19451632
0.20275924
0.18746339
0.19288793
0.19700675
0.19642594
0.19176878
0.19584683
0.19058117
0.1947243
0.19671619
0.19486809
0.19189678
0.18826717
0.18424532
0.18685962
0.19660662
0.1955884
0.1950435
0.19238463
0.19427934
0.19302219
0.18868051
0.18617074
0.1891936
0.18749928
0.18786672
0.19195412
0.18874799
0.18690199
0.18611541
0.1878477
0.18218513
0.19254605
0.18108617
0.18821119
0.19167094
0.18493962
0.18956597
0.17856236
0.188123
0.18831345
0.18452194
0.18060505
0.18239641
0.18240951
0.18370976
0.18267031
0.18722107
0.1821479
0.18155307
0.18507627
0.18809262
0.18962891
0.18689731
0.18450025
0.18944237
0.18588422
0.18238692
0.17641903
0.18115197
0.18466942
0.1767858
0.18961063
0.1853619
0.19096632
0.18440072
0.18541643
0.18142733
0.18412924
0.18046471
0.18554884
0.1854561
0.1809252
0.18076715
0.17783983
0.17985116
0.1795909
0.18205059
0.18389018
0.17527808
0.17923617
0.17770709
0.17982772
0.17743972
0.17639032
0.18101679
0.17459011
0.18201727
0.17849952
0.17929903
0.18152161
0.17655599
0.17293647
0.17626625
0.17952514
0.18189912
0.17885119
0.18043828
0.17769149
0.17069295
0.18017466
0.1707974
0.17859605
0.17663223
0.18209974
0.17861597
0.17604287
0.17972794
0.17901872
0.17476673
0.17252438
0.18071377
0.17386094
0.17485444
0.17278866
0.17664185
0.17294934
0.17442107
0.17076676
0.17579615
0.17570883
0.17198914
0.17140114
0.17401436
0.17901704
0.17776358
0.1762346
0.1737812
0.17017126
0.17907718
0.1787249
0.17537694
0.17406607
0.17250054
0.1708104
0.1722785
0.17463075
0.16669348
0.17118965
0.17230275
0.1705273
0.1698981
0.16576053
0.16666043
0.17233022
0.16679744
0.16702572
0.16734605
0.16964935
0.17102322
0.16827752
0.17082547
0.17016634
0.16800748
0.16793726
0.16637601
0.16967022
0.16268021
0.16390456
0.16151172
0.17466472
0.16428562
0.17279555
0.16723447
0.16534896
0.16180055
0.17031541
0.1676149
0.17321144
0.1723013
0.16805229
0.16633199
0.16433047
0.16822614
0.1703149
0.16577774
0.16373472
0.1698978
0.1662963
0.16253063
0.16738763
0.16149049
0.16992904
0.16861056
0.16381943
0.16078347
0.15963496
0.16924903
0.16517735
0.16911
0.16753869
0.15983981
0.16884527
0.16646849
0.16346061
0.1589999
0.16553959
0.16102083
0.15686344
0.15893367
0.16234352
0.16441838
0.1595197
0.15892462
0.16357735
0.16640322
0.15665367
0.15902089
0.1560775
0.16395657
0.16345784
0.16040066
0.16148119
0.15434313
0.16242555
0.16735816
0.16176328
0.16079831
0.16431402
0.16313118
0.16627438
0.17070942
0.1620134
0.1587354
0.15246476
0.1559579
0.15989533
0.1652465
0.1617392
0.1532827
0.16111192
0.16298269
0.15357721
0.16270557
0.16223498
0.15574755
0.1564539
0.15885694
0.15741484
0.16605043
0.15711448
0.15274951
0.15889496
0.16037017
0.16036652
0.16024646
0.1560014
0.1539383
0.16602725
0.1595194
0.15494591
0.1596239
0.15858203
0.15758295
0.15734006
0.15509202
0.1583295
0.15722853
0.16150793
0.15577944
0.15969881
0.16448507
0.15477885
0.15485074
0.15837593
0.15789482
0.16073772
0.15771411
0.16063891
0.15237702
0.16213197
0.15675563
0.16264656
0.16231003
0.15796955
0.15775609
0.15809558
0.15970977
0.15929477
0.15396327
0.16222955
0.16003479
0.1630968
0.15761237
0.15893354
0.15414749
0.16290933
0.16136505
0.171408
0.15628515
0.15397587
0.15978378
0.15516649
0.15692057
0.1573451
0.15809403
0.16111997
0.15781356
0.1546647
0.15339485
0.15251698
0.16120556
0.16013284
0.15531366
0.15298705
0.15253982
0.15754841
0.15411937
0.15832527
0.15866862
0.15058903
0.14625016
0.15901981
0.15206581
0.15501375
0.14728485
0.15073171
0.15028699
0.15501449
0.15338711
0.15289442
0.1518046
0.16169679
0.1489198
0.15153041
0.14779405
0.15684961
0.14756326
0.15345022
0.15064284
0.14844297
0.1564935
0.14974515
0.14943838
0.14660245
0.14336476
0.15482181
0.16121227
0.15190047
0.15404019
0.1482524
0.15355076
0.14952046
0.15208371
0.15432726
0.15617539
0.1393549
0.14770108
0.1616688
0.14462838
0.15348408
0.14678982
0.15073831
0.15117425
0.14823635
0.14893062
0.15438889
0.15131593
0.14358999
0.14497256
0.14658366
0.14283472
0.14674352
0.1469853
0.14715634
0.14317249
0.1476916
0.14476518
0.15210186
0.15245105
0.14865747
0.14322583
0.15585472
0.14329095
0.13930055
0.14824727
0.14119685
0.14749022
0.1465883
0.15003647
0.14994225
0.14877957
0.15047958
0.14510192
0.14965577
0.15174796
0.14141305
0.14428622
0.14478196
0.1477202
0.14861783
0.14911035
0.1397203
0.14353898
0.14134729
0.14779238
0.13845438
0.14779878
0.1415916
0.14396897
0.14602634
0.14420028
0.14769362
0.14546196
0.14572054
0.14295849
0.14278834
0.14224607
0.1411952
0.14264297
0.1441738
0.1413246
0.14438705
0.14634319
0.14055946
0.14209497
0.14086133
0.14351755
0.14294028
0.14771892
0.15154795
0.1406301
0.13889018
0.14156903
0.13726392
0.1478432
0.14387353
0.13772014
0.14007829
0.14612223
0.14718166
0.14721446
0.14488146
0.1447916
0.1361214
0.14552318
0.14319393
0.14251547
0.1475906
0.14325908
0.13617101
0.13984728
0.1418353
0.15057954
0.13623166
0.13930973
0.15666708
0.13736013
0.14652975
0.14870848
0.1341419
0.14295669
0.14376366
0.13262777
0.13909444
0.14652018
0.14646721
0.14157264
0.14199983
0.14438874
0.14284512
0.14204518
0.13868101
0.14398654
0.1422276
0.14273475
0.14805727
0.14608651
0.14522205
0.13382013
0.14113961
0.14031996
0.13843557
0.1399955
0.14151204
0.13883562
0.13651161
0.1418847
0.13549963
0.13787319
0.13574088
0.14719301
0.14016181
0.13630152
0.15077776
0.13729566
0.1417443
0.14809364
0.13761784
0.14435764
0.14175437
0.13668191
0.13865715
0.14221148
0.13528107
0.13707551
0.13758145
0.14281528
0.14317238
0.14104784
0.13511749
0.13915223
0.13966414
0.14138667
0.13152379
0.13173057
0.14490542
0.1375966
0.1363912
0.13604261
0.13588217
0.13727199
0.1370446
0.13951762
0.13970995
0.14004101
0.13805851
0.13376877
0.13829762
0.14001007
0.13507183
0.13218834
0.13654025
0.13529193
0.14210814
0.13675074
0.14297172
0.14229606
0.13396709
0.13402715
0.13675475
0.13731931
0.13460967
0.14070863
0.14213116
0.1340026
0.13430862
0.13977322
0.13729139
0.13955072
0.13904232
0.13633424
0.13588527
0.13775446
0.13793975
0.13974589
0.14124073
0.13451925
0.1392564
0.13133983
0.14664531
0.1348577
0.13566054
0.13970758
0.12936057
0.1384168
0.1339393
0.13756944
0.14054944
0.13888241
0.1345499
0.13503835
0.13763627
0.13772942
0.13559619
0.13895941
0.1404275
0.13584529
0.13591762
0.13541816
0.13517693
0.1410267
0.13962059
0.13197449
0.13535005
0.135852
0.13712856
0.13697441
0.13959523
0.14426883
0.1376589
0.13308536
0.13438335
0.13340849
0.13619268
0.13330369
0.13355969
0.1290267
0.13008992
0.13523486
0.1335774
0.13074856
0.13918458
0.13501164
0.13125451
0.1372097
0.13585834
0.13788407
0.13570143
0.13423835
0.13246214
0.13671426
0.13283856
0.13809021
0.13676421
0.135201
0.1364148
0.13480268
0.13244335
0.1362556
0.13611291
0.13003165
0.13479403
0.14435336
0.12944019
0.13663188
0.13574308
0.14330621
0.13314264
0.13575971
0.14201547
0.13819642
0.14058185
0.1358482
0.13491575
0.13303639
0.137431
0.13697614
0.13153078
0.1333278
0.13401146
0.13839507
0.12779477
0.14090192
0.13023794
0.13420716
0.13284133
0.13159011
0.13403472
0.13044012
0.1391535
0.1376559
0.13076323
0.13061687
0.13622263
0.13650768
0.13241859
0.13432296
0.12675555
0.13737856
0.13895535
0.12906976
0.13731313
0.13553518
0.13410294
0.13205856
0.1344069
0.1313957
0.13991664
0.13493605
0.13208388
0.13728462
0.13547641
0.1291091
0.13249354
0.13707933
0.13392964
0.13633932
0.13123329
0.1322751
0.12789112
0.13147871
0.1347625
0.13150206
0.13660868
0.12902941
0.14025533
0.13697717
0.13660827
0.13578336
0.12810247
0.12596989
0.12950373
0.13163565
0.12984063
0.13454957
0.12953375
0.13634701
0.13185453
0.13021131
0.13092637
0.13238838
0.132776
0.13134037
0.1312812
0.12635367
0.13175958
0.13263887
0.13147
0.13034737
0.12659995
0.13380858
0.12952386
0.12553452
0.13099042
0.13368578
0.12657794
0.12591694
0.12889385
0.13462944
0.1309978
0.13209283
0.1262145
0.1332436
0.13525426
0.1293778
0.13163576
0.13567482
0.13630463
0.1374219
0.12824248
0.1299861
0.13053904
0.123264715
0.12969147
0.1392587
0.13373916
0.13317715
0.12959816
0.13140558
0.13751298
0.1348333
0.13196248
0.13985106
0.13430284
0.13171609
0.12936799
0.12876186
0.12680542
0.13436177
0.13377859
0.13073753
0.12477564
0.13073422
0.13644652
0.12675385
0.13346285
0.1287726
0.12694833
0.13264811
0.12931831
0.12954338
0.1319769
0.12841569
0.12791069
0.12485417
0.13030423
0.13313514
0.12808591
0.12847672
0.13232248
0.13406225
0.12506776
0.12794441
0.12415436
0.12743077
0.13959993
0.1250515
0.1288533
0.12903978
0.12807904
0.1301786
0.12374795
0.13176487
0.125422
0.1296464
0.12806721
0.12855001
0.12921599
0.13189474
0.11884446
0.13568573
0.1326424
0.13110773
0.13283587
0.12877272
0.12773964
0.12792848
0.13094632
0.1293661
0.12752216
0.12860148
0.13208982
0.13048041
0.13226752
0.12991276
0.1257015
0.1267675
0.119782574
0.123458035
0.13429894
0.13090807
0.12380609
0.12835214
0.12842636
0.132686
0.13753587
0.13996732
0.12727077
0.12667969
0.1260686
0.12977177
0.12902212
0.11959396
0.13281453
0.13041681
0.13285011
0.12385584
0.12676048
0.119404875
0.12364704
0.12708415
0.12941173
0.12288531
0.12068056
0.13001338
0.12681282
0.123806484
0.12361086
0.13067468
0.12771022
0.1268392
0.12517233
0.12502271
0.1240595
0.12485695
0.1216459
0.135047
0.12801784
0.13106415
0.12883033
0.12756646
0.12037344
0.12306539
0.13033229
0.12520838
0.12688625
0.12799047
0.12622637
0.12989245
0.12870204
0.1186717
0.12884648
0.12414668
0.12857804
0.1285692
0.12494906
0.12015358
0.13305297
0.12274188
0.12199096
0.12199862
0.12592629
0.1283951
0.12602052
0.12656601
0.12077045
0.1303674
0.124742955
0.124253735
0.12077938
0.124648
0.12570342
0.13436434
0.120677315
0.12010637
0.12513852
0.12995517
0.11962919
0.123522885
0.12187924
0.124978535
0.12662335
0.12438518
0.11741711
0.12834276
0.11883638
0.12416763
0.12801564
0.12545912
0.12508292
0.1280373
0.12277056
0.12243342
0.12160181
0.12251668
0.12134018
0.12553221
0.124627315
0.11941323
0.12345948
0.13374743
0.12393296
0.12321259
0.12487478
0.12557526
0.12332145
0.12388254
0.12359895
0.12360874
0.122937925
0.1256076
0.12850182
0.11643139
0.12919421
0.12821352
0.12420384
0.12570153
0.12474287
0.12362984
0.12546128
0.12123759
0.12901689
0.12262197
0.12785754
0.12614338
0.12057908
0.13062733
0.1195087
0.1281944
0.12565742
0.12427664
0.13265136
0.13215405
0.12033488
0.12174649
0.120935716
0.1243271
0.1224013
0.1228915
0.12818256
0.12744588
0.12104826
0.12697335
0.12038565
0.11720645
0.11941251
0.13345364
0.12343777
0.119784854
0.12602144
0.12030691
0.12458218
0.11706689
0.11761246
0.118039146
0.11778914
0.121477105
0.1187636
0.12417482
0.12958066
0.12805372
0.12234373
0.12289435
0.119724825
0.1233182
0.12264672
0.11482949
0.11649465
0.119053446
0.12071093
0.12241195
0.12249498
0.124336585
0.11756835
0.122159995
0.12824771
0.12743482
0.13161717
0.12478346
0.12019098
0.12223381
0.12191035
0.12392947
0.123217896
0.12628402
0.11556399
0.1301045
0.1205213
0.12728614
0.12282287
0.12522028
0.12784497
0.121087395
0.12852518
0.12517369
0.12956494
0.12348666
0.11764463
0.12580772
0.12345576
0.12344372
0.12651536
0.12477854
0.12762202
0.11843594
0.12405469
0.120731175
0.12703669
0.12268139
0.12279909
0.1169997
0.12575932
0.12736383
0.12461103
0.118143365
0.12964252
0.12181302
0.123309694
0.12832604
0.12707278
0.1277446
0.12463464
0.11950964
0.12268347
0.11603022
0.12679867
0.12569702
0.122631796
0.12153027
0.12627093
0.12811501
0.12463545
0.12617107
0.1207535
0.12629054
0.12454242
0.12648405
0.12726063
0.12535402
0.122297704
0.12627572
0.124905065
0.12123095
0.122572735
0.1329997
0.11631303
0.12602259
0.12890163
0.12610294
0.1305685
0.122057505
0.11889953
0.12753053
0.1286765
0.12470598
0.12263622
0.12897414
0.12910931
0.12297338
0.1216332
0.12924439
0.12950997
0.12653926
0.122561246
0.12326566
0.12533128
0.119434044
0.1189427
0.12171167
0.12086351
0.12232262
0.12518229
0.124844946
0.119384915
0.13038431
0.12778345
0.11985002
0.11305711
0.116287895
0.12570211
0.12439908
0.12076559
0.12055792
0.12615763
0.124212824
0.12344603
0.1251889
0.123838276
0.12070078
0.124190055
0.12843616
0.11925385
0.12140997
0.117220804
0.12224927
0.12654942
0.11959238
0.12734759
0.12312443
0.12159362
0.122846544
0.119199015
0.13112253
0.11631775
0.12198614
0.12101529
0.12418002
0.12483751
0.122763306
0.12355594
0.12420017
0.12437663
0.12302587
0.12744372
0.119896576
0.121676005
0.12292572
0.122094356
0.12876257
0.123804696
0.12409598
0.12414212
0.124852635
0.12339134
0.11845619
0.120485745
0.12295429
0.11879197
0.11638098
0.1244682
0.1221904
0.124700874
0.12391415
0.12101156
0.121387064
0.12509531
0.11729262
0.1264282
0.124783784
0.11620476
0.122612745
0.12601562
0.12786098
0.11634596
0.11975255
0.122282304
0.11226958
0.11976219
0.11773974
0.121655025
0.11766953
0.12720536
0.12339789
0.12918112
0.12282163
0.12251812
0.12192468
0.11602849
0.122082986
0.12114104
0.12345246
0.120613776
0.13030571
0.12219722
0.13021459
0.1246355
0.117028296
0.13025326
0.121022955
0.11865278
0.1218982
0.12618598
0.12537624
0.11662171
0.124148004
0.123478726
0.12817898
0.12569797
0.12129866
0.12196821
0.12109019
0.12205558
0.12141963
0.120766774
0.122654796
0.11627587
0.11758276
0.13623594
0.12361293
0.12160912
0.11927306
0.12502177
0.11347623
0.120532945
0.11854583
0.115190804
0.118472144
0.118958734
0.12382652
0.12115789
0.12525134
0.12394766
0.124103375
0.12226569
0.12109577
0.12513803
0.12178512
0.12075777
0.12913336
0.12902273
0.12247659
0.11330413
0.12172517
0.12496412
0.11664871
0.12055694
0.12035316
0.114739
0.12442396
0.118962705
0.121494435
0.12288402
0.11752223
0.121817276
0.12877218
0.11606325
0.1228733
0.12257896
0.120634094
0.12543862
0.12017887
0.12410538
0.12359016
0.11584292
0.12439595
0.11743733
0.12670916
0.121038266
0.12199244
0.12089943
0.12437895
0.13051347
0.12322505
0.11691526
0.12307325
0.124734566
0.12267052
0.12618001
0.11978508
0.12347581
0.12601012
0.12608844
0.12484886
0.12659785
0.11859981
0.12729113
0.12211192
0.123846285
0.12648565
0.12612784
0.12946424
0.12332087
0.12461896
0.13253868
0.12932949
0.11855086
0.12594806
0.12170268
0.13158067
0.12083418
0.12569603
0.12628363
0.12706903
0.13247229
0.12661114
0.12848873
0.13469103
0.13054983
0.1284701
0.124942094
0.12508325
0.13241592
0.12881026
0.12319506
0.13394387
0.13059793
0.13922703
0.14305274
0.13988934
0.14290081
0.1465292
0.15640862
0.1511287
0.14231253
0.14845674
0.13899864
0.1463015
0.14464633
0.1386477
0.14078635
0.13631251
0.13231094
0.1354806
0.12805237
0.12112463
0.1202224
0.12033767
0.13326228
0.12311108
0.12507685
0.11973247
0.13320287
0.123103164
0.11653562
0.12459962
0.12699515
0.116445
0.12092238
0.12247532
0.124618225
0.12071017
0.116061434
0.11530729
0.12115417
0.12119551
0.121330656
0.123027034
0.11685175
0.122578055
0.118781336
0.12418581
0.13796498
0.12193522
0.11935784
0.11366898
0.122324914
0.12236825
0.11399115
0.123164795
0.114570744
0.12169776
0.122403845
0.1262919
0.11981408
0.11759493
0.1173373
0.11712006
0.12683833
0.1226699
0.122165084
0.11982037
0.11777203
0.12393979
0.12389496
0.12521093
0.1266627
0.11770112
0.12037356
0.12562172
0.120680235
0.122577846
0.121735506
0.11765903
0.12180738
0.12895754
0.114396416
0.12593806
0.12755394
0.12775017
0.12437168
0.11912132
0.12146257
0.12338962
0.12059793
0.122563094
0.123398095
0.12455933
0.11986015
0.12007504
0.11644678
0.122951746
0.12226493
0.12467612
0.118827045
0.11720723
0.121180825
0.11623021
0.11274275
0.119582
0.119578436
0.11706914
0.12272277
0.11757021
0.11285615
0.12627314
0.121654466
0.114242256
0.12084476
0.114192896
0.115125194
0.11105675
0.121438116
0.117464796
0.12227702
0.11694257
0.11638231
0.12996182
0.11329071
0.11693546
0.11827012
0.12726995
0.12025727
0.12427355
0.11706575
0.12073684
0.12258921
0.12241189
0.122108646
0.118260436
0.11513431
0.12100873
0.123409
0.11278351
0.12159284
0.116657525
0.112607785
0.11741513
0.11981541
0.12073175
0.12160763
0.115186244
0.11817479
0.11489977
0.12837204
0.12254644
0.11447456
0.116461016
0.11903624
0.11816921
0.13006951
0.108675815
0.11681434
0.110427804
0.11380871
0.11443877
0.111130625
0.121869236
0.11740627
0.12109023
0.12123478
0.12548639
0.12173173
0.10850586
0.11484602
0.11470147
0.119235866
0.12028734
0.111334175
0.12427475
0.12183745
0.12250632
0.11611454
0.11338272
0.12001343
0.11295676
0.11179712
0.12072286
0.114837945
0.115383975
0.11246534
0.12244226
0.11215097
0.11625667
0.119989656
0.1103592
0.1171342
0.117191605
0.118321635
0.113227665
0.10517499
0.11348665
0.116804935
0.11692352
0.122717775
0.11574332
0.1153721
0.10385586
0.10877993
0.112936996
0.12018968
0.11064095
0.11254385
0.10886261
0.11410137
0.11714419
0.11610881
0.11533579
0.11411043
0.11257431
0.112284645
0.11542851
0.11608469
0.11627603
0.11202526
0.11201825
0.11461868
0.115724646
0.11585895
0.121854454
0.11174728
0.11755174
0.11117424
0.1153997
0.117468864
0.11719903
0.11341531
0.11396315
0.116741
0.12141636
0.11789587
0.11787366
0.113976866
0.11086157
0.111522324
0.1183855
0.11830619
0.10804842
0.11463526
0.110816404
0.1183943
0.11798931
0.11738176
0.11254584
0.11530637
0.11858887
0.12355781
0.115057066
0.11627365
0.12205996
0.11927245
0.11338892
0.11713316
0.118524835
0.11186332
0.11937714
0.12041804
0.11069309
0.12228798
0.11555928
0.119174175
0.11974072
0.11730935
0.1186769
0.124321364
0.111269355
0.12234098
0.11642169
0.11779745
0.118807785
0.1220348
0.11808074
0.12201953
0.11710554
0.11735578
0.119291596
0.10811335
0.11454218
0.11927712
0.11135
0.11821455
0.11907563
0.111509964
0.11915976
0.11724817
0.12433778
0.12560011
0.13133807
0.11378165
0.117228515
0.11870823
0.11569319
0.11543616
0.11257922
0.11527514
0.1154491
0.12020214
0.10858692
0.117963724
0.115124196
0.106415294
0.118165135
0.11662505
0.11338545
0.1289878
0.11661013
0.111821264
0.11658546
0.11329316
0.114885464
0.1150655
0.12269373
0.11942422
0.11528931
0.11117283
0.111225784
0.11892419
0.11598283
0.113644935
0.113299794
0.10608953
0.1150933
0.11312408
0.116297476
0.117408685
0.10576954
0.111889414
0.120792866
0.10728596
0.116733566
0.11323873
0.12278948
0.11573527
0.11115195
0.1252707
0.116660826
0.12085104
0.11577318
0.11889951
0.112535685
0.12337072
0.10889737
0.11509318
0.11427331
0.121632755
0.11978195
0.11368127
0.11399657
0.117692105
0.117188
0.12252009
0.11593198
0.119185925
0.11924112
0.11574724
0.12336968
0.11643092
0.123962834
0.11324545
0.11313195
0.124314934
0.11555385
0.123934105
0.11586286
0.12073406
0.11540255
0.124370046
0.116861105
0.11638445
0.11899335
0.115446016
0.11889251
0.1213605
0.11991454
0.11768449
0.11589098
0.11733842
0.1180001
0.11712741
0.117397554
0.12962058
0.12633249
0.11556759
0.119002156
0.12109091
0.11593041
0.119088575
0.119894154
0.12552682
0.11386622
0.1180933
0.11478054
0.124818616
0.1130056
0.12400739
0.11142649
0.120951846
0.12994939
0.117749415
0.11654839
0.11939743
0.117465936
0.118214905
0.13089518
0.11484935
0.12413437
0.11689024
0.116064616
0.118233986
0.13822074
0.11604649
0.11847508
0.1167007
0.12082665
0.122978576
0.10960448
0.1129007
0.115734704
0.13053377
0.11106977
0.12025305
0.13741052
0.12328646
0.116793945
0.115784846
0.11544938
0.120766744
0.121371046
0.13658556
0.118369915
0.12595405
0.12598802
0.11895629
0.12658723
0.117120735
0.12496392
0.11676837
0.13127865
0.117673844
0.12477657
0.11034635
0.11547876
0.12167928
0.11904809
0.12456055
0.13528161
0.11246744
0.12019923
0.12173058
0.12224514
0.12371017
0.12238227
0.11350819
0.120823584
0.120078705
0.11587869
0.116565034
0.11809711
0.1158716
0.1225521
0.11807444
0.12326179
0.11172609
0.11949733
0.11007427
0.11898107
0.1226457
0.1132422
0.11913074
0.11269296
0.11915384
0.11282489
0.11903441
0.11805955
0.11947993
0.10907934
0.12226143
0.11835577
0.11024868
0.11899225
0.113162294
0.12067965
0.11626517
0.1186217
0.11681087
0.11569091
0.11275128
0.12057562
0.122701034
0.11114094
0.118692525
0.12220735
0.121820174
0.11043305
0.12187076
0.118076175
0.113090634
0.112436265
0.11948661
0.11139096
0.11657691
0.11621776
0.11758791
0.11889975
0.11426286
0.11045811
0.11525325
0.11500125
0.114404775
0.10915893
0.108282
0.1179222
0.1126333
0.118876025
0.12244203
0.12901
0.12923469
0.1176623
0.12017066
0.11758413
0.12173344
0.11290791
0.11910548
0.11046631
0.122925356
0.11699013
0.12505205
0.11693586
0.11632359
0.11427683
0.117774665
0.12036283
0.11792391
0.11723282
0.11738603
0.114646144
0.115762815
0.11850596
0.11776411
0.11637027
0.11328192
0.1184235
0.11790438
0.11578197
0.12025264
0.11207659
0.11761142
0.11924379
0.11360702
0.10642426
0.11388739
0.11948284
0.117727384
0.1185546
0.10460737
0.11154295
0.11651747
0.10688813
0.12552814
0.117445074
0.12270976
0.12415186
0.118611105
0.12057392
0.112030946
0.12417157
0.11021356
0.11317837
0.123316176
0.118450984
0.11416126
0.11617852
0.112976275
0.11720677
0.119209304
0.114837065
0.117086105
0.11890517
0.11998441
0.11783296
0.118054725
0.122524224
0.120465465
0.116924584
0.11781596
0.11371376
0.11444331
0.11689806
0.11904343
0.11180169
0.113832705
0.1117204
0.11759701
0.11208527
0.115165256
0.11911572
0.11891911
0.11334271
0.12176693
0.12467979
0.11704324
0.11709953
0.1282904
0.11970455
0.116787724
0.116604164
0.122353256
0.11882899
0.11883378
0.11859411
0.11273472
0.12545224
0.119422704
0.11435724
0.11648179
0.1130011
0.112411834
0.11326047
0.11679393
0.12013531
0.12308144
0.11200152
0.10982805
0.1177296
0.10931956
0.10641913
0.12115731
0.1151183
0.10838237
0.112658896
0.11428809
0.11088756
0.11682422
0.11763524
0.12451119
0.11321997
0.12310817
0.11720026
0.119979404
0.11311805
0.11796186
0.1120344
0.1138853
0.12796287
0.1183248
0.11884569
0.118798085
0.12106416
0.116720244
0.1207527
0.12324876
0.114183016
0.12240651
0.1122115
0.11785357
0.121447295
0.11682812
0.12044782
0.114605576
0.1207283
0.11551096
0.11829254
0.11466359
0.117729716
0.11374753
0.1151152
0.11928817
0.117516965
0.11999936
0.11847349
0.115251414
0.12277117
0.12899965
0.11437964
0.120050035
0.12204714
0.116395965
0.11999342
0.11627614
0.120549515
0.116469994
0.12495201
0.11231645
0.1209504
0.117404684
0.12104673
0.11663385
0.11915118
0.12261254
0.11427767
0.1123515
0.11966625
0.11610154
0.11677994
0.12487404
0.112734035
0.1123894
0.11672306
0.12048106
0.12511262
0.11496226
0.12513384
0.12336079
0.117655255
0.11143059
0.11313097
0.12475951
0.11723718
0.12740648
0.12058998
0.11930993
0.12350707
0.11982008
0.13411821
0.118492134
0.117036
0.11874418
0.11711727
0.12506224
0.11562336
0.115665466
0.117499
0.12321125
0.1320833
0.11316879
0.12446346
0.12142221
0.1228242
0.11221526
0.118869185
0.12849464
0.1157122
0.120023794
0.12226286
0.115751855
0.11887565
0.11905613
0.124779694
0.12626383
0.116056815
0.11782609
0.11627887
0.1219587
0.11354665
0.11834401
0.12116293
0.12162303
0.11691999
0.112829074
0.114634566
0.12324941
0.113686316
0.118035905
0.12576374
0.12279099
0.12394208
0.12049137
0.12166632
0.11517697
0.13336596
0.11504109
0.11422779
0.11682913
0.11783817
0.11674459
0.116014004
0.120088786
0.11406887
0.11789823
0.122869514
0.11578791
0.12390655
0.11473102
0.120446935
0.118258275
0.1118268
0.12105443
0.12170143
0.12264858
0.12201349
0.12074081
0.12262207
0.11782895
0.11608967
0.12000474
0.11943523
0.12718242
0.11330635
0.118156135
0.115263306
0.12865739
0.11708059
0.13223222
0.12927608
0.106747724
0.115981445
0.123692304
0.119431295
0.12629497
0.12472596
0.12323087
0.12317988
0.116077036
0.11580736
0.11740955
0.12037407
0.11334806
0.12532063
0.11994746
0.11674994
0.12455679
0.1147284
0.1173944
0.12223612
0.12427672
0.12385089
0.118603095
0.12838362
0.12475283
0.12729636
0.12413173
0.12307023
0.124857105
0.12810987
0.122846015
0.12715268
0.12689698
0.12182033
0.1302588
0.12124907
0.11989905
0.120074995
0.121267386
0.12485411
0.12088222
0.12236268
0.11721638
0.12307526
0.12500896
0.12169599
0.13786076
0.12698181
0.12360758
0.12530844
0.11683445
0.11633624
0.11377481
0.12333573
0.12998205
0.12569948
0.12344226
0.12622295
0.118646905
0.11179524
0.12295941
0.12300585
0.12527409
0.12983489
0.116321884
0.119180664
0.12115209
0.13691317
0.12524393
0.12343473
0.115410574
0.12799796
0.118497096
0.12540923
0.116076864
0.12208909
0.118141815
0.1195532
0.115905635
0.1224897
0.119733095
0.12432558
0.120000556
0.12870151
0.12023029
0.1168574
0.12460211
0.113918394
0.118895814
0.11752595
0.11408729
0.11758656
0.1285833
0.11746207
0.12300994
0.12639801
0.12279014
0.118331976
0.12021068
0.119174995
0.120310545
0.1209615
0.13025616
0.11548262
0.12067917
0.11863396
0.11752424
0.12001929
0.124304764
0.1289894
0.117791265
0.12653136
0.1205796
0.11914756
0.12057723
0.122214615
0.121959135
0.11856662
0.12733658
0.12356964
0.11955106
0.11394525
0.11454258
0.11983425
0.11987945
0.11184218
0.12240643
0.12127996
0.11653119
0.12117757
0.12095648
0.120438606
0.1240065
0.11385249
0.12340957
0.11230594
0.12135803
0.12477984
0.119641475
0.123031296
0.119666606
0.11444933
0.12642036
0.11456633
0.122762896
0.117408134
0.115110986
0.11884148
0.12592728
0.12287182
0.11750856
0.12278364
0.11410782
0.11913274
0.13183776
0.11521087
0.11759785
0.11527933
0.1206709
0.11640665
0.12127711
0.11293549
0.11914234
0.12710312
0.118765116
0.12103216
0.11997989
0.11983412
0.114751704
0.1149508
0.11550327
0.1293224
0.12382533
0.11569865
0.11689925
0.12180441
0.1250717
0.123513475
0.12865852
0.122120954
0.11986945
0.124030575
0.11619045
0.117506824
0.115999974
0.119464785
0.11950534
0.12417743
0.108951546
0.12438602
0.12306346
0.11585804
0.120651945
0.118389584
0.12979434
0.113442875
0.11948795
0.11158301
0.1258347
0.121020295
0.12943679
0.12840487
0.11788074
0.121967845
0.12243415
0.121971644
0.122125894
0.1226834
0.12168819
0.1271362
0.12761071
0.1290241
0.12886216
0.12501743
0.13384803
0.13543677
0.121094406
0.12266148
0.11622863
0.11452693
0.121954
0.12394286
0.121437855
0.11517867
0.12129551
0.119808696
0.11471223
0.113789454
0.1279573
0.11879187
0.11415196
0.13220988
0.12709877
0.123395674
0.12514532
0.11812563
0.12557478
0.1256512
0.124840826
0.117191546
0.12270925
0.12210049
0.12589134
0.11983916
0.12693442
0.13326924
0.122876406
0.13199295
0.12623745
0.12008662
0.11933381
0.12233416
0.12537356
0.11955836
0.12081202
0.119274
0.122331075
0.12283479
0.12600397
0.123111814
0.12497474
0.12847425
0.12580198
0.12057491
0.12540725
0.12174049
0.12136713
0.11408563
0.12017725
0.118115634
0.12716587
0.12350127
0.12376401
0.124121875
0.12986276
0.13180678
0.12996295
0.115559176
0.117638625
0.11694565
0.10858519
0.11893276
0.12158297
0.12066023
0.11193965
0.12066253
0.12614863
0.1284207
0.11641404
0.12954609
0.11618014
0.121570855
0.11803081
0.11664612
0.13056415
0.12434297
0.12517971
0.12931274
0.120334215
0.11947993
0.12193678
0.11439251
0.12740472
0.12527315
0.118814036
0.123691924
0.116923995
0.11995746
0.1169691
0.115352556
0.11722519
0.11545809
0.11716024
0.120771736
0.112753935
0.121265456
0.115784414
0.118000604
0.117385365
0.12217388
0.119341075
0.12543377
0.13860738
0.12309089
0.12005235
0.12953809
0.120321386
0.116122365
0.118111774
0.11293393
0.121466674
0.1140411
0.11472226
0.12658271
0.1165022
0.119776994
0.11767695
0.120334886
0.112870716
0.11623289
0.11338188
0.11812867
0.1151903
0.10853541
0.114474915
0.115944184
0.10912505
0.11838082
0.120477036
0.119193874
0.11604954
0.11260056
0.12392893
0.11654368
0.11950694
0.115716666
0.116786025
0.114709236
0.12198707
0.110826515
0.121059954
0.112398684
0.117019
0.11522665
0.13024586
0.12317138
0.11847053
0.12324874
0.1149759
0.11296039
0.11897867
0.11361398
0.1146059
0.12878822
0.11625819
0.113751546
0.113541655
0.11315539
0.12233128
0.11666362
0.11380934
0.11432495
0.11740672
0.1128437
0.119560905
0.11810886
0.11998708
0.12900145
0.12043753
0.12638061
0.11292011
0.11372097
0.1166282
0.117606096
0.12877496
0.12251398
0.1239847
0.1152047
0.124077685
0.11961544
0.12831649
0.123761855
0.12386938
0.124494664
0.12198469
0.11462556
0.13350359
0.119208716
0.118878245
0.11641949
0.11571638
0.12835652
0.12072519
0.118074395
0.11999267
0.11709473
0.11396586
0.12419789
0.13133729
0.11091959
0.11717735
0.12910144
0.12705342
0.11653537
0.1144139
0.116293274
0.1245951
0.12927346
0.11885597
0.12124507
0.12012243
0.12948969
0.12221924
0.12018675
0.12625627
0.12390985
0.12291404
0.11394994
0.12220769
0.12552094
0.12799117
0.12651518
0.12868537
0.119692884
0.11173784
0.11738577
0.12477394
0.12196322
0.12560111
0.11901083
0.12456508
0.11472558
0.1290583
0.113736674
0.12300484
0.12470484
0.12151942
0.13058682
0.116624296
0.11145853
0.13136856
0.13289481
0.12210586
0.12689848
0.13569403
0.115918264
0.13485983
0.12208881
0.12501611
0.118765704
0.124616005
0.12804317
0.11719238
0.12885892
0.11572428
0.12605137
0.118702084
0.12556867
0.12300728
0.12260706
0.11837072
0.12037938
0.11853903
0.121231675
0.13959791
0.121147454
0.121513814
0.12004206
0.12456526
0.11279969
0.124596246
0.11937983
0.12193582
0.123235315
0.12238133
0.1258845
0.12978968
0.1253792
0.12526481
0.11781733
0.12696236
0.12259629
0.11693228
0.11937992
0.11857526
0.119846515
0.118687384
0.12293654
0.123144306
0.11846904
0.121661164
0.13069685
0.12253119
0.11917375
0.117632456
0.1206311
0.12752567
0.11889415
0.122436926
0.124596216
0.12800951
0.121348076
0.11817897
0.11885064
0.12699498
0.12901221
0.13548084
0.1290038
0.13104862
0.11096941
0.11926017
0.11454433
0.12508258
0.118569456
0.11288173
0.121022336
0.12282706
0.12574323
0.1192021
0.1174146
0.12305268
0.13082041
0.119763754
0.11956145
0.11781582
0.118834555
0.12391367
0.11051982
0.121546224
0.11895116
0.12146609
0.12509191
0.12820914
0.12480142
0.118522435
0.12370741
0.121688746
0.11646878
0.12720199
0.12080996
0.11628574
0.1126381
0.12357978
0.13200344
0.11850839
0.11637662
0.12694375
0.119838014
0.12364403
0.11663604
0.12554988
0.12334397
0.1289558
0.109792374
0.12962492
0.13240889
0.12226773
0.11742794
0.118251175
0.12842356
0.12430095
0.1162506
0.1163807
0.13097042
0.11949996
0.11340173
0.123991966
0.11966881
0.11091476
0.11962893
0.12453461
0.14206733
0.12928587
0.12080278
0.12285603
0.11689036
0.122575305
0.12429541
0.1148032
0.12093239
0.11317127
0.12124295
0.12043055
0.11730947
0.12266188
0.123408005
0.12203849
0.1258218
0.1279953
0.11690775
0.12996227
0.12557662
0.1174722
0.12570071
0.124681324
0.1263651
0.11651845
0.114081465
0.11964419
0.12195443
0.12561399
0.12161767
0.120470524
0.12259132
0.123764426
0.123570286
0.12361754
0.119440764
0.13031979
0.12481131
0.11756553
0.12116858
0.124954335
0.12312027
0.12568316
0.1286783
0.113596395
0.122354686
0.12551184
0.12185198
0.1263041
0.12396327
0.123814784
0.12822874
0.121681966
0.11632358
0.12362655
0.13356104
0.11819473
0.1261412
0.12532997
0.1232716
0.11220189
0.12321481
0.11617174
0.11368523
0.11491424
0.12073715
0.1275738
0.116520375
0.12123879
0.120835125
0.1214067
0.119459495
0.11654311
0.12132757
0.11625171
0.12235749
0.11968703
0.119296625
0.12091328
0.111893915
0.11809629
0.109218895
0.11656433
0.12268875
0.11250559
0.11387305
0.11899616
0.12010684
0.12547679
0.11782995
0.11986173
0.12014071
0.12653156
0.13049154
0.116387144
0.12712501
0.12030516
0.12678467
0.1255546
0.12615757
0.12055536
0.11819526
0.11618715
0.12711732
0.11059605
0.12088314
0.12966761
0.12472715
0.123078056
0.11615352
0.12301558
0.12249455
0.12482738
0.12303468
0.12277181
0.111818746
0.13043965
0.11496214
0.12247902
0.12556088
0.12880914
0.12533537
0.12747881
0.12053202
0.124607675
0.11719299
0.1344592
0.11842435
0.11709795
0.120283924
0.11500844
0.115361474
0.12088923
0.12708558
0.11618384
0.12489481
0.135888
0.12711932
0.1157815
0.12563269
0.123854406
0.12604192
0.12847386
0.11638774
0.1152355
0.12612812
0.11051079
0.11256084
0.11583146
0.12831259
0.121962674
0.12383111
0.13007207
0.121465005
0.11142391
0.12589134
0.131526
0.11795214
0.12247931
0.13668025
0.12689127
0.12859756
0.13048035
0.122560345
0.13011605
0.12559147
0.12801239
0.11267757
0.12480182
0.12333572
0.12562418
0.13129087
0.11942815
0.12802312
0.12673569
0.12172547
0.12830971
0.12612922
0.12329573
0.11685889
0.12807786
0.11733946
0.12408165
0.13155006
0.11349073
0.13555594
0.12567869
0.1300456
0.124953024
0.13259277
0.12897472
0.121480994
0.1191216
0.12730019
0.12264946
0.12801404
0.12244189
0.12221199
0.124809
0.13115238
0.13273628
0.1212227
0.12428447
0.12840907
0.11986931
0.12962626
0.12800449
0.12751828
0.13522717
0.1247554
0.12509036
0.12709177
0.12733255
0.13272113
0.13371219
0.11743263
0.118701085
0.123349175
0.123104684
0.11914449
0.12749527
0.12736158
0.122339115
0.1275139
0.12686776
0.120752856
0.114711925
0.13108908
0.1232042
0.12496704
0.12133342
0.12842986
0.1302297
0.13246553
0.12751748
0.13149253
0.1211451
0.12105252
0.12951781
0.11690845
0.12529042
0.13357005
0.121490285
0.1186413
0.12765244
0.12704603
0.11830673
0.13548613
0.12490923
0.12158642
0.12889662
0.12701185
0.1276787
0.124228716
0.12445031
0.12224296
0.1294712
0.13042504
0.12546669
0.14012733
0.12986931
0.12694874
0.13428229
0.13182016
0.12537497
0.1293944
0.13441825
0.133387
0.13096242
0.13247623
0.12057936
0.12552084
0.12470978
0.12226695
0.13382556
0.12832545
0.124170914
0.1274159
0.12736885
0.12797923
0.13937299
0.1264736
0.12076436
0.12618591
0.126157
0.1342933
0.1146921
0.13280822
0.12521163
0.12436659
0.13198261
0.124409825
0.11931627
0.13690245
0.12457312
0.13226278
0.123905465
0.12794751
0.13176435
0.12871549
0.13036712
0.12963682
0.13312292
0.1324614
0.12927578
0.12452551
0.14250882
0.12010305
0.12285368
0.13105734
0.12769274
0.13271184
0.12676896
0.12772988
0.12606914
0.12904686
0.13085406
0.13287915
0.12841703
0.12578644
0.12790981
0.13576391
0.120748654
0.14027147
0.12685241
0.1348933
0.13584149
0.12004853
0.13150734
0.13468337
0.12972699
0.13429573
0.1173571
0.12299196
0.13571346
0.122940905
0.12202468
0.12259068
0.11764705
0.12610078
0.13414249
0.12601654
0.13107833
0.12326425
0.1335223
0.12939799
0.1311482
0.12451168
0.11833392
0.121995404
0.12989245
0.1276716
0.12130601
0.13517985
0.12574436
0.13597259
0.1314079
0.12686642
0.12125844
0.11534651
0.12778518
0.1425134
0.13321741
0.1397429
0.123411134
0.12851095
0.15249987
0.12680915
0.114433825
0.13194041
0.12842117
0.1252079
0.11718687
0.12644444
0.116391696
0.12442798
0.119782634
0.124372125
0.12676495
0.12687853
0.11575839
0.12436765
0.12162459
0.12201351
0.14707515
0.11860739
0.119927056
0.12269139
0.12621602
0.11851854
0.11774849
0.13062824
0.13517119
0.13100821
0.12509187
0.12127361
0.15739034
0.120575346
0.11879399
0.12938198
0.12633364
0.11440965
0.120209806
0.11755102
0.11902758
0.12083398
0.12055243
0.12255192
0.11657947
0.1219902
0.12468281
0.11557548
0.12844624
0.12817726
0.116436094
0.115078636
0.12694615
0.12608548
0.12455907
0.118573435
0.12688662
0.12904766
0.12907907
0.12521692
0.13189952
0.12239013
0.12568831
0.12304865
0.12738329
0.12716305
0.12575327
0.13308015
0.12423721
0.12331774
0.12768891
0.12733853
0.12015732
0.121392325
0.117049515
0.12297343
0.12495987
0.12301499
0.11850851
0.12745325
0.120015755
0.1226974
0.11182457
0.13128437
0.12866513
0.13456184
0.1281778
0.1247117
0.11794133
0.11087154
0.11842368
0.111746
0.12623747
0.11909169
0.13389447
0.12789197
0.12940656
0.14449826
0.12253738
0.1197443
0.12463719
0.11690186
0.12365048
0.12082465
0.11637265
0.11240694
0.12409932
0.12070324
0.117664814
0.116291806
0.12087749
0.11536359
0.11768946
0.1339952
0.11287243
0.12566169
0.11061003
0.12550981
0.11656087
0.11328295
0.1171935
0.11835891
0.12850934
0.12027984
0.10841413
0.121002056
0.10697288
0.12538916
0.12488558
0.12540305
0.12890616
0.117270164
0.12099614
0.11509387
0.12769504
0.124359205
0.12795042
0.13135527
0.108501814
0.12678447
0.12870732
0.13089377
0.120038725
0.12259548
0.13211238
0.12062765
0.12352078
0.119354606
0.117682725
0.12013066
0.11505089
0.12284524
0.11888099
0.1234337
0.108164445
0.12442171
0.12238493
0.12490229
0.13445216
0.13748479
0.12911977
0.11826236
0.12676018
0.123197064
0.1214908
0.121857375
0.13243389
0.11845444
0.11895482
0.12178544
0.11925041
0.13718213
0.11597348
0.11665066
0.11757114
0.1171096
0.124591514
0.11672524
0.1213875
0.13018574
0.12809396
0.1443974
0.12631732
0.12024751
0.12612504
0.13957374
0.119587205
0.1180594
0.124450095
0.12751961
0.14780687
0.12555268
0.13687158
0.13089801
0.12718154
0.12748563
0.12717994
0.14089295
0.13022014
0.1273017
0.13156901
0.113126114
0.12678157
0.13545898
0.12977184
0.12822497
0.13010696
0.12688233
0.12923366
0.12336584
0.12072706
0.14437984
0.12583798
0.14181459
0.1359175
0.1215838
0.12973191
0.1224452
0.13567542
0.12880684
0.11324451
0.12317043
0.124870405
0.124475956
0.13218848
0.13622254
0.12709124
0.12459185
0.116399474
0.12768166
0.11837297
0.12974639
0.13041429
0.12288879
0.13288154
0.1226373
0.13347998
0.1257465
0.13732971
0.11994657
0.12588106
0.1263715
0.13751109
0.12981282
0.118883915
0.12630732
0.12735488
0.13232109
0.13140108
0.1154688
0.12405952
0.13099772
0.13572489
0.13378854
0.11655628
0.12743655
0.12450152
0.13896847
0.13072273
0.12896726
0.13010219
0.12852126
0.12194526
0.12213749
0.135369
0.11996305
0.12884401
0.13072228
0.14621618
0.1272004
0.13333105
0.12283137
0.12848845
0.13648938
0.12014731
0.13137989
0.1307969
0.12913874
0.1271078
0.12551534
0.12205707
0.12871268
0.12989378
0.121571176
0.123408325
0.1315029
0.12596834
0.122294396
0.12656222
0.1211868
0.1328565
0.12803416
0.13074197
0.13231462
0.12499288
0.12963347
0.13675694
0.13367566
0.12875044
0.10735336
0.12929808
0.123200335
0.12217123
0.12846681
0.12373612
0.127188
0.12625338
0.118358076
0.13451195
0.11987841
0.14058247
0.12826075
0.11890969
0.12469274
0.12383678
0.1257141
0.13050622
0.14206888
0.1203171
0.13817321
0.1347487
0.13948363
0.12344046
0.12406948
0.12100336
0.1312289
0.13368939
0.12693894
0.12796319
0.13156144
0.13227461
0.12716192
0.1254219
0.13418221
0.13148405
0.11843398
0.12178942
0.13076559
0.12586956
0.14097625
0.12966418
0.12540533
0.123018324
0.13775001
0.12884653
0.13491803
0.12997207
0.13064152
0.1275388
0.11997565
0.13476317
0.119956926
0.12650932
0.13167608
0.12683026
0.11489386
0.1219534
0.12783204
0.113754876
0.114796035
0.13015592
0.13429564
0.115784995
0.1215225
0.11769549
0.1298256
0.1286787
0.13395645
0.13048929
0.12867989
0.12621054
0.13330024
0.12780777
0.12402149
0.12832522
0.13520691
0.117815845
0.12117186
0.13496363
0.1252178
0.1302951
0.13152282
0.13076223
0.13132331
0.13236992
0.12378647
0.13274783
0.11884221
0.13195746
0.13358153
0.12626806
0.11795912
0.13324572
0.13630985
0.12433374
0.119632855
0.12798733
0.12631293
0.11471501
0.112682
0.12389609
0.13453226
0.12381676
0.12241782
0.12822804
0.14704673
0.13059932
0.15072167
0.12404812
0.1273714
0.12999767
0.12470977
0.11757253
0.12014204
0.12375237
0.12941863
0.12675622
0.12191822
0.1254969
0.12006446
0.12566452
0.12058426
0.14008947
0.13278875
0.1286464
0.1386351
0.13278878
0.12448095
0.1306223
0.12760618
0.12967297
0.12752229
0.11552235
0.14120862
0.13070025
0.121519014
0.115960516
0.12278745
0.12756892
0.12933959
0.1250953
0.1316274
0.12517816
0.12374068
0.12377294
0.13389918
0.121949986
0.11383541
0.14158465
0.118639596
0.13283803
0.11958293
0.1313402
0.12805116
0.12889005
0.120521195
0.1254346
0.13241158
0.124821536
0.12806831
0.13299075
0.1327321
0.1286684
0.1156949
0.12096818
0.13061818
0.117176756
0.11864804
0.118840344
0.12552205
0.115740396
0.11933715
0.118401885
0.14334232
0.12576242
0.11518001
0.11704059
0.122596264
0.12914355
0.13440526
0.1321946
0.13718174
0.12914959
0.13226669
0.12530768
0.12436608
0.12436033
0.1314591
0.12153369
0.1143565
0.12625232
0.12445489
0.13713899
0.13317011
0.13786323
0.13052021
0.12713389
0.12588105
0.1147094
0.123105265
0.120973036
0.11723258
0.1235753
0.122772425
0.12351126
0.12321348
0.12889676
0.11310372
0.12005685
0.1663168
0.120948836
0.12669472
0.13320483
0.12361214
0.12372807
0.11389645
0.12358691
0.12697499
0.15663944
0.12044342
0.1178194
0.13851498
0.13605963
0.12304551
0.11895857
0.11867214
0.13141796
0.1256211
0.12384223
0.12034719
0.12030818
0.13250628
0.13874836
0.12878332
0.11639495
0.11974229
0.13208605
0.1267408
0.12570195
0.1317769
0.13314678
0.12532914
0.16579656
0.14013097
0.12299984
0.12764066
0.123085424
0.14128283
0.12647189
0.12231507
0.12342834
0.13202424
0.15165085
0.134833
0.1209231
0.13083254
0.12802687
0.123182334
0.12439938
0.13504146
0.14117536
0.12016405
0.14611451
0.12170379
0.14061588
0.13881804
0.12748414
0.13145335
0.13804032
0.123788424
0.13661824
0.12418253
0.12175525
0.12376043
0.14637643
0.13286328
0.12818481
0.1374823
0.12563457
0.12890486
0.12699777
0.1328917
0.12864374
0.13412662
0.11206779
0.14562799
0.13725644
0.14006618
0.13253807
0.1413022
0.13487813
0.13578546
0.13576214
0.12504068
0.13059585
0.13364682
0.13577697
0.13241038
0.12618802
0.122623675
0.13106583
0.13663663
0.13009985
0.129465
0.14145233
0.122596085
0.13423711
0.12763357
0.13186418
0.13511986
0.1350372
0.15145694
0.12450975
0.13229632
0.14403865
0.14887603
0.13778797
0.1406581
0.13674271
0.12124347
0.12823586
0.14742635
0.12598549
0.146615
0.13067347
0.13522047
0.13071404
0.15085888
0.14433561
0.1312784
0.13626167
0.13502744
0.15305686
0.1386938
0.14106539
0.14085262
0.12956195
0.13432258
0.13301757
0.14070028
0.14183775
0.13496622
0.14100155
0.1256706
0.12916072
0.14450505
0.13192905
0.1275153
0.13101545
0.12982428
0.13949896
0.14722043
0.1302129
0.14102653
0.12914068
0.1386324
0.14411806
0.13827892
0.13159089
0.13515092
0.12792754
0.1345716
0.13611268
0.13534564
0.134522
0.1284751
0.12477177
0.13673794
0.13697976
0.1432786
0.12635882
0.13176847
0.13363907
0.14158198
0.12004885
0.1322356
0.12581883
0.12915094
0.14868252
0.12954009
0.13636053
0.12532027
0.13386449
0.13233909
0.14128546
0.12587504
0.14060795
0.13605511
0.14525081
0.12900238
0.15354246
0.12954317
0.13577062
0.1353605
0.14423832
0.13672684
0.12063525
0.13282153
0.14050521
0.13882318
0.13566205
0.14242776
0.13038266
0.14957137
0.13858795
0.13279207
0.13999206
0.1274199
0.12397246
0.13977234
0.12756874
0.1375836
0.13840763
0.1290073
0.13600369
0.14176463
0.13534527
0.1302214
0.14066173
0.1292185
0.13062172
0.12851906
0.11486798
0.13441238
0.13507687
0.13332607
0.13680287
0.12710972
0.13051772
0.12350732
0.1520936
0.14219323
0.12309483
0.124424696
0.124868795
0.1419286
0.13757662
0.13814108
0.13546447
0.16149606
0.13247931
0.14268573
0.13864638
0.1372399
0.1363426
0.1421873
0.12411318
0.13937554
0.12952763
0.12665464
0.14019917
0.1284889
0.12735425
0.124152705
0.128933
0.13591087
0.12081093
0.12898913
0.16434078
0.12929495
0.13010986
0.117796645
0.15267287
0.12814763
0.12774749
0.12865202
0.134484
0.1295281
0.14379022
0.1333132
0.14297661
0.122297086
0.12366018
0.1328505
0.13551629
0.1251637
0.13537191
0.12914191
0.13257436
0.12218385
0.14032198
0.12900646
0.12961547
0.1232955
0.12322444
0.11411968
0.12290343
0.13098647
0.13896489
0.11485568
0.11496628
0.13045146
0.12032125
0.13206075
0.12613729
0.1211101
0.13526775
0.13107558
0.12249953
0.119662784
0.12462658
0.12532458
0.13111284
0.12747516
0.12876883
0.1167913
0.13656387
0.11333676
0.12064396
0.121397875
0.12460453
0.12745094
0.120542124
0.11932868
0.11809477
0.11320995
0.116838366
0.116055146
0.110342324
0.11909112
0.11702753
0.11983127
0.116166964
0.118026555
0.12058704
0.11705526
0.12580922
0.11522855
0.11020336
0.12182362
0.12324777
0.11412415
0.12887272
0.11024766
0.12211328
0.12259546
0.1318203
0.12506533
0.12862495
0.11575689
0.1289797
0.13464616
0.125175
0.1200275
0.11676026
0.13196866
0.117914595
0.111586295
0.12530483
0.11768003
0.11582695
0.12474953
0.1173842
0.1242732
0.11768952
0.122272536
0.118622325
0.12326211
0.120191805
0.12945165
0.12403137
0.12224818
0.115772486
0.11855928
0.123135865
0.11959163
0.12199157
0.11737949
0.11550378
0.1250705
0.13235343
0.14052328
0.13238543
0.1378807
0.12323893
0.13181959
0.114842184
0.12668802
0.13735886
0.1266653
0.12422805
0.12641706
0.11929276
0.11839493
0.12516415
0.12214442
0.12086962
0.14047211
0.1287988
0.12094846
0.11633098
0.1275529
0.12978777
0.1203596
0.13527961
0.13408467
0.128588
0.12742077
0.12643741
0.11908532
0.12395871
0.12785456
0.1239139
0.14410855
0.11757902
0.12155428
0.12557445
0.12100406
0.12326747
0.115275495
0.13481897
0.13063085
0.12385639
0.13419788
0.119636185
0.12520182
0.12910508
0.12802756
0.12631463
0.12329258
0.12907669
0.1219265
0.13345806
0.12769419
0.120059
0.12168389
0.120940685
0.12183755
0.123848096
0.14912462
0.12989311
0.12865348
0.11831921
0.12056493
0.1254504
0.13111463
0.12544507
0.13260546
0.1241362
0.11981996
0.14073338
0.1322512
0.13148862
0.14776252
0.12777635
0.124101765
0.14206326
0.13122669
0.12441195
0.13660882
0.12737556
0.123767085
0.12748621
0.13304867
0.13202254
0.12312546
0.11854097
0.13096762
0.12727804
0.13520618
0.1273667
0.12536153
0.12829748
0.12583187
0.13168435
0.12772965
0.1259582
0.1333918
0.1296394
0.1235963
0.12896235
0.1266192
0.12419518
0.12970662
0.1375931
0.11994474
0.12792377
0.12131398
0.123869084
0.12794144
0.12747847
0.1297584
0.12171676
0.123408884
0.121029295
0.13244961
0.13718475
0.13373047
0.1208437
0.13489112
0.13466167
0.13920398
0.1380497
0.12507595
0.13280605
0.12904912
0.13188438
0.13185526
0.1267299
0.12830333
0.13344522
0.14132205
0.13086246
0.12209892
0.12867457
0.12569113
0.12865399
0.12877852
0.13201903
0.12822834
0.13548627
0.12635824
0.1330708
0.14000593
0.14469524
0.12912382
0.13124849
0.12890354
0.13465612
0.12846681
0.12743811
0.13199718
0.12771083
0.13415751
0.12681389
0.12626307
0.13635738
0.13437746
0.1274539
0.12673697
0.12780026
0.1253422
0.1259382
0.122505486
0.12206967
0.12463635
0.14598835
0.124768294
0.1328737
0.12494137
0.121587984
0.119792275
0.11823899
0.119365424
0.12621208
0.13679403
0.12715982
0.123465955
0.12367644
0.1277986
0.13134961
0.13233225
0.12699257
0.1446136
0.12887578
0.13016227
0.12438159
0.12513995
0.13244972
0.12616141
0.13025884
0.14013512
0.13344127
0.12661377
0.13290508
0.13199252
0.13898282
0.14019533
0.13040936
0.12973467
0.14535807
0.13560045
0.1363637
0.12336998
0.122059
0.1324531
0.12633874
0.123191796
0.12265945
0.123678595
0.12749773
0.14643836
0.1388204
0.12811801
0.12545721
0.13085349
0.1530365
0.13541307
0.13348995
0.13765673
0.1372247
0.1271306
0.123010874
0.1243068
0.124704234
0.12772466
0.13394454
0.12966222
0.12791346
0.12990314
0.13365115
0.12505853
0.1312204
0.12877788
0.13230623
0.13274606
0.13665502
0.13287845
0.13175559
0.13987194
0.12744065
0.121217676
0.1257912
0.1330859
0.13712206
0.12890355
0.124749236
0.13099451
0.14721051
0.13557403
0.13367149
0.13036738
0.14048848
0.14062536
0.13314115
0.12693277
0.12768136
0.12569414
0.12608273
0.1213998
0.119975686
0.118634626
0.122365065
0.1219298
0.12756932
0.13606672
0.12803693
0.12426094
0.12492785
0.12666109
0.1290913
0.12615122
0.12628861
0.12464919
0.1233904
0.12270011
0.12043625
0.12188023
0.12241285
0.12293408
0.12913883
0.13885534
0.13085525
0.12965746
0.13527563
0.12877695
0.12704995
0.12976435
0.12970759
0.13404037
0.14311214
0.124122985
0.12078439
0.12994128
0.12533326
0.12667967
0.13718575
0.12678468
0.122985184
0.12293678
0.13036332
0.14180596
0.1325748
0.14523855
0.13122176
0.1215615
0.1253297
0.12427243
0.12679143
0.12560295
0.12752408
0.12706141
0.1225858
0.117704086
0.12242081
0.13171217
0.14117438
0.12390061
0.11555672
0.1153413
0.117536604
0.11314843
0.11010468
0.11815402
0.13931449
0.11802387
0.11338509
0.11582567
0.124931745
0.123515114
0.12074966
0.11442246
0.11437915
0.116131194
0.1220226
0.12158279
0.119957924
0.115308076
0.11511248
0.11747217
0.1209387
0.12087143
0.120184824
0.11637314
0.11796839
0.11977791
0.11718982
0.111912414
0.113821305
0.11948085
0.12251873
0.1213601
0.117512755
0.112963706
0.10987337
0.11285758
0.119431585
0.12164626
0.11978981
0.116997354
0.11176432
0.11278184
0.118037246
0.123843394
0.1245485
0.11648025
0.113627106
0.11278455
0.12257091
0.12787716
0.1276338
0.12650779
0.119190246
0.12254908
0.121814236
0.12634626
0.12692195
0.1266726
0.1205437
0.11815316
0.11816359
0.1223343
0.12156743
0.12213992
0.12378818
0.12320681
0.116305366
0.12829214
0.15621501
0.12724508
0.11888764
0.12668645
0.13075228
0.12689836
0.1224511
0.1198926
0.12041098
0.11446015
0.11217725
0.11504506
0.120729946
0.12103308
0.110890314
0.1094973
0.10953511
0.117537774
0.122520685
0.1300734
0.12517384
0.12016861
0.11306789
0.11581351
0.12069662
0.121986814
0.12199837
0.12231067
0.12308585
0.12492414
0.12002875
0.11943947
0.12206883
0.120477766
0.12187345
0.11846533
0.121830605
0.11747587
0.11707037
0.11515272
0.11803573
0.12461419
0.1272665
0.12784526
0.12213001
0.12312077
0.12653671
0.12631921
0.124575846
0.122419275
0.12043484
0.120000474
0.116183385
0.12024748
0.11953018
0.12886032
0.12401048
0.12336068
0.116148904
0.12004661
0.11844012
0.114661954
0.11141595
0.113882266
0.12050809
0.12159351
0.12172645
0.11533232
0.117160425
0.11745759
0.12579642
0.12487042
0.123557255
0.122271344
0.123866566
0.12242717
0.114697106
0.11634534
0.123592764
0.12609588
0.123558596
0.11916759
0.1165813
0.12126472
0.12415684
0.12844129
0.1231867
0.122738704
0.12568462
0.121810056
0.12608434
0.12279434
0.12443734
0.117516115
0.11842961
0.123991214
0.12848894
0.13777791
0.13729255
0.13517044
0.12792583
0.12684058
0.12829895
0.13398185
0.13699695
0.13913319
0.13431135
0.13258824
0.13060398
0.13397606
0.13378301
0.12882267
0.11954126
0.12083942
0.12621042
0.13006742
0.123465165
0.12579945
0.12552914
0.12762435
0.12508309
0.12711607
0.13366543
0.12822928
0.12520158
0.12458883
0.1295987
0.13834858
0.13584095
0.13544784
0.12496417
0.12556598
0.12771463
0.12885332
0.121775255
0.122569285
0.12845588
0.13692158
0.13577057
0.1379135
0.13537204
0.13231744
0.12752838
0.12909248
0.12718499
0.13123372
0.13026965
0.1284485
0.12843071
0.13035946
0.13467146
0.12642154
0.12365797
0.12779254
0.13952816
0.14622004
0.14484933
0.1338978
0.13050199
0.12753043
0.12859441
0.12366012
0.12803052
0.12996987
0.13541405
0.13110332
0.12792206
0.12851198
0.13159843
0.13625082
0.13020842
0.12712745
0.12363326
0.12358248
0.11945743
0.124907926
0.12577726
0.13374852
0.13366713
0.1392495
0.1354112
0.13366401
0.12795895
0.1278904
0.1334942
0.13775182
0.1367919
0.12734358
0.12529667
0.1306381
0.1360415
0.13516915
0.12901747
0.12709944
0.12883551
0.126324
0.132012
0.13172065
0.13143896
0.13038333
0.13183172
0.13844922
0.13418902
0.13098225
0.12854072
0.13057703
0.12834255
0.13196412
0.12465044
0.12978928
0.13346499
0.1396329
0.13552353
0.13081361
0.12774886
0.12974219
0.1297086
0.12859745
0.13427772
0.13436085
0.14272307
0.14098115
0.13885713
0.12791887
0.118929
0.12254977
0.12462695
0.13014352
0.14167838
0.14272551
0.14780445
0.13187951
0.13297455
0.13598399
0.13930686
0.14628832
0.13951458
0.14099208
0.13653187
0.13771215
0.1325678
0.12937035
0.11979241
0.11750192
0.11544396
0.124371506
0.1341633
0.14647326
0.15317449
0.15108645
0.14670606
0.14223245
0.14270835
0.14136058
0.13983066
0.13851133
0.14209458
0.14754096
0.14241567
0.14311397
0.13972998
0.14837109
0.14638157
0.14164111
0.14276753
0.13800848
0.15092072
0.15345497
0.15239991
0.14262336
0.13741502
0.14012194
0.13443163
0.13743848
0.13819346
0.14477818
0.14365575
0.1477346
0.15126109
0.14845625
0.14384507
0.14311379
0.14080434
0.14496191
0.14464088
0.13960868
0.13925654
0.13588542
0.1368549
0.138654
0.13507125
0.14686844
0.14064813
0.14127286
0.13477845
0.13315508
0.13760802
0.1379773
0.13835609
0.13334066
0.1354271
0.13321522
0.13557765
0.13521425
0.1361293
0.13449213
0.12402554
0.12366402
0.13205253
0.13695167
0.13826795
0.12351342
0.12138672
0.11842342
0.12641644
0.1303558
0.12920213
0.1267036
0.12531531
0.12794428
0.13258967
0.1341947
0.13088676
0.12237984
0.11598492
0.11377249
0.1295523
0.1407797
0.14765233
0.13196376
0.122617945
0.120604225
0.12739237
0.12608092
0.124657094
0.122531734
0.12495853
0.12906969
0.12606296
0.12083552
0.11779001
0.11821024
0.11810145
0.11331816
0.11042244
0.11542375
0.12178391
0.12214803
0.12342113
0.12409714
0.124441214
0.123298116
0.124649145
0.12651308
0.12273267
0.11943728
0.11486906
0.12128487
0.121090345
0.12293729
0.12109964
0.12067088
0.12349065
0.11499742
0.11432195
0.11199715
0.117010705
0.115823515
0.113502145
0.1170139
0.114624165
0.10959811
0.11188472
0.11556462
0.119619705
0.11391113
0.11717305
0.124976106
0.12311709
0.11208294
0.107418016
0.11148738
0.11825191
0.1136262
0.11204191
0.10766107
0.10866445
0.10364895
0.10874681
0.115728
0.117012784
0.114143826
0.10896651
0.111682266
0.120206594
0.1203821
0.12472569
0.11666691
0.11376386
0.11054817
0.10925975
0.111614086
0.10705356
0.11990691
0.117787205
0.12247163
0.116705544
0.12208764
0.11820044
0.10726413
0.10420265
0.11093957
0.11717044
0.120847315
0.11237967
0.11054314
0.104526065
0.12242743
0.12452676
0.13193211
0.11978588
0.11512204
0.1171316
0.116981216
0.11821533
0.106886946
0.10746664
0.10329082
0.11223625
0.10858562
0.118965246
0.11307499
0.11641474
0.111222394
0.115383565
0.12019112
0.121350944
0.121916
0.114073455
0.111087546
0.11300936
0.115294315
0.116113655
0.106772594
0.10547967
0.10233712
0.10260616
0.09749294
0.097900964
0.10315633
0.1069292
0.10429199
0.09626447
0.09040901
0.09169471
0.09255507
0.096943766
0.09433564
0.095314056
0.091850184
0.09999506
0.10240952
0.10254455
0.097705096
0.09127102
0.09089789
0.09648138
0.09890834
0.103640124
0.09797217
0.09868116
0.098020084
0.101776816
0.10296373
0.10098149
0.0961385
0.10194696
0.10199187
0.102740146
0.09527479
0.09472408
0.09473153
0.09412779
0.09690138
0.09697111
0.09665006
0.09360999
0.09613746
0.09947891
0.097905986
0.09927107
0.102494694
0.102946624
0.097867
0.09786774
0.096939504
0.1012738
0.096009634
0.0994362
0.098904386
0.09811023
0.10293086
0.1016026
0.10898917
0.105287425
0.10378874
0.09602926
0.094962716
0.0976955
0.103138424
0.101470314
0.10289683
0.09827435
0.100770354
0.09684519
0.10146583
0.10522377
0.10912575
0.10691826
0.09922486
0.097210124
0.098994315
0.101713404
0.106294274
0.108496696
0.104698844
0.097759224
0.09363417
0.096796565
0.099235795
0.09570269
0.09696426
0.096820965
0.10127331
0.09922993
0.09508625
0.0994619
0.09816077
0.10040481
0.098311536
0.1014089
0.10638885
0.10564408
0.1036588
0.1023295
0.098914765
0.103362724
0.09847713
0.10337438
0.10524862
0.111454844
0.10948109
0.10329689
0.10091311
0.105689615
0.111448236
0.1086422
0.10647192
0.105785474
0.108539075
0.106395364
0.107836105
0.11326694
0.115444064
0.11252227
0.10772555
0.101962335
0.103471905
0.09827266
0.10130168
0.098196715
0.10705459
0.11055004
0.11209989
0.10937007
0.10023761
0.09742134
0.09371537
0.093356855
0.09860374
0.10260674
0.10581185
0.10392533
0.10498011
0.10393918
0.10477288
0.10182303
0.1073039
0.10823755
0.105648644
0.100507185
0.09747264
0.0952291
0.10101402
0.102509916
0.10775732
0.10536101
0.10478836
0.10116924
0.10543136
0.104962595
0.10989786
0.10508457
0.1078857
0.11293187
0.11789043
0.11575884
0.112501964
0.11013681
0.1107922
0.10710242
0.105579905
0.10728688
0.10900449
0.110362224
0.10653412
0.1070571
0.108506195
0.10607631
0.10669167
0.10186026
0.10539488
0.10682562
0.10604053
0.10576469
0.10420102
0.1183673
0.1181858
0.119409315
0.111463584
0.11569415
0.113031335
0.106215924
0.1095958
0.10958014
0.11389297
0.10978657
0.11583618
0.11101324
0.10910703
0.10683233
0.10983758
0.11135453
0.10670083
0.1110555
0.11530954
0.11968965
0.11573055
0.112687126
0.11178099
0.10948408
0.10663958
0.10363643
0.10870695
0.11067661
0.11646832
0.120344184
0.115797065
0.1168313
0.11635987
0.12777762
0.12334546
0.11916894
0.114643924
0.10661756
0.10264086
0.10099157
0.11082079
0.113575
0.11115529
0.10706643
0.11499057
0.11603094
0.12026122
0.12005212
0.1235329
0.117026515
0.10817254
0.10855404
0.11118143
0.11553902
0.11382033
0.11464226
0.116071165
0.11056811
0.11311158
0.10877707
0.11151594
0.11266544
0.10987287
0.10626018
0.10343079
0.10990941
0.113033734
0.11303814
0.11291722
0.1150734
0.1132287
0.112478204
0.12160493
0.1267952
0.1255411
0.11312841
0.1067914
0.10117938
0.10677368
0.108517714
0.1138439
0.10672218
0.10645113
0.107483245
0.1091319
0.11198865
0.10649042
0.10075093
0.10642295
0.11123261
0.12179037
0.11748053
0.119115874
0.11968514
0.11439943
0.11174927
0.1064033
0.104730465
0.10236525
0.10231147
0.104947396
0.10594927
0.10198337
0.10319428
0.101945885
0.11116822
0.11332465
0.110931806
0.11211545
0.11323132
0.11406753
0.11072271
0.1018093
0.10690494
0.104448326
0.10683141
0.0967946
0.09564644
0.10975496
0.121932566
0.12098572
0.10461823
0.1031652
0.10495095
0.11082612
0.10807964
0.104039334
0.09689429
0.09587259
0.10376508
0.105772495
0.10621009
0.10376747
0.10569303
0.10454327
0.09687925
0.10003547
0.09768125
0.100532345
0.0946994
0.09575099
0.09578607
0.10216963
0.10237801
0.10721
0.1019089
0.10622649
0.10365445
0.10429721
0.10305194
0.10381518
0.10343474
0.09910802
0.09866841
0.10214263
0.102034435
0.10282395
0.09822439
0.100761615
0.10113208
0.0973925
0.0916266
0.09150469
0.09844677
0.09938598
0.09678003
0.10212279
0.10626315
0.10627148
0.10696935
0.10679914
0.104936205
0.10388951
0.104787365
0.1069292
0.1088526
0.1058405
0.10984713
0.105381675
0.11506837
0.11544926
0.11287645
0.108095676
0.10393351
0.10777187
0.111768745
0.10915236
0.10652318
0.097352885
0.100010194
0.10269687
0.11002226
0.11548359
0.1077397
0.10920034
0.10843459
0.11479746
0.11472928
0.112466976
0.11300226
0.1077369
0.11820703
0.11565162
0.120611824
0.10792532
0.11481285
0.114075325
0.11724252
0.11498991
0.11538847
0.11551041
0.11911936
0.12269678
0.124216065
0.12064137
0.11588954
0.113979936
0.11480163
0.12006542
0.123590514
0.12436963
0.124463946
0.124592036
0.122756764
0.12590478
0.12510702
0.12849687
0.12092944
0.11980185
0.118849404
0.12937638
0.12709877
0.12204985
0.109669566
0.11404211
0.11684336
0.11638422
0.11742661
0.11468732
0.11552221
0.11909035
0.12666702
0.12701489
0.12674102
0.11937269
0.12944731
0.12910324
0.13039027
0.122160435
0.11709153
0.12019186
0.11602518
0.120700285
0.12125744
0.13189973
0.12396759
0.12561162
0.12156466
0.12716626
0.12531434
0.12453951
0.12841535
0.12630443
0.13273774
0.12419559
0.125532
0.12265643
0.13092016
0.12773979
0.122435085
0.12076353
0.13038135
0.13258669
0.13359103
0.12732375
0.12663205
0.12808587
0.12431148
0.12580274
0.11324163
0.119254105
0.118812874
0.12656169
0.12200076
0.12623124
0.13164476
0.13294987
0.12495509
0.11965549
0.12359031
0.12323078
0.12196814
0.11599437
0.116395704
0.116897725
0.1230746
0.12673005
0.1220567
0.118944615
0.11309121
0.12165088
0.12327692
0.12987863
0.123051636
0.11776127
0.11196924
0.11197152
0.11141683
0.11317941
0.11019273
0.113320045
0.12125431
0.12560596
0.13018112
0.12958522
0.1283742
0.1230223
0.11663937
0.116778456
0.12329732
0.12658948
0.13028005
0.1266096
0.12507114
0.12283014
0.121677555
0.12029597
0.12004011
0.11901929
0.12346254
0.1268694
0.13058782
0.12771054
0.12369888
0.12146458
0.11866231
0.11497575
0.12057619
0.11746823
0.12171515
0.11774001
0.123771675
0.12715699
0.12478667
0.12765142
0.12682581
0.12731251
0.123496935
0.12094808
0.11553357
0.11512005
0.12459681
0.13252792
0.12349276
0.12153411
0.12539819
0.13487622
0.12366336
0.12003834
0.121003956
0.12443111
0.121400915
0.115683034
0.11787876
0.119271025
0.12706247
0.1352207
0.13054255
0.13034578
0.12205439
0.12908778
0.13009985
0.12886867
0.119521625
0.11868758
0.11167595
0.11767246
0.10970539
0.11617148
0.11526726
0.12645772
0.1267686
0.12734635
0.12044457
0.1253382
0.12343731
0.13003165
0.1276046
0.13237302
0.1284619
0.122823946
0.12102421
0.122009054
0.12443829
0.12271558
0.12072285
0.12922491
0.1305694
0.13364784
0.1342795
0.13776818
0.14123718
0.13627294
0.13169236
0.12826955
0.12956059
0.12763627
0.1267301
0.12699918
0.13290441
0.13258256
0.13393232
0.13423204
0.1324738
0.13659336
0.1343253
0.13573103
0.13170318
0.12978475
0.13697703
0.13574252
0.1370601
0.12486413
0.12588735
0.123179935
0.13468522
0.12732199
0.1386304
0.13147084
0.13522476
0.12199258
0.1193842
0.115686536
0.1248083
0.1282156
0.1386585
0.14491893
0.14710099
0.13934869
0.13646297
0.14469907
0.14430061
0.13811786
0.12772405
0.14122345
0.1433729
0.13731629
0.13372844
0.1338205
0.13611168
0.13353483
0.13232592
0.13862677
0.13498738
0.13457069
0.13464597
0.13575985
0.1347985
0.1356703
0.13475448
0.13478597
0.13262454
0.13033111
0.13077179
0.1256973
0.12732497
0.123053014
0.121596776
0.12488635
0.1321349
0.14010356
0.14410616
0.14357597
0.1454825
0.1418956
0.14144765
0.14795692
0.1544982
0.15145679
0.14333065
0.13594471
0.13340025
0.13362396
0.12922785
0.13877913
0.14002705
0.14895287
0.14364785
0.14169067
0.13126267
0.12967356
0.12535548
0.13077109
0.13820478
0.13360287
0.13873553
0.13717625
0.13739978
0.13536079
0.1381371
0.14624037
0.14567122
0.13255942
0.1319247
0.12576093
0.13129008
0.13552773
0.14291744
0.14316945
0.1437837
0.13934648
0.1468331
0.14788607
0.1467793
0.13979273
0.14425227
0.14815506
0.15108578
0.1443608
0.14166394
0.14866877
0.1590132
0.16380613
0.16263205
0.14315504
0.14072715
0.13716295
0.15913631
0.16521828
0.16194752
0.15856083
0.15201586
0.15261886
0.14746891
0.14558537
0.14165686
0.13613158
0.13699132
0.13880183
0.14621267
0.14281812
0.14628492
0.13369645
0.13668321
0.1420012
0.14664
0.14548185
0.1342154
0.13609232
0.13333753
0.1266116
0.11731721
0.123583846
0.13397767
0.14316013
0.13818713
0.13587476
0.1386188
0.14990221
0.15048547
0.14626448
0.14026876
0.1440267
0.14403673
0.1429665
0.14644276
0.1478486
0.14444423
0.14469266
0.13970995
0.13886033
0.13063803
0.1355938
0.13351947
0.14049889
0.13597819
0.13642392
0.1250753
0.13528807
0.13330616
0.14633049
0.14273475
0.15362293
0.15452291
0.16840032
0.16735981
0.16762027
0.15490507
0.15109116
0.14422514
0.1361198
0.13607062
0.13915606
0.1413484
0.16347931
0.16250996
0.15738556
0.1358521
0.1314024
0.13601808
0.13493137
0.14039281
0.13841002
0.136721
0.12890561
0.13256711
0.13537182
0.14172465
0.13829547
0.13827567
0.13053688
0.1417615
0.12842773
0.13374425
0.1297749
0.13781518
0.13641074
0.13192861
0.1281928
0.132301
0.13489588
0.14336398
0.14905877
0.14227101
0.14183877
0.1363914
0.14552522
0.14079651
0.13367057
0.12798205
0.13725477
0.13530342
0.13777556
0.13475904
0.14229718
0.1424451
0.14458576
0.14678673
0.14556426
0.14311135
0.14202759
0.14396833
0.15460211
0.15588376
0.14985806
0.13661991
0.13234244
0.1337728
0.1323604
0.135264
0.14686921
0.14069392
0.13411994
0.12961148
0.13815154
0.14476131
0.14692938
0.14414847
0.14574999
0.14405347
0.14686917
0.13667344
0.13641715
0.13967036
0.14930432
0.14430553
0.14130281
0.13495032
0.1307898
0.13101038
0.13035665
0.1319756
0.13926546
0.13296801
0.13594407
0.1366955
0.1440846
0.14474219
0.13451113
0.13396215
0.13367288
0.13450946
0.13065371
0.132824
0.13310046
0.13374442
0.13405466
0.13492776
0.13414168
0.1369436
0.14147517
0.14569218
0.14689344
0.14106134
0.13679409
0.13812283
0.14734884
0.14749917
0.14675713
0.14791867
0.13816737
0.13772693
0.13654464
0.1511915
0.15955861
0.15693346
0.15732504
0.15407766
0.14989197
0.1413867
0.1463524
0.14411263
0.14605224
0.14065821
0.15025589
0.14440423
0.14551476
0.14791721
0.15193368
0.15358827
0.14851958
0.1560911
0.15427895
0.15385117
0.14529672
0.14016257
0.14954895
0.15543671
0.15716042
0.14702427
0.15443408
0.14883067
0.15807703
0.15238401
0.15396863
0.14279887
0.14252059
0.13990843
0.1432594
0.14219168
0.14733328
0.14947931
0.15758128
0.16228957
0.1613417
0.15952343
0.16356473
0.15736409
0.15383975
0.1712249
0.16839886
0.16716924
0.14476052
0.14395384
0.15567604
0.16432083
0.17254628
0.1649759
0.16671377
0.15864636
0.16664253
0.16489151
0.17630836
0.17755938
0.17612028
0.17132705
0.15940738
0.15696019
0.16697538
0.17332712
0.17254126
0.16057928
0.15917882
0.15882562
0.15978856
0.15793107
0.16515304
0.18342105
0.18344542
0.18026868
0.16699684
0.17226957
0.1740491
0.17108741
0.16484857
0.15773751
0.16022697
0.16794537
0.17564885
0.17428121
0.16860555
0.16472305
0.16103807
0.1621963
0.16445453
0.16153692
0.16588108
0.16722384
0.17615668
0.16963692
0.16436641
0.16442907
0.16716427
0.16043779
0.15600547
0.15621863
0.16038711
0.15494567
0.1547474
0.15294676
0.15490355
0.16060431
0.1516953
0.15986812
0.15423553
0.16495222
0.17072868
0.1661929
0.15987071
0.16128932
0.15611966
0.15626076
0.16702172
0.1670577
0.17190519
0.16673863
0.17327546
0.17624024
0.17786859
0.16618104
0.15449043
0.15911399
0.16886048
0.17585292
0.16802177
0.16765878
0.16514124
0.16649918
0.20157914
0.1927243
0.19416103
0.16084588
0.16360754
0.16099362
0.16276038
0.16263573
0.16894801
0.19483374
0.17682517
0.17186403
0.17082775
0.1665479
0.17415635
0.18221061
0.1779521
0.1807841
0.17047764
0.17054035
0.16928053
0.16718517
0.16101228
0.16885975
0.1684583
0.16324751
0.16474916
0.16849156
0.17180312
0.1651832
0.16559994
0.17018317
0.16735259
0.16184933
0.1506676
0.15314622
0.15208916
0.14919893
0.15406172
0.15646598
0.15249841
0.15348879
0.15736961
0.15535092
0.16368502
0.17116046
0.17480122
0.17776895
0.17467125
0.16493349
0.16085105
0.16331537
0.1656344
0.16388074
0.17001471
0.16576426
0.1589823
0.15907839
0.1520742
0.15307888
0.15000878
0.15208162
0.15093768
0.15071434
0.15432557
0.15684797
0.15534659
0.1604501
0.166111
0.16855896
0.17257278
0.16600876
0.16681431
0.1655808
0.162374
0.17470624
0.17195517
0.17454512
0.16711865
0.16707969
0.15276094
0.15440287
0.15700427
0.16180016
0.16305646
0.17406206
0.17804226
0.17157383
0.17840107
0.17973298
0.1779517
0.17587098
0.16842338
0.16167958
0.16854498
0.17330074
0.18405962
0.17889766
0.1698003
0.16926296
0.16194439
0.15739642
0.15861611
0.15960062
0.15321922
0.1528099
0.15491734
0.15444301
0.15323631
0.15241702
0.15591687
0.16189851
0.17358793
0.18581428
0.19909748
0.18984269
0.19019723
0.18188724
0.18297757
0.17849539
0.17858803
0.18474759
0.18605754
0.19095269
0.18208447
0.18771358
0.18398374
0.1839145
0.17363113
0.18450318
0.19623105
0.18685673
0.20297743
0.20025274
0.22096328
0.21509166
0.2033554
0.19055076
0.18990219
0.18809949
0.18842162
0.189169
0.19789214
0.19702157
0.19571507
0.20331728
0.22389956
0.21017183
0.20520592
0.19597653
0.1938777
0.19188458
0.1927763
0.19532494
0.19896679
0.20369071
0.19459149
0.19178188
0.20465896
0.21611908
0.20681438
0.22614068
0.20606561
0.19490638
0.19222906
0.19461615
0.19287418
0.20723796
0.20714583
0.20967
0.20557533
0.21357954
0.20526199
0.20170593
0.19895941
0.19537112
0.20110133
0.21316451
0.21864761
0.21945319
0.22502615
0.22062708
0.2169006
0.21274365
0.21776192
0.21687724
0.20796852
0.20081428
0.19516458
0.18799251
0.18231046
0.17642601
0.18493827
0.19348998
0.21036793
0.21396528
0.22266898
0.20874655
0.21600458
0.20460247
0.20155342
0.19755198
0.19764555
0.20447925
0.19753411
0.19085076
0.18409222
0.18024893
0.18163007
0.17528017
0.17225723
0.18035845
0.17404042
0.16734026
0.17246702
0.1788881
0.17865315
0.18636604
0.19050714
0.19155228
0.1881241
0.18781929
0.18862963
0.18223745
0.16899867
0.16961454
0.175427
0.17961644
0.1843072
0.19363666
0.19744214
0.19180468
0.17916904
0.17957772
0.17830782
0.17160118
0.17197885
0.18275581
0.18727085
0.1912794
0.19895217
0.20217034
0.19326021
0.18929483
0.18770346
0.17728391
0.17116643
0.17784579
0.18303205
0.18211626
0.18674052
0.17901373
0.17452617
0.17387438
0.17601082
0.17456807
0.17642066
0.17863248
0.17478283
0.18057708
0.17671241
0.19148734
0.19040558
0.1944157
0.18759428
0.18714699
0.19251981
0.18890998
0.18147476
0.17081554
0.16701685
0.16227482
0.17180713
0.17536037
0.1860658
0.18785228
0.18335694
0.18131335
0.18867853
0.18589957
0.19213237
0.19685377
0.18795885
0.17862646
0.18374026
0.17970212
0.16562814
0.16807121
0.17151034
0.16768828
0.18159002
0.18292747
0.18423498
0.18614388
0.19438024
0.17739262
0.18300937
0.18172307
0.18134193
0.17460413
0.18457405
0.17668566
0.17977649
0.1764262
0.16968559
0.16352291
0.16206156
0.15882838
0.16026965
0.16249642
0.16574726
0.16665086
0.17259821
0.16665743
0.1690478
0.18079397
0.18717359
0.1807615
0.18908374
0.19535121
0.186108
0.18031572
0.18541537
0.18068638
0.17413177
0.16977458
0.16501121
0.16222034
0.1582765
0.17575315
0.1726613
0.1870643
0.18259238
0.18412283
0.1682969
0.17108855
0.1646053
0.16323382
0.1673008
0.15971757
0.16318652
0.16136703
0.16172636
0.15978885
0.15860957
0.1620156
0.15771046
0.16238351
0.15960611
0.16664608
0.16648963
0.16079225
0.1600028
0.1597174
0.16354963
0.16035287
0.15256354
0.14863276
0.145111
0.14264373
0.13826238
0.13546228
0.14050116
0.14093104
0.146728
0.1463964
0.15124406
0.14764644
0.15624218
0.1562184
0.16456422
0.17191948
0.1730869
0.18227412
0.1911327
0.18449683
0.17192093
0.1674628
0.16572048
0.15776977
0.14545643
0.14922039
0.1559061
0.15709698
0.15551789
0.15356466
0.16098772
0.16506489
0.16237402
0.16065456
0.15712182
0.15665188
0.15944904
0.155429
0.15840697
0.15942965
0.15866175
0.16969436
0.1747978
0.17475751
0.171167
0.16783848
0.16908887
0.17084435
0.15962024
0.1597402
0.19371445
0.20061539
0.20403175
0.20939575
0.20531988
0.20066215
0.1936466
0.16348428
0.15219861
0.1500962
0.16271564
0.17339
0.16511011
0.16233134
0.16376223
0.17431703
0.1706632
0.16206361
0.16091919
0.17103033
0.17100678
0.16972776
0.1631404
0.16003479
0.17207122
0.16702312
0.16641839
0.16743445
0.16343234
0.16368279
0.16437812
0.15429069
0.15437114
0.14823808
0.14745037
0.15410219
0.16249655
0.16866045
0.17151515
0.17276688
0.1778725
0.18166359
0.17914397
0.17493995
0.17155892
0.16611041
0.16885753
0.16349784
0.16609284
0.16192691
0.16639729
0.16615272
0.17353809
0.16857484
0.17174883
0.16499692
0.1717377
0.16896616
0.16980971
0.16407824
0.17180534
0.1819734
0.18291128
0.17990753
0.20137912
0.21855299
0.22115763
0.20681927
0.2106115
0.21968193
0.21881655
0.20068078
0.19752039
0.20663977
0.20042913
0.19741003
0.19485795
0.20103285
0.20200203
0.19674492
0.19035967
0.19510163
0.1880672
0.18174258
0.17045583
0.16192472
0.1636269
0.16451171
0.16677618
0.1769039
0.17126292
0.16842324
0.169436
0.1687148
0.16925532
0.16152301
0.16022061
0.14807883
0.15272567
0.1528534
0.154177
0.14991216
0.149624
0.15074775
0.14896283
0.14983408
0.15501605
0.1548227
0.15760718
0.15691955
0.15687495
0.15158482
0.14776501
0.14782186
0.15130582
0.14656429
0.14172599
0.13790068
0.13778558
0.1434289
0.14607438
0.15150307
0.15517284
0.15572341
0.16290677
0.17128947
0.17862573
0.16949631
0.16533642
0.16625823
0.16647261
0.16529608
0.1613603
0.16133015
0.15626915
0.1662374
0.17440611
0.1772257
0.17945394
0.18187624
0.18683444
0.18253444
0.18676084
0.18506128
0.17606789
0.17071663
0.17026399
0.16768415
0.16713777
0.16488858
0.16702384
0.16732752
0.16153143
0.15706675
0.15868066
0.16083704
0.1618648
0.162289
0.16584513
0.16045876
0.1628455
0.17238714
0.18151124
0.1764699
0.17069969
0.16803412
0.16055992
0.16118205
0.15717724
0.15424435
0.15204151
0.14502475
0.14431037
0.14958765
0.15272248
0.15754794
0.16105133
0.1659497
0.16653906
0.16855706
0.17181233
0.17551115
0.17380534
0.17205437
0.18321837
0.18519793
0.18655342
0.18795897
0.18691495
0.18517604
0.19348398
0.19783774
0.20089367
0.19346948
0.18856026
0.18346249
0.1828556
0.19206771
0.19893023
0.18220529
0.18614765
0.18187064
0.18261923
0.18542299
0.1916577
0.19776985
0.19393434
0.19589823
0.20427184
0.1991394
0.2036807
0.20838386
0.20725983
0.20538715
0.20532753
0.20201218
0.20155664
0.19662857
0.19443597
0.20342636
0.1960989
0.2024446
0.20691742
0.20434333
0.21037993
0.21439977
0.20827891
0.22456497
0.21342966
0.2163994
0.2231385
0.22822015
0.23969361
0.2527318
0.2712015
0.26530567
0.27460796
0.28148752
0.26962
0.2684084
0.2776026
0.2845362
0.2772555
0.2842814
0.2961171
0.30507377
0.31938067
0.31361163
0.29614124
0.28441444
0.28778943
0.28520024
0.27556455
0.2798736
0.27503958
0.27303317
0.28602996
0.27533525
0.26617864
0.2707119
0.26130027
0.26809642
0.26130533
0.260095
0.26893428
0.25688025
0.28088525
0.29726836
0.3250385
0.33657178
0.34979552
0.36888194
0.36985323
0.40068537
0.3740601
0.3743045
0.3351757
0.3366297
0.34481087
0.33850884
0.3400733
0.37727702
0.36086893
0.3690577
0.37188074
0.38277876
0.37924668
0.3619949
0.35698596
0.33244523
0.3724754
0.39640635
0.37452635
0.35268977
0.34590185
0.35012537
0.36227554
0.38482273
0.35453188
0.34856257
0.3598069
0.36055917
0.36538455
0.37941378
0.40526652
0.4312084
0.43064737
0.40939882
0.42372546
0.421508
0.43613592
0.41668746
0.39690247
0.37804535
0.40283194
0.39336246
0.38715926
0.41971162
0.43034378
0.47082195
0.45688146
0.44571245
0.4515592
0.44920015
0.46083066
0.42917374
0.39435604
0.38588583
0.38835594
0.40115544
0.39877912
0.38223925
0.38350162
0.3881479
0.42146096
0.42650482
0.41425663
0.4010783
0.39870003
0.41915074
0.41955683
0.43373513
0.47033617
0.45447168
0.46547264
0.4512156
0.49598405
0.54743207
0.53609496
0.5602897
0.5769966
0.5480333
0.5419756
0.6023284
0.59448504
0.5826699
0.51763195
0.5408647
0.529312
0.5122374
0.5617824
0.56893796
0.58050174
0.5649137
0.5790368
0.6462115
0.68467075
0.71782213
0.6784022
0.6190079
0.69819653
0.72803247
0.7346558
0.71759176
0.67760146
0.662798
0.68903065
0.68624586
0.6794175
0.6609042
0.6059594
0.60152614
0.56024456
0.55015886
0.54923576
0.54201674
0.53548414
0.5178999
0.5066281
0.5392194
0.5182347
0.50688136
0.4890317
0.48702165
0.46422875
0.46162522
0.45686662
0.48390082
0.51099724
0.5018379
0.5284683
0.5032615
0.49780184
0.49164724
0.480802
0.46743342
0.50774044
0.5027297
0.50029266
0.48242083
0.48210457
0.49898514
0.5051453
0.5047956
0.5242566
0.532964
0.54041356
0.5367918
0.5278985
0.5407748
0.5224878
0.5175853
0.5119315
0.52534294
0.5026405
0.5296327
0.5573999
0.5515652
0.560465
0.5536021
0.5547956
0.5540469
0.5540469
0.5540469
0.5540469
0.5540469
0.5540469
0.5540469
0.5540469
0.5540469
0.5540469
0.5540469
0.5540469
0.5540469
0.5540469
0.5540469
0.5540469
0.5540469
0.5540469
0.5540469
