420.81454
149.17575
93.44995
73.48295
61.724472
53.361736
46.736507
41.24065
36.801094
32.8345
29.55596
26.651602
24.158152
21.929276
19.842802
18.167791
16.641132
15.321123
13.994639
12.93464
11.934112
11.024389
10.25427
9.544919
8.932749
8.298157
7.74715
7.262518
6.7985916
6.4114842
6.0440435
5.6810985
5.4038386
5.1585145
4.8269515
4.6136804
4.3866477
4.1963854
3.9952598
3.8398843
3.6886015
3.5025203
3.3487349
3.2379262
3.1184638
3.0061262
2.9047663
2.8018825
2.6911511
2.6399744
2.5209477
2.4344053
2.3751116
2.31542
2.240746
2.1993206
2.114061
2.1029305
2.019641
1.9655093
1.9377764
1.9136527
1.8358574
1.8282638
1.7630818
1.7293519
1.7050472
1.6746607
1.6312155
1.5831823
1.5469265
1.5344313
1.5420508
1.467262
1.4505328
1.4260303
1.431446
1.3875034
1.3447237
1.3550376
1.3266635
1.3094846
1.3067156
1.2683637
1.2406838
1.2502607
1.2027096
1.214621
1.1823965
1.1769729
1.1552039
1.1396192
1.1291928
1.0999763
1.1214079
1.0752637
1.0550407
1.0600852
1.0656945
1.0629082
1.0387156
1.0453345
1.0390143
1.0027157
1.0012558
1.0039775
0.9915675
0.9697139
0.977698
0.9624724
0.96129096
0.95746696
0.93790996
0.9068654
0.89904565
0.94477504
0.89434063
0.89865136
0.87961024
0.8876897
0.87917006
0.86874133
0.8587856
0.85733414
0.8693653
0.8402564
0.8387005
0.8367675
0.8306456
0.8270599
0.8089959
0.83354324
0.80245584
0.805097
0.7903365
0.8133836
0.7990433
0.81547296
0.7866358
0.767815
0.77907336
0.7703163
0.7584746
0.7622756
0.7612256
0.739675
0.74544466
0.7443196
0.7396539
0.7313664
0.7221899
0.72628576
0.70589924
0.7192354
0.7220993
0.7169808
0.7118919
0.7148157
0.70695245
0.6937001
0.69072264
0.7093913
0.70482785
0.69195074
0.6819308
0.6767925
0.6879049
0.68177044
0.6812131
0.6908649
0.6619901
0.6696903
0.6635663
0.64639544
0.6575158
0.65352464
0.6669055
0.6523882
0.64303386
0.6452961
0.64502054
0.6484426
0.66712195
0.63961107
0.6314837
0.6442762
0.6396809
0.63009834
0.62940186
0.625989
0.62538517
0.6191148
0.6133281
0.6236455
0.63226044
0.6117004
0.62705785
0.6662767
0.6048776
0.6335678
0.62597615
0.59564656
0.61114573
0.60320175
0.6199197
0.5870305
0.59454256
0.5898789
0.58843815
0.58013546
0.5798112
0.5759325
0.5862523
0.5845558
0.5704755
0.58015704
0.5671968
0.58738965
0.57312155
0.57057464
0.56189907
0.59865606
0.5541959
0.56219417
0.56975406
0.5576892
0.56098986
0.5563128
0.55002576
0.5586499
0.58747834
0.5424184
0.5583952
0.53817457
0.54484487
0.5558574
0.5364684
0.5360731
0.5582201
0.5409296
0.5430161
0.5377966
0.5439373
0.5381639
0.52867657
0.53768146
0.53471303
0.531437
0.53613865
0.52290875
0.525467
0.52528787
0.5179998
0.5424971
0.5197031
0.52301055
0.5360147
0.52248573
0.5314509
0.52643824
0.51887894
0.51110417
0.51956046
0.5237409
0.5177035
0.5135712
0.5211486
0.51674825
0.5236722
0.5164661
0.5249962
0.51410156
0.5029068
0.51219636
0.50662935
0.5076076
0.49916497
0.5153309
0.49689764
0.5133795
0.5030012
0.49866447
0.49510682
0.49738014
0.4980535
0.49688905
0.50136024
0.50479096
0.49354473
0.48852763
0.5045496
0.49448168
0.5007362
0.49112383
0.4968226
0.50088686
0.48029485
0.48579767
0.4981625
0.4943683
0.49812034
0.49316877
0.48444772
0.49357578
0.48950914
0.49062088
0.49933565
0.49181807
0.49092224
0.48993197
0.48974535
0.48189762
0.48775056
0.47988847
0.4836103
0.47885376
0.47801527
0.48522255
0.47859162
0.465874
0.47804084
0.48075575
0.48379758
0.47344512
0.4740016
0.4724536
0.47602484
0.48243758
0.46818405
0.46326712
0.46578208
0.46193573
0.46467498
0.46039906
0.46044788
0.46047735
0.45937625
0.4656341
0.46336958
0.45817322
0.45883822
0.46613577
0.46287253
0.46370807
0.46108115
0.46377155
0.4662503
0.4488691
0.45498997
0.4658008
0.45952138
0.4673859
0.45673293
0.46659893
0.4558899
0.4622843
0.45500332
0.46051437
0.4510551
0.44212642
0.444455
0.45421892
0.4385358
0.4526695
0.45046887
0.4462792
0.4635466
0.45265853
0.448182
0.44399694
0.44755015
0.43687353
0.45245376
0.44457245
0.4449554
0.4523943
0.4466999
0.44245657
0.4398513
0.44661555
0.44173035
0.44690368
0.43244684
0.43362662
0.43265116
0.42898962
0.4337042
0.4413179
0.43492162
0.4276311
0.43317705
0.4308183
0.4380476
0.4300999
0.4406362
0.4322648
0.42511952
0.42855912
0.42873973
0.42482758
0.4226771
0.43057308
0.42941812
0.4211676
0.43382198
0.4273416
0.43864658
0.42804292
0.42706007
0.4222874
0.4271781
0.4194957
0.41817954
0.41985616
0.41949755
0.4160341
0.4104492
0.41624779
0.41765946
0.42189306
0.41742668
0.41600734
0.41244423
0.41397586
0.41789797
0.41411754
0.41606653
0.4036606
0.40668014
0.41172865
0.41747716
0.4125764
0.40263382
0.40378973
0.40829745
0.3955583
0.40978065
0.40632072
0.4052616
0.40460873
0.42156547
0.4121739
0.40843976
0.41712597
0.40520865
0.402278
0.41160837
0.41202295
0.40049434
0.4064825
0.40729412
0.39883703
0.40579993
0.40070978
0.39892718
0.40184554
0.39144954
0.40174413
0.39609426
0.39295816
0.3933475
0.3920959
0.413521
0.39493227
0.39478275
0.3880588
0.406659
0.39521542
0.39393482
0.39238003
0.38472572
0.38533726
0.38362706
0.385697
0.39130768
0.38815588
0.38400352
0.38694498
0.38989225
0.39236975
0.3825609
0.37992325
0.3906826
0.3935144
0.39181384
0.3917123
0.39005205
0.39035127
0.3726704
0.38519987
0.38437703
0.38491553
0.38832262
0.38114128
0.378368
0.38907108
0.37386906
0.37671006
0.37191343
0.37523076
0.37653065
0.3691454
0.37257916
0.3684317
0.37674546
0.37570855
0.37412566
0.37515026
0.38028306
0.37928948
0.37359673
0.3685642
0.37057072
0.37525237
0.36480278
0.36925736
0.37107754
0.3756906
0.36331952
0.36005718
0.36963356
0.37004676
0.36842787
0.3682806
0.3685956
0.3617139
0.366221
0.37122878
0.3629758
0.37005362
0.36953565
0.36901054
0.36446664
0.36706913
0.35949516
0.36754823
0.36290532
0.35827193
0.35823756
0.36238265
0.35834235
0.3577162
0.36485952
0.3461861
0.36386928
0.35348606
0.35976046
0.35104743
0.36033127
0.3693803
0.36009312
0.35806698
0.36211604
0.35596824
0.34926388
0.35254154
0.35666606
0.34875175
0.35601914
0.35560417
0.3460295
0.35525227
0.3443686
0.35042512
0.3549005
0.3499539
0.3452081
0.352351
0.34956202
0.34423515
0.3495856
0.34390724
0.33842447
0.34717852
0.34326333
0.33725846
0.3336178
0.34837446
0.33897573
0.3361963
0.33525714
0.33923438
0.33391783
0.33506858
0.3338639
0.32698607
0.33551723
0.33807275
0.3333539
0.33247274
0.3340367
0.3303059
0.33033136
0.33318192
0.32212028
0.3307681
0.3280829
0.33267057
0.319974
0.3262375
0.32860717
0.3220342
0.32038543
0.3226017
0.32097107
0.32823673
0.32908544
0.3170397
0.31891206
0.3191032
0.3305723
0.31853336
0.3239422
0.31584767
0.31654462
0.31928778
0.31381384
0.3162006
0.3209227
0.32487184
0.32130933
0.32834923
0.31270602
0.3161461
0.30721205
0.30624223
0.3074627
0.31175005
0.3066624
0.30928543
0.3053181
0.3090677
0.30067143
0.3030675
0.30502543
0.30212486
0.30373782
0.29891267
0.30117485
0.30579367
0.30283722
0.30082658
0.30081183
0.30722663
0.30567145
0.30387148
0.2971904
0.29742292
0.29514512
0.3030854
0.2997458
0.305551
0.29567692
0.2974908
0.2930319
0.29381624
0.30472198
0.29038486
0.2965776
0.2941163
0.29846394
0.30525774
0.29612443
0.28855658
0.29382977
0.2986036
0.2945977
0.29934943
0.287463
0.28951874
0.28973785
0.29636884
0.29147482
0.28311676
0.29145637
0.28906557
0.28749874
0.28297025
0.28629816
0.28370675
0.28501785
0.28346887
0.28801227
0.29083076
0.27975622
0.2794153
0.2892398
0.27740484
0.27381104
0.27960902
0.28359643
0.28011146
0.2803408
0.27595323
0.2730277
0.28439382
0.28300864
0.27591318
0.27504417
0.27054068
0.27803424
0.28151333
0.27756673
0.27451918
0.26785764
0.28385636
0.27531478
0.27723324
0.27497643
0.27992803
0.2736263
0.27617872
0.26866952
0.27098694
0.266387
0.2702474
0.26618952
0.27825263
0.27981284
0.27370256
0.27423579
0.2664794
0.26802212
0.2684528
0.2757352
0.27138445
0.27351978
0.26362592
0.26795122
0.26477554
0.2656212
0.26723117
0.26733032
0.2645376
0.27756953
0.26496688
0.26346657
0.26188278
0.2625575
0.25504005
0.2731793
0.26450673
0.2669365
0.26374945
0.26202402
0.25786847
0.25209555
0.26209447
0.25486925
0.26084107
0.26170188
0.25086442
0.25774512
0.25051758
0.25672647
0.2575434
0.24742872
0.24588759
0.2478225
0.24017361
0.24841203
0.25148413
0.25098675
0.2468049
0.2541144
0.24750438
0.24352187
0.24449314
0.24293305
0.24289589
0.24769121
0.24861103
0.24122503
0.24149865
0.24590345
0.24000709
0.23854916
0.24541391
0.24130054
0.24729449
0.24814081
0.24074169
0.23877847
0.24330786
0.24213424
0.246357
0.24284469
0.23406377
0.23329055
0.23405018
0.2473276
0.2325328
0.24491319
0.23286594
0.24268967
0.237188
0.22631034
0.23717092
0.23231612
0.238851
0.23453362
0.23972249
0.23610274
0.22902568
0.23157372
0.234355
0.23451024
0.23288864
0.22441411
0.22739415
0.23557743
0.2270346
0.234238
0.23127188
0.22852182
0.22515188
0.22620186
0.22382447
0.22534367
0.22249535
0.22361371
0.21919838
0.21959537
0.21953851
0.22235002
0.2191868
0.21893336
0.220527
0.218705
0.22539315
0.21817093
0.217667
0.22083257
0.21409124
0.22245385
0.21464823
0.21118301
0.21510574
0.21488507
0.21357027
0.21559341
0.21142344
0.21221328
0.22216631
0.21510725
0.21573025
0.21380183
0.20701905
0.2124256
0.21088223
0.20726351
0.2078536
0.20749469
0.21236159
0.20664044
0.205785
0.20735045
0.20460984
0.20941941
0.19992326
0.20531088
0.2016358
0.2035911
0.20092908
0.1967116
0.2018725
0.19955513
0.20690508
0.20161138
0.20199084
0.20407937
0.20795609
0.21213664
0.19580449
0.19943345
0.19716601
0.20268469
0.1951824
0.19937404
0.19366959
0.19619454
0.20027624
0.20789646
0.200143
0.19668786
0.20226212
0.19786324
0.20752999
0.19289961
0.19572666
0.20052256
0.20077285
0.19618517
0.19457923
0.19406569
0.19784708
0.19951123
0.20207186
0.20300141
0.19283473
0.20008282
0.19932026
0.19659732
0.1965117
0.20116822
0.20844752
0.19828188
0.1942931
0.19067694
0.19343649
0.19277391
0.18518367
0.19226077
0.19294867
0.1944078
0.19174783
0.19275539
0.20072952
0.19137816
0.19468872
0.19596799
0.1844476
0.19046885
0.1870593
0.18698214
0.19305702
0.1864262
0.1962432
0.18717815
0.19051108
0.18426824
0.18576157
0.18637213
0.18133163
0.18641524
0.18694258
0.18645139
0.18861702
0.18720604
0.18766516
0.19400921
0.18271387
0.18311553
0.1819401
0.18091369
0.18591493
0.18350063
0.19058731
0.18784685
0.17546435
0.17831668
0.17658958
0.18168887
0.1798513
0.18877673
0.18376543
0.1821496
0.17377001
0.17901362
0.18450648
0.17896672
0.17785923
0.18000855
0.17624265
0.19103253
0.17437506
0.18178177
0.17830373
0.17849678
0.18030694
0.17868763
0.17912367
0.18244074
0.17460813
0.17839049
0.18376441
0.17764372
0.17637226
0.17733951
0.18234466
0.17583595
0.17355327
0.17960608
0.17763205
0.17835727
0.17698687
0.17200775
0.18054602
0.17062162
0.17061394
0.17342362
0.17611025
0.17828044
0.17129204
0.1694038
0.17937231
0.17573345
0.17057882
0.17681812
0.17416878
0.17439085
0.17268404
0.17520207
0.17246088
0.17338054
0.17852865
0.17547096
0.17689084
0.17076127
0.16958855
0.1677264
0.17756763
0.17007105
0.17389742
0.17126589
0.17674571
0.16271487
0.17112121
0.16485974
0.17587905
0.16927388
0.1664516
0.16662206
0.168159
0.17206107
0.17402166
0.17154726
0.17458613
0.16715516
0.16267475
0.16741253
0.1714172
0.16609477
0.1687265
0.1628645
0.16669817
0.16258174
0.16481009
0.16529854
0.16120145
0.15696974
0.16562971
0.16149938
0.16802627
0.16198722
0.16591752
0.16943914
0.1689162
0.1679664
0.15779178
0.1682019
0.17396246
0.16603123
0.16866134
0.16372469
0.15466873
0.16281797
0.16663621
0.16680382
0.16160958
0.1640092
0.16618676
0.16715045
0.16749343
0.16102423
0.16397032
0.15988892
0.16099988
0.16196093
0.1646185
0.16053344
0.16861838
0.15849158
0.15483037
0.15922798
0.16256195
0.15879779
0.1508704
0.159649
0.15423542
0.15996458
0.15997452
0.15514515
0.16005045
0.15208192
0.16478238
0.15822242
0.15326048
0.16227059
0.15692389
0.15807016
0.16162251
0.1570978
0.15998721
0.16112208
0.15457788
0.15766925
0.15449065
0.15361351
0.15653686
0.15470311
0.1528554
0.15538232
0.15486218
0.1507661
0.14351745
0.1526697
0.15426646
0.15155424
0.14807421
0.15024404
0.149913
0.15212633
0.14973693
0.14924006
0.14295885
0.14920533
0.15121351
0.14949982
0.15076555
0.15211424
0.15293136
0.15048654
0.1489516
0.14706713
0.14896737
0.14583112
0.14711614
0.1545324
0.1495828
0.14881258
0.14633724
0.14950848
0.14968683
0.14537527
0.15234996
0.14794238
0.14500174
0.14636512
0.14323813
0.1498266
0.14663067
0.14489768
0.1460041
0.15096767
0.14397201
0.14635599
0.14183407
0.14765398
0.14430642
0.14139108
0.14232844
0.1442702
0.15376776
0.1488446
0.14244
0.14665976
0.13985683
0.14398538
0.14135808
0.14618619
0.14293575
0.1472886
0.14611012
0.14646666
0.14929265
0.13945054
0.14560226
0.14712033
0.14563689
0.14515154
0.14511712
0.14170481
0.14397813
0.14079762
0.14208826
0.13912182
0.13918333
0.14130035
0.13827951
0.1401735
0.1398431
0.14257295
0.14079581
0.13572659
0.13721737
0.14409994
0.13979968
0.13528721
0.13725416
0.14012845
0.13526642
0.13470873
0.14020588
0.1328685
0.13831528
0.13873217
0.13719393
0.13828199
0.14109875
0.13144188
0.13117357
0.13647112
0.1486307
0.13575764
0.13000865
0.14074852
0.13984008
0.13700598
0.13385962
0.13573684
0.14052665
0.18425375
0.13332704
0.1338961
0.13878305
0.12869564
0.14115907
0.1338381
0.1318716
0.12881029
0.13095689
0.13396513
0.1317279
0.13941616
0.1276656
0.13101037
0.130796
0.13258551
0.13010834
0.13126951
0.12703116
0.13253674
0.1336213
0.12812892
0.1292091
0.12838109
0.13219385
0.12140624
0.12909484
0.13071486
0.13131796
0.130572
0.12405166
0.12833987
0.12385658
0.12551367
0.12545778
0.12385704
0.12539296
0.1340632
0.12619756
0.12431972
0.12336893
0.12316473
0.12961613
0.120912336
0.12747951
0.122251764
0.122921646
0.12364295
0.12738033
0.12503515
0.122675456
0.12151135
0.12615459
0.120414265
0.12789927
0.12048117
0.11889364
0.11807415
0.1199345
0.12279195
0.12597775
0.12093338
0.12451471
0.11739681
0.12592323
0.120456494
0.11640287
0.124134384
0.12297184
0.11594711
0.118710004
0.11691445
0.1280793
0.11713812
0.13429289
0.12249639
0.11307284
0.11427557
0.121076114
0.118867666
0.12012371
0.11910009
0.11860061
0.117118314
0.12067103
0.116935916
0.11421312
0.112580106
0.120065436
0.1223758
0.11329372
0.121802785
0.113916166
0.11952548
0.11723551
0.120228685
0.11992399
0.11685915
0.11936593
0.119050995
0.11636582
0.1141528
0.11592186
0.112930715
0.11791899
0.11597466
0.12084855
0.116626844
0.11606021
0.11449405
0.12032132
0.11865261
0.1138475
0.116403595
0.1126992
0.116109304
0.12130488
0.11259663
0.12186653
0.10921289
0.11886686
0.113739856
0.11230393
0.118620574
0.113460205
0.11738744
0.11847378
0.11173074
0.114817396
0.110329755
0.110189535
0.109851554
0.116394326
0.11149294
0.10911832
0.113850154
0.11130723
0.111496314
0.11144006
0.11460786
0.107096784
0.10931903
0.10838981
0.11062373
0.11007579
0.11092963
0.11610912
0.10715723
0.10883614
0.117589466
0.1089125
0.104953796
0.11032672
0.11277036
0.10671005
0.10920629
0.106685065
0.101587564
0.10941492
0.1068216
0.11100172
0.10521987
0.110399224
0.10982923
0.107429504
0.106056586
0.10592583
0.10765007
0.1056831
0.10831325
0.10730538
0.106822416
0.105962254
0.1032292
0.107315585
0.11023451
0.10233364
0.10718376
0.11044413
0.10325158
0.104759686
0.102415055
0.104549795
0.10072233
0.09889197
0.105218835
0.10330415
0.105251774
0.10348801
0.11418218
0.1122292
0.104347855
0.10076388
0.10442616
0.11395053
0.10159096
0.10945455
0.10593267
0.10000169
0.10560912
0.10279175
0.10823368
0.100610316
0.09874464
0.10262701
0.1028512
0.10230898
0.09785262
0.10182783
0.09944439
0.10345043
0.100338615
0.09985014
0.107589446
0.09397684
0.102805845
0.09948976
0.101612315
0.107096165
0.10063379
0.09922501
0.10148807
0.099380344
0.09934338
0.10120964
0.09708294
0.09787473
0.09767503
0.10558294
0.0992477
0.09578437
0.0945893
0.098453954
0.101050965
0.0992238
0.10020196
0.100544974
0.10006149
0.09830917
0.099324785
0.09748881
0.09852278
0.097063504
0.09944061
0.09918366
0.098269716
0.0989026
0.104184665
0.096557505
0.09875379
0.10104372
0.10155585
0.09760892
0.10155372
0.09893246
0.09849598
0.09368204
0.09976764
0.09309956
0.09827807
0.10283727
0.098079525
0.094124
0.09887389
0.097420424
0.098550335
0.099492125
0.101239346
0.10110774
0.09476307
0.090867855
0.09363044
0.09767918
0.097840846
0.0946655
0.09675964
0.09706027
0.09702365
0.0996846
0.09313248
0.09286425
0.097118676
0.09951114
0.09634895
0.09675693
0.099656336
0.09859949
0.09397154
0.09959858
0.09702006
0.09908808
0.09947469
0.09994348
0.100619905
0.098882094
0.095846266
0.09992782
0.096288905
0.09580149
0.10452203
0.10018408
0.09837336
0.09548903
0.09406945
0.09491974
0.09517821
0.09950708
0.09221897
0.096644245
0.09593305
0.10321297
0.093195476
0.09401969
0.09393184
0.09447004
0.09719345
0.09190485
0.09702938
0.09305344
0.096339524
0.09397293
0.09856221
0.09564112
0.095629886
0.095262855
0.09480719
0.0911632
0.09315021
0.09331232
0.08787922
0.08961015
0.098606884
0.09112056
0.093652286
0.096482076
0.09213497
0.09543466
0.09214038
0.09229432
0.09386738
0.09935863
0.09592249
0.0915934
0.09087116
0.08703015
0.089801
0.095739
0.088003494
0.08986315
0.08968975
0.09202224
0.0836093
0.08798394
0.0955728
0.0887419
0.087731436
0.08544303
0.092279896
0.087851495
0.09178898
0.0888147
0.092778146
0.092882924
0.08437315
0.08617503
0.08629922
0.09261892
0.089731395
0.11082557
0.08944128
0.0868008
0.08957415
0.08709214
0.0887664
0.08885966
0.09364201
0.08737514
0.083791316
0.08792049
0.08763953
0.08466824
0.09337446
0.08785734
0.09201175
0.084852844
0.08375122
0.090036325
0.085298404
0.08621368
0.08715454
0.08533899
0.08511532
0.08215897
0.08394528
0.08453887
0.08294931
0.08300431
0.0840067
0.0850072
0.08322949
0.08402105
0.09035851
0.0885019
0.08570252
0.08820835
0.08627281
0.0888785
0.08316188
0.08611708
0.08434694
0.08314841
0.088540904
0.08213909
0.088895984
0.086365916
0.082637794
0.08836337
0.08483319
0.08380318
0.085013814
0.08220812
0.08749689
0.08418667
0.07619585
0.082481496
0.083843455
0.08086395
0.0829763
0.08400594
0.08114948
0.08439133
0.08320359
0.08390404
0.08489608
0.08279971
0.08071891
0.079605676
0.08211442
0.08764754
0.08483175
0.08256061
0.08941936
0.08427665
0.08921163
0.082988404
0.08017244
0.086931475
0.07731747
0.08491016
0.08026076
0.080243126
0.087604605
0.08147394
0.0864917
0.083376326
0.08550573
0.084338024
0.08393146
0.08553199
0.08207923
0.08373605
0.086446375
0.08357182
0.081820406
0.086348906
0.07730762
0.08754286
0.08521306
0.08356816
0.08671904
0.08251843
0.08339917
0.07796608
0.086781606
0.07927304
0.08361479
0.0834133
0.08335676
0.079789065
0.083891205
0.085738696
0.082931384
0.08029157
0.0783438
0.08057678
0.0822681
0.07759114
0.08251775
0.08095007
0.07861499
0.0843677
0.081900366
0.07537965
0.084511004
0.08095609
0.07884862
0.07984096
0.07611766
0.08362243
0.08079716
0.08167283
0.08499385
0.0756315
0.08149547
0.081003614
0.08065348
0.07984176
0.08577535
0.086894296
0.089676455
0.08165758
0.082047656
0.08353175
0.0875682
0.0823313
0.083102085
0.078523494
0.08005209
0.083882436
0.08296198
0.08213521
0.079658866
0.07691827
0.07922017
0.079693206
0.08395904
0.07272613
0.07999189
0.07972519
0.08448463
0.079836085
0.07688867
0.08606206
0.068072595
0.07822564
0.07649543
0.08034521
0.07895925
0.0753513
0.079853855
0.072376825
0.079119794
0.07898501
0.07357597
0.07807902
0.07564443
0.076569766
0.08079363
0.07877144
0.08214801
0.07776609
0.07902242
0.081381485
0.08022593
0.08721686
0.07579762
0.07903576
0.08109493
0.077093534
0.077640824
0.076772064
0.07952939
0.078934744
0.07932011
0.079415604
0.08298578
0.07535631
0.07775293
0.08167596
0.073805034
0.0794641
0.080191314
0.07765799
0.08277293
0.07840135
0.080046974
0.08014823
0.07926714
0.08450238
0.08067789
0.08079823
0.07159251
0.08162023
0.0765078
0.07310578
0.07618874
0.07799363
0.075354025
0.073691204
0.08166159
0.07769054
0.073756084
0.08031346
0.075222805
0.07872759
0.07429794
0.07714409
0.07573183
0.08042704
0.077025875
0.07876024
0.07623812
0.078690305
0.07843192
0.07978092
0.07337359
0.07592435
0.07531101
0.08087656
0.07442381
0.07523072
0.07744848
0.07366348
0.07683513
0.076664075
0.07458194
0.07151416
0.07823617
0.07933642
0.085714325
0.07723947
0.07593777
0.0792818
0.0716167
0.0811619
0.07982263
0.07460041
0.08006345
0.07496174
0.07746744
0.073235
0.077101246
0.07478597
0.08011065
0.0777698
0.07525822
0.07731657
0.07731369
0.074605614
0.07703249
0.075786926
0.07824483
0.08270549
0.074391484
0.0832752
0.07186778
0.07288919
0.07477872
0.073030785
0.07199288
0.077267416
0.08018183
0.077914454
0.080031194
0.072705306
0.071351886
0.07434905
0.07712329
0.07474323
0.07334611
0.07618825
0.07212173
0.07780559
0.07722064
0.08195496
0.08003311
0.07727741
0.07378324
0.0764491
0.07406885
0.07313623
0.08427857
0.07201461
0.07226761
0.077089325
0.0728757
0.074618556
0.070238404
0.07774373
0.0785583
0.069462016
0.08123026
0.069005005
0.07190485
0.072364815
0.07151711
0.073050156
0.07466474
0.076500356
0.07706757
0.074217916
0.07312211
0.071102954
0.07391525
0.07764226
0.07182146
0.080896705
0.07319248
0.06983132
0.07387152
0.0737763
0.07538529
0.06841671
0.069592565
0.081424214
0.07118085
0.070121944
0.074059196
0.07337593
0.07530877
0.07553513
0.07534112
0.073995724
0.07655269
0.06917772
0.06989036
0.07272249
0.07670649
0.07077945
0.07375723
0.07329547
0.072524786
0.074776314
0.07014113
0.07176427
0.07764826
0.07293544
0.07183422
0.071468115
0.07353321
0.073050484
0.0691051
0.071675666
0.07352572
0.06900167
0.07655465
0.0736425
0.06716537
0.073872484
0.07134071
0.07234147
0.07842372
0.07244695
0.06940696
0.07739817
0.07106591
0.07142155
0.07294772
0.07865115
0.068439625
0.08008879
0.072985806
0.06882019
0.07134763
0.07558224
0.0690231
0.06880832
0.0711537
0.069743976
0.06715822
0.06804444
0.07255893
0.07113306
0.07276806
0.073492646
0.0748774
0.07083229
0.06989621
0.067615375
0.0693739
0.06990005
0.07156412
0.0702517
0.0730932
0.0665083
0.06763937
0.071347184
0.06912379
0.06966518
0.07419339
0.073267944
0.06954244
0.072637
0.07173035
0.07274919
0.07237918
0.073397174
0.07135691
0.07611147
0.07274397
0.06781396
0.06518315
0.07666214
0.0650569
0.07687176
0.06783641
0.07315812
0.07951545
0.0749818
0.06989871
0.07273859
0.0710999
0.06472831
0.066816114
0.073178105
0.06823002
0.069637574
0.07407214
0.072552696
0.068025276
0.069905564
0.07428307
0.06773507
0.06663815
0.06955076
0.07214868
0.06898932
0.078528635
0.071029946
0.06866126
0.0744257
0.073534116
0.06946199
0.07382295
0.06600689
0.07316012
0.06713686
0.06722806
0.06913936
0.06877052
0.06855753
0.06422341
0.0679192
0.062737726
0.06790968
0.07440703
0.069218345
0.0645748
0.067034006
0.066535786
0.06512081
0.066360384
0.06488309
0.07303825
0.0670358
0.06870359
0.06644167
0.06738277
0.066323474
0.062597096
0.070235975
0.06794815
0.07013358
0.06777186
0.0679427
0.0661866
0.06827085
0.06916619
0.06571905
0.065487355
0.07036181
0.06738959
0.063638024
0.07317982
0.07355634
0.065150626
0.06220097
0.06575809
0.068370275
0.06706897
0.072720446
0.06695085
0.06767249
0.061025184
0.07294968
0.07355039
0.06667856
0.065759376
0.06383165
0.06901655
0.06521902
0.06645545
0.06578659
0.077329315
0.06730483
0.066514604
0.06640685
0.06604459
0.06855747
0.06312414
0.06621895
0.06751098
0.070493
0.07091977
0.06715979
0.06761584
0.0723992
0.07249743
0.06805663
0.070029065
0.069987126
0.06798212
0.063682236
0.07033728
0.070366874
0.07039046
0.06413916
0.06417318
0.06293195
0.067340456
0.062916994
0.0631306
0.06612533
0.06443198
0.06894506
0.06625851
0.06310465
0.060783964
0.06958539
0.06698865
0.064262025
0.07218186
0.06482457
0.065319546
0.06704062
0.06880227
0.06441742
0.06397441
0.067935005
0.07173899
0.06324079
0.06586312
0.069368854
0.06486537
0.065001704
0.065860435
0.06363755
0.071066596
0.068407506
0.06359967
0.066398256
0.06901734
0.07053777
0.06666819
0.065501526
0.06666139
0.06597646
0.06644042
0.064085506
0.06457081
0.06461957
0.06087944
0.065098606
0.065361306
0.06486035
0.06711469
0.06537242
0.06428009
0.071637645
0.062482543
0.07038905
0.06525967
0.066911615
0.05799732
0.06459107
0.05925624
0.06425271
0.06469437
0.06279472
0.0617713
0.0682942
0.062783815
0.06496557
0.06500749
0.06612325
0.062275548
0.058633495
0.067476496
0.067649014
0.07200236
0.06317953
0.06567947
0.06329544
0.06051926
0.06454932
0.062061675
0.062208317
0.06518872
0.06470691
0.06597418
0.06494081
0.062213182
0.06912187
0.06462967
0.065633066
0.07254703
0.06197501
0.0658014
0.060572624
0.068016596
0.06558203
0.06356442
0.06424495
0.06460803
0.06646355
0.065565094
0.06256663
0.06556343
0.06525169
0.06374861
0.060502216
0.06600267
0.058604516
0.0673317
0.06646469
0.06145334
0.06860318
0.06855378
0.06535958
0.06551346
0.06231796
0.067409314
0.06154708
0.0734612
0.06467139
0.06490576
0.06438325
0.0603907
0.06470752
0.07296854
0.06374959
0.06693947
0.06836069
0.06651797
0.06358949
0.068708844
0.06339597
0.06557814
0.06256131
0.070082135
0.06288394
0.069561645
0.06785931
0.067228444
0.062133476
0.06298842
0.061363418
0.065693155
0.06535154
0.06814586
0.06290569
0.06539781
0.0687347
0.071073934
0.064723305
0.07068961
0.06762213
0.06302118
0.06740615
0.068592094
0.07084288
0.069371834
0.068107784
0.06679473
0.06775495
0.06816496
0.068844646
0.0691261
0.06318345
0.06714878
0.06844443
0.06902142
0.06474391
0.06376324
0.06436622
0.067745894
0.0627989
0.06868064
0.06441189
0.06540513
0.058137164
0.06015428
0.05957778
0.0703874
0.067829184
0.06581125
0.06663188
0.06324597
0.065401904
0.06319647
0.0673828
0.06717428
0.06649167
0.06378626
0.061630476
0.06636723
0.061265476
0.06395496
0.069459304
0.06608085
0.06186276
0.062569685
0.06253356
0.0632621
0.06477354
0.064908646
0.058579948
0.06678911
0.06416965
0.066249736
0.07382128
0.069054134
0.067190394
0.062050123
0.06646204
0.0669317
0.07137797
0.06160782
0.0679516
0.061193068
0.062119823
0.06683263
0.06478661
0.069665976
0.06248195
0.066576466
0.072474025
0.063650474
0.062971115
0.06446884
0.06587966
0.065233454
0.06583662
0.067112654
0.06670031
0.06570059
0.0734908
0.064890064
0.06253668
0.06446962
0.06813924
0.06251668
0.060146052
0.06672366
0.064204246
0.067142904
0.06423916
0.06452675
0.060942907
0.061459508
0.058812596
0.06326239
0.059558954
0.061971817
0.06522707
0.0614973
0.0591068
0.058579642
0.061990216
0.06399207
0.059325617
0.06194992
0.06203326
0.06631843
0.06554018
0.0697591
0.065978974
0.06229696
0.063586816
0.060315706
0.065194935
0.06460918
0.06097092
0.06581733
0.0629345
0.06626042
0.06798006
0.06298323
0.061269745
0.06237401
0.06699877
0.060542013
0.058081124
0.05880842
0.07084409
0.062843375
0.06163374
0.06025405
0.05579471
0.06476469
0.06630086
0.060571335
0.059792098
0.062248845
0.06509237
0.065466926
0.067369625
0.06105975
0.067129634
0.062698536
0.067155555
0.066551335
0.060159527
0.061794806
0.07109491
0.06208709
0.060986616
0.06520711
0.061669998
0.06157977
0.0637498
0.060455706
0.061606795
0.061819203
0.064379185
0.05734881
0.06993593
0.06224404
0.05867419
0.062204357
0.06306685
0.07028654
0.06598506
0.058700275
0.06379545
0.061299004
0.059785657
0.064518735
0.060395718
0.06294292
0.06372147
0.06298743
0.06260137
0.061574586
0.06143796
0.061302263
0.06183012
0.059395444
0.06778524
0.06162073
0.060303736
0.059104662
0.061716873
0.0662744
0.065338895
0.063367344
0.058471277
0.06251734
0.06511165
0.06487587
0.06759468
0.059485953
0.06771275
0.057549905
0.06071662
0.06462511
0.05965068
0.06498434
0.06264871
0.06514334
0.06395381
0.07104011
0.06472328
0.06594787
0.06377236
0.06379235
0.06418842
0.065108165
0.068346135
0.06370056
0.06725097
0.066856176
0.06209917
0.063388824
0.06608995
0.06379154
0.06373444
0.06158511
0.07159232
0.064829595
0.06443895
0.074025385
0.07088881
0.061770346
0.06153435
0.06309587
0.068843246
0.0670465
0.061048374
0.06023607
0.064664684
0.06523275
0.06761096
0.06929109
0.074080184
0.077285714
0.06697221
0.07609408
0.07565761
0.08058484
0.07588945
0.07716939
0.08072871
0.08749713
0.08911237
0.08399895
0.09760328
0.10295365
0.096868396
0.101872705
0.0963827
0.096479625
0.08829398
0.08537005
0.09544926
0.09180897
0.08702779
0.084958114
0.081483416
0.071309194
0.07147807
0.068032175
0.06758135
0.07342388
0.060767487
0.0680951
0.06292993
0.06823896
0.06336416
0.06846088
0.077425785
0.061860293
0.06176374
0.06734713
0.06782946
0.0636844
0.057940982
0.06331749
0.062476166
0.05968558
0.06253024
0.061713386
0.066084474
0.05829604
0.059771422
0.061673526
0.064998314
0.061116014
0.060363382
0.06494164
0.061013732
0.06220029
0.06278969
0.062260196
0.064226165
0.063193634
0.0629053
0.059073277
0.06051887
0.06355812
0.06108558
0.060439456
0.0623246
0.06407082
0.060922608
0.06353841
0.063232794
0.06476932
0.06209216
0.06000127
0.058606975
0.064064205
0.070729315
0.06341449
0.060534757
0.06370034
0.058608897
0.061192434
0.063481905
0.060092878
0.06332661
0.063766114
0.059700828
0.064066276
0.061039876
0.064286605
0.06302906
0.06395517
0.06310321
0.06325615
0.05858059
0.06394436
0.06701235
0.06499843
0.064224996
0.058533646
0.0620421
0.06636274
0.06302092
0.059849076
0.06506026
0.063596085
0.063473895
0.06207126
0.058527052
0.059054937
0.05731235
0.05684903
0.05786603
0.060405716
0.06149309
0.058837205
0.061815225
0.069292545
0.05868672
0.06004604
0.057669964
0.056883883
0.05838028
0.06530893
0.057634875
0.062319726
0.060325373
0.054754816
0.058880948
0.06275369
0.061549976
0.05721213
0.06440321
0.06245028
0.06131247
0.059428446
0.06678689
0.05771502
0.057923045
0.060072348
0.06250818
0.063432164
0.062517524
0.060189683
0.056416906
0.055702068
0.060035743
0.057555716
0.056490485
0.056971457
0.059803832
0.05930284
0.05634871
0.055390276
0.05197617
0.062401924
0.055012666
0.059238765
0.056334678
0.05861982
0.06803963
0.06075569
0.060668085
0.053775333
0.055666167
0.06165697
0.06316077
0.059241995
0.06364854
0.061142012
0.058299866
0.057653878
0.05315766
0.0574656
0.05780483
0.06289237
0.058008183
0.058726344
0.065187566
0.057366922
0.055820975
0.058478374
0.05572389
0.054832734
0.06065163
0.05570417
0.060712658
0.056812923
0.05769737
0.059706893
0.057319283
0.061533403
0.056415435
0.05705147
0.05937174
0.06644224
0.061157063
0.056158464
0.055967227
0.058345273
0.050417945
0.059696984
0.057914373
0.057149097
0.06286866
0.055317685
0.058583014
0.060599614
0.0552184
0.059756204
0.0587135
0.054203197
0.055934835
0.06072246
0.05689264
0.05289283
0.05321321
0.059462663
0.059872314
0.06089669
0.058623634
0.057297673
0.05705716
0.059063997
0.057207104
0.059522144
0.055525236
0.06590231
0.05378243
0.06531104
0.056227867
0.051873356
0.058688663
0.0584257
0.061824854
0.057564795
0.05585105
0.056395717
0.06201491
0.053915966
0.059023045
0.059901197
0.058035348
0.056284342
0.058972895
0.057109367
0.05389514
0.059056893
0.05542476
0.05758403
0.057328578
0.05487837
0.05896249
0.05715135
0.057737462
0.059596807
0.05543047
0.050852943
0.05447234
0.05464059
0.054759663
0.054081123
0.05826682
0.056780867
0.058019567
0.06097197
0.056916576
0.055439577
0.056732528
0.068604976
0.055286825
0.06132499
0.057699118
0.06258442
0.059034564
0.05788568
0.060051102
0.06065052
0.06190143
0.05633372
0.060625564
0.05890742
0.05706145
0.058718946
0.053747226
0.060727358
0.05888526
0.067683734
0.058168296
0.060794014
0.06160573
0.05215182
0.057893503
0.057806246
0.055503353
0.059694465
0.060669813
0.06360584
0.060356844
0.05298078
0.0589817
0.056512978
0.056627844
0.05659111
0.061684813
0.062073402
0.05548294
0.06058692
0.056673072
0.0529305
0.062209453
0.056078788
0.057990234
0.057700735
0.05701087
0.05460024
0.05882175
0.060508803
0.05785309
0.059590023
0.05960313
0.05261148
0.05256667
0.061540674
0.06485607
0.051907916
0.055098742
0.05919635
0.054246332
0.06417283
0.0552565
0.06294892
0.060643125
0.058436707
0.06092179
0.057512935
0.058329657
0.060906533
0.05456331
0.061656523
0.058714062
0.06199178
0.05453351
0.053783454
0.05534684
0.058750898
0.054878995
0.058908284
0.058216993
0.064087555
0.055903852
0.06957932
0.056605827
0.056272145
0.058499437
0.05736513
0.06125282
0.058277477
0.05892998
0.058105536
0.059706744
0.06059317
0.06018148
0.06787351
0.055065516
0.05188238
0.054401275
0.062197093
0.056980684
0.061277494
0.058274146
0.060848642
0.0549916
0.06473802
0.06236045
0.06323663
0.059742037
0.06224785
0.05412216
0.059795655
0.055688906
0.065677315
0.05643979
0.06310597
0.059766375
0.059000283
0.06256869
0.060356904
0.06481173
0.060665913
0.060665324
0.056326643
0.07273863
0.06330865
0.06537925
0.05955231
0.056436963
0.058846667
0.05794828
0.06290518
0.056417406
0.06077006
0.06042456
0.05791696
0.05999785
0.055687238
0.056774784
0.063978836
0.06037087
0.057255145
0.061874278
0.06755801
0.06727731
0.055528518
0.054493275
0.05891136
0.062462736
0.060199622
0.05693918
0.06264283
0.06528135
0.056860883
0.06429951
0.05597378
0.05777541
0.07029827
0.060786523
0.05952914
0.060538583
0.05705673
0.056779843
0.07196086
0.06637171
0.062143996
0.059146065
0.06633721
0.0613515
0.059881296
0.073183276
0.0677419
0.057909098
0.05818145
0.06310729
0.06287753
0.059909344
0.06326634
0.062365774
0.0596557
0.061853778
0.058808852
0.056804392
0.05863906
0.0635825
0.062021174
0.060354277
0.058380626
0.05748903
0.05900197
0.058450505
0.061586127
0.065236785
0.06205138
0.07076782
0.060200386
0.06261574
0.06077157
0.061318018
0.0614429
0.061865013
0.05991197
0.05887879
0.063027255
0.06481536
0.054506913
0.0528925
0.05754206
0.054902513
0.05538165
0.05673443
0.05361656
0.058871705
0.060383838
0.061058223
0.05170748
0.057994522
0.06128775
0.060097467
0.05924512
0.055018183
0.05786539
0.057434563
0.06274118
0.062478863
0.057315733
0.05923043
0.05581561
0.058430344
0.059742317
0.061014675
0.057410575
0.057775117
0.058842685
0.059987415
0.061687987
0.05397121
0.055175826
0.06002301
0.057532188
0.058385447
0.061111048
0.06503524
0.05899317
0.05915642
0.055736918
0.05962433
0.056842573
0.057489444
0.060356256
0.05521485
0.063697435
0.061267342
0.055454116
0.054776482
0.05793232
0.05426241
0.065981925
0.056115013
0.0636411
0.056589935
0.05405536
0.05731183
0.057567794
0.06325795
0.058235016
0.05808094
0.05634252
0.05823511
0.05573615
0.058209285
0.05543718
0.0539502
0.05631285
0.05817545
0.06919605
0.055892568
0.060814828
0.058366634
0.0560923
0.056880318
0.06082612
0.06055959
0.060297932
0.060250703
0.06899419
0.061600596
0.05850114
0.059549887
0.06242774
0.07167777
0.065066084
0.0582968
0.05399297
0.059079833
0.05577182
0.0562945
0.059880823
0.058851592
0.057961613
0.05929167
0.055982575
0.05607882
0.0527377
0.05869645
0.060626887
0.055811524
0.059332967
0.060726643
0.05862051
0.062185682
0.060301542
0.053838428
0.058892112
0.057089128
0.06148317
0.06027917
0.055386707
0.056704875
0.056099962
0.05420718
0.058270827
0.059352793
0.053919904
0.061106678
0.06264539
0.05702788
0.05528366
0.054718707
0.05749419
0.05311963
0.05894785
0.053609736
0.05323121
0.060047764
0.061902553
0.05349806
0.060295776
0.056044508
0.058511868
0.054853603
0.063275255
0.06050428
0.057446677
0.062707074
0.056297813
0.059978712
0.05679294
0.05700261
0.05925948
0.053642277
0.05540333
0.066072844
0.05916892
0.05924303
0.05968471
0.055524584
0.05991722
0.060041323
0.060005154
0.05541508
0.05806932
0.063101575
0.06016317
0.056088366
0.05722004
0.05913243
0.055745408
0.056668147
0.056355353
0.05463179
0.055752955
0.057085223
0.054289896
0.05451331
0.057603337
0.056984603
0.057179138
0.060261123
0.05662472
0.06568251
0.05820921
0.059780546
0.05635761
0.058080617
0.058149908
0.0602368
0.057165693
0.058544792
0.058046732
0.061875038
0.061375264
0.05895488
0.060167436
0.06695985
0.058849785
0.060772616
0.054625686
0.0625096
0.058471676
0.05972253
0.06290249
0.057319537
0.06018223
0.059105307
0.056278158
0.056562155
0.059442837
0.054599777
0.062167726
0.06002647
0.057732075
0.059603035
0.054771237
0.05835841
0.060545493
0.058594745
0.06229576
0.054009628
0.058123104
0.06276235
0.05904097
0.057533555
0.056618344
0.0560051
0.055846233
0.06065182
0.065881506
0.0576808
0.056475297
0.058697887
0.05789889
0.061739735
0.05818796
0.059552263
0.06239191
0.057948224
0.058115702
0.058862507
0.063573055
0.058270864
0.060420673
0.059598267
0.06329992
0.06521438
0.072041295
0.058964353
0.060540345
0.059473623
0.06452913
0.060715955
0.06673352
0.058437243
0.062587135
0.05922963
0.056034915
0.057514217
0.06367528
0.06406687
0.061547965
0.059636846
0.0621578
0.058433674
0.058787987
0.059006292
0.058099344
0.058466133
0.060548857
0.057968114
0.059512652
0.059833717
0.06350409
0.062384773
0.058297418
0.056898896
0.058326654
0.056813244
0.056682006
0.05622716
0.05651079
0.065206654
0.05901904
0.057470184
0.058485426
0.06241177
0.056987714
0.05584288
0.055600125
0.056260966
0.05883563
0.05837334
0.057616718
0.057452198
0.057973057
0.06088185
0.058649413
0.058603182
0.057602122
0.056548726
0.057890836
0.05775795
0.059092194
0.057111904
0.06643564
0.059737828
0.058608025
0.059795197
0.05943833
0.05870654
0.061487332
0.05448807
0.05371914
0.059191186
0.062576674
0.06210584
0.058283605
0.05663637
0.057167556
0.059640087
0.06264645
0.06717545
0.059203684
0.06416335
0.06288967
0.06197719
0.057860292
0.058912616
0.059935033
0.05683976
0.05621308
0.058058396
0.0594106
0.0650386
0.058482606
0.058670208
0.061190728
0.05922779
0.061350368
0.057527572
0.06160934
0.06338414
0.06348236
0.058093954
0.058623128
0.06131541
0.05964932
0.060736284
0.061103396
0.05881316
0.059871417
0.06344325
0.058380812
0.06268966
0.059507634
0.066831745
0.061803833
0.06445303
0.062689275
0.062420823
0.060262486
0.06469657
0.06035653
0.062478777
0.06467758
0.05945422
0.059251636
0.06407687
0.06528025
0.07368587
0.06407559
0.05865167
0.05809201
0.06240345
0.0601679
0.06123872
0.06645041
0.062035445
0.060908984
0.06331656
0.06258599
0.064944334
0.05962264
0.0668862
0.05941956
0.06575536
0.059313286
0.063544296
0.062469132
0.06092236
0.06002923
0.069215626
0.06456987
0.067664765
0.06396191
0.06077239
0.06200592
0.060345855
0.05933024
0.06353039
0.060764927
0.061066497
0.058945887
0.05778311
0.059127014
0.061409887
0.06116475
0.06418808
0.060342792
0.062322088
0.059853394
0.060984805
0.06701007
0.06277805
0.06212701
0.0645488
0.06085102
0.05938359
0.060383122
0.06385316
0.060973335
0.061082806
0.05991505
0.06522568
0.060669206
0.058749262
0.059025135
0.060709447
0.064101554
0.06123162
0.06252913
0.06248785
0.060615163
0.05880762
0.05849161
0.05961214
0.061836716
0.059032712
0.05796586
0.057884347
0.05948887
0.06288036
0.058993407
0.057573948
0.05600227
0.057994563
0.05889181
0.061319545
0.062178105
0.061380062
0.06244173
0.061584875
0.057048544
0.057345983
0.062484253
0.059188392
0.060125932
0.065303065
0.060598828
0.05926595
0.061309375
0.063460864
0.061681986
0.060927372
0.06468993
0.062007725
0.062485073
0.06533848
0.0609368
0.059639033
0.061449744
0.06884057
0.06385083
0.06365787
0.062371112
0.057062455
0.056782514
0.06153872
0.064880304
0.058551714
0.05654237
0.05923969
0.0647657
0.06068616
0.057749934
0.057157792
0.05691575
0.05852311
0.06108147
0.06369489
0.060715586
0.058463436
0.059018176
0.057891157
0.058599956
0.059253886
0.06369199
0.06083192
0.057091516
0.055449124
0.057413436
0.06434822
0.05980821
0.058261916
0.05799802
0.058272563
0.058740243
0.060896892
0.06485893
0.062154606
0.05923222
0.058492307
0.058512267
0.061723206
0.06572545
0.068388745
0.06241539
0.059191883
0.059941217
0.062946394
0.06076528
0.06356842
0.05700685
0.057613164
0.06539821
0.06250174
0.06173209
0.06309248
0.064025365
0.06503558
0.058588978
0.05817751
0.06381033
0.05827618
0.058243006
0.06371918
0.06016882
0.059231486
0.06023828
0.06383905
0.06364269
0.06338724
0.06873032
0.061916847
0.061098795
0.06628533
0.061774157
0.059066396
0.059759192
0.061408836
0.06401102
0.0603812
0.058893684
0.05979975
0.060477246
0.06026737
0.062387753
0.06576737
0.06320895
0.06283672
0.06465404
0.062526874
0.061173458
0.059937555
0.059514
0.059813283
0.06149528
0.06203712
0.06310791
0.06470816
0.061695077
0.0615551
0.059995297
0.05972024
0.05982656
0.06461889
0.06739134
0.062427305
0.060844533
0.058831125
0.060896225
0.060831863
0.062493455
0.06233436
0.061493423
0.05957086
0.058002383
0.058291554
0.05893475
0.06589802
0.07853334
0.065204486
0.061393235
0.067114495
0.0643246
0.06320596
0.061403863
0.062062234
0.06619405
0.063464426
0.06196061
0.06306523
0.063313164
0.06344172
0.061882846
0.061573613
0.060518287
0.0617744
0.060349457
0.06067123
0.058781255
0.0634285
0.07197096
0.061858993
0.057101276
0.056911856
0.0625242
0.069190025
0.066978894
0.072820336
0.06254772
0.057943385
0.05852674
0.058619656
0.058702562
0.061436903
0.060841564
0.06185239
0.0601809
0.060874812
0.059715826
0.06057226
0.060022626
0.061280508
0.05941752
0.059227973
0.059166633
0.059644304
0.06030394
0.060439207
0.059723217
0.06009158
0.059228465
0.059140857
0.058288787
0.0575835
0.05952408
0.059585236
0.06205275
0.06105808
0.06233467
0.05940048
0.058762856
0.057032164
0.055876996
0.056345887
0.055587653
0.05722267
0.05770169
0.05550526
0.053752955
0.052944478
0.056975354
0.0578001
0.05987117
0.060899332
0.06069145
0.058429196
0.055161364
0.055225734
0.054652676
0.054117497
0.05549031
0.057871733
0.058895256
0.05709688
0.053896923
0.054137196
0.0567095
0.05837961
0.05800045
0.057483327
0.055321228
0.05378412
0.057011086
0.06952491
0.058753543
0.054845605
0.058251813
0.062218416
0.06212673
0.06129955
0.057342663
0.056216285
0.055723473
0.058875706
0.059331667
0.057464786
0.055928472
0.057406154
0.06036554
0.06182536
0.06098756
0.061402325
0.06021255
0.06071724
0.05957405
0.058558382
0.05719741
0.05554666
0.05449458
0.056468632
0.0551918
0.057446204
0.056788206
0.06083302
0.05982255
0.057868686
0.056207497
0.056489594
0.056864038
0.057116643
0.05746864
0.056653347
0.055945616
0.05702231
0.059694756
0.06160311
0.06258203
0.06121875
0.058839988
0.05662455
0.05943641
0.061414428
0.06057569
0.059812766
0.05985168
0.06143999
0.06071535
0.060629938
0.060274508
0.060726076
0.05770886
0.056252137
0.056615233
0.05826215
0.05915741
0.05711201
0.057536073
0.05904084
0.05857619
0.05875552
0.05622576
0.058111228
0.05713154
0.058313847
0.055595838
0.055778515
0.057037093
0.059892304
0.059692267
0.059104204
0.05950765
0.0588875
0.05734954
0.05823127
0.061516542
0.062893294
0.061402444
0.05907362
0.05860488
0.06022694
0.0611326
0.059062596
0.05745501
0.057298325
0.060515765
0.061027225
0.060301144
0.059470437
0.05793363
0.058565095
0.05854521
0.059951685
0.061641768
0.06273865
0.06284623
0.06258877
0.061443135
0.061772026
0.062634505
0.06476052
0.062485527
0.06134134
0.05999021
0.061794274
0.06121791
0.061553683
0.06157654
0.061149694
0.059468508
0.05936195
0.060750574
0.061772164
0.06221634
0.06324552
0.06314412
0.064779215
0.06195947
0.061066806
0.060088947
0.063359
0.06484505
0.064128116
0.062422954
0.06309625
0.0628886
0.06310345
0.061747633
0.062263925
0.06222564
0.06460839
0.06498434
0.06439664
0.06175352
0.062025595
0.063458964
0.06666735
0.067540176
0.065699436
0.06368187
0.06108461
0.061822947
0.062015798
0.062457148
0.061631396
0.062278748
0.06401651
0.06554823
0.06429413
0.060610782
0.06133991
0.062343236
0.062973276
0.060892306
0.059568774
0.0599769
0.05974091
0.060428765
0.062358387
0.061453655
0.06088894
0.063905865
0.06638198
0.06436962
0.06162412
0.057474952
0.06087215
0.059354197
0.062010437
0.067091405
0.08069691
0.07140237
0.065564215
0.0658772
0.062440667
0.062037338
0.061016656
0.060871124
0.05964043
0.06196479
0.05919153
0.06133356
0.05716455
0.062641755
0.06093285
0.06405332
0.06379651
0.06336655
0.06127522
0.058905404
0.062053185
0.06206063
0.064750634
0.06049752
0.063026376
0.060441915
0.063540496
0.061824314
0.06346897
0.06392234
0.072936386
0.0878145
0.07166991
0.06414792
0.06726594
0.06729774
0.06402683
0.061333463
0.06451066
0.06724695
0.06858746
0.06291512
0.063032106
0.063133754
0.064795785
0.066311516
0.0653807
0.06629323
0.06392296
0.06261542
0.061554555
0.062525325
0.06363288
0.06277356
0.059669703
0.06121519
0.062646955
0.0656888
0.06289714
0.060941234
0.059859935
0.057989907
0.060003817
0.061701242
0.065395474
0.0646816
0.064878054
0.06234953
0.063977756
0.05979035
0.059866473
0.057539314
0.059720278
0.060753584
0.06056426
0.060206074
0.059340745
0.06096431
0.061429787
0.061697632
0.06231058
0.060727954
0.061105866
0.059214976
0.0590817
0.06324288
0.064345725
0.06569767
0.06113062
0.060576696
0.06080782
0.060533628
0.05950658
0.059818216
0.060375433
0.060627066
0.06024326
0.06038559
0.06102916
0.061434377
0.06136842
0.06045297
0.06131852
0.061535202
0.06331602
0.061881587
0.05954763
0.057535388
0.057882033
0.05830506
0.059633523
0.05925333
0.059908226
0.057305697
0.05690948
0.057439003
0.058889627
0.059385072
0.060259644
0.060290743
0.06280045
0.06414194
0.065527715
0.061348982
0.058967687
0.05709434
0.058484208
0.058608875
0.05938966
0.0590185
0.058045674
0.057207823
0.057229362
0.05876565
0.060685746
0.06267149
0.06316269
0.0619892
0.0620015
0.0613974
0.06439674
0.06313868
0.06173747
0.06028636
0.059091542
0.058489375
0.055550292
0.056086555
0.05915884
0.060249347
0.058387876
0.05475258
0.05641552
0.058798328
0.06259443
0.062514834
0.06180544
0.059656084
0.059356786
0.057961185
0.061133627
0.060850326
0.062321067
0.058342814
0.059241932
0.061284043
0.06388459
0.0611463
0.060086656
0.06080744
0.06291405
0.062459417
0.061972134
0.060065083
0.0605359
0.05978509
0.060780134
0.061519206
0.061736472
0.06851382
0.066849485
0.06505492
0.059202846
0.06080047
0.059872594
0.059099343
0.056501847
0.059035182
0.060338352
0.062482342
0.061402805
0.0599041
0.060370103
0.06092744
0.06063717
0.059587598
0.059718594
0.060937908
0.062167183
0.060855184
0.061209477
0.061571255
0.06175116
0.061170112
0.057948824
0.06015502
0.06032243
0.06319524
0.062979385
0.06274173
0.0646158
0.062119603
0.061503336
0.061623946
0.06478332
0.06423543
0.06162484
0.06095961
0.05921986
0.05943852
0.059864827
0.06446655
0.06367344
0.0651676
0.06425526
0.065974936
0.06376863
0.06386422
0.06531461
0.06375488
0.06315784
0.060746677
0.063197516
0.06471736
0.06418882
0.06506706
0.062059753
0.062381882
0.0622232
0.06325568
0.06500794
0.0636219
0.06759847
0.06460686
0.06612571
0.061828975
0.06366393
0.060801465
0.06389934
0.0647324
0.06840453
0.0668425
0.06634931
0.061238192
0.062407024
0.060989436
0.06574068
0.068071924
0.06930781
0.066340625
0.062466495
0.06222042
0.06477999
0.0657977
0.06641635
0.06386483
0.062989764
0.06026425
0.059903678
0.058481045
0.06240641
0.06310099
0.06552528
0.062214367
0.063354515
0.062089086
0.06529066
0.06799301
0.06998998
0.06865472
0.06525183
0.06405404
0.06565887
0.06631974
0.064441204
0.06522634
0.06501029
0.0671399
0.070532225
0.069104664
0.068675704
0.06264628
0.063549586
0.06370629
0.062817775
0.0622705
0.063081816
0.06588281
0.06752618
0.06551192
0.06377194
0.06367886
0.06444023
0.06636627
0.06498853
0.06442401
0.06296109
0.060505033
0.05992979
0.059312798
0.060250793
0.06099851
0.060804315
0.06547159
0.06622206
0.06743053
0.06786055
0.071628906
0.072106294
0.06988747
0.06507905
0.066748746
0.06591588
0.06870264
0.064632915
0.06636056
0.0649416
0.07026079
0.07175015
0.07023183
0.06700957
0.06722192
0.068351194
0.067864425
0.06721907
0.06640731
0.06624705
0.06278358
0.062245168
0.062415976
0.06395481
0.06575409
0.06631769
0.06474497
0.06465422
0.064045556
0.06662243
0.065445445
0.066512816
0.06676568
0.067624256
0.06656956
0.066277556
0.06768199
0.06783204
0.0670215
0.06477798
0.061139554
0.060426008
0.061135933
0.06943426
0.071179904
0.071309626
0.06450505
0.062056374
0.06279803
0.06485221
0.06783347
0.06909012
0.07071309
0.06972506
0.066353165
0.06722939
0.06703993
0.06769552
0.064916894
0.06237684
0.06539866
0.06481271
0.065739505
0.062226493
0.06350215
0.064037986
0.0726272
0.073430784
0.0747103
0.068454094
0.06779
0.0683166
0.065808855
0.066076286
0.06552837
0.06712991
0.06707398
0.067053184
0.06892779
0.06727081
0.06512788
0.06663396
0.06883704
0.071889184
0.06780435
0.066246144
0.06676979
0.068890326
0.07027282
0.0680206
0.067041785
0.064329535
0.06489906
0.06365218
0.06402435
0.06605401
0.064535595
0.064172015
0.06319917
0.06527318
0.06617196
0.06253343
0.061905954
0.06265822
0.06482428
0.06581785
0.067648664
0.06929123
0.06736841
0.06600741
0.06433612
0.06634464
0.06393313
0.06532052
0.06550681
0.06781405
0.06578253
0.06427472
0.06235587
0.06165496
0.06397936
0.065335855
0.06736548
0.06549557
0.06619604
0.064756386
0.06337937
0.06128841
0.06050468
0.06107302
0.06200002
0.065181226
0.06500859
0.066378936
0.06747862
0.06940157
0.06959737
0.06709592
0.065550305
0.060667716
0.057885595
0.05927664
0.061220624
0.06089256
0.06298782
0.06916847
0.074261785
0.06940861
0.06226905
0.0594749
0.06259893
0.066781335
0.06650733
0.06611908
0.06284419
0.06321878
0.059251968
0.05922954
0.059780873
0.059582647
0.062274866
0.059494
0.06272529
0.056128185
0.057378832
0.058328476
0.063558325
0.0627947
0.06432752
0.06595754
0.06512596
0.05845406
0.057696864
0.05626203
0.061087318
0.058485825
0.06567679
0.06541888
0.06561131
0.063969284
0.06352013
0.065579854
0.063601546
0.0630911
0.059830975
0.06009567
0.059579354
0.062885195
0.06200933
0.060311727
0.058656342
0.057413243
0.06074654
0.062058415
0.06407696
0.06481458
0.06926487
0.0738866
0.07257783
0.06808405
0.062061846
0.0649537
0.06569194
0.066621296
0.06554371
0.06569533
0.06644519
0.06262627
0.060813833
0.058300138
0.057972867
0.059642803
0.060120516
0.06193333
0.059202015
0.05736836
0.06132715
0.061725363
0.06313717
0.060036458
0.061521824
0.06324302
0.06117513
0.058864184
0.057084836
0.055570286
0.05581893
0.05759312
0.059542313
0.059434704
0.0592819
0.06081311
0.060798604
0.06109441
0.05959902
0.059934907
0.06354524
0.064383425
0.06382536
0.05970721
0.059467573
0.063276306
0.06316389
0.06304997
0.06136562
0.059208542
0.05665326
0.056401733
0.05800547
0.064126216
0.06385322
0.0650778
0.06053852
0.06197252
0.06266508
0.06449969
0.06532475
0.064147525
0.06176287
0.0588225
0.057800103
0.06150005
0.06304761
0.065059915
0.06412921
0.06234814
0.060349446
0.058788523
0.059085716
0.06128189
0.06382818
0.065329164
0.06727706
0.064655505
0.06327313
0.058474522
0.060050547
0.05987281
0.06289935
0.06449111
0.06445797
0.06456609
0.06340726
0.06427226
0.06269554
0.061521202
0.062086184
0.060078323
0.06253703
0.061311547
0.06357569
0.061203685
0.061789706
0.06171697
0.06118901
0.059942693
0.06373153
0.062120996
0.0637637
0.059227314
0.06844104
0.06983975
0.07009118
0.06399473
0.06244869
0.06287257
0.0625165
0.061964583
0.06441587
0.06412513
0.067022644
0.0674421
0.06876092
0.066937
0.06589455
0.06547916
0.06715692
0.06669471
0.06600498
0.064470716
0.06297588
0.061529882
0.06004708
0.062848605
0.06315047
0.06813949
0.06594372
0.06886771
0.064975835
0.064883195
0.064304575
0.0621392
0.06414723
0.06682555
0.067633286
0.067706786
0.063885406
0.06524389
0.06295457
0.0632025
0.06269058
0.0648932
0.067143485
0.06851442
0.06737492
0.06655682
0.0658575
0.06530294
0.06599643
0.06446633
0.06326216
0.062028132
0.065849535
0.066166
0.065696165
0.06261385
0.06271632
0.06343674
0.06514996
0.06693185
0.066976756
0.06842296
0.06987636
0.072335534
0.07016469
0.06713811
0.063944966
0.06243172
0.064167775
0.062206063
0.06368936
0.06724952
0.07081175
0.07028446
0.06728255
0.06921872
0.06764331
0.06584914
0.060034942
0.06256379
0.06643623
0.068579525
0.071515724
0.06835493
0.067059144
0.06221298
0.06291479
0.064834125
0.06633436
0.06936705
0.069315866
0.072407246
0.07227047
0.07396022
0.0699615
0.06617712
0.06755323
0.07126442
0.07186217
0.06899431
0.06628986
0.0657755
0.06493232
0.06577076
0.064376995
0.064265944
0.063449435
0.064804815
0.06582111
0.06548806
0.06408393
0.06632611
0.066059865
0.06632406
0.06333418
0.06334645
0.064598925
0.0649652
0.06462831
0.06395961
0.063070685
0.06580637
0.0674851
0.0696523
0.06704654
0.067090645
0.06599263
0.06631602
0.06832232
0.067141786
0.06909755
0.06972147
0.07028703
0.07089892
0.06759332
0.06825949
0.06555841
0.06499287
0.06546741
0.069376074
0.068914615
0.06749003
0.06670574
0.07207411
0.07497092
0.07244307
0.06986976
0.067831226
0.06822296
0.0666354
0.068462595
0.07055062
0.070530154
0.06861441
0.06719051
0.06527798
0.062528506
0.06536057
0.06384501
0.067733586
0.061261643
0.06503956
0.0628865
0.065193325
0.062889405
0.06334817
0.065992326
0.06732674
0.066788554
0.06611161
0.06594422
0.06695286
0.06654852
0.06740179
0.07079287
0.06794208
0.06968744
0.06358875
0.06583282
0.065300204
0.06856579
0.06722866
0.064988844
0.062386468
0.06268823
0.06371464
0.0632685
0.06279787
0.060133517
0.06434067
0.06610018
0.06809703
0.065841645
0.06405888
0.061991055
0.061596673
0.06141345
0.0632979
0.0629
0.06479866
0.06602835
0.06401077
0.066302516
0.066822484
0.06983136
0.06557217
0.065476805
0.06526481
0.06579629
0.06639344
0.06640611
0.066054985
0.06365089
0.06664083
0.06796468
0.0671796
0.06355119
0.061387364
0.06066261
0.06130198
0.06488114
0.06635824
0.067373194
0.06459208
0.06283076
0.060536213
0.06511739
0.068164855
0.06694114
0.06198108
0.0641881
0.066484556
0.067591146
0.064089954
0.06390685
0.06276875
0.061634585
0.062431812
0.062229294
0.061173283
0.061999187
0.06202081
0.06720384
0.06805822
0.072207384
0.06879872
0.06747194
0.06453048
0.06407101
0.06191361
0.061341584
0.06305531
0.06212394
0.06424406
0.06385709
0.06783143
0.06286617
0.062786944
0.05907697
0.06339768
0.061053906
0.06336033
0.064652935
0.07015588
0.06894829
0.06501799
0.06285632
0.060914468
0.064324394
0.06350617
0.067208715
0.06772176
0.06475019
0.064331435
0.06456919
0.06766903
0.066967085
0.06783137
0.06599122
0.06564865
0.06191408
0.062003154
0.061259393
0.063098274
0.06368157
0.06415207
0.064484484
0.06754097
0.06753308
0.06691603
0.06697165
0.06620214
0.06725274
0.06805161
0.07025156
0.069915205
0.06896246
0.06631404
0.067144185
0.06666491
0.0684631
0.067825325
0.068817474
0.070537254
0.070683904
0.06759615
0.07042116
0.07382831
0.07317128
0.06851603
0.061479863
0.06469608
0.06531183
0.06583187
0.062172294
0.06532999
0.065655485
0.070794076
0.069877066
0.0719555
0.067061536
0.06707043
0.06545487
0.06384191
0.058830995
0.058743287
0.06212445
0.063115574
0.061627824
0.059341755
0.06061093
0.062153354
0.06622602
0.0651925
0.06718866
0.065604284
0.06728822
0.06499641
0.06547579
0.06838584
0.06807966
0.06776375
0.06471792
0.06483094
0.062852964
0.060972396
0.060413774
0.060790956
0.061310142
0.06496495
0.06577599
0.068879426
0.06536622
0.067049325
0.06829559
0.07405448
0.06877265
0.065112896
0.06035303
0.06491189
0.06642883
0.06708254
0.06704744
0.06827288
0.07050265
0.071778424
0.07000886
0.06947678
0.070362136
0.07174195
0.074289754
0.07437715
0.073425554
0.071512476
0.07219233
0.07192983
0.07029547
0.06749651
0.06780876
0.06977559
0.07275135
0.069853716
0.067393
0.06372152
0.063655704
0.06377342
0.060833946
0.062021293
0.062780686
0.06758061
0.06943313
0.07374926
0.077241525
0.07591849
0.07064179
0.066532336
0.06914276
0.07371197
0.07412043
0.07339047
0.07119624
0.07104269
0.07125166
0.07127634
0.07039973
0.07619655
0.07648882
0.076994285
0.07568104
0.074557796
0.074796714
0.06990815
0.069369465
0.066618815
0.070356965
0.076730624
0.079934336
0.080656394
0.075127006
0.0785975
0.07724847
0.07844475
0.07901674
0.0769436
0.077981144
0.07613874
0.07673888
0.07717569
0.07467961
0.07522434
0.07511663
0.076370895
0.075184405
0.07390206
0.0762692
0.07847262
0.07989243
0.076881446
0.07321791
0.07088349
0.06754327
0.06914273
0.06604319
0.06825561
0.06810257
0.07076302
0.073980264
0.07379381
0.07272532
0.072988234
0.0742541
0.07679219
0.07641147
0.07388227
0.07252454
0.07059032
0.07349682
0.07147904
0.07197712
0.07013605
0.07199355
0.072294936
0.077850476
0.07810428
0.08097288
0.0823239
0.07953276
0.078031585
0.0731671
0.07750028
0.07600259
0.07722422
0.07586238
0.07358024
0.071712725
0.069520965
0.070857346
0.07186389
0.07519451
0.07265245
0.07172146
0.06749518
0.06955798
0.06769448
0.069847174
0.07122243
0.077430315
0.076703615
0.07229709
0.069567576
0.07318932
0.0790666
0.0758505
0.07647684
0.077232
0.07970158
0.0754318
0.07271656
0.069051825
0.07491758
0.07886897
0.08436593
0.07999639
0.07889198
0.07428038
0.07598267
0.07465967
0.0767657
0.07934664
0.07974883
0.081087895
0.07936129
0.0802706
0.07749364
0.08310726
0.08247024
0.08223715
0.07700189
0.07114584
0.07386742
0.0729725
0.076644845
0.07629256
0.073976114
0.07499585
0.07273052
0.07335269
0.07245487
0.07087344
0.07210123
0.07068874
0.07359033
0.0726666
0.07452906
0.07192484
0.07085717
0.07265809
0.07696503
0.080326855
0.07916637
0.0766149
0.07393482
0.07556308
0.07346757
0.07244125
0.06784934
0.06986265
0.07033156
0.072161786
0.07320341
0.07198744
0.07085351
0.07159718
0.07222969
0.07510344
0.07370332
0.07631638
0.0782852
0.076107755
0.074752875
0.07121877
0.07194435
0.07112261
0.06956069
0.07355885
0.07410396
0.07429913
0.07099477
0.070134
0.07606376
0.075997055
0.07767988
0.07416813
0.073848605
0.07436396
0.07293745
0.07747672
0.07696741
0.076166846
0.073636994
0.07349925
0.07335768
0.07211914
0.07003716
0.07477443
0.07334439
0.07223348
0.06895424
0.072126165
0.07146711
0.070316166
0.0685052
0.0694798
0.06858995
0.06661091
0.06606271
0.06458167
0.062962264
0.06618411
0.06643129
0.07220462
0.07050097
0.071762756
0.06646205
0.06636337
0.06980432
0.068641245
0.071219005
0.068492636
0.07034382
0.06497154
0.06565484
0.06658645
0.07021712
0.06569477
0.06568955
0.063889064
0.06425462
0.067323506
0.065715834
0.06483041
0.06132175
0.06260567
0.06542348
0.065310486
0.07712575
0.07750212
0.07548716
0.06676565
0.063421324
0.06600397
0.06682778
0.07014583
0.071409695
0.064126454
0.06184689
0.05991826
0.06615422
0.069955416
0.07078726
0.06576101
0.06495572
0.059425667
0.062465534
0.06361506
0.066559866
0.0633214
0.060765933
0.06260873
0.06617494
0.06625882
0.0664691
0.06534379
0.06573347
0.06383138
0.06521213
0.06454653
0.0636928
0.06322688
0.06287064
0.06591603
0.06770721
0.066242956
0.06455201
0.06331843
0.06559074
0.06666841
0.06626921
0.070877455
0.07151175
0.06980976
0.06391294
0.059489693
0.058791745
0.05962658
0.061581165
0.06159048
0.05869311
0.06286799
0.06662036
0.06850862
0.06581996
0.062626585
0.06616331
0.06387885
0.06638966
0.06619074
0.068976775
0.06579824
0.0626034
0.06556767
0.0661581
0.06839522
0.06509596
0.06568597
0.06647849
0.06606067
0.06550658
0.061359033
0.065112375
0.067803785
0.06866272
0.06825335
0.0669966
0.076255955
0.074775204
0.07186335
0.06333905
0.062816456
0.06800479
0.07203801
0.07135857
0.06743188
0.065420255
0.06652523
0.06876521
0.069177605
0.07299576
0.07316428
0.07121234
0.06855738
0.06819686
0.07111567
0.07076503
0.06999526
0.06917838
0.070425645
0.06820969
0.065526925
0.06120613
0.067082785
0.06841474
0.069882765
0.06615421
0.065510854
0.0664442
0.07087845
0.071608335
0.067369945
0.062010102
0.06174805
0.06536298
0.06758915
0.06769785
0.06564765
0.06780205
0.070703834
0.076793246
0.074210584
0.07252815
0.06851734
0.06987779
0.07110612
0.07021361
0.06896618
0.0698065
0.07340128
0.07337214
0.07186001
0.06884348
0.06999357
0.0704771
0.07256792
0.07458918
0.070614465
0.07067241
0.06820847
0.07066355
0.07128824
0.07387245
0.075813875
0.0747233
0.07220719
0.06903053
0.06619426
0.06343037
0.06907048
0.072401345
0.07650549
0.075000264
0.07518817
0.0736494
0.07514381
0.075188674
0.07595256
0.0711424
0.06801942
0.06391404
0.0649063
0.06650737
0.072421946
0.07291867
0.07629861
0.07119583
0.07121373
0.06908272
0.070725895
0.07155181
0.0703664
0.070115626
0.06778013
0.065841265
0.071642295
0.07131925
0.07439217
0.07230274
0.074843235
0.0736372
0.072490565
0.07189979
0.07537361
0.075496
0.07658292
0.07383806
0.074558005
0.07309311
0.07230686
0.07067241
0.071298525
0.07581039
0.07786303
0.07594631
0.06935638
0.06304906
0.06898701
0.07293376
0.07701405
0.07526553
0.07188579
0.071487546
0.07453617
0.08319216
0.08240295
0.07573111
0.06721326
0.06625872
0.06284764
0.063954465
0.06473512
0.07142729
0.06917089
0.07144526
0.06806567
0.074348055
0.06783489
0.06967938
0.06573645
0.06876642
0.068646036
0.06658732
0.06859864
0.06702161
0.07042215
0.07095738
0.07420085
0.071760885
0.07205179
0.07283852
0.07321853
0.075912826
0.07653404
0.07660929
0.073810324
0.07033485
0.071858644
0.0712769
0.06934698
0.06837226
0.06341438
0.06289034
0.06401012
0.07007012
0.073390774
0.07421873
0.07188041
0.068206295
0.07065777
0.06951122
0.073716216
0.07209123
0.07705347
0.073310055
0.07016254
0.067245185
0.07114738
0.074098855
0.07617287
0.076379836
0.07312831
0.06954272
0.06393539
0.06790411
0.07184504
0.073468335
0.06983074
0.07144641
0.07119697
0.07053254
0.06826513
0.07130602
0.073568955
0.074146695
0.07327814
0.06956831
0.08212956
0.07913173
0.083483085
0.069907814
0.072041266
0.07410867
0.07241364
0.07271644
0.071495816
0.07393086
0.07586605
0.07324597
0.069252655
0.06763789
0.068986244
0.07390167
0.074358255
0.071909666
0.07042008
0.069532536
0.06875852
0.06804177
0.0689679
0.07119621
0.07268728
0.071974136
0.075116195
0.072536364
0.07155203
0.071180545
0.07393967
0.07656063
0.07379835
0.071064614
0.07150194
0.07413429
0.072139926
0.06858257
0.06673248
0.067322284
0.072547406
0.073571265
0.07710577
0.07584482
0.07776357
0.073977225
0.06992984
0.069475
0.075758345
0.08133859
0.07691917
0.07297007
0.0714575
0.06967548
0.073040456
0.06752367
0.07049563
0.06491596
0.06930777
0.06719439
0.067175634
0.067408174
0.071422175
0.07414448
0.07327417
0.07513069
0.07217781
0.069926225
0.06852605
0.07265811
0.072861895
0.06853731
0.06515882
0.066203885
0.06654598
0.07307642
0.07158349
0.072966985
0.072250605
0.07441004
0.074944824
0.07143212
0.072047874
0.06785153
0.066877164
0.0671864
0.073507585
0.07174991
0.06792321
0.060418475
0.062440883
0.065327615
0.06612366
0.06702294
0.06612618
0.072222136
0.073238835
0.07040147
0.07014551
0.063795775
0.064345516
0.059674613
0.064630546
0.068413965
0.07189902
0.07203627
0.06871932
0.06541358
0.06388207
0.06445699
0.068307266
0.07009903
0.06847553
0.06517123
0.0634812
0.06561882
0.06679352
0.06601175
0.064219914
0.06426214
0.062380616
0.060712315
0.060569745
0.0590225
0.05997469
0.063214295
0.063986786
0.06374315
0.061374467
0.060516782
0.05940024
0.060939655
0.06044542
0.062647834
0.062300198
0.063226536
0.06206388
0.06407327
0.066840746
0.06702451
0.06559157
0.06660662
0.0674915
0.07063422
0.06935908
0.06749804
0.06284237
0.060681786
0.06292932
0.065255485
0.06285155
0.06287153
0.06203786
0.06412853
0.061372567
0.06335804
0.066368856
0.07150922
0.07265808
0.07132064
0.06944788
0.06823451
0.074213214
0.07088043
0.074739315
0.070481166
0.07361807
0.06974799
0.06488787
0.060785316
0.06186941
0.06065386
0.06402318
0.06322197
0.062071167
0.062819086
0.06794333
0.06929047
0.06754914
0.06580737
0.066336244
0.06647435
0.06983314
0.06981299
0.0655997
0.065881066
0.060809866
0.06837242
0.07336984
0.070028864
0.065423444
0.06624706
0.06688064
0.065765366
0.06330149
0.06670727
0.06746801
0.070059195
0.06462232
0.07124154
0.06463467
0.066752195
0.067066714
0.071050934
0.070291445
0.06656438
0.062819794
0.066665836
0.06754783
0.07216451
0.06690219
0.06415724
0.06147768
0.06332938
0.06479919
0.07125173
0.0727203
0.06779981
0.07015175
0.06581205
0.066570036
0.06640125
0.072195195
0.07548849
0.07418079
0.07577221
0.071043685
0.068911165
0.06332136
0.06440947
0.06565895
0.065851115
0.066901244
0.06378255
0.061341785
0.06430122
0.06980514
0.072461255
0.07569724
0.070890345
0.06969121
0.069373146
0.06983808
0.069149196
0.070757486
0.07245283
0.07659393
0.0736488
0.07262685
0.07136776
0.06964982
0.07038929
0.07082481
0.07521295
0.07241942
0.07048889
0.06610053
0.06879327
0.070973285
0.0710097
0.0732469
0.069812715
0.07220011
0.07037676
0.07379676
0.07253638
0.07288142
0.07261259
0.0718639
0.0714126
0.06506088
0.06761887
0.06854306
0.07356016
0.07461127
0.072486825
0.07661157
0.0716506
0.07648756
0.07326725
0.07926873
0.07038653
0.07177992
0.07204584
0.07711585
0.071231395
0.07053261
0.06661392
0.07142155
0.075434804
0.07845794
0.08044568
0.082663216
0.076970614
0.0723727
0.06708209
0.06702785
0.071717165
0.07440211
0.07467063
0.07031449
0.07161651
0.0732167
0.07719428
0.073481165
0.074717656
0.07089141
0.06933393
0.07234003
0.07177898
0.07642495
0.07885742
0.0785058
0.07759439
0.07503638
0.06857111
0.068538345
0.06817517
0.06932949
0.07210032
0.07653361
0.07442065
0.07461131
0.079414934
0.082601465
0.081788175
0.07470242
0.07227331
0.069584675
0.072137065
0.074339144
0.07390292
0.07262075
0.073507085
0.074629426
0.07808016
0.07528927
0.073820755
0.072497934
0.07557961
0.07718642
0.07784367
0.08203158
0.08513178
0.08262861
0.08010623
0.074769944
0.074206196
0.07645415
0.081090294
0.08775947
0.086244896
0.091077335
0.086566634
0.083736286
0.07676794
0.08498002
0.08929641
0.093480095
0.08945352
0.08330325
0.078034006
0.070717975
0.07012967
0.07206296
0.072356574
0.07117479
0.07630696
0.07555755
0.090029106
0.08110683
0.09235238
0.080752425
0.083157845
0.07578078
0.07290917
0.07290939
0.071023166
0.07090928
0.07093928
0.07126477
0.07209845
0.0707163
0.071974985
0.07212258
0.07109623
0.07855119
0.07923633
0.08887681
0.08419906
0.08764259
0.08725021
0.09107965
0.089970924
0.089343235
0.08534442
0.08704728
0.08366036
0.09489288
0.08863763
0.089004606
0.0802067
0.07968767
0.08643492
0.08907592
0.0909704
0.081296384
0.07618152
0.07810019
0.08015049
0.08390984
0.08541631
0.08491374
0.0843052
0.0874272
0.08906532
0.086146414
0.086503245
0.0901662
0.09167323
0.08188412
0.08238898
0.08090105
0.087286115
0.07843731
0.08077331
0.08194048
0.08969792
0.08823173
0.09053639
0.09371618
0.10137289
0.095764324
0.095184654
0.09149497
0.09659722
0.09321908
0.090224214
0.09255298
0.09174603
0.09960664
0.09372504
0.095633544
0.08866279
0.08831716
0.08440221
0.08891963
0.092052415
0.089868255
0.085497126
0.0853803
0.09135354
0.096712425
0.09249296
0.09262539
0.087862596
0.09150058
0.09202314
0.092779785
0.089726575
0.08339766
0.08609875
0.08859822
0.091924176
0.08618766
0.09102619
0.0912219
0.10012097
0.095725745
0.1011343
0.09610452
0.093304604
0.08750231
0.08052851
0.084112175
0.086117364
0.08644627
0.080596484
0.080033705
0.07885428
0.08324743
0.07950311
0.080095574
0.08022198
0.08264374
0.07620801
0.073456936
0.073573105
0.07199121
0.07340043
0.073314965
0.073574476
0.07362086
0.07161878
0.07229252
0.07412248
0.07118145
0.07535716
0.07639714
0.07643778
0.08097766
0.080037646
0.07797386
0.0737966
0.073325455
0.07388864
0.0768626
0.08188046
0.08341763
0.08222816
0.07727965
0.076180845
0.07752306
0.081887536
0.083195895
0.07958733
0.075181894
0.076545715
0.075752
0.07538748
0.0788998
0.08270401
0.08330124
0.08680746
0.07938078
0.07463559
0.06916272
0.06762577
0.07065832
0.07452587
0.08131134
0.075494796
0.07414916
0.068817824
0.063765734
0.06400156
0.06448042
0.06672055
0.07216725
0.07205551
0.069562554
0.068352245
0.06445667
0.06357002
0.06486411
0.06790105
0.06859924
0.07201435
0.070186846
0.076038636
0.077997275
0.0833253
0.09038564
0.08329106
0.07310356
0.06927133
0.06439189
0.06268872
0.0648337
0.06602617
0.06766198
0.06796482
0.06554153
0.06672232
0.06934033
0.07046598
0.069121435
0.06995302
0.06801811
0.061824568
0.061800443
0.063100114
0.06446425
0.06527951
0.068474226
0.06977469
0.066525534
0.067381
0.06750893
0.06438327
0.060713712
0.065989845
0.062023684
0.06672818
0.06798689
0.067892976
0.06493974
0.06813575
0.06472254
0.06460779
0.06891152
0.071281865
0.06831048
0.06587905
0.063992426
0.057133783
0.056025784
0.05756038
0.05680064
0.05843516
0.06931855
0.067887545
0.06817934
0.069468126
0.07220506
0.06070067
0.059975658
0.05802183
0.05603447
0.05352926
0.06579233
0.06945006
0.0720072
0.07581167
0.07801222
0.06782743
0.06339835
0.06021655
0.058659337
0.05506584
0.05102603
0.049709577
0.049689032
0.048915014
0.046272136
0.0471357
0.049711857
0.052489
0.051483966
0.050499287
0.05196116
0.051975515
0.0536421
0.053264424
0.05106546
0.0538203
0.053906158
0.055463586
0.053094562
0.05181283
0.05345905
0.0543338
0.05340513
0.05568886
0.056418024
0.05592018
0.05467304
0.05427361
0.054684214
0.05327506
0.052391697
0.052062396
0.04986627
0.049692523
0.048774574
0.04912107
0.050617103
0.050180733
0.050352454
0.05200974
0.05617685
0.05948789
0.055628918
0.057339717
0.05712176
0.05532259
0.05393022
0.051538963
0.05268334
0.052060917
0.052270006
0.05335377
0.054094873
0.053530317
0.052209523
0.05157335
0.052613564
0.05144568
0.050675735
0.04842691
0.048463497
0.0472574
0.04853863
0.047686283
0.047688287
0.047774177
0.048246957
0.049382225
0.049555562
0.049372323
0.048796996
0.04966097
0.050889123
0.05256549
0.05117933
0.052776404
0.051334277
0.053384878
0.054030057
0.053161196
0.051673103
0.053933986
0.055205207
0.057604913
0.056376852
0.055499617
0.05819431
0.058756422
0.05644692
0.05798894
0.058151323
0.056428146
0.056228198
0.057078246
0.05845424
0.05830861
0.058485616
0.056779955
0.057856586
0.058763452
0.057985697
0.056928318
0.058484994
0.058072574
0.058133025
0.05664571
0.05791194
0.059433203
0.06191891
0.06075585
0.060381614
0.060946893
0.057234023
0.05487216
0.05321036
0.053458404
0.054468002
0.055055805
0.05807255
0.061719146
0.060506374
0.06106959
0.05834144
0.06479202
0.0632899
0.063458845
0.063103534
0.065381736
0.059634723
0.059768014
0.05909357
0.059177365
0.05891453
0.0579914
0.059580036
0.059485
0.0579126
0.060767833
0.060231734
0.058666892
0.054939236
0.054927487
0.055411033
0.05542863
0.05616451
0.055254433
0.054721557
0.05778486
0.059801437
0.05844054
0.060627945
0.061012976
0.060750708
0.060857568
0.06351465
0.06120867
0.0594383
0.060458656
0.059182063
0.059236478
0.058647037
0.06253049
0.0587223
0.05872496
0.059048895
0.062436048
0.0602179
0.061224125
0.06212523
0.063423865
0.059665065
0.06509096
0.06660591
0.06595577
0.062491935
0.06086677
0.061836213
0.059203934
0.059055537
0.059640937
0.061394002
0.062151484
0.061304394
0.06113248
0.061992288
0.061513387
0.065866195
0.063671835
0.06954603
0.070011534
0.070963666
0.06993846
0.07184296
0.066207215
0.06633078
0.0656415
0.062558234
0.06083796
0.060179364
0.0627672
0.06213566
0.06174486
0.06304948
0.06565575
0.06262101
0.06320479
0.064505994
0.06478763
0.06677808
0.0665338
0.070434
0.06952522
0.06893084
0.06559612
0.068290964
0.06460845
0.06524146
0.06129955
0.061176986
0.060936812
0.06064823
0.060459703
0.06311908
0.061505042
0.059407268
0.061417643
0.060913622
0.06216613
0.063935995
0.068129934
0.06707413
0.06480819
0.06297568
0.06492602
0.06533694
0.066703126
0.06636994
0.06817723
0.06909332
0.07095235
0.07313832
0.07375249
0.0727741
0.06773813
0.06555459
0.06237349
0.06214766
0.06310878
0.06588683
0.06431255
0.06490785
0.062535256
0.062102128
0.062315147
0.06185867
0.060656168
0.061085623
0.062098995
0.058771666
0.059053786
0.057163198
0.057514865
0.056733854
0.053723823
0.054298133
0.05696831
0.05541973
0.056886554
0.056571964
0.058928747
0.06349132
0.063466534
0.06369556
0.05960867
0.058513753
0.058941808
0.059432764
0.059380583
0.058193725
0.05992758
0.06084273
0.06178474
0.061753243
0.058535278
0.05943508
0.057226297
0.057328943
0.058176488
0.05880927
0.05990584
0.05814633
0.057458837
0.060018234
0.061247934
0.059632525
0.05704752
0.054630175
0.058020104
0.057777144
0.05661687
0.053485226
0.052300334
0.05630152
0.05666302
0.056189172
0.056624543
0.05740015
0.05946962
0.06253138
0.06019434
0.05990667
0.060857676
0.05825499
0.05661114
0.056834396
0.056224957
0.05580483
0.05617375
0.055924583
0.05844516
0.06035666
0.060443174
0.0607028
0.059178732
0.06027255
0.061091043
0.061350387
0.06216879
0.06319134
0.06609597
0.065306686
0.063265525
0.06358858
0.06298132
0.06297003
0.060968153
0.061129075
0.06278186
0.063347764
0.06321903
0.063285574
0.060829073
0.061094012
0.06149204
0.05855034
0.059291467
0.058931544
0.058982078
0.060473315
0.062493574
0.061798617
0.06477149
0.064180195
0.0628874
0.06403381
0.06390711
0.06132194
0.06243631
0.058850825
0.060527347
0.063525386
0.062313564
0.06239143
0.064609125
0.06713127
0.06386151
0.062814236
0.062823206
0.06278397
0.06376635
0.06152912
0.061433688
0.06266607
0.063281216
0.061535306
0.062605456
0.06303248
0.06701713
0.06717797
0.066545025
0.06737243
0.06771237
0.06634745
0.06797629
0.06944227
0.06957782
0.06857644
0.070386976
0.07088441
0.07190721
0.07133886
0.07268973
0.07259045
0.072153226
0.07055986
0.06821091
0.06883219
0.06925608
0.0700293
0.07419276
0.072875105
0.07300891
0.074767455
0.07234257
0.06999947
0.07297269
0.07261003
0.07517129
0.07155474
0.07396672
0.07056215
0.068990424
0.06851567
0.069529526
0.069079086
0.06816376
0.07008605
0.07228496
0.07654241
0.07961428
0.07886486
0.07999084
0.081034556
0.07590151
0.07668595
0.07798857
0.07669596
0.075407036
0.077455655
0.07610998
0.07509538
0.076097116
0.07541018
0.07266919
0.075770475
0.07557837
0.07704414
0.0797838
0.08411958
0.08234188
0.082861654
0.078321956
0.075153604
0.07176906
0.07107593
0.07230141
0.074143775
0.07033309
0.073545136
0.074106574
0.07389001
0.07402818
0.07796108
0.0794291
0.079176426
0.08042998
0.0838836
0.08494184
0.082338445
0.08241358
0.08000643
0.08013332
0.07796393
0.0762394
0.078245185
0.077159636
0.074214794
0.07643721
0.07819083
0.07686549
0.07995592
0.07860091
0.07969074
0.07407302
0.07337223
0.07364146
0.07222132
0.070604794
0.07171158
0.0749438
0.071828775
0.07328211
0.07587028
0.081041396
0.07889735
0.0807699
0.07704117
0.077932626
0.07735789
0.07687144
0.07885236
0.08071252
0.08078323
0.07643705
0.075179115
0.07302326
0.07296238
0.07214332
0.07330973
0.077496625
0.07546175
0.07692813
0.07716991
0.080634244
0.07680077
0.07437339
0.07542761
0.07659897
0.080683924
0.08240703
0.08226991
0.0825217
0.07994299
0.07898538
0.07700403
0.07612334
0.076938815
0.078307986
0.07574736
0.079258114
0.08261891
0.07792597
0.07780816
0.07779122
0.07597555
0.073192164
0.07452874
0.077132724
0.075817175
0.074414805
0.0765688
0.07451166
0.075386226
0.07457522
0.071370915
0.07206987
0.069012895
0.071937546
0.07237449
0.07169588
0.07439748
0.073495656
0.07605732
0.07764191
0.07876536
0.07818118
0.07658606
0.07683368
0.0764475
0.07654849
0.076155126
0.076699674
0.07755822
0.07890557
0.07965337
0.07604004
0.07678467
0.078927234
0.08137768
0.079892635
0.0851938
0.08354079
0.08503323
0.08276324
0.07922941
0.07964946
0.07829424
0.07630077
0.07344287
0.07838405
0.0798625
0.081309274
0.08368429
0.08246798
0.08170272
0.07864046
0.07741126
0.07864537
0.07924574
0.080623746
0.08314175
0.081451565
0.079410054
0.07985362
0.07645456
0.075885125
0.07420762
0.07423313
0.077706955
0.079408266
0.08028484
0.08224705
0.083733596
0.082406394
0.07647755
0.07605753
0.074036516
0.07196693
0.07107243
0.07301905
0.07563976
0.077306286
0.07677175
0.08168208
0.079055235
0.077195086
0.07936355
0.0804774
0.081273414
0.0829585
0.08496073
0.08659426
0.08086774
0.0827434
0.082249686
0.09323619
0.09878453
0.098341525
0.0966133
0.09594247
0.08704063
0.083778314
0.088680215
0.08684786
0.09338727
0.08855631
0.085444495
0.08357442
0.08679713
0.08401568
0.08642486
0.08800581
0.088628866
0.086740986
0.09068788
0.090312235
0.09342791
0.09313281
0.09513693
0.09193793
0.093944415
0.08990254
0.08926185
0.08887967
0.092729315
0.09147573
0.09351226
0.09311842
0.096164025
0.09180877
0.08872573
0.0890777
0.08873539
0.08402295
0.08792329
0.09575455
0.09460075
0.09606766
0.098625734
0.093975596
0.08558533
0.08800817
0.088884465
0.084531225
0.08277423
0.08735041
0.083327115
0.08564353
0.086037114
0.086629465
0.09085458
0.09155115
0.0946815
0.09369558
0.097758844
0.09063068
0.09272767
0.09068224
0.092972726
0.09609124
0.09685985
0.098198906
0.10034332
0.098381735
0.095288806
0.0987899
0.0959954
0.09557603
0.09366835
0.08853007
0.089640975
0.0920515
0.09535777
0.097189784
0.099346735
0.095498756
0.09548744
0.08882607
0.08690783
0.08926848
0.090520255
0.09282147
0.092078455
0.0941817
0.09525641
0.09611395
0.09383278
0.09642353
0.09630641
0.094036296
0.089842744
0.08598131
0.086088434
0.081426315
0.08044243
0.08086935
0.0831845
0.08873227
0.0889625
0.09318127
0.091845825
0.08859538
0.08415322
0.08554747
0.0839031
0.08404786
0.08629136
0.092930794
0.09773964
0.094859205
0.09596965
0.09191119
0.09162082
0.08834249
0.090554066
0.0881362
0.09051105
0.09567315
0.096863896
0.09898066
0.09941015
0.09788399
0.093430646
0.09473822
0.09080523
0.09206065
0.094819084
0.094872236
0.09015199
0.09149649
0.09252401
0.09401604
0.08941015
0.09285335
0.09586877
0.09447501
0.091864325
0.09588258
0.09351388
0.09241888
0.09095951
0.089980654
0.08739327
0.08439076
0.08245203
0.078597434
0.078233905
0.07874059
0.08067257
0.08060159
0.07997377
0.0816458
0.08460434
0.08303811
0.08239227
0.08662177
0.0845418
0.088279
0.08834936
0.0891524
0.092625305
0.095839836
0.09616905
0.095020115
0.09505179
0.09347382
0.095112614
0.0921657
0.09176647
0.093681335
0.08598531
0.08344268
0.0816929
0.08359626
0.088238254
0.09281191
0.09371284
0.0973982
0.09688882
0.09938042
0.09397872
0.096162245
0.095260575
0.090167
0.08645228
0.08616707
0.08833707
0.087241314
0.088069096
0.08802653
0.09495306
0.09577569
0.091279194
0.09140795
0.09092551
0.089247614
0.08840588
0.088487945
0.08833929
0.086504996
0.0851707
0.08471291
0.086327635
0.08907748
0.08678711
0.0833111
0.08652311
0.08767572
0.08997689
0.09004348
0.08619691
0.08835816
0.09294433
0.09278378
0.0904662
0.09051052
0.09185951
0.09374946
0.093332246
0.09163695
0.09241522
0.08834641
0.08455888
0.08091315
0.08203506
0.07865304
0.077530794
0.07690348
0.08178082
0.085590534
0.08776806
0.08713852
0.09073725
0.08959133
0.08716796
0.08198682
0.07964501
0.079676844
0.07929929
0.07971749
0.08260109
0.08251569
0.08675763
0.08810967
0.09135209
0.09376857
0.09352611
0.09462429
0.100088365
0.10483716
0.10202033
0.09605121
0.096447
0.10092206
0.09772096
0.09556029
0.096671306
0.10293142
0.10097613
0.095068015
0.08802064
0.088984914
0.08942899
0.088246875
0.086861536
0.08817619
0.08566735
0.09060749
0.09162586
0.09356334
0.0985216
0.10456991
0.10854746
0.10477479
0.1045137
0.10278913
0.09663147
0.09134531
0.09206565
0.09357385
0.0931901
0.09153115
0.09315464
0.09571539
0.09617151
0.09744904
0.09841769
0.09944304
0.099355444
0.10255262
0.10547417
0.101479806
0.10724621
0.10765273
0.113346
0.11116814
0.11602411
0.11834741
0.10620964
0.1069846
0.10585205
0.105631895
0.100446604
0.09770379
0.1010604
0.09923466
0.10347432
0.10390232
0.10809678
0.11381915
0.110522196
0.1162053
0.111322865
0.11187606
0.11109145
0.12222943
0.114616714
0.11556839
0.11405304
0.11423472
0.11074471
0.106229305
0.10769609
0.10791478
0.10228849
0.10381664
0.09857348
0.10677588
0.10514263
0.10847822
0.112328425
0.111730285
0.11601269
0.11105608
0.119046025
0.11765826
0.11859764
0.12033603
0.11978208
0.117924154
0.1128376
0.10701035
0.10367291
0.10869398
0.1134019
0.11724403
0.12620449
0.12540568
0.1303193
0.121229105
0.113159016
0.112239905
0.11924033
0.11895986
0.12078833
0.122445986
0.11946255
0.11644627
0.11834351
0.113718145
0.11481519
0.10984395
0.10818099
0.107960105
0.10678112
0.10828769
0.10927929
0.11406319
0.11642824
0.11930861
0.116451845
0.11791813
0.11253917
0.11170945
0.113515705
0.109999925
0.112705454
0.11535378
0.11561265
0.114937834
0.11037078
0.105957165
0.10972745
0.10578507
0.10618147
0.104579605
0.10571635
0.10667223
0.11048869
0.11654289
0.122339785
0.120525695
0.11764785
0.116627105
0.111716785
0.10831639
0.103783906
0.1062039
0.10662558
0.10877848
0.10821844
0.10913886
0.11127495
0.1096563
0.110703565
0.11076183
0.11237968
0.11179052
0.113008894
0.11507775
0.116057076
0.11624454
0.11769855
0.11947556
0.12563384
0.118193895
0.11653572
0.11626558
0.11121829
0.109137826
0.10685787
0.10692488
0.104487926
0.101896495
0.100889616
0.10473123
0.10949709
0.1094423
0.11117543
0.11587224
0.11613847
0.111449055
0.10886685
0.10967813
0.107584886
0.10885101
0.108293444
0.10548448
0.108919464
0.10732644
0.10432557
0.10388819
0.10299405
0.10366441
0.105153896
0.10441431
0.10973954
0.10962123
0.11052118
0.11172269
0.11269652
0.11399591
0.1140814
0.1151738
0.116091065
0.11628247
0.11871284
0.114199206
0.11037641
0.10965646
0.106318936
0.109545715
0.10941591
0.105658226
0.11190943
0.11572137
0.11933278
0.11626626
0.11250358
0.11283696
0.11696029
0.114269085
0.11689689
0.12186168
0.13092099
0.12939198
0.12242846
0.120327115
0.11598805
0.11000316
0.10352501
0.107845016
0.11378282
0.1136154
0.11662338
0.117715195
0.12001586
0.12221093
0.11975237
0.116994284
0.11785884
0.114700414
0.11461528
0.119072884
0.11714952
0.114032574
0.11455664
0.11302831
0.11276296
0.11380068
0.11407246
0.11337627
0.12273753
0.12353085
0.12620528
0.12859197
0.13467944
0.1398242
0.13374
0.1247947
0.123796985
0.11939115
0.117963746
0.11478489
0.11477301
0.11532641
0.12269844
0.12676112
0.1305496
0.13049026
0.13464253
0.14036915
0.14079349
0.14327025
0.15133268
0.15291445
0.1490452
0.14823407
0.14349228
0.14789559
0.1468142
0.162121
0.15548477
0.15940312
0.1617832
0.14906558
0.1457806
0.14041565
0.14386423
0.15238076
0.16096036
0.15897495
0.15843534
0.15650702
0.15202257
0.14246008
0.14009959
0.1437431
0.14382066
0.151418
0.14722165
0.14575604
0.14973706
0.14398424
0.15091361
0.15840833
0.15361054
0.14780942
0.14660221
0.1427041
0.14332813
0.1386021
0.13974768
0.13769387
0.13889177
0.1414767
0.1440773
0.1381345
0.14205053
0.14279263
0.14339976
0.14047109
0.13955507
0.13353446
0.13790606
0.13196908
0.1352974
0.13866705
0.14445168
0.15154696
0.14342304
0.14456114
0.14809385
0.14105263
0.14262992
0.13647436
0.13318688
0.14034478
0.13622382
0.13390799
0.140648
0.13923688
0.14535211
0.1528595
0.15398078
0.163497
0.16476865
0.16112694
0.15890215
0.15458299
0.1483301
0.14238785
0.13476865
0.13590692
0.14320263
0.14023583
0.14208008
0.13397554
0.13232481
0.1374373
0.13472793
0.13149229
0.12674195
0.12440439
0.12912424
0.132786
0.127955
0.12865081
0.120595366
0.12390568
0.12573783
0.123810366
0.119246304
0.12485816
0.12655959
0.12577347
0.1285711
0.12800087
0.13370535
0.13363822
0.12602292
0.12071342
0.11979974
0.11823496
0.11683073
0.117155395
0.113834426
0.116328515
0.11919452
0.12082817
0.12336363
0.12396888
0.12855776
0.12858441
0.12829617
0.12612988
0.1250911
0.120475195
0.123758696
0.12348793
0.120330796
0.12469266
0.12773654
0.12731667
0.12857892
0.12401283
0.12689722
0.12988378
0.12628908
0.13940917
0.13696377
0.14007859
0.14267296
0.14193676
0.13849676
0.1420947
0.13065676
0.13385533
0.13382488
0.13418512
0.13588153
0.13740505
0.13863444
0.13380645
0.13544755
0.13156322
0.13113545
0.13117522
0.12785769
0.12734781
0.12508526
0.12202861
0.12400166
0.12641351
0.13036524
0.1309572
0.1352219
0.12882616
0.1341023
0.13894053
0.1377405
0.13659188
0.13091603
0.12851536
0.1337469
0.12830073
0.12412344
0.12415227
0.11797305
0.11480829
0.1165694
0.12165731
0.123047225
0.12585159
0.12457458
0.12606359
0.13107142
0.14260219
0.14225815
0.1382102
0.13346195
0.13288003
0.13631228
0.13933676
0.13685209
0.1286274
0.12658317
0.12580279
0.12505718
0.12204929
0.12197355
0.11720703
0.11953327
0.11246295
0.11225699
0.11107312
0.112856455
0.11083251
0.11528437
0.11436893
0.11399869
0.10717764
0.10978756
0.10811765
0.110079244
0.10957994
0.10713554
0.107146144
0.107112356
0.10494523
0.10438135
0.108240806
0.111474775
0.11081297
0.11099026
0.112638526
0.11017996
0.11271096
0.11580373
0.11807913
0.119255245
0.123196274
0.12100566
0.11902158
0.11409712
0.117639095
0.114785574
0.11419923
0.11095305
0.1122677
0.1145758
0.113955274
0.11682982
0.1178608
0.114816315
0.13364789
0.13117032
0.13343477
0.13048309
0.12940007
0.12821433
0.13038482
0.13210955
0.1342426
0.13078508
0.12039372
0.12022795
0.11931428
0.116906784
0.121590234
0.11857056
0.120416194
0.124687225
0.12499539
0.12448769
0.12129657
0.120708086
0.12125908
0.12094362
0.121749565
0.116056025
0.1174988
0.11250252
0.11426351
0.113004185
0.11413964
0.11511653
0.11972428
0.11826854
0.11398671
0.11572663
0.11898341
0.11526128
0.117749624
0.118808284
0.118522935
0.116237685
0.11563458
0.1110776
0.11356321
0.11582148
0.11546415
0.111000694
0.1109322
0.11137996
0.110645264
0.11087192
0.111202
0.1172896
0.11846915
0.11807165
0.11671272
0.11549704
0.11547266
0.115541875
0.1153506
0.116367266
0.11574804
0.115772426
0.11271831
0.11542661
0.117786214
0.12022064
0.11872743
0.11914844
0.1201469
0.12226864
0.11939774
0.118993565
0.11773536
0.117991135
0.1237347
0.12272058
0.12330545
0.1277897
0.13522378
0.13640991
0.13868019
0.14363827
0.1497134
0.14879365
0.14232214
0.14303167
0.13819136
0.13642631
0.12789266
0.122784115
0.11831382
0.11587387
0.115085356
0.11799262
0.11798687
0.11499577
0.116647825
0.12087797
0.11994356
0.12287279
0.12445224
0.12975486
0.13364576
0.1396716
0.1408405
0.14070207
0.14543673
0.15012115
0.14853188
0.16557533
0.16410401
0.163394
0.15567994
0.15696213
0.1546162
0.1489687
0.14597194
0.14271961
0.14356294
0.13118544
0.13522892
0.1350649
0.13704626
0.13597496
0.13681112
0.14270142
0.14139742
0.13937683
0.13707067
0.13383113
0.13187544
0.12667495
0.12304667
0.12634677
0.12879047
0.12826417
0.12411457
0.11680605
0.118529975
0.11624931
0.117532566
0.1177718
0.11952885
0.12096977
0.119986884
0.11771716
0.11346274
0.11240611
0.1094289
0.107133776
0.106362306
0.1074038
0.104951635
0.10618022
0.104460925
0.10999492
0.10975813
0.10691164
0.10779884
0.11145077
0.11371657
0.11376622
0.11105305
0.11318885
0.11104289
0.11267032
0.113043115
0.114222474
0.11855105
0.120436765
0.11391941
0.113917224
0.120118976
0.11760241
0.11440162
0.11195009
0.1162317
0.119267724
0.11965692
0.12233277
0.12295507
0.122147955
0.120097555
0.12264144
0.11968754
0.12057921
0.1209705
0.115126766
0.12132748
0.1216449
0.12440194
0.11805577
0.1158859
0.11098943
0.11161624
0.1090834
0.11265498
0.114069514
0.11504871
0.11218955
0.11451289
0.11681582
0.11930629
0.11893435
0.12218418
0.12145303
0.13057168
0.13301076
0.13959849
0.13739924
0.14177632
0.1442081
0.14443587
0.15226386
0.15059169
0.14863165
0.1457303
0.14775506
0.14805555
0.15512231
0.14743039
0.14530301
0.14242841
0.14256231
0.14610903
0.14114831
0.13794173
0.13151628
0.13070974
0.13175368
0.13389403
0.13240921
0.13320987
0.12955788
0.12814452
0.13272502
0.13909219
0.14020552
0.14064357
0.13888125
0.14325105
0.15108514
0.15649545
0.16157912
0.1573096
0.1566724
0.15696135
0.15903048
0.16821018
0.16589469
0.16810946
0.17160884
0.17287062
0.17210479
0.17054117
0.16887006
0.16507567
0.16414885
0.17194517
0.17295194
0.17081316
0.17672053
0.17712595
0.17533308
0.18169503
0.17747585
0.18241139
0.1870179
0.19329302
0.19923869
0.19869915
0.20327102
0.21501894
0.2260013
0.23362762
0.26171908
0.27020812
0.28096807
0.2788933
0.27817082
0.275003
0.28465313
0.27035263
0.27257437
0.26527658
0.25343856
0.2524575
0.22916709
0.22850935
0.23522952
0.24065933
0.24898776
0.27663237
0.27445495
0.26055387
0.2574501
0.25771415
0.2647283
0.26602712
0.27964187
0.2780053
0.27520347
0.27286738
0.27033755
0.25626758
0.26890364
0.26472726
0.2685998
0.25994495
0.26327735
0.26893246
0.2624903
0.26468062
0.25731912
0.26436827
0.27391708
0.2756045
0.28366664
0.29258186
0.30229375
0.29390517
0.29975456
0.29709792
0.29801422
0.29711843
0.31458178
0.31429473
0.31408942
0.32211134
0.32392454
0.3181604
0.32032976
0.31179747
0.30880466
0.31070444
0.3188784
0.31040892
0.30507034
0.30848056
0.30860123
0.29563156
0.28527436
0.28804976
0.2881141
0.2964473
0.31005552
0.2955879
0.29477194
0.3032528
0.3180813
0.31955823
0.32424855
0.31824765
0.31894067
0.32991675
0.33521393
0.33634567
0.3502101
0.34015995
0.34945378
0.35322726
0.35420495
0.35451132
0.36841035
0.35213825
0.37986758
0.39551648
0.39276326
0.40182254
0.38039565
0.35030392
0.34901103
0.33130732
0.3412739
0.34430024
0.33703104
0.32878017
0.32476467
0.33319283
0.34282482
0.364072
0.37674034
0.40987262
0.46129623
0.4848102
0.54226977
0.5378363
0.54853356
0.59958476
0.6101793
0.6055284
0.56674165
0.5290298
0.5146645
0.496871
0.50006056
0.5147564
0.49081334
0.48097503
0.46623886
0.46229938
0.45703408
0.47886217
0.47564086
0.48445305
0.4940354
0.47740358
0.4827935
0.49029234
0.46648988
0.4448584
0.42868617
0.41399685
0.42817268
0.42822966
0.44416153
0.45277098
0.43369642
0.45412555
0.45245913
0.43197593
0.43281403
0.43297485
0.44236478
0.43870863
0.42558777
0.4318109
0.44002724
0.4540722
0.45402816
0.46205214
0.45869482
0.45155346
0.4370695
0.416063
0.41744328
0.42159754
0.41607475
0.4045567
0.39293855
0.385207
0.39125988
0.40257648
0.3967602
0.39778447
0.388796
0.39043948
0.38096353
0.38293883
0.3945558
0.4108095
0.41956374
0.41708046
0.4325081
0.42312774
0.41785622
0.41407314
0.41795
0.41692644
0.41692644
0.41692644
0.41692644
0.41692644
0.41692644
0.41692644
0.41692644
0.41692644
0.41692644
0.41692644
0.41692644
0.41692644
0.41692644
0.41692644
0.41692644
0.41692644
0.41692644
0.41692644
0.41692644
0.41692644
0.41692644
0.41692644
0.41692644
0.41692644
