214.87862
272.6202
127.797615
84.47241
63.050797
50.094093
41.510757
35.435493
30.695572
27.292097
24.488476
22.222778
20.45269
18.851818
17.490213
16.38603
15.43473
14.466829
13.733247
13.007532
12.369381
11.805574
11.338954
10.900161
10.486734
10.082435
9.6699705
9.402788
9.109273
8.833786
8.6013365
8.331474
8.123685
7.8755608
7.6562514
7.454179
7.3064265
7.173155
7.0448866
6.861508
6.738818
6.595732
6.473871
6.3282866
6.235046
6.1680965
6.0501432
5.9009147
5.772458
5.6950955
5.566872
5.4668922
5.3970413
5.328
5.226868
5.1108475
5.0779424
5.0355263
4.9530444
4.921223
4.828433
4.7927146
4.735767
4.6822014
4.6391616
4.5653954
4.493563
4.4666424
4.4125113
4.3448925
4.314071
4.301302
4.2589855
4.1956935
4.1523395
4.1389704
4.1273103
4.035189
4.028934
4.023152
3.9590092
4.040334
3.8993134
3.8557637
3.8045297
3.7745068
3.7497687
3.713333
3.6955273
3.6736467
3.6521633
3.6138
3.6103313
3.591238
3.5465834
3.5009985
3.5197604
3.4791033
3.4886222
3.431892
3.4439528
3.4548905
3.4004679
3.3734057
3.361364
3.3563988
3.3057847
3.2947602
3.3001053
3.2946608
3.2823555
3.2576475
3.2399416
3.215855
3.177906
3.1608586
3.1671295
3.1355042
3.1425936
3.1280043
3.1197314
3.1000466
3.0806723
3.0744946
3.0846434
3.0402527
3.0775945
3.0486484
3.0210264
3.006639
3.0020547
2.9921553
2.991203
2.983547
2.9427252
2.9318297
2.9210224
2.9200413
2.921163
2.9025252
2.8984394
2.9428399
2.907403
2.8560941
2.848755
2.8546872
2.8562768
2.836252
2.804806
2.7705355
2.7656782
2.7568161
2.7668808
2.761063
2.7424521
2.719758
2.7296534
2.7178319
2.7052064
2.6696742
2.6588457
2.666251
2.651584
2.6981678
2.6168222
2.6581995
2.6483603
2.6490538
2.63485
2.5891542
2.6299672
2.594723
2.622051
2.6098707
2.5997581
2.6044657
2.57787
2.5817182
2.5444508
2.558405
2.5380545
2.5353396
2.5153759
2.5504618
2.5258627
2.535426
2.5441754
2.5239527
2.4986434
2.5153391
2.533446
2.5414023
2.4905736
2.5145068
2.5081565
2.496184
2.4898515
2.4879167
2.4734051
2.4637861
2.4516966
2.45312
2.4573185
2.4742317
2.4336739
2.4500148
2.4411352
2.4233863
2.4354672
2.4504151
2.415684
2.382468
2.385757
2.3858418
2.3868556
2.3749092
2.360018
2.3541477
2.354956
2.3476834
2.341113
2.3213692
2.333089
2.3193855
2.3094397
2.30862
2.3215153
2.302193
2.2920334
2.3104994
2.3051987
2.2916088
2.2896707
2.3077695
2.2661686
2.2721066
2.2558348
2.2465112
2.244028
2.246962
2.238679
2.1977375
2.2406735
2.2246866
2.2195213
2.222904
2.2236826
2.228158
2.20122
2.202822
2.1843455
2.2018101
2.1934547
2.2133567
2.1718798
2.1761138
2.165247
2.1785758
2.1758754
2.1297092
2.1525693
2.1809185
2.144769
2.1754684
2.1492047
2.1479285
2.129921
2.1519496
2.147075
2.1727254
2.1249816
2.1508412
2.1416266
2.1493185
2.1438
2.1413262
2.1241639
2.1292121
2.1210325
2.1173291
2.1508033
2.1107552
2.0843592
2.086872
2.1029253
2.0818777
2.0931957
2.0685349
2.088171
2.0861576
2.09548
2.0655885
2.1042657
2.0669062
2.0786536
2.0675426
2.0665984
2.0909579
2.072519
2.0499306
2.0688128
2.0722342
2.0539725
2.0392277
2.0492074
2.0572875
2.0399303
2.0299382
2.0454748
2.056606
2.0548978
2.050055
2.0504825
2.0326862
2.0511477
2.0160937
2.0539184
2.0602741
2.0357685
2.0121608
2.050832
2.0499387
2.0184453
2.0561173
2.0373235
2.0212867
2.0055299
2.0191836
1.9904001
2.0126052
1.9771861
1.9613767
1.9759239
1.966798
1.9810209
1.9688206
1.9915289
1.9439865
1.9571347
1.9776559
1.9709312
1.9953015
1.9487312
1.9630542
1.9629501
1.9594349
1.9832015
1.9449974
1.9493052
1.9420729
1.9342054
1.9563044
1.9638633
1.9661791
1.9556916
1.9456314
1.9658523
1.959129
1.9515752
1.9617637
1.9254763
1.9308125
1.9366145
1.9248086
1.9629087
1.9400837
1.944239
1.9259346
1.9489853
1.9332712
1.9028453
1.9288476
1.921754
1.8995024
1.9104542
1.8982241
1.9126334
1.8983438
1.8947322
1.9008834
1.880798
1.8903913
1.8676051
1.8857851
1.876918
1.8576245
1.8696653
1.835151
1.8610959
1.8802054
1.8408968
1.8707193
1.8591914
1.8535584
1.8378329
1.8581488
1.8597994
1.862126
1.8569056
1.8669575
1.8659108
1.837347
1.8103793
1.8595518
1.8501593
1.8551188
1.8220999
1.8466803
1.8501945
1.8624296
1.8466989
1.85117
1.815433
1.8347988
1.8149076
1.8273516
1.8395274
1.8287126
1.8338197
1.8165997
1.7942668
1.8161494
1.8328885
1.8017597
1.8012922
1.8161219
1.8183824
1.7993443
1.78937
1.7777072
1.7818137
1.8027216
1.7926394
1.7772748
1.7932581
1.7911845
1.8168874
1.8071986
1.7798513
1.7907777
1.8251042
1.8013728
1.8289181
1.8132915
1.7809659
1.7798375
1.784585
1.8300908
1.7907361
1.8046272
1.7911545
1.7888871
1.7852855
1.7924306
1.7918618
1.7882838
1.7803929
1.7876655
1.7743047
1.7689767
1.7623055
1.7576195
1.7585096
1.7727189
1.7619302
1.7340313
1.7418658
1.760871
1.7519902
1.734699
1.7653522
1.762033
1.7430291
1.722274
1.7375913
1.758189
1.7519768
1.7679305
1.754022
1.7583754
1.7458957
1.7568133
1.7560242
1.7879692
1.7560672
1.7788209
1.7810354
1.7517892
1.7749735
1.7677125
1.7571801
1.7673911
1.758439
1.7786496
1.7320002
1.7759731
1.7803646
1.792998
1.7638271
1.7585788
1.7624269
1.7418388
1.7476709
1.7386847
1.7214005
1.7245933
1.7414004
1.7336767
1.7338594
1.7767867
1.7366415
1.7588602
1.7496853
1.7457157
1.7534031
1.734629
1.7337513
1.7321754
1.7609584
1.7541802
1.7388912
1.7621995
1.7721723
1.7520708
1.7444322
1.7727904
1.7626466
1.7707506
1.7820889
1.7605836
1.7942884
1.8029226
1.7802129
1.8039975
1.7906191
1.7915896
1.7644484
1.7914971
1.7851671
1.7478571
1.7896291
1.7953753
1.7791631
1.7886866
1.77585
1.7843238
1.7856675
1.7978274
1.7584403
1.7606918
1.7751087
1.7759194
1.7584236
1.7345558
1.7522199
1.7539175
1.7685353
1.771014
1.7805724
1.7560762
1.7698252
1.7631072
1.7825341
1.7509412
1.7733197
1.7684
1.7790478
1.7800125
1.7788466
1.7790077
1.7649348
1.7675817
1.7857448
1.792782
1.7949297
1.7640531
1.7782141
1.7808064
1.7620784
1.7876427
1.7871382
1.7805966
1.7743125
1.8018234
1.7774107
1.7729387
1.7702693
1.7475852
1.7753174
1.7968708
1.7482733
1.7736923
1.7709934
1.7858465
1.7822473
1.769896
1.7872204
1.7843081
1.7904965
1.801359
1.777165
1.7689974
1.7742965
1.7779977
1.7944465
1.8101302
1.7956458
1.7947958
1.785863
1.7732358
1.817072
1.8209577
1.7879083
1.8086519
1.7742875
1.7763671
1.781575
1.748759
1.7702782
1.7654263
1.7696338
1.7769649
1.7635169
1.7919014
1.765167
1.7664912
1.7643327
1.7868471
1.7909249
1.7841289
1.7677689
1.7784895
1.7683109
1.7774438
1.777764
1.7947905
1.7942773
1.7708005
1.7911603
1.7844684
1.7847774
1.7621667
1.7847255
1.7935895
1.7987964
1.7780057
1.7900975
1.7716025
1.7723262
1.7826189
1.7824126
1.7482784
1.7519165
1.7464565
1.7506369
1.7718428
1.7503258
1.7588513
1.7829926
1.7499217
1.7931967
1.7873211
1.7719067
1.7672204
1.7883073
1.7724264
1.7972292
1.774233
1.7994891
1.8034753
1.7837108
1.7848082
1.7793573
1.8032632
1.7936273
1.7834696
1.7739271
1.7884066
1.7523175
1.7798179
1.7593765
1.7779607
1.7830732
1.7579594
1.7456486
1.7583729
1.763807
1.7971376
1.7628685
1.7663713
1.7613907
1.7717131
1.7573295
1.7484734
1.760233
1.7925692
1.7833431
1.7780318
1.7593627
1.7583708
1.7745024
1.7478347
1.7267812
1.7523334
1.7334812
1.7455728
1.7375153
1.7787453
1.7645998
1.7690101
1.7421696
1.7465223
1.7371577
1.7614068
1.7412113
1.7658701
1.7765602
1.7459055
1.7642522
1.7706419
1.7587003
1.7980095
1.7865559
1.75222
1.7565985
1.7679182
1.757859
1.7685521
1.7545983
1.7475641
1.7525377
1.7638681
1.7599655
1.7761688
1.7521763
1.7700856
1.7638863
1.7529184
1.7809595
1.7549143
1.7655823
1.7666419
1.7619567
1.7578295
1.7695142
1.7472205
1.7497869
1.7156187
1.7228267
1.7300438
1.7218843
1.7188314
1.7315292
1.7331204
1.7260721
1.7353178
1.706582
1.7208232
1.7114704
1.7036715
1.7028185
1.7262596
1.7416234
1.7226975
1.7375892
1.7079577
1.7541431
1.7396572
1.7346765
1.7455132
1.7315344
1.7192899
1.7292107
1.7174819
1.7377189
1.758273
1.7419405
1.7499747
1.7270615
1.7492039
1.7532579
1.7609768
1.7148706
1.7285079
1.7379918
1.7268448
1.7348331
1.7525023
1.7450442
1.7372295
1.6741055
1.7276641
1.7430009
1.7292937
1.745841
1.7234681
1.7306961
1.7010224
1.6856441
1.7206173
1.7308939
1.7262497
1.7223911
1.7101995
1.752654
1.713909
1.7065754
1.6946398
1.7041173
1.7037593
1.7047751
1.6981483
1.7551007
1.7138945
1.7053219
1.6821429
1.7299063
1.7113813
1.6919494
1.70465
1.6927395
1.6988252
1.7049303
1.6939889
1.6731961
1.7052237
1.6677545
1.7088742
1.6852747
1.6840099
1.688207
1.6950681
1.6667852
1.6819745
1.654773
1.6815135
1.6946872
1.669952
1.6781578
1.6880609
1.6807581
1.6764854
1.6582587
1.6369945
1.6629314
1.6213982
1.6596961
1.6479727
1.6409334
1.6320757
1.665123
1.648436
1.6291599
1.6390051
1.6197269
1.6331774
1.609435
1.6397365
1.62894
1.6224366
1.6157001
1.609437
1.6082867
1.5726639
1.5967964
1.564872
1.5792332
1.5950398
1.6037823
1.5722744
1.5675141
1.5830511
1.5943265
1.5969136
1.5885252
1.6031854
1.5742445
1.5556023
1.5986528
1.587554
1.5741292
1.5644314
1.5808135
1.5488504
1.5637082
1.5292345
1.5484675
1.5343636
1.5561794
1.581405
1.5813524
1.5781211
1.5897937
1.5740973
1.5663799
1.5685265
1.5547858
1.56888
1.5691322
1.5859405
1.5779243
1.5763463
1.5769458
1.5958086
1.5695506
1.5949305
1.5716071
1.5569836
1.5281833
1.5575181
1.5626655
1.5502347
1.5413604
1.5230231
1.529976
1.5435044
1.5393658
1.5434889
1.5387404
1.5379745
1.5123477
1.5325174
1.5541639
1.5463834
1.5492935
1.5329555
1.521029
1.5250243
1.5347875
1.5270549
1.5072758
1.5215584
1.5138644
1.5014198
1.5127424
1.4775951
1.5020893
1.496922
1.4823879
1.4805635
1.4857336
1.4775462
1.5026922
1.4802676
1.4753298
1.4688311
1.4729494
1.5080357
1.4873601
1.4693216
1.452927
1.4733104
1.4624821
1.4581186
1.4745259
1.4682724
1.4697752
1.4645715
1.4720684
1.4432236
1.4569483
1.4377255
1.4439849
1.4194047
1.4245535
1.4382492
1.385309
1.4115411
1.4140648
1.434497
1.3909962
1.4149888
1.4270539
1.4172922
1.4180037
1.4097018
1.4058759
1.3989457
1.402674
1.3983171
1.3990016
1.3988612
1.3788042
1.3806943
1.3637123
1.3695396
1.3652794
1.3854243
1.3935237
1.3710994
1.3967676
1.3702904
1.3763528
1.3619295
1.3605324
1.349339
1.3742592
1.3378007
1.3742737
1.35643
1.3611281
1.3659239
1.3620657
1.3369958
1.3559479
1.3479298
1.3564105
1.327325
1.3361639
1.3327268
1.3433801
1.3450623
1.354979
1.3545619
1.3248237
1.3162826
1.3133566
1.320038
1.3137658
1.3115025
1.316406
1.3079319
1.3403484
1.3059742
1.3240418
1.2755231
1.3162882
1.2939892
1.28245
1.284348
1.2827269
1.2793485
1.2846555
1.2914345
1.2596025
1.261568
1.3020432
1.296478
1.2770231
1.2535491
1.278101
1.2961944
1.2737988
1.2576512
1.2551868
1.2791171
1.2653257
1.2816125
1.2482506
1.2720832
1.2692087
1.2512234
1.2728108
1.2579398
1.2540733
1.2611352
1.2401407
1.2475029
1.26585
1.2426555
1.2507166
1.2426678
1.2661331
1.2228936
1.2126147
1.210717
1.239655
1.2264729
1.2065597
1.2501936
1.209888
1.1843839
1.1954526
1.1978797
1.2028983
1.1951251
1.208536
1.2179227
1.2089765
1.1986915
1.1974963
1.1789517
1.1968987
1.1977184
1.1842011
1.1750361
1.1905196
1.1890402
1.1713176
1.1618161
1.1756854
1.1705773
1.1708528
1.1622453
1.1669592
1.1528735
1.1719142
1.1744246
1.1632864
1.1308877
1.1509486
1.1268883
1.1378416
1.1327072
1.1328328
1.1271636
1.134567
1.1172856
1.1137055
1.1318886
1.1240213
1.1163731
1.1165904
1.125422
1.1068208
1.1146675
1.1222192
1.110914
1.1491485
1.105839
1.1108322
1.1220263
1.0906278
1.1046544
1.1067932
1.0961834
1.1263229
1.1077442
1.0915406
1.1049584
1.1081936
1.1040606
1.1031754
1.1130297
1.0907464
1.1195891
1.1022269
1.10943
1.0810039
1.0814255
1.0776453
1.0974118
1.072067
1.0873388
1.0735309
1.0746777
1.0653195
1.0661285
1.0524864
1.0784123
1.0783908
1.0616503
1.0495925
1.0475993
1.0588157
1.0593389
1.0479038
1.0556456
1.0360835
1.037625
1.0588238
1.0541567
1.0519788
1.0539616
1.0464717
1.0233362
1.0314947
1.036931
1.0230504
1.0266815
1.0424283
1.0068816
1.0332333
1.0348612
1.0168633
1.0141648
1.0241994
1.0085089
1.0159088
1.0282125
1.0104114
1.0131599
1.0176507
1.0197442
1.0279236
0.994505
0.99919176
0.9824272
0.9999031
1.0153868
0.96993905
1.0246173
0.9995867
0.99520814
1.0176704
1.0057157
1.0076885
1.003421
1.0191947
1.0185132
1.0171536
0.9857599
1.0161046
1.0250064
0.9943022
0.9753058
0.99452746
1.0210009
1.0073775
0.9703769
1.003378
1.0025359
0.9812757
0.9974791
1.0069934
0.9952727
0.991058
0.9878913
0.9794133
0.99794286
0.9661247
0.9725552
0.9695926
0.9612152
0.95924014
0.9739529
0.94530517
0.96253544
0.97497076
0.9504543
0.94766426
0.9463267
0.9251498
0.9390323
0.9408372
0.93517077
0.9474518
0.93016267
0.9393634
0.91972786
0.93686783
0.9315754
0.9046217
0.91538423
0.9199342
0.92249537
0.9234476
0.94055617
0.90968114
0.92802817
0.9063994
0.91013354
0.9099234
0.9025707
0.91960347
0.9211225
0.9041463
0.92013985
0.9029368
0.93339366
0.91171837
0.892583
0.9046341
0.90128046
0.8986363
0.8838159
0.8875906
0.88667476
0.91360974
0.9047115
0.9022481
0.90213025
0.8928764
0.9125839
0.8982407
0.90341306
0.8862515
0.9152468
0.8951954
0.8880925
0.87309545
0.8641565
0.90524447
0.8716691
0.8788876
0.87652993
0.90675175
0.89586234
0.8786296
0.88808364
0.8870515
0.8509933
0.90496576
0.8606856
0.8614449
0.8789851
0.86718696
0.86172134
0.87522364
0.87538105
0.85765696
0.85986286
0.8600766
0.8616409
0.8695346
0.8588526
0.86616206
0.8721922
0.85690504
0.8597643
0.85644686
0.8531331
0.846436
0.8660576
0.8612353
0.84821117
0.87418044
0.8705521
0.86721545
0.86504394
0.85953
0.8522764
0.848121
0.8614128
0.8523184
0.87944365
0.8439192
0.8601582
0.8441695
0.83080584
0.82216936
0.8216265
0.83369803
0.83406484
0.832979
0.83175206
0.8228133
0.82703394
0.8280563
0.8320839
0.80385286
0.79645187
0.8029243
0.79784644
0.8221994
0.8172375
0.8215595
0.81457764
0.82721174
0.84029365
0.796749
0.81467324
0.8019571
0.8180635
0.8277046
0.8210988
0.7938239
0.80459046
0.8013056
0.81443614
0.8156199
0.8126425
0.80331886
0.81653935
0.80963373
0.77549785
0.80075353
0.7885716
0.81004035
0.7886023
0.78736615
0.8048893
0.784769
0.7769467
0.8063942
0.80068284
0.80281353
0.7763573
0.7989683
0.8038941
0.7850902
0.7896357
0.77971846
0.7970702
0.7495009
0.80016446
0.77355283
0.7744843
0.7945426
0.7806512
0.7808537
0.78303933
0.7740353
0.7834597
0.7876332
0.7628511
0.77524614
0.76534796
0.76051253
0.7649287
0.772209
0.7597378
0.7639871
0.7777777
0.7728621
0.78802997
0.7526685
0.7635957
0.7593313
0.7769743
0.74020165
0.78524673
0.77124155
0.7596212
0.7618934
0.7443074
0.78001916
0.7685591
0.7488133
0.7583117
0.74838
0.75365824
0.7475242
0.7430616
0.7531407
0.74016297
0.73797137
0.7236585
0.7341796
0.7413559
0.7217103
0.7338894
0.7355239
0.7337271
0.739735
0.75054795
0.72490686
0.74551296
0.75067276
0.7502601
0.7432726
0.7468077
0.73739505
0.73673314
0.7517694
0.7458403
0.73658675
0.74387735
0.7248655
0.7311094
0.7382674
0.73587906
0.73188263
0.74871767
0.7367892
0.72311443
0.7264042
0.70627415
0.73116654
0.7179035
0.71211964
0.7230379
0.73535675
0.7376604
0.70955217
0.7216302
0.7226716
0.7351688
0.7220248
0.70373935
0.7192328
0.70760435
0.713956
0.7100135
0.7083493
0.7187973
0.7069526
0.72097886
0.71080273
0.7086613
0.70651317
0.7408973
0.72656626
0.7170144
0.7249806
0.7302766
0.71959007
0.73166937
0.7127216
0.69061065
0.72611433
0.71250534
0.69153047
0.7108124
0.6938436
0.69452184
0.70221794
0.71219486
0.704689
0.7042973
0.7046389
0.6932882
0.6887963
0.6910726
0.707995
0.70411116
0.69352376
0.7009598
0.6887592
0.7104868
0.69247776
0.713329
0.6983665
0.6787302
0.6957843
0.6845552
0.6949208
0.68013775
0.702271
0.69185096
0.68536335
0.67203885
0.6914216
0.677786
0.66949743
0.6914908
0.66444457
0.68529826
0.689917
0.6670534
0.6745513
0.67882335
0.6971819
0.6831183
0.6910481
0.6804415
0.6698695
0.660838
0.6658998
0.66546106
0.6670407
0.6670872
0.67438453
0.6666739
0.65116256
0.6561428
0.67225
0.6640842
0.6559519
0.66083866
0.6573544
0.6798629
0.65372634
0.6461654
0.6269601
0.63290596
0.64222765
0.65820205
0.6233713
0.64186996
0.61986107
0.61862165
0.64361113
0.6451122
0.64933026
0.6076944
0.6349866
0.6524272
0.6306686
0.6631981
0.6457145
0.65718
0.62706417
0.6249824
0.63450104
0.66250074
0.641019
0.6329629
0.62491953
0.6406427
0.66583824
0.6508195
0.6391753
0.6161164
0.6277346
0.63093483
0.62774724
0.6098856
0.6213107
0.6166164
0.6064791
0.61950076
0.6042425
0.6060337
0.62604207
0.61050105
0.6030019
0.6157021
0.62145406
0.6091104
0.6141374
0.6090083
0.6003298
0.5900387
0.6060106
0.6022652
0.6205258
0.60489786
0.5984426
0.58947635
0.5815082
0.59712195
0.5783611
0.60959303
0.6071538
0.61570156
0.6062235
0.60910565
0.60841507
0.60037667
0.6134927
0.5917143
0.5903022
0.6032128
0.6028206
0.6011155
0.6023525
0.5924796
0.5886586
0.6077639
0.61835134
0.5778103
0.5974032
0.58617723
0.5834747
0.61056024
0.60154563
0.59365356
0.6084421
0.5846827
0.58339196
0.5722834
0.57428515
0.5798313
0.5957309
0.5766185
0.5716687
0.578358
0.5828562
0.5779236
0.57910424
0.58459324
0.58139366
0.6027163
0.5835066
0.6124103
0.58466154
0.5854271
0.58268464
0.5941914
0.57478887
0.5903211
0.6004979
0.57523704
0.5783928
0.57150006
0.57286364
0.5840589
0.5842211
0.57502526
0.56410235
0.5798596
0.5892268
0.5677184
0.5830138
0.58552736
0.5870756
0.60808766
0.5673301
0.5617679
0.5574148
0.5904043
0.5823236
0.5672604
0.57479423
0.5664179
0.57276857
0.5559861
0.5569525
0.550652
0.5702156
0.5548836
0.56740826
0.56828934
0.5637191
0.58977807
0.5597229
0.5499451
0.5384232
0.55514055
0.55235684
0.563115
0.56271297
0.54928
0.5741339
0.5413873
0.5533828
0.5422903
0.5599842
0.5381319
0.55028784
0.5369479
0.5531644
0.5535765
0.55618244
0.5661264
0.53578323
0.55286777
0.55533004
0.5479737
0.55440944
0.5455642
0.5510414
0.5481046
0.54181105
0.5428013
0.53007925
0.5482007
0.54427356
0.53400016
0.5260839
0.52820367
0.5335608
0.52754414
0.5322355
0.53513587
0.5104668
0.5312798
0.5364346
0.54264665
0.52313495
0.52330256
0.51801705
0.52967143
0.51299614
0.51761264
0.49347225
0.5421584
0.50458777
0.522396
0.5214098
0.5252015
0.51700383
0.5072766
0.52738434
0.5254014
0.5184586
0.5279849
0.5438169
0.5325086
0.5254115
0.5258041
0.5092817
0.5355839
0.51842296
0.5112271
0.51766676
0.5119623
0.51844525
0.5027961
0.50953424
0.50539124
0.5162704
0.5139035
0.50256294
0.51506585
0.50055337
0.506776
0.50880784
0.51058626
0.50476664
0.51427484
0.5143287
0.5121803
0.5301743
0.49712074
0.52969575
0.5143066
0.5176205
0.51433957
0.520832
0.50196826
0.5174769
0.49415597
0.51308566
0.5225125
0.49740636
0.5002057
0.5177528
0.5187447
0.5160167
0.5172256
0.5150622
0.50807714
0.5124719
0.5032461
0.5105463
0.48112726
0.5047933
0.50481594
0.50525784
0.50951535
0.4820727
0.49816453
0.4899438
0.49728313
0.476309
0.48725492
0.47132352
0.4771695
0.48042622
0.4845995
0.48257947
0.47914726
0.4836576
0.4712004
0.48978236
0.49089828
0.48281962
0.47995615
0.48029438
0.48539802
0.47830507
0.49064082
0.4938078
0.48558238
0.50977236
0.49725032
0.49140015
0.48316878
0.49589345
0.49531847
0.50004065
0.4819732
0.49960777
0.49796042
0.46923563
0.4736534
0.48036474
0.47471067
0.4841134
0.47904703
0.49389467
0.46763173
0.46997938
0.47195736
0.45918745
0.4729424
0.46267915
0.4795832
0.47847262
0.4877874
0.461961
0.46913257
0.4596116
0.46508354
0.47379398
0.45771965
0.4680197
0.46428066
0.43566743
0.45522743
0.4772162
0.46531916
0.45689607
0.47584212
0.47274882
0.46716574
0.45687935
0.4645787
0.45535642
0.4592505
0.4661872
0.4624582
0.45921335
0.452573
0.46751598
0.4607071
0.46121013
0.44761702
0.4526511
0.4394816
0.4623412
0.44482234
0.44322875
0.44235566
0.44247684
0.44114578
0.4451979
0.44450372
0.45413092
0.43858498
0.44081748
0.4541847
0.4490777
0.4430968
0.4411733
0.45035467
0.44648564
0.4321961
0.460793
0.4481334
0.4532591
0.4481279
0.43372926
0.43369782
0.44864276
0.46345842
0.44889274
0.44687924
0.4356533
0.4357387
0.42927656
0.44904512
0.44965282
0.44395706
0.440517
0.44656628
0.4133645
0.45106968
0.42514646
0.4369391
0.42332008
0.43574813
0.44146806
0.46983436
0.4550496
0.43260452
0.4413012
0.42627153
0.43126807
0.4438715
0.46226147
0.45332745
0.4411722
0.44241568
0.4424528
0.4395412
0.42798758
0.4441633
0.4384717
0.43165955
0.45400137
0.43801758
0.4592089
0.45104527
0.4449928
0.43854263
0.4394197
0.45279303
0.43594262
0.44257367
0.4359999
0.42223546
0.43524238
0.4402041
0.41760284
0.43355852
0.42729884
0.42943454
0.41558233
0.43987057
0.43537533
0.42834562
0.40727624
0.42262152
0.4054084
0.42221794
0.41396743
0.43197247
0.4162843
0.4290138
0.41738984
0.41087505
0.41058975
0.41443464
0.4167622
0.4254494
0.41799062
0.44316933
0.42016548
0.41729498
0.4126448
0.4052404
0.4136251
0.41446322
0.41317123
0.42289117
0.43427655
0.42792702
0.41513813
0.43195188
0.43786377
0.43171495
0.41650328
0.40729558
0.41731638
0.41747653
0.42092913
0.40207905
0.40833622
0.40686497
0.40737152
0.40421155
0.39717868
0.396087
0.40441757
0.40846586
0.4047847
0.40743044
0.40815878
0.39445445
0.39190847
0.39929786
0.40251663
0.38713783
0.3933202
0.38198453
0.394799
0.3933988
0.3818666
0.3806233
0.39410764
0.39042574
0.3757094
0.37616152
0.38417637
0.36918616
0.3809918
0.37696615
0.38581875
0.3792717
0.37691122
0.37999403
0.36154622
0.37116495
0.36659914
0.37821093
0.37433043
0.37182173
0.37272513
0.38401383
0.36898723
0.3749002
0.36661804
0.37865546
0.3744335
0.37596497
0.3758334
0.36563516
0.350209
0.37302867
0.36347276
0.3673884
0.37739894
0.3666737
0.36475757
0.37827596
0.36036173
0.363621
0.36715397
0.3812248
0.3673175
0.3669603
0.35693666
0.35476515
0.37771177
0.3658806
0.3479258
0.38473785
0.36359873
0.36376607
0.37427703
0.3705755
0.3661474
0.35557532
0.37236458
0.36659846
0.39879537
0.36373964
0.36768714
0.36013934
0.34038156
0.35073653
0.34869537
0.35221425
0.34473154
0.3611508
0.35043567
0.35939127
0.35247454
0.36894998
0.36095712
0.35447213
0.3541841
0.36471897
0.34801114
0.3578673
0.35016683
0.35657406
0.3546649
0.36686
0.34817204
0.34842688
0.3395616
0.3619625
0.3548857
0.3500524
0.3457794
0.36615
0.3541039
0.34626055
0.34787923
0.344964
0.34171674
0.37807912
0.3498522
0.37249902
0.3289912
0.34040433
0.3546313
0.3573332
0.35367718
0.3336917
0.4084686
0.35981637
0.3528343
0.35751194
0.34849533
0.3336699
0.33913043
0.36082557
0.34841406
0.34665078
0.35385564
0.34413543
0.35173297
0.361351
0.35435784
0.35904843
0.35715872
0.34777206
0.3485835
0.35497233
0.3476103
0.3563144
0.3412956
0.34918913
0.34063148
0.3239287
0.3454781
0.332267
0.33804694
0.33879128
0.34449413
0.31861788
0.3283211
0.32372862
0.3299499
0.33253902
0.3320441
0.33202136
0.3578538
0.3338467
0.32883096
0.3214407
0.32731542
0.3246395
0.33062467
0.31567883
0.3184918
0.32531178
0.3207658
0.3243057
0.30967698
0.3246682
0.31382993
0.31101128
0.3237767
0.31224483
0.3299283
0.34376642
0.32931438
0.33263844
0.33234805
0.33823982
0.3203745
0.33718768
0.34386408
0.3409471
0.33652484
0.3395129
0.3280695
0.32487914
0.31656718
0.325048
0.3321995
0.3326814
0.3295539
0.33035767
0.33243477
0.3263558
0.32291132
0.31262678
0.3135528
0.32929638
0.3218652
0.33028975
0.34095976
0.33418113
0.30866376
0.31644043
0.32295182
0.3219777
0.3091384
0.31480798
0.32706612
0.3216673
0.31378165
0.32440308
0.30959716
0.3103281
0.33018303
0.3058158
0.31209463
0.30766472
0.32009938
0.30203098
0.31650463
0.30685115
0.3140638
0.2983153
0.30932924
0.3061577
0.3196272
0.31559378
0.3294174
0.3299548
0.3203117
0.31035376
0.3130089
0.33998775
0.33047867
0.31780252
0.32179677
0.32186368
0.3142033
0.31965163
0.31498712
0.31203142
0.3251249
0.31377038
0.3163488
0.3029272
0.32092503
0.31174764
0.30170202
0.31070417
0.30152684
0.31651366
0.34026662
0.31333745
0.30272615
0.3194225
0.30795455
0.3352501
0.3161421
0.30495128
0.32079744
0.30938104
0.3178768
0.3101281
0.31044987
0.30565286
0.30572587
0.31671205
0.2995805
0.3064731
0.31094208
0.30493328
0.32956854
0.3143924
0.3100863
0.31155384
0.3056515
0.28929785
0.30574983
0.30785847
0.29533437
0.3023883
0.3058929
0.29389387
0.29901373
0.286391
0.28620732
0.30007517
0.29851437
0.284147
0.30387345
0.29352218
0.2914445
0.2946491
0.29712668
0.30803823
0.30455577
0.3018894
0.31497854
0.31126854
0.28900716
0.30408558
0.29149544
0.30612418
0.3009881
0.29340318
0.29734933
0.29217315
0.29077205
0.29868314
0.27995372
0.29704902
0.29452822
0.28504845
0.2932371
0.29249617
0.30358568
0.3071951
0.2910882
0.30281186
0.29923093
0.30009273
0.30480015
0.29694375
0.30784473
0.29059422
0.2807511
0.29669642
0.2935195
0.30174962
0.29458657
0.29814693
0.30166999
0.3015585
0.27643132
0.29463798
0.27984363
0.29540938
0.295423
0.28607252
0.27630296
0.28398103
0.27680948
0.27851266
0.27020895
0.3006975
0.26585972
0.2728717
0.27530724
0.29764396
0.2842567
0.27842498
0.2860654
0.26835033
0.28193632
0.27307433
0.2737198
0.2790443
0.26286784
0.27739242
0.27574474
0.2789192
0.27986825
0.2882056
0.27448025
0.28404626
0.2713492
0.27913073
0.2847778
0.29690456
0.28819495
0.29097334
0.3019537
0.2891659
0.27091715
0.27065137
0.27948058
0.2888792
0.27506548
0.27820477
0.27985778
0.28257483
0.27611065
0.28947228
0.28581092
0.27126583
0.2878259
0.27816513
0.28966329
0.27556115
0.26842847
0.28225935
0.28245643
0.28418288
0.29258996
0.2875923
0.28039688
0.26383317
0.27116564
0.27430442
0.26358178
0.2693924
0.27126217
0.26839834
0.27720937
0.2812581
0.2877168
0.26200402
0.27152508
0.25709534
0.27683198
0.28322193
0.27605495
0.27777767
0.27439532
0.27151737
0.27588102
0.27178594
0.28283376
0.26240742
0.27647242
0.26483446
0.26672354
0.2731013
0.27199078
0.27882588
0.27688828
0.2592056
0.2691351
0.2865173
0.26323727
0.2743003
0.267935
0.26623613
0.26658306
0.27209213
0.26202938
0.26103374
0.2696144
0.27148145
0.2579205
0.2578757
0.27349848
0.28369066
0.2650902
0.25624946
0.26682886
0.2658492
0.27207968
0.27685404
0.27389848
0.28004616
0.2739555
0.27086222
0.2745907
0.28564924
0.2778175
0.2574155
0.26753175
0.27801275
0.26017126
0.26177746
0.28291443
0.26997563
0.273649
0.266141
0.26618052
0.2685836
0.2577358
0.25323725
0.25573558
0.24753056
0.26137066
0.25492582
0.26509285
0.2523169
0.25331414
0.24097227
0.2731772
0.26460117
0.25288382
0.2621931
0.2642171
0.24376838
0.2526313
0.2615689
0.25636926
0.2912073
0.2649764
0.2572404
0.2650113
0.26511112
0.2758215
0.2592432
0.25376436
0.2657824
0.26400703
0.2584536
0.27388853
0.27150807
0.28339648
0.27675152
0.26486114
0.2678254
0.26875973
0.2805133
0.26915744
0.2715802
0.2707594
0.28578725
0.2634847
0.28364632
0.28551593
0.28580615
0.27322704
0.2809102
0.25321102
0.25593945
0.26476583
0.26426393
0.2511205
0.26051897
0.2636649
0.24551855
0.26458132
0.27067253
0.2700005
0.25728562
0.2529922
0.25338167
0.24979842
0.25129092
0.25277
0.247315
0.24271765
0.27402312
0.24197826
0.24595596
0.24326639
0.23419693
0.24162687
0.25208935
0.2527256
0.22881112
0.2339074
0.25583094
0.24331203
0.23201406
0.24985056
0.22995202
0.24953462
0.24146092
0.24653304
0.24803501
0.24343893
0.22973752
0.23608974
0.25040764
0.24430604
0.23734014
0.24419178
0.24076712
0.24703513
0.24061732
0.22190396
0.24986705
0.24280097
0.22500674
0.24260506
0.2222087
0.23945057
0.23637721
0.23589522
0.24199481
0.2292503
0.24560568
0.22588782
0.24390322
0.23061334
0.24707234
0.22950113
0.24623165
0.24059226
0.24802847
0.24367176
0.2418219
0.24769098
0.23755275
0.2202747
0.23993504
0.22908686
0.2477984
0.23468594
0.22194107
0.23164599
0.2383512
0.23909937
0.23451549
0.23618764
0.23682567
0.23929593
0.23521411
0.23567517
0.21561112
0.23122524
0.22006068
0.23133649
0.22508967
0.20861062
0.2272999
0.21759112
0.21757612
0.20671567
0.21749482
0.2197121
0.22545707
0.2285256
0.2834729
0.21864118
0.22495398
0.22038165
0.23402713
0.22731693
0.233358
0.23110035
0.2289499
0.23042904
0.216394
0.2371798
0.22728
0.21573377
0.23027505
0.22473359
0.22878917
0.21996447
0.21688172
0.20554999
0.22578122
0.20534052
0.22712736
0.22462425
0.21373098
0.21221906
0.23403825
0.22280422
0.22781758
0.22747795
0.2093443
0.21923184
0.20451814
0.2245243
0.22449732
0.23100789
0.21113084
0.22096986
0.22141092
0.22104302
0.21784618
0.21474022
0.21698733
0.21460696
0.22393796
0.23490542
0.23274285
0.23415497
0.2280084
0.22956055
0.23236439
0.21822062
0.21887946
0.20267478
0.2180186
0.218509
0.2310571
0.212673
0.22084421
0.23332016
0.22316483
0.2100402
0.2224646
0.2225381
0.21777713
0.21647614
0.20680253
0.21192843
0.20779315
0.21173911
0.22805837
0.21953323
0.20141278
0.21660568
0.2087888
0.19549225
0.2126391
0.20865098
0.2061326
0.2012893
0.200006
0.21461299
0.21558836
0.21402103
0.21600434
0.20898184
0.22169282
0.22588234
0.20868926
0.19858554
0.21144901
0.21954109
0.21502367
0.19745222
0.20747459
0.20177445
0.20809013
0.2191657
0.21049601
0.2088463
0.20691887
0.20985638
0.21742976
0.20957695
0.20141146
0.20690635
0.2061905
0.20591058
0.20735954
0.21346843
0.20197618
0.19822124
0.19660716
0.21173996
0.2100892
0.20976917
0.19865765
0.21010493
0.18741469
0.19543628
0.20385094
0.20394012
0.20183317
0.20485076
0.21326196
0.20411503
0.2061568
0.21093181
0.20373568
0.20064002
0.19947572
0.2164378
0.20755823
0.21193613
0.20542336
0.19928384
0.2081393
0.20751257
0.21746455
0.19893143
0.19080226
0.22081187
0.21109194
0.21595818
0.19767861
0.22070095
0.20611335
0.21137212
0.21695422
0.19824591
0.2004584
0.20610537
0.20946571
0.19698673
0.20208164
0.20649399
0.20755444
0.2031779
0.20989436
0.19253655
0.20889905
0.2085652
0.19232489
0.20582886
0.21364254
0.20323434
0.20929638
0.2041704
0.20151795
0.21080562
0.18910255
0.20826973
0.20399383
0.20258953
0.20860773
0.19569637
0.19815788
0.19549064
0.21433167
0.21048597
0.22084092
0.20711613
0.20751475
0.20680328
0.22564095
0.19746038
0.2043489
0.20527044
0.19382311
0.19398214
0.21665193
0.2070527
0.20214978
0.19736065
0.20194018
0.19969153
0.19614643
0.19467823
0.19294323
0.18669061
0.19569631
0.18646179
0.20223299
0.19381487
0.2011949
0.1980129
0.19544663
0.20465413
0.20192356
0.1995159
0.19472075
0.1962166
0.19107166
0.1835623
0.19455834
0.19006547
0.20986693
0.18624637
0.20188867
0.1937146
0.1900093
0.19885106
0.19636145
0.19256093
0.19641258
0.19538368
0.19672343
0.1931529
0.19220768
0.20133166
0.21007982
0.20615149
0.19392519
0.20248498
0.21508881
0.20467132
0.19253159
0.17807707
0.19719769
0.1987412
0.19098403
0.18682896
0.17682545
0.19550799
0.1949302
0.18674678
0.21036349
0.18909049
0.2012086
0.19350247
0.19480117
0.1931277
0.1915583
0.19897236
0.2021685
0.19932553
0.18770407
0.20209543
0.18917932
0.20570959
0.18733732
0.19122878
0.18320197
0.18684246
0.19099134
0.18839109
0.17811787
0.1854931
0.27147245
0.1820888
0.186035
0.20486258
0.19399917
0.17427233
0.1931779
0.18736792
0.18841717
0.17997251
0.18091035
0.1923108
0.19235727
0.19284253
0.17863575
0.19213037
0.17906456
0.18599427
0.18858373
0.19012418
0.1865159
0.18047829
0.1821367
0.17974934
0.19295791
0.2088455
0.18973593
0.1991702
0.18680967
0.17704576
0.19351311
0.18020387
0.19378361
0.1964171
0.19493519
0.19544727
0.19676486
0.18538721
0.18446435
0.18844506
0.1958546
0.19225569
0.19327521
0.19184731
0.18500726
0.18864846
0.17778195
0.1858893
0.19830222
0.1880548
0.20674905
0.19294345
0.189783
0.20174052
0.18873568
0.19659401
0.19827689
0.19740777
0.19660833
0.18009429
0.18455166
0.19703259
0.19286963
0.1932108
0.18992893
0.1923766
0.19160074
0.19998512
0.19781107
0.18624881
0.1988835
0.19915354
0.19224098
0.19178279
0.19268721
0.18649226
0.19206972
0.19569062
0.18676853
0.17682064
0.1886301
0.18701503
0.19444469
0.18795033
0.19137093
0.18923141
0.19632852
0.18861629
0.18519501
0.23503749
0.18992274
0.18211612
0.17570026
0.18994956
0.18623257
0.17164895
0.18448378
0.18396789
0.17605932
0.1768902
0.17674121
0.1911982
0.18623863
0.17974386
0.19109477
0.18722685
0.18096524
0.178072
0.19189842
0.1911631
0.18984658
0.19369158
0.1887843
0.1834363
0.17918418
0.18122317
0.18148427
0.18379994
0.17649285
0.19111262
0.1712552
0.19385375
0.18975253
0.19414337
0.17789426
0.18599142
0.2013712
0.18845849
0.17877303
0.17665672
0.19107385
0.18874158
0.18928929
0.18130952
0.19369955
0.19206007
0.18631308
0.17661995
0.17906743
0.18426278
0.21559548
0.18968421
0.18811317
0.19750233
0.19132435
0.1744147
0.18014288
0.1796426
0.19260432
0.18672304
0.1723917
0.18894474
0.18555997
0.17986062
0.18052979
0.177813
0.18867387
0.18523188
0.17487964
0.18399937
0.17677397
0.1767042
0.20558952
0.18789749
0.18899935
0.17112489
0.18136667
0.19189692
0.17387576
0.17219564
0.1801698
0.17563224
0.17095976
0.16410336
0.19624345
0.17265856
0.1735225
0.1811457
0.18376863
0.17146395
0.17292449
0.18000863
0.18143095
0.17307532
0.1783213
0.17703086
0.18380448
0.17235275
0.18208256
0.17957696
0.1802937
0.18707472
0.19066565
0.19327684
0.17479959
0.17868899
0.17117031
0.19058213
0.19039297
0.18506394
0.17383616
0.17985404
0.17280796
0.18229613
0.1713479
0.18368332
0.17123854
0.17079051
0.17591213
0.17210592
0.17741567
0.1775482
0.1725511
0.17179231
0.17835955
0.16685964
0.17073527
0.17118324
0.17996544
0.17179053
0.17702757
0.158021
0.16575223
0.16367377
0.16614093
0.1757404
0.17282622
0.1780653
0.16717006
0.16302061
0.1609983
0.17079894
0.1740889
0.18203652
0.1757538
0.16752912
0.17455374
0.18520658
0.17878276
0.19205508
0.1809803
0.19016047
0.17719276
0.1745753
0.17753331
0.17348604
0.17949821
0.17972013
0.18306231
0.1969195
0.17011313
0.16594161
0.1579715
0.16987315
0.17019743
0.18199539
0.18308389
0.17926931
0.16511837
0.17679317
0.17686707
0.18131728
0.17235598
0.1695008
0.1741751
0.1742899
0.17289612
0.17724687
0.17222717
0.1688847
0.17346269
0.16949557
0.17146266
0.16972235
0.16465585
0.17537269
0.16457777
0.17092507
0.17667636
0.17381826
0.18094867
0.16549419
0.16389473
0.17333075
0.16909055
0.16710488
0.1688633
0.17330703
0.1793595
0.17022511
0.17273097
0.18174605
0.16763273
0.15894933
0.15753344
0.16852798
0.174271
0.1890509
0.1865403
0.16434304
0.18002787
0.1689872
0.18072982
0.17042124
0.17711182
0.1702502
0.16807276
0.15559044
0.1785635
0.17694199
0.17527877
0.17742148
0.17351353
0.18103477
0.18214262
0.18071656
0.17399096
0.17144798
0.16312523
0.18046875
0.18252623
0.18270679
0.16220279
0.18523674
0.16775906
0.16871236
0.17921273
0.19259836
0.17807458
0.17640981
0.17867917
0.16715504
0.17473137
0.172265
0.17589541
0.1774842
0.1787128
0.19781156
0.15942822
0.17171061
0.19041881
0.16600458
0.15188736
0.17538504
0.17443699
0.17607999
0.17386459
0.16940822
0.16916923
0.1604654
0.16179876
0.16380894
0.1663811
0.17860888
0.1714464
0.17374407
0.18170168
0.16831966
0.17155243
0.18416166
0.16319081
0.17488973
0.1703759
0.17157045
0.1654677
0.16298446
0.1666613
0.19048443
0.16210079
0.16856
0.17540976
0.1788246
0.1645384
0.1720112
0.16929395
0.16906095
0.16340424
0.18096013
0.16521712
0.16072187
0.16224755
0.16834675
0.16447279
0.17424473
0.16385317
0.17383689
0.16177204
0.17057875
0.18307182
0.16790864
0.1733529
0.17493804
0.17271072
0.17618094
0.17745459
0.17637277
0.17124099
0.16889475
0.16396165
0.17086017
0.16722517
0.17776869
0.16740607
0.18262579
0.17875485
0.16865568
0.1682347
0.16750675
0.17568043
0.17529243
0.18757483
0.1760731
0.16229054
0.18348227
0.17512229
0.16158485
0.17894116
0.16713667
0.16218562
0.18612227
0.16852967
0.16697714
0.17103083
0.18234393
0.176741
0.17034753
0.16527739
0.17939807
0.1800772
0.17420134
0.1818157
0.18368673
0.19123875
0.1792108
0.16941452
0.17096263
0.19081382
0.16174741
0.18623407
0.16501564
0.18377364
0.17745285
0.16591927
0.17695561
0.17279267
0.17167133
0.1752749
0.17551327
0.17953695
0.18533118
0.17777827
0.1865963
0.17688474
0.18078679
0.17367801
0.17853755
0.17255217
0.18228728
0.17248033
0.16972776
0.17360085
0.18539037
0.16272539
0.17728427
0.17795558
0.17616974
0.16767356
0.17127652
0.18836175
0.19585104
0.16997188
0.18537048
0.18020654
0.1864231
0.16650692
0.18170351
0.16855107
0.17530188
0.18226562
0.16956441
0.17390907
0.18071167
0.17331919
0.16362712
0.17149587
0.1717144
0.16338235
0.16793637
0.17628303
0.16789001
0.18232523
0.17070559
0.17087506
0.17619646
0.16533706
0.16935343
0.16736652
0.16048075
0.1684983
0.17565203
0.17734884
0.17949633
0.16774519
0.16771397
0.1594071
0.17378712
0.16687955
0.14993219
0.1790959
0.17795257
0.18103355
0.17255227
0.18581006
0.17055158
0.17878304
0.16805562
0.17455433
0.16544357
0.17490427
0.16876791
0.16780226
0.17126311
0.16741496
0.16113456
0.16927324
0.17072402
0.1699762
0.18538903
0.16818205
0.17325586
0.17095844
0.17593338
0.16986023
0.16613123
0.16920817
0.16431777
0.16599393
0.17772508
0.15619189
0.1696973
0.16794875
0.16732194
0.17881842
0.17392205
0.169734
0.17352723
0.17126925
0.16089179
0.16325466
0.16057856
0.17246085
0.16530193
0.16776624
0.16620757
0.16721113
0.15192625
0.15917477
0.1688579
0.17061383
0.17086844
0.16513866
0.17013724
0.15378955
0.17053635
0.16036268
0.17313388
0.16287933
0.16132645
0.16416094
0.16410232
0.19465916
0.17300951
0.16986099
0.15383
0.17047463
0.17346755
0.17354137
0.16813685
0.17952685
0.1641479
0.16443898
0.17048872
0.16936867
0.17361979
0.16674034
0.17328732
0.17737497
0.17538424
0.178742
0.18316855
0.18575531
0.17235345
0.17639267
0.18000096
0.17087407
0.1706502
0.17543463
0.16566147
0.1907873
0.17961569
0.1596765
0.1783728
0.17574067
0.16857171
0.17469065
0.18119855
0.18255906
0.189008
0.18830048
0.1760539
0.23156272
0.18522596
0.17853832
0.16635932
0.15611589
0.17281844
0.16144282
0.18397754
0.17543128
0.17777139
0.18629085
0.17530222
0.18166009
0.1643416
0.18060286
0.18911879
0.18174572
0.16212061
0.17264193
0.1806113
0.17619024
0.16667831
0.16046762
0.16592512
0.17299221
0.1748622
0.16220078
0.17902298
0.17868386
0.17371191
0.17866111
0.16603398
0.19178154
0.17483488
0.18057443
0.16605084
0.16436854
0.16743463
0.17180791
0.1670506
0.18820058
0.17571895
0.17022102
0.17080994
0.18588257
0.1698657
0.18045989
0.16685295
0.16111289
0.17033012
0.17419171
0.18485002
0.17610656
0.1729699
0.17423484
0.16281608
0.16824439
0.17365257
0.1722839
0.16063122
0.16484657
0.16853057
0.16522162
0.16959998
0.1616318
0.1665633
0.16146234
0.16567905
0.17201693
0.16909707
0.16749711
0.1585302
0.16391172
0.17808712
0.16976233
0.166837
0.16893475
0.17046385
0.17149863
0.166754
0.16404876
0.166097
0.16764884
0.16098817
0.1590664
0.1592118
0.1677383
0.18043298
0.17013061
0.15893409
0.16539085
0.16380683
0.16748434
0.15841673
0.155995
0.1616814
0.16647989
0.16189292
0.18948875
0.15990517
0.1723034
0.16038477
0.1726212
0.18202446
0.17761627
0.15938595
0.15961249
0.16994265
0.1599935
0.17081414
0.17418729
0.17106539
0.15649225
0.17066765
0.15459505
0.17138763
0.16765392
0.16245438
0.1717315
0.16566136
0.17295736
0.16018514
0.16789642
0.16628087
0.16506822
0.16431828
0.15086842
0.1568369
0.16259034
0.14998513
0.15508446
0.16246681
0.15463771
0.15368134
0.16130692
0.16801642
0.16911122
0.14682332
0.15297917
0.15499374
0.17708229
0.1721803
0.16589265
0.15130997
0.15954423
0.16273473
0.15565978
0.14917015
0.15949863
0.15676807
0.14850107
0.15951501
0.16105826
0.14683084
0.155423
0.1516671
0.15254532
0.16485628
0.15262282
0.16346109
0.14583963
0.15814199
0.16566096
0.17877021
0.15599874
0.16724207
0.14787477
0.15209554
0.16444966
0.15474258
0.15921126
0.15612598
0.16612698
0.16429515
0.1561891
0.16315106
0.14485216
0.15616281
0.1713498
0.166045
0.16554026
0.16269924
0.15157527
0.15345429
0.15010668
0.16100489
0.15074527
0.16000096
0.1494484
0.15214804
0.16532959
0.1623257
0.15988384
0.15470548
0.15033515
0.15694416
0.151345
0.1504086
0.14344817
0.15290038
0.15741095
0.14619552
0.15142539
0.14716682
0.15948123
0.14093041
0.14687338
0.1618971
0.1514287
0.14994949
0.14363565
0.15654856
0.1536026
0.14633432
0.14606835
0.14844422
0.16304666
0.14852518
0.15499498
0.15471566
0.14737828
0.1613249
0.15964712
0.15879798
0.14683028
0.14029063
0.16437875
0.1414885
0.16851342
0.1486764
0.15325946
0.16836154
0.16006956
0.140284
0.16062617
0.15998802
0.16220741
0.14907002
0.14465664
0.15573198
0.15256442
0.15860052
0.15185164
0.15991454
0.15528132
0.1489912
0.15507744
0.1497932
0.14421839
0.16513887
0.15149598
0.15177597
0.15094805
0.16042301
0.13357325
0.16094472
0.14904712
0.15404366
0.15426822
0.14714715
0.14224526
0.16095343
0.15597841
0.15761377
0.14833705
0.14819846
0.15017682
0.15181361
0.15913458
0.14376515
0.16340883
0.15309194
0.14226045
0.17516007
0.15419759
0.15749818
0.15719894
0.14977705
0.15390292
0.15391995
0.14770682
0.14350407
0.14999774
0.18035609
0.13684304
0.15533243
0.14881735
0.15398592
0.15111658
0.15242425
0.15056397
0.14693922
0.1565921
0.16975157
0.16963652
0.15337694
0.15975353
0.15721926
0.15048341
0.15509003
0.15703787
0.1591999
0.14826086
0.14789869
0.151495
0.15142523
0.17168434
0.15281107
0.15058865
0.17204723
0.15971832
0.14838271
0.16579513
0.15512872
0.16619246
0.16069488
0.16074401
0.15327205
0.16229841
0.15737845
0.15447769
0.15160923
0.1476368
0.14545077
0.1450591
0.15021631
0.13900533
0.15464815
0.15819532
0.15784217
0.14695355
0.14852543
0.1577613
0.1536895
0.15017186
0.16995358
0.15913187
0.16677526
0.15434545
0.16844268
0.153026
0.16522437
0.16176496
0.16505817
0.15131924
0.16300291
0.15523337
0.15921451
0.16114199
0.15507045
0.15562297
0.1645306
0.16712646
0.16844758
0.1490629
0.16409524
0.16492224
0.16524512
0.15180677
0.16269542
0.1621293
0.16258395
0.14931957
0.1558638
0.14878964
0.1570399
0.15389988
0.16357687
0.15036902
0.1671888
0.16542879
0.15161273
0.15667146
0.15596575
0.14934358
0.1569507
0.1526331
0.15770906
0.16100928
0.15895972
0.1659376
0.16193417
0.16053887
0.15334018
0.15862232
0.16321433
0.1572028
0.17527144
0.15797858
0.16873726
0.16341615
0.16936041
0.15207617
0.16084687
0.18110959
0.16186519
0.16173773
0.16270033
0.15940294
0.15644857
0.16093655
0.14859976
0.14505377
0.14675422
0.14478482
0.15894555
0.1543884
0.15238407
0.14679097
0.15281129
0.15466464
0.1529209
0.17071141
0.15449989
0.15489788
0.15725379
0.16701497
0.15040414
0.15108415
0.1709823
0.1599551
0.16730995
0.16345802
0.14972055
0.15555507
0.15668783
0.15147726
0.16020934
0.1482705
0.16224338
0.144756
0.16557121
0.15531091
0.15968478
0.16518502
0.1500293
0.15279004
0.13798566
0.16312927
0.14502814
0.1542157
0.15541437
0.15703103
0.16184452
0.15374626
0.15378115
0.1383234
0.14605929
0.16058926
0.15608202
0.14772497
0.13455705
0.15211263
0.14583199
0.14532831
0.15233234
0.15143026
0.1386534
0.14317572
0.16486578
0.15076983
0.16124843
0.14869368
0.16134828
0.14322941
0.15799123
0.15492485
0.14665164
0.1511144
0.16413075
0.16328804
0.15482166
0.15227848
0.18095061
0.14550963
0.16152672
0.15162836
0.15080816
0.1465857
0.15231736
0.15205325
0.15812242
0.14167477
0.15260144
0.13748111
0.1437225
0.16053791
0.14616486
0.14673659
0.15457317
0.15451077
0.15978217
0.16025917
0.15906693
0.15524249
0.14628188
0.13941333
0.15739028
0.15922576
0.16071789
0.16346195
0.14323859
0.17168394
0.1672822
0.16679305
0.1639683
0.14286251
0.16954726
0.16559653
0.17895085
0.17429018
0.14934398
0.16622075
0.17128041
0.16760157
0.15661722
0.15830778
0.15393144
0.15256181
0.15533236
0.14269528
0.1472154
0.15515961
0.15963703
0.15681058
0.14947112
0.14285606
0.16367836
0.15134378
0.16166092
0.16800496
0.1498643
0.16195606
0.16105911
0.1481957
0.14749819
0.16725546
0.1489107
0.15721107
0.17265502
0.1569677
0.14950497
0.14635448
0.15660894
0.15007742
0.14295399
0.14292113
0.15611501
0.14844073
0.14251946
0.16656137
0.1461987
0.15145226
0.15037473
0.15251164
0.16792138
0.15756337
0.16572286
0.17403372
0.16239858
0.171764
0.16567478
0.1652495
0.1511068
0.15691781
0.16317283
0.15499958
0.16614991
0.16042267
0.16387087
0.16374157
0.15231411
0.1580524
0.1488289
0.16666642
0.1450959
0.14343354
0.15741463
0.16537192
0.1418043
0.1623016
0.15136744
0.1526369
0.16161712
0.16072059
0.1465323
0.15746425
0.1548944
0.16629411
0.16159041
0.15764536
0.14765398
0.15821403
0.15718764
0.14914759
0.1477786
0.15617953
0.1645968
0.16273831
0.16857034
0.15648931
0.17543271
0.15527019
0.160374
0.16153677
0.1411603
0.15377674
0.14620681
0.15954529
0.16841207
0.16934292
0.16004811
0.15362267
0.16111542
0.15382066
0.15709604
0.1548401
0.15200669
0.1421428
0.14432508
0.15901268
0.15349676
0.1437652
0.16526395
0.1560256
0.15942764
0.16865513
0.14713135
0.15715496
0.15899347
0.15674986
0.16073127
0.17209938
0.1511235
0.15635243
0.16384688
0.17309956
0.1551842
0.14245465
0.15375645
0.16637605
0.16110961
0.15527265
0.16497654
0.16102867
0.16429456
0.16670415
0.16232462
0.19227561
0.14572224
0.15831424
0.1734154
0.16261527
0.15078934
0.15718633
0.1654252
0.15705866
0.14906393
0.15961368
0.14914975
0.16460869
0.15548262
0.16592029
0.163495
0.15912017
0.16109121
0.1572573
0.17198656
0.15773457
0.15622732
0.1705373
0.16048744
0.16755505
0.15804057
0.16330484
0.16972099
0.16283269
0.15482524
0.15571617
0.17021927
0.16702957
0.15121277
0.16591279
0.1431366
0.14889146
0.16449793
0.1664233
0.15789166
0.15926121
0.15938066
0.158825
0.15457278
0.16159809
0.16536982
0.15624568
0.16817413
0.16928333
0.16448121
0.16828026
0.17477061
0.1583197
0.17077976
0.17397475
0.16429058
0.15961401
0.17294507
0.18301395
0.16221555
0.1708858
0.16912113
0.17283665
0.1978981
0.17113964
0.2016182
0.15603223
0.1748734
0.16705638
0.17374928
0.15785275
0.16331343
0.16398303
0.17666522
0.16181386
0.15886728
0.16329779
0.15708551
0.16514246
0.18621527
0.16509986
0.16322349
0.17386271
0.16455501
0.150639
0.15701829
0.18354522
0.15919307
0.14305317
0.1710437
0.1508264
0.16726455
0.15931058
0.16599749
0.1468981
0.16953735
0.16596606
0.15857518
0.15767607
0.16578086
0.15505186
0.16056225
0.16654414
0.1673976
0.18026398
0.15774982
0.17151526
0.15813987
0.16319734
0.16751613
0.16594356
0.17179829
0.17027222
0.15708938
0.16807683
0.16380467
0.16304854
0.17368291
0.1599039
0.15629604
0.16151401
0.16131918
0.17955324
0.14814362
0.15513995
0.1632716
0.16315797
0.1598537
0.17883828
0.16362011
0.14857264
0.16376346
0.15807459
0.16825393
0.17138687
0.15348965
0.16841094
0.16876361
0.17085919
0.15921502
0.14449717
0.1651886
0.1757135
0.17575556
0.21203329
0.17932302
0.16528204
0.16669244
0.16357991
0.16768387
0.15140364
0.15728612
0.17545637
0.16094348
0.15649322
0.16503981
0.1603579
0.15054326
0.15455571
0.17049365
0.13887748
0.1805942
0.15670925
0.17063758
0.16326107
0.17889589
0.18061636
0.17173015
0.16983478
0.1654202
0.16999307
0.17340893
0.17310745
0.16818674
0.16336867
0.16445163
0.17309864
0.16240607
0.15852478
0.16405751
0.17518315
0.17416577
0.17034021
0.15408246
0.16288279
0.16224286
0.19552866
0.18324009
0.16840538
0.17063424
0.17717774
0.1818618
0.18282345
0.16287935
0.18982069
0.16984236
0.1652788
0.17297867
0.17687115
0.19016786
0.17509787
0.1743904
0.17352667
0.1704651
0.1630023
0.15229794
0.16798906
0.15726319
0.16577858
0.16999593
0.16055992
0.16827571
0.17103885
0.1624162
0.18419486
0.161938
0.17149454
0.16925807
0.16059248
0.1729695
0.15749224
0.16380887
0.17350225
0.18553355
0.15970576
0.16527466
0.16343701
0.15346672
0.16465464
0.17230812
0.15727352
0.17025766
0.1660326
0.18394679
0.15307587
0.17075965
0.15946974
0.17211346
0.15404841
0.16606143
0.15796867
0.14393418
0.17630912
0.16146994
0.14256202
0.16391361
0.16262776
0.16269064
0.17039122
0.19136393
0.16472647
0.16369613
0.17154051
0.17804876
0.1621699
0.17759162
0.15433885
0.18977731
0.15424056
0.1721513
0.18094921
0.16939369
0.16102229
0.15990716
0.16786017
0.154594
0.16480641
0.1542168
0.17594065
0.1695404
0.15542413
0.16704665
0.162507
0.17603183
0.19931208
0.16174795
0.16047314
0.16950768
0.18106972
0.15490867
0.15986332
0.15967119
0.168782
0.15682817
0.18321985
0.17763548
0.16381389
0.18414253
0.15852821
0.153959
0.16963725
0.15693425
0.16269387
0.16176324
0.15422721
0.15045701
0.17288096
0.1712479
0.16313046
0.1817949
0.18713927
0.16337094
0.1641468
0.1729459
0.15067714
0.16574806
0.16688477
0.16164789
0.15625739
0.16552825
0.18472819
0.17994684
0.16512062
0.15954508
0.17632087
0.18553324
0.16656916
0.17683333
0.17337714
0.16017562
0.18093435
0.15779938
0.1544888
0.151494
0.15247634
0.16278853
0.17237675
0.16217078
0.17399679
0.16496558
0.16040818
0.16124813
0.15641901
0.16782758
0.14750251
0.14990777
0.1605904
0.1594543
0.15271899
0.14676535
0.15088427
0.18029355
0.1556798
0.16633992
0.14644146
0.1564784
0.17213981
0.16627595
0.1550743
0.15607369
0.16165127
0.1571358
0.15791711
0.15543108
0.1495925
0.15751596
0.17025372
0.15331958
0.1481268
0.15737766
0.17479181
0.1708677
0.1780626
0.17595918
0.15632747
0.16230568
0.15884188
0.17810918
0.16095038
0.18032645
0.165879
0.14193311
0.16111869
0.17129007
0.16480808
0.17456874
0.15508802
0.17594251
0.18272826
0.17926411
0.17668091
0.16489337
0.16570114
0.18643297
0.16694222
0.16273631
0.15734987
0.17995282
0.17022286
0.18292488
0.16310714
0.1727717
0.16387747
0.17800882
0.16452368
0.15689899
0.15554574
0.16604276
0.16230635
0.1680186
0.15626784
0.15772636
0.16747774
0.16387089
0.16332658
0.15266918
0.16726224
0.15858603
0.14896114
0.16052277
0.18393749
0.16841424
0.16413797
0.17295517
0.17950514
0.16540423
0.17376438
0.17159225
0.15962417
0.17048262
0.18343112
0.16825211
0.17316689
0.15555094
0.1700849
0.17471752
0.16678217
0.19182537
0.19817787
0.18772009
0.17521709
0.17845331
0.19637145
0.17361347
0.16187136
0.1849658
0.18513127
0.18467565
0.18652214
0.17237224
0.17826529
0.18924744
0.19402435
0.1679191
0.17267051
0.21562043
0.18277316
0.19116214
0.19892138
0.18515885
0.18640508
0.16602309
0.17958574
0.17873421
0.18140636
0.1845848
0.17019519
0.19185424
0.18148264
0.16443701
0.18370888
0.1559909
0.18409564
0.1797501
0.17403142
0.18150994
0.17020063
0.1612549
0.17970109
0.18590823
0.16720031
0.16999751
0.18726118
0.17055535
0.17826179
0.20998873
0.15709351
0.18439789
0.15678129
0.17653085
0.15575156
0.1783204
0.18342312
0.16753958
0.17468022
0.17482632
0.16710488
0.15689567
0.17609246
0.17316025
0.1928407
0.17424607
0.1562162
0.15971547
0.1546293
0.17794845
0.18704669
0.187369
0.16153286
0.1736499
0.17440633
0.19547148
0.18285406
0.18108466
0.1737405
0.17942682
0.19025904
0.19295134
0.17082517
0.19128102
0.18597561
0.1868697
0.17991012
0.19262688
0.17960446
0.18176927
0.19090831
0.17986636
0.18257439
0.18218651
0.17636397
0.18252039
0.17856364
0.18305121
0.17259392
0.19697101
0.19441213
0.17547154
0.20031351
0.18694493
0.19963701
0.19356379
0.19463158
0.18600671
0.22410703
0.18094344
0.18888263
0.26233703
0.18092595
0.18041931
0.17955957
0.19516198
0.2208982
0.1948964
0.19565587
0.18918428
0.17274381
0.18688847
0.19154738
0.18190074
0.17586696
0.17859247
0.17728132
0.18372701
0.18342774
0.1829937
0.201773
0.19029102
0.1978057
0.17965972
0.19381142
0.20488732
0.19262409
0.21118522
0.17650865
0.17821805
0.1828099
0.203452
0.19346827
0.21524851
0.19260707
0.19368523
0.19233076
0.18147339
0.19452842
0.19417952
0.19914477
0.21291411
0.17841259
0.20465562
0.19316088
0.1788185
0.20091178
0.21879421
0.18213354
0.21547027
0.20543905
0.21391976
0.19776157
0.19620761
0.18883488
0.17496818
0.19985609
0.1987826
0.19456306
0.19243532
0.22667499
0.21007825
0.20188233
0.1886901
0.19501409
0.19929126
0.18645537
0.19121635
0.16830485
0.18077427
0.18446964
0.18664396
0.18309002
0.17916976
0.17282195
0.18218862
0.18066551
0.19626868
0.17778705
0.1997652
0.19257078
0.19785406
0.18494901
0.20308805
0.17135319
0.18315414
0.18768561
0.19366054
0.17099984
0.19139455
0.20315081
0.18422675
0.18446335
0.17714089
0.1833697
0.19300038
0.17466964
0.18394297
0.16625784
0.17021374
0.18952806
0.17994574
0.17683904
0.18717773
0.1744754
0.18089071
0.20734501
0.19191249
0.18111078
0.19056796
0.17437895
0.1905678
0.184943
0.1859485
0.19533923
0.18602422
0.19286531
0.18064852
0.20003463
0.1754213
0.18674368
0.17665961
0.1861875
0.1762685
0.16780403
0.16429615
0.19871837
0.18603681
0.2021162
0.19268881
0.19207855
0.19659588
0.20495714
0.18513656
0.1924866
0.16668315
0.1678703
0.18991902
0.18303242
0.1816715
0.2043424
0.1984535
0.1801551
0.17141108
0.16226512
0.18539539
0.17984812
0.18973681
0.1739032
0.20356657
0.18804316
0.18649699
0.18719071
0.18605947
0.21084505
0.19152771
0.21277872
0.18161058
0.18024746
0.17259131
0.18557267
0.18590388
0.17537111
0.17770611
0.17490782
0.20394163
0.19171691
0.1981648
0.19401643
0.1807343
0.17216337
0.1907239
0.1895404
0.20212719
0.18319012
0.1740326
0.18349442
0.1955128
0.18844259
0.20650135
0.17710592
0.18729492
0.18684077
0.2004536
0.19723287
0.1989164
0.18865155
0.1987981
0.18719606
0.18842672
0.16657485
0.21169569
0.20021608
0.1904083
0.1970908
0.19558589
0.20017456
0.18766199
0.19089158
0.21991162
0.20065297
0.18755774
0.18846813
0.20579325
0.210276
0.18202238
0.17356586
0.20805351
0.2154628
0.18682638
0.19157021
0.17623076
0.19342469
0.2048499
0.20387605
0.20316322
0.19460516
0.23154293
0.20263647
0.20628633
0.19412133
0.1841461
0.1914955
0.18208541
0.19179234
0.19147314
0.17699622
0.18837018
0.17694029
0.18912788
0.19337153
0.20315589
0.19684438
0.193076
0.1811839
0.19210458
0.1857138
0.18049341
0.21606421
0.199153
0.19090433
0.20377463
0.18771382
0.19998156
0.19333206
0.21354595
0.18953998
0.18106568
0.1882805
0.20128626
0.19618332
0.20088497
0.19294366
0.1756782
0.18363085
0.19489528
0.21549577
0.22011375
0.20602645
0.19636974
0.18154123
0.17392719
0.19545169
0.19884905
0.20033728
0.20132984
0.16821885
0.19404301
0.21979895
0.18943487
0.1657994
0.18119872
0.19194268
0.18982323
0.18677102
0.18890405
0.18636551
0.20269871
0.1903752
0.20169346
0.19209488
0.19315259
0.19285801
0.19692214
0.19612408
0.20181076
0.20333679
0.19234434
0.21015587
0.20561096
0.18414336
0.20462556
0.1941747
0.19665352
0.20850952
0.18977046
0.18532544
0.19234459
0.16944952
0.18591078
0.17533788
0.19834407
0.19192886
0.19253163
0.19508243
0.20252995
0.19711131
0.17620136
0.20908664
0.19181244
0.18948162
0.1806124
0.18190697
0.20379366
0.19557482
0.19052392
0.18489659
0.20414239
0.20526576
0.18220906
0.1967123
0.16720016
0.20201126
0.18975103
0.18480778
0.18357502
0.18518713
0.20078918
0.20331435
0.19516566
0.17798318
0.20182987
0.22122332
0.19988525
0.18880084
0.18938564
0.19416994
0.21479708
0.1821286
0.18838128
0.196827
0.17931513
0.18976
0.19124275
0.19957477
0.20819409
0.20040141
0.1934436
0.20488471
0.21865779
0.19581796
0.18470573
0.19834703
0.20106204
0.19996957
0.1826653
0.18432865
0.20618334
0.22816229
0.19512539
0.21939865
0.18183991
0.18186434
0.19722007
0.18592606
0.1809498
0.21616824
0.19969995
0.2078383
0.18799517
0.17901126
0.20655724
0.18001358
0.18124616
0.19743925
0.19011235
0.181818
0.16569161
0.17321044
0.18559472
0.18092518
0.17540754
0.17746435
0.17643262
0.19410953
0.19786327
0.1757288
0.16836976
0.16211969
0.17818514
0.18266818
0.1816853
0.16482201
0.19666
0.17731795
0.21169123
0.16267711
0.16897821
0.18654676
0.19931445
0.18388057
0.20491871
0.18397474
0.18801787
0.17891787
0.18039252
0.17719035
0.20541173
0.17339589
0.18923427
0.18020526
0.19455284
0.21271122
0.1890289
0.18140927
0.19177723
0.19362815
0.18401809
0.19561552
0.17188397
0.17345367
0.17218356
0.19254461
0.18425924
0.19893189
0.20010419
0.18907547
0.1892661
0.18911953
0.19321097
0.21753477
0.19234067
0.20232294
0.22007127
0.17574866
0.20344418
0.18592004
0.20688523
0.18912947
0.17253008
0.18605876
0.19418462
0.19864012
0.19630665
0.18955295
0.20141
0.1987038
0.19042477
0.18730545
0.19872048
0.18786569
0.1994531
0.19367176
0.1987928
0.21367231
0.19238266
0.2142962
0.17561409
0.19209847
0.19102944
0.20242827
0.19561212
0.19559112
0.20234828
0.1932865
0.19885468
0.21434104
0.21406555
0.18096906
0.20301396
0.18725115
0.18758895
0.19991039
0.20337401
0.18395366
0.20407157
0.21397594
0.21444672
0.21946174
0.2108261
0.2078986
0.19695121
0.20112981
0.21885337
0.23126945
0.20954633
0.22685282
0.21166623
0.18031482
0.20471713
0.22549905
0.197371
0.19753878
0.20308304
0.1877009
0.20366582
0.1871475
0.19548129
0.19169788
0.19154048
0.19468069
0.1941395
0.22585098
0.1755331
0.17216945
0.20373113
0.20827673
0.2070717
0.19791186
0.21286432
0.19986042
0.21117847
0.20043908
0.2104106
0.20749682
0.2280286
0.20802118
0.21954352
0.20052876
0.20916352
0.21482722
0.19648905
0.1863874
0.18766972
0.20325582
0.20708525
0.20608144
0.20857555
0.19993113
0.1977279
0.20271033
0.20487864
0.23756339
0.21147294
0.21237575
0.20037815
0.20919384
0.22121584
0.20996167
0.1755829
0.19568713
0.23282713
0.20621265
0.19879568
0.19728312
0.20383526
0.21159065
0.19516012
0.18922292
0.2067324
0.21863936
0.22574396
0.22773685
0.20206992
0.19719483
0.21410546
0.21325894
0.2048612
0.2188908
0.22064295
0.2161713
0.23013061
0.21570374
0.20535396
0.19394508
0.22791265
0.2180848
0.19845697
0.20653115
0.2197671
0.22209513
0.22254631
0.22343986
0.2166952
0.19621883
0.21704029
0.20750315
0.20619191
0.20984666
0.19383416
0.21730416
0.19657783
0.20372477
0.19940044
0.20306867
0.21135311
0.2003768
0.19074021
0.23522846
0.22967823
0.20032018
0.23375158
0.18852922
0.19957373
0.21950518
0.20553926
0.21780516
0.19777474
0.20300125
0.20553291
0.18422478
0.20449673
0.18974818
0.19347647
0.21786016
0.2040412
0.18826954
0.20098475
0.2111406
0.23051332
0.20788836
0.20761734
0.2063592
0.20675036
0.21889898
0.2341487
0.17495798
0.22251289
0.21315202
0.20028093
0.17931955
0.20198135
0.19402426
0.1800337
0.19278324
0.18500681
0.18622498
0.19635817
0.20375864
0.21551554
0.20282345
0.18858069
0.19483653
0.21542235
0.18953109
0.19183177
0.21333152
0.21396087
0.20493951
0.20029324
0.1888679
0.19777672
0.18975723
0.22052015
0.19655372
0.19596525
0.19376367
0.18972078
0.20562574
0.1930838
0.21273871
0.2134337
0.22640128
0.19015405
0.21020539
0.19496429
0.18840078
0.21917291
0.23006974
0.20161213
0.20321512
0.18071973
0.19183019
0.19734901
0.19650139
0.2020986
0.20241368
0.2191573
0.20447424
0.19665502
0.24798602
0.19744493
0.22263281
0.18495506
0.22203566
0.20927693
0.2257564
0.20211203
0.2967312
0.20686506
0.19686896
0.20062971
0.21228452
0.18342939
0.20877177
0.20665444
0.18984435
0.18836656
0.20223683
0.19064733
0.21104339
0.19959265
0.21660116
0.22132115
0.22127686
0.21722022
0.23717909
0.22228365
0.22736757
0.21273439
0.18928735
0.20543586
0.20023634
0.1881906
0.21500033
0.20415768
0.20427912
0.20143175
0.21454228
0.18219163
0.21020676
0.18485908
0.19917402
0.25310358
0.21563305
0.19436851
0.20755062
0.1930697
0.22164534
0.20360905
0.21718656
0.20105006
0.2068763
0.2002503
0.20555836
0.2025456
0.19114809
0.22004648
0.2135934
0.22169931
0.21671061
0.21089365
0.20954886
0.20972866
0.21551366
0.21369474
0.21029261
0.21696165
0.232323
0.20047511
0.19838211
0.21214972
0.19306202
0.1973995
0.21403669
0.21686682
0.20741607
0.22106472
0.19162379
0.18543512
0.22595385
0.21330357
0.21999736
0.21431243
0.2009946
0.21804565
0.19919787
0.20037153
0.19389883
0.22614232
0.21986586
0.22396086
0.20167048
0.21407992
0.18778817
0.20636284
0.19003484
0.22031717
0.18744782
0.20350154
0.21347104
0.22771016
0.2003073
0.19158287
0.19718161
0.21525884
0.19326125
0.20664267
0.20451234
0.20186065
0.22144207
0.2029578
0.20426668
0.21429162
0.1972773
0.19938466
0.24722852
0.18934368
0.18772168
0.1951259
0.21226181
0.20722099
0.20993006
0.2164966
0.18764849
0.20234433
0.2204337
0.20728453
0.19792841
0.21010846
0.22457711
0.2033032
0.20016454
0.1897794
0.21399887
0.21260898
0.2058307
0.2185341
0.19994393
0.20551841
0.20509702
0.22985063
0.21718542
0.19813979
0.19614613
0.2084715
0.21908529
0.22882481
0.21733126
0.24212
0.21708253
0.1919481
0.21092445
0.22366647
0.24625444
0.21554685
0.19993363
0.20281728
0.21928847
0.19936845
0.21446775
0.209277
0.23480964
0.23594683
0.19868685
0.18930142
0.20785105
0.21510802
0.23860954
0.2231032
0.19568881
0.21219647
0.20030671
0.2032366
0.20823888
0.20819333
0.20007612
0.21842265
0.23945685
0.22976683
0.202856
0.19715738
0.19445813
0.18869634
0.18946488
0.19485538
0.22029513
0.21512026
0.20405968
0.20701537
0.20193738
0.21190664
0.21469054
0.20741883
0.21522072
0.21580765
0.2079056
0.2313455
0.25610673
0.23756626
0.2179387
0.22552043
0.21074286
0.20824294
0.21688507
0.24004965
0.226001
0.21114211
0.20934597
0.22915167
0.22115053
0.21307203
0.25358552
0.21216631
0.20865418
0.21351598
0.23187143
0.21856356
0.22041577
0.2054302
0.20648919
0.22799008
0.22874802
0.20041619
0.20149101
0.20953727
0.21511549
0.23534591
0.2034057
0.202218
0.19429156
0.19867902
0.21540846
0.20794956
0.23605806
0.23152734
0.21779509
0.20774712
0.2083836
0.21647422
0.23041959
0.20357695
0.21371351
0.24629262
0.219264
0.21147126
0.21662085
0.22557524
0.21016122
0.23933375
0.21901476
0.26031458
0.23625356
0.20514424
0.21413822
0.22396
0.20573975
0.22755885
0.21585838
0.2178624
0.20506087
0.21036659
0.2338218
0.22653282
0.21300185
0.21382254
0.22800305
0.22824806
0.23480794
0.23592027
0.24690457
0.22819734
0.20951954
0.21082558
0.2085129
0.23596954
0.21933095
0.23173997
0.2188279
0.2094253
0.22738837
0.2434313
0.2157185
0.21421951
0.22208498
0.23834424
0.21332526
0.22901282
0.22493507
0.23748927
0.24183355
0.2330264
0.21358924
0.22574781
0.24286506
0.2196985
0.21627215
0.21726017
0.24325931
0.25353292
0.21635537
0.22813432
0.23657402
0.23572803
0.26007304
0.22340664
0.21914104
0.22408238
0.22761941
0.21779662
0.2506891
0.21884133
0.21255876
0.23190346
0.21529193
0.2128024
0.21993364
0.23670912
0.22444953
0.22390793
0.21272208
0.20662847
0.2090594
0.22233835
0.21762292
0.22035585
0.22492312
0.23607148
0.22597256
0.2177355
0.21450305
0.20862101
0.2063186
0.20539002
0.20284022
0.2113387
0.2285441
0.21095675
0.20413163
0.20335248
0.2150909
0.2401709
0.2283048
0.22532392
0.21816386
0.22413516
0.23735775
0.21020395
0.20055474
0.20076717
0.20570947
0.21196035
0.22722913
0.21384479
0.20763986
0.21535102
0.22957037
0.21438056
0.23251471
0.21141672
0.20320839
0.20131955
0.2097194
0.20480838
0.1943164
0.18978155
0.20357011
0.2345816
0.22659598
0.24062744
0.22020842
0.21375062
0.22217283
0.22429244
0.22766483
0.22171476
0.21612363
0.2096242
0.21712004
0.24077095
0.22737424
0.2205531
0.21433017
0.21292906
0.21555768
0.22156349
0.2509976
0.29856315
0.23809142
0.21851332
0.23993482
0.22786817
0.2473527
0.23261826
0.22668348
0.21835017
0.21624187
0.21084425
0.22307816
0.24433729
0.23144859
0.2300518
0.24017702
0.23936346
0.24772869
0.25266755
0.23630546
0.23530748
0.23591909
0.24739397
0.22335795
0.23380959
0.27883995
0.23133126
0.21391243
0.22719747
0.24319726
0.23426132
0.23560038
0.26864377
0.23396601
0.23163338
0.26173207
0.24195094
0.23914261
0.26378056
0.2613324
0.26536074
0.24666476
0.25432724
0.25473154
0.25838548
0.24247465
0.25135455
0.24591838
0.2701808
0.2655038
0.24959596
0.2522469
0.25526926
0.25956464
0.26135102
0.3006067
0.25235403
0.30545205
0.26180243
0.25955892
0.25931287
0.2860127
0.2421847
0.25745648
0.24945435
0.2469938
0.2531602
0.24155685
0.2396599
0.24749604
0.24600163
0.25282684
0.24780874
0.25171086
0.24522468
0.26658556
0.2308334
0.22102405
0.22971179
0.22814956
0.21960345
0.21519352
0.21874614
0.22471012
0.23540255
0.24688765
0.24397126
0.25515884
0.26773345
0.23536475
0.20382391
0.19829522
0.1994704
0.2068515
0.22353005
0.2615956
0.24361746
0.22121277
0.21459912
0.20525104
0.20700887
0.20727986
0.20733038
0.22832741
0.2626455
0.2834354
0.24240337
0.21402754
0.20961164
0.19812748
0.21354493
0.21610127
0.21436642
0.2080665
0.20450419
0.21296328
0.22096005
0.2245
0.22559476
0.22323975
0.24058008
0.25980973
0.24580145
0.23036107
0.23664214
0.22643518
0.23742624
0.23617925
0.23683506
0.23483014
0.221451
0.22402824
0.21855746
0.22472167
0.21861081
0.21080044
0.21338622
0.20890613
0.22198677
0.21445571
0.2209099
0.21125205
0.22135958
0.2410727
0.27918044
0.24242504
0.21902564
0.20553122
0.21548042
0.22704351
0.22554526
0.22772257
0.2197191
0.22140762
0.21766284
0.21942046
0.22303839
0.22227782
0.23547511
0.22219896
0.21683249
0.20508447
0.219271
0.22271423
0.21563211
0.21684735
0.21375164
0.21553786
0.20641828
0.20446563
0.20098014
0.19864027
0.20074584
0.20923792
0.22307539
0.22269519
0.22342132
0.213221
0.2260813
0.22260632
0.23038536
0.22922057
0.2307771
0.22256407
0.21173793
0.2066477
0.21065421
0.2123282
0.23176968
0.2293443
0.23538312
0.21449368
0.21821657
0.21437605
0.23663722
0.23978202
0.24749719
0.23408817
0.2270407
0.22623777
0.22376023
0.22623731
0.23356122
0.23353358
0.24904414
0.24679539
0.24952334
0.24833754
0.23727001
0.23773313
0.22795208
0.21747437
0.20902984
0.20182662
0.20791644
0.21153213
0.20941173
0.20395628
0.20672086
0.21371582
0.22704825
0.23167223
0.22819056
0.22889188
0.22152287
0.22622319
0.21571204
0.2168969
0.22943033
0.24105953
0.24570891
0.22913602
0.22718266
0.21141075
0.21301642
0.19316922
0.20394182
0.19782501
0.21133402
0.20267306
0.2056751
0.21282913
0.2184392
0.22544217
0.21694581
0.23185217
0.22308855
0.22780915
0.20886342
0.21153882
0.21133688
0.21647412
0.21474688
0.21140108
0.21251029
0.21994331
0.21916284
0.19865827
0.19777502
0.20491247
0.22384879
0.2188571
0.20463651
0.19620912
0.2043922
0.22639966
0.23704268
0.23253566
0.21030983
0.20943204
0.20466329
0.21467066
0.21324776
0.21819635
0.21678205
0.22190319
0.21981099
0.2183825
0.20627965
0.20753378
0.22080587
0.22873697
0.22615266
0.22066581
0.21621487
0.21162127
0.21173683
0.2081266
0.21501876
0.2134942
0.22634149
0.22455
0.23943248
0.23026921
0.24258538
0.22491953
0.22810774
0.20859732
0.21850531
0.22566605
0.23305723
0.2236285
0.21274528
0.245324
0.31324407
0.26965544
0.24025491
0.23026371
0.22824909
0.21857353
0.21512595
0.21343854
0.22512104
0.22622356
0.23437957
0.22856387
0.23599285
0.2173064
0.22003113
0.22592646
0.24091591
0.24838258
0.24435933
0.24120255
0.23427258
0.23241034
0.23550446
0.2357222
0.22544514
0.22405213
0.22795519
0.22530079
0.22270359
0.2166203
0.22310182
0.21934254
0.22295958
0.2278191
0.23204982
0.23478815
0.23204991
0.22068822
0.2132714
0.21352506
0.22778942
0.23471393
0.23808198
0.23099141
0.2256802
0.21434636
0.21439952
0.20961972
0.21900712
0.2103794
0.22061634
0.23119085
0.24629472
0.24250618
0.2265802
0.21756747
0.22167267
0.21944739
0.22668497
0.22310081
0.22944297
0.22836135
0.22220634
0.22359042
0.2162734
0.2283961
0.22623506
0.22606598
0.22032382
0.2239
0.22469552
0.22225821
0.22437853
0.23523362
0.22935186
0.22576119
0.2216463
0.23734514
0.2408855
0.25551918
0.2423548
0.24761067
0.24296041
0.2510946
0.23495156
0.22047704
0.21391134
0.22253534
0.23717567
0.2638844
0.2730128
0.26641527
0.2568799
0.24304864
0.23671007
0.23491187
0.2323112
0.24212506
0.2444626
0.2489479
0.25689822
0.24269217
0.25762653
0.25558183
0.28449795
0.2845286
0.2749383
0.2515946
0.2500908
0.24276398
0.25509697
0.24392127
0.26178846
0.24855849
0.25974646
0.25634888
0.25786006
0.24332781
0.238674
0.23796706
0.2498231
0.24089915
0.25173447
0.24456792
0.24073268
0.2321803
0.24214756
0.25025588
0.24560581
0.23735783
0.23829378
0.24505445
0.2432076
0.2512679
0.25868982
0.27015707
0.26014167
0.26704016
0.2614492
0.27324003
0.2655866
0.2658237
0.26913023
0.25737923
0.2690588
0.2654041
0.27036577
0.25224507
0.24932705
0.25679505
0.26953536
0.26760438
0.2640452
0.26826268
0.26285088
0.2570994
0.2402968
0.25315908
0.25185817
0.2530504
0.23712642
0.24181849
0.2401915
0.2598421
0.25283286
0.2581697
0.25356072
0.270555
0.27821675
0.26060078
0.24734734
0.25032598
0.24693136
0.24955647
0.23948236
0.24732958
0.24555777
0.24273877
0.2435313
0.24200593
0.24252297
0.23967533
0.23278958
0.23045297
0.2364657
0.25111324
0.2619741
0.26578012
0.26761752
0.26104873
0.25974962
0.2561083
0.26881015
0.26369768
0.25540495
0.23950158
0.23086968
0.2302246
0.23002371
0.24646175
0.25252536
0.25807872
0.26510984
0.25890934
0.2437387
0.23039955
0.2348394
0.24900506
0.2546025
0.2496145
0.23618037
0.237476
0.23687184
0.23706838
0.23165454
0.22558126
0.22433712
0.2179887
0.21531354
0.22295427
0.21749389
0.23777057
0.22619677
0.23732112
0.22370513
0.22926894
0.2263879
0.2333521
0.2270695
0.22120747
0.21827966
0.21762931
0.22268328
0.22502935
0.23314908
0.22979835
0.21172054
0.2205661
0.23349358
0.24552514
0.24336252
0.24117762
0.24053232
0.24813874
0.25119925
0.24993898
0.24238274
0.2246579
0.22755724
0.22050707
0.22403364
0.23389845
0.23643903
0.23782788
0.22726734
0.23760763
0.24822429
0.2563415
0.24602245
0.23365667
0.22865482
0.23623043
0.24702045
0.2504177
0.23221473
0.2423889
0.2437115
0.24667802
0.22323823
0.21709247
0.23515004
0.25838625
0.26450336
0.24675786
0.25177658
0.23923425
0.24618019
0.23434828
0.24025348
0.2362667
0.21656929
0.21897994
0.22075438
0.2278412
0.2281448
0.22442375
0.22777714
0.22696093
0.23695157
0.22868747
0.21623473
0.20584852
0.22072177
0.23234874
0.25197873
0.25939387
0.26461717
0.2629918
0.2632414
0.26243088
0.25875962
0.2579769
0.27745974
0.27485928
0.26659578
0.2474106
0.25168502
0.24401231
0.25308603
0.24878615
0.2566032
0.25044832
0.24639529
0.2485842
0.25127712
0.26308596
0.27280968
0.27177823
0.2639461
0.25352806
0.2580067
0.26023325
0.2748536
0.28007537
0.29049477
0.28901178
0.2771699
0.2675199
0.2614956
0.25788063
0.26743305
0.2657532
0.28353584
0.2703701
0.27535215
0.26835
0.27770525
0.28231254
0.28206673
0.26901478
0.2561285
0.2535459
0.26366073
0.27029932
0.25758144
0.26058444
0.24773896
0.2587288
0.25825596
0.26586676
0.27379182
0.2729622
0.28352278
0.26788104
0.26305625
0.26250508
0.2729835
0.28050193
0.28009415
0.2750341
0.26691523
0.2790676
0.2958334
0.29985222
0.28498724
0.27927902
0.2813463
0.28403583
0.27334967
0.28101984
0.28029382
0.27582887
0.26186666
0.25954667
0.27229902
0.2874357
0.29671466
0.29622877
0.3100197
0.29932642
0.29847854
0.2735447
0.27354863
0.27720618
0.2845598
0.27452922
0.26534405
0.26171565
0.26813158
0.26947296
0.26990423
0.27106985
0.2687313
0.28081682
0.26343298
0.26615295
0.2486297
0.2742326
0.2894012
0.30165365
0.30161038
0.29466993
0.30605662
0.2906793
0.29432455
0.28429505
0.28730354
0.27424413
0.26669246
0.28012854
0.2781736
0.2871845
0.28221816
0.296269
0.3075606
0.31721735
0.32387364
0.31408122
0.3013853
0.31030107
0.2968391
0.31596413
0.31077224
0.31929973
0.30736753
0.28639507
0.28249684
0.29828048
0.33028436
0.3532296
0.3418397
0.3204628
0.30484158
0.3056245
0.3152558
0.29994738
0.2937442
0.28284204
0.3021935
0.3109279
0.30989593
0.29523912
0.27251402
0.2710303
0.28838852
0.3358338
0.33455998
0.33110026
0.3019839
0.293794
0.28061512
0.27333477
0.27771437
0.26859736
0.28729197
0.28532055
0.281433
0.26252687
0.27525094
0.28648648
0.2859345
0.28842047
0.3041219
0.30760306
0.3102151
0.30956933
0.30294096
0.2919939
0.2942732
0.30920738
0.33007076
0.32724425
0.3330325
0.32672542
0.32680115
0.31409225
0.3098342
0.3006333
0.29703814
0.28686014
0.28341657
0.27894324
0.28017274
0.27915066
0.28726622
0.28658637
0.29460028
0.29271823
0.2941652
0.29380897
0.29712033
0.2994397
0.29532635
0.29423288
0.29187062
0.30637068
0.31536493
0.32837123
0.30479077
0.30003804
0.28375766
0.3007293
0.299316
0.2857881
0.2934043
0.27613917
0.30141607
0.28574327
0.30687758
0.31737697
0.32493132
0.32041073
0.31806478
0.31772977
0.32955584
0.31070173
0.32584983
0.30365697
0.30312353
0.2825164
0.2893519
0.29820767
0.3095478
0.3337604
0.3409247
0.32912958
0.30893087
0.30573106
0.3225896
0.34469837
0.34791762
0.34917644
0.32832062
0.33271316
0.3262406
0.3430039
0.3182082
0.30983254
0.29168582
0.3090628
0.32165623
0.33211583
0.3252128
0.33520508
0.3297403
0.33510914
0.3086347
0.2998636
0.32342982
0.33106038
0.33299673
0.31014872
0.30175412
0.30181602
0.29765466
0.3032524
0.30640036
0.29778883
0.30840763
0.31968158
0.32179454
0.30854067
0.2925665
0.2993251
0.32361478
0.3259554
0.33744365
0.33716682
0.3498245
0.3537781
0.35391915
0.3589248
0.35291353
0.35127735
0.33469006
0.33189064
0.3196896
0.3283717
0.30645502
0.305019
0.30412745
0.32522947
0.3200574
0.3003982
0.2860396
0.2903586
0.32447654
0.3396645
0.3368616
0.31201044
0.31126645
0.32870513
0.3296907
0.3318387
0.31899753
0.3276806
0.31311804
0.29873726
0.29606873
0.30147186
0.3156768
0.31845197
0.3147187
0.3017516
0.28706685
0.3019392
0.31405574
0.32644516
0.31477788
0.31407213
0.32728967
0.33970603
0.35528702
0.33021936
0.3285496
0.31618336
0.3203494
0.30345955
0.31905425
0.3216802
0.341236
0.32738554
0.32612836
0.30547872
0.30254057
0.29869226
0.3326151
0.34082678
0.35213786
0.32168156
0.32367828
0.32634193
0.3244636
0.30717954
0.30429232
0.3175395
0.319567
0.32735834
0.30732262
0.3223557
0.3030154
0.3187129
0.30807143
0.31864232
0.30049795
0.2973541
0.26938745
0.29152653
0.29519913
0.3288955
0.343526
0.34906548
0.34426513
0.32012644
0.31336147
0.2929905
0.29013485
0.30321747
0.32700416
0.33574462
0.32891676
0.32775077
0.31466842
0.3061592
0.32415012
0.34120426
0.33178955
0.30397078
0.31161967
0.31447658
0.33879906
0.33942008
0.3551873
0.33725142
0.32231012
0.32530954
0.3181641
0.32677308
0.32781786
0.3236481
0.3106574
0.31620067
0.33008322
0.3206708
0.30376115
0.29233152
0.30838063
0.3159057
0.31534186
0.31341344
0.30370632
0.30037576
0.2982708
0.30230406
0.3164723
0.31062606
0.3080371
0.3038472
0.30957457
0.29853138
0.2712272
0.24969456
0.25828955
0.27391073
0.29197314
0.2818971
0.2802623
0.28308123
0.2956206
0.319009
0.31737226
0.31231827
0.30072427
0.2865989
0.27972412
0.28949118
0.31016043
0.32354632
0.29724947
0.29975915
0.29817364
0.3175437
0.30185473
0.29775673
0.28246236
0.30445418
0.31054476
0.3267717
0.3195382
0.31879488
0.31386632
0.31103128
0.3022721
0.3183502
0.3333102
0.36296037
0.36925352
0.3707921
0.35056943
0.34220347
0.3328841
0.34617585
0.3470474
0.33659768
0.33688983
0.3200281
0.34891734
0.33268574
0.35406196
0.33552846
0.35315812
0.34477603
0.35625386
0.34786582
0.3358864
0.324984
0.3222966
0.32417488
0.32945988
0.32768977
0.32711136
0.3214312
0.33485696
0.3356371
0.33708796
0.32636678
0.34811628
0.34709275
0.34311795
0.3205637
0.3301234
0.3399287
0.35008976
0.33876044
0.32367274
0.31405377
0.315836
0.32904822
0.34427336
0.33998954
0.34671688
0.34589452
0.3488077
0.3223094
0.33196044
0.32090533
0.35119757
0.33817965
0.34217986
0.32153344
0.31908947
0.3527088
0.3739033
0.37734395
0.35604212
0.348472
0.33160853
0.34600607
0.33169597
0.32890037
0.3149749
0.32534742
0.3459499
0.3357697
0.3196953
0.30620986
0.31014797
0.32219598
0.34190607
0.33648422
0.35009316
0.33396262
0.34077257
0.343862
0.35926068
0.37272984
0.36999688
0.37470397
0.3656918
0.35920468
0.34370682
0.34167868
0.32952538
0.32519445
0.31437066
0.31385303
0.31344417
0.33051696
0.3395955
0.34841204
0.34458128
0.35310054
0.3684121
0.4703532
0.6573071
0.49508056
0.41406366
0.37910986
0.37968045
0.37387064
0.3734183
0.36862057
0.35145432
0.36350146
0.3639022
0.35980207
0.34640995
0.3314021
0.36664173
0.38359168
0.4004963
0.37333927
0.3773312
0.39559367
0.39880767
0.40279433
0.38759193
0.39047354
0.37820604
0.36720002
0.35408002
0.35605305
0.3397323
0.33706665
0.30604646
0.31149215
0.3210452
0.3389364
0.34785995
0.3453533
0.35554078
0.34033737
0.32229024
0.2937387
0.3166192
0.35525197
0.39650086
0.39818197
0.3781137
0.37765244
0.3791723
0.39494234
0.38892415
0.38940477
0.3614901
0.3411496
0.3277416
0.33207148
0.321602
0.31414452
0.33625984
0.3553667
0.36054382
0.33659592
0.34650102
0.35999516
0.36901024
0.37943602
0.41415244
0.40996808
0.37120497
0.32958454
0.3416831
0.38708293
0.3981642
0.3834973
0.36326414
0.34314072
0.3970784
0.38745204
0.42543352
0.37488806
0.38514233
0.35222787
0.3713526
0.3662538
0.36734545
0.3531739
0.36483163
0.36128566
0.3519318
0.34243268
0.3322976
0.34936708
0.34304774
0.3721998
0.36941215
0.36912093
0.35887524
0.3563615
0.3414837
0.3324646
0.33379012
0.3731092
0.38291785
0.3806771
0.35109705
0.35655767
0.3628
0.3687546
0.34996435
0.35248742
0.350618
0.35795513
0.35210678
0.3507943
0.3489803
0.33924124
0.34571564
0.33452377
0.33417416
0.31769118
0.33915803
0.3757713
0.38997638
0.40121362
0.3793376
0.39585412
0.3746696
0.3932692
0.40450397
0.41666418
0.4142455
0.3763155
0.37072566
0.34201878
0.37573084
0.37712988
0.3851437
0.3647325
0.37570292
0.3706244
0.36707968
0.34332496
0.3157875
0.33226871
0.3568928
0.39660794
0.3722072
0.36369509
0.38726917
0.39143685
0.39945838
0.40229478
0.40635982
0.4076099
0.39792773
0.40786076
0.40149596
0.35327333
0.33332437
0.344153
0.3588538
0.36237803
0.35966486
0.36736166
0.39217317
0.3925348
0.38830405
0.3646378
0.354148
0.3692559
0.36666918
0.35324734
0.33635315
0.3330285
0.33204353
0.32315397
0.35008967
0.34001946
0.32121873
0.29471493
0.33152056
0.35028157
0.35101095
0.32984197
0.33905452
0.35372105
0.3380349
0.32917994
0.34305984
0.34318823
0.34269214
0.3275318
0.33676353
0.32750654
0.32020327
0.3191334
0.32573608
0.30650914
0.31782272
0.31779394
0.3387728
0.33712566
0.3370361
0.32727584
0.3193371
0.32365343
0.310792
0.32605714
0.32441583
0.33341756
0.3418296
0.3553128
0.3786429
0.3571858
0.3722034
0.35671753
0.3658101
0.34035155
0.35064378
0.36718714
0.3942912
0.41058674
0.3955119
0.3929265
0.3818374
0.37155172
0.3717604
0.40251213
0.42076075
0.39487922
0.3623443
0.36718965
0.38034898
0.38115302
0.38358504
0.40510082
0.411366
0.38184583
0.37962416
0.37237722
0.3850608
0.35638255
0.35936138
0.36128616
0.37958723
0.3749228
0.38239828
0.37833214
0.3955016
0.3891793
0.39731887
0.37736148
0.3977207
0.40017477
0.40524802
0.3961553
0.40347806
0.40609583
0.38389933
0.3727855
0.3936192
0.40342942
0.39973906
0.38580474
0.39316413
0.38080925
0.37534413
0.38222468
0.41296533
0.4349375
0.43295935
0.43711352
0.45092097
0.46549362
0.4600079
0.4531833
0.45096648
0.4525087
0.4418308
0.42961946
0.39998186
0.3878523
0.38555577
0.40411505
0.42585158
0.44465184
0.45816058
0.42712373
0.40175325
0.40498707
0.4223582
0.4625108
0.49710706
0.5308922
0.49153355
0.4409655
0.39626724
0.41063395
0.40760145
0.390352
0.40671644
0.4270129
0.4439191
0.40828878
0.39090484
0.39214396
0.39955285
0.4145051
0.4271776
0.4373316
0.4199991
0.42335176
0.4132983
0.43058962
0.42717165
0.42765123
0.5197464
0.5065155
0.5296645
0.43836835
0.45007542
0.45795935
0.44251812
0.43070227
0.40473354
0.39175543
0.38997585
0.37375215
0.40232196
0.4087787
0.4263372
0.40810195
0.40375116
0.4083458
0.39948803
0.41596678
0.39600503
0.39748564
0.3944029
0.41803887
0.4255158
0.40994784
0.4000549
0.38484943
0.3858383
0.3683804
0.3777103
0.34603053
0.3638458
0.3605906
0.39361873
0.37571144
0.37149313
0.41254115
0.40854374
0.41828915
0.3694279
0.37658945
0.3644893
0.3676074
0.37900564
0.396801
0.40380657
0.40634808
0.39568993
0.4056967
0.3833477
0.3964693
0.38201034
0.39443427
0.4113557
0.4390625
0.49001315
0.46754658
0.45816824
0.44503993
0.45574364
0.4712945
0.44782552
0.49806792
0.48256296
0.49838087
0.43453428
0.44401824
0.41662374
0.4366312
0.40883875
0.43430257
0.41186526
0.42386097
0.407867
0.43446377
0.43402424
0.44967875
0.43405768
0.45037326
0.44714296
0.4390053
0.4158939
0.38337186
0.38472074
0.37999305
0.3929549
0.38942373
0.37678313
0.3824908
0.39159638
0.3941369
0.39219755
0.39171556
0.4253682
0.42198044
0.405658
0.3636532
0.339958
0.38196626
0.4000771
0.41383228
0.36537358
0.38072142
0.3766632
0.37610418
0.3560293
0.36672342
0.3750472
0.4109383
0.41285962
0.43107653
0.4552474
0.45918027
0.43653235
0.37425137
0.36911687
0.35600913
0.36640203
0.34780708
0.37133318
0.41144192
0.41218248
0.39129165
0.37500194
0.34078312
0.35029045
0.39749244
0.42900723
0.41474485
0.4354324
0.35135442
0.35816783
0.365916
0.35055983
0.37669283
0.38250688
0.37317646
0.42022145
0.37219015
0.398824
0.364946
0.34022427
0.34887746
0.35582152
0.35847136
0.3506756
0.3407103
0.35727912
0.366421
0.3524341
0.3446097
0.3491271
0.33646008
0.35887936
0.3735359
0.37006631
0.36839184
0.35672438
0.35947365
0.36869633
0.38873377
0.4049765
0.3837916
0.39090744
0.36659288
0.36887932
0.36921147
0.38005602
0.41365048
0.4172707
0.4378995
0.41907945
0.4297608
0.4192008
0.41810292
0.4364599
0.41624224
0.38521287
0.4127035
0.41186586
0.45932525
0.44216284
0.41123778
0.4071685
0.3950882
0.42651865
0.44884703
0.47223774
0.43757287
0.41641736
0.4007271
0.4233075
0.3998014
0.4012677
0.4056895
0.41808987
0.40839297
0.42511275
0.3814304
0.37502778
0.3794015
0.35742
0.37361082
0.39049152
0.39442623
0.40851483
0.4114587
0.4098419
0.4198866
0.40028036
0.4194075
0.42116827
0.3986702
0.41742572
0.49299875
0.47965446
0.46465448
0.44446054
0.40967366
0.43389565
0.40288368
0.40473226
0.46924278
0.49713603
0.5285848
0.5203196
0.48126024
0.4484822
0.46655568
0.49677393
0.4390667
0.43537688
0.4150337
0.43805638
0.44056553
0.4332062
0.4412036
0.44776076
0.48623553
0.4903523
0.47533125
0.45069304
0.4669916
0.46488422
0.4797615
0.44460845
0.44546497
0.44079173
0.47546905
0.5046792
0.51820546
0.5212394
0.5399653
0.5099926
0.45950192
0.4485919
0.38983858
0.37532964
0.38650432
0.40747243
0.41408277
0.4783415
0.4939543
0.46985978
0.46114665
0.42536157
0.42058337
0.41033342
0.4260577
0.4001657
0.43126068
0.42798838
0.42335182
0.4194133
0.43788302
0.43225023
0.42014742
0.42634413
0.41396552
0.41365662
0.40533915
0.41675976
0.41813606
0.4036681
0.3998546
0.41256216
0.47535315
0.5534015
0.54708546
0.52174807
0.50005794
0.4470723
0.45695388
0.46807814
0.46671605
0.4831107
0.47338846
0.45955688
0.44119146
0.43600994
0.39827138
0.38939005
0.36966556
0.3977085
0.3858341
0.38382846
0.40821242
0.42506245
0.4101098
0.43376875
0.44402188
0.44193804
0.46939865
0.48014194
0.45609647
0.446578
0.42726913
0.42237142
0.42176887
0.45022708
0.4695923
0.46150526
0.48606685
0.48330802
0.48033184
0.47494295
0.5098535
0.48900688
0.48047313
0.5213298
0.55956906
0.58122945
0.6142837
0.58082134
0.5361969
0.48842388
0.46343824
0.45489708
0.46483877
0.4672126
0.45809534
0.46289945
0.43936953
0.43170518
0.4212217
0.43105733
0.4431801
0.44529122
0.45300516
0.43340096
0.46832606
0.47262758
0.5398703
0.6167104
0.5620823
0.5518915
0.54892063
0.50652796
0.47372806
0.49095097
0.47494122
0.46539667
0.4492272
0.45832846
0.4628098
0.49141985
0.5020835
0.5128406
0.5427374
0.5483639
0.536767
0.57019114
0.56056374
0.55686927
0.5462848
0.54886615
0.49807385
0.5044645
0.49444923
0.46184093
0.43559578
0.46482632
0.44653764
0.4512786
0.47351688
0.50353324
0.4872631
0.5032502
0.50572705
0.4891538
0.4662435
0.4687642
0.5418976
0.5202574
0.52418673
0.5078982
0.4981655
0.4763924
0.40347284
0.39594412
0.40553182
0.41823673
0.42306012
0.44713426
0.48035106
0.47629893
0.44958967
0.4486479
0.44347045
0.43520537
0.39894402
0.42162046
0.4808965
0.49458164
0.4852352
0.49618796
0.5196147
0.5639699
0.521162
0.50649637
0.490894
0.44980243
0.43148938
0.39149606
0.376279
0.38949
0.3910531
0.3882457
0.39707068
0.41706353
0.41887054
0.4391813
0.45217142
0.46096826
0.5030148
0.51129824
0.5191168
0.51110953
0.49167886
0.50324243
0.51094663
0.49603146
0.486741
0.49469182
0.50394124
0.53465396
0.51038986
0.5005437
0.49931866
0.5155261
0.49075925
0.5040738
0.4796926
0.4947942
0.49857986
0.4932417
0.4654039
0.47882622
0.4594066
0.48500144
0.47934073
0.48829213
0.52476656
0.52996904
0.5124791
0.5171975
0.51298714
0.5379406
0.54039156
0.52997637
0.549116
0.5754041
0.59448737
0.58002865
0.5484915
0.55349505
0.5449141
0.562537
0.5749471
0.55276716
0.5404322
0.5606771
0.5506977
0.5611904
0.5418054
0.5198704
0.53907347
0.5619378
0.583886
0.6086111
0.6573667
0.71512043
0.75461566
0.7762458
0.73720634
0.74710774
0.6727851
0.62479293
0.6319919
0.61833936
0.6373025
0.596174
0.6236554
0.7091518
0.6925594
0.6847661
0.6977267
0.6879033
0.6979971
0.67956173
0.6155407
0.6210238
0.64366835
0.61817807
0.6554522
0.6618052
0.6736305
0.6840694
0.70381415
0.6505155
0.662714
0.64329845
0.6350998
0.6448652
0.6622214
0.65449566
0.6443011
0.6864317
0.71876
0.75017333
0.72859305
0.75820917
0.78467864
0.84763676
0.8645144
0.9578404
1.0564387
1.1252567
1.1269164
1.2116331
1.2391196
1.1779153
1.1838119
1.1464285
1.085144
0.98954695
0.95093703
0.87284166
0.8613197
0.8377999
0.884053
0.8713913
0.86772126
0.9645048
1.0103639
1.0270333
1.0680474
1.0307579
0.95985717
0.95955765
0.8845719
0.8128003
0.7505212
0.71571803
0.6765179
0.67560786
0.62569964
0.62012047
0.63438684
0.63011837
0.6723602
0.67334515
0.7933027
0.82273245
0.91727155
1.0031229
1.0368727
1.0861751
1.1212311
1.2285206
1.3070897
1.4100442
1.3728812
1.2829753
1.2831059
1.2947038
1.3824143
1.3883432
1.3410155
1.2977667
1.3498079
1.4061038
1.3915507
1.3651555
1.3925029
1.5879283
1.5784396
1.6153299
1.6438158
1.5391724
1.6206095
1.6046383
1.6427982
1.4361689
1.435891
1.3902327
1.2915641
1.215083
1.1729779
1.172864
1.1243745
1.0725003
1.0798244
1.0898349
1.1262114
1.0865287
1.0620179
1.0564895
1.0402837
1.0781108
1.1263247
1.1375347
1.119443
1.1099305
1.1042773
1.1021858
1.1021858
1.1021858
1.1021858
1.1021858
1.1021858
1.1021858
1.1021858
1.1021858
1.1021858
1.1021858
1.1021858
1.1021858
1.1021858
1.1021858
1.1021858
