435.2415
120.87406
71.284134
55.40359
45.345417
38.294617
33.323353
29.554646
26.649885
24.190199
22.250254
20.631643
19.463324
18.27404
17.287983
16.332302
15.37059
14.70249
13.973897
13.422488
12.811065
12.326365
11.828451
11.407754
10.908726
10.588004
10.1868
9.847748
9.575019
9.275498
9.021883
8.768393
8.552738
8.239233
8.041617
7.8434205
7.6131835
7.4373016
7.26239
7.115869
6.9433894
6.73747
6.592799
6.4869523
6.3558116
6.221403
6.0595427
5.960662
5.805507
5.6626043
5.6149764
5.499846
5.361665
5.311778
5.1805415
5.11247
4.9888573
5.003616
4.856423
4.8074455
4.683012
4.561932
4.5058045
4.4446106
4.3444424
4.2863994
4.2486415
4.1740785
4.099518
4.051506
3.9537172
3.9449499
3.9125392
3.854144
3.7854273
3.748143
3.681337
3.6748114
3.5662158
3.5334334
3.5172765
3.4720287
3.4868143
3.4096098
3.3854072
3.3460422
3.283052
3.2468548
3.2462537
3.197146
3.1725414
3.132603
3.0865567
3.041368
3.030125
3.0092254
2.9345767
2.9064322
2.8811436
2.8907814
2.856249
2.8149726
2.7922533
2.7320566
2.7426922
2.706066
2.673289
2.6632073
2.6476161
2.6321254
2.5867662
2.5678515
2.5449822
2.5357041
2.5430553
2.5108507
2.4997108
2.4431965
2.4552479
2.418122
2.4135547
2.3728757
2.3585415
2.341711
2.339366
2.280324
2.2539864
2.2843368
2.2708783
2.2592409
2.2299278
2.1793053
2.1773546
2.167305
2.1581218
2.1243274
2.1499507
2.1302228
2.1088033
2.0862772
2.061747
2.0745745
2.0606165
2.033487
2.0123003
2.0122879
2.0109732
1.9612745
1.9800057
1.9815968
1.9785521
1.9591129
1.9425666
1.9421754
1.8993742
1.9474115
1.9113654
1.9082285
1.8827202
1.8985806
1.8622087
1.8470327
1.8309556
1.8550049
1.8177629
1.8066581
1.7983431
1.7763945
1.775599
1.7500001
1.765334
1.7779905
1.7429923
1.7347506
1.7174066
1.7192875
1.7259367
1.6956041
1.7142485
1.6976311
1.6594452
1.6899333
1.6787311
1.668112
1.6509691
1.6651647
1.6422261
1.647018
1.6407368
1.6434418
1.6217961
1.5993513
1.6228713
1.6141539
1.5836915
1.5750289
1.5680515
1.578124
1.5792878
1.5587031
1.5649179
1.5363286
1.5402038
1.5397011
1.5078207
1.5282968
1.5173101
1.496318
1.5038253
1.4875039
1.4890401
1.5049827
1.4732623
1.4844347
1.4519008
1.493161
1.4657382
1.4676334
1.4658766
1.4462745
1.444612
1.4542739
1.4399432
1.4369438
1.4287754
1.442015
1.4243397
1.4471401
1.4135386
1.4209168
1.4147393
1.3949767
1.3888634
1.3932906
1.3811095
1.3725644
1.383697
1.3696101
1.3821393
1.3899076
1.3797175
1.3929882
1.3724511
1.370596
1.3605031
1.3773417
1.3749607
1.3578829
1.3580508
1.3374817
1.3484138
1.3345144
1.3360815
1.3390939
1.3233212
1.3172957
1.3203396
1.3188108
1.3193029
1.3064889
1.3049271
1.3084179
1.2888446
1.2734325
1.2929736
1.2892978
1.2703056
1.272287
1.269729
1.2789387
1.2811373
1.2579652
1.2542356
1.2606192
1.2611674
1.2775259
1.2553589
1.2414755
1.2459333
1.2364738
1.2153509
1.2075896
1.2272532
1.2326647
1.220595
1.2045026
1.2104009
1.2170926
1.2077577
1.2096171
1.2012517
1.19352
1.1938565
1.1969756
1.1768991
1.1684184
1.2142577
1.1813015
1.1731424
1.1733537
1.1739883
1.16542
1.1655042
1.1606499
1.146266
1.1565038
1.148203
1.1512277
1.1304066
1.1480308
1.1425914
1.1438305
1.1520268
1.129364
1.1237414
1.1460301
1.1151067
1.1157705
1.1192433
1.1043637
1.1131129
1.1011328
1.1156372
1.1207272
1.1047652
1.1058241
1.1020669
1.0935644
1.0768464
1.0753983
1.0911533
1.077291
1.0852462
1.0663502
1.0736084
1.0769503
1.083184
1.0731398
1.0740824
1.0622716
1.0737194
1.051782
1.043747
1.0688107
1.0681776
1.0731468
1.0658493
1.0479337
1.043503
1.0376227
1.0414231
1.0364012
1.047273
1.0244242
1.0231524
1.0304251
1.0123466
1.0272211
1.0343829
1.013419
1.0250165
1.0290376
1.006217
1.0154264
1.0087558
1.0134618
1.0200914
1.0099475
0.99651515
0.99932665
0.9978496
0.98675466
1.0138978
1.007875
0.98914605
0.99632496
0.98490494
0.9892899
0.9836162
1.0010813
0.97670615
0.9722924
0.96914434
0.9824779
0.9889356
0.9687087
0.9790975
0.96770144
0.9615914
0.96899235
0.96574914
0.95433533
0.95052785
0.96650195
0.9589985
0.9591245
0.96856314
0.96879613
0.9613597
0.95602256
0.95524096
0.95592195
0.9401765
0.95487905
0.96267843
0.9617827
0.94345254
0.95097524
0.937842
0.9351246
0.9351775
0.93002737
0.9387693
0.9414992
0.9427108
0.9388171
0.93824506
0.95285416
0.9692089
0.9423976
0.9294867
0.9162881
0.91180634
0.91706574
0.9256065
0.94113415
0.9432698
0.9625922
0.90789783
0.907823
0.8989286
0.920193
0.9024579
0.8981365
0.8971414
0.88669854
0.88308406
0.88083017
0.88350314
0.89290196
0.87734854
0.8860561
0.8799077
0.8733449
0.89176065
0.8653526
0.87460977
0.863037
0.8641969
0.8777932
0.8703892
0.8623878
0.860281
0.8652823
0.85759974
0.8486589
0.8561101
0.84052527
0.8531599
0.85611826
0.84268117
0.8491321
0.852412
0.8550314
0.8469321
0.8335105
0.829948
0.8340344
0.8444622
0.82737195
0.8311045
0.83315563
0.8258465
0.83519167
0.8229787
0.81654096
0.8345388
0.82711697
0.8234379
0.80923957
0.8213437
0.8223776
0.81968576
0.8272352
0.80898106
0.8062751
0.82196456
0.8143272
0.8181266
0.812343
0.8205319
0.79428357
0.80062807
0.7997708
0.8001961
0.8038599
0.7883403
0.79266405
0.80528426
0.7998097
0.7994604
0.79392755
0.78270185
0.7889823
0.7915682
0.78402334
0.8031925
0.78654474
0.77389
0.7805079
0.7766727
0.7890626
0.7824481
0.79214406
0.7704312
0.78074145
0.7711778
0.7762364
0.7776353
0.76910967
0.7701504
0.763772
0.77479494
0.76386684
0.7547956
0.7504317
0.7569412
0.7571664
0.7590382
0.7561816
0.7608666
0.7536733
0.7507484
0.76794237
0.75774527
0.7495002
0.75268984
0.7499048
0.7478382
0.7590792
0.74663776
0.74074286
0.7499559
0.75009716
0.7478653
0.7536419
0.75271094
0.7406765
0.737696
0.7528113
0.7352181
0.7281307
0.7322801
0.7388604
0.72331303
0.73244655
0.7334962
0.74031717
0.7243144
0.74350876
0.72744393
0.7221377
0.72745305
0.7396792
0.74347466
0.7209757
0.71638113
0.71681553
0.7158007
0.71376556
0.7064456
0.7319452
0.7062961
0.69586116
0.69923884
0.7113022
0.7114612
0.72190505
0.71049803
0.70840126
0.709696
0.6931818
0.6950786
0.7201248
0.7073781
0.69641864
0.69129276
0.69887143
0.68658024
0.7013609
0.68667567
0.71405935
0.7279436
0.6861932
0.6933204
0.6813089
0.6824099
0.6982128
0.6874818
0.6813442
0.67976105
0.68199867
0.6777423
0.66252214
0.68237287
0.67152154
0.6680261
0.6608508
0.6795144
0.6654111
0.6600627
0.66398776
0.66648495
0.658567
0.6671039
0.6526218
0.6533122
0.6750234
0.6531475
0.6611132
0.6409054
0.6618337
0.6438656
0.64784926
0.65028274
0.6370431
0.6442673
0.649113
0.6463691
0.64970636
0.6397921
0.6662
0.6393544
0.64991313
0.6387176
0.6425369
0.6335911
0.64381117
0.63336104
0.6337955
0.6340228
0.64210135
0.6340782
0.6269713
0.63107336
0.63933855
0.62643605
0.6405076
0.6382054
0.6493117
0.62899816
0.63365144
0.6329711
0.6321532
0.628792
0.6271713
0.61553544
0.64256227
0.6276333
0.64224386
0.6211831
0.60696006
0.6265387
0.6211567
0.61159414
0.6209381
0.6133037
0.62075865
0.60071045
0.6133711
0.62224555
0.62571067
0.6191318
0.6020623
0.61339784
0.6238757
0.60887724
0.60501194
0.6043552
0.6150952
0.6121309
0.60739726
0.5968512
0.60608387
0.60272914
0.58881176
0.5913873
0.5859268
0.59796274
0.5866858
0.5956575
0.60936
0.576465
0.5843907
0.58748174
0.5930979
0.5887372
0.5846467
0.59096557
0.5840279
0.5783599
0.58739984
0.58593184
0.5798939
0.5843766
0.5847246
0.5860519
0.58576894
0.5762167
0.57394534
0.56969947
0.5747114
0.57570004
0.57806385
0.57333434
0.57492214
0.5584106
0.56367594
0.5677604
0.5617782
0.5774271
0.5586666
0.56092805
0.5716671
0.57981825
0.55749565
0.5622278
0.5760739
0.5558978
0.55434805
0.57033944
0.5615752
0.5519732
0.55993336
0.5528032
0.5755242
0.56902045
0.5635414
0.5583797
0.54621136
0.54868054
0.54767907
0.5485446
0.54516125
0.541979
0.55425596
0.5450502
0.55646765
0.5402441
0.55693305
0.542245
0.5452964
0.5498984
0.5472714
0.55731153
0.55831766
0.53656614
0.5426036
0.53219575
0.54371095
0.54785067
0.5440155
0.5458523
0.5392447
0.5373803
0.536493
0.53438276
0.5381658
0.5345545
0.53732884
0.5324299
0.53502697
0.53826946
0.5296376
0.52632844
0.5226992
0.53243375
0.53149724
0.51784575
0.51833063
0.5335087
0.54583454
0.5371207
0.5231783
0.51967233
0.5251711
0.514883
0.52826905
0.50547945
0.5178151
0.52067417
0.5008161
0.5110711
0.5129812
0.50894946
0.50486666
0.5101037
0.5147922
0.5144434
0.50905615
0.50698596
0.5103487
0.4989885
0.5030274
0.50030273
0.5048003
0.5035697
0.51222366
0.5004318
0.5078803
0.49788278
0.50411445
0.5009974
0.4980834
0.48496413
0.49848032
0.48916492
0.48436093
0.48798573
0.49162686
0.48332757
0.4926185
0.49331024
0.5008889
0.47481045
0.48618793
0.4757796
0.4871571
0.48463628
0.48816526
0.48100543
0.47922486
0.48564366
0.49754277
0.49848711
0.50396425
0.47586656
0.48503482
0.4926167
0.48388234
0.48615256
0.4798371
0.47516
0.482096
0.4758952
0.49692214
0.47984058
0.46710232
0.46624118
0.46276134
0.47579962
0.4756291
0.481508
0.4729437
0.46483025
0.47353315
0.4693658
0.46252438
0.466929
0.4723423
0.46376857
0.46969947
0.46088168
0.477599
0.45726898
0.46228278
0.4567984
0.4628128
0.46640286
0.46102783
0.46301004
0.45887282
0.4637218
0.463793
0.4633455
0.44814476
0.44531554
0.4564992
0.45800176
0.45247406
0.44471157
0.47107372
0.4602005
0.44487166
0.45358378
0.4404676
0.44558135
0.44135186
0.44913596
0.4598034
0.45270082
0.44862545
0.44313008
0.44406375
0.4493028
0.4437089
0.44208902
0.43267432
0.4315013
0.43836486
0.431383
0.45478728
0.4495851
0.43437093
0.4296608
0.44127712
0.44444486
0.44834322
0.4472575
0.4381489
0.43966812
0.4317853
0.4276262
0.42603698
0.4278875
0.42994902
0.42835745
0.43357453
0.42865288
0.4372217
0.43611652
0.44003505
0.42373577
0.42600352
0.42791045
0.4357484
0.41617966
0.4275246
0.4298431
0.4257215
0.43034345
0.42177126
0.4260239
0.4267386
0.41797474
0.42198572
0.41743097
0.41819942
0.42412046
0.42663494
0.41619948
0.4159205
0.42394528
0.4141903
0.41531956
0.41263455
0.4121474
0.41657805
0.40840834
0.4253154
0.4314362
0.4186669
0.41985238
0.41949132
0.41442972
0.4169731
0.4107655
0.40639
0.41080454
0.41453
0.4077668
0.4111631
0.4188416
0.42065886
0.41123056
0.41446432
0.4113578
0.41254666
0.41178694
0.41085792
0.41638255
0.42683768
0.4134184
0.40735978
0.40934303
0.4036626
0.40266907
0.3947937
0.4115997
0.3989564
0.40079984
0.39089075
0.40307316
0.395251
0.39409104
0.3895495
0.3947305
0.40219107
0.4009596
0.39413482
0.38999876
0.39369845
0.3860235
0.39993837
0.38797697
0.3849738
0.38707903
0.39133698
0.38239792
0.39511558
0.38202733
0.40534785
0.38559607
0.3926294
0.3861703
0.39056146
0.3882606
0.38707817
0.40362847
0.42439553
0.39566192
0.39831227
0.39106363
0.37559572
0.37837037
0.37691998
0.3838123
0.38232937
0.3911454
0.3755392
0.38839373
0.38487333
0.39027685
0.38049465
0.38442567
0.37423715
0.3740922
0.384677
0.36891016
0.3630937
0.3661141
0.37391976
0.3642204
0.37365502
0.38063726
0.36451292
0.3734162
0.3704582
0.37082532
0.36323103
0.36768737
0.3908033
0.36718476
0.36412328
0.37528422
0.36967582
0.36397776
0.3658757
0.37174252
0.37196502
0.36587673
0.35990137
0.36429116
0.35811493
0.36638233
0.37030432
0.36415517
0.3627699
0.35005122
0.3704795
0.37178153
0.35588166
0.34875795
0.3705376
0.3647303
0.35816947
0.3609615
0.36048126
0.35221636
0.35991344
0.35091045
0.3507741
0.36345732
0.35624614
0.35568246
0.35945782
0.36025217
0.3604064
0.3579147
0.36614862
0.35534394
0.35570318
0.36636487
0.35809687
0.35464263
0.3556989
0.346526
0.35773975
0.3503944
0.3520011
0.35111812
0.3567271
0.34377003
0.34821868
0.35951167
0.35566056
0.35683528
0.34465125
0.35240012
0.34461552
0.34792143
0.35446516
0.35404387
0.36242613
0.34716314
0.34212315
0.35603732
0.34295833
0.33528113
0.34798697
0.33978683
0.33537397
0.33171162
0.35412386
0.35133773
0.32623106
0.3507114
0.33490053
0.3385392
0.32794
0.3422317
0.3463214
0.33565807
0.3345288
0.34800524
0.330752
0.33518684
0.33693066
0.35011485
0.33157897
0.34519464
0.36785686
0.3474677
0.3374133
0.33884072
0.34055215
0.33543843
0.3338922
0.34144014
0.3390432
0.32729796
0.33953837
0.3378297
0.33059314
0.32463494
0.3298103
0.3329001
0.32191423
0.33499664
0.3288087
0.32897523
0.3243583
0.33235657
0.32751402
0.3218998
0.33434248
0.3266856
0.3220385
0.32748
0.32245275
0.32288128
0.32525814
0.32121545
0.32358527
0.31972617
0.3283926
0.33126846
0.32050493
0.32794106
0.32038566
0.3275045
0.31663743
0.3191123
0.31874847
0.32637694
0.3371932
0.31363422
0.3266876
0.32572907
0.31951493
0.3322957
0.32662624
0.32540494
0.31426355
0.32079569
0.31395656
0.3207715
0.31093818
0.33113638
0.3186057
0.33227476
0.31799957
0.32284084
0.31628758
0.30709893
0.3229141
0.31998053
0.316566
0.31053975
0.33407456
0.30774075
0.32191545
0.3165183
0.31045792
0.30924425
0.32078943
0.3177152
0.31861693
0.31861502
0.31945872
0.31101456
0.3200081
0.31243017
0.312854
0.31294334
0.3117883
0.30964738
0.30748078
0.32994702
0.30984867
0.31171176
0.3083639
0.3138031
0.29901105
0.31753555
0.3095699
0.29842806
0.30236527
0.301672
0.30703342
0.31203493
0.3169412
0.30133188
0.31704754
0.31300515
0.3080681
0.2997884
0.30456716
0.29924917
0.29933345
0.2985735
0.2952828
0.3158398
0.29471695
0.30808038
0.29595038
0.29500574
0.2932517
0.30725184
0.29624364
0.30236578
0.30388033
0.2980509
0.2929829
0.2925828
0.29250118
0.2885434
0.3019933
0.31684703
0.29202572
0.29884636
0.30134407
0.2868713
0.28907135
0.29977882
0.29046693
0.2901136
0.2910504
0.2896726
0.29081568
0.28510362
0.28363726
0.2873924
0.2857704
0.295496
0.28945157
0.28932303
0.2965576
0.2993246
0.29013285
0.28181213
0.29389685
0.28692263
0.28703517
0.3002058
0.28614908
0.29111362
0.28191468
0.29140276
0.2772877
0.29312018
0.27839312
0.28341392
0.2840946
0.29514316
0.29262456
0.2878334
0.2920245
0.28639865
0.29098102
0.29624465
0.28490645
0.28080463
0.29265246
0.28551605
0.28047422
0.27791366
0.2826957
0.28343317
0.28488496
0.28631806
0.27888748
0.27711153
0.28122795
0.26853156
0.27761665
0.27936605
0.28368834
0.27182353
0.28273776
0.27647546
0.2781281
0.27803645
0.26852635
0.27388734
0.278523
0.28170916
0.27671865
0.2765558
0.27831703
0.27194238
0.27749377
0.27798027
0.27061734
0.26825264
0.2763381
0.27452582
0.27718636
0.27353254
0.27545735
0.2755652
0.27676848
0.26452285
0.2677172
0.27106825
0.27245966
0.2754772
0.26905897
0.275393
0.2677427
0.26283655
0.26441702
0.2777963
0.2690707
0.2687475
0.2743222
0.269949
0.26910523
0.26439312
0.2607858
0.2665722
0.27157968
0.2580896
0.27174374
0.263052
0.26259938
0.26565394
0.26502287
0.26691547
0.26037648
0.2584539
0.2674096
0.25995603
0.26902992
0.26053542
0.26307592
0.27132896
0.2610736
0.26474217
0.2698238
0.2578625
0.26904866
0.26176125
0.25686553
0.2589048
0.25879648
0.2652485
0.26735565
0.26081192
0.2496525
0.25045067
0.26129103
0.26928675
0.2612314
0.25570244
0.25603485
0.25844303
0.25495747
0.25935003
0.25920162
0.2493721
0.25899175
0.25476995
0.25534958
0.25397345
0.25237894
0.25147322
0.27004212
0.2615432
0.25720537
0.25617585
0.26256058
0.24631298
0.252248
0.2586117
0.25645158
0.25505158
0.2562369
0.2532763
0.25261852
0.25311354
0.25866035
0.24930678
0.2534288
0.24330533
0.26326346
0.25655988
0.26291203
0.25593057
0.253696
0.25025594
0.25121096
0.2535714
0.25057423
0.24790111
0.25406867
0.25707778
0.25399822
0.24369879
0.25629935
0.2524667
0.24651176
0.25343794
0.24455675
0.2536274
0.2412866
0.24754389
0.24676137
0.25828606
0.24868779
0.24884135
0.23956487
0.2546948
0.2567732
0.24011111
0.23973766
0.24842736
0.24186017
0.24814631
0.2389082
0.24643157
0.24705741
0.24834664
0.24642155
0.24436326
0.25153992
0.24309604
0.23606126
0.23968273
0.23542918
0.23804311
0.24384275
0.23527873
0.23893332
0.24681304
0.24317624
0.23947716
0.24091688
0.23415805
0.24823697
0.23333676
0.23874168
0.24620791
0.2393582
0.23824985
0.24122861
0.23210132
0.24140567
0.24538018
0.23209941
0.24200559
0.23742719
0.2385448
0.24315195
0.2504574
0.24693729
0.2373815
0.2279229
0.2375428
0.22953457
0.236432
0.2414091
0.23681808
0.23601274
0.23410153
0.23133792
0.24444528
0.22526297
0.24167307
0.23113233
0.22987556
0.23568922
0.23236957
0.24557036
0.23485991
0.22804898
0.22696006
0.22708967
0.23570794
0.2385955
0.22233652
0.2253394
0.23815459
0.23457749
0.23901252
0.2300668
0.22939943
0.23578185
0.2262349
0.23483752
0.23675507
0.23241599
0.23506643
0.2345751
0.23559244
0.2317873
0.22705111
0.23534232
0.23114143
0.22981752
0.22940229
0.22816437
0.23151068
0.23612584
0.23408714
0.23170435
0.22519197
0.2287759
0.22206195
0.2360732
0.22962111
0.22470208
0.23834969
0.22962834
0.22942817
0.22481637
0.22623909
0.22680981
0.2241529
0.23104542
0.2333466
0.2317958
0.2307163
0.22562215
0.22348584
0.22417292
0.22040418
0.23657978
0.23320596
0.23448375
0.22560121
0.23281717
0.23310077
0.21948986
0.22415113
0.2279921
0.22835264
0.22498344
0.22204673
0.21899517
0.21873859
0.2134425
0.22450237
0.22293632
0.22661461
0.21733946
0.21692847
0.21650934
0.21956354
0.2165292
0.21761762
0.2218574
0.22314577
0.21311332
0.21758765
0.22573043
0.22165854
0.21804488
0.22516954
0.22916567
0.22241978
0.22239697
0.21795253
0.2315981
0.21501885
0.2234509
0.21720175
0.2147969
0.2238437
0.21496674
0.22003098
0.22230044
0.21466294
0.21493642
0.21520802
0.21850333
0.21768756
0.21950282
0.21598592
0.22745726
0.21118312
0.2189679
0.22324881
0.2282876
0.21172228
0.22578655
0.22041126
0.215791
0.2208604
0.21994838
0.22038202
0.21610571
0.21338364
0.21182394
0.21806747
0.21306503
0.2093552
0.21409473
0.21261907
0.21010207
0.21369824
0.21515554
0.21678717
0.21324162
0.21038981
0.21302636
0.22251165
0.21019214
0.22135533
0.21725647
0.20824593
0.21030788
0.21408293
0.21537568
0.21158099
0.21237347
0.20666547
0.20863777
0.20992652
0.19691937
0.21471494
0.21185003
0.20744382
0.2179334
0.23340814
0.22613959
0.2093345
0.22238226
0.20864742
0.20240481
0.20212118
0.21070588
0.20828241
0.20585698
0.20450197
0.20838317
0.22587034
0.21180317
0.20955077
0.21148671
0.20292588
0.20788829
0.2126548
0.20296007
0.21317843
0.20667645
0.20175673
0.20381278
0.20059195
0.19452658
0.21770152
0.21206407
0.20558204
0.20740843
0.20166521
0.21227765
0.20459597
0.20765683
0.2060834
0.20427093
0.20812038
0.20448524
0.20869301
0.2128036
0.20330797
0.20327477
0.20010015
0.20186345
0.1941827
0.20528604
0.20141964
0.20622382
0.2024038
0.19757852
0.2053069
0.19758399
0.20281485
0.19979714
0.20690857
0.20066185
0.19971755
0.19989927
0.19581677
0.20609535
0.19633925
0.2069918
0.19721945
0.19895373
0.19578321
0.1969718
0.20037071
0.20196494
0.19933954
0.19646579
0.2018931
0.19821656
0.19950056
0.2049016
0.19276655
0.20137097
0.19401234
0.20219815
0.20892152
0.20073876
0.20101249
0.20777021
0.2030906
0.19904116
0.1982467
0.19366391
0.19533662
0.19706194
0.20308007
0.19528453
0.19481312
0.20567562
0.1931432
0.20175035
0.20405452
0.18992114
0.19662854
0.19983493
0.18871799
0.20033035
0.19527161
0.19263434
0.18952802
0.19982329
0.19789179
0.19535737
0.18833113
0.1986197
0.19539231
0.1956397
0.20120533
0.19122542
0.19756237
0.19582872
0.19991496
0.19834338
0.19046406
0.19533795
0.19349116
0.19542074
0.19465888
0.19171004
0.19707604
0.20331809
0.20000401
0.1999317
0.21468632
0.21166384
0.19108884
0.20157103
0.20103204
0.19060345
0.19340512
0.18205811
0.18984121
0.18187489
0.19034152
0.19122525
0.20047908
0.18831621
0.19247024
0.18691516
0.19162557
0.18837538
0.18161453
0.18617597
0.18736693
0.19400248
0.18452752
0.193066
0.18764637
0.20772205
0.18709424
0.18606968
0.18418829
0.18709865
0.191875
0.18769963
0.18974084
0.19663174
0.18363507
0.18640713
0.18997285
0.18635821
0.18745409
0.17845237
0.18978822
0.18144618
0.18648122
0.18635249
0.18624203
0.19370228
0.18428473
0.19229159
0.18391371
0.18121256
0.18411888
0.1888648
0.19424364
0.18656343
0.19157682
0.18723524
0.19012552
0.1770037
0.18514387
0.18517873
0.18266225
0.18015891
0.19457044
0.18310247
0.1870879
0.19125514
0.18310788
0.19111001
0.18603215
0.18233004
0.17634182
0.19130194
0.1956423
0.17865495
0.18486358
0.1858159
0.18687692
0.18725985
0.18574415
0.19240128
0.17686422
0.18889375
0.19112004
0.18385737
0.18323739
0.19096383
0.18234643
0.18306626
0.18488947
0.18472664
0.18759999
0.18822935
0.19019128
0.17847243
0.18018775
0.1850538
0.18891342
0.18584663
0.18078026
0.18081807
0.1753949
0.18116044
0.18126103
0.17843784
0.18133803
0.18126602
0.17808104
0.17941737
0.1854009
0.17938656
0.18236895
0.18748549
0.17830431
0.17856957
0.18283595
0.17750138
0.17617035
0.1725385
0.18018226
0.1693163
0.18266824
0.18875954
0.17014569
0.17915097
0.17399657
0.18496461
0.1742679
0.17672253
0.1770328
0.17719053
0.17005897
0.18849981
0.17921655
0.18574424
0.1789041
0.18025199
0.17582758
0.17446034
0.1773571
0.17966871
0.18583472
0.17531699
0.1788678
0.17247337
0.17459688
0.1772182
0.17316869
0.17450316
0.17812823
0.17577903
0.17185694
0.17214766
0.17287329
0.17312476
0.17950156
0.171677
0.1738779
0.1668322
0.17437121
0.17060113
0.17223419
0.1785908
0.17384154
0.17361324
0.17307426
0.17526902
0.17515606
0.17319833
0.1729024
0.17237076
0.1744954
0.17352045
0.17482197
0.1706848
0.17281099
0.17837794
0.16970758
0.16959819
0.16660084
0.16987978
0.16708562
0.17643747
0.17035452
0.16963145
0.17182325
0.16756926
0.16971348
0.1727405
0.16946651
0.1746031
0.17827049
0.17159715
0.1748626
0.16825241
0.16641283
0.1745361
0.17485474
0.16681494
0.16511424
0.16711639
0.16579635
0.1708522
0.1677123
0.16422465
0.17257506
0.17461854
0.16135651
0.16878931
0.17342344
0.17473684
0.17468652
0.17078245
0.16470179
0.17493305
0.16423179
0.16894802
0.17221323
0.16639075
0.16907574
0.17067645
0.16570175
0.16654511
0.17111585
0.16552705
0.16854326
0.16722725
0.16964088
0.17600365
0.1691438
0.1639855
0.16854742
0.17623203
0.16915366
0.16954677
0.17250708
0.17648733
0.18139274
0.1697617
0.16527465
0.16725034
0.15882844
0.18274811
0.15980078
0.1709279
0.16911882
0.16830902
0.17398116
0.16151528
0.1735511
0.16344985
0.16504695
0.16912638
0.15897723
0.17192632
0.16724892
0.16452381
0.16194262
0.16233796
0.17213191
0.16375835
0.16799514
0.1667357
0.16414341
0.17228413
0.17385817
0.16935806
0.17150263
0.1683104
0.1671716
0.16728841
0.15845285
0.16565971
0.16712032
0.16506681
0.16033259
0.16231325
0.17389514
0.16993651
0.15975226
0.16280776
0.16205105
0.16033678
0.16700399
0.17689519
0.16236481
0.16168165
0.15906905
0.16159754
0.16343859
0.16250032
0.1636976
0.15235089
0.1821029
0.19340898
0.16767547
0.16192123
0.1617328
0.16336927
0.16531101
0.1605539
0.15925072
0.17050181
0.16552967
0.15991548
0.15405779
0.15965909
0.1655189
0.1644585
0.16531928
0.15966064
0.16692011
0.16792677
0.1677766
0.16660793
0.1677929
0.1612145
0.16742581
0.15763985
0.1574475
0.16054633
0.1639944
0.16371983
0.16134565
0.16569526
0.16502081
0.15914887
0.17004883
0.15861192
0.1715045
0.15419504
0.16357692
0.15657674
0.153488
0.16059558
0.16701156
0.16660681
0.16008358
0.16055866
0.1617069
0.15793562
0.16335803
0.16139138
0.16603902
0.16218838
0.15972717
0.15314148
0.15935518
0.16628204
0.16271985
0.16807953
0.15328513
0.1611184
0.16359633
0.15658522
0.16480164
0.16296563
0.16549055
0.16546114
0.16302009
0.15280111
0.15066808
0.16300306
0.15254448
0.1629641
0.15909958
0.16562842
0.1651158
0.16419084
0.15515055
0.16258372
0.16142115
0.16014558
0.15813652
0.15417564
0.16717894
0.16173227
0.15649784
0.16007794
0.16053496
0.15799505
0.16231933
0.1576026
0.15745872
0.16572577
0.16979131
0.1562339
0.16271509
0.1479968
0.16021487
0.15580186
0.15767042
0.15929513
0.16215323
0.15788233
0.15787771
0.16607325
0.16052191
0.15172286
0.15490067
0.1566269
0.15281105
0.16663384
0.16323093
0.15515387
0.15254585
0.16703087
0.15555519
0.15220849
0.15676847
0.16183792
0.15428479
0.15672693
0.16082628
0.15617874
0.16459915
0.1536206
0.1585439
0.15606457
0.15422389
0.15197857
0.15715136
0.1516724
0.15816396
0.1572085
0.15768039
0.15957142
0.15025462
0.167252
0.15305491
0.1498219
0.15307304
0.15322743
0.1603685
0.15651944
0.15621991
0.1556962
0.15796243
0.15671486
0.15627731
0.1590853
0.14992881
0.15639186
0.15406932
0.16145311
0.15524715
0.15178388
0.1505682
0.15017112
0.14951596
0.15361007
0.15525785
0.15151264
0.1576656
0.15241906
0.14864783
0.14646079
0.1569161
0.15730937
0.15984556
0.14806595
0.15125944
0.15607017
0.15058656
0.15556532
0.14250512
0.15826114
0.1531791
0.15422586
0.15661754
0.15157817
0.1522776
0.15431978
0.15410465
0.1570573
0.16025397
0.15388763
0.15324862
0.1665027
0.15805446
0.14693634
0.15137373
0.14741422
0.1542612
0.15517595
0.15036619
0.15527537
0.16508758
0.1499365
0.16005614
0.15525796
0.15140644
0.1562895
0.1523412
0.1614917
0.15404767
0.1522192
0.1555617
0.15464579
0.16063187
0.15467577
0.14908332
0.15156291
0.14867511
0.1498376
0.14822294
0.13928024
0.14801002
0.1524996
0.15378635
0.1474915
0.15420848
0.15043189
0.15333971
0.15296055
0.15134655
0.15240696
0.15436238
0.15072854
0.1606266
0.1499086
0.14683841
0.14945641
0.15063244
0.15623327
0.1554656
0.16605449
0.15065475
0.15626514
0.15651688
0.14591853
0.14832646
0.15858455
0.14974502
0.15814452
0.1429827
0.15018031
0.15643817
0.15454848
0.1497185
0.14475612
0.14725783
0.15236935
0.15163793
0.14494586
0.15649472
0.14708728
0.15046965
0.15044412
0.14815547
0.14978239
0.15213144
0.14842017
0.15641949
0.15052712
0.14466268
0.14532891
0.16126281
0.14793707
0.15305476
0.15210213
0.14822946
0.15087223
0.1543351
0.15752836
0.14167082
0.15548353
0.14879254
0.1549256
0.14044575
0.13941592
0.16144854
0.14743114
0.14394534
0.14888225
0.1494547
0.14284046
0.16038036
0.14123593
0.1430969
0.14473508
0.15181904
0.14445926
0.14903687
0.14664261
0.14846
0.14495818
0.14548112
0.15231045
0.14419296
0.14734225
0.14604679
0.14918062
0.14695713
0.146001
0.16298562
0.14645213
0.1463536
0.15850034
0.15381281
0.1403141
0.15029912
0.14802516
0.14833523
0.15208815
0.16335857
0.15300177
0.15040268
0.14887375
0.14651765
0.14260839
0.14379513
0.1390019
0.14398274
0.14770284
0.14613812
0.14767906
0.14883141
0.14625771
0.14381135
0.1548042
0.15075518
0.14796627
0.14896241
0.15499708
0.15240635
0.19691598
0.17630279
0.14557956
0.15313578
0.14816168
0.14943752
0.1551641
0.1467715
0.14398241
0.15282285
0.14054042
0.14759983
0.14851959
0.14663942
0.15209775
0.1436664
0.13617024
0.14433265
0.14457181
0.1417573
0.13968056
0.15058744
0.14367694
0.14785829
0.1521764
0.14363113
0.14165178
0.13822931
0.14181998
0.14773409
0.14468317
0.13919678
0.15428896
0.14741053
0.14616837
0.1489784
0.14994577
0.14166781
0.15003814
0.14210387
0.14973976
0.14568089
0.13462223
0.1371652
0.14439823
0.13543345
0.13898647
0.13806304
0.14551179
0.13674854
0.13932455
0.14076515
0.14667207
0.14795566
0.1525597
0.14920522
0.14760336
0.14286736
0.1421389
0.14256683
0.14223109
0.14046189
0.14200075
0.14973545
0.14160983
0.1432599
0.14548837
0.14031884
0.15063481
0.14391485
0.155624
0.14083292
0.14295153
0.13580748
0.1351587
0.13699797
0.13894431
0.13827449
0.1446127
0.14481716
0.14938167
0.13678806
0.13950476
0.14359596
0.13928385
0.13979715
0.14104539
0.14009406
0.13881858
0.14923291
0.14515516
0.13929185
0.14045516
0.13595536
0.14190662
0.1400064
0.13926761
0.14481036
0.1385392
0.14210145
0.150134
0.1397546
0.15063056
0.14951077
0.14046343
0.14431152
0.14322197
0.1416625
0.1371756
0.15135346
0.13401261
0.14014937
0.13722488
0.14773402
0.1379675
0.13628736
0.14711906
0.14498642
0.1420342
0.15113083
0.1469045
0.16849591
0.14759041
0.1389778
0.14361936
0.14229423
0.15205488
0.14546746
0.1458172
0.14955729
0.13778849
0.13154012
0.1420197
0.14491872
0.14903377
0.14167282
0.13464423
0.14499551
0.14194651
0.14430428
0.14057204
0.14089973
0.14497454
0.1446403
0.14510785
0.1370092
0.14646415
0.13745964
0.1336754
0.13864522
0.13783816
0.14675985
0.1383701
0.14274685
0.14475289
0.13546538
0.14318013
0.13693789
0.13919841
0.14313054
0.15846807
0.14073664
0.14066324
0.14955443
0.15201129
0.14046025
0.14381525
0.14067306
0.13271387
0.13620444
0.14306694
0.13600454
0.14385618
0.13592221
0.14848804
0.1345809
0.1307843
0.13813183
0.14233102
0.12820691
0.14488466
0.14284015
0.137283
0.14403291
0.1366571
0.13925296
0.13793324
0.14261265
0.14109786
0.13675839
0.14002702
0.13351402
0.14692818
0.14083347
0.13396893
0.14061098
0.1449509
0.14803043
0.13539167
0.14200518
0.13860202
0.14126635
0.13887306
0.13715617
0.14386332
0.14077643
0.15422998
0.13942124
0.13560466
0.14659752
0.14225078
0.14102705
0.13610318
0.13881405
0.13572003
0.14069395
0.14135826
0.14853504
0.14349094
0.14026342
0.13677257
0.14522423
0.14357245
0.1338434
0.13751361
0.14069517
0.13796777
0.13738798
0.15158711
0.13422747
0.13684884
0.1431095
0.1353705
0.13340576
0.13234118
0.1413315
0.13806476
0.15094297
0.13968088
0.13876836
0.14379254
0.13798606
0.1439149
0.14990224
0.1390246
0.14561924
0.14124754
0.14171785
0.14208898
0.13176967
0.14366288
0.14208151
0.13734141
0.13544992
0.1369604
0.13263212
0.13715883
0.13797955
0.18126638
0.17110167
0.13898972
0.13361679
0.16664073
0.1358384
0.14051265
0.13787995
0.14083019
0.15513751
0.13793777
0.13136484
0.13983978
0.13881049
0.13884814
0.1473246
0.13884386
0.1331712
0.13491973
0.14016828
0.13284466
0.13657154
0.1346951
0.13723348
0.13821447
0.13529134
0.13709007
0.13016047
0.14048913
0.13722643
0.14108625
0.13071916
0.13136174
0.1385149
0.14379296
0.1364673
0.13639286
0.13560517
0.12686336
0.14173885
0.13581891
0.12981184
0.13038449
0.13087745
0.13446866
0.1331923
0.13687247
0.13796084
0.12849167
0.13972747
0.13596758
0.13575736
0.14013007
0.14822195
0.13691182
0.13569492
0.13195094
0.13339595
0.1468948
0.14282441
0.13907567
0.14583914
0.13460572
0.13975668
0.13767621
0.13641645
0.13722783
0.12762673
0.13671105
0.14085752
0.1365759
0.13489543
0.14976564
0.12937213
0.13333301
0.13605943
0.1360957
0.13625458
0.12770426
0.13690725
0.13756491
0.14202264
0.13158453
0.13375811
0.12776332
0.13799043
0.14607523
0.12896587
0.13364008
0.1355693
0.13654959
0.13502188
0.14336267
0.13191025
0.13560876
0.14494877
0.14554998
0.14192516
0.14000788
0.1271675
0.12871785
0.13604239
0.14127056
0.13279982
0.13636297
0.13328333
0.14034511
0.1346442
0.13455975
0.13533841
0.13300462
0.14136548
0.13203807
0.14499803
0.14049809
0.13098627
0.13524178
0.14781578
0.13426954
0.14125869
0.13924375
0.14760181
0.12922066
0.1363876
0.13148455
0.13820186
0.14535259
0.13536549
0.140207
0.13386163
0.12641875
0.13053656
0.1366619
0.13629311
0.13889998
0.13882037
0.13668725
0.13249221
0.1427439
0.13264927
0.14051074
0.134382
0.13674754
0.13492069
0.13116875
0.13760428
0.13494836
0.13046117
0.13924918
0.13673641
0.14081156
0.13548426
0.13321383
0.13358824
0.13179135
0.13375208
0.13448094
0.13299799
0.14719658
0.12979716
0.14464903
0.14565955
0.14057107
0.12924722
0.1360276
0.14086309
0.14182642
0.12962489
0.14112997
0.13772586
0.1405731
0.13236998
0.13368787
0.14691427
0.13541582
0.12931286
0.14592335
0.12822635
0.1337125
0.1390576
0.13609424
0.13297267
0.13153571
0.13146593
0.12845038
0.12781495
0.14009698
0.13649395
0.13673414
0.12393706
0.13608752
0.13483252
0.13196526
0.1342903
0.1259482
0.13181186
0.13444832
0.12571721
0.13129413
0.14343202
0.1319414
0.13592565
0.13007173
0.12962726
0.1293143
0.12848929
0.12979907
0.13760673
0.13740984
0.13141888
0.1378782
0.12764633
0.1425608
0.15096302
0.13369793
0.13197845
0.13361418
0.12889113
0.14525124
0.1338925
0.13436988
0.134018
0.13546675
0.13361688
0.13470076
0.13195045
0.12959838
0.13619013
0.13437326
0.1331368
0.13346218
0.13830154
0.12466657
0.13617341
0.1353375
0.13299032
0.1398317
0.1318802
0.12929507
0.13082124
0.1345974
0.14130382
0.13815634
0.1304128
0.12553856
0.12589447
0.13439822
0.12684484
0.13168368
0.14534816
0.13795617
0.13127196
0.13329025
0.13228479
0.13818522
0.13597792
0.13441662
0.12755811
0.13433298
0.13490814
0.14511417
0.12359837
0.12909362
0.12710415
0.13927788
0.13153096
0.12059815
0.13856752
0.12296854
0.13768704
0.13441095
0.14016522
0.13601281
0.132684
0.13697346
0.13076958
0.13532797
0.12929584
0.12711452
0.12261782
0.12085411
0.12953046
0.13182639
0.12761615
0.136152
0.12669945
0.12852052
0.14445856
0.13663012
0.1255607
0.13396698
0.12755942
0.12712675
0.12657692
0.12773788
0.13052274
0.1325494
0.12506555
0.1341889
0.1260504
0.13224824
0.12965108
0.13509683
0.12517972
0.13319696
0.14046551
0.13147725
0.1256985
0.13188554
0.13718145
0.1289608
0.1306895
0.13434176
0.13419217
0.13235754
0.13524733
0.12564911
0.13657552
0.12863307
0.12614645
0.14072864
0.12286914
0.13439336
0.1277558
0.13389748
0.13329904
0.14142805
0.14083098
0.12836814
0.13390693
0.12685797
0.13035952
0.13235594
0.127061
0.13597043
0.1331706
0.12771967
0.13819769
0.13294998
0.13196476
0.13317198
0.13592649
0.13074449
0.1268908
0.12901415
0.1411192
0.13514906
0.12289618
0.12877317
0.12084174
0.13291092
0.12942559
0.13693446
0.13021593
0.13838649
0.13245629
0.12615961
0.13350007
0.13281718
0.12140423
0.13040552
0.13534282
0.13409425
0.12189872
0.13503249
0.12918341
0.12884621
0.12937099
0.12735358
0.13541983
0.12933308
0.1392659
0.12856916
0.13635616
0.12276375
0.13128246
0.12917733
0.13239023
0.13224334
0.13909549
0.1342854
0.12857616
0.13662137
0.12673484
0.13723426
0.12566982
0.13408194
0.13269433
0.13245404
0.12817675
0.12637098
0.12986277
0.13057446
0.13568276
0.12737969
0.13684063
0.12252721
0.13311234
0.12328406
0.12872152
0.12440989
0.13208382
0.12493601
0.12981622
0.12737863
0.12414656
0.13824444
0.12790178
0.12529238
0.13067684
0.12229693
0.124456145
0.13467756
0.13639848
0.12834466
0.1371806
0.13375016
0.12670624
0.13414574
0.14303388
0.13294053
0.14311218
0.13012774
0.13226837
0.13195862
0.118955806
0.12481597
0.13418278
0.13239937
0.1311917
0.13337506
0.1304106
0.14388272
0.12346556
0.12221009
0.12813741
0.1345867
0.13402884
0.13402052
0.12890075
0.1310189
0.12084778
0.13115044
0.13390625
0.12936385
0.120996624
0.117229335
0.13601883
0.1398837
0.12951818
0.12162087
0.12799498
0.12787355
0.146988
0.13368021
0.14430203
0.13720338
0.12615353
0.12958461
0.1240415
0.122240394
0.12720951
0.13406739
0.12846234
0.12632799
0.12932688
0.125031
0.12696858
0.12038615
0.14380813
0.13427915
0.13244371
0.13426785
0.12866177
0.13070643
0.11547025
0.122870564
0.1317487
0.13132371
0.11883751
0.121433
0.12196397
0.12369255
0.13526022
0.12392432
0.12392617
0.1210152
0.13575438
0.13457553
0.12081563
0.12884942
0.12949193
0.1283111
0.12802693
0.13279869
0.14241248
0.12847458
0.12498103
0.13246252
0.1353245
0.118859604
0.13273622
0.1280344
0.1270383
0.1291498
0.12957121
0.11747576
0.13116048
0.12713143
0.1277557
0.13183752
0.12836017
0.12469806
0.12711853
0.13571702
0.13051748
0.12424422
0.14006001
0.1286479
0.12544903
0.12158059
0.13284148
0.12771462
0.124183774
0.1282158
0.122368775
0.1255609
0.12483646
0.13023241
0.1335146
0.124302745
0.1224954
0.13071917
0.13145928
0.12953074
0.12171799
0.12084374
0.12543459
0.118386686
0.12629884
0.12273092
0.12932278
0.12453881
0.12753458
0.12166293
0.118995756
0.11804653
0.12298448
0.13398081
0.12747632
0.12326818
0.12921381
0.13446645
0.11929982
0.1289053
0.13117445
0.12017269
0.12263512
0.12097895
0.121014796
0.11964737
0.12947719
0.13973238
0.13153306
0.12583289
0.13391952
0.12332966
0.12511352
0.12246639
0.12447672
0.12575778
0.11601476
0.13114297
0.12964639
0.13125513
0.12913018
0.13177262
0.12758382
0.12728259
0.12942307
0.12627296
0.119679645
0.12966363
0.14008091
0.12220936
0.12844281
0.12882632
0.1260702
0.12563887
0.12222436
0.12278559
0.121860914
0.12943234
0.1319538
0.12911126
0.12357563
0.1320562
0.13047656
0.13055636
0.13054277
0.12680987
0.1404787
0.12631725
0.121588275
0.1388974
0.1323728
0.122119986
0.12609668
0.13181384
0.1304508
0.12220685
0.12215334
0.12218608
0.12319363
0.12679563
0.11848397
0.13484293
0.12136186
0.12902398
0.12987074
0.12537067
0.12626119
0.12541717
0.12684068
0.12396914
0.13115689
0.12382841
0.11993175
0.13313936
0.123574294
0.13278589
0.120027274
0.13134523
0.11799266
0.13003728
0.124614075
0.12582298
0.13327631
0.13831216
0.1292617
0.122203864
0.11828637
0.12173697
0.12845092
0.14442627
0.12540445
0.12588488
0.124671414
0.1262606
0.12821655
0.13114335
0.119065575
0.1249769
0.13039693
0.118895
0.12949798
0.12117857
0.13210839
0.12653543
0.12454738
0.11706349
0.12669206
0.12090387
0.13175957
0.11563068
0.12174858
0.1363807
0.11912837
0.12789011
0.11899838
0.12122771
0.13148272
0.12869874
0.12645392
0.12281912
0.11919393
0.12146989
0.13047656
0.12662539
0.12743297
0.12512188
0.12643336
0.13329041
0.13246377
0.124865614
0.12580185
0.13077246
0.12631981
0.12879987
0.12407005
0.11813286
0.12172314
0.12152119
0.13404879
0.124061495
0.13163225
0.115705684
0.120231025
0.124898866
0.121318735
0.13176462
0.12093469
0.11695922
0.12476596
0.12866691
0.11680322
0.12697372
0.12097102
0.13035366
0.12516762
0.12650414
0.12295326
0.12373644
0.11831082
0.12697576
0.124775015
0.12064526
0.18338016
0.13336354
0.12624334
0.11913829
0.13880502
0.12688896
0.12956063
0.13340865
0.13312984
0.120783746
0.12277891
0.12518652
0.11269068
0.12963434
0.1220355
0.12425264
0.12203246
0.1152013
0.13215642
0.122001775
0.1269802
0.12171542
0.12089393
0.12780958
0.124028675
0.1281338
0.13058871
0.13378258
0.13035934
0.12039301
0.13016917
0.12737593
0.12195312
0.12060017
0.121922284
0.13069227
0.12516947
0.13148789
0.119259976
0.12326144
0.12117207
0.12305049
0.12845315
0.12145422
0.12663005
0.1325291
0.12634388
0.1323275
0.13159041
0.1263656
0.12771632
0.12098765
0.12672602
0.12169681
0.1268479
0.1217696
0.13001564
0.11437002
0.13151504
0.122538574
0.12841514
0.12399425
0.12734324
0.1197914
0.16016571
0.24862555
0.14157042
0.13651524
0.1238686
0.12899706
0.12462869
0.13185023
0.122407205
0.13448285
0.13081855
0.13150208
0.120460786
0.12879962
0.122044854
0.1257036
0.13571036
0.1220852
0.1284485
0.12633115
0.13149601
0.11876347
0.12175136
0.12054281
0.123900644
0.12864374
0.124109596
0.13024667
0.12498265
0.13536032
0.1301285
0.13375947
0.13506332
0.12936309
0.13182636
0.13392165
0.11796117
0.12703042
0.11110537
0.12920532
0.13192554
0.12564534
0.12400311
0.12824678
0.12535372
0.1349623
0.12773693
0.12521619
0.13232948
0.12550384
0.13312504
0.12851997
0.12352232
0.12470602
0.13364485
0.12735721
0.1374194
0.12058569
0.14229466
0.13143973
0.12086788
0.12135
0.12053784
0.1255739
0.1302059
0.11654605
0.13064575
0.12870869
0.11230466
0.12434054
0.12272557
0.1403746
0.1283764
0.1409778
0.114998884
0.1212269
0.13195646
0.11483933
0.130492
0.12855576
0.118534945
0.123547316
0.11543831
0.120143875
0.12158624
0.12437219
0.13383818
0.11808735
0.13815713
0.12670806
0.12825331
0.11930212
0.13151835
0.12447089
0.11932988
0.1284617
0.12126775
0.12766185
0.11294201
0.121616215
0.1356552
0.12631555
0.12561467
0.11868675
0.11719377
0.13192914
0.12349278
0.13178521
0.12812221
0.12333481
0.13771182
0.12292834
0.12387627
0.12198241
0.11951511
0.1260768
0.11608231
0.121978626
0.12540582
0.13613518
0.12571622
0.12005941
0.12253364
0.14209421
0.13400848
0.1367258
0.124725014
0.1165494
0.116285644
0.13142101
0.114609204
0.12538393
0.12841907
0.123535104
0.1307883
0.11602573
0.1216428
0.12789062
0.1252172
0.12802938
0.11997381
0.12546936
0.11096678
0.13185707
0.12660398
0.12054228
0.13523914
0.11832174
0.124371625
0.12658906
0.11803458
0.12322059
0.12324522
0.12783419
0.1155509
0.12585486
0.122221604
0.11985203
0.12209641
0.12511793
0.1207812
0.13599601
0.12257996
0.13489132
0.12182608
0.11923016
0.121691555
0.117798276
0.12717281
0.12542678
0.12827142
0.121819444
0.120372675
0.11991108
0.12188369
0.10921686
0.12072141
0.12934394
0.12334437
0.11507301
0.114785254
0.11634634
0.12237167
0.12647785
0.12318271
0.11351296
0.12268761
0.115056716
0.13269569
0.13065389
0.12933078
0.12798391
0.120304376
0.11777615
0.121893495
0.12271707
0.12678993
0.13832185
0.12499741
0.11924261
0.13750485
0.12080919
0.120980345
0.115875915
0.12570095
0.11334375
0.12828402
0.11843353
0.12489973
0.12021363
0.11931516
0.13647082
0.11861832
0.11610382
0.12400183
0.12400988
0.12963231
0.1253173
0.12032037
0.13264026
0.12810807
0.13360062
0.13039464
0.13230081
0.1179291
0.14482759
0.12665382
0.11854082
0.12889773
0.124289036
0.11936618
0.124503866
0.12290169
0.123263225
0.12996556
0.12249042
0.12433225
0.13151231
0.12517437
0.11374569
0.12755972
0.12524083
0.11874675
0.1148026
0.11902816
0.11833583
0.116950735
0.13070096
0.12050438
0.1204986
0.11491612
0.12208184
0.12573838
0.13216707
0.12070718
0.12479876
0.11863164
0.119817935
0.14340793
0.119584404
0.1168092
0.11910478
0.12482443
0.12253227
0.121082075
0.1098799
0.12344001
0.12010734
0.1368458
0.12374224
0.11792069
0.12231457
0.11663044
0.1154191
0.12466014
0.12715642
0.11601444
0.12299843
0.11467416
0.1179079
0.12580419
0.13184714
0.12507118
0.12924519
0.13165258
0.14903304
0.11181767
0.11252191
0.12672807
0.12908417
0.12223952
0.12546246
0.12258128
0.12742986
0.12006911
0.13017137
0.12162931
0.12697788
0.12164712
0.11687654
0.12340327
0.11720413
0.11962277
0.12530069
0.12270144
0.12392784
0.12610264
0.12770782
0.12936167
0.13358755
0.12304652
0.13129966
0.12736003
0.11537474
0.11711922
0.12542595
0.1306865
0.11170235
0.11303486
0.1302864
0.123585194
0.12210865
0.12274528
0.12070358
0.12402603
0.119063765
0.12533298
0.12002226
0.12337567
0.12240895
0.12243235
0.1250871
0.116296284
0.1160875
0.12588726
0.1250055
0.11864574
0.12869674
0.12673055
0.11457378
0.1262431
0.13000801
0.12805435
0.12618466
0.11769278
0.1267964
0.11705829
0.1307951
0.12547433
0.12616298
0.12685548
0.12378487
0.11322511
0.12454316
0.123222746
0.12511878
0.11842831
0.12532738
0.12608704
0.11917261
0.12237573
0.10959301
0.1252911
0.109385855
0.115976565
0.11828701
0.14229971
0.12734242
0.13775131
0.13910042
0.1220137
0.122308485
0.11820481
0.11845606
0.119444765
0.12676468
0.12586041
0.11869069
0.12073186
0.12566881
0.11254996
0.117383875
0.13211605
0.10937568
0.13724564
0.12042294
0.124312475
0.12044652
0.12868053
0.11567381
0.12782793
0.12269133
0.1306549
0.11982204
0.12036972
0.115823396
0.12596852
0.106202215
0.117710024
0.123978235
0.12387755
0.12112675
0.11556022
0.12171021
0.12534222
0.12242865
0.11490905
0.1235023
0.122468255
0.13235754
0.109514184
0.12565991
0.12851936
0.12867063
0.11795504
0.118566416
0.12002019
0.11881675
0.12292069
0.123670354
0.118405566
0.11781766
0.120736554
0.12832645
0.11995078
0.11737203
0.11841132
0.12934753
0.12196285
0.12380014
0.13121979
0.121925026
0.12588118
0.119673796
0.11336075
0.11933649
0.1330588
0.12172694
0.114521444
0.12401722
0.11866207
0.12053975
0.12035353
0.1197918
0.11701243
0.13075016
0.12366545
0.11995881
0.12865849
0.11787393
0.12591852
0.12753123
0.12232633
0.13123955
0.13782756
0.1350288
0.13955767
0.12082041
0.12355396
0.12094179
0.13688092
0.12684175
0.119234234
0.117571175
0.13562872
0.12775545
0.12096756
0.12606719
0.11755251
0.114515595
0.13280952
0.11440742
0.12895474
0.12999609
0.12494962
0.12010662
0.123967394
0.11065408
0.1456217
0.123974174
0.11772563
0.1360607
0.12959795
0.12827073
0.115362465
0.12311737
0.12478323
0.11178077
0.12125128
0.12715879
0.12067746
0.1318699
0.13216735
0.119017646
0.12220845
0.11738887
0.109725
0.11997283
0.13175306
0.13007171
0.13489392
0.12798709
0.1312725
0.117508955
0.120518096
0.124574825
0.12040471
0.124634705
0.11665077
0.127715
0.13523331
0.1218275
0.11871027
0.13010068
0.12651652
0.1257144
0.1158846
0.122773856
0.112477876
0.12934445
0.11976247
0.10782345
0.13024631
0.1108478
0.12361811
0.13012108
0.12319399
0.13415918
0.12282298
0.114882454
0.13091014
0.12912227
0.12283361
0.12336787
0.1222828
0.11910182
0.122861914
0.12963621
0.13057679
0.117631115
0.11962076
0.124614656
0.11231274
0.12844251
0.12008434
0.10713037
0.13148738
0.1134361
0.12660544
0.124634966
0.12428664
0.13200422
0.10958639
0.12152291
0.11499742
0.11412729
0.12029529
0.1327323
0.11684436
0.12448158
0.115731046
0.1419155
0.12051659
0.11985492
0.11651718
0.13789503
0.11324991
0.12239012
0.11629998
0.12611781
0.13687551
0.113580205
0.11821709
0.1270527
0.11095963
0.111674316
0.12573293
0.13205023
0.120968364
0.11993493
0.123630166
0.12048043
0.11760621
0.12517527
0.11436719
0.124684125
0.1270553
0.12137382
0.12982042
0.11675424
0.121978365
0.11797739
0.11409467
0.12314124
0.11675722
0.11798401
0.11905058
0.10907503
0.12740593
0.114708975
0.12533471
0.12763084
0.11909968
0.121333726
0.12619945
0.12323212
0.12634046
0.123006485
0.1157948
0.13090417
0.13440555
0.12587027
0.11663611
0.12825876
0.12699527
0.12311945
0.12605356
0.11099464
0.116702616
0.11809695
0.13036944
0.11495497
0.12905815
0.10835554
0.12537028
0.11815476
0.12038124
0.13188323
0.12135895
0.12502693
0.12147408
0.12115103
0.11983214
0.12413269
0.13051139
0.11966731
0.12323473
0.12491666
0.12525944
0.121391796
0.12967674
0.12130634
0.12165939
0.115408
0.122938074
0.11940453
0.11505656
0.11611457
0.12118801
0.12034106
0.11841054
0.11450655
0.12913059
0.11616714
0.12321484
0.11248825
0.1252865
0.12240252
0.13032833
0.13706765
0.11231375
0.117265016
0.11886306
0.12925157
0.12923457
0.117396615
0.12694043
0.12683918
0.11717354
0.11978233
0.118328854
0.12742975
0.13453831
0.123342775
0.123586014
0.11747539
0.12636496
0.11971748
0.12637936
0.121349044
0.11959585
0.124800585
0.121970534
0.12346804
0.124506876
0.14401308
0.12693135
0.122378014
0.12416483
0.11845111
0.12092602
0.14007707
0.122149214
0.11587809
0.12198938
0.13182066
0.11788029
0.12626858
0.13034262
0.11399374
0.12495245
0.12472646
0.11479499
0.114069745
0.12230794
0.1317262
0.122513175
0.13038622
0.12562692
0.121000975
0.121530585
0.121801764
0.13077815
0.11688479
0.1196373
0.12120407
0.12738964
0.12773466
0.12209399
0.1192474
0.13815731
0.12490089
0.1272431
0.11717834
0.13833645
0.12757248
0.12094445
0.124830976
0.11341648
0.11717245
0.12754308
0.11893137
0.12356263
0.1232593
0.124344565
0.13137493
0.12159656
0.12851477
0.11795096
0.11453713
0.11273914
0.11397857
0.11890759
0.1283388
0.116833076
0.121231176
0.11287839
0.11339887
0.12050049
0.12067517
0.12555623
0.103308834
0.123206936
0.1104467
0.117506206
0.11208096
0.12019656
0.14058198
0.12967435
0.10510556
0.13108575
0.120389864
0.1161566
0.12626927
0.11538644
0.13056596
0.116755195
0.13231827
0.111977026
0.12624277
0.12967983
0.10810509
0.11985409
0.11058081
0.110816576
0.13450912
0.12753378
0.11624059
0.11579414
0.116826706
0.12817319
0.12586014
0.1496358
0.13333243
0.1435962
0.12941042
0.14184788
0.1403351
0.12642148
0.14713424
0.120243795
0.12901261
0.11689199
0.11863513
0.12571616
0.12892541
0.109366514
0.13135308
0.12530768
0.11324291
0.123078905
0.12597294
0.112326786
0.14250511
0.109821334
0.13205104
0.11383542
0.12864524
0.1226067
0.12181995
0.12121184
0.12598929
0.14020722
0.11688449
0.12536582
0.13513483
0.116645195
0.12265035
0.12938409
0.13140488
0.116988964
0.13354762
0.14977331
0.1255224
0.121153004
0.11167593
0.11204177
0.14125139
0.12069506
0.11783859
0.12784728
0.1205586
0.13142702
0.12728263
0.1443124
0.12466094
0.118011884
0.12376768
0.12989822
0.118792124
0.12246698
0.12605453
0.1444026
0.13146359
0.12114682
0.12139755
0.13170274
0.1224826
0.12498418
0.122498065
0.12264843
0.13334411
0.1310044
0.11571072
0.1415323
0.13560869
0.1259033
0.110492975
0.12612782
0.11154781
0.1240504
0.12806632
0.1240484
0.13703975
0.1351207
0.114152625
0.11219064
0.11365581
0.122188196
0.113611154
0.1364365
0.11421867
0.113869056
0.1216213
0.12521403
0.1220236
0.13465363
0.14835471
0.13067555
0.14223316
0.13606627
0.11690582
0.10888648
0.114321925
0.1332443
0.1297685
0.1253566
0.13523288
0.13359068
0.122862376
0.12280317
0.12805167
0.120338336
0.11704333
0.12394323
0.13024808
0.14003098
0.16427316
0.1277179
0.11950184
0.12506208
0.11777263
0.13131242
0.13215956
0.15087202
0.12165788
0.14683811
0.1154821
0.13210736
0.13143317
0.13184185
0.12533712
0.1298212
0.121239744
0.124346755
0.1194756
0.121781446
0.14363708
0.11389336
0.12573236
0.12427847
0.12648745
0.124802314
0.12171062
0.12663484
0.12464217
0.12233903
0.12212413
0.1212349
0.1295556
0.12976962
0.13092504
0.120188735
0.11543102
0.13203259
0.12399704
0.13495257
0.12601753
0.11672645
0.113489434
0.116321616
0.123684034
0.11735455
0.11930902
0.122746125
0.13465287
0.1268176
0.12857275
0.12890387
0.12885547
0.12741676
0.14833374
0.13163021
0.13712503
0.1385298
0.1211968
0.12330966
0.12520924
0.12620951
0.13640119
0.12336921
0.11926829
0.124121174
0.12958838
0.1271769
0.15481985
0.1375912
0.12711096
0.13855024
0.1567997
0.12916799
0.14342833
0.1361889
0.12961365
0.12641087
0.12196613
0.12425572
0.12441389
0.13138272
0.1224493
0.122856185
0.13262755
0.12728535
0.1552623
0.12290566
0.13255103
0.12923464
0.12182113
0.11429899
0.11685335
0.12456984
0.13192396
0.12718223
0.12014869
0.123499475
0.14094093
0.12587139
0.12611955
0.12622567
0.13804884
0.12629028
0.12039928
0.12238764
0.13227615
0.12522541
0.12748426
0.12584195
0.13923584
0.13851875
0.13190344
0.12500486
0.124238804
0.12578751
0.13966598
0.1280643
0.11948474
0.1260339
0.12128566
0.11806537
0.116323955
0.11615108
0.118707664
0.12405433
0.123106524
0.12708256
0.12648456
0.12582432
0.13042717
0.12137787
0.11980529
0.12572967
0.12429716
0.13041739
0.12752694
0.12382739
0.12203851
0.119417444
0.12284709
0.13151528
0.12434464
0.12292503
0.12727214
0.12191015
0.12328952
0.1314287
0.15162542
0.13292071
0.12577367
0.12425474
0.12837942
0.12983704
0.13769042
0.12783626
0.12538816
0.12422129
0.1409779
0.17614682
0.14048424
0.12201977
0.12225908
0.124956176
0.13304108
0.12451294
0.12104609
0.12362056
0.123854905
0.123966515
0.12283588
0.120848835
0.12284883
0.12419208
0.12694912
0.12729655
0.13004705
0.12321209
0.12350997
0.1309608
0.123697735
0.121014304
0.12375718
0.11559493
0.11464942
0.11367888
0.12008389
0.12201548
0.12389341
0.13074227
0.14047635
0.12674099
0.12006563
0.12307393
0.1275908
0.13632545
0.12451587
0.12691458
0.14356236
0.12814328
0.11743723
0.12259042
0.13336508
0.12529184
0.1195771
0.12154825
0.12096961
0.120846994
0.11882871
0.12373124
0.13627133
0.1262061
0.12231157
0.12247588
0.1216893
0.11936985
0.11595092
0.12046939
0.12240729
0.12558398
0.124585226
0.12705854
0.12911494
0.12968582
0.13385116
0.14339595
0.13103501
0.13781354
0.12535588
0.119662866
0.13059933
0.14248171
0.13010947
0.122214764
0.12652276
0.12085428
0.12296992
0.120666414
0.12490131
0.12753728
0.12802994
0.12669897
0.1255787
0.13249409
0.14277585
0.13419656
0.14033431
0.1394243
0.15223177
0.14145632
0.13673715
0.13321951
0.13211782
0.125124
0.12390042
0.12707955
0.13049527
0.1362352
0.1418984
0.1314213
0.12833814
0.12391772
0.13432239
0.15526494
0.13293858
0.12234643
0.12498012
0.12689069
0.123426564
0.12321647
0.12671277
0.1283977
0.12798865
0.12850723
0.13146043
0.12527925
0.119316004
0.121942885
0.13145798
0.13122924
0.12971786
0.12886865
0.13144568
0.13114603
0.13263546
0.13977005
0.14815322
0.15266433
0.16780801
0.1410763
0.12509495
0.12253831
0.13222623
0.16121957
0.14465173
0.1507081
0.13180377
0.11846544
0.1144224
0.117210604
0.12336446
0.12228251
0.12784268
0.12610845
0.12914263
0.12211151
0.1178758
0.117525615
0.121106476
0.12875968
0.1332842
0.13121927
0.12944832
0.12739466
0.13171184
0.13307667
0.13868555
0.13965094
0.13385215
0.13105552
0.12372954
0.1326117
0.13505916
0.13680728
0.13097359
0.117435545
0.11799247
0.11226962
0.1209281
0.12189606
0.12516169
0.12718685
0.121412754
0.12547207
0.1220384
0.1279392
0.12612182
0.12345598
0.12219694
0.12390467
0.12642564
0.1225313
0.12386243
0.12064878
0.1288444
0.1291087
0.13779342
0.13860872
0.13509169
0.1322745
0.12725024
0.13026395
0.11997204
0.12353256
0.121225215
0.12378023
0.118495315
0.12375652
0.12745446
0.12799843
0.12343419
0.12316446
0.11949551
0.117723934
0.11738868
0.124267794
0.123057865
0.12702392
0.12299841
0.12700208
0.1345098
0.13299634
0.13354503
0.12740217
0.1324835
0.12804857
0.12607351
0.12624407
0.12882352
0.12516505
0.12388874
0.128535
0.1301684
0.12390939
0.124061376
0.12149493
0.124603376
0.11983495
0.12216131
0.12913531
0.13008034
0.13398619
0.13290524
0.13241883
0.13215427
0.1310871
0.13627799
0.13722412
0.1322276
0.12782249
0.12470392
0.13121432
0.13654949
0.13655196
0.13023914
0.1242215
0.12580931
0.13048951
0.1268201
0.121069
0.11899066
0.12332477
0.1260959
0.1296419
0.13074876
0.13466772
0.1340701
0.13440976
0.13522543
0.13012718
0.13002712
0.12687482
0.13371913
0.12997195
0.12887189
0.13297343
0.13718227
0.13449025
0.124281116
0.13069612
0.14010637
0.14902766
0.13987388
0.13276283
0.13385977
0.13054195
0.13068967
0.1318641
0.13507962
0.13915095
0.12874034
0.12987542
0.119650245
0.11695603
0.12376536
0.12857169
0.12987864
0.120089464
0.12615591
0.13277712
0.13451765
0.13561483
0.12657432
0.12278867
0.1223208
0.12644237
0.13141118
0.12662265
0.12511475
0.12426177
0.1227523
0.12014803
0.11671242
0.111030385
0.11416758
0.116235286
0.12272242
0.12585458
0.12393544
0.12874779
0.12747873
0.12912905
0.1264074
0.12727582
0.14306387
0.1531241
0.15489173
0.14459282
0.13014391
0.1313864
0.12974319
0.13128264
0.12523985
0.121060476
0.12388217
0.12895237
0.12936783
0.122491345
0.11640433
0.118402995
0.12284556
0.12161238
0.12523504
0.12200084
0.12852271
0.12781863
0.12726472
0.1276912
0.1316547
0.13555801
0.13378642
0.1233101
0.117375374
0.118008025
0.12610905
0.1368098
0.133468
0.12308105
0.12502624
0.12460276
0.1355442
0.12604317
0.12738614
0.120953634
0.12883373
0.13581789
0.1341817
0.13171443
0.1290285
0.12677498
0.1314607
0.1321983
0.13238049
0.1253345
0.12431931
0.13071825
0.12969354
0.12851249
0.13086039
0.13472182
0.13593493
0.1344914
0.13130483
0.12894918
0.12099685
0.1305176
0.1311138
0.13796975
0.12959392
0.13235149
0.12697624
0.13467182
0.13263835
0.13784389
0.12629482
0.122275494
0.12699588
0.12672454
0.13030812
0.13435294
0.14482085
0.13948382
0.13358553
0.12855673
0.13013351
0.12794922
0.1286533
0.13077626
0.12937002
0.12327269
0.13036416
0.12570652
0.13952366
0.1338669
0.13119218
0.114778645
0.114053145
0.11940005
0.12931576
0.13270482
0.16102706
0.20987928
0.1514634
0.12012996
0.1312902
0.1326996
0.13393423
0.12561704
0.122358374
0.12535243
0.12559004
0.13019791
0.12926246
0.12991062
0.12826242
0.1241208
0.12828827
0.14995277
0.15519933
0.15589447
0.1255881
0.1219005
0.122979484
0.1252605
0.13444197
0.12573643
0.13012195
0.13152088
0.14173983
0.13444157
0.12645775
0.12049954
0.12314671
0.12697864
0.13494892
0.13715056
0.14323327
0.13652156
0.14302303
0.14518481
0.13858531
0.12941685
0.12005536
0.119465515
0.12589538
0.12484066
0.13476425
0.13091592
0.12653238
0.1309032
0.1351856
0.13173616
0.1231534
0.119565636
0.12207035
0.11540636
0.12057068
0.12606207
0.13447362
0.12281394
0.1222037
0.118696526
0.12116844
0.12208821
0.1221602
0.12555452
0.1253791
0.12823188
0.1337164
0.1294773
0.12456104
0.12175332
0.11987765
0.13010226
0.1349241
0.14350365
0.13591903
0.1293771
0.13135676
0.14038832
0.13963518
0.12973838
0.11878788
0.115566604
0.1283838
0.12866077
0.13246366
0.1268366
0.12857714
0.12562895
0.12354693
0.124351546
0.13844025
0.1370743
0.13443716
0.116503425
0.112226255
0.110175654
0.111531176
0.11688143
0.122509
0.13004686
0.12913741
0.12912162
0.12883794
0.14361066
0.13923326
0.14875312
0.13441843
0.13366859
0.11779703
0.11573411
0.11954096
0.12187
0.12776424
0.13293323
0.12794311
0.12167007
0.11851529
0.13076898
0.1308165
0.12824616
0.12721108
0.13281997
0.1346006
0.12648243
0.12307001
0.1263093
0.13217351
0.13277568
0.13719639
0.14714561
0.14611752
0.13992566
0.1291732
0.12892677
0.12820826
0.13117515
0.13367268
0.1333807
0.13755216
0.13379492
0.1301454
0.1224709
0.14780445
0.153942
0.15109266
0.1316198
0.13045844
0.13565445
0.12939028
0.12458447
0.12297656
0.13533276
0.14929986
0.14831027
0.13540657
0.12391082
0.11764341
0.124411926
0.12226322
0.13548928
0.12766077
0.13670944
0.14020249
0.16902588
0.15674992
0.14860025
0.13771589
0.14291024
0.13564818
0.12821516
0.12807222
0.13371742
0.12409779
0.12226023
0.12511656
0.13558309
0.13999799
0.13574739
0.12966189
0.1365349
0.13718833
0.13878988
0.13908651
0.14176811
0.17211604
0.16350727
0.16427515
0.14438185
0.13770626
0.13478184
0.126525
0.14153402
0.13885547
0.12878771
0.12746204
0.13732445
0.14392139
0.1347
0.1262489
0.12891392
0.13988853
0.13723741
0.131761
0.1320843
0.13726811
0.13835673
0.13146944
0.13037357
0.14097485
0.14750916
0.14429136
0.13942422
0.13120908
0.13070635
0.13439012
0.14359489
0.14743526
0.14352226
0.13807566
0.14061442
0.13539173
0.14207456
0.14327633
0.13831753
0.124208115
0.12737519
0.1265605
0.13041651
0.1177387
0.12376959
0.119079724
0.12479497
0.12941979
0.13498504
0.13313016
0.12709706
0.13195653
0.13316908
0.13278443
0.14026166
0.13482696
0.13874578
0.12544788
0.1298955
0.12373964
0.12973602
0.1369935
0.13781452
0.12944512
0.13244335
0.13366634
0.13000573
0.1260346
0.14324757
0.15149176
0.14589414
0.12417672
0.14128728
0.14389855
0.15163831
0.13263503
0.14431639
0.13727598
0.13358557
0.1135229
0.11904436
0.11949854
0.13483019
0.13131142
0.1349874
0.13520618
0.13405776
0.13328081
0.12661014
0.1382294
0.13834451
0.12779309
0.11833227
0.11549676
0.123106405
0.12369453
0.13058446
0.12704393
0.1268372
0.122225344
0.1376773
0.13885663
0.14344716
0.12665406
0.12503807
0.12677294
0.13598095
0.14572236
0.1391413
0.13116506
0.12486044
0.12802786
0.13683741
0.12870088
0.13474642
0.12997344
0.13495034
0.13832623
0.14162225
0.1365525
0.12677921
0.12917794
0.13053699
0.12228315
0.12085395
0.12542856
0.12880807
0.12732092
0.12918921
0.13626467
0.12679516
0.11791503
0.11991593
0.13896772
0.15266976
0.14396788
0.13310282
0.12408578
0.121300146
0.12181819
0.123722665
0.12543863
0.12280415
0.12573765
0.13554445
0.13471764
0.13473462
0.12211993
0.13208129
0.13073024
0.12818094
0.1172022
0.115690425
0.11529882
0.11453225
0.11930756
0.1242429
0.1316801
0.13339551
0.13328889
0.14886442
0.15225221
0.16009513
0.14216733
0.1455556
0.13392949
0.13111575
0.12474226
0.12604697
0.13044985
0.13343644
0.1342673
0.12828782
0.14775185
0.14612629
0.15128502
0.14112276
0.14545524
0.1408855
0.13865022
0.13648453
0.13927177
0.12153364
0.11747555
0.11400436
0.116883814
0.12335012
0.12658118
0.14013964
0.14292032
0.1425293
0.1308065
0.12908204
0.13136013
0.14382324
0.1397554
0.13998821
0.13882045
0.129688
0.1253669
0.1243714
0.12257633
0.123736784
0.12457557
0.123374924
0.13194719
0.12655114
0.13569455
0.12648876
0.1282546
0.12536567
0.11929416
0.13873444
0.14711526
0.158029
0.17305176
0.13718773
0.13074082
0.12813869
0.14059278
0.14768296
0.13751778
0.14030156
0.15224086
0.1549904
0.14409177
0.14252456
0.13569742
0.15373561
0.16441017
0.15430841
0.14498992
0.1318873
0.12851779
0.128597
0.12227619
0.13476387
0.13325016
0.13723695
0.1449708
0.15471204
0.15352787
0.14023186
0.13534509
0.12986195
0.13245186
0.13799305
0.13544726
0.1335815
0.13670008
0.15287234
0.14311855
0.14729372
0.13953185
0.13989787
0.14552164
0.13240123
0.11824924
0.11680261
0.12385464
0.12587194
0.13097157
0.14437313
0.13360304
0.13029155
0.13421416
0.13205175
0.14189011
0.14589475
0.1450208
0.16421418
0.14580102
0.14729044
0.15117343
0.1495018
0.1353298
0.13494442
0.1251986
0.1234382
0.13264437
0.13713922
0.1430492
0.14474244
0.14122511
0.13890432
0.13778882
0.1450021
0.13703704
0.13386372
0.13195121
0.12436105
0.1270139
0.12314318
0.11804336
0.11811322
0.12350885
0.12639889
0.12769906
0.12826854
0.12271006
0.1238346
0.11915654
0.12697178
0.13077782
0.13663977
0.1419088
0.1462576
0.14517243
0.1535587
0.1444606
0.14331783
0.13731323
0.12998827
0.12270221
0.12391931
0.11776028
0.12183418
0.123943985
0.13058342
0.13458997
0.13453788
0.13445587
0.14821117
0.13821498
0.13218744
0.13458338
0.1345219
0.125687
0.14023614
0.14426868
0.15023635
0.14594364
0.14432925
0.13542792
0.13056813
0.11971591
0.12289555
0.11917001
0.12238255
0.124221236
0.12710233
0.12763233
0.12698734
0.12545253
0.13326003
0.13472785
0.13596666
0.13747935
0.13868915
0.13228388
0.14171492
0.13894375
0.13761243
0.13430594
0.13059905
0.13478737
0.13345596
0.13546902
0.1385361
0.13805373
0.12273502
0.124527514
0.12381186
0.12209835
0.13196859
0.14033164
0.1436362
0.15146144
0.15161523
0.14688343
0.13286828
0.12908658
0.12487458
0.119773
0.11948231
0.1283879
0.12463555
0.12731986
0.12949367
0.12533453
0.12261861
0.12780184
0.12390201
0.12188476
0.123317175
0.12010704
0.1250315
0.12274096
0.1289211
0.13138917
0.13485901
0.1288447
0.1317745
0.12562154
0.12851991
0.13299909
0.13566175
0.13580154
0.1477352
0.14866395
0.14228559
0.14132325
0.13879868
0.13808845
0.13840081
0.13278149
0.12789433
0.12612072
0.1312785
0.12814046
0.14489076
0.14724348
0.14341658
0.13373546
0.13055006
0.11854578
0.12334225
0.14088407
0.1421149
0.14417472
0.14811902
0.14438969
0.13257848
0.13021813
0.13445371
0.13152415
0.132207
0.13053575
0.13224341
0.12455916
0.13645793
0.13529739
0.17132097
0.20409475
0.16330695
0.1592944
0.15827742
0.12265886
0.13073456
0.13696846
0.12610514
0.12972604
0.12301783
0.12267013
0.123801194
0.12790962
0.12347158
0.1290309
0.13102588
0.1310826
0.13097206
0.13633683
0.13855772
0.1416401
0.13728958
0.1373483
0.13490099
0.13516629
0.12931526
0.12392751
0.12957029
0.14260665
0.1397493
0.13986334
0.15564649
0.1492122
0.13837068
0.14122264
0.13909145
0.12801537
0.12636583
0.13318093
0.13891055
0.14077726
0.14556028
0.14518757
0.13690111
0.14771172
0.14564401
0.14541098
0.14326443
0.14496788
0.12971023
0.12639801
0.11919039
0.1221214
0.12023932
0.13011825
0.14202897
0.14668642
0.14704153
0.14551741
0.1324729
0.125434
0.12478714
0.124166146
0.12266944
0.13419762
0.13533224
0.13069241
0.12817998
0.13432558
0.12768924
0.12663245
0.12899044
0.13121472
0.12757657
0.12298748
0.12582074
0.12342253
0.1255655
0.12762657
0.12625211
0.12846467
0.13574511
0.13174154
0.13121429
0.12932846
0.13051745
0.12429908
0.12711748
0.12517713
0.12844327
0.12166239
0.12328437
0.12253448
0.12172
0.12753583
0.12832454
0.12717497
0.1313309
0.13509393
0.13376717
0.13093567
0.13259865
0.13280977
0.13177572
0.122714646
0.1265311
0.12483804
0.12585407
0.13271894
0.12505619
0.12638219
0.12760983
0.13525619
0.13132325
0.12804438
0.13139512
0.14685337
0.14232887
0.1384973
0.1483968
0.16956086
0.1565296
0.15843834
0.16259989
0.16055764
0.13612787
0.15989314
0.16634478
0.15847628
0.15803616
0.15916699
0.13166969
0.14783469
0.15586925
0.17926082
0.2130009
0.22096315
0.18642926
0.17060868
0.13895382
0.13238423
0.13631754
0.13707729
0.1302956
0.14218315
0.15218914
0.14405061
0.14056727
0.13336694
0.14636071
0.13796724
0.14985527
0.16425133
0.16575007
0.1632973
0.15798493
0.15366752
0.1395972
0.14413212
0.14424005
0.13960004
0.15185079
0.1480903
0.15859112
0.16239683
0.15467027
0.14547436
0.14196582
0.13596901
0.12968151
0.12657255
0.12631764
0.12580961
0.12980074
0.15200147
0.16075538
0.16879097
0.16623336
0.15740871
0.15893672
0.13816756
0.13229018
0.12273043
0.122004
0.12953576
0.13119665
0.12618986
0.12385962
0.12393615
0.13189754
0.13548845
0.13595137
0.13119881
0.13217065
0.14129725
0.14068867
0.1374581
0.14743234
0.15145722
0.14340311
0.14254288
0.14267348
0.14073402
0.14751275
0.14461161
0.15381601
0.1691516
0.15613252
0.15407853
0.14860737
0.14658225
0.14681813
0.14605495
0.14704685
0.14032942
0.13673729
0.14976883
0.14711022
0.15562168
0.16140504
0.16804484
0.16511707
0.14861919
0.1535318
0.14791594
0.13876699
0.14082924
0.14704597
0.14707506
0.14583926
0.13922486
0.13924323
0.14189166
0.13454433
0.12810127
0.13357848
0.13001159
0.12580094
0.12849551
0.13379385
0.14120878
0.14546598
0.1341136
0.14042811
0.14916916
0.14006153
0.13953653
0.13737194
0.13343507
0.13953957
0.12905192
0.1281785
0.13672914
0.13674197
0.13717471
0.1427946
0.13805526
0.14682586
0.14954233
0.14557602
0.14229414
0.14963834
0.1444862
0.14798152
0.15001674
0.14409798
0.14777349
0.15266027
0.1420436
0.14272203
0.13799492
0.13499728
0.148486
0.14576615
0.1419037
0.1394433
0.14711054
0.14760904
0.14420815
0.1306218
0.12763427
0.12644234
0.12862684
0.12284199
0.12872462
0.13104253
0.12766308
0.1316588
0.15824567
0.16864194
0.1763679
0.1817453
0.1826621
0.18562667
0.18743321
0.17651424
0.1743073
0.1763198
0.17690293
0.16582456
0.13942973
0.14239599
0.13806349
0.14298981
0.13407505
0.13715397
0.12798184
0.12818123
0.12610376
0.12342513
0.12513316
0.122316904
0.12853429
0.13199177
0.13732304
0.14162199
0.14822753
0.14990495
0.15462542
0.15981643
0.15892036
0.1648714
0.16898458
0.16470177
0.16890337
0.16281345
0.16186976
0.15812802
0.17280434
0.16998035
0.1646843
0.1560471
0.19139782
0.21154086
0.18413265
0.18712197
0.18574592
0.19343281
0.18586642
0.14736263
0.13903491
0.13604528
0.15115006
0.14272346
0.1449963
0.14237688
0.1465097
0.15142897
0.14901775
0.14190197
0.14738443
0.14948595
0.1391513
0.13837132
0.13453878
0.13314588
0.13483189
0.13078643
0.13750763
0.13307977
0.1395738
0.1418898
0.1458379
0.14065099
0.13362376
0.13428187
0.13761918
0.14233948
0.14399643
0.14290516
0.14703135
0.14826268
0.16033341
0.16841434
0.16495243
0.15428212
0.16173661
0.16674492
0.16572076
0.15369043
0.15001608
0.15251288
0.15709437
0.17429131
0.14889187
0.15128568
0.1562502
0.15684769
0.16101931
0.15562119
0.14554404
0.13750485
0.13989355
0.14299414
0.1400424
0.14094354
0.13517728
0.1329118
0.12647095
0.12619996
0.12397435
0.124420114
0.12051589
0.122028135
0.1211944
0.12240278
0.12629743
0.13171676
0.13076255
0.13349919
0.12944216
0.1251804
0.12624432
0.12604576
0.12799817
0.12737532
0.12732315
0.12964104
0.13283502
0.12988172
0.13537614
0.13433388
0.13278039
0.13075116
0.12783317
0.12897503
0.13195078
0.14323108
0.14817442
0.15896903
0.1785896
0.19932301
0.19704348
0.1982522
0.19354141
0.1993563
0.18652597
0.17328838
0.17056867
0.15211284
0.16024636
0.16747887
0.1836157
0.17777573
0.17439531
0.17585227
0.1773547
0.17776798
0.1636426
0.15732701
0.14806032
0.14300379
0.13304345
0.13187727
0.13204648
0.13620576
0.13009943
0.13501158
0.1392254
0.14243345
0.13714366
0.14055954
0.1375761
0.13671681
0.14274853
0.14514974
0.14568652
0.13401026
0.13091093
0.12934242
0.14090581
0.14113156
0.14261834
0.14794703
0.14806445
0.14430715
0.14711829
0.15312387
0.15266019
0.15577853
0.15158017
0.15841348
0.15281853
0.15197514
0.15340683
0.1606662
0.15589604
0.1570619
0.15579295
0.15029082
0.14896668
0.14611392
0.15184912
0.1515474
0.15102957
0.14382522
0.14934093
0.15294018
0.15025514
0.14676851
0.14794739
0.14909479
0.14992523
0.1850571
0.19290513
0.19096851
0.18993202
0.18647341
0.18398066
0.18657757
0.18222989
0.18192741
0.18087053
0.16948551
0.16130906
0.12876362
0.13086948
0.12471972
0.12923536
0.13991056
0.14182766
0.14475499
0.13933884
0.13278678
0.13920729
0.13935521
0.14160126
0.13892473
0.14287509
0.14950849
0.1495552
0.14289069
0.1334546
0.13928556
0.14165863
0.14340803
0.14240395
0.14136758
0.14844416
0.15540405
0.18917999
0.19606349
0.21054246
0.21312268
0.20133896
0.19500053
0.19454964
0.19545189
0.18253128
0.17285818
0.18022992
0.17529027
0.13737828
0.13705328
0.13198003
0.1633664
0.16797951
0.18112826
0.18306603
0.20355736
0.19496739
0.1763079
0.17523602
0.1727952
0.18145084
0.18981943
0.19489378
0.19691634
0.19448622
0.15506642
0.1562667
0.15086043
0.15392342
0.1584604
0.15896596
0.156852
0.16102578
0.15520896
0.15472233
0.15221135
0.15510571
0.15595001
0.15405859
0.15955378
0.16196048
0.16319837
0.15423535
0.14945419
0.1515935
0.15145756
0.15461782
0.14752832
0.14967865
0.14587674
0.13936247
0.13695017
0.13474974
0.13160045
0.13192381
0.13048916
0.12750123
0.12398977
0.12507577
0.13318205
0.13757941
0.1390008
0.13760129
0.13752654
0.1335711
0.12912041
0.1300376
0.13245948
0.13796201
0.13904624
0.13929784
0.14159371
0.14364377
0.14891697
0.1486572
0.14905381
0.15765893
0.14943701
0.15524466
0.15405633
0.1588095
0.1561252
0.15761168
0.1653995
0.16517125
0.16624604
0.16500859
0.1638746
0.1691655
0.1688484
0.16601646
0.17129274
0.17814223
0.17352349
0.18071133
0.17652027
0.18759409
0.19242118
0.19434454
0.19257885
0.19637607
0.19977619
0.19884466
0.19347152
0.19702812
0.19497551
0.19975454
0.20352243
0.19421807
0.18860668
0.19057763
0.18747738
0.18065393
0.1834785
0.1797902
0.18554732
0.18332154
0.18737198
0.18203759
0.1836375
0.19027144
0.19084427
0.18833159
0.18864426
0.18861794
0.18453771
0.1828532
0.18506828
0.19042186
0.18822151
0.1893052
0.18421578
0.19353886
0.1918111
0.19306915
0.1936587
0.20045885
0.19503783
0.20178136
0.20374104
0.202329
0.20132206
0.20173214
0.20367181
0.20825608
0.20722927
0.20895499
0.21148798
0.21536213
0.21157187
0.20764789
0.20776035
0.2142779
0.21886417
0.21006532
0.21498376
0.21080886
0.21516772
0.21105811
0.20656568
0.21372963
0.21366926
0.2119533
0.21646346
0.20933738
0.20755164
0.2091806
0.20600766
0.20231822
0.20360513
0.20172197
0.20474412
0.21078525
0.21262763
0.22147644
0.22616825
0.2337584
0.23006
0.22971687
0.23072188
0.24333805
0.23577918
0.23634249
0.23284675
0.23171696
0.2309894
0.23444957
0.23356408
0.23471344
0.23061262
0.22916225
0.22620043
0.22942062
0.23220053
0.22971173
0.22693157
0.23281203
0.23739485
0.23980114
0.24014144
0.24457233
0.24042529
0.24806164
0.25486723
0.2589365
0.26500323
0.26580527
0.26537123
0.26275083
0.2614694
0.26115093
0.2621972
0.26108482
0.260611
0.260611
0.260611
0.260611
0.260611
0.260611
0.260611
0.260611
0.260611
0.260611
0.260611
0.260611
0.260611
0.260611
0.260611
0.260611
0.260611
0.260611
0.260611
0.260611
0.260611
0.260611
0.260611
0.260611
0.260611
0.260611
0.260611
0.260611
0.260611
