476.39392
142.42883
59.73844
40.823166
30.677794
24.549639
20.305899
17.282164
14.90574
13.105387
11.650225
10.353575
9.410938
8.763081
7.808314
7.3746166
6.9976935
6.507093
6.2348604
5.6440353
5.4533076
5.252749
4.957777
4.754705
4.523761
4.5251427
4.1599655
4.027849
4.0656066
3.803381
3.695532
3.5499382
3.5214756
3.4831696
3.3177817
3.2779436
3.223676
3.0844765
3.0030425
2.901212
2.9224722
2.8313746
2.8507473
2.7285972
2.7000372
2.694224
2.5695436
2.5297995
2.4890559
2.4429662
2.4789765
2.4135835
2.4100037
2.3347194
2.260675
2.2055593
2.196252
2.2031028
2.1699252
2.0703208
2.0588734
2.1136682
2.1452537
1.9703985
1.9619905
1.9053833
1.9470004
1.9393893
1.8767631
1.9202684
1.8677251
1.7891436
1.8842937
1.7861339
1.7745368
1.7080526
1.7306541
1.6705267
1.7096148
1.7115281
1.6816369
1.6384457
1.5974416
1.6022055
1.5657511
1.5159299
1.5507756
1.5488963
1.5294062
1.5047721
1.4624057
1.4508014
1.5229571
1.4807316
1.5138615
1.4415482
1.3894155
1.4098551
1.3711392
1.2880851
1.2961684
1.3046532
1.3170401
1.3338234
1.2897354
1.318824
1.2540094
1.2599106
1.2810205
1.2996588
1.2863226
1.1904217
1.2361565
1.1612774
1.1684664
1.1498184
1.0944601
1.1057651
1.1003828
1.1082894
1.0785933
1.0921637
1.0926825
1.0609874
1.030927
1.0393484
1.0198987
1.082501
1.0412998
0.995606
1.0468804
0.9344511
0.9760412
0.9824977
0.96603036
0.95517373
0.91865695
0.9005632
0.94364876
0.89474654
0.885624
0.88305825
0.8913637
0.90087885
0.8840737
0.8386681
0.84082574
0.8147542
0.8571969
0.84138775
0.8175664
0.8433586
0.8541325
0.7969016
0.8414759
0.81248146
0.7766007
0.75733703
0.77940917
0.79269856
0.7553628
0.7589636
0.7670417
0.7338297
0.7294493
0.733118
0.7425706
0.7490479
0.7270376
0.73479277
0.6870642
0.7395424
0.7451252
0.67106575
0.6737736
0.6716134
0.67826796
0.709587
0.65266705
0.6538779
0.70855147
0.63938993
0.6325861
0.6865334
0.64832217
0.63322026
0.58371115
0.6200851
0.57974195
0.5912398
0.5776251
0.56549335
0.5930577
0.57723993
0.54145336
0.5477917
0.5510334
0.5586943
0.5901094
0.53811234
0.5590888
0.5549058
0.53563184
0.57343227
0.54056823
0.50431716
0.5273606
0.51888984
0.4921685
0.45985475
0.5146882
0.484615
0.5006209
0.47130123
0.4554723
0.49039283
0.4452869
0.50783026
0.4392837
0.45871994
0.47337794
0.44264314
0.45009825
0.49604097
0.45114726
0.42218536
0.4383907
0.4488042
0.4248701
0.44062394
0.41738927
0.42792982
0.45944884
0.4223849
0.40158555
0.39260814
0.39750594
0.41090697
0.39291137
0.41929203
0.39037505
0.44729507
0.4064988
0.46658856
0.38601282
0.41508827
0.3848868
0.37949765
0.36166385
0.41209856
0.3852108
0.39469886
0.38031545
0.36204973
0.36449847
0.3672056
0.38354868
0.3503311
0.36616957
0.38423926
0.35394734
0.33460245
0.36307284
0.34462482
0.35421342
0.3380655
0.3146979
0.3403782
0.32964048
0.34730467
0.34588885
0.3484764
0.35325885
0.3618338
0.34861612
0.31535724
0.30558047
0.35219407
0.31883615
0.33605197
0.32947427
0.308111
0.34079382
0.2950467
0.31864107
0.32007185
0.29199737
0.32485935
0.31794912
0.30837265
0.32702962
0.32330474
0.27292496
0.3276016
0.3192551
0.33920285
0.29056475
0.28283483
0.33542228
0.29713145
0.27491504
0.31080315
0.28358907
0.28221917
0.26504117
0.2676677
0.27996215
0.28853294
0.28116402
0.2661933
0.2658316
0.25155625
0.2769354
0.27987105
0.25585482
0.2635934
0.27592275
0.24374418
0.27551067
0.260598
0.25544444
0.2742854
0.26769015
0.2491082
0.24271259
0.22204256
0.24124639
0.2384979
0.22368732
0.23622873
0.25311533
0.2522102
0.2651004
0.23084024
0.24272871
0.26301593
0.23850952
0.24057657
0.23231257
0.25844193
0.24623153
0.23058422
0.24620552
0.2265299
0.2394353
0.23447333
0.2582297
0.25124523
0.22505413
0.23910792
0.22272728
0.21629597
0.22016594
0.23355338
0.2457183
0.23331256
0.22679229
0.22066975
0.2181991
0.2414427
0.21895422
0.23041569
0.20454547
0.20307489
0.21016946
0.20781644
0.21986966
0.23174758
0.22233179
0.19876339
0.2290133
0.20473094
0.23275958
0.21429338
0.22798403
0.23495066
0.20437326
0.20179112
0.19825102
0.20035435
0.22400002
0.19859211
0.21324688
0.19816475
0.21745248
0.19565858
0.18042155
0.1920251
0.21942635
0.23233278
0.22735606
0.19400573
0.20229636
0.19579211
0.21799462
0.18761796
0.18424655
0.20308134
0.19555633
0.18570964
0.18075362
0.17267868
0.19586988
0.18223302
0.18046619
0.17945065
0.23147272
0.17402835
0.18743023
0.18499973
0.22712287
0.19012639
0.18947428
0.18230158
0.17499915
0.1634282
0.19166225
0.20604415
0.17461063
0.17109357
0.16025442
0.18360776
0.19866179
0.1741082
0.21287723
0.21621431
0.17555378
0.18235913
0.18076578
0.22181794
0.1590204
0.17110902
0.18375532
0.17044911
0.18365648
0.17528883
0.17552596
0.16842423
0.14413656
0.17347996
0.16172773
0.17327005
0.17863913
0.18554991
0.14585617
0.17584346
0.18845852
0.16037932
0.17034273
0.17187652
0.16395614
0.15757893
0.1628072
0.17042756
0.20185779
0.17957762
0.1611519
0.17596029
0.14944689
0.1650735
0.15284838
0.17336915
0.17328955
0.14196669
0.14589708
0.13910607
0.1416459
0.14427625
0.18890159
0.16339742
0.1479503
0.18127064
0.17054482
0.14737593
0.16677982
0.17243475
0.14745125
0.14691095
0.1469628
0.16519958
0.20599231
0.1426639
0.16086785
0.15191951
0.15957215
0.15344149
0.15348324
0.15073279
0.15672901
0.16891578
0.18037044
0.1486895
0.14850146
0.16591662
0.16351172
0.13682327
0.16937314
0.12986521
0.1354639
0.1553861
0.13562982
0.1500956
0.147131
0.14138064
0.1305485
0.12699226
0.14826289
0.14281839
0.11501083
0.13859688
0.1384247
0.1319042
0.1718431
0.17499086
0.16657507
0.14008209
0.1690055
0.16093566
0.13782
0.14635189
0.14952227
0.12394879
0.16209319
0.13951728
0.14655438
0.14367619
0.15016419
0.13988292
0.15522338
0.14393978
0.14809678
0.1461845
0.13865396
0.14747661
0.12993157
0.120393105
0.12990296
0.14342442
0.116237015
0.14450997
0.14207242
0.14642778
0.15825938
0.12724735
0.12718219
0.12911128
0.14104311
0.15749381
0.12596518
0.1393182
0.13472563
0.1361666
0.1272505
0.13972758
0.120949194
0.13719065
0.14120091
0.14748126
0.13539833
0.14212121
0.12422634
0.13437267
0.14662787
0.16706534
0.14788984
0.14125298
0.12497432
0.15462428
0.1819068
0.14700882
0.14024639
0.17656231
0.14640161
0.1497245
0.1260657
0.13597217
0.1385865
0.13584016
0.16327742
0.14927454
0.14548326
0.1282485
0.115782775
0.1264624
0.16708495
0.14072326
0.13140538
0.14280735
0.164194
0.1704703
0.13857293
0.14132823
0.15512992
0.14413607
0.1279546
0.15740615
0.14128257
0.11951038
0.14043877
0.1390842
0.13624933
0.12421412
0.12263912
0.113923825
0.12186954
0.11778423
0.12387831
0.12631044
0.13067232
0.13369931
0.14701502
0.12160748
0.13567328
0.14079992
0.12608069
0.12433755
0.09890809
0.11678997
0.123843156
0.13679819
0.12651715
0.15364975
0.13171376
0.10589183
0.12048582
0.14135917
0.14605439
0.14479366
0.1338587
0.12760517
0.14399876
0.13977276
0.10832477
0.11626773
0.13123222
0.14522545
0.1336267
0.13499627
0.13108203
0.12897174
0.14183812
0.14652783
0.13402152
0.14609219
0.103995085
0.13996966
0.1736188
0.12233255
0.14095005
0.1764886
0.15819629
0.18276389
0.17869915
0.141022
0.14681321
0.12366131
0.13081722
0.13834633
0.15985546
0.16075845
0.12950318
0.118658245
0.12767924
0.11356608
0.1267872
0.116947465
0.13233925
0.12827982
0.12881352
0.1166086
0.109867394
0.12069887
0.12119816
0.123191796
0.094604775
0.11172666
0.11365638
0.116416134
0.118006274
0.1240401
0.122739956
0.13971217
0.11391209
0.11402995
0.11504815
0.13756439
0.10104858
0.10256693
0.11126376
0.1116506
0.11838543
0.12093027
0.1142939
0.1085494
0.12498588
0.14243814
0.10588986
0.112235196
0.14054365
0.1084952
0.10980224
0.13257623
0.1339267
0.12085563
0.15461603
0.12328641
0.112566374
0.12167646
0.12581353
0.14975832
0.13877675
0.12860098
0.12535013
0.11119747
0.122679174
0.1131461
0.12530652
0.1424461
0.112040564
0.111114815
0.107802376
0.12734562
0.112580515
0.119160846
0.1487028
0.12126523
0.11933106
0.13872957
0.106605574
0.11148867
0.14568155
0.118486315
0.13345265
0.16271047
0.13247526
0.111286625
0.12457869
0.11309861
0.15406244
0.12164643
0.121847734
0.1273315
0.09895731
0.097911395
0.112428844
0.13631092
0.11200089
0.11020572
0.18773529
0.10425162
0.09305475
0.11599114
0.10468474
0.10826674
0.1264277
0.11998466
0.11585205
0.1724137
0.12778205
0.13119765
0.11066443
0.10756315
0.09378712
0.11689695
0.11306741
0.14937009
0.119237155
0.13075042
0.106027804
0.11935474
0.10790962
0.12104174
0.11873777
0.119065315
0.121582866
0.14943902
0.18847215
0.14646879
0.15500599
0.13263495
0.12489125
0.1324961
0.14603783
0.09208064
0.10580041
0.12272578
0.10004585
0.13953763
0.11186191
0.10459029
0.10910171
0.11591671
0.12756506
0.109478526
0.117395565
0.1288041
0.11556795
0.09426109
0.098408215
0.10549622
0.10911921
0.11227961
0.11122038
0.11466726
0.11223264
0.114194535
0.13463849
0.11495763
0.17074946
0.107117034
0.107469834
0.10160862
0.09348063
0.1805831
0.10678703
0.0904517
0.1173717
0.11203851
0.10362236
0.11041253
0.108479194
0.10979587
0.09692899
0.112299286
0.11757097
0.124671444
0.11782905
0.13508168
0.11696852
0.09193356
0.11155636
0.10067232
0.09436047
0.109177135
0.133128
0.12110098
0.120648235
0.10852696
0.10663073
0.11588574
0.11831
0.09833662
0.11519271
0.15890995
0.11898463
0.102829985
0.15067557
0.108523294
0.10173686
0.13719313
0.10445242
0.11098623
0.08724847
0.121295005
0.11006582
0.11536035
0.09354946
0.105446726
0.1278798
0.124676056
0.096144244
0.10576288
0.10037746
0.10346075
0.1152667
0.14972751
0.1217411
0.11308437
0.10816831
0.13676134
0.13337338
0.123304315
0.10906643
0.09704627
0.114414506
0.11935618
0.10553929
0.114093
0.09067367
0.12137896
0.15423618
0.13136438
0.13269182
0.11344714
0.14637913
0.10485137
0.09834411
0.101686165
0.11456852
0.10085296
0.08240697
0.11418989
0.11245729
0.117733575
0.115533926
0.10940302
0.10284716
0.10296326
0.11016569
0.1054549
0.10412768
0.10822642
0.09686256
0.11022597
0.1631304
0.079952374
0.11659226
0.12772438
0.10827654
0.10609974
0.11183142
0.08970558
0.123969406
0.11627538
0.15852165
0.11962564
0.1083434
0.13555437
0.11258762
0.1279233
0.0942579
0.1167511
0.10719252
0.10872079
0.109871976
0.12127818
0.11642728
0.1212024
0.10398355
0.16809821
0.10291259
0.11922744
0.090026796
0.118323594
0.12175121
0.102371074
0.11107762
0.09669901
0.093590945
0.11201965
0.16491547
0.098543905
0.12374628
0.13055961
0.10101389
0.10075656
0.11466858
0.10091255
0.10541814
0.08916156
0.104064226
0.10309441
0.10775157
0.10777827
0.09578048
0.098740816
0.12271364
0.113848835
0.09430077
0.11401232
0.1089448
0.091881
0.089530356
0.10709674
0.09684986
0.09989046
0.08986476
0.104241736
0.11071115
0.11104326
0.12692556
0.096387744
0.11096545
0.105323836
0.08935941
0.09381447
0.11169555
0.10706112
0.10747978
0.10692898
0.109590255
0.115334384
0.09190905
0.10151693
0.13162746
0.10885654
0.11395573
0.10819635
0.095215306
0.10558071
0.10305002
0.08957283
0.10993022
0.11431471
0.100083336
0.1065745
0.111685805
0.096142516
0.107819915
0.103732534
0.09814995
0.11608019
0.09769267
0.09365772
0.106089264
0.09809979
0.09028495
0.08981523
0.079544395
0.07894412
0.10783571
0.09229101
0.08496781
0.09055235
0.10914343
0.101535305
0.095435776
0.096931115
0.098911315
0.11073015
0.10165706
0.085332684
0.10444957
0.104265355
0.09801009
0.09668158
0.094396226
0.094524786
0.10382967
0.10560655
0.08516182
0.12095087
0.109209
0.11928746
0.093371205
0.11896918
0.10435194
0.124417394
0.088391855
0.10561698
0.091844164
0.08655914
0.07868145
0.10946324
0.10007173
0.09160488
0.09375819
0.08058703
0.12351256
0.07486507
0.09543825
0.109554015
0.096989594
0.112840205
0.09611377
0.0838982
0.087374836
0.08620759
0.08580739
0.12151969
0.106707714
0.09912
0.08812693
0.10789352
0.1100856
0.11268852
0.09401247
0.09306949
0.10762143
0.09675796
0.104670554
0.120158054
0.10083304
0.10831328
0.10426024
0.09497188
0.09950628
0.11232462
0.12539734
0.124634065
0.11418261
0.10365979
0.12965792
0.13823718
0.09155897
0.13229857
0.08355551
0.10010457
0.12494287
0.10346475
0.12629859
0.13092843
0.113716744
0.11831123
0.093958154
0.113353
0.12571871
0.10629779
0.08628474
0.091164045
0.12304969
0.09518665
0.11177498
0.10582863
0.08379274
0.10940241
0.14938317
0.09437052
0.0998687
0.08621833
0.1303947
0.10422292
0.10656977
0.11233833
0.102212705
0.10628333
0.09532297
0.08643493
0.088976234
0.11342687
0.1126957
0.09970608
0.09622831
0.09628985
0.11809075
0.13722035
0.110159546
0.16182542
0.12819028
0.1043228
0.1014947
0.10271206
0.104550146
0.11682499
0.09831761
0.12137966
0.13958584
0.10878983
0.096049674
0.14071238
0.103746496
0.14498022
0.097823255
0.09524787
0.10385204
0.11400191
0.109013766
0.11339489
0.09978469
0.11111917
0.09911603
0.100576214
0.103511356
0.09468436
0.091582686
0.10730045
0.14323835
0.12033561
0.13567908
0.106657386
0.096323684
0.10301273
0.09891521
0.101537816
0.083914205
0.13848272
0.11074303
0.112253375
0.101390794
0.14391537
0.10608418
0.117092915
0.10073001
0.09850847
0.16676949
0.12173816
0.10519437
0.1079709
0.09328349
0.10910892
0.09648299
0.10041205
0.09720729
0.11762826
0.13062969
0.116560504
0.0947761
0.10804599
0.124025315
0.124644145
0.108541645
0.13326074
0.10325286
0.09781349
0.104187414
0.08923181
0.09116507
0.09966065
0.10512943
0.10604771
0.11134332
0.09938534
0.123309836
0.09135651
0.0944459
0.09709492
0.1170957
0.13131082
0.09416471
0.104039274
0.08370625
0.13449214
0.09591833
0.0837918
0.103686325
0.11334876
0.08934783
0.12744264
0.1148144
0.08938675
0.10749678
0.1065826
0.08923836
0.09591194
0.09844446
0.12876849
0.11472569
0.105621785
0.12080026
0.10953575
0.15334728
0.08869035
0.10181688
0.11103184
0.09969177
0.107763894
0.17565072
0.11180291
0.121307045
0.0819966
0.089740925
0.091870874
0.10411721
0.09009381
0.17397563
0.09981097
0.102001175
0.100443676
0.1250377
0.09495285
0.11566747
0.12281618
0.10105438
0.097018
0.10639521
0.079979226
0.107746735
0.083564386
0.09135941
0.09599839
0.077897556
0.15214492
0.08789887
0.13734518
0.09773188
0.1074274
0.08554731
0.12772225
0.12607963
0.104582675
0.09866465
0.09825854
0.12530081
0.11528205
0.08778311
0.12255007
0.08979111
0.11498442
0.09859035
0.09766142
0.14756899
0.078653306
0.1149275
0.12518182
0.100518204
0.12348451
0.07856898
0.08888211
0.087502174
0.087745346
0.10477994
0.084533505
0.10712192
0.15599531
0.095324636
0.11162127
0.105032355
0.08858481
0.09243042
0.083696745
0.09735874
0.098120004
0.111547895
0.08591704
0.10839087
0.08899695
0.09816795
0.13844259
0.13751744
0.08823309
0.11296746
0.12571713
0.101508394
0.10695681
0.1260032
0.09513069
0.10832124
0.11434672
0.1268953
0.1188764
0.09755844
0.10575782
0.09295717
0.12549625
0.110006794
0.1275014
0.1046549
0.097484544
0.096459195
0.09488346
0.08296821
0.099816695
0.12166337
0.09866599
0.0912449
0.08584493
0.08401896
0.09549637
0.09224457
0.1024578
0.09958683
0.102993
0.11417761
0.079619594
0.094497256
0.11058228
0.0936549
0.098906636
0.09654777
0.10318368
0.09037883
0.09195914
0.09981084
0.09989205
0.090872705
0.103282966
0.102139816
0.09198462
0.103722766
0.11790433
0.09734366
0.09446591
0.093941495
0.13430266
0.10831202
0.12806895
0.09638296
0.09372982
0.11083652
0.1189486
0.09244346
0.08759522
0.14097479
0.1158416
0.112120815
0.10968399
0.11421029
0.112298265
0.100248136
0.10446955
0.13143845
0.0973996
0.097542964
0.107132494
0.105492376
0.105700746
0.12939878
0.12644467
0.08763707
0.098051734
0.088269
0.09402511
0.09220649
0.12143488
0.10359186
0.10599723
0.11572
0.086632
0.08836416
0.111001156
0.12967806
0.091818675
0.068940505
0.09579772
0.1546808
0.095833436
0.10393218
0.097610325
0.16125931
0.09965804
0.11980411
0.08538781
0.105653085
0.10104826
0.09763918
0.12580322
0.084604315
0.108365074
0.09411866
0.08944045
0.08826003
0.10124476
0.10756981
0.13418864
0.09245711
0.103121646
0.08694482
0.1197067
0.097821
0.08951938
0.08921866
0.10532035
0.098222576
0.083372965
0.09030637
0.12874885
0.106595114
0.09419022
0.10973457
0.09773461
0.13456081
0.117880784
0.1118444
0.113731354
0.10974259
0.09946405
0.090060495
0.107400924
0.08527547
0.09347627
0.085005485
0.07964589
0.08706192
0.1072724
0.11001588
0.11155872
0.08449364
0.084985115
0.088178515
0.1075728
0.119050965
0.12583205
0.09485453
0.07983365
0.08492587
0.09269903
0.09373062
0.107374676
0.08802884
0.09189535
0.107763864
0.19705226
0.10370705
0.09070437
0.09025716
0.08673622
0.10031005
0.11968407
0.0953451
0.09241398
0.08641489
0.10095424
0.09284613
0.08614326
0.079410985
0.08588722
0.103324674
0.09095546
0.08520221
0.088480875
0.100805014
0.08666468
0.09008904
0.09704855
0.08713208
0.09026583
0.084411554
0.08698631
0.12038584
0.09370089
0.09454145
0.10709039
0.09537232
0.105553225
0.103918746
0.08775423
0.0881552
0.11083424
0.12167168
0.10407538
0.10620153
0.104046576
0.1473324
0.10173791
0.10012666
0.09142746
0.12538151
0.10555911
0.1134163
0.10975512
0.12002866
0.088498935
0.09070694
0.09819046
0.12634483
0.109270655
0.12343817
0.1275137
0.10557789
0.10757034
0.10338524
0.11795178
0.13837636
0.10480712
0.14159536
0.10761232
0.10001448
0.09528005
0.09202497
0.098075315
0.11520758
0.106597774
0.09463728
0.10264873
0.10298542
0.12408919
0.12472682
0.10708362
0.11216983
0.10696794
0.09075533
0.09924586
0.1303716
0.102944754
0.09319474
0.091121
0.09813716
0.10497653
0.09452242
0.119229175
0.09198252
0.10362948
0.10862062
0.101025574
0.105001934
0.09528397
0.10016127
0.09876422
0.09893022
0.117590345
0.08926355
0.1305132
0.107490316
0.08960629
0.112931535
0.10652685
0.093267515
0.09268381
0.09858513
0.12719226
0.09550022
0.080133796
0.08548798
0.09627782
0.095557064
0.101020165
0.119541384
0.13981618
0.13946787
0.112039044
0.1262105
0.09767321
0.118075766
0.11816261
0.1118746
0.12863484
0.10018007
0.10790912
0.096383385
0.088552
0.0964027
0.11211215
0.091716856
0.091823295
0.08146738
0.076647654
0.08377338
0.08127016
0.08787869
0.09720286
0.10393108
0.09188639
0.10193372
0.10803693
0.1069397
0.0957596
0.08774566
0.09408064
0.10837195
0.09912578
0.12005293
0.097898595
0.099845536
0.09130837
0.099525176
0.12452295
0.12663601
0.102911495
0.118435845
0.095132984
0.09107876
0.10630426
0.12232392
0.11409519
0.097311765
0.105106674
0.12785873
0.12139033
0.10583741
0.10719744
0.10888089
0.0987677
0.100341454
0.12614754
0.12727554
0.14641552
0.10036225
0.09057984
0.09242227
0.1059085
0.10174011
0.101532005
0.09433326
0.10618673
0.105187334
0.094626345
0.119755
0.10864073
0.094758935
0.08569977
0.08574337
0.0874869
0.096316256
0.09853852
0.09802733
0.09918884
0.10786869
0.121329755
0.12691052
0.09709787
0.12644395
0.11216261
0.104027905
0.1258394
0.15804517
0.10970929
0.08304011
0.084028885
0.08228251
0.09376563
0.11253495
0.113407314
0.085522875
0.079829454
0.09636397
0.09901053
0.100021236
0.09451816
0.10580959
0.09836955
0.091696374
0.0981982
0.11789704
0.10833324
0.1177036
0.110267565
0.10784287
0.10647066
0.1275267
0.10813138
0.102501124
0.11623166
0.13481638
0.12992576
0.099524766
0.083815195
0.09791915
0.1275752
0.10025193
0.1128359
0.096780255
0.09899037
0.105936125
0.13947734
0.09661903
0.09805757
0.10785906
0.110531405
0.11763889
0.14790735
0.10478112
0.10857698
0.11756069
0.098813094
0.08927975
0.09339629
0.108068824
0.10077199
0.1015596
0.10515567
0.12154938
0.15583795
0.11002103
0.09034219
0.106219105
0.1364525
0.10415977
0.09959915
0.12281819
0.11469575
0.13363338
0.11197779
0.117787845
0.102450244
0.106912665
0.100402355
0.09835879
0.10179704
0.11312437
0.102326475
0.096338496
0.10270783
0.0940087
0.10379466
0.1320977
0.10552906
0.097426854
0.107823096
0.102242105
0.1177103
0.112945065
0.1122372
0.10742781
0.103728175
0.091608174
0.09025571
0.09968954
0.09451685
0.0972499
0.107902505
0.10536385
0.090884805
0.08821006
0.09660339
0.109516375
0.11222473
0.094287835
0.089219585
0.09350812
0.09988137
0.13403888
0.10332846
0.10539183
0.10280098
0.11990296
0.10697655
0.141849
0.12112899
0.124148674
0.13534473
0.10559746
0.10744143
0.120638534
0.12212234
0.12990338
0.13891725
0.2541956
0.12808539
0.11810591
0.15167914
0.10269208
0.10407988
0.13094157
0.10740988
0.09859733
0.10453018
0.103689194
0.12956168
0.11731158
0.1087261
0.099273235
0.09684636
0.11620998
0.15412161
0.11787814
0.12122693
0.16423905
0.10576556
0.10333267
0.102328025
0.09495502
0.09321337
0.09420884
0.1064165
0.12748761
0.17026024
0.11581608
0.108850546
0.0891661
0.080785446
0.08747286
0.10715031
0.09311104
0.09071643
0.08903638
0.08908879
0.09163358
0.10764642
0.14256659
0.1180598
0.11030837
0.109113604
0.1115261
0.09719087
0.092084244
0.09312937
0.10080062
0.119833216
0.11940856
0.103077754
0.08415132
0.07870834
0.072554894
0.08652187
0.10453286
0.10550394
0.103893206
0.11452426
0.10319417
0.10206718
0.1111621
0.12454823
0.10491242
0.09388614
0.08719975
0.092484444
0.09008607
0.10021615
0.11277346
0.10583979
0.11280629
0.13611883
0.100875944
0.0866478
0.10091884
0.11445146
0.110619776
0.11108678
0.12842931
0.17417549
0.1251963
0.09655545
0.08887619
0.11548337
0.15700427
0.22119635
0.14243163
0.113171495
0.10920046
0.12046284
0.1054361
0.104041144
0.11630361
0.113392904
0.10963837
0.10613944
0.106512345
0.110764414
0.12667194
0.11675401
0.12803765
0.18539605
0.14363573
0.10502293
0.09431111
0.11155319
0.13335867
0.14255469
0.10117818
0.093840115
0.12060523
0.17957051
0.12227766
0.11190093
0.1232441
0.13087659
0.10389808
0.09176581
0.08852558
0.08798061
0.08328754
0.08615396
0.082616895
0.08507355
0.079221316
0.08693599
0.082223155
0.08355149
0.0844251
0.091668904
0.092845745
0.09106287
0.08951689
0.09630669
0.10137567
0.111640796
0.095089294
0.09307823
0.09872627
0.09973203
0.09607673
0.088782385
0.08941419
0.087458365
0.090953775
0.095037684
0.09461857
0.104207605
0.11535532
0.10220582
0.09100312
0.09786969
0.0914304
0.107646115
0.13041094
0.1046746
0.09196421
0.09659959
0.10019082
0.11616272
0.14023688
0.09888061
0.08394087
0.07775316
0.09672145
0.1274873
0.09810764
0.077471495
0.07613535
0.082969435
0.097748384
0.10396804
0.10949068
0.11413044
0.098727606
0.09908562
0.115235776
0.10674417
0.12165022
0.09652038
0.085975036
0.087843224
0.0912287
0.08834255
0.08683413
0.08223017
0.07906919
0.07570395
0.07961549
0.08255076
0.103560776
0.14428662
0.110969946
0.09396445
0.091017164
0.08601329
0.095326275
0.12127529
0.10291987
0.08815294
0.10160967
0.1236899
0.093591616
0.07907858
0.084679395
0.08584471
0.091175795
0.09262139
0.09021472
0.08437309
0.07877231
0.080780335
0.082754865
0.081147924
0.08265613
0.08892785
0.0988394
0.12091918
0.15938202
0.110924534
0.09443702
0.09972007
0.099670716
0.100415744
0.12154512
0.16240227
0.12325727
0.095898144
0.09438352
0.08628066
0.103739575
0.1327496
0.10627981
0.10811566
0.13831557
0.10849234
0.095975496
0.10275307
0.11498702
0.12821686
0.117242366
0.1058105
0.09609628
0.10888622
0.1517306
0.13286847
0.11480393
0.09680572
0.10536176
0.13479397
0.112450585
0.09209967
0.10422155
0.13101137
0.11743247
0.12245787
0.10677736
0.10153706
0.09564209
0.09872834
0.0983042
0.09980787
0.09768107
0.10888217
0.13914587
0.108432025
0.091311656
0.10209061
0.12315758
0.12910715
0.11342598
0.09526352
0.09447391
0.08645692
0.090634026
0.098177664
0.12299297
0.09938855
0.09010638
0.10235082
0.10051044
0.10605031
0.09853934
0.10513397
0.10861218
0.122253396
0.13242298
0.1585664
0.2205692
0.28479415
0.14893678
0.12895717
0.10598199
0.104301155
0.098268226
0.11476567
0.12949334
0.10888268
0.09908432
0.098787084
0.09987604
0.09173647
0.09677805
0.0932717
0.11263756
0.13378724
0.112295486
0.10540794
0.114460334
0.13398369
0.1509507
0.10907481
0.093381606
0.116641864
0.15066707
0.128192
0.13717207
0.15279116
0.21169178
0.14953297
0.11027101
0.1520466
0.27503785
0.15805742
0.099174924
0.09106934
0.091991834
0.088001244
0.1072409
0.1407028
0.10017254
0.100954205
0.14313924
0.10214818
0.07668618
0.07590378
0.08129825
0.081333406
0.085876875
0.09104207
0.10680512
0.0984201
0.09601903
0.08773728
0.08497196
0.0811762
0.09181616
0.10494443
0.12041184
0.12449789
0.1335392
0.124354936
0.13408276
0.117902674
0.12188625
0.1460789
0.1297332
0.11014764
0.115764104
0.1377008
0.13594249
0.10701198
0.09363488
0.09016903
0.09230061
0.11353959
0.15961967
0.12864177
0.11151553
0.0990347
0.093816
0.08779063
0.1049895
0.13501458
0.11768198
0.10351314
0.10216235
0.12966856
0.18034649
0.13051014
0.14219554
0.11619972
0.10012879
0.118829615
0.16030668
0.123574264
0.11653844
0.13926773
0.122155786
0.102726996
0.09779913
0.103496924
0.11219592
0.12881745
0.15235719
0.13261154
0.13471213
0.16174693
0.12740478
0.15940101
0.25789025
0.15325977
0.11049133
0.1154418
0.16822274
0.13914016
0.1601815
0.13548572
0.13415672
0.12700005
0.12662776
0.1254155
0.12017036
0.11922333
0.115240574
0.1432037
0.19091927
0.13284504
0.10968194
0.123858824
0.13965443
0.11191538
0.112694226
0.14205864
0.16865042
0.12967555
0.13058935
0.17148678
0.1388267
0.13778614
0.11208002
0.13192952
0.19744347
0.23090303
0.16087542
0.14103436
0.16322646
0.13731927
0.15534623
0.13240331
0.13664441
0.12849478
0.13099599
0.14417371
0.11009704
0.08470918
0.092525415
0.0986704
0.1028442
0.09409575
0.09570049
0.10696443
0.11453851
0.1169222
0.11016183
0.113333315
0.12784496
0.16102225
0.15038098
0.13305473
0.14639902
0.19048886
0.15171285
0.16853721
0.14213873
0.14291158
0.117178515
0.10591003
0.105352364
0.10776954
0.10338375
0.102462895
0.10595135
0.10285927
0.124067426
0.16199028
0.12510383
0.11569513
0.10950892
0.11029501
0.097212836
0.10213343
0.11647161
0.146318
0.11910901
0.110148385
0.10542533
0.100073054
0.11115499
0.15280382
0.13544554
0.14014353
0.16695318
0.12716374
0.11240056
0.10110652
0.09929025
0.08490252
0.0977333
0.09605589
0.11162381
0.10942386
0.10577236
0.09950295
0.12279737
0.16957393
0.13229375
0.110971615
0.11089293
0.09852874
0.0918766
0.09803897
0.10184987
0.10217047
0.086242385
0.08825289
0.10518859
0.106464304
0.11248147
0.09893907
0.11014007
0.1061904
0.1198084
0.12394501
0.122641705
0.10962717
0.13479704
0.20097941
0.1391231
0.11245736
0.12532385
0.115037255
0.121795826
0.11197389
0.10585081
0.08642353
0.09186091
0.09715201
0.108366854
0.11525475
0.11922097
0.11311417
0.11334676
0.12433968
0.12079491
0.11903048
0.13019747
0.18087573
0.14036402
0.15768842
0.23300152
0.15631534
0.12339728
0.124167114
0.120026276
0.1168966
0.10835525
0.10235602
0.09986615
0.10192468
0.10877095
0.11835441
0.13967523
0.1686084
0.14840166
0.11780455
0.10228209
0.08681483
0.10993557
0.10841588
0.118617095
0.11884698
0.12077401
0.11491933
0.09298296
0.09121923
0.08975389
0.100827515
0.099074036
0.10982014
0.12687004
0.16560511
0.12584956
0.09919056
0.10342377
0.10165614
0.10400668
0.091664195
0.09489805
0.0946975
0.10652885
0.104153425
0.11110761
0.117022924
0.107167915
0.0958491
0.07771253
0.08032456
0.075874306
0.0701059
0.06711096
0.08747534
0.09343417
0.103272565
0.09437842
0.09724098
0.08768283
0.086257234
0.08430426
0.093912564
0.08900961
0.084482476
0.0786132
0.08410124
0.08434879
0.08960755
0.084251545
0.1113087
0.11228524
0.115836725
0.09280033
0.0864381
0.08133672
0.09272931
0.08596231
0.0912772
0.08411469
0.09689735
0.10745052
0.099339515
0.090313405
0.09880328
0.10692332
0.1051077
0.08171855
0.086481296
0.08968436
0.09409749
0.09212662
0.09066716
0.085066
0.08156101
0.090486124
0.10041067
0.105217986
0.100443885
0.09662203
0.10357452
0.11008986
0.10372295
0.08375203
0.087070756
0.08677979
0.09081692
0.08504261
0.08302712
0.081947796
0.07364305
0.07200803
0.073170304
0.07919259
0.10244265
0.12317662
0.117522195
0.11313085
0.09816758
0.10334402
0.090934
0.08348187
0.08013653
0.083712965
0.09079708
0.09836846
0.08855195
0.08709137
0.07746537
0.08388476
0.0827284
0.082015075
0.07767453
0.067640044
0.0835392
0.0997877
0.1183542
0.11041901
0.103382185
0.09811124
0.092638694
0.0827601
0.080208436
0.080692485
0.087461434
0.08403852
0.080365896
0.08608192
0.097391255
0.11163952
0.12839378
0.119060606
0.124931365
0.099333175
0.103538744
0.09207266
0.091263756
0.086846106
0.087293684
0.086043105
0.10140004
0.1286809
0.17799087
0.12512186
0.08919544
0.07957406
0.08469198
0.09570499
0.10599189
0.102365255
0.1036945
0.09513372
0.083715014
0.076603666
0.08542032
0.08792065
0.08953066
0.081452176
0.07902769
0.07604781
0.081390455
0.08676059
0.090085804
0.090709805
0.08741466
0.100127175
0.11540248
0.117441356
0.10643071
0.10250294
0.1053139
0.10324557
0.0924332
0.09097033
0.08270679
0.076477475
0.087024756
0.08807742
0.10642118
0.10567131
0.11186745
0.11197593
0.10819867
0.1640495
0.2552257
0.15780282
0.10580128
0.11135301
0.12039623
0.12636577
0.11656491
0.09100571
0.08807412
0.08640732
0.09386848
0.08745896
0.09537354
0.10797436
0.12511152
0.11511384
0.121947475
0.10448512
0.10538736
0.10309777
0.0979512
0.095351584
0.08311246
0.095174134
0.10553684
0.10992327
0.104718074
0.104289964
0.097508855
0.09393782
0.11617563
0.17073621
0.25601807
0.16835724
0.12706918
0.11799242
0.11083892
0.103592835
0.09180212
0.0896816
0.09602652
0.11516947
0.13492954
0.12872158
0.12063401
0.10042969
0.10169126
0.10044161
0.123929955
0.1253569
0.1471417
0.12162396
0.11573439
0.09359982
0.10436356
0.102456026
0.11993132
0.11120795
0.1056348
0.088093184
0.109851874
0.114984214
0.106881216
0.08250644
0.08302624
0.08354358
0.089114845
0.08018715
0.09458546
0.09944325
0.11025025
0.09167101
0.10645855
0.09951761
0.113166
0.092184976
0.10044665
0.09209663
0.10158234
0.09645443
0.11064227
0.103352994
0.10189367
0.13482821
0.21833496
0.16236366
0.13948472
0.1273713
0.12502785
0.11329709
0.1077584
0.08421372
0.090680696
0.092985906
0.11974657
0.11318481
0.12021701
0.10186604
0.099966265
0.09014583
0.09356144
0.09521537
0.1064985
0.11101683
0.099389374
0.10009963
0.10187654
0.1001537
0.09630296
0.09595516
0.09726603
0.10055236
0.08947519
0.094169356
0.08682138
0.088745266
0.08892442
0.09671531
0.1003287
0.10741545
0.10471542
0.10464373
0.122319326
0.11601734
0.12728201
0.10614626
0.119167246
0.11940788
0.13260135
0.13416372
0.123056054
0.10500458
0.09174526
0.09496776
0.09258391
0.10084912
0.10640695
0.11233421
0.1189566
0.10925413
0.11551963
0.092675276
0.085411854
0.08399521
0.09289229
0.08981642
0.077007815
0.08128507
0.094557546
0.102753185
0.108771734
0.09942685
0.10513742
0.100730546
0.10282808
0.095867164
0.087222174
0.09520532
0.088573955
0.097812936
0.088858396
0.092478566
0.07971003
0.07866572
0.089368254
0.08587303
0.104428545
0.09695542
0.09849374
0.08200112
0.067436986
0.0738586
0.078151494
0.09749855
0.09312119
0.08547514
0.08313577
0.08593039
0.084070966
0.0792869
0.08574888
0.094289154
0.09787094
0.083451666
0.07670583
0.06626722
0.06685204
0.06789107
0.07489371
0.08998954
0.09919544
0.109422326
0.106734335
0.104074545
0.08345421
0.088300824
0.088436
0.09055821
0.08425375
0.08493655
0.09301918
0.08971922
0.09170029
0.088252716
0.09384741
0.09218182
0.099973194
0.09292794
0.095084205
0.1008006
0.11201568
0.11081723
0.09232596
0.081252456
0.08123516
0.08302696
0.08424966
0.081204064
0.08409098
0.10419311
0.11518263
0.124730706
0.1217293
0.12024066
0.1340687
0.11348214
0.09675224
0.09375077
0.1230721
0.1257671
0.103373215
0.09114571
0.09542236
0.08954843
0.0920358
0.09171435
0.10633245
0.087979734
0.099028036
0.09755278
0.10112852
0.09751338
0.101090156
0.10745987
0.11950217
0.110689595
0.104374215
0.08094527
0.095184326
0.09197326
0.09503123
0.11075473
0.12867317
0.1419432
0.1367634
0.17891689
0.2572817
0.15179828
0.09679657
0.076196484
0.07665627
0.07272913
0.08533949
0.09543535
0.097272456
0.09130669
0.1048003
0.10381279
0.10292588
0.07788678
0.075526245
0.076038726
0.08349307
0.08432129
0.11859403
0.11284516
0.12220424
0.09486601
0.08906152
0.11194939
0.11851918
0.13583137
0.14034973
0.14693011
0.1628508
0.13915904
0.13243103
0.11144008
0.10351135
0.0983174
0.08871876
0.09398692
0.09342534
0.10226507
0.09429557
0.104389034
0.12666437
0.14533597
0.16449636
0.16784404
0.1574305
0.12961608
0.10608906
0.09619167
0.09512522
0.09091511
0.10192734
0.10750718
0.11712841
0.114510894
0.13586748
0.13164707
0.12785779
0.10675377
0.10466168
0.10277125
0.15299188
0.26674992
0.14525446
0.09173747
0.13486117
0.14440903
0.14078146
0.11851868
0.107520334
0.107805446
0.093787335
0.10218608
0.09404807
0.09034792
0.09125505
0.10172908
0.099376924
0.10050619
0.092839494
0.09221711
0.07995451
0.08246189
0.08106439
0.07975911
0.085648626
0.09103123
0.0973015
0.089357026
0.09250637
0.092370406
0.09943979
0.09336777
0.09496727
0.084805936
0.0806161
0.09435154
0.10901629
0.1221097
0.09801816
0.08026555
0.09672178
0.10161196
0.09949038
0.083428934
0.08675282
0.09879446
0.08750501
0.08315247
0.07692178
0.0807069
0.085597605
0.0916227
0.09580758
0.100169666
0.09919346
0.09501415
0.08139033
0.08593001
0.09255447
0.095234916
0.096855156
0.09923542
0.1075279
0.12008484
0.12995934
0.1286351
0.10708817
0.091385536
0.11913609
0.12644385
0.12383371
0.0950263
0.11916875
0.12211458
0.1250607
0.10348008
0.09488898
0.09234194
0.088560686
0.08649276
0.10112935
0.12891261
0.13923298
0.12039876
0.1087736
0.09427063
0.104012534
0.09510322
0.093503796
0.08261244
0.08876371
0.08610031
0.10491566
0.11963315
0.11836847
0.10495403
0.08750819
0.14385565
0.24893507
0.14922094
0.086631134
0.08658501
0.09800003
0.102843285
0.090107724
0.0879973
0.08307369
0.091879845
0.0959664
0.10882743
0.13531578
0.13624713
0.12207829
0.11237901
0.1055597
0.10243852
0.08135062
0.08846177
0.09922208
0.0992589
0.10472488
0.099114195
0.09931808
0.08964061
0.08503528
0.08415941
0.08957642
0.1001738
0.11327389
0.11947999
0.11521662
0.13561563
0.1305316
0.12494489
0.117927544
0.1344993
0.1429808
0.13534322
0.13099419
0.11968467
0.09774813
0.08691251
0.0952872
0.10088679
0.10922229
0.09465061
0.095835954
0.09612859
0.104500115
0.09930242
0.09338166
0.09290264
0.08692314
0.08953002
0.101372
0.11556158
0.10714313
0.108278096
0.10219365
0.109975375
0.123550385
0.11958939
0.115361154
0.09620404
0.10382536
0.106972955
0.10539316
0.10682589
0.108841255
0.10693303
0.10730858
0.112985454
0.12277295
0.1276348
0.120938666
0.13335964
0.13145642
0.16089337
0.1312906
0.17976458
0.26684135
0.15675424
0.09257767
0.08853954
0.09434532
0.11346115
0.11134518
0.11550773
0.12825042
0.1364249
0.12801716
0.105513245
0.09796568
0.111954466
0.10922059
0.10650061
0.09411091
0.089554444
0.09044145
0.11272107
0.12524612
0.13980053
0.15649876
0.12821127
0.119646646
0.09929797
0.088264056
0.087408006
0.08126493
0.08300589
0.09058277
0.0924924
0.09577772
0.09167657
0.10795627
0.10821175
0.113186456
0.0962385
0.09589266
0.101319686
0.091394536
0.1015801
0.109574825
0.120373175
0.10298751
0.105271704
0.09698175
0.10523475
0.115567155
0.09882399
0.09623161
0.09284853
0.08323148
0.08714494
0.094122194
0.09837478
0.09858154
0.099522725
0.09329329
0.09556352
0.08608911
0.08395442
0.08559724
0.09440657
0.10949219
0.11658615
0.12940213
0.12860587
0.123841785
0.11750377
0.097227946
0.09159767
0.098724194
0.09748708
0.10892165
0.11358335
0.10230355
0.11262878
0.103221506
0.09781122
0.102232814
0.097953856
0.11391117
0.10302933
0.10727807
0.12688985
0.12404232
0.14389327
0.1117146
0.1272114
0.109284125
0.11391136
0.09855382
0.09568313
0.085239775
0.087390885
0.09225681
0.09200669
0.09786404
0.09775293
0.11040944
0.1310797
0.12116323
0.108741716
0.10889254
0.10561988
0.09279212
0.10336342
0.09951519
0.1150133
0.12198625
0.111833856
0.10660947
0.10781977
0.1006252
0.10127906
0.10277049
0.10659529
0.11634991
0.12969159
0.15616813
0.16714406
0.156829
0.14321074
0.15406027
0.18154109
0.1700177
0.14718203
0.11727305
0.1147475
0.10689258
0.102351695
0.10459735
0.10475468
0.12525083
0.13673781
0.15049163
0.13883582
0.14138387
0.116556585
0.11699213
0.10974879
0.1277733
0.12727964
0.14098419
0.1282569
0.11558152
0.11918721
0.10607031
0.11020733
0.11101266
0.107813686
0.10923264
0.1185027
0.10497073
0.10689412
0.10240005
0.1004229
0.11294965
0.12035808
0.116647184
0.11785475
0.11390711
0.10673449
0.12482109
0.1318207
0.13548017
0.116087176
0.1309091
0.122819826
0.12816687
0.12048208
0.11141691
0.11823595
0.13336325
0.122053675
0.11029223
0.110142544
0.1071515
0.102267474
0.11064562
0.11113266
0.11915271
0.12230781
0.12545691
0.12386496
0.12237751
0.11514496
0.1325367
0.1813642
0.1715052
0.16736391
0.122991085
0.13202344
0.1134307
0.10603964
0.104187466
0.098543756
0.10862512
0.101211816
0.10116825
0.09688637
0.10388266
0.113129385
0.10711866
0.11065193
0.12193373
0.12233774
0.14904152
0.13928388
0.1595055
0.1285791
0.12877116
0.1285871
0.13337761
0.12513046
0.11261316
0.11311685
0.112740844
0.10277855
0.0988408
0.10625089
0.100961864
0.101744935
0.11137153
0.11987024
0.13284115
0.13555358
0.11730925
0.10145842
0.09891535
0.097446844
0.099795565
0.10736166
0.10911341
0.10736898
0.11565147
0.103027366
0.09496658
0.09434685
0.09198798
0.08746347
0.09321348
0.09704128
0.10194412
0.115828104
0.12550543
0.1245127
0.12457627
0.11751295
0.110309064
0.12248658
0.12533396
0.13408518
0.13591343
0.12051341
0.12717842
0.123256914
0.12914751
0.11616967
0.10911988
0.10656837
0.094538435
0.09842605
0.09512872
0.09059099
0.093186595
0.093694106
0.09542124
0.090044424
0.09422914
0.09505143
0.098998085
0.10239445
0.114476696
0.122162245
0.11137299
0.1118841
0.11162883
0.1040385
0.109078065
0.11295782
0.11089635
0.10853125
0.11431116
0.11342084
0.116462946
0.12298101
0.12864508
0.15923525
0.18359368
0.17676015
0.19000432
0.12443275
0.12560849
0.124958746
0.12368639
0.11456933
0.121235795
0.11695103
0.11397663
0.11027195
0.13256997
0.13414685
0.14060247
0.14878105
0.12816373
0.11003281
0.09913344
0.10292375
0.10149667
0.11011362
0.11554451
0.12078227
0.13441749
0.11860867
0.12279695
0.119321965
0.117311016
0.13236956
0.13336971
0.12662593
0.14149615
0.12758613
0.11459997
0.111390345
0.10695299
0.111367166
0.11389017
0.108856566
0.117256254
0.120963246
0.12541828
0.13123383
0.14271241
0.14341952
0.14650318
0.1430671
0.19274169
0.17568776
0.16609243
0.1321988
0.09237529
0.09139147
0.092928216
0.09576458
0.104792
0.10806942
0.111528926
0.10706047
0.10983697
0.10819948
0.109247535
0.11284884
0.110834196
0.106430165
0.107646815
0.11668899
0.11692505
0.12450626
0.13708192
0.13770284
0.13709466
0.12595122
0.12855603
0.12216175
0.11101539
0.1098809
0.11301519
0.10232891
0.115358725
0.12164887
0.12741068
0.12287011
0.12553242
0.12111469
0.12737359
0.13530555
0.15413286
0.1519389
0.15465881
0.14527595
0.17825672
0.15499647
0.16204049
0.1345894
0.12015922
0.13846199
0.15183496
0.15931022
0.18372986
0.15363081
0.1336664
0.13660237
0.15254861
0.18217672
0.1854764
0.20837918
0.17293653
0.15135862
0.15334484
0.15532152
0.16981779
0.14965378
0.14747898
0.15072148
0.14947557
0.12423534
0.11646538
0.1085398
0.10204018
0.114104815
0.11568725
0.11749571
0.120532006
0.1267094
0.12054592
0.13094056
0.13124588
0.13197297
0.13277455
0.13526754
0.13817559
0.14208272
0.16008052
0.17428982
0.20047079
0.21204911
0.167049
0.14523089
0.12328369
0.11779867
0.1295794
0.12745294
0.1315019
0.12976854
0.11793769
0.102662526
0.105211206
0.09981907
0.09838298
0.10671768
0.12051673
0.11993864
0.12886475
0.1458082
0.14606927
0.15733904
0.14616896
0.14414357
0.13125366
0.13262644
0.15732472
0.14297807
0.14127685
0.14135334
0.13998255
0.12551762
0.12697855
0.13004379
0.12510923
0.1457809
0.14591588
0.14783125
0.14998962
0.15288848
0.14149944
0.14750239
0.15214251
0.14554968
0.15205048
0.14050901
0.13834131
0.1486357
0.1473745
0.15423797
0.16969956
0.16288194
0.17253205
0.1829014
0.20596275
0.20127377
0.18154745
0.16112274
0.1446244
0.14081544
0.13391279
0.1511435
0.15302701
0.150951
0.15211435
0.16052541
0.14238304
0.14155604
0.14675741
0.14277995
0.13976295
0.14463638
0.13738549
0.1391353
0.13574767
0.1385283
0.14720266
0.1530045
0.14666286
0.14525957
0.13450603
0.12853178
0.12734075
0.14730498
0.18036972
0.17097571
0.16136003
0.15766911
0.14062794
0.14270614
0.1580943
0.14492488
0.15144268
0.15716508
0.161492
0.15051189
0.15588158
0.14996961
0.14652838
0.14265622
0.13380824
0.13490018
0.1556682
0.15088367
0.14435725
0.15325142
0.15911737
0.17485523
0.21036604
0.19069731
0.19037598
0.18659087
0.1577885
0.17957439
0.18852799
0.19365405
0.21491031
0.22668305
0.21856438
0.22043175
0.18877901
0.16987702
0.16133319
0.17714974
0.20136636
0.19583543
0.1989611
0.19512123
0.18311049
0.16995719
0.16096662
0.1479656
0.17279844
0.17856178
0.20979081
0.21224745
0.23351936
0.22620353
0.3143764
0.28079426
0.24983308
0.21210541
0.17104313
0.1727877
0.15698594
0.17326824
0.18492772
0.18609118
0.22167414
0.23462749
0.20203242
0.1833063
0.17313206
0.15321036
0.15709037
0.1572707
0.15932876
0.15918095
0.17270875
0.18386877
0.18372408
0.18487827
0.19290882
0.17679897
0.16287728
0.15431012
0.1573605
0.17723028
0.17323358
0.18215398
0.18758269
0.1757896
0.13963753
0.15633053
0.16432272
0.21392201
0.2737799
0.26560968
0.2521559
0.21160445
0.16336928
0.17530684
0.16823661
0.16447066
0.1711872
0.1686673
0.17020798
0.17279641
0.17689422
0.20181172
0.20879248
0.19804548
0.20236112
0.2107402
0.18514892
0.19757606
0.2111159
0.20501783
0.20237075
0.20006235
0.19436453
0.19028948
0.2087346
0.23060808
0.2645909
0.25922143
0.24393636
0.20174213
0.17933157
0.18097101
0.17783923
0.17778188
0.20180832
0.1969658
0.18663579
0.18254301
0.19800216
0.17852521
0.19605026
0.20181035
0.21723305
0.20927127
0.21385248
0.20317233
0.2170057
0.21328014
0.2115811
0.19908735
0.19557208
0.17754965
0.16558953
0.17235419
0.1828984
0.18483788
0.18384711
0.19672097
0.20387891
0.20759079
0.2068332
0.20938788
0.20509417
0.20646717
0.21431248
0.21986459
0.22873825
0.24682711
0.23943381
0.22965494
0.24615605
0.23623154
0.20956562
0.20157222
0.24435613
0.22789112
0.2557882
0.31226036
0.27430883
0.25189993
0.28026187
0.28362375
0.28916526
0.23349129
0.2081782
0.17583239
0.19149064
0.19527347
0.20220184
0.2122222
0.21277331
0.22510011
0.20513444
0.2015126
0.1994325
0.18897322
0.21120508
0.21079482
0.21191172
0.21396565
0.24023226
0.25478613
0.25752166
0.30302227
0.27808893
0.25751022
0.255423
0.21952693
0.2175135
0.2084257
0.2101903
0.19551937
0.19420402
0.20736481
0.20802145
0.21954235
0.21828231
0.22007804
0.21137622
0.19452368
0.19672948
0.1946591
0.2123106
0.2101099
0.21804509
0.21620123
0.20329876
0.19709785
0.17912185
0.18165831
0.18687439
0.19852045
0.21138346
0.23803951
0.27271506
0.32987866
0.3828454
0.44117066
0.42573518
0.34706798
0.31518713
0.2598576
0.25293216
0.26356998
0.24978074
0.2515001
0.25260517
0.2606915
0.2453275
0.2474627
0.23323879
0.2500572
0.23831484
0.22832434
0.23044619
0.23747882
0.23135263
0.22266002
0.2279098
0.22745842
0.24758182
0.26199928
0.2689968
0.26058567
0.25601217
0.22472064
0.19888031
0.1817217
0.16257547
0.16233237
0.1575836
0.14794001
0.146017
0.14525898
0.14201362
0.13733746
0.1396389
0.14754649
0.14129964
0.124816775
0.11591113
0.1128092
0.11235031
0.109848104
0.106436685
0.10761979
0.10655013
0.107845046
0.108339675
0.10559275
0.10989124
0.11553277
0.1164717
0.11582489
0.11617744
0.11669985
0.117489874
0.11857616
0.12019828
0.115736865
0.117720306
0.12269884
0.11868677
0.13032594
0.13069141
0.13357274
0.13121594
0.13166967
0.12824872
0.12877527
0.13329808
0.12807044
0.12692653
0.13010095
0.13893631
0.1436049
0.14876474
0.15535483
0.1626313
0.16139098
0.1677935
0.17000213
0.1722119
0.16771789
0.1546359
0.16982235
0.19350089
0.2115651
0.19850403
0.21034817
0.20672077
0.20616381
0.18189995
0.17740424
0.1556505
0.15009084
0.12837747
0.12903938
0.13114178
0.120962486
0.12054132
0.122573115
0.12763888
0.1304906
0.12989146
0.13200407
0.13520356
0.13457517
0.13677272
0.13701878
0.13371246
0.1403418
0.14138567
0.14128612
0.13703051
0.14577794
0.14382885
0.1435132
0.13792428
0.13750143
0.13603565
0.13788405
0.13534921
0.1329015
0.1359458
0.14059515
0.14201048
0.13643946
0.13201976
0.13278443
0.14214869
0.14264189
0.1411754
0.14325805
0.14273697
0.14305651
0.1412845
0.1417783
0.14172114
0.14636058
0.15515949
0.15307006
0.15698321
0.15322423
0.14793284
0.15154862
0.15190263
0.16149911
0.1608412
0.158613
0.15341944
0.15142192
0.1530006
0.15361726
0.15503152
0.1631872
0.16118765
0.17073095
0.16766967
0.16629641
0.16752976
0.17319465
0.17141496
0.16741878
0.16540785
0.15845264
0.1525103
0.1484885
0.14634944
0.14208487
0.13934423
0.1395865
0.13821115
0.14130516
0.13934296
0.13759069
0.14565158
0.15208349
0.15082969
0.15981537
0.1668287
0.16529427
0.1666418
0.17156658
0.1706684
0.16820313
0.16936652
0.1659986
0.16710626
0.1586336
0.15335982
0.1497776
0.15164687
0.15119807
0.14868625
0.14897797
0.1421492
0.14614747
0.14830387
0.14492664
0.14693587
0.15009701
0.15141474
0.15770188
0.16985415
0.16437244
0.16909434
0.17318305
0.17191365
0.17688024
0.18441194
0.1869062
0.17965098
0.18310203
0.18471055
0.18535736
0.18428122
0.17970997
0.17968607
0.17991899
0.18267412
0.18657374
0.18302648
0.1869025
0.19247943
0.19704197
0.19471827
0.19303645
0.18544233
0.1871385
0.18862037
0.19504267
0.19576116
0.19266824
0.19473131
0.1965031
0.19917515
0.1992225
0.20361443
0.20584238
0.21801674
0.21881945
0.21722214
0.21471688
0.21506853
0.20822701
0.21077523
0.21159825
0.21678236
0.21672232
0.21652795
0.21348906
0.2152003
0.2160259
0.21488124
0.21611907
0.22105695
0.2307415
0.23138875
0.23436095
0.23355308
0.23213841
0.22586226
0.22690952
0.22476934
0.22402383
0.21994835
0.21714546
0.21315922
0.20543268
0.19418113
0.18676198
0.18235807
0.18116623
0.17708328
0.17716049
0.17253453
0.17330351
0.17386745
0.17297731
0.17235865
0.17318799
0.1755931
0.1789463
0.18553442
0.1941786
0.20384066
0.21460144
0.22352491
0.23141536
0.23574878
0.20551747
0.18241195
0.16418219
0.14943528
0.13726284
0.12704717
0.11835355
0.11086726
0.10435475
0.0986391
0.093583845
0.089082025
0.08504861
0.081415184
0.07812605
0.07513542
0.07240529
0.0699039
0.06760443
0.06548414
0.06352358
0.061706055
0.060017124
0.058444243
0.056976467
0.055604193
0.054318983
0.05311336
0.05198071
0.05091514
0.049911384
0.04896473
0.048070952
0.047226235
0.04642714
0.045670547
0.04495364
0.044273846
0.04362883
0.04301646
0.04243478
0.041882005
0.041356497
0.04085675
0.04038138
0.039929107
0.039498758
0.039089248
0.038699567
0.03832879
0.037976053
0.03764056
0.037321575
0.037018403
0.036730412
0.03645701
0.036197647
0.03595181
0.035719026
0.03549885
0.03529088
0.035094727
0.03491004
0.034736495
0.034573793
0.034421645
0.034279797
0.03414801
0.03402607
0.033913773
0.033810936
0.033717398
0.03363301
0.03355763
0.03349115
0.033433463
0.03338448
0.03334412
0.03331233
0.033289053
0.033274256
0.03326792
0.03326792
0.03326792
0.03326792
0.03326792
0.03326792
0.03326792
0.03326792
0.03326792
0.03326792
0.03326792
0.03326792
0.03326792
0.03326792
0.03326792
0.03326792
0.03326792
0.03326792
0.03326792
0.03326792
0.03326792
0.03326792
0.03326792
0.03326792
0.03326792
0.03326792
0.03326792
0.03326792
0.03326792
0.03326792
0.03326792
0.03326792
0.03326792
0.03326792
0.03326792
0.03326792
0.03326792
0.03326792
0.03326792
0.03326792
0.03326792
0.03326792
0.03326792
0.03326792
0.03326792
0.03326792
0.03326792
0.03326792
0.03326792
0.03326792
0.03326792
0.03326792
0.03326792
0.03326792
0.03326792
0.03326792
0.03326792
0.03326792
0.03326792
0.03326792
0.03326792
0.03326792
0.03326792
0.03326792
0.03326792
0.03326792
0.03326792
0.03326792
0.03326792
0.03326792
0.03326792
0.03326792
0.03326792
0.03326792
0.03326792
0.03326792
0.03326792
0.03326792
0.03326792
0.03326792
0.03326792
0.03326792
0.03326792
0.03326792
0.03326792
0.03326792
0.03326792
0.03326792
0.03326792
