1.8922752E7
1.3949705E7
6253390.5
4128537.2
3034788.5
2349023.8
1877702.1
1541678.1
1300425.4
1119848.4
968318.75
850922.75
745806.06
659592.56
595661.8
541288.06
495572.12
453839.66
420316.47
389324.34
363468.3
337123.72
317527.94
301398.9
285607.9
274462.16
261174.17
249664.55
235642.44
225929.88
217444.47
212083.72
205180.69
198024.7
191179.12
187965.52
180808.86
176054.23
172436.8
164116.28
159069.94
152570.23
151783.84
149051.11
147400.45
146064.23
144764.86
141610.73
137389.02
135320.27
131174.81
129771.52
126849.9
125285.58
124390.57
120880.234
121656.77
121768.0
120801.0
118051.43
115822.266
114575.266
112989.57
111834.625
112496.5
109660.78
108510.63
106343.9
104779.27
103483.53
104391.59
103411.34
105245.16
101989.31
102553.37
100499.13
102449.11
100577.75
100149.65
101202.07
99570.3
97816.05
96142.58
95833.28
94708.664
93694.63
92870.54
92329.51
91682.24
90606.82
90224.62
90414.84
89565.06
89734.695
89260.23
88094.97
87036.9
88570.48
87139.5
86462.12
84858.914
81660.75
82114.71
80645.86
79563.21
79106.67
77938.22
75382.56
78866.03
76118.85
76601.55
77734.516
76762.89
75293.555
75491.516
74302.14
76899.61
75992.484
75704.58
76437.83
76409.21
75492.04
74808.805
75627.195
75473.16
75649.55
75847.234
73848.29
74991.086
72496.1
71469.09
71562.99
70740.516
70722.93
69276.125
69831.06
66874.836
68442.82
68519.36
68160.75
69949.44
69172.03
69062.31
67242.43
67318.03
68396.4
68199.6
67048.57
65796.27
66132.9
65652.98
64124.9
64577.55
64179.36
63214.848
64575.293
64798.746
65433.434
64680.316
63359.1
62425.21
63257.31
63719.066
63195.2
60986.793
61832.008
62166.22
62044.047
61123.69
61746.176
59828.832
60603.234
62082.867
61057.258
59944.87
59484.992
60443.25
59385.37
57746.113
59002.02
58225.664
59407.574
58681.88
60145.277
60882.363
59879.477
59776.492
58907.49
58276.08
58355.406
58029.656
57041.344
56395.277
55483.816
55786.465
56065.133
56575.145
55323.098
55235.77
55356.223
54940.305
54919.086
54768.742
54193.707
54607.336
54138.406
54820.33
54453.66
53094.03
53051.035
52252.59
52228.766
51658.96
51593.527
51400.42
51892.17
50769.03
51009.984
51174.09
50348.547
51187.492
51139.938
50223.94
50011.668
50060.07
50403.0
49682.203
49480.49
51671.598
51002.08
50558.5
51747.4
51400.652
51204.027
51229.508
50471.082
48703.1
48528.85
47986.316
49247.39
47517.92
47121.51
45568.18
47043.83
45737.625
46330.664
45771.395
46168.47
46461.215
45990.188
46548.645
46171.543
45938.344
46739.773
45455.832
46168.418
45894.695
45954.07
46219.938
45422.875
44943.316
45130.875
45317.984
46061.227
44930.113
43751.723
45263.21
44305.926
44606.848
43608.59
43435.777
43679.867
43644.258
43916.055
43792.21
43403.934
43923.438
43820.867
44347.906
43299.008
42770.617
42046.5
42613.547
42385.656
42298.83
42747.3
42160.855
42719.39
42814.918
42628.004
41880.832
42275.254
40902.26
42075.27
41572.06
40679.57
39975.04
40724.05
40577.477
40326.47
40119.65
38040.7
39982.953
38932.047
39589.24
39639.86
38964.61
38786.215
38197.344
37608.1
38109.82
37643.06
37146.926
37605.92
37543.11
37834.832
39054.457
38626.9
39045.004
37751.297
38163.02
37693.887
36840.4
37462.793
37914.383
38288.08
37659.44
37419.71
36511.906
37496.777
37007.035
36437.08
35948.652
36576.656
35697.414
36093.027
36883.137
37013.906
35420.58
35352.83
35831.53
35561.79
35985.17
35400.64
34617.9
35127.742
34072.266
35079.957
34482.54
34211.402
34391.977
33946.836
34636.16
34469.746
34208.36
34776.043
34839.86
35240.094
34629.418
32844.74
34674.27
34693.78
35007.676
35188.17
34826.49
33921.88
33871.227
33315.633
33425.785
33050.203
33877.273
34339.297
34124.45
33070.062
32503.729
32594.88
32692.738
33723.516
32203.818
32982.207
32211.855
33066.21
31803.469
32819.527
31569.904
32379.12
32466.479
33187.83
33190.855
34069.88
35052.46
33985.168
33904.86
33869.27
32309.031
33089.285
31528.94
31347.426
31353.37
31792.262
31009.281
30138.062
30267.648
32182.924
29769.33
31155.703
31406.922
30287.758
30112.91
29701.463
29254.371
29797.664
29011.982
30177.242
30322.03
30103.098
30081.99
30325.336
29794.795
30535.979
30434.404
30988.238
29870.19
29437.55
29768.717
31042.223
29546.527
30425.236
30106.367
28928.584
29828.271
28878.996
29795.594
29100.697
29726.225
29272.879
29091.723
28767.896
29955.328
29768.238
29982.545
29857.78
29098.988
29092.137
29618.5
29487.586
32192.484
29812.146
30660.932
29378.752
29887.018
28530.637
29395.494
29087.764
29009.201
29028.527
29192.172
29137.86
28565.42
28337.27
29458.225
27955.191
28499.338
27391.406
28240.248
28608.055
28868.367
29646.566
27747.117
27825.62
27943.766
28489.08
28612.559
28556.42
28523.83
28239.107
28519.984
29369.404
27810.084
28060.729
27584.27
27304.21
27755.111
27469.25
27744.463
27296.443
26439.895
27541.26
26661.068
29004.018
27995.658
27485.188
26548.69
26331.947
24857.771
27091.494
26237.38
26246.16
25416.389
25274.209
25653.268
24326.348
25317.309
25016.877
25370.795
25917.941
25357.15
26313.693
24872.473
24666.13
24375.842
24244.775
24723.727
23791.148
24215.092
23922.92
24249.002
24085.805
25504.717
25624.488
24437.291
25370.752
24919.947
24962.799
24905.787
25948.314
25114.059
24623.133
25043.848
24399.305
25326.215
23782.648
24831.41
24851.254
25260.072
25061.781
23738.72
24102.402
23895.51
23821.787
23570.9
23169.037
24083.379
23471.936
23030.941
22572.82
22456.64
23365.066
22588.74
23057.738
23729.31
22785.238
22294.475
23645.72
23438.389
23483.086
23200.9
22579.107
23696.348
22696.043
23060.398
23604.943
23310.283
22680.496
22004.904
21165.543
22510.84
22208.59
21944.006
21747.637
21004.854
20777.05
21714.564
21215.479
22063.398
19774.445
21251.78
21963.604
22048.988
20673.0
21715.408
22124.406
21857.068
22976.914
23062.45
23243.01
24337.23
22186.092
23410.996
23430.426
23769.56
24850.453
24274.633
24319.326
23715.477
24590.887
22902.25
24025.871
22942.97
24822.162
23384.602
23170.912
23031.67
21721.406
22944.81
23098.977
21353.912
21447.2
20545.588
22886.72
22404.197
22030.344
20654.102
20970.037
20301.484
20957.25
22537.684
21660.008
22134.457
21241.44
21261.79
21974.375
20098.088
21563.309
20737.213
21690.129
20810.139
20231.754
20682.492
20924.63
21410.883
21115.57
19971.566
19968.03
20720.361
20324.736
20308.63
19745.273
20410.219
21332.613
19566.082
21474.334
21039.09
21079.82
20109.713
19863.363
20491.98
20588.45
20332.768
20249.375
19295.203
20926.35
21949.117
20353.264
19710.44
20357.629
21310.828
21176.404
22355.982
22563.855
22177.96
21523.283
21279.354
20446.736
19499.6
21562.98
21098.059
21353.84
20719.11
20047.352
21714.162
20790.547
19950.65
20310.89
20572.795
20949.549
20326.791
20208.049
20117.314
20991.012
19327.559
19496.943
18721.326
20155.732
19481.066
19276.57
20164.332
19373.363
20024.674
19849.904
21664.31
20103.238
19473.31
19422.389
19195.346
19369.586
19883.686
19633.227
18242.807
19310.922
18326.0
18793.049
19254.662
18549.527
18761.38
18934.852
20694.984
19603.066
19353.705
18486.863
17578.195
17895.705
16617.322
18503.72
18203.512
17351.771
18293.85
16919.771
18714.002
17287.312
18652.766
18209.637
19034.49
18677.63
18536.064
18929.432
18266.082
18762.705
18301.201
16273.732
18205.496
19507.5
17721.979
17506.166
18232.436
19044.6
17994.105
18390.63
19149.31
19471.416
18882.727
17649.785
21414.574
20931.896
19557.408
19299.918
20367.78
20473.457
18295.246
20363.414
20390.482
20822.12
19484.383
21465.656
21562.953
23084.389
23737.285
23833.707
21437.92
21451.04
21135.484
21149.977
20673.004
18771.615
18524.777
17894.168
20118.605
19526.814
18324.307
20302.6
19355.004
21889.22
19966.418
22640.998
22598.852
23449.498
28821.484
23555.717
22041.363
20754.688
20953.242
19392.312
18818.73
17347.078
18152.5
19502.375
18055.32
15899.338
18014.969
15915.493
15475.336
15730.039
17010.75
14766.88
15400.624
14854.715
14235.985
15326.012
15731.48
13933.933
14784.788
15865.446
14636.465
14861.538
16617.266
15037.934
15043.313
14261.753
14183.585
14978.09
14457.307
16073.68
14402.446
15032.882
16489.006
18277.705
18339.092
15941.905
16198.635
14757.383
18428.938
17588.406
17883.217
15906.272
16804.158
17707.895
15790.985
16263.777
16028.922
16163.241
15745.737
15891.195
17459.713
16748.35
17383.752
16909.244
18164.102
20054.893
22361.094
26272.766
27855.871
26400.607
22896.398
20454.639
19380.84
18547.23
16839.662
17129.79
14426.3955
13611.452
14442.53
15054.61
15668.611
14436.153
13285.34
11618.881
12646.574
12605.158
12718.602
12543.278
13344.505
15253.225
14206.936
10930.327
13453.92
12901.064
11909.253
13760.671
12730.147
13215.634
10153.781
11558.961
11115.932
11815.111
12818.609
10722.426
12478.724
14368.428
12377.836
13716.925
13133.028
13183.213
12479.835
12247.843
15030.739
11540.724
11056.172
11262.713
11397.985
11531.902
10638.091
11633.043
12075.344
15467.635
14333.941
12613.517
15205.254
15768.474
13038.635
9809.9795
13693.619
15163.297
10330.456
11562.796
10882.519
12034.562
12561.133
11970.539
9202.244
12639.803
10087.96
16850.443
12197.176
10286.584
8632.281
13116.176
10003.221
9080.313
11169.864
10799.036
7253.632
11901.144
9909.244
8772.381
7609.516
10188.263
8845.515
9272.658
9353.839
11361.83
9861.294
10270.276
8572.496
8478.565
5057.8896
8368.282
8851.807
7022.3584
6072.596
6527.3623
3959.5732
7464.7017
7095.072
9621.456
7440.8916
4329.886
10915.885
7425.0483
11028.3
5656.738
9061.336
10981.675
5303.9917
13394.481
10781.468
7021.2
20315.607
30255.824
4756.7476
13721.998
10534.066
20372.2
35157.504
