904.6113
434.0009
287.11176
230.87244
196.44093
171.15135
151.59827
135.61465
121.94079
110.25644
100.055954
91.34788
83.38016
76.39322
70.222626
64.58513
59.507347
55.132183
51.07821
47.39757
44.109222
41.077686
38.43981
36.064785
33.742832
31.723476
29.804737
28.083921
26.595646
25.01662
23.762
22.48544
21.407892
20.30281
19.43169
18.499752
17.646341
16.933777
16.193888
15.511013
14.894983
14.357417
13.766568
13.277572
12.770651
12.287173
11.8215275
11.456286
11.126997
10.733488
10.424646
10.119833
9.815789
9.565281
9.290955
9.031527
8.797791
8.631633
8.344154
8.198563
7.975771
7.7675095
7.642175
7.477305
7.3298454
7.1581707
7.045777
6.8348675
6.6971254
6.5696907
6.4489236
6.328039
6.218005
6.088407
5.999577
5.8896604
5.7467985
5.6993093
5.6805615
5.526158
5.5266967
5.351115
5.244105
5.1836457
5.139169
5.044346
4.9243484
4.911456
4.8172865
4.73742
4.7230515
4.6298223
4.5766582
4.5456367
4.511332
4.4408617
4.4001365
4.321634
4.2822075
4.240799
4.234059
4.1628056
4.125235
4.071317
4.0173974
3.962741
3.9298596
3.9204695
3.8399024
3.8140557
3.8344026
3.7788625
3.7228835
3.7061603
3.665263
3.6353524
3.5920515
3.5707412
3.553766
3.5356371
3.4768577
3.475028
3.4449008
3.4154007
3.3872347
3.3811111
3.3437436
3.29289
3.296556
3.2229352
3.2978485
3.194642
3.1771982
3.1499848
3.144647
3.1021318
3.0985897
3.090448
3.0673392
3.058878
3.0104501
3.0238724
2.9818547
2.9607117
2.9336293
2.9107726
2.9218032
2.8752124
2.939987
2.835459
2.8139193
2.8765688
2.7969067
2.8009381
2.7896504
2.7441838
2.7470279
2.733559
2.7472188
2.7267046
2.6910357
2.6708786
2.657204
2.666557
2.6915827
2.664668
2.6621249
2.639097
2.6745522
2.5682352
2.5848744
2.5581636
2.5663962
2.545852
2.5424373
2.5353062
2.5391958
2.5314834
2.495088
2.4868004
2.4970543
2.5016005
2.4548383
2.528415
2.4304533
2.4351456
2.4195235
2.4292011
2.4107416
2.400544
2.3899832
2.3772295
2.3782673
2.3582323
2.371172
2.3662796
2.357849
2.3301435
2.3336222
2.2885273
2.352913
2.3094747
2.2988193
2.2857733
2.283067
2.2974699
2.2655122
2.2606099
2.255192
2.2506015
2.2304373
2.23001
2.2418127
2.190643
2.2322252
2.182067
2.1899374
2.1901739
2.1520278
2.1274207
2.180477
2.2179573
2.1578498
2.1281593
2.1147716
2.1299038
2.1196547
2.1078546
2.1284206
2.1036398
2.086932
2.0726097
2.0728865
2.0836895
2.0691502
2.0737078
2.0520372
2.06009
2.0525002
2.0454037
2.050738
2.0537202
2.085508
2.028005
2.0380878
2.029394
1.9994521
2.0487964
2.0056477
2.0128405
1.9903536
1.9993807
2.0150537
2.0098455
1.9854195
1.9866707
1.9707296
1.9678876
1.9664109
1.9598234
1.9476652
1.9627943
1.9684986
1.9630148
1.9826208
1.9472482
1.9546132
1.9332293
1.9789214
1.9408573
1.9420419
1.9194789
1.9046435
1.9894226
1.9069585
1.9179794
1.9039847
1.9043555
1.9093233
1.8985077
1.8854084
1.9084295
1.8815931
1.8630435
1.8608218
1.8766732
1.8748726
1.8871266
1.8714385
1.8646041
1.8589336
1.8734092
1.8497752
1.8531853
1.8509282
1.851417
1.8378072
1.8522152
1.8347839
1.8485295
1.8313813
1.8447721
1.8481028
1.8539902
1.8546306
1.8276579
1.8483264
1.8345408
1.8248546
1.8315586
1.8347038
1.8387171
1.8157899
1.807924
1.8281887
1.788919
1.8120452
1.8004528
1.7958797
1.8034151
1.7754848
1.7747984
1.7852448
1.7827083
1.7706665
1.7512046
1.7646364
1.7487447
1.7586633
1.747847
1.736602
1.7558649
1.7534126
1.7296283
1.7447652
1.7095752
1.7334428
1.720122
1.7217517
1.7323409
1.7179086
1.7189715
1.7427522
1.7275445
1.7324694
1.7259517
1.7245376
1.7355949
1.7256123
1.7059625
1.7133852
1.7150759
1.7236685
1.7254013
1.7134044
1.7160939
1.7198603
1.7153883
1.689884
1.6919328
1.6829566
1.6937081
1.6967524
1.6825856
1.6811444
1.6778954
1.67016
1.6813314
1.6724048
1.6632879
1.6525948
1.6686593
1.6645274
1.6375724
1.6358842
1.6599525
1.6392896
1.6308968
1.6320726
1.6513423
1.6447715
1.6263406
1.6420348
1.6287942
1.614911
1.6256403
1.6204029
1.6261625
1.6190927
1.6206801
1.5978714
1.6031247
1.6099455
1.6108543
1.6156884
1.5911304
1.5854475
1.6105088
1.5953293
1.584245
1.5812658
1.5963503
1.5699617
1.5920901
1.5878352
1.5993408
1.5857499
1.5743603
1.5652874
1.5674105
1.5602826
1.5516989
1.5570397
1.5800942
1.5592831
1.5584695
1.5450783
1.5497712
1.5519724
1.5549246
1.5322767
1.5531408
1.5350457
1.5461407
1.5412297
1.5359707
1.5296687
1.5328324
1.5205597
1.5245245
1.5280769
1.5268713
1.5237497
1.5298294
1.5290005
1.5158632
1.5365609
1.5287442
1.5200771
1.5293921
1.5320766
1.5269878
1.5163244
1.5149571
1.5223604
1.5386578
1.5238624
1.5324395
1.5147238
1.5165534
1.5298145
1.5136155
1.5364355
1.5140424
1.5072776
1.5033796
1.5152878
1.4861925
1.4910296
1.4964752
1.4880661
1.4796519
1.4998698
1.4819958
1.4914274
1.462837
1.4717801
1.4632413
1.4708718
1.4740096
1.4594389
1.4674623
1.4656932
1.4739727
1.4551141
1.4647188
1.4562758
1.4401556
1.4674491
1.4518391
1.4503238
1.4434512
1.4550985
1.461942
1.4532425
1.4528471
1.4448752
1.4489038
1.4645836
1.4418912
1.4445891
1.4340441
1.4384998
1.4347029
1.4394944
1.434687
1.4194461
1.4249331
1.4414378
1.4390658
1.40999
1.4199674
1.4355088
1.4187552
1.3959125
1.413092
1.4250379
1.401966
1.4214888
1.4036436
1.4152709
1.4215723
1.4066212
1.4122268
1.3950311
1.393136
1.3949467
1.4047469
1.3983325
1.4013764
1.413783
1.3814216
1.3967235
1.3892035
1.3942196
1.386107
1.404239
1.3868601
1.3898214
1.3868302
1.3803129
1.361286
1.3776623
1.3757837
1.3771223
1.3793375
1.374121
1.3626751
1.3741043
1.3749231
1.364621
1.3574345
1.3666866
1.3579705
1.3565171
1.3652495
1.3583963
1.3614405
1.3420274
1.3667988
1.3704857
1.3508362
1.3632445
1.3560773
1.3477362
1.3417032
1.3443332
1.3432169
1.341496
1.3514093
1.3594153
1.3435515
1.3350987
1.3320079
1.346345
1.3457946
1.3258157
1.3527371
1.3357513
1.3268127
1.3282311
1.3285561
1.347243
1.3406701
1.3227868
1.3156396
1.3149014
1.3144261
1.3243729
1.3058134
1.31737
1.3102816
1.302588
1.2984312
1.2939543
1.2807477
1.2853072
1.2838675
1.2806231
1.2868439
1.2668931
1.2777808
1.2617637
1.2700436
1.2651851
1.2666868
1.2540232
1.2608275
1.2630883
1.2640245
1.2571054
1.2649562
1.2714509
1.2519393
1.2736863
1.2525156
1.2640784
1.2426565
1.2623992
1.2491676
1.2244458
1.2270324
1.234524
1.2272245
1.2225043
1.2366856
1.231873
1.2207997
1.2211993
1.2188812
1.2337811
1.2187171
1.2397289
1.2176349
1.1952078
1.2108333
1.2196358
1.2087009
1.2006357
1.2044092
1.1943733
1.1933775
1.1916133
1.1990359
1.193165
1.1807518
1.1801234
1.1867045
1.1971602
1.1779737
1.1833627
1.1657481
1.1925377
1.1652848
1.1837813
1.173046
1.1792204
1.1783149
1.1824378
1.1720144
1.1590433
1.165726
1.1549332
1.1607058
1.1714691
1.1746504
1.1675813
1.1624402
1.1551684
1.1618215
1.1621542
1.1554273
1.1616161
1.1606238
1.1637409
1.1527623
1.1539752
1.1373494
1.1326295
1.1313503
1.1387553
1.1303171
1.1351181
1.154314
1.1332425
1.1249022
1.1163827
1.1286021
1.1203507
1.1254171
1.1125523
1.1414628
1.1097214
1.1170049
1.1006467
1.1102036
1.1074946
1.0970075
1.0978237
1.1060605
1.076605
1.0983274
1.0970247
1.1104391
1.089453
1.0914421
1.0925347
1.0854479
1.0922188
1.0810502
1.0890505
1.0807415
1.0847596
1.0706068
1.0714471
1.0692934
1.0713557
1.1007905
1.0775652
1.0797005
1.0957898
1.0672827
1.0659891
1.0823677
1.0612968
1.0653217
1.059889
1.0527366
1.0533547
1.0663774
1.0513395
1.072129
1.0537575
1.0620091
1.0611194
1.0555565
1.0458324
1.0586939
1.0448087
1.0612192
1.0468999
1.0411117
1.0469475
1.044663
1.0448388
1.0463643
1.0456855
1.0292491
1.0329334
1.0435733
1.0277972
1.0256598
1.0408655
1.0248668
1.015347
1.0213326
1.0393486
1.0135376
1.0085948
1.0086743
0.9956518
1.0096898
1.0035918
1.0121328
0.992832
1.0169663
1.0141374
1.0040066
0.99959856
0.9892297
0.9939203
0.9803664
0.97755337
0.98665416
0.9922523
0.988452
0.98122007
0.965675
0.9784962
0.97719425
0.97837526
0.9679836
0.97439903
0.96626616
0.96387553
0.9622254
0.95358425
0.97528833
0.96898115
0.9626735
0.9561051
0.9548491
0.95625985
0.9582061
0.9460613
0.950692
0.952236
0.9438178
0.93407005
0.9405322
0.9521564
0.9460276
0.9410661
0.9438403
0.9340779
0.9262139
0.9409895
0.9327573
0.9312963
0.91977066
0.9245753
0.92872834
0.9347869
0.92229486
0.9107225
0.92307967
0.9087436
0.9031459
0.89683396
0.89750576
0.9092599
0.894331
0.90279394
0.8981547
0.8953188
0.8998805
0.88799626
0.8946851
0.8842583
0.8760907
0.88222605
0.8734544
0.8730024
0.8781761
0.872117
0.8640171
0.8697173
0.8532245
0.86635613
0.8750046
0.84942746
0.85852075
0.8638854
0.84693444
0.85935885
0.85493416
0.8538978
0.86575854
0.83650273
0.85874313
0.8451931
0.83955675
0.8437909
0.8531738
0.84596634
0.8377973
0.84278387
0.8426402
0.83764356
0.8368833
0.83074903
0.82774675
0.8286574
0.8141499
0.8114117
0.8395115
0.81243235
0.82710534
0.81468135
0.8083637
0.8182185
0.8087166
0.8129486
0.808836
0.808294
0.8194781
0.7980757
0.79944766
0.8082792
0.8017531
0.8008271
0.7963842
0.8054894
0.8069315
0.8005325
0.8191862
0.80017567
0.8067742
0.80356866
0.8037854
0.8033708
0.79846334
0.8017868
0.7971527
0.7907585
0.7926334
0.7931589
0.81513125
0.7780616
0.78169096
0.7897774
0.79910725
0.7931252
0.78645056
0.7814515
0.78022856
0.7887619
0.7957594
0.78261554
0.78392947
0.7868957
0.77051127
0.7835942
0.784647
0.7743414
0.79119265
0.7819724
0.7862013
0.77765584
0.78488946
0.77218944
0.778553
0.76294345
0.78718024
0.7672406
0.7633139
0.7625749
0.76446444
0.743048
0.7640352
0.7545325
0.7648319
0.76285326
0.7568327
0.74690807
0.76617205
0.75326234
0.746673
0.746733
0.7454522
0.7512949
0.73755145
0.7611933
0.74978524
0.75124437
0.7319037
0.7284265
0.7447242
0.7383049
0.7336203
0.73867387
0.73781395
0.740084
0.74483466
0.7407198
0.7358417
0.73935944
0.72627354
0.7456458
0.7506536
0.7166928
0.73158497
0.7433149
0.72962326
0.7410028
0.7328427
0.7241818
0.72684646
0.7302354
0.7390651
0.7437136
0.72315586
0.72824913
0.7383529
0.7295232
0.7195022
0.7150601
0.71834934
0.70729333
0.7134216
0.71583706
0.71670735
0.72089636
0.72242504
0.71165395
0.7063113
0.7009617
0.70439774
0.693694
0.72015667
0.711936
0.7113264
0.7086006
0.71196383
0.71785253
0.7116046
0.7137432
0.7039828
0.7116805
0.69829184
0.7022441
0.69970113
0.69459075
0.7007572
0.6991733
0.70472723
0.70607907
0.68657476
0.6980087
0.70832145
0.6827461
0.6936841
0.67987096
0.70393157
0.683803
0.6855029
0.6821097
0.6948152
0.69733304
0.6854649
0.6861994
0.6872125
0.67651623
0.6837392
0.68574095
0.68266785
0.6832986
0.66618335
0.6731002
0.6799829
0.67437
0.68368256
0.6850412
0.67954856
0.68493223
0.6727759
0.6679968
0.6573049
0.6572142
0.6620072
0.64818966
0.65325785
0.6653603
0.6569888
0.66435
0.6597861
0.66347677
0.65878755
0.65467757
0.6627401
0.66629934
0.6585402
0.65906405
0.6545074
0.65112966
0.65052706
0.6689565
0.64916784
0.65444875
0.65423477
0.6537119
0.6531023
0.6561849
0.6447058
0.65660274
0.6529647
0.66039866
0.648156
0.6460188
0.6439741
0.64717484
0.6536364
0.64870423
0.648536
0.65813094
0.6451732
0.63783336
0.64837044
0.65139025
0.63991445
0.64878607
0.6374597
0.62728673
0.6234665
0.6347789
0.6378001
0.6341349
0.6274105
0.6334933
0.63673115
0.63455284
0.6259808
0.631142
0.6396945
0.61398584
0.634766
0.6281506
0.6313373
0.62754756
0.6189257
0.62884974
0.62377083
0.63210917
0.630165
0.61852217
0.61923146
0.63487965
0.6243311
0.62668586
0.61672837
0.6052003
0.6006648
0.61982834
0.6154596
0.6109785
0.6000053
0.6182977
0.5993756
0.6112669
0.6075452
0.6037151
0.61047065
0.6038344
0.60297596
0.60361093
0.6008924
0.6019236
0.6034269
0.6025396
0.59300816
0.6038103
0.59713227
0.59667474
0.60084635
0.59528947
0.59752107
0.60085005
0.60118604
0.608783
0.6165299
0.5951838
0.588952
0.6110215
0.5989096
0.5883904
0.6063517
0.59959084
0.59610397
0.60322684
0.602609
0.5994498
0.59231895
0.58275175
0.59832823
0.59222656
0.59814644
0.59433913
0.5960565
0.5800983
0.5878024
0.5897651
0.59199435
0.59295046
0.5874916
0.58959925
0.5837454
0.58698976
0.57871103
0.58628803
0.59811133
0.5768595
0.58082676
0.5893446
0.5823999
0.59376574
0.58581823
0.5779895
0.5785018
0.56440943
0.5852797
0.5755516
0.5710909
0.5733365
0.5834165
0.5679613
0.58176875
0.5608368
0.5724829
0.57214135
0.5717038
0.56755364
0.55411917
0.5757355
0.57336754
0.56170034
0.56321084
0.5578216
0.5584149
0.56510144
0.5602595
0.55202925
0.5619801
0.55045754
0.5573186
0.5508223
0.5591953
0.5611452
0.55363965
0.56090856
0.55794144
0.55187154
0.55558187
0.5543595
0.5534769
0.55249226
0.55698836
0.5553612
0.55028605
0.5531097
0.5641085
0.5504903
0.5470051
0.55090743
0.55121666
0.5368512
0.53915215
0.55038244
0.5436412
0.5425535
0.5321009
0.5381258
0.55035806
0.5371497
0.55006707
0.53233624
0.5398968
0.5313688
0.53331065
0.52717423
0.5456492
0.53522664
0.53799415
0.5346215
0.5344361
0.53494537
0.5277805
0.53268677
0.5167581
0.51497626
0.52878934
0.51768965
0.511541
0.52824026
0.5194935
0.5098795
0.5128292
0.5159682
0.50400025
0.5057583
0.51494604
0.51855415
0.50724965
0.5099815
0.50758874
0.51188874
0.504335
0.5110178
0.5011228
0.50208163
0.49612305
0.49614662
0.49091583
0.50391054
0.4919016
0.50802004
0.49298495
0.50581497
0.49315262
0.5029788
0.50227493
0.49592456
0.5071087
0.4959918
0.489669
0.48638576
0.4933676
0.49272478
0.49700633
0.5008684
0.4873625
0.4908417
0.5016557
0.48049295
0.47742042
0.48265755
0.5054235
0.48768914
0.49783403
0.48789623
0.47421247
0.47943848
0.49093097
0.47740507
0.4859528
0.47822058
0.48928434
0.49368113
0.47473702
0.48853108
0.4809818
0.4817395
0.48159006
0.48031196
0.47685
0.47895882
0.48346773
0.4703472
0.48360616
0.48211902
0.4826046
0.481024
0.4761142
0.4745381
0.4723357
0.47947213
0.48120913
0.47215027
0.48368412
0.46790797
0.479106
0.47378996
0.4660977
0.4576812
0.47248203
0.46487498
0.47303435
0.46708438
0.4668902
0.46507713
0.45593995
0.46871963
0.45205832
0.4623937
0.46927047
0.47021687
0.46068174
0.46262667
0.45832574
0.4601102
0.45542088
0.4551395
0.46416396
0.45014498
0.45008153
0.46500194
0.45103762
0.4438304
0.4522703
0.44772878
0.45351702
0.44790688
0.45581934
0.4636216
0.45251963
0.45045575
0.4468414
0.4647215
0.4416678
0.44591162
0.44826013
0.45716438
0.44948652
0.44608498
0.45110124
0.44617388
0.44470462
0.44431022
0.44949216
0.4411385
0.44668338
0.45013034
0.4443413
0.44086727
0.44795856
0.43745685
0.4384867
0.4408893
0.42217126
0.43311197
0.43471918
0.44085318
0.43608138
0.42813525
0.43404967
0.4353293
0.44286388
0.4400732
0.42160672
0.43556973
0.42804688
0.43155882
0.44400135
0.42581576
0.42512056
0.43322203
0.4328893
0.4201186
0.42192852
0.4284009
0.41694987
0.4236151
0.42532218
0.43115756
0.42065957
0.41976604
0.41793948
0.42549568
0.42489827
0.41147497
0.41612917
0.41577065
0.41544873
0.42764476
0.4184829
0.42191955
0.4209761
0.41350928
0.4123874
0.42753416
0.42331877
0.41850725
0.42163745
0.4070157
0.42801005
0.4127773
0.40604293
0.4106078
0.4083825
0.4116386
0.41471213
0.4098321
0.41946635
0.40878245
0.40086392
0.40527162
0.4140671
0.40600744
0.41045043
0.4116928
0.42399007
0.4140974
0.40849793
0.41989398
0.40242174
0.41770473
0.41891754
0.4025344
0.41176233
0.41585946
0.40996414
0.40148163
0.4094163
0.4065835
0.41057703
0.41118038
0.4165133
0.4120556
0.39810854
0.40004066
0.41055375
0.40604427
0.40598765
0.42411962
0.40631336
0.4000243
0.40491804
0.40524802
0.3999272
0.39314532
0.40297574
0.39857477
0.39775974
0.39326063
0.40534356
0.40005732
0.3981344
0.39865285
0.40164363
0.3945438
0.40162027
0.3996036
0.40732938
0.38696688
0.39531022
0.39581853
0.40432718
0.38853177
0.38706836
0.3885005
0.3952231
0.3901105
0.38723978
0.38816175
0.3913498
0.3912939
0.39456904
0.38336968
0.38103104
0.39739934
0.39754087
0.38785267
0.40530878
0.39780343
0.3913502
0.39122912
0.39551377
0.3829023
0.39888063
0.39256984
0.3874643
0.4013169
0.39428607
0.3946683
0.39319423
0.38167423
0.39667124
0.375181
0.3796395
0.38682476
0.3871753
0.38987368
0.38435623
0.38164526
0.37920862
0.37800848
0.38844138
0.37614095
0.37810785
0.37378433
0.37960216
0.38352647
0.3826766
0.37319866
0.37454426
0.37167388
0.37923717
0.38849044
0.37503892
0.37235817
0.3691946
0.37926862
0.3755366
0.37164718
0.36414433
0.3654796
0.38481307
0.36637327
0.36228126
0.3617695
0.37261626
0.37617165
0.37133378
0.35893926
0.38003737
0.3639698
0.36354598
0.35801622
0.35958648
0.35969198
0.36509275
0.36692762
0.35938162
0.36742648
0.3678627
0.36714876
0.3611919
0.3611373
0.35364902
0.36890635
0.3539191
0.35848022
0.3613376
0.36667156
0.3631525
0.36377522
0.35910338
0.3563217
0.35676166
0.35483626
0.36208266
0.35004303
0.35345265
0.34833437
0.35474277
0.3537732
0.35795406
0.35551924
0.35080114
0.35554793
0.3463182
0.3504033
0.3512535
0.35425562
0.35121262
0.35475865
0.3441738
0.34881815
0.35279936
0.34025145
0.33936444
0.34967393
0.34010085
0.34647438
0.34621343
0.34539673
0.34184963
0.35600108
0.33874246
0.3425397
0.34810817
0.34950438
0.34122768
0.34221724
0.3340298
0.3475841
0.3286293
0.33406404
0.3406377
0.34683886
0.3330537
0.33833042
0.34195423
0.33517686
0.34794545
0.34350675
0.33575183
0.34282508
0.34771755
0.3324213
0.33650663
0.33312723
0.34395137
0.32865936
0.34380004
0.34078598
0.3307763
0.33487678
0.34566328
0.3352985
0.3397485
0.34420747
0.34428474
0.33061174
0.33757713
0.33957303
0.3413463
0.33507767
0.34286702
0.33377674
0.34113905
0.3401755
0.33454087
0.330779
0.32689062
0.33629847
0.33322656
0.33958718
0.32798743
0.33437178
0.33231458
0.33845377
0.33172107
0.33337784
0.33600047
0.33312607
0.33421996
0.33100536
0.3292371
0.333063
0.327009
0.331944
0.32380265
0.33526146
0.3301141
0.3294552
0.32674012
0.33782047
0.3356345
0.34050074
0.33253893
0.3314787
0.31656107
0.3414809
0.342206
0.32267398
0.3283463
0.3338103
0.33738953
0.32861432
0.33577734
0.3411306
0.33201456
0.32618362
0.33671123
0.3191645
0.33007765
0.3322708
0.33160686
0.3227371
0.33233798
0.33483812
0.32968163
0.3284212
0.33537322
0.32384086
0.3218569
0.32658684
0.32524964
0.32273644
0.32032236
0.3205696
0.3176701
0.32844523
0.32282948
0.3139543
0.33470377
0.33153763
0.32871005
0.32965422
0.3144321
0.3237671
0.32451564
0.33051357
0.3250871
0.33359066
0.33261937
0.31965637
0.31529108
0.32341322
0.32089475
0.3281823
0.32250965
0.31732708
0.3176309
0.31473374
0.31254983
0.3198843
0.31383574
0.31158563
0.32153165
0.31200132
0.33015472
0.31734732
0.31712902
0.31261608
0.3156439
0.32040328
0.31687123
0.3116351
0.31520134
0.32030532
0.31891888
0.31316772
0.31412622
0.32179862
0.3184191
0.3111709
0.3236264
0.3218854
0.32008126
0.32193625
0.31360498
0.32131907
0.32296476
0.3219269
0.31232587
0.31476867
0.315509
0.3289699
0.30996522
0.3156028
0.3187812
0.31701857
0.31150213
0.3202147
0.3095364
0.3146264
0.31335816
0.31642982
0.3128704
0.3066831
0.31088206
0.31801713
0.31960005
0.32299817
0.32230324
0.31241748
0.31904063
0.31634894
0.3100113
0.3101051
0.31426826
0.31639412
0.3281655
0.31743702
0.31289744
0.31047016
0.3133389
0.30692917
0.3139416
0.31179503
0.32331827
0.31972903
0.31025293
0.3096763
0.29902422
0.31636888
0.3092501
0.3136281
0.29599515
0.32152876
0.30376494
0.31155312
0.3006261
0.31353536
0.30380583
0.29646116
0.3026655
0.30866787
0.29505187
0.29550925
0.31636235
0.30533627
0.31296873
0.3019176
0.31489643
0.30708072
0.31127802
0.30234078
0.29647088
0.3060263
0.30561465
0.29763994
0.30062014
0.30177388
0.3003104
0.30720794
0.3014546
0.29931167
0.30185542
0.2949085
0.3074804
0.29417154
0.31098565
0.30422547
0.30490336
0.3021096
0.3069409
0.30327442
0.29829973
0.30294865
0.29989612
0.3021287
0.2995709
0.2933997
0.29757938
0.3041658
0.31351268
0.30285835
0.3003554
0.30630785
0.3098445
0.30154556
0.30281177
0.30629987
0.29385957
0.30129164
0.29982644
0.3008537
0.29891887
0.29465017
0.30042896
0.2959558
0.29989198
0.3020042
0.3023529
0.28640404
0.29777104
0.28655818
0.2933394
0.29365414
0.2930729
0.29783925
0.28474522
0.29631215
0.29504052
0.28885478
0.2886071
0.28357613
0.3124833
0.28187189
0.30400604
0.2880586
0.2847209
0.29325244
0.2902319
0.29161128
0.28529784
0.29064724
0.2946604
0.29196393
0.29467148
0.2949746
0.29496518
0.3054819
0.29205793
0.29154727
0.292485
0.28950337
0.2884168
0.2888367
0.28444743
0.2827837
0.29431072
0.28839856
0.28462794
0.29522622
0.2823344
0.28964
0.28504658
0.28517914
0.29172164
0.2881093
0.28912476
0.291132
0.2835911
0.28058293
0.28971568
0.28207332
0.28141326
0.28747734
0.28873798
0.2937631
0.29069725
0.28697133
0.2854347
0.28621677
0.29478154
0.2928619
0.28309074
0.28892943
0.29189363
0.2896486
0.2896831
0.2733141
0.29004276
0.29024956
0.29175118
0.29523963
0.28421864
0.28541255
0.29493725
0.282529
0.29206803
0.2876611
0.28538528
0.29220808
0.28658107
0.29027957
0.2932179
0.2836045
0.28636116
0.28971323
0.29053023
0.28884125
0.2907975
0.27982584
0.2826166
0.28499848
0.2875181
0.2865033
0.28129575
0.28299132
0.28943157
0.27984467
0.27807087
0.2901212
0.28667364
0.2770766
0.28743288
0.28175488
0.27682
0.28739944
0.28706878
0.28033248
0.27547994
0.28847498
0.27507764
0.28013727
0.27421832
0.2828981
0.2820495
0.27847463
0.2813
0.2944184
0.27567866
0.28310934
0.28148484
0.27095836
0.2761201
0.28001136
0.2646152
0.29222184
0.29549944
0.28499418
0.2690661
0.2798491
0.27604485
0.26702195
0.28255552
0.29089728
0.27162027
0.28056145
0.28147095
0.28625214
0.2800963
0.29152533
0.28170735
0.28538033
0.27844936
0.28044972
0.28355676
0.2723068
0.28241217
0.2916796
0.29614025
0.28145182
0.2824829
0.27875036
0.28468427
0.28157234
0.2860085
0.2901133
0.28834075
0.27365446
0.28145534
0.28514117
0.27481928
0.27954385
0.2775269
0.27601314
0.26835692
0.27637485
0.27213466
0.27065238
0.26792958
0.28113204
0.27706873
0.2664328
0.28008533
0.26901698
0.27194116
0.27347645
0.2732249
0.26321787
0.2704624
0.27133974
0.27319905
0.26443008
0.26401332
0.27105686
0.27817032
0.26477224
0.26959577
0.2630731
0.26175806
0.26996243
0.26717013
0.26776242
0.26412418
0.26557502
0.26552483
0.26535928
0.27055973
0.27125847
0.263849
0.26860088
0.26322952
0.2679629
0.26520175
0.27148855
0.27369553
0.2701413
0.27322656
0.273026
0.25229284
0.26670304
0.2663442
0.26313785
0.26225653
0.25836265
0.263037
0.26264483
0.2728737
0.2696113
0.26588497
0.27091408
0.25916457
0.26081467
0.2625443
0.27016112
0.26853737
0.25381875
0.26826718
0.26138183
0.26861492
0.25393218
0.2705142
0.26213425
0.2604458
0.27148795
0.25846145
0.25447956
0.26797578
0.26709253
0.26269192
0.2638221
0.25631568
0.2564402
0.25707188
0.2530337
0.2626542
0.24947819
0.25558773
0.24835691
0.25678667
0.25604364
0.26071844
0.26096326
0.25779688
0.2574417
0.25462633
0.2548447
0.26997012
0.25872257
0.2637143
0.2593624
0.26167932
0.27041775
0.2517859
0.2536198
0.2624509
0.25121742
0.26449198
0.25741512
0.2606118
0.27400276
0.25447178
0.26438078
0.25490588
0.25908983
0.2675292
0.25758544
0.25866684
0.25654584
0.25454524
0.2587219
0.26153517
0.24804375
0.24826555
0.2617789
0.2661742
0.24919236
0.25762486
0.24868293
0.261191
0.24969949
0.26337177
0.24903141
0.26096418
0.25637233
0.2582348
0.25422788
0.25104472
0.25426897
0.24267115
0.25625473
0.24406236
0.24696513
0.2609234
0.24782757
0.26222634
0.2531392
0.2410078
0.2630824
0.2448866
0.2524437
0.2519639
0.25560653
0.24885501
0.25675437
0.25902689
0.24252543
0.24185346
0.24195845
0.25628844
0.24045695
0.25227118
0.2559772
0.24281155
0.2561402
0.2646709
0.2473974
0.2459095
0.2521118
0.25462568
0.25038138
0.2550668
0.25606945
0.2527443
0.25325236
0.24528968
0.2662262
0.24947244
0.25549355
0.2705984
0.26297706
0.2545906
0.26042336
0.25206557
0.26134548
0.26230288
0.25470284
0.26548988
0.25335386
0.26271412
0.26038197
0.25770274
0.25609672
0.26400286
0.25891277
0.26023486
0.2548633
0.2541948
0.25816253
0.26166216
0.2600626
0.26712126
0.26958877
0.25679404
0.25670177
0.25864547
0.25287282
0.25645974
0.25554335
0.2690117
0.26619282
0.25712603
0.2573987
0.26610875
0.26326972
0.25920054
0.24921761
0.25515768
0.26733428
0.2568828
0.25291133
0.26913285
0.2645869
0.26765263
0.26248994
0.2648553
0.2504458
0.2614573
0.2724358
0.2532646
0.26324934
0.25518146
0.27097496
0.26152238
0.26592505
0.26254964
0.2627847
0.26680824
0.2577687
0.26454642
0.2660393
0.26601672
0.2628583
0.25967762
0.26226243
0.26647905
0.26965854
0.26767462
0.25250015
0.25590798
0.26078597
0.2581514
0.258051
0.2708625
0.26095927
0.25789744
0.2574377
0.26273128
0.26037312
0.2544473
0.2633601
0.2612277
0.25575352
0.25979352
0.24813996
0.2687967
0.25715542
0.25245222
0.25207877
0.25961927
0.26242512
0.26624995
0.25561056
0.2552421
0.2593576
0.26004797
0.25376478
0.25249636
0.26407534
0.2578486
0.24878304
0.25100732
0.24804741
0.2584339
0.25532353
0.26003125
0.25842705
0.26804727
0.25251076
0.25204572
0.2631298
0.2679525
0.25369632
0.25996396
0.2536107
0.2630419
0.25896254
0.2559606
0.2568536
0.2651984
0.25556192
0.42239708
0.25665233
0.24704392
0.25435117
0.25500572
0.2634857
0.25102872
0.25731945
0.25397104
0.25736323
0.25593653
0.25932434
0.25423792
0.25895128
0.25688106
0.25538027
0.2649294
0.24901533
0.25290227
0.25455165
0.2619986
0.24721658
0.24427763
0.24469933
0.25114185
0.24341628
0.25028187
0.24644034
0.24448833
0.24932517
0.24542181
0.24345365
0.2473764
0.23939405
0.24719156
0.24183244
0.24195139
0.25234675
0.24667262
0.2542971
0.24374183
0.24579582
0.24506047
0.24310045
0.26068372
0.26523358
0.24737683
0.24271463
0.24324517
0.25205362
0.25017747
0.24943258
0.25130355
0.26135764
0.25795236
0.2549073
0.25499532
0.24758431
0.26608887
0.25721246
0.24946167
0.25206435
0.25326353
0.2479131
0.25742567
0.24598552
0.23889333
0.25207052
0.24088518
0.25290295
0.24299699
0.24655312
0.25317013
0.25073934
0.24383487
0.2563858
0.24880353
0.25320962
0.25629508
0.2537511
0.25103652
0.23465765
0.25787884
0.24921075
0.24675666
0.2512506
0.24691767
0.25966495
0.25506786
0.2388344
0.25586596
0.24656938
0.2494311
0.25080842
0.24089825
0.24535997
0.2479893
0.2570169
0.2516724
0.24732086
0.248871
0.24805693
0.24869518
0.25079808
0.25302243
0.24511643
0.2578267
0.24786063
0.25550905
0.25506154
0.24955088
0.2529008
0.23815522
0.25035834
0.24494419
0.2536589
0.24800867
0.25206092
0.24897459
0.24964474
0.23845601
0.24725337
0.24020064
0.2637247
0.2555989
0.23929748
0.24959978
0.25709003
0.24774146
0.2366115
0.25288972
0.257118
0.2551337
0.26950908
0.25750768
0.25220892
0.24551538
0.25683555
0.24853486
0.24285418
0.2512994
0.2625881
0.25186715
0.24470288
0.25948927
0.26116183
0.24868435
0.255492
0.26161972
0.25713915
0.2607825
0.2546776
0.26099718
0.25991416
0.2520819
0.2645563
0.2611809
0.25545892
0.2564363
0.25643837
0.25886944
0.26207057
0.2646879
0.25950357
0.26487783
0.25797167
0.26152304
0.26563996
0.25685498
0.28249937
0.26649782
0.2722215
0.27653503
0.27680376
0.2936068
0.29912993
0.30393228
0.30982798
0.31374052
0.31854498
0.31570172
0.32595107
0.34199974
0.36584404
0.3608525
0.37801856
0.3763348
0.37357205
0.35853586
0.35513973
0.34918866
0.33904085
0.3406367
0.3122354
0.3118949
0.29012278
0.2824004
0.26982144
0.28138962
0.25369772
0.26302722
0.2655328
0.2642911
0.25891855
0.26660174
0.2630354
0.2616152
0.2608848
0.25255325
0.24724038
0.24499765
0.25733358
0.26099446
0.25979155
0.24324477
0.24482584
0.24564223
0.24884386
0.24716635
0.24373235
0.23729266
0.2386611
0.24436447
0.23956518
0.24646665
0.24457027
0.23581287
0.24676232
0.24525207
0.2433824
0.24485825
0.24506147
0.24103123
0.23567043
0.24363329
0.24036512
0.24409603
0.24115434
0.2547724
0.2389951
0.24458036
0.24713829
0.25001228
0.24757135
0.24723013
0.24850455
0.25002757
0.24161959
0.24265638
0.24499726
0.24236643
0.23647508
0.23968455
0.23584707
0.23818937
0.23985565
0.25330395
0.24419357
0.23651089
0.2411007
0.24818584
0.24434307
0.23315483
0.23908067
0.23721048
0.24614665
0.2397865
0.2443805
0.24472038
0.24321581
0.23961094
0.24477
0.2388644
0.24094318
0.23158115
0.25024998
0.25512406
0.24705704
0.23364832
0.23962742
0.23793982
0.23061064
0.22733481
0.23438321
0.22793911
0.22745559
0.23444292
0.22829513
0.23151281
0.22054425
0.22951017
0.2279604
0.22532138
0.25997424
0.23013055
0.22964038
0.23077336
0.23337263
0.22746615
0.2399733
0.23982984
0.23470883
0.23918724
0.23637585
0.24351782
0.23713897
0.23526807
0.23697604
0.232723
0.24302477
0.23442684
0.24556673
0.23783115
0.23199922
0.23401321
0.24014409
0.23664731
0.24430554
0.23473324
0.22550738
0.23160562
0.23708797
0.23020035
0.22481567
0.23575488
0.2480224
0.22492218
0.23241322
0.23585191
0.22734122
0.232015
0.2270952
0.23218758
0.22845541
0.2307994
0.23296328
0.22899674
0.22947153
0.23832977
0.22915518
0.23641281
0.231381
0.25044978
0.23029041
0.22918296
0.22836916
0.23201464
0.23949203
0.23878083
0.23274238
0.22999251
0.22628975
0.23049346
0.23178916
0.22770692
0.24258731
0.2295733
0.23597753
0.22695792
0.2285512
0.23688246
0.24141558
0.23371813
0.23189844
0.22505867
0.2285051
0.23415153
0.22380239
0.2313384
0.22807258
0.22865507
0.23015198
0.22551373
0.22341591
0.23299555
0.22608905
0.23155321
0.22136532
0.22306749
0.22213523
0.21954268
0.2236143
0.21665436
0.22421587
0.21995847
0.22578692
0.21677133
0.22023891
0.22366065
0.22321072
0.22096936
0.22205241
0.22517052
0.22010984
0.2466899
0.2369669
0.21677355
0.22307576
0.23652309
0.22213702
0.2272379
0.22495265
0.24055193
0.22195457
0.22646187
0.23325865
0.21923044
0.22600922
0.22319436
0.22412421
0.22447097
0.23654033
0.22423035
0.22288544
0.23246072
0.2220382
0.22574213
0.2233231
0.21989565
0.2280337
0.23156472
0.2374061
0.22273798
0.22629444
0.22021115
0.21889646
0.22218665
0.2281355
0.22894396
0.22192949
0.21684206
0.22476861
0.21678792
0.23603547
0.2339938
0.22589596
0.21789093
0.23252803
0.22714041
0.2350141
0.22637226
0.22874375
0.23206162
0.22565798
0.23894355
0.231978
0.21999179
0.23751014
0.24092002
0.22666918
0.22346216
0.22847684
0.22343734
0.23485392
0.23584157
0.23698914
0.23345125
0.22740512
0.23404053
0.22983153
0.24350113
0.23410971
0.22371227
0.23674472
0.24129194
0.22562902
0.23063123
0.23033774
0.23017006
0.23432037
0.21846302
0.23042096
0.22597145
0.23791467
0.22798206
0.23175895
0.22627291
0.2323701
0.22043568
0.23017357
0.21294035
0.23897499
0.23598689
0.2374375
0.23701228
0.22988546
0.23015884
0.23092885
0.22798716
0.24511665
0.23537199
0.23758093
0.23153502
0.2283887
0.22879511
0.22547652
0.23150016
0.22294714
0.23030435
0.2242212
0.21628739
0.22266226
0.2210069
0.22426571
0.2261467
0.2240273
0.22877534
0.23044637
0.223407
0.23454791
0.21779877
0.23456994
0.23274587
0.2283341
0.23420961
0.23370612
0.23223026
0.22093572
0.22497192
0.22150245
0.2332857
0.22784163
0.22899383
0.224253
0.23772869
0.22145718
0.21829987
0.22585991
0.2367706
0.22338116
0.21429615
0.22269607
0.22516575
0.22221379
0.217465
0.22300176
0.23552303
0.22620776
0.22948547
0.22904822
0.2164829
0.22346877
0.2333227
0.2364179
0.22983673
0.23176047
0.23129304
0.22074111
0.23075138
0.22530845
0.23220354
0.24256931
0.23023872
0.23339897
0.24335425
0.23296033
0.23641624
0.22796679
0.23509774
0.2367687
0.23416832
0.23395208
0.23516831
0.23157269
0.2264595
0.22637571
0.22199568
0.21616156
0.23990655
0.22282
0.23608573
0.23187153
0.233244
0.23532374
0.2287988
0.2212297
0.2346657
0.2297976
0.22056022
0.22608362
0.22770187
0.22736825
0.22271067
0.22564453
0.22792737
0.22610624
0.23393473
0.2319413
0.22471176
0.22946844
0.22655675
0.22110409
0.21736495
0.22525638
0.2258458
0.22382914
0.23546273
0.2325363
0.2268481
0.22904699
0.22667354
0.23615168
0.2341284
0.24607572
0.22847079
0.22695264
0.2300639
0.23928507
0.2334308
0.22875023
0.23035388
0.23591106
0.23113066
0.23251307
0.24062054
0.23757806
0.2287634
0.2280368
0.22653866
0.2345498
0.2346893
0.23510858
0.23630139
0.22953579
0.22326568
0.251852
0.23694326
0.23100251
0.2342452
0.22384012
0.23248097
0.23161443
0.23334286
0.23243201
0.22756489
0.22978748
0.23123717
0.23357302
0.23348579
0.22757149
0.22812378
0.22642042
0.23072398
0.21854275
0.23234448
0.2216666
0.22838423
0.22422762
0.24299808
0.22908285
0.23205854
0.23264664
0.23025447
0.22349392
0.2369521
0.23836768
0.22539479
0.22674572
0.2300665
0.22648671
0.23108685
0.22833206
0.22329809
0.22484
0.23169626
0.23556511
0.23890062
0.22208932
0.22774763
0.2257087
0.23392262
0.22398649
0.22509372
0.22255714
0.23947527
0.22469234
0.22635375
0.2407727
0.21613327
0.22909833
0.22049397
0.22416356
0.20865554
0.23330235
0.22160833
0.23386146
0.22450027
0.22870049
0.21300873
0.22192366
0.2192513
0.23103961
0.21770759
0.21634021
0.23078308
0.23413211
0.21503416
0.22650768
0.21708322
0.2219413
0.22684924
0.22338258
0.22336385
0.21524744
0.23407285
0.22775413
0.21487254
0.23163927
0.22980104
0.2251426
0.22507372
0.23973283
0.22058104
0.22518311
0.21543439
0.2266586
0.21474524
0.23849091
0.23777384
0.22821377
0.22223891
0.22459982
0.22990762
0.24709406
0.21395896
0.21848686
0.21939366
0.22253229
0.22271416
0.21569993
0.21867882
0.22816625
0.21225281
0.23355636
0.225448
0.21997657
0.23290274
0.21597964
0.22469711
0.24153621
0.22063597
0.2337843
0.22302848
0.2395033
0.22561902
0.22369474
0.22620018
0.22203428
0.21635017
0.24037771
0.22352776
0.22619845
0.22258937
0.21545693
0.21255435
0.23215483
0.21781981
0.24134499
0.2164316
0.23610236
0.23804793
0.22143689
0.22217172
0.22030804
0.20869233
0.21802741
0.22411817
0.22665982
0.22352405
0.22121763
0.24220048
0.22546747
0.21589635
0.2150166
0.22069985
0.2256534
0.22701985
0.22181898
0.22408466
0.22304633
0.22929758
0.21865734
0.22635444
0.22507703
0.24381147
0.2311677
0.23161574
0.22067784
0.22235781
0.216384
0.21224317
0.2316883
0.22331057
0.2330551
0.22108598
0.22466621
0.21746713
0.222968
0.21200052
0.21482714
0.23233959
0.22817042
0.2247749
0.22256903
0.22586411
0.22373362
0.23343648
0.21132806
0.2262343
0.21418561
0.21699768
0.21997805
0.21734904
0.23485796
0.21980806
0.2245728
0.22867607
0.21851683
0.2295715
0.2282074
0.22424766
0.2119781
0.22210477
0.22318965
0.21467298
0.23555301
0.2338878
0.22038557
0.22046697
0.22421059
0.2281973
0.22460526
0.22077136
0.23681465
0.23250678
0.2305792
0.23434612
0.22615027
0.22324562
0.23862465
0.22718035
0.23178568
0.23287919
0.24234565
0.24761093
0.23374161
0.2208223
0.22325559
0.24193926
0.2284223
0.23834638
0.22615568
0.23217094
0.23007472
0.23810047
0.23088814
0.2318229
0.22985119
0.23025769
0.2398814
0.22571646
0.2284404
0.23048453
0.23164319
0.23446275
0.23148836
0.23442766
0.24397123
0.23030856
0.23764923
0.22656642
0.22959618
0.23683105
0.23922706
0.22891654
0.22266322
0.23671047
0.23259209
0.23687118
0.23916852
0.22950278
0.2349789
0.22927968
0.22920488
0.24085213
0.22745441
0.23629157
0.2319471
0.23507094
0.22969405
0.24037522
0.24326082
0.228805
0.23439611
0.22359435
0.24234502
0.23650345
0.23412159
0.22540201
0.22645663
0.23808376
0.23341593
0.23009674
0.23576507
0.2485509
0.23249336
0.22542821
0.22335221
0.2297431
0.24139616
0.23810475
0.22793335
0.23120344
0.22518905
0.22274375
0.23493563
0.23479891
0.23389693
0.23185167
0.2259107
0.2361682
0.22118355
0.219092
0.22919387
0.22951655
0.23403491
0.22890699
0.23263848
0.22701316
0.23583873
0.21482065
0.24831763
0.22792065
0.22116761
0.2354153
0.22260377
0.22735852
0.22190212
0.2294716
0.23121591
0.2240516
0.2171029
0.2241416
0.23644926
0.22922713
0.23329994
0.24040395
0.22372782
0.24783611
0.23169449
0.2123862
0.225285
0.22636113
0.22800532
0.22633554
0.23194158
0.22845939
0.22976696
0.23163682
0.24771266
0.22560196
0.2293313
0.22510968
0.22970177
0.22520004
0.23204668
0.22544445
0.23736764
0.23717356
0.24115779
0.2231121
0.23788173
0.23633733
0.23104367
0.23685376
0.2444055
0.24470595
0.25371337
0.22935037
0.23669708
0.2301599
0.2326877
0.23195694
0.23563148
0.23895875
0.23007506
0.2393328
0.2593968
0.2504175
0.24458526
0.236506
0.24299444
0.23741502
0.23665664
0.2279016
0.2300902
0.23422825
0.23677056
0.22837673
0.24828853
0.23589933
0.23286662
0.23986806
0.23146613
0.23731309
0.23927534
0.25093493
0.23963724
0.2277542
0.24626356
0.23772292
0.24424796
0.23943366
0.2363738
0.22937366
0.23310485
0.23528191
0.24074621
0.24744438
0.23079342
0.24033463
0.238045
0.22710498
0.22682296
0.23461197
0.24831884
0.24418618
0.24015467
0.23648065
0.24597417
0.23981066
0.24204956
0.24240552
0.24651928
0.24972907
0.23316059
0.24433729
0.2427514
0.23896125
0.2355621
0.24727547
0.24290614
0.23345509
0.2506299
0.22912525
0.24623387
0.24735041
0.23713993
0.2487643
0.23553632
0.24607806
0.24630204
0.23016723
0.23465212
0.22486676
0.23605773
0.23854071
0.25187135
0.24464051
0.2369584
0.23417693
0.23201823
0.23012252
0.22685018
0.24384665
0.22826654
0.23887667
0.235062
0.2406269
0.23216133
0.22778791
0.22818616
0.22898184
0.24349602
0.24352422
0.22638799
0.24656653
0.235533
0.23575142
0.2332342
0.23455232
0.23743251
0.23072028
0.2484586
0.22930375
0.24584171
0.23401658
0.23571208
0.22555898
0.25486574
0.235036
0.23175637
0.23393482
0.23713957
0.23835856
0.23376776
0.23917595
0.2269827
0.23477274
0.23775628
0.23287557
0.22914329
0.24625815
0.22806634
0.22294746
0.24372938
0.23349577
0.22106144
0.24321738
0.23429173
0.229516
0.23377296
0.23862568
0.23013145
0.23363578
0.235598
0.2436378
0.22657919
0.24303886
0.23086841
0.22718583
0.2377962
0.2385827
0.23372044
0.23565656
0.25168452
0.21904713
0.23679586
0.22733079
0.23331785
0.24500434
0.24337044
0.23390321
0.22784688
0.23503947
0.23020324
0.23240867
0.2379385
0.22337884
0.24158596
0.22974731
0.230085
0.25134477
0.23219919
0.22508924
0.23179802
0.24185476
0.23804162
0.23890242
0.23961642
0.24931788
0.23837481
0.24738838
0.24242087
0.23054504
0.24201477
0.24065125
0.24988261
0.23945692
0.24349
0.23405819
0.24323052
0.23937173
0.23641662
0.23140132
0.22438869
0.24480426
0.23160563
0.24383679
0.24510188
0.25474668
0.23943013
0.242453
0.24673605
0.23228508
0.23370363
0.22655806
0.23546603
0.24269156
0.2368252
0.23127632
0.23390196
0.24707301
0.25213102
0.23590928
0.2487131
0.23950706
0.22584608
0.23844323
0.25325474
0.23868604
0.23658712
0.23550609
0.24166563
0.23353869
0.23755285
0.270664
0.23997162
0.22888462
0.22791654
0.2427091
0.25063318
0.24483564
0.2506999
0.23527937
0.25022957
0.2426591
0.25127092
0.24553707
0.2339977
0.24655774
0.23940185
0.24095789
0.23090398
0.23690584
0.23571275
0.24931349
0.23367947
0.24520484
0.25435096
0.23905553
0.2481933
0.23946686
0.24476527
0.23921992
0.23831552
0.23563492
0.2261887
0.2403875
0.24757229
0.22587587
0.23720324
0.23647262
0.22746937
0.24813385
0.24233925
0.2358677
0.22824316
0.2346533
0.23502788
0.24461845
0.22923043
0.22969711
0.25756577
0.22991878
0.2317291
0.21864058
0.23069118
0.24978799
0.2361751
0.23173858
0.23427878
0.24343313
0.24973518
0.24932766
0.2326558
0.23823828
0.2305456
0.23076627
0.23233823
0.22600783
0.22842091
0.24192496
0.23214635
0.22786488
0.24929374
0.2395903
0.22192374
0.22518787
0.2143446
0.23712528
0.23596701
0.24308845
0.22971764
0.23770884
0.23682204
0.2319399
0.23399886
0.2398438
0.23540226
0.22554743
0.2215764
0.23218098
0.23985906
0.2217405
0.23321788
0.23869535
0.22629142
0.22881676
0.23003463
0.22570352
0.24262549
0.25060698
0.24989851
0.22487874
0.22923724
0.21675625
0.22607788
0.2313967
0.2384546
0.24286896
0.22711438
0.22030339
0.22836396
0.22297144
0.23241413
0.2505131
0.23167264
0.22611576
0.21443865
0.22942162
0.21653482
0.21431409
0.22061497
0.22485057
0.2126303
0.21842405
0.22154298
0.21922813
0.22593884
0.2228284
0.22654536
0.21824849
0.22658296
0.22158398
0.22741647
0.22609957
0.22967748
0.22716728
0.21663418
0.21990836
0.22209133
0.22098666
0.22325411
0.23084484
0.2264562
0.23018567
0.21449158
0.23712291
0.2229282
0.22499198
0.21958902
0.22204979
0.22867848
0.22663629
0.22448395
0.22616582
0.22475815
0.22664405
0.22506574
0.21898203
0.22330867
0.2197575
0.21812925
0.21786983
0.22010817
0.22588493
0.2317281
0.23179536
0.22685029
0.22760156
0.22411835
0.21895397
0.22829501
0.23029536
0.22931321
0.21983506
0.23236538
0.21841632
0.20950931
0.23014311
0.21941619
0.2198968
0.22327934
0.21675223
0.2140277
0.20921484
0.24476515
0.22442366
0.22036144
0.23024917
0.22625218
0.25308654
0.21776007
0.22627838
0.22908275
0.22037579
0.21471982
0.23198473
0.22453806
0.22861408
0.20863836
0.22664277
0.22821003
0.22134711
0.22939812
0.23641342
0.22833557
0.24646808
0.22223113
0.22186601
0.23292598
0.23638906
0.22560778
0.23679349
0.2334284
0.22408056
0.24024338
0.24506927
0.22253235
0.22573908
0.22518682
0.22676612
0.2339965
0.23457499
0.22649007
0.24017489
0.22987022
0.24764688
0.22569917
0.24924287
0.24722368
0.23462816
0.23372611
0.24228503
0.22808714
0.22017108
0.23383288
0.23636669
0.22707228
0.22602476
0.23302688
0.2091801
0.24300632
0.24023406
0.2336859
0.22391818
0.21463574
0.2379435
0.23572442
0.23723486
0.24488021
0.23956954
0.23025829
0.24141344
0.23152897
0.24895878
0.2296221
0.23813577
0.2341026
0.24583368
0.23925279
0.23036595
0.24459834
0.24799803
0.23844428
0.26001394
0.24890767
0.25524563
0.2476791
0.23410384
0.23892541
0.2483946
0.23233698
0.2506709
0.2404855
0.2445044
0.23790862
0.23817165
0.25017694
0.22999623
0.22974387
0.2351231
0.24191502
0.2453803
0.23629044
0.24953665
0.24164197
0.24461368
0.23008475
0.24813005
0.23504928
0.22924644
0.24005017
0.23524378
0.23564464
0.22069465
0.23090407
0.24228434
0.2434512
0.25862455
0.253284
0.22968236
0.24294476
0.25356564
0.24012665
0.22651352
0.23280849
0.24826342
0.23486541
0.23356359
0.23920546
0.23260902
0.22897553
0.24415457
0.24185036
0.22726311
0.24206331
0.2283245
0.24335223
0.24115457
0.23097911
0.22794232
0.2413639
0.2209377
0.23852797
0.23739976
0.24158356
0.24492355
0.23884244
0.245786
0.24749394
0.24690945
0.2375741
0.25344765
0.24445426
0.2340206
0.23903388
0.27270526
0.23805831
0.2649913
0.23595622
0.23604016
0.23133391
0.23876871
0.2528699
0.23406534
0.23645604
0.23625
0.24383758
0.24369244
0.24205047
0.23669095
0.23450008
0.25144896
0.22406407
0.24425095
0.25483203
0.25473344
0.23060288
0.2450503
0.25009084
0.24208015
0.23843193
0.2363405
0.2521813
0.23520368
0.24530958
0.22666274
0.23909518
0.23944078
0.23452058
0.25016803
0.2452185
0.23111002
0.23277569
0.23581634
0.23627889
0.2336798
0.23077747
0.24158028
0.24343973
0.2615431
0.24203816
0.23181026
0.2473752
0.24168368
0.24296956
0.2555304
0.24733976
0.2503749
0.24567382
0.24480994
0.25287798
0.23795962
0.24254078
0.2428573
0.23951958
0.23496637
0.24271685
0.23539977
0.2460793
0.23153752
0.27008036
0.24183711
0.23807926
0.25294802
0.22650917
0.24233761
0.25072268
0.23010977
0.23331054
0.245825
0.23819976
0.23709936
0.25100604
0.24329828
0.24398702
0.23734392
0.2440698
0.22958983
0.23392615
0.22462802
0.21850574
0.240165
0.23266271
0.22339477
0.22826734
0.22988449
0.23378424
0.23177455
0.22661324
0.23211156
0.23504747
0.231975
0.24593945
0.23966606
0.23518834
0.22552787
0.2340854
0.23202048
0.2391126
0.22625546
0.24127793
0.24214594
0.23738843
0.23828378
0.23203628
0.2299099
0.23177716
0.2398484
0.2249612
0.22193898
0.24495582
0.22460826
0.23254406
0.2292857
0.22922544
0.23404732
0.23012044
0.22568499
0.2370241
0.2393114
0.22339723
0.22790746
0.23674822
0.2339086
0.21930502
0.22311147
0.21641794
0.23260473
0.23415433
0.23006548
0.21951722
0.22694053
0.23352079
0.21739736
0.23148616
0.22738855
0.22497076
0.2318098
0.22659972
0.23285525
0.21525753
0.23035997
0.21676132
0.22735702
0.23876965
0.23761281
0.24248928
0.2392489
0.23398109
0.2268219
0.24229115
0.21509369
0.24086633
0.25631627
0.24088645
0.24175242
0.24028733
0.24998577
0.24294636
0.22868541
0.2340528
0.22392944
0.24649398
0.23519702
0.23359667
0.2265443
0.23393005
0.21979931
0.25033212
0.22921872
0.23014332
0.24227445
0.23578942
0.2392627
0.23973514
0.23922537
0.22638325
0.23294023
0.24180266
0.24199317
0.23141605
0.23328036
0.24307793
0.23961149
0.23003332
0.2380075
0.22684743
0.2509242
0.24875802
0.24264555
0.23917606
0.23747376
0.25407922
0.25136405
0.24890874
0.24383275
0.23517913
0.24292679
0.24845152
0.2554755
0.26601088
0.23607992
0.24480745
0.24372041
0.2423417
0.25247216
0.24365471
0.25476712
0.24295196
0.25292775
0.246975
0.25651914
0.23141313
0.24259649
0.25259367
0.26057953
0.24460469
0.24599406
0.23333727
0.24004905
0.24658358
0.2422106
0.23069884
0.25018033
0.24827169
0.23895085
0.24792226
0.23826735
0.24138694
0.24159579
0.24664293
0.24790819
0.2605181
0.2474496
0.2347172
0.26156625
0.24293065
0.22828376
0.23619439
0.24355708
0.26263654
0.2500774
0.25573897
0.24869601
0.23809029
0.23263086
0.24866527
0.24138863
0.25847888
0.24540292
0.25423217
0.2456063
0.2475029
0.24945839
0.24069458
0.26037523
0.24134035
0.2543251
0.25311682
0.25354236
0.24875446
0.2493096
0.23837385
0.25268003
0.24088967
0.24677709
0.24537317
0.2637739
0.23817052
0.24587783
0.24732795
0.2405435
0.24037918
0.23986377
0.23427418
0.24196708
0.25092453
0.25886047
0.2531406
0.24285384
0.26861644
0.26219946
0.25998458
0.2674982
0.24887958
0.2603952
0.25754073
0.25756034
0.24632797
0.2568029
0.25665662
0.26041722
0.2485676
0.2509759
0.24869354
0.2580817
0.24967088
0.25442576
0.25935042
0.25333467
0.24862392
0.25846285
0.26199928
0.23536146
0.25624606
0.24562751
0.24734864
0.25470605
0.25421688
0.27941138
0.24415483
0.2437551
0.25374612
0.2524846
0.24047814
0.23751418
0.24712977
0.2549918
0.2839237
0.25314608
0.24080902
0.25274912
0.23318799
0.24323107
0.26615983
0.24448179
0.2600742
0.25085637
0.2527641
0.25204217
0.25093868
0.25704876
0.23910898
0.25147483
0.2588948
0.26502657
0.251863
0.2539374
0.2514147
0.25784656
0.27039346
0.25630447
0.2655923
0.25826904
0.25732228
0.2526987
0.25260898
0.2495765
0.27067894
0.2639033
0.26059788
0.2737655
0.26417518
0.25969744
0.26471215
0.29620636
0.25955665
0.26212996
0.25135872
0.27123967
0.24577057
0.2662124
0.26300445
0.27332485
0.26120272
0.25588402
0.26619133
0.26735803
0.26107958
0.25456575
0.25704518
0.26422843
0.25495434
0.25081393
0.23742889
0.27157843
0.26786077
0.28299588
0.25862396
0.24937426
0.25843695
0.24805439
0.25242123
0.25284785
0.25931382
0.24950905
0.27464566
0.25971287
0.2641641
0.26316157
0.24764067
0.27919218
0.23732467
0.24866796
0.2613526
0.25662366
0.24508741
0.24688855
0.2771277
0.24178308
0.2636509
0.26262873
0.24662457
0.2682709
0.2529539
0.26285884
0.26209566
0.23963515
0.2665804
0.25798923
0.2641197
0.25212502
0.2880998
0.2762736
0.26267725
0.27244076
0.25652388
0.24533017
0.2690501
0.2489148
0.26287475
0.26538485
0.2591447
0.26032522
0.25849122
0.2565908
0.24130496
0.24246277
0.2692346
0.25737205
0.25852045
0.2419229
0.27157485
0.26359707
0.2585629
0.2516796
0.25364113
0.25356168
0.25027555
0.23292781
0.27214912
0.2586081
0.25521192
0.2542243
0.2550302
0.23524112
0.25365403
0.23951212
0.25943327
0.2403886
0.23859942
0.2373193
0.25415027
0.24558856
0.25300854
0.23242965
0.23276766
0.22370483
0.2396888
0.25348642
0.2422835
0.23525943
0.2531889
0.24878196
0.24728566
0.24955307
0.24149795
0.24837972
0.2509298
0.24942616
0.25693715
0.24743605
0.2479678
0.24258651
0.2283547
0.25583792
0.23695809
0.24286108
0.2497357
0.24014622
0.2451926
0.24819383
0.24623564
0.24750759
0.2599453
0.24884808
0.24485761
0.2523098
0.24746302
0.2575754
0.2675663
0.25036362
0.23949014
0.24008793
0.2360421
0.23756787
0.24528736
0.23577438
0.2507786
0.2401661
0.25130108
0.2547287
0.23558936
0.24668948
0.2493962
0.24955116
0.23188639
0.23788199
0.24311796
0.2499488
0.24349403
0.2494202
0.2427256
0.24185765
0.24637519
0.25206175
0.23910826
0.23822053
0.25063804
0.22662768
0.25253776
0.23946062
0.23025936
0.24824019
0.25714687
0.24787311
0.26091224
0.23025393
0.24055037
0.25093746
0.23946793
0.23858082
0.22800893
0.24842857
0.23366377
0.24734882
0.25745234
0.24005109
0.2380831
0.25747794
0.24358927
0.24765728
0.23995633
0.23601651
0.25722715
0.24020363
0.24546719
0.24110037
0.23226644
0.26543567
0.23167962
0.24070957
0.29981324
0.24063674
0.23687151
0.24964964
0.25014848
0.25298974
0.25029805
0.24103683
0.2610838
0.24127175
0.24905245
0.24082206
0.23675029
0.25300977
0.23896413
0.25446618
0.22940978
0.25569448
0.24518587
0.24108134
0.24704675
0.23447159
0.2402846
0.23674625
0.24333768
0.2360417
0.2368049
0.24263096
0.25208297
0.25417486
0.23446904
0.25526515
0.23566513
0.2608989
0.23970677
0.2732294
0.25364098
0.25223467
0.25151473
0.24729519
0.25703835
0.23311372
0.24674684
0.2556489
0.2641474
0.25714594
0.26099575
0.27199218
0.24678023
0.23914474
0.24944367
0.27199346
0.27098322
0.28545833
0.25961208
0.25752673
0.2723272
0.2536603
0.25653517
0.24318323
0.25055715
0.25427696
0.2525718
0.2586211
0.2555528
0.25938764
0.24439487
0.25392815
0.24779812
0.25878018
0.23518561
0.25076735
0.2500265
0.2511589
0.26119065
0.24061388
0.24742393
0.2443294
0.24846564
0.24922071
0.24277636
0.26557142
0.24716672
0.26521584
0.26064116
0.25117987
0.25945336
0.26057518
0.2587166
0.24802709
0.24275076
0.2506141
0.26062515
0.24728024
0.2435646
0.26383927
0.26861134
0.2549047
0.26347715
0.2661857
0.24478559
0.26181936
0.25298423
0.25837022
0.2513859
0.2618827
0.25643122
0.258536
0.25799713
0.25360772
0.2672054
0.25859118
0.25667885
0.2632517
0.266699
0.2644995
0.26732144
0.274429
0.24927306
0.25999576
0.25339964
0.2636178
0.2583816
0.26095474
0.26951376
0.24673782
0.2594178
0.23556186
0.24392927
0.24979953
0.2630672
0.25574222
0.26665932
0.24921212
0.2591341
0.24782343
0.24403383
0.25436568
0.25749463
0.24236295
0.25726366
0.24819298
0.26861504
0.24874547
0.2339587
0.24931714
0.24767274
0.24121551
0.2653812
0.25643066
0.26500264
0.23212376
0.24335377
0.24814507
0.24680641
0.24014848
0.2509537
0.24828896
0.2684477
0.25959575
0.24464963
0.24999297
0.24696124
0.26734442
0.26949927
0.26226157
0.2709081
0.26039022
0.2670916
0.26997584
0.26222226
0.27224603
0.26434422
0.24713859
0.2514785
0.26197764
0.25283608
0.2698403
0.257491
0.27048203
0.25612006
0.27133304
0.2598796
0.27443105
0.26627982
0.27479234
0.3112054
0.25507155
0.26279214
0.2713678
0.25666144
0.24779972
0.2576972
0.2496016
0.24691795
0.27230576
0.27076522
0.2734484
0.26150107
0.26306552
0.2669786
0.24354936
0.25941637
0.26001644
0.26762047
0.2468563
0.26256102
0.26875937
0.27149522
0.25892314
0.2675056
0.24724096
0.25646305
0.2412745
0.25070968
0.24830794
0.2525895
0.24628907
0.24986275
0.27572915
0.2632144
0.26657516
0.26264498
0.24425107
0.26205602
0.26636055
0.24520317
0.2518857
0.26463872
0.26483664
0.2622906
0.2605965
0.26034662
0.26047605
0.2659253
0.27954268
0.29013622
0.24788883
0.24375242
0.24538442
0.27660516
0.26413563
0.25720522
0.24547097
0.27477193
0.2563889
0.2504477
0.25161368
0.23932944
0.25825548
0.26306254
0.24389133
0.24765721
0.24849278
0.25179803
0.25610885
0.251585
0.2489748
0.24430835
0.24948159
0.24905166
0.24930218
0.25540102
0.25691873
0.24568054
0.2561363
0.24895655
0.24814491
0.25106376
0.25141382
0.25518328
0.25220984
0.25692883
0.2651464
0.25393105
0.2542379
0.2566416
0.2788938
0.2510279
0.25333437
0.26357293
0.27871215
0.24181941
0.2646408
0.2536652
0.25750545
0.2801184
0.25536937
0.26840124
0.26007223
0.26701266
0.267568
0.25372416
0.26845175
0.27063254
0.27851832
0.28995034
0.28273177
0.27556458
0.27587685
0.25940004
0.25925907
0.24956098
0.2606975
0.25311527
0.2569913
0.2558911
0.2606795
0.26930496
0.26895437
0.26042053
0.25568295
0.25513443
0.2638404
0.2670296
0.258126
0.24654564
0.26580366
0.26857528
0.24006197
0.25123882
0.23443288
0.2607339
0.25396097
0.24295808
0.25126553
0.25798503
0.28343508
0.2617642
0.2621938
0.25595137
0.25144276
0.252555
0.26850447
0.24470876
0.26671812
0.24561778
0.25818402
0.24266689
0.25215995
0.25164884
0.26170555
0.26250646
0.251564
0.26050007
0.27470484
0.2581522
0.25462472
0.26072767
0.26056808
0.26254526
0.258604
0.2572121
0.26453456
0.25538412
0.25796896
0.25771227
0.25081903
0.25157705
0.25700817
0.2596193
0.25883424
0.26704144
0.24163385
0.25087735
0.23964033
0.27771235
0.24573813
0.27639496
0.27269095
0.26408517
0.2573674
0.25550932
0.2676467
0.26302892
0.26331404
0.24966985
0.24901874
0.27662116
0.26205796
0.2672827
0.2658652
0.26940784
0.28394046
0.26222777
0.26409006
0.26293296
0.26333943
0.25475276
0.25536075
0.25177997
0.2745006
0.30670458
0.25855076
0.27173382
0.28300792
0.26755354
0.26320425
0.25446182
0.27769673
0.26844558
0.25816122
0.27361003
0.267304
0.26551077
0.27278093
0.27158928
0.26841423
0.27881747
0.2664814
0.26814774
0.26556706
0.28148282
0.2649369
0.2883278
0.28864828
0.27517536
0.2690247
0.27946886
0.28345552
0.2748311
0.27739075
0.29167393
0.28033826
0.27081198
0.30512044
0.2788369
0.2932831
0.29458436
0.28454068
0.277978
0.26963985
0.28415972
0.26574335
0.28217244
0.32706833
0.2768974
0.28804684
0.28887233
0.28292856
0.29144847
0.28347033
0.2706072
0.2664795
0.2692549
0.27029604
0.26818156
0.27050853
0.28507438
0.28649858
0.28585926
0.27866554
0.28840077
0.26350796
0.26865986
0.3071243
0.28111425
0.29387102
0.288624
0.29384533
0.28885013
0.29817504
0.31460786
0.2885166
0.2866324
0.27502632
0.28108257
0.30706462
0.29504156
0.2710982
0.2804703
0.29281518
0.28684917
0.2851161
0.27810228
0.2882574
0.25544438
0.28227434
0.28878382
0.30123293
0.2914746
0.28196654
0.3016963
0.27371794
0.2799241
0.30542037
0.28137425
0.30768287
0.2950129
0.28082097
0.2870724
0.27812257
0.2756024
0.28620914
0.28222603
0.29727373
0.28741407
0.27543825
0.2823427
0.2909266
0.27251458
0.30269244
0.28757071
0.29540566
0.28164977
0.27346385
0.27888912
0.31304723
0.2610098
0.27528164
0.27721593
0.2877291
0.2892821
0.309983
0.29855335
0.30385536
0.2796232
0.27903363
0.26383477
0.2959433
0.28352553
0.29075179
0.2940748
0.28802836
0.2794807
0.2637099
0.28030124
0.27394527
0.2826454
0.27680558
0.28346643
0.2767642
0.28623608
0.26921755
0.2888629
0.29292825
0.2820266
0.31310388
0.2643761
0.32393616
0.27596256
0.3152853
0.30108193
0.3036101
0.29162964
0.28061742
0.28490162
0.2921512
0.28567687
0.27284366
0.28816673
0.2743314
0.2674318
0.26393712
0.29062527
0.29078928
0.31796527
0.26070863
0.27223703
0.27725342
0.27410254
0.28597543
0.27321488
0.26569286
0.25647777
0.29849187
0.27513167
0.2944626
0.2920215
0.2811768
0.2848151
0.2977827
0.2809488
0.2539679
0.27027774
0.278029
0.27664468
0.27518412
0.28641516
0.274011
0.27650717
0.2950098
0.25810125
0.25742772
0.28313753
0.28227222
0.28013813
0.2558299
0.2736441
0.2689124
0.274067
0.27298576
0.2761209
0.2710142
0.27410832
0.27888972
0.28350243
0.27617955
0.2629854
0.28785312
0.2744204
0.27508664
0.27762377
0.29322326
0.29027107
0.26732698
0.28109056
0.27973738
0.2667527
0.28519455
0.2783594
0.26788047
0.27840233
0.27729833
0.27005813
0.2684896
0.2739688
0.2690177
0.27385172
0.27942842
0.2781316
0.28269434
0.26656607
0.26448554
0.26797125
0.2718651
0.27171335
0.28422484
0.25848094
0.2841272
0.2608608
0.28041238
0.27236998
0.25964588
0.26252183
0.28600436
0.26934716
0.26704806
0.26217616
0.25220966
0.2656115
0.25126138
0.24279311
0.25411582
0.27543905
0.25593138
0.26540053
0.27431008
0.24604529
0.25758952
0.2719907
0.264388
0.26376393
0.27401522
0.248491
0.2643391
0.233096
0.24875882
0.24445605
0.25208122
0.2597367
0.24757913
0.26787484
0.24825382
0.24827436
0.2518942
0.255789
0.25046685
0.24217421
0.24548794
0.2481191
0.2445906
0.23313875
0.23694393
0.2636478
0.24464849
0.24531464
0.2379022
0.25193176
0.22983027
0.23959002
0.26207116
0.24924347
0.23926422
0.24593972
0.2653928
0.24179624
0.24271607
0.25574166
0.23164672
0.23281395
0.25023493
0.25572348
0.2737539
0.23795825
0.24246547
0.24654715
0.25938064
0.25014314
0.2442413
0.24924041
0.23712678
0.24442407
0.2444861
0.24870607
0.24211912
0.26124063
0.258117
0.24854344
0.2821844
0.25766283
0.27235812
0.28951243
0.2501664
0.2625959
0.26102215
0.26554927
0.2697814
0.27162218
0.25384706
0.25513303
0.2443482
0.2712367
0.25177026
0.28461942
0.24651313
0.25856033
0.24927044
0.26607317
0.25742966
0.2691972
0.24778394
0.2840967
0.23844779
0.24491745
0.28183156
0.25112212
0.26145175
0.25637856
0.2761412
0.22981046
0.26288575
0.26649043
0.2622505
0.24695951
0.24840467
0.2561086
0.27001223
0.27581495
0.26569557
0.27199247
0.26570788
0.2550603
0.26243362
0.25933373
0.29857063
0.2696792
0.25853613
0.2620335
0.30152202
0.27011555
0.27508968
0.26750582
0.25900543
0.26906368
0.24989943
0.25952792
0.27114317
0.27471393
0.24335137
0.25151756
0.2644813
0.25700673
0.25892824
0.25955722
0.26521507
0.27332854
0.26448935
0.24536394
0.28806207
0.26055852
0.25302878
0.25076222
0.26795527
0.26775572
0.25916615
0.25288764
0.27841175
0.2733648
0.28450292
0.2586644
0.26247737
0.2776026
0.26384005
0.27128658
0.26148182
0.28432482
0.27418783
0.26376063
0.25762203
0.2693451
0.28652906
0.29236382
0.24714488
0.2688731
0.26385543
0.28557834
0.2716477
0.28184444
0.28611875
0.2794109
0.26685506
0.2824971
0.26677904
0.26896694
0.25075155
0.2792639
0.26999596
0.28285185
0.270077
0.28661188
0.26976544
0.27391183
0.27955732
0.27069613
0.26470038
0.26831132
0.26538217
0.26278886
0.25955912
0.26796505
0.25667885
0.2958483
0.26625797
0.28506905
0.271922
0.28647232
0.2785643
0.2809265
0.25622705
0.2887302
0.2768793
0.29012993
0.2763565
0.29865074
0.2943666
0.28822887
0.29539588
0.31793115
0.2889703
0.27148443
0.27726957
0.2846592
0.27795616
0.27869275
0.2877862
0.28757846
0.29102242
0.2696422
0.2816033
0.2721252
0.26690838
0.2719741
0.293601
0.264364
0.26800075
0.284676
0.2801097
0.26652873
0.2740316
0.27243772
0.28084797
0.2715798
0.27955547
0.2659416
0.27900243
0.29168534
0.27296636
0.3011073
0.26201177
0.25706956
0.26776457
0.24861796
0.25329244
0.2653126
0.2711763
0.24741495
0.26193666
0.27582952
0.25581408
0.2507721
0.28313133
0.2789976
0.27123642
0.2784447
0.26810902
0.28694043
0.2604021
0.26846975
0.27949056
0.2692008
0.27758712
0.25991404
0.25746852
0.27049792
0.27228975
0.265841
0.28234956
0.27391818
0.2802545
0.3018645
0.28628647
0.28504184
0.26344088
0.2764721
0.26652274
0.2733952
0.27351403
0.27413487
0.24905303
0.27246967
0.26850486
0.2557266
0.28075603
0.26824003
0.25387043
0.24602817
0.2501846
0.26683608
0.24202271
0.2632908
0.28264442
0.26558465
0.29223657
0.25932074
0.2624762
0.26272267
0.27519107
0.28614348
0.29789916
0.26857123
0.26718765
0.28476343
0.28172117
0.26661852
0.27515972
0.26952717
0.26338366
0.2831356
0.27422753
0.27309555
0.28109738
0.30529976
0.26528198
0.26809856
0.28040513
0.27746338
0.25639224
0.26652655
0.26128334
0.26325732
0.24816267
0.27743664
0.26033115
0.27615047
0.28138742
0.281056
0.30312985
0.25494233
0.27116212
0.26914242
0.26048404
0.2635765
0.26362267
0.25923383
0.24028718
0.26489288
0.25805977
0.2505115
0.24694562
0.2564783
0.2792856
0.28633144
0.29350835
0.27322057
0.27265227
0.2576301
0.26414603
0.25737345
0.28294218
0.2620371
0.25735855
0.2495083
0.27773124
0.2942157
0.2704845
0.26998013
0.28431532
0.27906644
0.25045788
0.29009032
0.25398633
0.28362834
0.2768838
0.256248
0.28576913
0.27913427
0.24704243
0.2817382
0.28353307
0.27651447
0.2672191
0.28374222
0.280435
0.2638374
0.25065494
0.25389028
0.26799777
0.25603288
0.2632291
0.25346562
0.26244083
0.28119022
0.2716867
0.2624025
0.25876424
0.26456028
0.25496048
0.2633964
0.24935332
0.27153072
0.2669212
0.24613903
0.25555953
0.2622728
0.2565301
0.2518771
0.2478859
0.26916257
0.24255225
0.26261944
0.2487263
0.25915954
0.24675757
0.24080488
0.27602723
0.25466716
0.25335148
0.23209523
0.25424963
0.24167341
0.24443464
0.2399317
0.23475641
0.24933933
0.24527681
0.25094008
0.2529357
0.24752836
0.21921238
0.26284856
0.24958508
0.23150954
0.24418424
0.25132447
0.26937553
0.23299211
0.2560561
0.24255009
0.27132747
0.22408573
0.25647736
0.2673309
0.21734571
0.2562897
0.24603067
0.23559213
0.24012037
0.2292006
0.25038472
0.24044782
0.2481684
0.2357425
0.2671563
0.2297922
0.2430853
0.27701882
0.24660912
0.2454386
0.22708379
0.25045064
0.28636262
0.26857826
0.23390022
0.25752354
0.24925582
0.26687464
0.25694105
0.2566493
0.2656499
0.25560105
0.2582097
0.25151616
0.2551544
0.26495835
0.23959228
0.24045832
0.24097036
0.21613981
0.22796784
0.25511444
0.24715008
0.25126648
0.28140897
0.2423778
0.24718112
0.25447926
0.25522298
0.23939325
0.24735995
0.275098
0.24515237
0.24732283
0.24188277
0.25151137
0.2408854
0.2587145
0.23831028
0.26485842
0.2255582
0.24929115
0.25012773
0.2550099
0.25466266
0.2507501
0.25418037
0.23846443
0.25048336
0.25929692
0.26562548
0.2625201
0.2567111
0.2550473
0.2540719
0.2646614
0.25198504
0.27403566
0.25717452
0.24612965
0.26145646
0.23999175
0.25399515
0.24971099
0.24939759
0.24958187
0.26833427
0.26779154
0.28259164
0.2525412
0.26371834
0.2798867
0.24789879
0.251112
0.2504635
0.26761296
0.24300513
0.24467535
0.2588128
0.2782901
0.25815582
0.25406477
0.26653
0.26276734
0.26819247
0.28443888
0.25150853
0.26760828
0.25303754
0.25278106
0.26532164
0.2854936
0.24786861
0.2678958
0.27565002
0.25483
0.2609928
0.27531362
0.27187908
0.2599418
0.24154647
0.2770561
0.27966705
0.2601743
0.2703604
0.2922701
0.2796891
0.3036504
0.27380145
0.28372446
0.26169857
0.25843015
0.27534878
0.2657144
0.28816798
0.272593
0.2934657
0.25841424
0.2886899
0.3317299
0.29143187
0.25405002
0.295549
0.28940982
0.30409923
0.29774714
0.28309047
0.25120988
0.28066427
0.28331065
0.29863524
0.2920231
0.25386733
0.27676922
0.26402706
0.2579071
0.2887479
0.29262063
0.28529954
0.28107572
0.27165833
0.28445804
0.28492448
0.26839963
0.26398167
0.27167296
0.30938667
0.254802
0.33321324
0.28321093
0.25014603
0.3019713
0.29936028
0.27218485
0.29077202
0.27363595
0.2754276
0.2793012
0.3056116
0.27142185
0.29859906
0.26657367
0.26513276
0.29270068
0.2849401
0.2766756
0.27932218
0.27989832
0.28366166
0.27404988
0.26769906
0.24449745
0.27513212
0.2898
0.28579152
0.26483265
0.3048914
0.24620862
0.26290432
0.25842556
0.27615595
0.30371886
0.30034685
0.28748697
0.27253145
0.2723454
0.28600857
0.25975624
0.26722062
0.2857689
0.29109213
0.2829788
0.31833294
0.28963518
0.2902317
0.27553964
0.28201497
0.3012352
0.30118027
0.2949401
0.31585047
0.2988359
0.28938177
0.32253024
0.2815287
0.3339448
0.29522613
0.27600375
0.2819958
0.28905722
0.32368585
0.30255583
0.28558442
0.31355283
0.31856933
0.2929709
0.25583106
0.26758045
0.31275076
0.26791853
0.35083637
0.3128935
0.27169532
0.30841976
0.28912315
0.3148332
0.28832167
0.3071461
0.29275253
0.3143837
0.30556518
0.31877816
0.3136458
0.27991498
0.33601248
0.3021437
0.30401397
0.3023212
0.28652555
0.26534897
0.3143921
0.28453398
0.31498167
0.31431198
0.31498554
0.33607736
0.3126341
0.29520828
0.3153016
0.29010087
0.32443827
0.3052622
0.29874676
0.30484587
0.3208516
0.3137363
0.33262748
0.3093258
0.3072597
0.3590623
0.3248555
0.3053286
0.31862214
0.34506205
0.29656875
0.33435664
0.32454816
0.3561006
0.35286513
0.36640033
0.31126964
0.35314015
0.34063128
0.31296688
0.34417284
0.34550387
0.3217415
0.33368853
0.31576872
0.33040977
0.34400305
0.3692475
0.349941
0.33191106
0.33844408
0.38616636
0.33825046
0.3739699
0.35028857
0.35384738
0.35975054
0.33906862
0.40258342
0.3276175
0.35239246
0.36100286
0.35710838
0.35214397
0.34935176
0.3478112
0.35782525
0.3386557
0.35763243
0.3548355
0.33179212
0.35165346
0.32079312
0.34236187
0.30179286
0.33791688
0.3400292
0.354927
0.34007347
0.35006878
0.34635726
0.29620877
0.33737004
0.30308664
0.3022871
0.31753752
0.31405938
0.3046052
0.28683376
0.31869027
0.30009475
0.3206574
0.31007102
0.3274337
0.31887096
0.3272827
0.28969717
0.2892516
0.3271001
0.30740884
0.2820291
0.2969793
0.27518865
0.29989746
0.29197955
0.29780123
0.2628533
0.32361782
0.30223137
0.28564408
0.29377958
0.27597806
0.37508738
0.26194623
0.2786813
0.27483946
0.27351868
0.27796897
0.28102088
0.2825582
0.35446373
0.26617357
0.2602748
0.30191648
0.29430017
0.2818717
0.31957495
0.29890504
0.30564922
0.28883967
0.26594764
0.33964744
0.27945924
0.30352792
0.26583573
0.3121775
0.2686564
0.2737019
0.2977925
0.26893508
0.27589285
0.26787248
0.24726173
0.34298158
0.28223458
0.2453362
0.27411586
0.27286807
0.26448807
0.29159713
0.26280525
0.2686219
0.26179603
0.29303786
0.24224848
0.2392458
0.28405893
0.2958266
0.2730487
0.27302262
0.2785815
0.22792746
0.24680774
0.26101393
0.2568171
0.25075394
0.2502867
0.24866162
0.25297177
0.24734028
0.27393442
0.25355107
0.28495407
0.2648617
0.24536814
0.25550377
0.26868007
0.25550658
0.28479603
0.26443836
0.28342414
0.27537066
0.25441608
0.25560233
0.2692144
0.26786664
0.27314767
0.24465294
0.26416335
0.2759475
0.23849326
0.25633565
0.2822311
0.2995265
0.27436104
0.22685696
0.2606584
0.2629477
0.25101814
0.23877552
0.29438642
0.25822628
0.2581564
0.23877655
0.25372356
0.3021423
0.29815283
0.27978972
0.36943597
0.2955604
0.2764415
0.24290858
0.2806617
0.32918763
0.25603676
0.3454574
0.25272268
0.29243276
0.24616946
0.26453143
0.29921734
0.3516394
0.32562095
0.26582077
0.3008543
0.27794853
0.24909253
0.29197755
0.25768778
0.24332099
0.2351357
0.24734877
0.2356033
0.23411024
0.2262761
0.21551111
0.21553187
0.22637305
0.21106268
0.20367782
0.20003486
0.20599501
0.20666502
0.20504533
0.19629031
0.20263112
0.21625586
0.22918756
0.21810424
0.21766983
0.22790156
0.22798121
0.24041933
0.21801966
0.21779148
0.23977078
0.22122082
0.20883429
0.20285779
0.20987017
0.22401534
0.24506798
0.22317678
0.2149842
0.2101766
0.21589115
0.2192957
0.23073938
0.2278348
0.2370832
0.23150676
0.23273788
0.2225915
0.23401661
0.22574447
0.21629594
0.20921299
0.20724683
0.2081883
0.21193136
0.20913927
0.21066837
0.21326469
0.21779175
0.2189278
0.22029993
0.21121351
0.20622627
0.20570138
0.20876615
0.23419203
0.27782992
0.2420337
0.22527951
0.21656862
0.20967875
0.2106401
0.21178819
0.21535006
0.2140294
0.20810454
0.21818186
0.24117938
0.22969961
0.22344778
0.21833093
0.21098655
0.20855528
0.21734445
0.21420746
0.21667217
0.21297237
0.2151305
0.20740211
0.20550968
0.21001965
0.21418996
0.21636976
0.21660879
0.21797422
0.21870075
0.2193679
0.2399816
0.27782875
0.23846298
0.22941743
0.22303464
0.22685234
0.2465749
0.23185822
0.24218564
0.24635197
0.22952798
0.22019373
0.2222812
0.22620057
0.24618228
0.2783277
0.24823879
0.23355062
0.23890151
0.24720468
0.22605638
0.22540319
0.24528007
0.23084399
0.23273861
0.25099185
0.26312488
0.23901923
0.23896867
0.2630144
0.22619087
0.214279
0.22289065
0.24750449
0.23193248
0.24171703
0.24280106
0.24152385
0.24147566
0.25696266
0.23471445
0.22948629
0.24130753
0.22695602
0.21684767
0.23300324
0.26415187
0.24096543
0.22415215
0.22338764
0.22539712
0.23212999
0.23317167
0.2351716
0.24830331
0.24167478
0.24080963
0.24571791
0.23761104
0.22891793
0.23401658
0.24686769
0.24254301
0.24625687
0.24332577
0.2465173
0.23740698
0.23197024
0.23442978
0.23700304
0.24593328
0.24781236
0.24740835
0.2393431
0.24211472
0.25574225
0.252828
0.2592907
0.2531852
0.28751734
0.24712168
0.31220356
0.26181406
0.2752787
0.2508629
0.27613544
0.25352794
0.24678625
0.2559385
0.24692395
0.244801
0.24958184
0.26703668
0.2599712
0.28284222
0.25676677
0.25150767
0.26710203
0.25375152
0.25257814
0.25833583
0.25412565
0.24301997
0.23527756
0.2414
0.25194487
0.25652567
0.2537991
0.26867062
0.24952586
0.24047028
0.23525797
0.24403538
0.26360214
0.25742838
0.26471096
0.25792468
0.26453045
0.2989262
0.26160353
0.23954757
0.24387531
0.25358737
0.2773764
0.26223332
0.2674994
0.2679344
0.25748727
0.26711017
0.2635175
0.30515468
0.26343074
0.2574664
0.25688756
0.2580806
0.27669317
0.2679592
0.25352633
0.24979201
0.2567758
0.25844023
0.26632714
0.2648641
0.28248766
0.26232472
0.25439423
0.2587186
0.28529918
0.27394536
0.26487184
0.26490664
0.24383038
0.24619842
0.27205393
0.2636284
0.26384798
0.25178027
0.25055853
0.26020277
0.2662526
0.2521274
0.2442849
0.24136691
0.23553129
0.23967113
0.24851152
0.25757676
0.26249483
0.26333433
0.2684079
0.25325757
0.24819772
0.24956656
0.24216874
0.23439106
0.23387913
0.23950745
0.24647966
0.23991773
0.24247001
0.24031034
0.26298708
0.2926186
0.25738865
0.23712012
0.22780043
0.23519371
0.2741234
0.27452376
0.24834637
0.23895308
0.24416444
0.240407
0.23697591
0.23616323
0.23670366
0.22846755
0.21708311
0.22128956
0.23217127
0.2317334
0.22799508
0.22596404
0.22684719
0.22832274
0.22816788
0.23310561
0.23973589
0.23961847
0.23377432
0.22233064
0.22040339
0.22480008
0.23024428
0.23217411
0.22817981
0.2270307
0.22842874
0.24227051
0.24179655
0.24432297
0.23886356
0.23771097
0.22805974
0.22351232
0.22603914
0.2266592
0.22994375
0.22381957
0.23043667
0.22984628
0.22589493
0.2157679
0.21635416
0.21301305
0.21194017
0.20835924
0.22126949
0.2204445
0.22526696
0.24642035
0.29761893
0.25321698
0.23496139
0.22623809
0.23333982
0.22531696
0.23613821
0.23176067
0.24750726
0.24903044
0.24809605
0.23505536
0.23323412
0.23657389
0.236484
0.24086712
0.23263636
0.23223665
0.22665446
0.22582094
0.2349788
0.23435938
0.23769893
0.22871676
0.23671296
0.23818494
0.24402204
0.23635532
0.24999544
0.25205964
0.25177112
0.24179901
0.23526512
0.25159284
0.28799626
0.27882364
0.27910018
0.26374188
0.25225624
0.25340074
0.25952473
0.25801525
0.24556006
0.24745314
0.2515111
0.25951347
0.2541434
0.25373393
0.24314076
0.24740522
0.2580785
0.28307256
0.2914334
0.2690748
0.25983435
0.26204205
0.25131556
0.2522799
0.26554477
0.2826095
0.29942024
0.27446035
0.2649809
0.26859573
0.2701507
0.2630423
0.25934073
0.2630328
0.2719307
0.27007827
0.2740678
0.27299187
0.28632572
0.30217493
0.29369566
0.29228443
0.29214963
0.28570238
0.29943722
0.30068415
0.27448475
0.27005205
0.2816349
0.297665
0.31182688
0.29888374
0.2928423
0.29695186
0.30032083
0.3154567
0.2938477
0.27914026
0.30181128
0.34518713
0.30234817
0.29560062
0.3129349
0.29559043
0.3020588
0.33277044
0.30525124
0.29714093
0.3051946
0.30084628
0.30416575
0.29400864
0.28696692
0.29117665
0.30068284
0.31459606
0.29981324
0.29965195
0.27670607
0.2699142
0.27363756
0.2795149
0.2860653
0.29897484
0.2856193
0.2754761
0.27411392
0.26816678
0.2830121
0.3131203
0.2935715
0.27712616
0.2861174
0.30296195
0.28439376
0.27371284
0.28301907
0.30818525
0.29573008
0.28044719
0.27783266
0.27676734
0.27918112
0.28492665
0.28285748
0.2920728
0.28983647
0.295816
0.3062758
0.29915392
0.30095187
0.29607224
0.30282253
0.32122776
0.30135417
0.31518966
0.3050769
0.31960806
0.3041378
0.3084787
0.33240268
0.3228524
0.30568966
0.29493678
0.30744538
0.30558053
0.31296
0.30398798
0.30699065
0.30350748
0.3228525
0.30561602
0.29415673
0.29279286
0.29044324
0.30021316
0.31781408
0.2942069
0.2946982
0.31934094
0.30707526
0.31071985
0.31078622
0.3224769
0.31233534
0.32189026
0.32254636
0.34318027
0.33614677
0.30316094
0.2858449
0.28150776
0.30237645
0.33444977
0.30945268
0.30387914
0.31777233
0.30163127
0.2915263
0.29944548
0.29982808
0.303754
0.30596632
0.3138338
0.30271837
0.3025431
0.31333244
0.30390236
0.3215912
0.3260593
0.2984694
0.29593807
0.31852174
0.31752923
0.30487984
0.2977072
0.29798114
0.29642928
0.30042732
0.30822986
0.31756586
0.30674767
0.3263852
0.32331765
0.31474864
0.3479472
0.31934822
0.33619177
0.3553258
0.32602143
0.3120484
0.31774077
0.32723835
0.31209856
0.3080806
0.31026506
0.31670877
0.325565
0.3289596
0.33674407
0.34523273
0.31578454
0.30539408
0.31357452
0.32766208
0.30486
0.29270577
0.29891598
0.29711375
0.30660263
0.30703646
0.30757868
0.30856144
0.32998925
0.36467296
0.32561874
0.3193738
0.34601444
0.31899193
0.30764166
0.3072997
0.3273085
0.3574742
0.3348342
0.32583255
0.33272812
0.31340978
0.31797603
0.34648296
0.33182797
0.31819242
0.30751166
0.31538773
0.33048463
0.3705595
0.3518748
0.3243733
0.3102207
0.318308
0.32124138
0.3338312
0.3472199
0.33939758
0.37704054
0.33758345
0.33400637
0.34276852
0.35079816
0.37725145
0.33900362
0.3364985
0.33343703
0.35216066
0.35338816
0.33596048
0.33117524
0.3390628
0.3560478
0.3319895
0.32664007
0.34004456
0.34587786
0.3616384
0.3481193
0.3666896
0.35566482
0.39289618
0.35153946
0.34274834
0.3666018
0.4017624
0.34396154
0.37952715
0.3518485
0.3422914
0.34547183
0.36142075
0.39846447
0.365193
0.36672345
0.356495
0.35416117
0.37189332
0.35481685
0.3561071
0.3502783
0.344567
0.34546575
0.3529908
0.33774492
0.34122944
0.36349055
0.34664258
0.36326775
0.39817202
0.36475185
0.36096144
0.3541854
0.37528893
0.3552709
0.37931028
0.3556721
0.38573283
0.37224525
0.39970392
0.35334992
0.37672022
0.3564209
0.35308668
0.3532788
0.36019284
0.33881754
0.34134275
0.36782852
0.35530806
0.33950204
0.3472917
0.37873664
0.37555015
0.36098948
0.3460782
0.33568507
0.35351694
0.3973251
0.3768614
0.3861307
0.360449
0.34304985
0.32959372
0.3359034
0.3316281
0.34546486
0.3616067
0.35880488
0.3624534
0.36086226
0.36297593
0.3793046
0.36055738
0.34926704
0.33591062
0.33376172
0.33807555
0.34739542
0.34069663
0.33507007
0.33983424
0.35328943
0.3671534
0.33339596
0.31964493
0.34490556
0.3846255
0.34958267
0.33426306
0.33199725
0.32172108
0.34779966
0.4170663
0.36383688
0.32897875
0.32821247
0.32037687
0.31702095
0.31344223
0.32733247
0.37581
0.4479376
0.3911872
0.3771104
0.34623617
0.31820077
0.32624438
0.3236849
0.33889952
0.33100834
0.35051695
0.34607744
0.36619678
0.403152
0.3629283
0.342033
0.3504372
0.3845236
0.3743535
0.36514708
0.36234596
0.35539538
0.3484196
0.3489479
0.34408322
0.34949633
0.3513731
0.35341364
0.3388171
0.33634928
0.33297423
0.3480065
0.34445855
0.35195512
0.34407625
0.34229425
0.3406094
0.35125256
0.33650878
0.33325222
0.32165322
0.33716238
0.33760276
0.3434935
0.3433223
0.34057727
0.33619413
0.32685727
0.31368503
0.3060684
0.31634316
0.3262962
0.32782727
0.31646818
0.32966095
0.34542802
0.3540456
0.35016435
0.34282014
0.32982016
0.31949604
0.31410417
0.33023036
0.32926455
0.33021927
0.33641598
0.33689225
0.31758815
0.30097866
0.30692786
0.32839352
0.34580737
0.35731393
0.3442739
0.3309715
0.30353346
0.31306833
0.3125827
0.32876137
0.3371744
0.34554407
0.3478795
0.3480703
0.33879808
0.33657306
0.33018312
0.3302478
0.33250192
0.32071888
0.33324948
0.33827198
0.36771357
0.34852523
0.3410037
0.31257176
0.325338
0.33372667
0.3483157
0.33432737
0.32660896
0.33228818
0.34397516
0.33793402
0.3256816
0.3137102
0.31836954
0.32306674
0.32617226
0.3340489
0.33303124
0.3348213
0.30505687
0.31458676
0.32516816
0.34599563
0.34310955
0.33384407
0.3248374
0.32139984
0.32630572
0.32832316
0.32128522
0.3265636
0.3354256
0.35435665
0.35042685
0.33798638
0.32040447
0.31843776
0.33658326
0.33964184
0.34376413
0.34055573
0.34492764
0.34306473
0.34217668
0.3419727
0.36138642
0.36887664
0.3841007
0.36620635
0.3583901
0.33607638
0.3267536
0.34427273
0.35390452
0.38216332
0.36720875
0.3560432
0.35492483
0.36783534
0.38355222
0.3607043
0.35168672
0.35571128
0.37324795
0.3775723
0.37568396
0.35937926
0.35859135
0.35666144
0.36827537
0.37049165
0.3661804
0.3781414
0.37202206
0.38819176
0.3770404
0.36951476
0.3672048
0.37901014
0.384948
0.36470175
0.35802418
0.3646837
0.38060448
0.3874789
0.39048418
0.39195985
0.40226617
0.3967933
0.40115505
0.38427994
0.4040904
0.41573244
0.42349797
0.41380653
0.3907494
0.39914
0.3989347
0.41395307
0.41722202
0.44320762
0.42846707
0.41666505
0.4151686
0.43237534
0.46594238
0.43266875
0.41240215
0.41487858
0.4195011
0.44015354
0.4671618
0.44677305
0.4540815
0.42306483
0.42433605
0.45799908
0.4382318
0.42682672
0.44042563
0.4559436
0.47158507
0.46001852
0.4768732
0.42723408
0.40852776
0.41276664
0.4322373
0.43303835
0.40989965
0.40344697
0.39447895
0.4208918
0.40808356
0.42367128
0.41740096
0.43108743
0.4419005
0.475645
0.46709862
0.43849096
0.4192945
0.40990528
0.408313
0.42790288
0.46837923
0.43261313
0.42239314
0.42407897
0.42903745
0.42283213
0.4141262
0.40721542
0.42490953
0.47237894
0.45485413
0.44881383
0.44181103
0.4317068
0.4106292
0.4042906
0.41514236
0.4326992
0.43720093
0.44033396
0.4253538
0.44738752
0.49328035
0.46808505
0.47247013
0.50653666
0.45879725
0.44434714
0.44202355
0.44289723
0.44679943
0.44868115
0.455099
0.44889694
0.46906164
0.46340045
0.46376678
0.44405463
0.43908757
0.43278232
0.45069972
0.44095233
0.44311675
0.44492838
0.45454767
0.4404548
0.42263156
0.42675826
0.45510215
0.48373786
0.5056265
0.486412
0.45035985
0.43217862
0.42574033
0.44588283
0.46570563
0.47014228
0.47429737
0.4607288
0.4549995
0.44523802
0.44426632
0.44656587
0.4464878
0.44658494
0.44236252
0.45116535
0.4471835
0.44286346
0.42048648
0.41888976
0.4259593
0.44993877
0.47881216
0.5186264
0.46098927
0.4367766
0.44437313
0.44246694
0.44947067
0.45103222
0.4387844
0.41954914
0.4247991
0.4476867
0.46307802
0.4787473
0.5146301
0.4803757
0.49113393
0.5470711
0.45143163
0.41510582
0.40785512
0.44572034
0.44201276
0.4384768
0.4164168
0.41047105
0.4347275
0.43682796
0.44851705
0.44555008
0.43971282
0.44157183
0.42711353
0.41571313
0.3995656
0.39148358
0.40525183
0.40969896
0.43241468
0.43000415
0.44120768
0.430826
0.4098483
0.40184453
0.40741256
0.4333697
0.43436095
0.441301
0.4566765
0.4593776
0.43740633
0.42991576
0.4330701
0.45588225
0.43865132
0.42316872
0.39496186
0.4063958
0.42019472
0.45272478
0.4469702
0.45690045
0.4371545
0.44363174
0.41614118
0.41649637
0.41429603
0.42338118
0.4281621
0.43517488
0.43415603
0.42145953
0.4184891
0.42323476
0.44160068
0.44914463
0.44196424
0.4197504
0.40179357
0.40825266
0.43462017
0.46011764
0.46452168
0.45420736
0.45389584
0.46283522
0.48279944
0.47718686
0.45896065
0.4349348
0.42604053
0.40783882
0.41597736
0.42557237
0.4514891
0.4422788
0.4317525
0.45074853
0.4655513
0.46533468
0.4416856
0.43984962
0.44340274
0.45915413
0.44246602
0.45966223
0.4668388
0.4889703
0.47813758
0.49251187
0.507564
0.51515704
0.5103364
0.5132618
0.5118089
0.5066306
0.4922312
0.51055074
0.54655725
0.60748005
0.5560289
0.52100617
0.5048522
0.5042499
0.51120454
0.52763736
0.5118907
0.50321
0.4985488
0.5128787
0.53689414
0.5384843
0.5230378
0.5029767
0.47792947
0.4911252
0.49772304
0.52719396
0.52269346
0.5216364
0.502435
0.49885565
0.49443507
0.5251632
0.5538872
0.55367297
0.5672329
0.6172915
0.5534103
0.5293337
0.5276719
0.54009885
0.53648245
0.5468918
0.5364586
0.52872217
0.5125436
0.5160178
0.5257573
0.5357144
0.55209345
0.529501
0.5153332
0.50660807
0.53440976
0.5538859
0.5270245
0.525362
0.49685577
0.5088836
0.48554835
0.5025381
0.5142912
0.5139128
0.5149497
0.4922614
0.5065867
0.5258131
0.5412706
0.5064832
0.47478035
0.4590217
0.48468226
0.48642427
0.48598096
0.49011195
0.48861927
0.48991448
0.5133341
0.52075964
0.5158811
0.48765367
0.48541686
0.4871789
0.49676132
0.50503343
0.51077974
0.4729234
0.43558076
0.4287117
0.43973732
0.4609789
0.45006406
0.44451585
0.45115298
0.4271007
0.42957994
0.41917276
0.46700677
0.48520303
0.48781297
0.54267067
0.5294816
0.5244359
0.43782756
0.43492916
0.44745207
0.49051264
0.53077835
0.51066184
0.4722878
0.42723092
0.42894694
0.42838764
0.44583574
0.47042507
0.4723284
0.4612152
0.4724878
0.4715568
0.50311553
0.4795956
0.499584
0.48643926
0.49573213
0.53073674
0.51644623
0.51702595
0.4884867
0.49394426
0.4974599
0.48483673
0.47583196
0.47575173
0.47384337
0.49382856
0.48177463
0.5246839
0.49994063
0.4880093
0.46924353
0.47553924
0.49255526
0.49062037
0.49777538
0.5082152
0.48488992
0.50705147
0.51192594
0.521738
0.5183683
0.48652136
0.50857925
0.50842357
0.53459215
0.5156355
0.50354767
0.48840836
0.4864672
0.4760097
0.47119996
0.47615814
0.5208029
0.53642523
0.5209167
0.48450276
0.47536388
0.49386826
0.47660124
0.46679887
0.4621875
0.4642549
0.4726319
0.46046376
0.44450015
0.43035263
0.43214035
0.42787737
0.400397
0.39034492
0.38640606
0.40817922
0.39185223
0.38183427
0.39800513
0.3996094
0.44302562
0.41595614
0.40509543
0.39452597
0.3920198
0.4194533
0.40726867
0.40870696
0.4098625
0.42845404
0.42352426
0.39531845
0.3746606
0.37767145
0.3853665
0.4023508
0.41663697
0.411255
0.39974996
0.37217942
0.363966
0.37290093
0.37619045
0.39424843
0.37683845
0.39904737
0.3949973
0.3790939
0.3909018
0.47727636
0.50484884
0.50002205
0.3968195
0.3881513
0.36456895
0.39072204
0.38193676
0.4288883
0.42041394
0.4146937
0.38611668
0.3922706
0.41463184
0.40895778
0.4039811
0.39700568
0.40811962
0.39213872
0.377788
0.38486117
0.3781811
0.41268706
0.41332597
0.44098276
0.4344638
0.40143952
0.3926405
0.36298525
0.37521917
0.39071786
0.39895213
0.40911022
0.39350343
0.41394877
0.41909787
0.4427965
0.4715234
0.46763647
0.46632773
0.45762986
0.4455885
0.4281401
0.40911573
0.41808617
0.4481286
0.4404314
0.44403604
0.42724052
0.43673265
0.44587186
0.43021145
0.4234607
0.40651467
0.40423042
0.38228425
0.38088676
0.3952385
0.41045776
0.412502
0.42691103
0.39835283
0.39123404
0.38682264
0.42180446
0.43882966
0.40833455
0.3907259
0.38026547
0.39965957
0.4122935
0.4150577
0.41328925
0.4123677
0.40492356
0.40432167
0.39141652
0.37688786
0.38319826
0.4027993
0.41735792
0.4862844
0.48884007
0.5035105
0.45258567
0.45714024
0.44789252
0.5148001
0.48568624
0.49238446
0.40773606
0.43852755
0.5135178
0.507907
0.5225383
0.4420967
0.44381154
0.47602475
0.47168952
0.4805623
0.43351886
0.44542983
0.42713562
0.43198106
0.43117416
0.43230775
0.44921646
0.44302437
0.45306113
0.4519448
0.47277915
0.45681447
0.41943043
0.4351446
0.4827237
0.50298274
0.47448802
0.45823866
0.44728133
0.4666012
0.4691551
0.5301538
0.52638775
0.5106454
0.4771527
0.47324735
0.50669515
0.5032042
0.505125
0.4760869
0.4854952
0.4862162
0.4737395
0.45811823
0.47235894
0.47182992
0.44352537
0.42825496
0.42828003
0.44171566
0.40955314
0.39400068
0.43625867
0.45655861
0.5207214
0.5485462
0.48735586
0.41931546
0.4421275
0.42010748
0.4467357
0.4190362
0.4060499
0.38647386
0.3665141
0.36202118
0.38023958
0.40078083
0.43571156
0.4067164
0.40630367
0.38864684
0.39153963
0.41076794
0.38637418
0.40248454
0.41764414
0.4178328
0.45558572
0.41718444
0.39681655
0.39132482
0.37074792
0.36738488
0.37396178
0.36335263
0.36280647
0.37469783
0.37765384
0.38380745
0.37783876
0.38875934
0.37019336
0.39485437
0.41028884
0.41284943
0.40053207
0.40323284
0.39215165
0.3548212
0.3611856
0.35465473
0.3710556
0.3566168
0.37998965
0.37857172
0.3851836
0.38012993
0.42765203
0.41029945
0.40620816
0.39799574
0.39731976
0.3459164
0.3599398
0.3586764
0.37846667
0.3701794
0.3871752
0.37990704
0.39556238
0.37585866
0.39470136
0.39067322
0.3886972
0.39518565
0.4406316
0.44270602
0.434895
0.44686535
0.44097504
0.3953566
0.38163677
0.39465275
0.38620344
0.3885185
0.46195817
0.49446496
0.5532452
0.5400387
0.5094573
0.44172746
0.42610082
0.44959456
0.43210667
0.44200587
0.47021252
0.4818772
0.46774814
0.44663516
0.44383946
0.5139406
0.5411246
0.5799896
0.59297967
0.5500609
0.4809713
0.48806617
0.49856272
0.5014851
0.50336623
0.49071783
0.47601897
0.4501611
0.44869986
0.42403275
0.42357254
0.43933722
0.46448097
0.45528877
0.4658289
0.4775034
0.4744923
0.45100465
0.46145967
0.46700916
0.44791457
0.44136557
0.47780704
0.44343942
0.4410954
0.45877367
0.44766966
0.43963557
0.47767693
0.49357468
0.5109612
0.5526126
0.5507753
0.5613648
0.5909715
0.65017194
0.7072034
0.74257195
0.70379937
0.6562265
0.5632735
0.5172436
0.5461842
0.5368075
0.5586484
0.5859955
0.643864
0.65488935
0.68090934
0.81570953
0.8539015
0.8083123
0.74345654
0.73917663
0.7455091
0.6926239
0.7416649
0.6991695
0.74052614
0.7205259
0.72461325
0.77118415
0.84617925
0.8140375
0.79139036
0.7760664
0.7714691
0.74233705
0.7498739
0.73801833
0.7620096
0.7913648
0.8696939
0.88089854
0.84435815
0.9159409
0.9501333
1.0598391
0.9702555
1.0131807
0.94648534
0.9970255
1.0174643
1.1199621
1.0718557
1.0738647
0.9279355
0.95269734
0.91001976
0.9778018
1.0280551
1.1645825
1.1705307
1.1597526
1.1485984
1.1096592
1.0552031
0.9488411
1.0273502
1.0705048
1.0411779
1.0463412
1.0811179
1.1642618
1.1001974
1.0751355
1.1228554
1.194742
1.2707756
1.2593535
1.2566944
1.2250174
1.197028
1.19462
1.1588637
1.1452826
1.0885758
1.1204885
1.0839051
1.0706078
1.0334605
1.0144835
1.1168845
1.1818205
1.3346609
1.3695104
1.17963
1.2383054
1.1682192
1.3818195
1.3064814
1.38699
1.2775409
1.2288184
1.2540992
1.4277413
1.4484906
1.4762129
1.168766
1.4256307
1.3921492
1.7000527
1.566881
1.6258783
1.4642128
1.377181
1.3195742
1.3036001
1.2363654
1.3295602
1.3324211
1.6164398
1.6925609
1.6979058
1.6318556
1.6094586
1.8992127
1.866022
1.8738576
1.5045147
1.5881056
1.6477782
1.6666139
1.9079821
1.8961469
2.0924819
1.8834418
1.9933503
1.7277772
1.9512503
1.9827551
2.3621516
2.0849671
2.3151817
2.2463799
2.3052633
2.212512
1.9607396
2.1997786
1.9798138
2.488279
2.0971632
2.0156062
2.048011
1.9114751
1.8185257
1.8769248
1.7498392
1.7270838
1.8164922
1.720927
1.7563941
1.7641166
1.6695765
1.5698754
1.5992371
1.5224962
1.5665596
1.7323096
1.8242918
1.9428706
2.0313745
2.0434382
1.8360002
1.8513612
1.853422
1.7791984
1.6960826
1.7276515
1.7550467
1.7254071
1.6165798
1.613905
1.7862182
1.965547
2.0247455
2.0128098
1.9450448
1.9152008
1.9224374
1.8783325
1.7464833
1.9437574
1.9893385
1.9484792
2.0618708
2.0146515
1.9375093
2.0497096
2.018327
1.9563844
1.9265529
1.9706855
1.8754215
2.0032184
1.9915334
2.033263
1.9383895
2.135858
2.2615404
2.297048
2.4527247
2.4593208
2.6707447
2.6186626
2.533858
2.550524
2.5926008
2.516348
2.5016325
2.5016325
2.5016325
2.5016325
2.5016325
2.5016325
2.5016325
2.5016325
2.5016325
