148.83026
26.103432
15.460389
12.578241
11.209956
10.4706545
9.92273
9.5082855
9.207484
8.917435
8.676121
8.42597
8.271376
8.105085
7.882609
7.7086415
7.60891
7.4105034
7.25481
7.1098094
6.951842
6.8469086
6.696989
6.5966806
6.4889765
6.3459334
6.2231374
6.1108446
6.0033274
5.867145
5.763966
5.6312838
5.5476174
5.4627028
5.3384037
5.210204
5.1423044
5.0649924
4.9780097
4.886563
4.7934036
4.6959596
4.620817
4.4997416
4.418308
4.329358
4.2603784
4.1581817
4.0788155
4.037236
3.9637558
3.8654468
3.8444612
3.7282724
3.6677556
3.593861
3.5324483
3.4487119
3.4002604
3.3573306
3.260846
3.222078
3.1671166
3.10191
3.0546167
2.976313
2.956611
2.8956256
2.8350961
2.774573
2.7313416
2.7154343
2.6772041
2.612042
2.5740151
2.5300546
2.483022
2.4633708
2.407852
2.3731105
2.32852
2.3118906
2.271685
2.2289789
2.2057238
2.178383
2.126728
2.1234858
2.072533
2.0463948
2.0385754
2.0006747
1.9725829
1.9560586
1.9425861
1.8858682
1.8799933
1.8659062
1.8447884
1.8315433
1.7933304
1.7944063
1.7668041
1.7570429
1.7343663
1.7055272
1.6973308
1.6771964
1.6678431
1.6468872
1.6294019
1.6337261
1.6283818
1.589125
1.5929672
1.5772309
1.5584726
1.5611837
1.5624948
1.5564018
1.5415219
1.5215813
1.5346304
1.5313448
1.5212413
1.4926558
1.5212873
1.5030266
1.4921752
1.4828058
1.4886187
1.4750783
1.4866523
1.4567926
1.4544727
1.469286
1.44912
1.4754752
1.4500678
1.4640418
1.4542542
1.4518055
1.4503515
1.4774384
1.4715233
1.4460974
1.4993813
1.4589651
1.4850003
1.4697267
1.4721605
1.4704139
1.4769739
1.4593642
1.4802295
1.492248
1.4876875
1.5057503
1.4814389
1.479723
1.517434
1.4971976
1.504999
1.5297822
1.5267909
1.5304666
1.5248665
1.543428
1.5378709
1.5456212
1.544913
1.549448
1.580304
1.5633186
1.5645221
1.5769551
1.578935
1.590931
1.6049043
1.6068501
1.6068556
1.6262153
1.6196822
1.6275526
1.6561857
1.6402899
1.6523548
1.653838
1.6456755
1.6771344
1.6858861
1.6745627
1.682583
1.6920208
1.6900533
1.694568
1.7022061
1.7113761
1.7326328
1.7081509
1.7263932
1.7321795
1.7327689
1.7347313
1.7453125
1.7636061
1.7513703
1.7834054
1.7825475
1.7628049
1.7735928
1.7849028
1.7812942
1.8004953
1.8132625
1.78871
1.802921
1.8311266
1.8026127
1.7983749
1.8531432
1.8309026
1.8143775
1.8075718
1.8213665
1.8271103
1.8483553
1.8416584
1.8339279
1.8192233
1.8257667
1.8412949
1.8466558
1.8407968
1.8148013
1.8455688
1.824552
1.8327706
1.8218148
1.8446255
1.818498
1.8158354
1.8353064
1.8304765
1.8193662
1.8198516
1.8212303
1.8173075
1.8262686
1.797124
1.7993569
1.8164765
1.8090373
1.7985191
1.7993104
1.7942793
1.7879108
1.7810231
1.7618937
1.7673271
1.7373129
1.7500148
1.7617977
1.7520711
1.7645339
1.747396
1.7369485
1.7284635
1.7194519
1.7068073
1.7070388
1.6882304
1.683119
1.6745569
1.6567771
1.6682715
1.6577845
1.6374893
1.6416943
1.6396636
1.6018662
1.6140536
1.598485
1.6063321
1.5838081
1.5686525
1.5677258
1.5407057
1.5513747
1.5281925
1.5247264
1.5097357
1.4941663
1.4793277
1.4760035
1.4613655
1.4527713
1.4380357
1.4328971
1.4346558
1.4043087
1.3997228
1.374274
1.3684136
1.3675987
1.3456583
1.342173
1.3246517
1.3160825
1.3041215
1.2895186
1.2821586
1.2665468
1.261879
1.228923
1.230673
1.2280493
1.198219
1.1850339
1.1872163
1.1718965
1.1395645
1.1469374
1.1253957
1.1218561
1.1145457
1.1000328
1.0846751
1.0844713
1.0596339
1.0554246
1.0479698
1.018677
1.0236686
1.0080153
1.0069598
0.9920976
0.97819453
0.95618176
0.9536732
0.9391074
0.9319337
0.9128271
0.9032544
0.900605
0.88613856
0.88550824
0.86223924
0.85938233
0.8392765
0.8418879
0.8216155
0.8091426
0.80172896
0.78527445
0.7730399
0.77465963
0.76957554
0.76271194
0.7533717
0.74138385
0.7284071
0.7266268
0.71561384
0.6976538
0.69713795
0.6941896
0.67684036
0.67558557
0.6664675
0.66536313
0.65016556
0.63741016
0.6401833
0.62266445
0.6254732
0.6058591
0.6064371
0.58890134
0.5888559
0.582059
0.5781652
0.5858796
0.5681996
0.54175
0.5612576
0.5517729
0.5378951
0.53792447
0.5291775
0.52393854
0.5104113
0.51486206
0.49775684
0.5056277
0.49469554
0.48977742
0.4755503
0.48038626
0.46884835
0.46677524
0.46593088
0.4615176
0.45336315
0.44594544
0.45261934
0.43594757
0.43600652
0.4475394
0.4256136
0.42640248
0.41406152
0.42144012
0.4190452
0.410899
0.39865676
0.39294687
0.40288642
0.4047377
0.38847205
0.3783806
0.38950467
0.38720143
0.3862568
0.38356233
0.37640548
0.3778491
0.36704215
0.36573678
0.36873186
0.3669099
0.35338673
0.3639211
0.35736892
0.36051705
0.3457232
0.3461524
0.3443373
0.34207073
0.33905506
0.3354135
0.33332068
0.3350598
0.32828847
0.33257553
0.33204558
0.32852155
0.3235893
0.32471925
0.3259406
0.3139959
0.32506478
0.31120825
0.31236637
0.31940702
0.31059712
0.30558324
0.31219733
0.30745277
0.3144716
0.3022084
0.30443767
0.3037974
0.30105385
0.29419634
0.28870925
0.28996718
0.29097134
0.29463953
0.28979784
0.2786279
0.28876767
0.28725728
0.28343418
0.28373376
0.28727913
0.27910772
0.27767882
0.2762382
0.27752203
0.27908564
0.27306783
0.26498473
0.2742927
0.26992068
0.27042797
0.26669794
0.26767084
0.25885618
0.26589656
0.2702254
0.26010925
0.2647269
0.25613448
0.25443408
0.2549966
0.2638794
0.26065442
0.24898155
0.25338295
0.25280985
0.25214484
0.2565664
0.25003812
0.2424748
0.24785899
0.24472763
0.23971398
0.24553211
0.24140069
0.24044798
0.2464861
0.24583004
0.24657305
0.23880456
0.22852547
0.23971176
0.24239011
0.2335851
0.23417543
0.23283055
0.23122324
0.23113634
0.23551312
0.23065042
0.22436461
0.22581595
0.22481647
0.22350036
0.22372587
0.22798213
0.22322534
0.21612746
0.22827657
0.21589606
0.21889605
0.22133729
0.21503802
0.21953048
0.21632463
0.21917154
0.21484888
0.21306476
0.21543905
0.21097828
0.20966949
0.2102838
0.20305745
0.2121538
0.21228682
0.21301992
0.20437136
0.20576112
0.20867638
0.19920303
0.20615037
0.19992721
0.19749653
0.20000032
0.2021301
0.2013723
0.20181498
0.20063645
0.19951962
0.19795208
0.19783244
0.19396947
0.19581588
0.19352399
0.19619504
0.19280398
0.19130583
0.19030312
0.18446246
0.19393969
0.18570639
0.18710504
0.18286282
0.18718724
0.18035544
0.17758197
0.18234722
0.18901657
0.17580426
0.17951341
0.18551691
0.17881657
0.17615038
0.1760063
0.17603858
0.18073398
0.17635164
0.17458391
0.1718018
0.17127445
0.16863872
0.17132173
0.17087172
0.16501804
0.16838968
0.16395313
0.17023602
0.17006202
0.15888728
0.16473852
0.16301082
0.16026461
0.15789118
0.1636067
0.15838711
0.15538695
0.16332059
0.15674293
0.15467092
0.16095228
0.15763721
0.15018356
0.15440758
0.1493429
0.15308937
0.15549102
0.15012816
0.14716305
0.14717653
0.14859578
0.14539276
0.15090688
0.14252265
0.15131037
0.1380841
0.14127035
0.14255184
0.14581567
0.14242917
0.13986452
0.14207587
0.14128245
0.14013624
0.13909414
0.13481788
0.13567129
0.13874793
0.13894081
0.13478284
0.13665047
0.13299178
0.13439326
0.13485776
0.13717899
0.13157777
0.129018
0.12828027
0.12745024
0.12704727
0.12617946
0.12741199
0.12589663
0.12464301
0.12739512
0.12912627
0.12721178
0.121929325
0.121367075
0.12034228
0.11971687
0.11505357
0.12023165
0.11648946
0.11916298
0.1150438
0.11397533
0.11774919
0.11567031
0.113477565
0.11482762
0.114505745
0.11404053
0.10872595
0.11488775
0.110513374
0.1066891
0.10579975
0.10922536
0.11311983
0.11004582
0.11001796
0.1120199
0.1052557
0.104455814
0.10185959
0.10271228
0.106431246
0.10271478
0.10497905
0.10171812
0.10558291
0.106163755
0.099539496
0.09932641
0.09918209
0.10169049
0.101833306
0.0988909
0.101578854
0.10040472
0.09319579
0.09819429
0.09393289
0.09542786
0.09459724
0.09079367
0.09239219
0.09274711
0.094213955
0.09416649
0.0908761
0.09289876
0.091884
0.08959156
0.08897452
0.09096342
0.091248
0.09087563
0.08816135
0.09273851
0.08764004
0.093438074
0.08403544
0.08594423
0.08620739
0.09015248
0.08558068
0.08482193
0.087609805
0.083584234
0.083188936
0.080963366
0.0923347
0.083250284
0.08118088
0.0767328
0.086285345
0.081227295
0.085608676
0.081089586
0.08271686
0.08813692
0.07737948
0.079954155
0.079959534
0.07729637
0.07683697
0.08230478
0.07733708
0.07809336
0.07489704
0.08084016
0.074944556
0.07723457
0.077175386
0.07655093
0.07577569
0.07299302
0.07358386
0.076443836
0.07847905
0.07673597
0.07804091
0.07788216
0.0705263
0.07016745
0.073709756
0.071933076
0.075226784
0.06853855
0.07215397
0.07362792
0.07422854
0.07150143
0.0747131
0.07217648
0.07027397
0.070400216
0.06920925
0.06943004
0.07138175
0.06990455
0.0692038
0.064471826
0.0709782
0.06706471
0.07126956
0.071991645
0.06612469
0.06905559
0.06937668
0.06815293
0.06783035
0.06823082
0.069584966
0.06808055
0.062284872
0.071191356
0.06357039
0.06806266
0.06556594
0.068086036
0.062656194
0.062974826
0.065926366
0.06256917
0.062993765
0.06515935
0.06665655
0.062243283
0.06418272
0.062155545
0.065887995
0.06243768
0.06618043
0.062030047
0.06286223
0.063877165
0.059708826
0.05975866
0.06489824
0.060796667
0.060973838
0.06316395
0.06308117
0.061923623
0.058783647
0.058946755
0.060170434
0.0641889
0.06392625
0.05757246
0.061881557
0.061500493
0.060950655
0.060349926
0.058734275
0.05461635
0.057760734
0.06245948
0.059913527
0.05882782
0.057033654
0.05958855
0.060256198
0.058766402
0.059011836
0.0575152
0.057137184
0.058160428
0.058734998
0.061938796
0.058411866
0.060470596
0.05598982
0.056286324
0.056234833
0.05611246
0.05757428
0.05123155
0.05699705
0.05581939
0.056269
0.05598971
0.058073115
0.056764536
0.05562671
0.05594918
0.053623784
0.055049375
0.057632133
0.05451254
0.054660194
0.054521706
0.05533058
0.05192663
0.053181745
0.056353394
0.05503319
0.055592097
0.05330574
0.054689173
0.053552307
0.05457727
0.05555248
0.0507538
0.053234283
0.053060427
0.05282904
0.050157007
0.053422544
0.05282349
0.050395586
0.052054822
0.054828502
0.050572056
0.051692992
0.05331708
0.054740988
0.05294494
0.050927326
0.051330846
0.052076936
0.050888415
0.05088087
0.053832337
0.0521729
0.04882331
0.05466165
0.050174847
0.05156598
0.052690946
0.049902067
0.047447126
0.051043935
0.049116906
0.05312401
0.050332807
0.05001095
0.049124945
0.048915766
0.0457537
0.050438453
0.048269853
0.05110505
0.049889356
0.04952846
0.043892812
0.05046387
0.047638986
0.047543947
0.050941985
0.045810666
0.047682587
0.046451245
0.05057532
0.045860015
0.053256083
0.04656741
0.046354305
0.047968198
0.046475485
0.045723286
0.048530307
0.049135525
0.048867315
0.04459508
0.050033774
0.045765392
0.046569124
0.05015497
0.04614566
0.047002666
0.043741886
0.045407336
0.04531393
0.049263723
0.047264785
0.046763975
0.049549427
0.04223572
0.04502717
0.049600173
0.04450796
0.04434398
0.04375724
0.045641057
0.044751298
0.04396691
0.041549534
0.043633204
0.045555312
0.045359287
0.04494206
0.042592444
0.044535205
0.04628887
0.043630976
0.043326456
0.04564279
0.042762887
0.043595884
0.043635145
0.046337266
0.04647218
0.042395454
0.04036513
0.040624525
0.041922975
0.043011334
0.045898877
0.041296657
0.041094836
0.044437334
0.04144061
0.040758617
0.044228584
0.04277603
0.039688103
0.041334417
0.041546695
0.04483194
0.03963885
0.041664105
0.0422121
0.041900933
0.041754894
0.038972694
0.04037669
0.046463713
0.04118135
0.039528407
0.04159915
0.04211528
0.03964623
0.042102113
0.041244272
0.044731222
0.04060736
0.04344588
0.03784715
0.038829014
0.039088875
0.03871404
0.03746438
0.03972267
0.037919134
0.042667806
0.04177917
0.03942685
0.040929545
0.03811402
0.037762452
0.04046874
0.040496133
0.04119485
0.038545005
0.044008378
0.03969324
0.039030865
0.042092077
0.038591556
0.037331082
0.038285956
0.038783185
0.040345278
0.03980341
0.036894407
0.039157897
0.04066127
0.038006324
0.03499159
0.03701432
0.038633414
0.039630193
0.0370123
0.039015885
0.03870995
0.038578767
0.036771793
0.036824793
0.03863811
0.03868859
0.038267277
0.03924292
0.035095092
0.036399014
0.037086766
0.03485699
0.03519953
0.03774481
0.03681767
0.038286816
0.034633204
0.03931718
0.037307393
0.037129316
0.03779077
0.042073146
0.037165333
0.03859955
0.037699517
0.037130952
0.03789264
0.03444827
0.03612635
0.036523204
0.03513852
0.035981715
0.034941297
0.036057685
0.037074916
0.035548892
0.035602104
0.03606038
0.03697777
0.037881203
0.035029158
0.037395645
0.037522644
0.036854524
0.0365554
0.037953816
0.033743992
0.03504277
0.035560403
0.03473273
0.04459342
0.0365054
0.036226653
0.03600087
0.03637305
0.035003506
0.035174847
0.03360487
0.036162365
0.0354164
0.029971514
0.037761364
0.0348429
0.033257257
0.03487743
0.036423765
0.03297008
0.03622973
0.03207509
0.03214118
0.03513813
0.03347107
0.035685018
0.03282182
0.03496731
0.032569557
0.033634733
0.034103073
0.034173086
0.03505046
0.03469602
0.03674057
0.033373784
0.0346109
0.03140605
0.03475212
0.032487623
0.036286507
0.034880526
0.03493
0.033099245
0.036086794
0.033194043
0.03007364
0.032603234
0.03343943
0.034404695
0.032832634
0.03237834
0.032443594
0.032792475
0.03236586
0.03203643
0.033562984
0.03275066
0.03137588
0.032092117
0.030572362
0.03268444
0.033325586
0.032936998
0.034441084
0.031241456
0.032048628
0.031334065
0.032356393
0.033250093
0.032126788
0.034034915
0.03226389
0.03612018
0.033081662
0.029307045
0.032046754
0.03201521
0.03213231
0.033320416
0.031866204
0.032932855
0.03178784
0.03180487
0.028455405
0.03194278
0.033340342
0.034819037
0.029496033
0.02946015
0.03325776
0.03119451
0.030813586
0.032024775
0.030843405
0.02993931
0.03131668
0.03179054
0.03436034
0.031663664
0.03188995
0.032584257
0.031285413
0.029489124
0.029834254
0.030111454
0.03080009
0.031071624
0.031285256
0.028560678
0.03124383
0.0309325
0.03100127
0.03156328
0.03137549
0.029947815
0.030336928
0.033490475
0.027967572
0.02704014
0.03130122
0.030115752
0.030049153
0.031669684
0.029112037
0.032352842
0.029873809
0.033682667
0.032193862
0.030107668
0.031765644
0.034484755
0.029172035
0.029442066
0.02910506
0.03141916
0.030727752
0.028423877
0.029074712
0.030620843
0.027921557
0.029265463
0.034450024
0.031004261
0.02951321
0.031019315
0.032054927
0.030026814
0.027409213
0.030320965
0.030508293
0.030030001
0.033163004
0.029525815
0.026815549
0.030726532
0.029731499
0.027855994
0.030454826
0.02955497
0.0273064
0.028391106
0.029519867
0.028751168
0.031902794
0.026739879
0.030231087
0.028992873
0.02878226
0.028531905
0.030659806
0.029924454
0.026918441
0.029638661
0.027710197
0.026171112
0.029646318
0.02903905
0.026501907
0.02729366
0.027077455
0.027389286
0.028739579
0.031134155
0.028593397
0.02826152
0.027516847
0.027588692
0.027954942
0.028082224
0.026712019
0.027918762
0.028027935
0.025620842
0.03566702
0.02574712
0.02584364
0.028411584
0.027521944
0.02965285
0.027241107
0.027351787
0.026850764
0.027042829
0.029042093
0.028689323
0.030858958
0.026560728
0.027480423
0.028040333
0.028099436
0.02677014
0.026358755
0.027256299
0.027370015
0.027356163
0.02786165
0.02569486
0.02536773
0.029297618
0.027986359
0.02634219
0.029408196
0.026598185
0.027390366
0.026684834
0.026990816
0.029307785
0.026648894
0.027524922
0.027158625
0.024790762
0.028560473
0.02687618
0.026607387
0.025886867
0.028855946
0.02789267
0.02609824
0.025929375
0.026060171
0.025224768
0.027653756
0.025897626
0.025595468
0.027084656
0.024705203
0.026229562
0.025717985
0.02906663
0.028491184
0.024984127
0.027697792
0.025697617
0.027657451
0.026076568
0.022956958
0.025333634
0.022628123
0.026949093
0.02873442
0.028064698
0.028436
0.026996497
0.028069299
0.026648624
0.030167231
0.025415704
0.02621345
0.026734693
0.026680969
0.025996294
0.025719427
0.024959741
0.027815245
0.02670545
0.026547711
0.02911949
0.026880326
0.027493535
0.031750616
0.026042858
0.025550183
0.025511723
0.024626514
0.024876382
0.026140686
0.025832945
0.024146117
0.025941882
0.02959627
0.026213067
0.026572386
0.02523361
0.024395812
0.023905577
0.025672289
0.024758402
0.024074672
0.025621703
0.025390772
0.023086235
0.023987126
0.027013775
0.024717929
0.024842383
0.024375563
0.02479812
0.023883332
0.023607992
0.025819087
0.023523953
0.02584545
0.025893653
0.028869556
0.024403622
0.025758253
0.024208808
0.024007438
0.026022203
0.025372304
0.024463937
0.025350211
0.024875082
0.025184643
0.025358591
0.023808958
0.022678755
0.025059255
0.023356589
0.024268493
0.024196284
0.023113063
0.023657179
0.026437461
0.023259254
0.024100997
0.02347647
0.023795702
0.024298992
0.023933737
0.024084521
0.026762033
0.024285747
0.023776593
0.023012718
0.02306903
0.024088537
0.023094118
0.023734817
0.026734065
0.023787724
0.023278082
0.023679517
0.024363687
0.024536148
0.022992577
0.023350548
0.023073535
0.023822155
0.024648163
0.02180346
0.021323968
0.023212332
0.022011336
0.023275549
0.027007727
0.023351738
0.021578848
0.022161165
0.022992332
0.023607554
0.022759033
0.02219072
0.02245884
0.022007082
0.023446776
0.026223253
0.023546772
0.022080766
0.022073582
0.023114404
0.025216576
0.023433372
0.023489939
0.02328023
0.024593571
0.022533905
0.021841748
0.022583827
0.022488764
0.022949083
0.023899857
0.023416258
0.023239832
0.023950806
0.028928049
0.024634331
0.02375079
0.025937464
0.023400467
0.02369009
0.023917332
0.024912981
0.023837509
0.02249795
0.022438223
0.023659568
0.02424799
0.023952374
0.025138054
0.023491368
0.022379668
0.022332525
0.02276193
0.023482984
0.023081072
0.023254827
0.022264306
0.022147227
0.023363832
0.025154151
0.023448806
0.023248
0.024553206
0.022830687
0.022152929
0.022576768
0.02316146
0.024078907
0.022670398
0.02298316
0.02501888
0.022905799
0.02226324
0.023042269
0.02545286
0.024152376
0.024926469
0.02309395
0.023110447
0.024977785
0.02309613
0.022587504
0.023453258
0.02204556
0.021336427
0.020785056
0.021428047
0.022338305
0.024058113
0.021621922
0.020913772
0.020494692
0.021228801
0.021634389
0.022207867
0.022672413
0.022413136
0.022213297
0.022052996
0.021453142
0.021905499
0.021527687
0.02195152
0.023188205
0.025885958
0.023033833
0.02171742
0.021710258
0.021618376
0.021229737
0.02128075
0.020219762
0.019834748
0.019814005
0.02028115
0.020546136
0.021255102
0.022267386
0.022915596
0.021654477
0.021323511
0.021089165
0.021803603
0.020611834
0.020646803
0.0213188
0.022658236
0.022448229
0.021065488
0.020296182
0.020046148
0.021318307
0.021396402
0.0223054
0.022007547
0.022281386
0.021347333
0.021258509
0.020351093
0.019899081
0.020059701
0.020403437
0.020677159
0.020404283
0.021302205
0.022621475
0.023367735
0.024111725
0.02133186
0.02128652
0.023978457
0.02112619
0.020024784
0.020495618
0.021261107
0.021059508
0.021064151
0.020198263
0.020186156
0.020453976
0.020864649
0.02200852
0.02235326
0.021738801
0.020998579
0.020618882
0.020682152
0.019791177
0.019143179
0.019784234
0.020098204
0.020545637
0.020057542
0.01994446
0.019789161
0.020130513
0.020465013
0.02043387
0.020681882
0.02039058
0.019420778
0.018867498
0.019379878
0.021032212
0.021400943
0.021428624
0.020794338
0.020626431
0.02080035
0.019812714
0.019148178
0.018290315
0.019128358
0.019446738
0.019264402
0.01914139
0.019336473
0.020173244
0.020411583
0.019690823
0.018663166
0.018740714
0.020094398
0.02044957
0.019443883
0.018686758
0.018391524
0.01893928
0.018837681
0.019740075
0.019771824
0.020189939
0.019689295
0.020757813
0.020161767
0.019879777
0.018973239
0.020234497
0.020636108
0.019978391
0.019200217
0.018767452
0.019684156
0.019575257
0.020456744
0.02004464
0.020202175
0.01913796
0.019637153
0.019815708
0.020071218
0.019427868
0.019273918
0.019917779
0.0200484
0.020453295
0.020735878
0.020560198
0.02051358
0.020388538
0.02023973
0.019787338
0.01943603
0.019950164
0.02018125
0.0202646
0.019894952
0.019798022
0.020057129
0.020299118
0.019896021
0.019452909
0.019586697
0.01961204
0.019513827
0.018706558
0.018748
0.01819703
0.018365592
0.018463263
0.01835297
0.019224862
0.01925067
0.019832378
0.020032678
0.019013042
0.019639373
0.019186972
0.019147826
0.01840494
0.018073197
0.01854424
0.018442987
0.018538227
0.019096073
0.018640632
0.018467905
0.018156022
0.01937545
0.019058276
0.018931933
0.018956631
0.019796997
0.02216417
0.025758224
0.020566147
0.0188757
0.019049553
0.020284547
0.020332156
0.020551275
0.020286053
0.02024687
0.020189067
0.019912558
0.019351894
0.020007621
0.019362643
0.018877948
0.01755207
0.017340874
0.01791861
0.017948858
0.018360805
0.01866137
0.018839106
0.019189585
0.018308764
0.018310206
0.018213227
0.01852606
0.018958844
0.01838487
0.018795278
0.019116871
0.019552764
0.01877273
0.018515281
0.018941695
0.019263376
0.018196713
0.017849585
0.018889785
0.019518169
0.01944114
0.018139452
0.01881396
0.01944783
0.020121517
0.019270984
0.01909471
0.019304361
0.019327024
0.018809395
0.017958704
0.01795557
0.01740366
0.017643105
0.017301163
0.017964633
0.018529307
0.018549751
0.017742474
0.01671291
0.01727037
0.017764296
0.017852023
0.017765393
0.01754003
0.01687624
0.01671951
0.018347131
0.01914213
0.019970957
0.017935174
0.017091142
0.016441563
0.01696086
0.017977644
0.017479694
0.018682849
0.018610392
0.018413017
0.0169692
0.016549608
0.016697418
0.018409276
0.018911032
0.019610433
0.018062154
0.018167626
0.017105456
0.017742032
0.017667288
0.017702622
0.016948849
0.016535299
0.01655691
0.017383095
0.017261991
0.017708395
0.01766097
0.017938223
0.017786812
0.017474636
0.016646273
0.016897168
0.016857158
0.017901458
0.017958686
0.01815749
0.017285552
0.016717719
0.016145023
0.01598392
0.016575156
0.017108934
0.01720235
0.016941302
0.016361112
0.017205166
0.016994014
0.018051706
0.018610716
0.018941585
0.01872299
0.017677793
0.018185759
0.01760461
0.018322475
0.018040124
0.018495865
0.01744208
0.017353805
0.01692137
0.01768024
0.017014626
0.017587338
0.017295485
0.017573452
0.016551388
0.016447674
0.01726669
0.017364273
0.017277813
0.015979446
0.015947565
0.016705604
0.017074225
0.017241776
0.01721031
0.017831566
0.01756624
0.01813835
0.017931007
0.018105935
0.017265934
0.017481452
0.017358629
0.01804731
0.017676832
0.017825907
0.017198397
0.017123433
0.017197412
0.017472526
0.017695747
0.017273031
0.01657496
0.016270071
0.016687414
0.017120358
0.017890763
0.018281406
0.017718798
0.016453497
0.016983742
0.0169538
0.018192776
0.017367791
0.01734277
0.016189234
0.015975205
0.016502539
0.017250165
0.016451664
0.016900545
0.016480034
0.017136352
0.018362995
0.018211683
0.01872082
0.017566828
0.01783285
0.017821264
0.017650817
0.018190822
0.01788866
0.017050814
0.016167607
0.016637178
0.017512465
0.01713547
0.017038794
0.016553355
0.017512135
0.017109709
0.016224729
0.015892873
0.015209586
0.015364945
0.0153458165
0.016374385
0.016444908
0.016874311
0.01660759
0.017820401
0.017690344
0.017993266
0.017688433
0.017662158
0.017910643
0.017803373
0.018112818
0.018021252
0.017535664
0.01720291
0.017536774
0.017408855
0.017543655
0.016871184
0.01689857
0.016296381
0.015964985
0.016307266
0.016778264
0.016613118
0.016937828
0.0172817
0.017830262
0.017575212
0.01650517
0.01633903
0.015543104
0.015974006
0.014614457
0.015398381
0.015021264
0.016779792
0.0169904
0.01724853
0.017124891
0.016523246
0.015912727
0.01608973
0.016339067
0.01650736
0.015947016
0.01601
0.01651766
0.015826412
0.015844598
0.016348917
0.016916953
0.016893204
0.016122546
0.016535848
0.015560698
0.016217526
0.015910946
0.016204258
0.015412785
0.015518453
0.015547704
0.016912026
0.017930873
0.01830382
0.017422857
0.016026791
0.016109746
0.016668068
0.017155347
0.017286636
0.016139327
0.018115453
0.018894
0.018865071
0.017217409
0.016490556
0.017269753
0.016802277
0.017528368
0.017301328
0.016818197
0.015777517
0.015570776
0.015562698
0.015630642
0.015601845
0.018232387
0.018668355
0.019628583
0.01747042
0.017126175
0.016401209
0.016124737
0.01648556
0.0167454
0.016717194
0.015764745
0.015070002
0.01505014
0.015237773
0.015856806
0.016090805
0.016906733
0.016425561
0.018168826
0.01735971
0.017336095
0.015431701
0.015394344
0.015394573
0.015232576
0.016977295
0.017471705
0.017276797
0.0157941
0.016617363
0.01763672
0.017446602
0.016924145
0.016435796
0.01685378
0.016260425
0.016391028
0.016022922
0.015828423
0.015808199
0.015720278
0.015880534
0.016380781
0.016478013
0.015979532
0.015914204
0.015471404
0.01625722
0.016178349
0.01670042
0.016131736
0.015351939
0.0157454
0.015593459
0.015313222
0.0154898
0.016125951
0.016552543
0.01608942
0.015704041
0.015582569
0.015001854
0.015317886
0.014776106
0.015336957
0.014158725
0.014803627
0.014138852
0.015308426
0.014406311
0.015579653
0.014547104
0.015035571
0.01406817
0.015028695
0.014924596
0.01581118
0.015915342
0.016106308
0.015998453
0.0156164095
0.015820194
0.015221443
0.015080209
0.014872885
0.014978739
0.015134543
0.015807852
0.014969174
0.014845238
0.014577979
0.014515578
0.014393542
0.01435697
0.01535905
0.015678499
0.016164292
0.016328515
0.016707318
0.016800942
0.016358668
0.016411629
0.01522409
0.015322156
0.015083395
0.015456479
0.015299416
0.014091464
0.0142519595
0.014107576
0.015604474
0.015410163
0.016438441
0.015879713
0.016258223
0.015210429
0.014829407
0.014687536
0.016375115
0.017046506
0.01698818
0.015677547
0.015631326
0.015257449
0.014984217
0.014306767
0.016604096
0.017053172
0.017654102
0.015195248
0.014668515
0.014580601
0.014767643
0.015337492
0.015545141
0.016142055
0.016722023
0.015821073
0.01591327
0.015394789
0.015968276
0.016152205
0.015759844
0.015902461
0.014768307
0.014809225
0.0156248305
0.015600912
0.015776992
0.015090762
0.016081717
0.015193355
0.015141776
0.014979069
0.016509717
0.016529193
0.016676178
0.01592848
0.015389915
0.015137923
0.015049421
0.015321657
0.01503371
0.0150142405
0.015961263
0.016646465
0.016537739
0.016695876
0.015783407
0.015213652
0.014036833
0.014874424
0.015350312
0.016273173
0.015648654
0.015974253
0.014848906
0.015028079
0.015795387
0.016771376
0.017148413
0.016682217
0.01637114
0.01611509
0.016450344
0.016516188
0.017278457
0.017031308
0.017081222
0.016320767
0.01603095
0.015836973
0.015785223
0.016830863
0.017099831
0.016418971
0.01507427
0.014546989
0.016381346
0.016886983
0.016576985
0.015836887
0.0148477
0.015933435
0.0150467185
0.016503185
0.016651895
0.017707929
0.01673478
0.016125947
0.015987838
0.015800215
0.015926255
0.0152649125
0.015943415
0.01665921
0.01690737
0.017046995
0.015652481
0.015693111
0.01452151
0.01580295
0.01610724
0.01841469
0.017247539
0.01689033
0.017050404
0.01783155
0.017681168
0.015589879
0.015305071
0.016112251
0.016047081
0.016087733
0.016353792
0.016716572
0.01802494
0.016862102
0.017881483
0.016644029
0.019294087
0.019089678
0.017902717
0.017202478
0.017557433
0.01841233
0.017390775
0.016463328
0.016572881
0.01574732
0.016187644
0.016359987
0.017255194
0.017196242
0.016754603
0.016452389
0.015930204
0.01636591
0.016147468
0.016238295
0.016870968
0.016109908
0.016735801
0.015791386
0.016476857
0.015253692
0.015466498
0.015370736
0.015720014
0.015026718
0.014932868
0.016507382
0.016712496
0.017377451
0.016005376
0.015962977
0.015352015
0.014905302
0.014856664
0.015163608
0.015352932
0.01499103
0.014513322
0.0141008925
0.016327413
0.016826447
0.01790102
0.016738007
0.016029704
0.015531818
0.014353418
0.014192259
0.014516863
0.0153435925
0.015873097
0.015288726
0.014843677
0.014781132
0.015188352
0.015639931
0.015405449
0.015747417
0.016571397
0.016623383
0.015849851
0.016440436
0.017308544
0.018231912
0.016867308
0.015609085
0.015372144
0.016496958
0.016842777
0.016120125
0.015395245
0.015483328
0.015910564
0.015605322
0.015521879
0.015190732
0.0145931095
0.01392251
0.013717148
0.013888516
0.014493497
0.014754488
0.015142475
0.014869953
0.015464842
0.014707642
0.015090882
0.015351626
0.01578512
0.016385576
0.01624865
0.015597751
0.015329707
0.015589595
0.01654975
0.016383247
0.01531612
0.014753631
0.0142392935
0.013769724
0.013763569
0.014126635
0.014729448
0.014906529
0.014868453
0.014159245
0.014763305
0.015670005
0.01611486
0.016524063
0.015732244
0.01527237
0.014549765
0.014765322
0.015876245
0.015630491
0.01564947
0.014598742
0.01479411
0.015015724
0.015789762
0.015167952
0.014547665
0.014647595
0.01495746
0.0151708145
0.01534466
0.016069034
0.01639745
0.015759986
0.015211946
0.014392134
0.014861548
0.015316441
0.015794888
0.015854927
0.018099789
0.017460488
0.016850937
0.013620209
0.014889467
0.01381245
0.014546369
0.014215888
0.015614785
0.015411905
0.015464716
0.014616561
0.014980344
0.015173809
0.016113006
0.015475092
0.014632603
0.01440263
0.0146264965
0.015453043
0.015854586
0.01560445
0.016199261
0.016153468
0.017062
0.016991995
0.017627554
0.017211024
0.017309189
0.01760711
0.017593173
0.016673954
0.015567453
0.016428648
0.016507644
0.016918903
0.018078607
0.01820671
0.01862293
0.016739788
0.016897598
0.016774766
0.016773047
0.016243946
0.015830949
0.016769275
0.019635217
0.019384848
0.01962008
0.017470442
0.01793525
0.017397324
0.017887713
0.01819233
0.018271131
0.017610647
0.018516816
0.018510787
0.018886149
0.018107899
0.017791765
0.017932264
0.018414589
0.01969382
0.02007114
0.019727096
0.018785346
0.01895275
0.019466951
0.019454727
0.019770242
0.01964214
0.020034237
0.019201415
0.019840509
0.02031258
0.020298436
0.020528795
0.02156519
0.022429034
0.02356216
0.021735238
0.020698493
0.019551901
0.020783415
0.021281486
0.021136636
0.021392394
0.022473918
0.023228332
0.02315091
0.024890078
0.024903724
0.02525692
0.02395135
0.02273814
0.022168752
0.021760613
0.022519458
0.022119056
0.022491578
0.02179352
0.021533716
0.019907212
0.020837106
0.019474661
0.019178372
0.018809436
0.019403877
0.019372746
0.018595528
0.018171564
0.018644722
0.017907048
0.019438474
0.020051954
0.02008664
0.018583922
0.01703043
0.017504219
0.018769048
0.019587522
0.019163545
0.018127639
0.01813332
0.018074198
0.018971872
0.01845525
0.018889518
0.017992854
0.017577985
0.016734466
0.0176769
0.01777961
0.017880283
0.016357113
0.0155193135
0.015633615
0.016001187
0.01730466
0.017266724
0.017882885
0.016834319
0.01657686
0.015471401
0.016181042
0.01632325
0.016954612
0.016303485
0.016384425
0.01575318
0.015665246
0.015095694
0.015279568
0.015298174
0.015529483
0.015800426
0.016086563
0.015863715
0.015443209
0.015395583
0.015996454
0.01694168
0.016657412
0.016471466
0.015769815
0.017026458
0.016410127
0.017283628
0.016446106
0.016417813
0.015901636
0.015326066
0.016700251
0.016700843
0.017222125
0.01622172
0.015875632
0.0151888905
0.014876977
0.015058454
0.015376851
0.014927212
0.014684708
0.014247664
0.014458537
0.0139329005
0.013300875
0.012917737
0.012214275
0.012461336
0.012626572
0.012819685
0.0127977
0.012927166
0.013337691
0.013972589
0.014016332
0.01289939
0.012403833
0.01225545
0.012373529
0.0120204985
0.0126221925
0.012862409
0.013019766
0.013982819
0.01420436
0.014030234
0.0126958005
0.01254197
0.012557889
0.0137372045
0.014072321
0.014176725
0.014493834
0.0144639
0.014680228
0.013428288
0.014654044
0.014868313
0.015323755
0.014580575
0.013931654
0.013778421
0.013414156
0.014723365
0.014431204
0.013769462
0.0126428
0.012852984
0.013324029
0.014030793
0.014543684
0.014492733
0.013955834
0.01403764
0.014109697
0.0146371825
0.013835768
0.012630042
0.012453577
0.01281639
0.0136817815
0.013536581
0.013057818
0.012207008
0.012644019
0.012703172
0.013051942
0.0138169965
0.013506604
0.0133985225
0.013288257
0.012810466
0.012698358
0.011981339
0.011812694
0.012065945
0.012578124
0.012768114
0.012504917
0.012755244
0.013052882
0.013195588
0.012877438
0.012774512
0.013071878
0.012182953
0.012769417
0.01291048
0.013643476
0.012961023
0.0128464755
0.013190698
0.013971392
0.0134626515
0.012987762
0.012794168
0.012906269
0.013724269
0.013098552
0.013330271
0.012468136
0.011680023
0.011676753
0.011518619
0.011258859
0.012108893
0.012766164
0.013398137
0.0136448955
0.0123497555
0.0121372035
0.012227704
0.012768367
0.013395549
0.013134032
0.012475816
0.013359733
0.014023325
0.014053561
0.014226419
0.013240212
0.012763264
0.012573476
0.01315807
0.013460081
0.013503989
0.012500515
0.012558333
0.012720768
0.013907564
0.013658152
0.014032568
0.014300688
0.013496885
0.012949194
0.012062476
0.011794065
0.011639801
0.011262321
0.012138966
0.012270773
0.012176312
0.013091367
0.013210959
0.013967124
0.014472785
0.014611049
0.0153922085
0.012635836
0.0122427065
0.012871852
0.013360427
0.012808329
0.013212469
0.013168751
0.012698561
0.013797043
0.013769195
0.013189777
0.01264026
0.013081078
0.01293928
0.012187433
0.011437194
0.011569416
0.011461389
0.011489609
0.0118593015
0.012276072
0.011909543
0.011938918
0.012004847
0.012255826
0.012363241
0.012699239
0.012692845
0.012116809
0.011930696
0.012239416
0.012364772
0.013107579
0.01307008
0.0141103
0.013317918
0.014022676
0.012902905
0.011681208
0.011883442
0.0112783965
0.0114779575
0.012032437
0.012190229
0.012354291
0.012472098
0.0126471585
0.0129875615
0.012563422
0.012810431
0.012064858
0.011396669
0.01178418
0.011691925
0.012011372
0.012125853
0.012318904
0.012211062
0.012232217
0.012286624
0.0120312525
0.013362631
0.013971572
0.015188974
0.015267673
0.013281322
0.0131646935
0.012962797
0.013274232
0.013192818
0.013500165
0.012497843
0.011926254
0.011876631
0.011070463
0.011488
0.011766958
0.0121550495
0.0120013645
0.012258629
0.012247855
0.01203333
0.011948114
0.011945521
0.012161388
0.011807688
0.011735375
0.0112338355
0.011330448
0.011398955
0.011492849
0.01211789
0.012626651
0.013044492
0.013745077
0.0135369
0.01359415
0.013758144
0.013558606
0.01324633
0.012813159
0.012718071
0.012545132
0.012634194
0.012336618
0.0116263125
0.011100843
0.011228364
0.011623708
0.012580184
0.014274763
0.014632994
0.013795027
0.013006782
0.012383246
0.0123108085
0.011927189
0.012094216
0.011808859
0.011586789
0.011940187
0.01170321
0.0120271025
0.012255595
0.012827487
0.013388619
0.012956875
0.01240759
0.012192882
0.0118458085
0.011582416
0.011763174
0.011837355
0.0133518055
0.014255295
0.0133395335
0.0145943
0.013540341
0.011918379
0.012081896
0.011385438
0.011338324
0.011636903
0.011460711
0.011116319
0.011506156
0.011083278
0.011091648
0.011467535
0.011944535
0.011742742
0.012007455
0.011726896
0.011946135
0.011683087
0.011349594
0.0114390245
0.012144026
0.011638612
0.011457979
0.011450267
0.0114618605
0.010910785
0.011236267
0.012022723
0.012334177
0.0118639255
0.011784926
0.011956394
0.011241552
0.011323322
0.011594848
0.011664057
0.011441827
0.012030545
0.011928102
0.011623833
0.011658555
0.012355877
0.011923043
0.012135027
0.012309461
0.012261856
0.011076157
0.011162848
0.010811762
0.010544385
0.010581583
0.011107505
0.01144543
0.011740994
0.011659721
0.011734345
0.012137133
0.011714414
0.011215991
0.01249191
0.011879256
0.010981104
0.011386597
0.011710774
0.0109357005
0.011547077
0.012290149
0.01194169
0.01232149
0.012501249
0.012297846
0.011399083
0.011249384
0.010581522
0.010538309
0.011208834
0.011430729
0.011400947
0.011704669
0.011664249
0.011049182
0.011422031
0.012496856
0.012046857
0.012146044
0.011971457
0.011887216
0.010801638
0.011236694
0.0106824525
0.010738555
0.010805944
0.011121417
0.010432115
0.010641135
0.010764208
0.010495395
0.010184235
0.010634489
0.0109527325
0.010880644
0.010910824
0.011237845
0.012213813
0.0117675755
0.012283451
0.012486706
0.01254499
0.011602621
0.011716044
0.011306185
0.011531539
0.011341665
0.011617782
0.0114994235
0.011836952
0.011413388
0.0115709705
0.013405237
0.014477511
0.014630492
0.013275945
0.013384853
0.011132939
0.01102279
0.011648561
0.0111660445
0.01112285
0.011436299
0.011633988
0.011753327
0.01170759
0.011590241
0.011383158
0.011287719
0.010837873
0.010936963
0.01074331
0.010768257
0.010942018
0.011338906
0.011111638
0.011358157
0.011633327
0.011551241
0.011208798
0.0115594
0.011529806
0.011618695
0.011478923
0.011734279
0.011600974
0.011214798
0.011098079
0.011493828
0.011353625
0.011193969
0.011763329
0.012296261
0.011619512
0.011143725
0.011739229
0.011663992
0.010566054
0.010816098
0.011177391
0.011028743
0.01038151
0.01062122
0.010493685
0.010408069
0.010394704
0.011097956
0.0111393295
0.011164819
0.011235935
0.01068031
0.010461932
0.010717231
0.010631714
0.010857902
0.011357879
0.011111703
0.011059522
0.011459768
0.011099962
0.010686926
0.011023457
0.010987605
0.010821877
0.011327335
0.011340458
0.011215354
0.011263218
0.011545804
0.011558377
0.011829407
0.012482629
0.012988187
0.0125320675
0.012360474
0.012493623
0.011815277
0.011698236
0.011670241
0.011510861
0.011076422
0.0111659495
0.010453288
0.011136437
0.01092774
0.011327586
0.011037608
0.011179675
0.011079786
0.01091108
0.01069323
0.011009233
0.010986477
0.01076423
0.011154981
0.011576919
0.011254471
0.011367138
0.01103514
0.011247337
0.011420708
0.011575974
0.011811465
0.012168272
0.012374045
0.011560259
0.011475631
0.011679998
0.011682202
0.0111939125
0.01172101
0.011940143
0.011742702
0.012487946
0.012676906
0.012243983
0.012371988
0.0122630205
0.011370013
0.012881643
0.013201075
0.013045804
0.012618841
0.012818175
0.011243535
0.011216873
0.011299552
0.012480001
0.012497332
0.012537331
0.012513084
0.012273139
0.011897648
0.011778719
0.01172834
0.011673116
0.0114398245
0.011060419
0.010656896
0.010730836
0.010541867
0.011048359
0.011207375
0.011388089
0.011262036
0.011290712
0.011103291
0.011084219
0.011351157
0.011180686
0.011535262
0.011387447
0.010887598
0.011033745
0.010453031
0.010319186
0.010338307
0.010086754
0.009465135
0.009923849
0.010019151
0.009995945
0.010660915
0.011016134
0.011401114
0.011102632
0.010978126
0.010541435
0.0103589175
0.010203263
0.010220675
0.010936175
0.01143153
0.011453364
0.01116331
0.011406114
0.011338111
0.0111906845
0.011643474
0.012672542
0.012533734
0.011594664
0.011455207
0.011922074
0.011472956
0.011185481
0.012111125
0.012802444
0.012147163
0.011622506
0.011784906
0.011321898
0.010288872
0.009833456
0.009939574
0.010048519
0.010166354
0.010042765
0.009974049
0.01014681
0.010096407
0.009792938
0.010499583
0.010533788
0.01058411
0.010455951
0.010473718
0.009956751
0.009939894
0.009563758
0.009527756
0.009922648
0.010266294
0.010580199
0.010930729
0.011037096
0.010599166
0.010334458
0.010278338
0.010252926
0.0110114105
0.011298887
0.0115429815
0.01178349
0.011748919
0.0106959
0.01065039
0.010664261
0.010426543
0.010326319
0.010488579
0.010506305
0.010736246
0.010486279
0.010709013
0.011090141
0.0113999965
0.011064884
0.011411427
0.011538244
0.011179141
0.011358787
0.01149182
0.011810627
0.0117136855
0.012200474
0.011983553
0.011714892
0.011108035
0.0110096885
0.010821708
0.010488356
0.011104555
0.011543988
0.011373337
0.011185985
0.011239156
0.010679443
0.010485204
0.0102139795
0.010407646
0.010938432
0.011129506
0.010853331
0.01105714
0.011018572
0.010595795
0.0106354235
0.010503061
0.010542531
0.010846054
0.010911569
0.010863965
0.010995647
0.011089356
0.011342336
0.011257217
0.0108567905
0.011290992
0.011355132
0.010689216
0.010796777
0.010917687
0.010353605
0.010089107
0.010045659
0.009900688
0.009678772
0.0093341535
0.009746241
0.010116393
0.010188321
0.010075798
0.010223625
0.011478653
0.011407655
0.010887767
0.011164622
0.011489707
0.010919973
0.010933129
0.010971047
0.011004528
0.010520014
0.010536339
0.010566516
0.010539276
0.010771826
0.010609217
0.010589762
0.010383014
0.012138827
0.011655983
0.011918691
0.011897354
0.012402472
0.011038923
0.011521115
0.011444876
0.011469133
0.011095118
0.010451799
0.010027377
0.01040174
0.010664713
0.011351559
0.0116831865
0.011488385
0.0114943115
0.0109550515
0.010713482
0.01020664
0.0104778
0.011123136
0.011004021
0.011546842
0.011507105
0.011037771
0.010305064
0.01099388
0.010751958
0.01039039
0.010876488
0.011468733
0.011646967
0.011240595
0.011446784
0.011048014
0.010159216
0.010585861
0.0104629705
0.010682678
0.011492582
0.012100334
0.011550339
0.011535742
0.011467672
0.010761116
0.010850921
0.011231358
0.0122325085
0.012723658
0.013401487
0.012748258
0.012390165
0.011124117
0.011265963
0.010943007
0.011342032
0.011340549
0.012175397
0.01154327
0.011832074
0.011784563
0.011982507
0.011423502
0.011630371
0.011278861
0.010674404
0.010400857
0.010341823
0.010283026
0.010042556
0.009897991
0.009925059
0.010190893
0.010320059
0.010393894
0.010544353
0.010424055
0.011037869
0.010565335
0.010357009
0.010239618
0.010161064
0.01062258
0.010564822
0.010635369
0.010470512
0.010416143
0.010545247
0.011047281
0.011057184
0.011442216
0.011274716
0.011076389
0.010487927
0.010508309
0.010478732
0.011004754
0.011176863
0.010819612
0.010929362
0.0106950775
0.01072014
0.01103786
0.011584272
0.011637899
0.011799017
0.011835937
0.01179537
0.0115474025
0.0117717385
0.011960686
0.011732784
0.011554973
0.01127932
0.0111834975
0.010860754
0.011015759
0.010558012
0.010158272
0.010385944
0.010289946
0.010382196
0.010013744
0.00996608
0.0104898885
0.01069698
0.010395193
0.010536878
0.010669538
0.010873424
0.010620025
0.0106669655
0.010143835
0.010198625
0.010177432
0.009932982
0.009682736
0.009799195
0.009748152
0.009832831
0.00996547
0.009555089
0.00959106
0.009609095
0.009446414
0.009211601
0.00915922
0.008912595
0.0095416615
0.009694336
0.009791413
0.009892438
0.009885975
0.010018118
0.010358862
0.010075781
0.010257594
0.010309646
0.010611963
0.011016054
0.010990466
0.010875764
0.0113388505
0.011755736
0.011380613
0.011715847
0.012119668
0.0119535765
0.011981631
0.012663502
0.013338638
0.012714891
0.012352045
0.0116542345
0.011337194
0.010916604
0.010287959
0.009963483
0.0100034885
0.01031304
0.010307036
0.01028662
0.010067788
0.010013738
0.010285384
0.010457667
0.010041852
0.009864822
0.00963875
0.009784838
0.010149197
0.009965727
0.009514896
0.009499388
0.009890012
0.009925785
0.009909326
0.009432968
0.009538841
0.009646017
0.010002952
0.009727016
0.00957848
0.010092016
0.010065181
0.01050203
0.010385458
0.0104907965
0.011069267
0.010310852
0.010136901
0.01063722
0.0104086995
0.010683006
0.01136439
0.012159674
0.010882537
0.010376222
0.010002996
0.00989224
0.010234611
0.009777198
0.010784963
0.011509018
0.011478392
0.011198401
0.010949755
0.0107798595
0.010837098
0.010486905
0.0107263755
0.010864763
0.011027431
0.011311366
0.010472859
0.010765286
0.011142995
0.0112346
0.010657938
0.010463931
0.011301938
0.010699209
0.010205635
0.009803534
0.0097101
0.01009565
0.009967492
0.010272584
0.01067931
0.01059012
0.010308789
0.0102815
0.009894176
0.009275035
0.009138915
0.009131492
0.009477659
0.009591767
0.009664022
0.010144005
0.010522218
0.0106886495
0.0103231305
0.010332114
0.010491894
0.010565775
0.010295655
0.010554085
0.010854135
0.010735403
0.010887107
0.010970711
0.011187481
0.011444641
0.011334595
0.0109093925
0.011248859
0.010884358
0.010996106
0.010808285
0.011096417
0.010830083
0.010870473
0.010768335
0.010722339
0.010693587
0.010599904
0.01020821
0.010235425
0.010330784
0.010098907
0.010174871
0.009915415
0.010169334
0.010422668
0.0102895
0.010191634
0.0101836175
0.010168951
0.010445429
0.010934587
0.010860224
0.011011482
0.011058831
0.011628997
0.011164629
0.010712575
0.0102049755
0.010114009
0.010196367
0.010155297
0.010402976
0.010305637
0.01009702
0.01003346
0.009821865
0.009839732
0.009526584
0.009319481
0.009430102
0.010389278
0.01069788
0.011105962
0.010692225
0.011079312
0.011057641
0.010802995
0.01034063
0.009811475
0.009482546
0.00987777
0.00966596
0.009675284
0.010053883
0.009870341
0.009794468
0.010104172
0.010349214
0.010187775
0.010117188
0.009841748
0.010220718
0.010758988
0.01041531
0.00973852
0.010053205
0.010344231
0.0104493415
0.010134811
0.0098157795
0.009768518
0.00977959
0.009874331
0.009692764
0.010033475
0.009805739
0.009488364
0.00998741
0.010202681
0.009821157
0.009794555
0.0095122075
0.0096146865
0.009849193
0.009388308
0.009452085
0.009928993
0.009741683
0.00955493
0.009578023
0.009741633
0.009853168
0.010361231
0.009725656
0.010030672
0.00994884
0.010060505
0.010122532
0.010085669
0.009610629
0.009895324
0.009362672
0.00988358
0.010144324
0.010110882
0.010338358
0.0103767635
0.010300614
0.010404033
0.00992861
0.009711263
0.009822236
0.00977276
0.009467757
0.009923461
0.010169099
0.010274604
0.0103728715
0.009897407
0.009999095
0.01008958
0.009743064
0.009578169
0.009530924
0.00952747
0.009590216
0.009592379
0.0093572615
0.009543435
0.010019567
0.01028319
0.010392303
0.010430111
0.010262965
0.010626298
0.010391068
0.010279474
0.01013447
0.010024478
0.010260659
0.010302164
0.00993397
0.010158353
0.010214303
0.010495863
0.010220511
0.010286498
0.010223073
0.010732141
0.010662818
0.010315111
0.00997133
0.010125732
0.010080889
0.00959289
0.00942116
0.009261084
0.0095363455
0.009436974
0.009301352
0.009299742
0.009704011
0.00988288
0.010132881
0.010164898
0.010123002
0.010369576
0.010302111
0.010423086
0.010104787
0.010089825
0.010979079
0.011480115
0.011597123
0.011743972
0.012656177
0.012542319
0.01182258
0.01105127
0.010702246
0.010600108
0.010575408
0.010470483
0.010829802
0.010564518
0.009944522
0.010105288
0.009888339
0.0099461805
0.010184094
0.009795983
0.010260175
0.010743696
0.011566508
0.011920715
0.011753113
0.011613947
0.011736942
0.011319671
0.011195749
0.01016043
0.009893278
0.009563715
0.0097901765
0.0098202415
0.010020306
0.009995074
0.0102544315
0.010096483
0.010635508
0.010327992
0.010200584
0.010584153
0.010360726
0.010264181
0.0108353635
0.010628028
0.011498152
0.011452014
0.010808367
0.010834174
0.010858306
0.010188208
0.010224961
0.009597606
0.009755084
0.009868107
0.010190298
0.010376345
0.010650607
0.010396102
0.010248212
0.010015816
0.010488729
0.010185585
0.009746351
0.009807874
0.010289502
0.010321397
0.010727906
0.01014075
0.010081439
0.010294578
0.01051941
0.010372633
0.010444987
0.010111593
0.010236512
0.009918823
0.009758172
0.009412713
0.009364478
0.009449274
0.009455786
0.009574957
0.011040837
0.011515069
0.011505863
0.011607071
0.011616288
0.012440072
0.012270092
0.011438171
0.011569953
0.011462037
0.011424807
0.011089076
0.010497907
0.010686736
0.010635069
0.01024403
0.010490785
0.010196678
0.01028906
0.010421099
0.010308435
0.010235468
0.0099365115
0.0097432425
0.010344878
0.010033695
0.0102897035
0.010208731
0.009940462
0.010075078
0.009908223
0.009615395
0.009353934
0.009322664
0.008963589
0.008837781
0.009093518
0.009298081
0.009588746
0.009643481
0.01032354
0.009952547
0.010227963
0.010589688
0.010326724
0.010258278
0.010443191
0.010277899
0.010442417
0.010314401
0.010104983
0.010208999
0.009782272
0.0100537315
0.009883045
0.010095487
0.00995191
0.010209632
0.010162295
0.010426346
0.01025844
0.010237366
0.010137984
0.009748686
0.00999221
0.009951368
0.010748743
0.010418672
0.01057112
0.010520526
0.010573975
0.01013682
0.010718718
0.009849776
0.009806896
0.009533886
0.009387039
0.009595691
0.009378793
0.009543835
0.009160654
0.009172939
0.009256933
0.009520331
0.009705961
0.009997972
0.010132589
0.010236113
0.010284397
0.010253294
0.010209722
0.009824597
0.009880581
0.01021103
0.010224076
0.010527113
0.010911653
0.010763156
0.011006562
0.0106341755
0.010757949
0.010452419
0.010324883
0.010234824
0.010606655
0.010493396
0.010948854
0.010753393
0.010595786
0.010894
0.0111615565
0.010765083
0.010971701
0.011492796
0.011201968
0.011992535
0.011677344
0.011592534
0.011899514
0.011692438
0.011152613
0.011566221
0.010908306
0.010654014
0.010290502
0.010342687
0.010397132
0.009942555
0.010168668
0.009868526
0.011109977
0.011397003
0.011049414
0.010951221
0.011047092
0.011134904
0.011101094
0.0107867755
0.010176185
0.010243574
0.0100719705
0.010003748
0.009479239
0.0094389375
0.009329628
0.009570048
0.009275118
0.009030692
0.009353389
0.009662751
0.010242085
0.009606647
0.009603963
0.009492345
0.009525721
0.009609819
0.0098162275
0.009351314
0.009476897
0.010077955
0.009950843
0.009944738
0.009985554
0.010066692
0.009846249
0.010010129
0.010195772
0.010221955
0.010333327
0.010761124
0.010571306
0.010280003
0.010581346
0.010303062
0.009978389
0.010118966
0.009977046
0.010799913
0.01141154
0.011462591
0.011767244
0.012191931
0.012382858
0.011915871
0.012188321
0.011141749
0.010846466
0.010519677
0.010300775
0.01017788
0.010074573
0.0104452595
0.010031679
0.009803549
0.0101590175
0.010223322
0.010539006
0.010243349
0.010169437
0.0102380635
0.0099083
0.010121665
0.010161674
0.010334932
0.010483723
0.010214592
0.009701357
0.009668687
0.009656407
0.009458278
0.009419245
0.009632147
0.009445576
0.009603492
0.010216848
0.010364291
0.0108163925
0.011404273
0.011687408
0.011698675
0.0115524195
0.011691952
0.01147718
0.011108611
0.010764703
0.010547601
0.010478617
0.010640664
0.011108768
0.011375392
0.011503463
0.011604164
0.011430578
0.011582521
0.011408619
0.010826423
0.010387828
0.010086143
0.010063356
0.009967898
0.010120366
0.010118928
0.010485841
0.010842289
0.011030891
0.0115781
0.011438766
0.011380474
0.01111576
0.011111036
0.010755143
0.01110708
0.010747251
0.010411636
0.010432639
0.010450674
0.010646753
0.010479014
0.010614711
0.010743232
0.011097782
0.011158908
0.012632479
0.012585133
0.012063106
0.011820152
0.012503255
0.01190578
0.011772916
0.010817517
0.009675944
0.00980174
0.010250782
0.0102812
0.010031781
0.0101458505
0.0106475875
0.010915974
0.011016066
0.010915503
0.01077728
0.01058913
0.010618699
0.010756398
0.010183618
0.010281001
0.010554184
0.010558063
0.010198204
0.010041814
0.009889148
0.00965286
0.009976105
0.010100258
0.0096662
0.009721244
0.009829376
0.010018884
0.01017669
0.010288567
0.010366071
0.01045353
0.011034271
0.010612461
0.010127964
0.009976432
0.009928021
0.010154547
0.010021907
0.010142306
0.010371577
0.010726388
0.011049827
0.010918404
0.010864508
0.010878918
0.010931731
0.0108879255
0.010801971
0.010278582
0.010084154
0.010480156
0.010711668
0.010756942
0.010814316
0.01042553
0.010660251
0.010871065
0.0111171575
0.010744343
0.010401276
0.010223381
0.010070459
0.010253595
0.010441162
0.0102513
0.010057226
0.0101307975
0.0102966335
0.010211417
0.010312415
0.010042672
0.009921978
0.009759258
0.009762523
0.009706599
0.009756578
0.0095100785
0.009798568
0.009980486
0.010222927
0.010130064
0.010489974
0.010511599
0.010889137
0.011249578
0.011106967
0.010754139
0.01097683
0.01131226
0.011373399
0.011275382
0.011029159
0.0114696035
0.011382751
0.011499096
0.011363395
0.011311167
0.011155766
0.011296102
0.0113419285
0.01148189
0.0114188
0.011170008
0.011057991
0.011164898
0.011172043
0.010983106
0.010835015
0.010788625
0.011229454
0.010874673
0.010831137
0.010780722
0.010924162
0.011579166
0.011729428
0.011929872
0.012147267
0.012835394
0.012561646
0.012152499
0.0122256195
0.011795803
0.01149313
0.011102296
0.010530485
0.010176677
0.010169465
0.0103437975
0.01023592
0.009883373
0.009887042
0.009815228
0.010112686
0.009969661
0.010717218
0.01076306
0.010847402
0.010891193
0.011314374
0.011465862
0.010934849
0.011423994
0.011307731
0.010849983
0.010647138
0.010737008
0.010118044
0.010192454
0.010352994
0.011061688
0.010919511
0.010940976
0.010665776
0.010677401
0.01036015
0.010846191
0.01069783
0.011154136
0.010977119
0.010919329
0.010910387
0.011338535
0.011881226
0.011530453
0.011623129
0.011300088
0.010971505
0.010522996
0.010604254
0.010341734
0.009931006
0.009829337
0.009753331
0.010026951
0.010128398
0.010179674
0.009892481
0.010392642
0.010853678
0.0111873755
0.011856246
0.011787194
0.010942055
0.011008268
0.010808721
0.011049703
0.010489528
0.009831877
0.010792952
0.010591399
0.010917003
0.011106889
0.010739767
0.010536322
0.010665171
0.0105171725
0.010679315
0.009083371
0.009042319
0.0092717
0.009042762
0.009251179
0.009271052
0.009475293
0.009872796
0.010104869
0.010532322
0.010790208
0.011085956
0.011126814
0.01112838
0.01087218
0.01079773
0.011046875
0.010926617
0.010868806
0.010677631
0.011335145
0.011318191
0.011974339
0.012165517
0.01199106
0.0122925555
0.01302901
0.013404628
0.012040811
0.011571736
0.011081468
0.0106244525
0.010455823
0.01026633
0.009933978
0.009281874
0.009560622
0.009554372
0.009529957
0.00981106
0.009888934
0.009781891
0.009800455
0.009475269
0.00983564
0.00991296
0.010224942
0.010260176
0.010331773
0.010419729
0.010314452
0.009936717
0.009869052
0.009963192
0.009857864
0.009457451
0.009638194
0.009370562
0.009398115
0.009518205
0.009707598
0.010019605
0.010122062
0.0104745645
0.010743788
0.01062722
0.010985637
0.010850086
0.011021808
0.011222276
0.01122687
0.011272863
0.011373768
0.011425388
0.011262308
0.010839593
0.010814629
0.010985713
0.010764523
0.010458815
0.010271874
0.0099712545
0.009805023
0.010253862
0.010093759
0.010431616
0.010055713
0.010519909
0.011012157
0.011329326
0.011161266
0.01176613
0.011719912
0.011894729
0.011812664
0.011672204
0.011629632
0.011716714
0.011583845
0.011335029
0.010574993
0.010549793
0.010679053
0.010420672
0.010434001
0.010347942
0.010024929
0.009979976
0.010381827
0.010760189
0.010991912
0.010833685
0.010911221
0.011103851
0.010666717
0.010767793
0.010546653
0.010421152
0.010275782
0.01040608
0.011176207
0.011342475
0.011099319
0.011360549
0.011090647
0.011013619
0.010834199
0.010881956
0.0101964185
0.010042925
0.009175276
0.009488375
0.009351442
0.009427645
0.009372643
0.009583342
0.009631945
0.0094650285
0.009559076
0.009814518
0.009998688
0.010227523
0.0101573095
0.010130545
0.010096786
0.010154317
0.009987622
0.010220607
0.010279112
0.010263069
0.010259121
0.010196708
0.010223721
0.010440327
0.010552958
0.010767358
0.011056583
0.011250843
0.011174822
0.011330068
0.011485264
0.011550916
0.011633362
0.011452523
0.011370341
0.010899219
0.0109376535
0.011157799
0.011008363
0.010886382
0.010749142
0.010824598
0.010533566
0.0108446395
0.011020596
0.0109795565
0.010372351
0.010976693
0.010540159
0.010260802
0.010440338
0.010653976
0.010549358
0.01055361
0.010532902
0.011113301
0.010654134
0.011108648
0.011581206
0.011267248
0.011423193
0.011159734
0.010768233
0.010967005
0.010682274
0.010738989
0.010333349
0.01022114
0.01025812
0.01017779
0.010330021
0.010405812
0.0102835875
0.01021979
0.010134327
0.010217916
0.010501438
0.010231431
0.010144948
0.009894886
0.010098183
0.010337448
0.010337888
0.010192638
0.010641495
0.0101379575
0.01037019
0.010632868
0.010737805
0.0110552255
0.0111771645
0.01078432
0.010924573
0.010202006
0.010321918
0.010581552
0.01042549
0.010442427
0.010490303
0.010378992
0.010819131
0.010633924
0.011222666
0.011344551
0.010749905
0.011242765
0.011130618
0.011006389
0.011244276
0.010969093
0.011070864
0.0107143475
0.010587822
0.010630135
0.010320028
0.010522646
0.01034855
0.010680979
0.010406361
0.0108677
0.010821201
0.010963381
0.011498238
0.011094293
0.011135917
0.011573809
0.010865508
0.011173373
0.010710625
0.01078819
0.01064607
0.010450257
0.010915152
0.010717308
0.0103255985
0.010774162
0.010777997
0.010523831
0.010665979
0.01049315
0.0107365195
0.010398722
0.010406616
0.010608272
0.01033489
0.010150317
0.010052855
0.010437181
0.010655407
0.011031787
0.010380146
0.010536576
0.010419296
0.010390897
0.01065022
0.010473222
0.0105489055
0.0103759235
0.009865804
0.009526826
0.009510555
0.0093854675
0.009612118
0.009541911
0.0094364565
0.009349557
0.009201123
0.009507488
0.009803928
0.010043114
0.010064728
0.010394793
0.010820069
0.010817718
0.010945125
0.011157825
0.011728412
0.011266016
0.010913254
0.010931955
0.01119141
0.011052507
0.010532947
0.010153494
0.010249916
0.010355671
0.010021458
0.01010002
0.010054685
0.01032616
0.010279643
0.010623312
0.010376404
0.010355731
0.01024029
0.01016473
0.010207279
0.01043578
0.010659893
0.010789009
0.010761214
0.010921235
0.011191998
0.010981383
0.010925757
0.011260923
0.011152174
0.010901216
0.010696966
0.01083176
0.010732323
0.010966488
0.011503077
0.011898077
0.01138331
0.011189289
0.01103598
0.011370386
0.011089791
0.011039087
0.010655626
0.010259812
0.009725501
0.009403881
0.009672306
0.009686973
0.010070806
0.009846722
0.009914539
0.009948676
0.009864029
0.0102706235
0.010767093
0.010371617
0.010680471
0.010502848
0.010655671
0.010530132
0.010612021
0.01071745
0.010844857
0.010929902
0.011497921
0.011315022
0.011364919
0.011381685
0.011461393
0.011194585
0.0110946745
0.010849845
0.010875498
0.010622787
0.010824289
0.010743452
0.010602183
0.010610978
0.010169737
0.010296052
0.010510752
0.010673158
0.010546225
0.010731232
0.01070365
0.010510825
0.010804301
0.010799345
0.011215817
0.011023972
0.010690035
0.010637501
0.010682111
0.0109310215
0.012821274
0.013310947
0.013167517
0.014123029
0.0143867275
0.014812661
0.015199767
0.014928783
0.014855236
0.013572987
0.011371985
0.011621325
0.011871947
0.011556942
0.0110481195
0.01089378
0.011008852
0.011121632
0.011157193
0.011355511
0.010984594
0.010865617
0.010874204
0.010822295
0.011171414
0.011291908
0.011158893
0.011722652
0.011451432
0.011416687
0.011365416
0.011243744
0.010998579
0.011104021
0.011237663
0.011157599
0.010973792
0.010774022
0.010696308
0.010826637
0.010935214
0.011441377
0.011183553
0.011461446
0.011257873
0.01063774
0.010576113
0.010887604
0.010642502
0.010831438
0.010636167
0.0103672845
0.010610137
0.0110494075
0.010795528
0.011454038
0.011781292
0.011044963
0.010960471
0.011000977
0.010840618
0.010662815
0.0114103295
0.011070904
0.010735701
0.010282821
0.010159796
0.010583969
0.010952228
0.010823678
0.010776548
0.010685744
0.010891029
0.010641953
0.010660474
0.010739506
0.010866948
0.01053746
0.010182257
0.009835975
0.009697923
0.009956729
0.010256051
0.010198847
0.0102146445
0.010568823
0.010386629
0.01018108
0.010468299
0.010555298
0.011209735
0.011327549
0.01139193
0.011357215
0.011284359
0.0108497655
0.010744376
0.010599467
0.010968705
0.010827577
0.010772838
0.010442012
0.010919757
0.0108302655
0.011226441
0.011561021
0.011898298
0.01232987
0.012128602
0.012579969
0.012986608
0.013273827
0.013141321
0.012620538
0.012370486
0.011738269
0.01182278
0.012016523
0.011771911
0.011666937
0.0118712075
0.0115341935
0.011760273
0.011384768
0.0108258305
0.0109767355
0.010817481
0.010897616
0.010864151
0.011453073
0.011351255
0.010928528
0.010952588
0.011295472
0.011963987
0.012120681
0.012173571
0.012792535
0.012954523
0.012368887
0.012035424
0.01212586
0.011900684
0.011757645
0.011875262
0.01204973
0.011894214
0.01132075
0.011195528
0.011590214
0.0121001145
0.01178584
0.01191739
0.011588886
0.011243066
0.010769158
0.010732207
0.0105943885
0.0107982345
0.010806601
0.010547293
0.010587176
0.010599763
0.010287173
0.010200886
0.010301479
0.010667839
0.0105971545
0.010425358
0.00998413
0.010035172
0.009769389
0.01028631
0.0105373645
0.010581788
0.011264295
0.011181574
0.011091062
0.011232844
0.011621992
0.011605108
0.011654618
0.011951653
0.011959355
0.011346824
0.011765869
0.011452072
0.011461283
0.011414892
0.011293173
0.010892321
0.011083481
0.011055816
0.010929322
0.010668652
0.010785652
0.010456915
0.010359323
0.01045103
0.010290586
0.010699176
0.011009297
0.010923232
0.010953814
0.011286527
0.011370253
0.01155459
0.012117401
0.012359897
0.012829947
0.012582226
0.012656639
0.012656373
0.013890608
0.013387673
0.01311323
0.012862947
0.012035083
0.011415617
0.0111514665
0.010857029
0.011297943
0.011130922
0.011095088
0.00999884
0.010031062
0.010253273
0.010630767
0.010763331
0.010584403
0.01066966
0.010845744
0.010385638
0.0107213
0.010774347
0.011239722
0.011662417
0.011306606
0.011584537
0.011519645
0.011827918
0.0118113635
0.011812381
0.011627067
0.0116618145
0.01148192
0.011063059
0.010742506
0.010913129
0.010482503
0.010478827
0.010696594
0.010467432
0.010509594
0.010843709
0.010524806
0.010562306
0.010328778
0.011264191
0.011597346
0.011782024
0.011909233
0.0114138
0.011561622
0.011753917
0.011372594
0.011601211
0.011571924
0.011769439
0.011128957
0.010685809
0.01064914
0.010605997
0.010704499
0.010583075
0.010483518
0.010283581
0.010360495
0.010336791
0.01042029
0.010598241
0.010814691
0.010615075
0.01123518
0.011298626
0.011343009
0.011107284
0.011247575
0.01116293
0.011383144
0.011722476
0.011195927
0.010989977
0.011891425
0.01147941
0.01115767
0.01122302
0.011860391
0.0119635975
0.011942421
0.0116936965
0.01113315
0.010966766
0.011257335
0.0109400265
0.01046651
0.010444203
0.010341752
0.011580156
0.0113179395
0.011144074
0.011247153
0.011269263
0.011636502
0.011336761
0.011531447
0.011603568
0.011183162
0.011220453
0.0116767455
0.011811965
0.010796063
0.011106106
0.01090857
0.01085736
0.011321405
0.011300952
0.011629139
0.011880525
0.0121246
0.011512544
0.011548628
0.012149861
0.012063947
0.012357733
0.012248538
0.012051696
0.0118829645
0.011520932
0.011673059
0.011603104
0.011875106
0.01175592
0.010951915
0.010683125
0.010624796
0.010664701
0.010728946
0.010822507
0.010701022
0.010820304
0.010529357
0.010435458
0.010877346
0.010852472
0.010891044
0.011108719
0.010933725
0.010881133
0.0110760415
0.011327913
0.011613449
0.011567124
0.011828499
0.01192571
0.011331437
0.011231367
0.011264761
0.011511636
0.011687634
0.011914096
0.011443293
0.011152878
0.011665079
0.011634637
0.011887797
0.012046059
0.012000076
0.012036324
0.011844187
0.01163374
0.011578157
0.011908404
0.011796368
0.011220117
0.011076449
0.010959317
0.0106180925
0.010333479
0.010386054
0.010497208
0.010685235
0.010948184
0.010833907
0.010629099
0.010935557
0.011182521
0.011050267
0.010734044
0.01109893
0.011449557
0.011640162
0.011542147
0.011209419
0.01094426
0.01070755
0.010738471
0.010539437
0.010085449
0.010430723
0.010874468
0.010709496
0.010391506
0.010163004
0.010052476
0.010068593
0.01059757
0.010445027
0.010438663
0.0113911675
0.011846721
0.01123564
0.011243621
0.011325411
0.011234813
0.011563287
0.012221616
0.012388005
0.011919468
0.012133413
0.012330167
0.011282603
0.0106562935
0.01069821
0.010797841
0.010491801
0.011034906
0.01192049
0.011406651
0.0113328155
0.011455727
0.011351053
0.011441614
0.012170015
0.012240036
0.012476244
0.01221422
0.012232794
0.012170046
0.0118968105
0.011271463
0.011749249
0.011330251
0.011153789
0.010920603
0.010987713
0.0116902385
0.01190095
0.012470408
0.012370397
0.012296916
0.01248766
0.012223153
0.012183681
0.012427573
0.012381843
0.012520898
0.011917157
0.011452594
0.010892151
0.0111543825
0.010858956
0.010894922
0.010632501
0.010740909
0.011066191
0.011096749
0.011038988
0.010994368
0.011453566
0.011921876
0.011860614
0.0118032545
0.011203063
0.011576517
0.011875981
0.011961984
0.011569109
0.011674756
0.011782674
0.01200122
0.012067381
0.012198856
0.012459393
0.012112796
0.012265383
0.012034054
0.012246271
0.012258406
0.012538653
0.01225565
0.012310013
0.011801528
0.012232714
0.012102151
0.012523879
0.0123715075
0.012212507
0.0123991305
0.012433497
0.012408452
0.012192744
0.012506539
0.012593491
0.011888765
0.012330831
0.012129986
0.012310414
0.012478197
0.012236367
0.012373154
0.012007188
0.012288228
0.011939538
0.012033377
0.012235961
0.011808217
0.011615348
0.011409863
0.011153032
0.01112071
0.011399599
0.011986375
0.011681768
0.011676681
0.011509725
0.011704219
0.012206933
0.011787504
0.011721678
0.012024517
0.012508936
0.012287761
0.012279869
0.012252683
0.012302383
0.012325345
0.012782618
0.01234292
0.01275198
0.012855214
0.0127624925
0.012021845
0.011330019
0.011393814
0.011470339
0.011246176
0.011143112
0.010623695
0.010284864
0.01040993
0.010401886
0.010317875
0.010240944
0.010825151
0.011504756
0.011829686
0.012066576
0.011908322
0.012261549
0.012201218
0.011733365
0.01178132
0.01172755
0.011843228
0.011801856
0.012048335
0.011296224
0.010934078
0.010704955
0.010421232
0.010859483
0.010627898
0.010920087
0.011093702
0.011082052
0.011107672
0.011188906
0.011173575
0.011343633
0.011525853
0.011396956
0.012219727
0.012580662
0.0123588955
0.011672227
0.01134688
0.010839059
0.010874514
0.010780255
0.010530505
0.010805991
0.010793475
0.010449257
0.01066079
0.01109476
0.010316676
0.010461616
0.010782698
0.011192154
0.011267218
0.011366064
0.011254137
0.011640111
0.011818739
0.011913582
0.011698167
0.01171271
0.011425365
0.011510868
0.011950841
0.0117434645
0.013010114
0.0135951545
0.013761306
0.013986189
0.013290864
0.013460797
0.013426929
0.01347427
0.013446942
0.013333448
0.013206752
0.013300581
0.013044068
0.011735957
0.011947328
0.011481709
0.011682445
0.011396073
0.011868359
0.0117532695
0.011913523
0.011848651
0.011550601
0.011563174
0.011169671
0.011775824
0.011903826
0.011867375
0.01193741
0.011849798
0.01224495
0.011976381
0.012016808
0.01206377
0.012055571
0.012200423
0.011975306
0.012170785
0.011798148
0.011674978
0.011425887
0.0113702975
0.011660552
0.011707843
0.01175466
0.011692655
0.011769988
0.011884241
0.012221257
0.012651137
0.012210468
0.0120277
0.012251091
0.012418746
0.012535807
0.012159792
0.012237894
0.01212521
0.01245781
0.012164341
0.0117642805
0.011382788
0.011179433
0.011777238
0.012017261
0.012082388
0.01161034
0.011438992
0.011789979
0.01121957
0.010836554
0.011049508
0.010963742
0.011193831
0.011219898
0.010821747
0.0107010035
0.010133228
0.009960428
0.009929781
0.009862307
0.009907577
0.009780665
0.009738175
0.010060856
0.009756016
0.009868317
0.009702635
0.009515735
0.009581451
0.0097611565
0.009787801
0.010366556
0.010744651
0.010744134
0.010697711
0.010338884
0.010441377
0.010449875
0.010517355
0.011174195
0.011460797
0.0114110345
0.011053683
0.011164516
0.011100113
0.01116818
0.011046731
0.010926536
0.010738346
0.011102848
0.011488866
0.011536985
0.011554253
0.011494311
0.011095897
0.011126764
0.011499158
0.0112571595
0.011233899
0.010947805
0.011014691
0.011179309
0.011137494
0.011528323
0.011293763
0.011447835
0.011647498
0.011586154
0.011705889
0.011692103
0.011783646
0.012408197
0.012205862
0.012364031
0.012105282
0.0117413215
0.011722446
0.01187412
0.011882801
0.011428527
0.011455374
0.011361023
0.011329374
0.0115408255
0.0113563035
0.010801686
0.011118629
0.011563306
0.011830675
0.012110477
0.011741997
0.011450335
0.011132735
0.011328441
0.011991809
0.0120078605
0.011898205
0.011764833
0.01100198
0.011417137
0.01151168
0.011130251
0.010569955
0.01033377
0.010673847
0.010750281
0.0107160015
0.01103815
0.011022989
0.010746787
0.010604328
0.010466835
0.010615763
0.011004212
0.011132426
0.011154187
0.011248225
0.011603209
0.012300705
0.012275807
0.012470423
0.012258975
0.012350714
0.012108221
0.0123972
0.012260786
0.012473121
0.0122901555
0.011968391
0.011685905
0.01216795
0.012379767
0.012568336
0.011802489
0.011741123
0.011562026
0.011504132
0.011539246
0.011329606
0.011488262
0.011292764
0.011527407
0.011349189
0.011345895
0.011262023
0.010793441
0.01065589
0.010741846
0.01051231
0.010557617
0.010528091
0.0107888365
0.010943288
0.010928458
0.010910817
0.011050581
0.010850945
0.0112290485
0.011205321
0.011236899
0.011021167
0.010852502
0.010833596
0.01139426
0.011524146
0.011364333
0.011496153
0.011576006
0.011570484
0.011520927
0.0116919
0.011833557
0.011786315
0.011989606
0.011986152
0.011997292
0.0121206185
0.012704083
0.012804729
0.012891422
0.01343355
0.013079154
0.013552842
0.013662203
0.013335536
0.012951227
0.012971803
0.012345622
0.01188574
0.011485382
0.011834953
0.0116608245
0.011025033
0.011091493
0.011385579
0.010692417
0.010542111
0.010332442
0.010187378
0.009998378
0.00993956
0.009955719
0.010384678
0.010402432
0.010745942
0.010999464
0.010755141
0.010706282
0.010692076
0.010586349
0.010136851
0.010687967
0.010627033
0.010710091
0.010511674
0.010727684
0.011050923
0.011282733
0.011403753
0.011530427
0.011737227
0.011573614
0.012010901
0.011944125
0.012336747
0.012351173
0.01235818
0.011731939
0.011539106
0.011645294
0.011996281
0.011803666
0.01137365
0.011257283
0.011215482
0.011325013
0.011379762
0.011494152
0.0115673095
0.011355424
0.0112793725
0.011332946
0.011528987
0.011673906
0.011757282
0.011597254
0.011564196
0.011850496
0.011939344
0.011884402
0.011435934
0.011417991
0.011094334
0.010598721
0.010672664
0.010631522
0.010446143
0.010281482
0.010364163
0.010649576
0.010481878
0.01050158
0.010479564
0.010560823
0.01033113
0.010404774
0.010579617
0.010764108
0.010582349
0.010818543
0.01087409
0.011004516
0.01147103
0.011750237
0.011670786
0.011331111
0.011260155
0.0113720205
0.011047389
0.011163108
0.01119087
0.011063667
0.01110823
0.011503158
0.011399651
0.011626087
0.011504068
0.011540923
0.011274899
0.010909193
0.010854508
0.0107075125
0.010889441
0.010646343
0.010605134
0.010950785
0.011067963
0.011309229
0.011181962
0.011477214
0.0109930895
0.011006789
0.010764504
0.010892134
0.010831337
0.01105896
0.011140527
0.011305365
0.011642588
0.012291535
0.012559252
0.012400587
0.012177332
0.012339606
0.011811926
0.011803422
0.0117768375
0.011782451
0.011494027
0.012184939
0.012414265
0.011919776
0.0118721435
0.011692656
0.011512291
0.0110770995
0.011328451
0.010623314
0.010797956
0.011022129
0.011047815
0.011656828
0.012325975
0.012405054
0.012886292
0.01249014
0.011865638
0.012243592
0.0125993015
0.012582783
0.01248357
0.012608597
0.012160518
0.012038358
0.011831375
0.011977044
0.0116108
0.011217391
0.01122933
0.01110633
0.010313523
0.010838763
0.010818228
0.011151531
0.01133543
0.011350308
0.01137721
0.011557355
0.01208357
0.012076351
0.012301556
0.012109272
0.0119501045
0.011972835
0.012592147
0.012213616
0.012318301
0.012752615
0.012311442
0.011533501
0.011479903
0.011607385
0.011765193
0.012184428
0.012416381
0.012058294
0.012046059
0.011910339
0.011972234
0.011950096
0.0121622365
0.011747181
0.01162126
0.012694369
0.01319378
0.01349665
0.0138366055
0.013801394
0.013092514
0.012581073
0.012409377
0.012365786
0.012201858
0.012273889
0.012203384
0.012135185
0.0122162355
0.011916015
0.012053794
0.01244575
0.012206744
0.011232284
0.010817696
0.010506747
0.011394471
0.011445651
0.011769672
0.011365259
0.011044704
0.0106267575
0.010614111
0.011071107
0.010831588
0.011250574
0.011511785
0.011969726
0.011953688
0.011770319
0.011961766
0.012017338
0.012094748
0.012091515
0.011962478
0.010916906
0.011153864
0.011237174
0.011352759
0.01187187
0.011890864
0.011902388
0.012095316
0.012237566
0.011976071
0.011706395
0.0113906255
0.011460047
0.011433157
0.011277552
0.011405497
0.011280203
0.011676971
0.011927938
0.0118679805
0.0117393555
0.011885558
0.012172306
0.012420977
0.012573252
0.012490463
0.012172571
0.012600137
0.012804104
0.012812322
0.012711582
0.012429074
0.012328735
0.012611574
0.013112881
0.012962226
0.0124974325
0.012582051
0.012495875
0.012389806
0.0125412615
0.011641838
0.011819156
0.011710971
0.011829831
0.011567798
0.011312011
0.011334391
0.011234343
0.011554934
0.011683848
0.011352583
0.0112398
0.010708255
0.0106081385
0.010491512
0.010332506
0.010478401
0.010582516
0.010676491
0.010371698
0.010641751
0.010575438
0.01038497
0.01079445
0.010540963
0.010672154
0.010593734
0.010587655
0.010831922
0.010634073
0.010791768
0.010703018
0.010807345
0.01115998
0.011455348
0.011917799
0.011679638
0.0115295965
0.011536279
0.011621474
0.011317822
0.01126384
0.011502523
0.011442921
0.010959809
0.011082174
0.010855889
0.010869788
0.010778206
0.010667152
0.01048844
0.010422583
0.010275924
0.010474943
0.010529
0.010228547
0.009791712
0.009801078
0.01053027
0.010666093
0.010696964
0.01058622
0.010710482
0.010713334
0.010873894
0.010908532
0.0110283485
0.0111503275
0.011122222
0.011401485
0.011209953
0.011225769
0.0110181905
0.010982014
0.011509627
0.011393698
0.011407464
0.011502887
0.011469489
0.011453311
0.011342884
0.01056354
0.01018006
0.010235152
0.01014534
0.009946113
0.009982303
0.009916791
0.009938495
0.009748984
0.009846164
0.010193517
0.010115662
0.010020469
0.0101369275
0.010649383
0.010152835
0.010087268
0.011126486
0.0113770645
0.0113352565
0.011172912
0.011189318
0.011252893
0.011440899
0.011340141
0.011250143
0.011818064
0.011348837
0.011218054
0.011218
0.011148655
0.01139567
0.011320116
0.010920997
0.010728307
0.011121424
0.010747437
0.010233111
0.0101771355
0.010292139
0.010270986
0.010192978
0.009165987
0.009177175
0.009444761
0.009459026
0.009523261
0.009625452
0.009777587
0.0094940625
0.009481318
0.00974134
0.009932504
0.009897424
0.009696088
0.009674414
0.009622583
0.010012517
0.009899173
0.009888032
0.009954376
0.009908008
0.010234611
0.010316408
0.010341831
0.010367584
0.010587143
0.01081758
0.011047502
0.010724356
0.010915454
0.01094765
0.010861292
0.010896725
0.011301815
0.011740202
0.011626492
0.011997164
0.011730545
0.011970222
0.011674119
0.011573294
0.01228534
0.012853289
0.0126140285
0.012823128
0.0129058175
0.012205556
0.01198328
0.01155768
0.01153254
0.011526069
0.01141578
0.011169715
0.010990778
0.010748041
0.010846112
0.010686522
0.010500927
0.009986195
0.009768196
0.009933124
0.009714421
0.009666343
0.009778579
0.009698541
0.009118738
0.0089980215
0.009338091
0.009001749
0.008969645
0.009227731
0.00943882
0.009536412
0.009459714
0.00939819
0.009369054
0.009373839
0.009582406
0.009804555
0.010169439
0.009982595
0.010029539
0.010280255
0.010266039
0.010524743
0.010905564
0.011039635
0.010968734
0.0109223155
0.010939365
0.011075291
0.011158712
0.0109516755
0.010991534
0.010856251
0.010747325
0.010764054
0.010463522
0.010530028
0.010492439
0.010816286
0.010893707
0.011110748
0.010647335
0.010676187
0.0104517955
0.010423892
0.010378024
0.010385461
0.010445841
0.010243326
0.010116629
0.01030184
0.010130143
0.009977998
0.010106276
0.010186878
0.010111348
0.010176968
0.010550539
0.01050123
0.010529611
0.010421052
0.01028227
0.0103751235
0.01019144
0.009972175
0.009685177
0.010040427
0.01007593
0.009898684
0.009741968
0.0098699005
0.009781057
0.009941046
0.009632759
0.009776177
0.00996392
0.009745627
0.009989676
0.010141922
0.010135829
0.009784043
0.009644622
0.009769986
0.009470605
0.009529105
0.009438134
0.0095159495
0.009537715
0.009431071
0.010860923
0.010974614
0.011122135
0.011306178
0.01154062
0.011484192
0.011387047
0.011699004
0.011570119
0.011380825
0.011191448
0.011280849
0.011698152
0.0118322475
0.011618396
0.011431246
0.011754089
0.011774891
0.011792649
0.011927796
0.011867192
0.011911532
0.012334574
0.012471871
0.012511495
0.012254852
0.010766602
0.010612767
0.010471965
0.010506231
0.010467746
0.010404398
0.010202875
0.010422351
0.010500006
0.010453374
0.010366469
0.0101248715
0.00984914
0.009993527
0.01029561
0.010238908
0.010218476
0.01018697
0.009972291
0.009869518
0.009841295
0.009839866
0.010096276
0.009865322
0.009844751
0.009750723
0.0097554065
0.009674729
0.009810215
0.009906631
0.009862733
0.009807878
0.009822963
0.009655972
0.009480784
0.009471693
0.009499942
0.0093495315
0.009489489
0.009497876
0.00945131
0.009367943
0.009239098
0.008967888
0.009062826
0.009226129
0.009349058
0.009418788
0.009279523
0.0092697535
0.009230949
0.009202184
0.009170765
0.009272318
0.009559533
0.009573862
0.009776237
0.009449762
0.009375623
0.009431688
0.0093601905
0.009393878
0.009416203
0.009549128
0.009618268
0.0094919205
0.009502337
0.009591626
0.009768661
0.009979932
0.010153531
0.010106777
0.010145796
0.0101298215
0.010171373
0.010042789
0.010273639
0.010286289
0.010263976
0.010448427
0.010325185
0.010275997
0.0103203785
0.010217337
0.01027751
0.010590249
0.010781814
0.0109393615
0.011089901
0.011017834
0.010996001
0.010759961
0.010880059
0.011070856
0.010714273
0.010851799
0.010645058
0.010494807
0.010469921
0.010783777
0.0107409265
0.01084986
0.010742314
0.010727143
0.010635348
0.010583852
0.010289264
0.01040387
0.0104529895
0.0103942845
0.010486571
0.010380133
0.010433207
0.010143369
0.010035453
0.01013314
0.010329909
0.010413753
0.010610088
0.010364866
0.010413849
0.010443263
0.010354513
0.0100645805
0.010021313
0.010058106
0.010141
0.0098895505
0.00983472
0.00970026
0.009694424
0.009744741
0.009721384
0.009699954
0.009605753
0.009866105
0.009802247
0.009648831
0.009531083
0.009733966
0.009669228
0.009627804
0.009914139
0.010031494
0.009834258
0.009828813
0.00955289
0.009383388
0.009527991
0.009575
0.009573503
0.009593862
0.009758574
0.00990905
0.010026043
0.010029066
0.010072441
0.010239442
0.010601386
0.010780152
0.010408934
0.010271813
0.010634065
0.0107018985
0.01063681
0.010572303
0.010687475
0.010650501
0.010367432
0.01003874
0.010115897
0.009999668
0.009892187
0.009510687
0.009576989
0.009702688
0.0099237915
0.010175758
0.010346904
0.010344461
0.010630603
0.010788872
0.010665547
0.010619838
0.010862597
0.010775863
0.010892306
0.010852885
0.010939048
0.010954627
0.010920175
0.01078236
0.010840863
0.010529081
0.010418889
0.010455564
0.010538264
0.010590498
0.010598519
0.010606925
0.01067668
0.010661174
0.010687596
0.010579973
0.01082783
0.01052753
0.010373709
0.010390093
0.010264007
0.0113686705
0.011278667
0.011378337
0.011259007
0.011070077
0.011385487
0.011440037
0.011353123
0.011347921
0.011428564
0.011417056
0.011503075
0.011639818
0.011678443
0.011683829
0.011948663
0.011465277
0.011471385
0.0114649655
0.011906194
0.012186941
0.012281503
0.012159309
0.012224429
0.012141085
0.012130467
0.012314637
0.012352747
0.012493033
0.011131686
0.010950846
0.010723197
0.010604751
0.010370491
0.010120821
0.009947491
0.009960552
0.009928598
0.009947956
0.00998848
0.009999922
0.009939112
0.009883261
0.009671702
0.009515007
0.009726033
0.009655689
0.009735255
0.009721169
0.009506639
0.009588339
0.009668394
0.009805492
0.009933219
0.009853365
0.009776137
0.009793239
0.009657829
0.0094721485
0.00941918
0.00950524
0.009444925
0.009752685
0.009749312
0.00962594
0.009747174
0.0098250825
0.010038375
0.010019835
0.0102134235
0.010171883
0.010082513
0.010143735
0.010336023
0.010382146
0.010568322
0.010736466
0.010954232
0.010924745
0.011138785
0.011192686
0.011285952
0.011274748
0.0113997115
0.011265585
0.011569356
0.011482677
0.011326341
0.011250545
0.011112915
0.011052243
0.010980496
0.011281995
0.011233325
0.011391817
0.011733143
0.011765729
0.011832374
0.011812206
0.011820095
0.011933579
0.011870075
0.011796402
0.011861096
0.011633849
0.01187992
0.0118732285
0.01180526
0.011409597
0.011220848
0.0109841125
0.010934412
0.010785357
0.010632177
0.0106731225
0.010463394
0.010384017
0.010425663
0.010545885
0.010569956
0.01077279
0.01079994
0.01059385
0.010680785
0.010476568
0.010441295
0.0108251935
0.010554931
0.01053165
0.010747292
0.011249925
0.011281947
0.011367109
0.011273153
0.011203509
0.01100349
0.0111670485
0.011368646
0.0113659175
0.011575222
0.011799721
0.011648097
0.011705187
0.011414074
0.011351096
0.011448252
0.011599638
0.011657309
0.011604561
0.011604222
0.011607302
0.011681728
0.011742063
0.01185328
0.011976574
0.012128603
0.012062658
0.011606297
0.011554925
0.011584461
0.011452037
0.010929017
0.010883583
0.010919492
0.010912607
0.0108827315
0.010969807
0.010908639
0.01086566
0.010679063
0.010849068
0.010824469
0.010641445
0.0108423
0.011016557
0.0109395655
0.010751234
0.0108345505
0.010887355
0.010632077
0.010873837
0.010788717
0.010570989
0.010476977
0.010363348
0.010264851
0.010094002
0.010100284
0.010033943
0.010058973
0.010409338
0.010241223
0.01035206
0.010537731
0.010786802
0.010612282
0.010690655
0.010564682
0.010639487
0.010565976
0.01056133
0.010949912
0.010961007
0.011038848
0.011252698
0.011134709
0.011404195
0.01131172
0.011372415
0.011029638
0.010821744
0.011100322
0.011348052
0.011190093
0.0112549905
0.011296562
0.011342574
0.011464902
0.011785112
0.011828655
0.011990091
0.012230372
0.012226619
0.011733019
0.011841129
0.011687246
0.011507606
0.011553807
0.011474105
0.011701379
0.0116847865
0.011684909
0.01160181
0.011621932
0.011443447
0.01121504
0.010955383
0.011080701
0.011011159
0.010896777
0.01091459
0.011292991
0.011626316
0.011481025
0.011744717
0.011935762
0.012044434
0.012053557
0.011986685
0.011566092
0.011539222
0.011373714
0.011214373
0.011118244
0.0111176185
0.011176718
0.010908422
0.010791227
0.010833602
0.011059662
0.011066864
0.011124046
0.011363831
0.011397878
0.011664769
0.011960075
0.012063278
0.012102099
0.0120566655
0.011760551
0.011803614
0.012953543
0.012862352
0.012905728
0.012526671
0.012182405
0.01213136
0.012291554
0.012114739
0.012848853
0.013144452
0.013130528
0.012997018
0.013082053
0.013252635
0.013059937
0.013092691
0.013269636
0.013382539
0.013461712
0.013373048
0.013301224
0.0129976785
0.012875461
0.012678648
0.012749051
0.012690185
0.0123949805
0.01229361
0.012166392
0.012381444
0.012251244
0.012433813
0.011411389
0.011407374
0.01159477
0.012195943
0.0120906
0.012124112
0.012249836
0.012401671
0.01164017
0.01171364
0.011850616
0.0119580105
0.0117910085
0.012293109
0.012473124
0.012315663
0.011917423
0.012041643
0.011947112
0.012300856
0.012056153
0.0119524
0.0121365795
0.012077127
0.011924888
0.011740584
0.0116385855
0.011680672
0.0119784875
0.011670271
0.011711474
0.012017934
0.011763228
0.011834476
0.011886393
0.011836285
0.011744361
0.011437638
0.011387739
0.011247131
0.011280407
0.011150335
0.011087419
0.011124784
0.011155432
0.011233626
0.010810025
0.01086043
0.010755353
0.010580328
0.010622299
0.010650517
0.010669904
0.010633467
0.010703163
0.010657361
0.010690125
0.010740207
0.010681434
0.010661455
0.010727449
0.010783778
0.010823713
0.010827399
0.010843065
0.010787126
0.010783974
0.010483543
0.010510623
0.010391006
0.01033369
0.010360026
0.010326997
0.010500409
0.010423643
0.01031176
0.010407392
0.010441554
0.01059421
0.010693682
0.010601136
0.010471374
0.010544332
0.010613392
0.010630868
0.010663415
0.010696721
0.010645244
0.010975916
0.01117007
0.0111554805
0.011253347
0.01135278
0.011619958
0.011674829
0.01155826
0.011632286
0.011766208
0.011554675
0.011589257
0.011544487
0.01151082
0.01160672
0.011426437
0.011728836
0.011767881
0.011715262
0.0119021395
0.0118110385
0.011890863
0.011676716
0.011405328
0.011425536
0.011678133
0.0116643105
0.011424657
0.011338958
0.011293618
0.011296958
0.011021018
0.011322529
0.011001759
0.010823259
0.011151999
0.011028518
0.010993159
0.011243436
0.011077604
0.010944049
0.01084892
0.010885969
0.010832775
0.01074167
0.010659807
0.010627871
0.010423838
0.010527291
0.010577053
0.010375394
0.010369789
0.010406601
0.010290858
0.010248906
0.010398729
0.010134378
0.010249443
0.009956981
0.010046075
0.010090375
0.009886546
0.010131444
0.01031415
0.010400362
0.01031892
0.010227649
0.010368304
0.010694872
0.0105533805
0.010707574
0.010593593
0.010642203
0.010596253
0.010655325
0.010552903
0.010570767
0.010704369
0.010617553
0.010506732
0.010552074
0.010658849
0.010608088
0.010568941
0.010399415
0.010488847
0.010720365
0.010495324
0.010505273
0.010758932
0.010792779
0.010921858
0.010841645
0.010965594
0.011286139
0.011360056
0.011606861
0.011659766
0.011751889
0.0121659245
0.012077934
0.012152783
0.012154832
0.012902078
0.012493841
0.012503624
0.012512027
0.0123478165
0.012386401
0.012310759
0.012634121
0.012742396
0.012736681
0.012970494
0.013305332
0.013075299
0.013120837
0.013099534
0.012829742
0.012769978
0.01259362
0.012648956
0.012885039
0.012942874
0.013117819
0.013002863
0.013234397
0.013245051
0.013079081
0.012804696
0.012709086
0.012838753
0.012695876
0.012521354
0.012405021
0.012396854
0.012153102
0.012219689
0.012216365
0.012166845
0.012335606
0.012201833
0.012071741
0.0118598435
0.011337087
0.011452936
0.011625944
0.011206462
0.011191663
0.011335826
0.011155316
0.011339162
0.011165296
0.011264325
0.01108775
0.011612397
0.011821413
0.01170445
0.011933807
0.012292905
0.012360252
0.012246364
0.012252016
0.012234059
0.0122953355
0.012294122
0.01219335
0.0123622175
0.012655638
0.012715134
0.012654455
0.012722341
0.012894466
0.012700162
0.012450917
0.012469951
0.012558877
0.012624595
0.012690014
0.012661767
0.012670262
0.01275666
0.012854101
0.012822518
0.013174752
0.013047637
0.013278892
0.012825772
0.013217199
0.013699627
0.013603577
0.013339909
0.014009471
0.014033637
0.014042266
0.013672893
0.013794837
0.0137537625
0.013802179
0.013498609
0.013516019
0.013455239
0.013130213
0.012960364
0.0131676905
0.013077509
0.013042583
0.013038254
0.013077099
0.013273322
0.013597571
0.013672136
0.014089206
0.013857878
0.013836742
0.013521554
0.013471799
0.013204437
0.013089562
0.012673009
0.012583722
0.012510229
0.012984974
0.01318613
0.012838553
0.013195326
0.013223974
0.012999597
0.012980834
0.012679277
0.012159509
0.012136029
0.012515962
0.012107858
0.012048516
0.012145391
0.012006865
0.012111133
0.011791799
0.011885453
0.011639168
0.011416332
0.011557181
0.011488674
0.011471236
0.011630392
0.011980776
0.012099319
0.011896729
0.011998153
0.012157297
0.012160573
0.011904913
0.011820849
0.011871772
0.0117872385
0.011751682
0.011678592
0.011640017
0.011909374
0.011854973
0.012040844
0.012158977
0.012115579
0.012228936
0.012393748
0.011815748
0.01175979
0.011717053
0.011717227
0.011790416
0.011825228
0.011708633
0.011708695
0.011936239
0.012348239
0.012219771
0.01197605
0.011896093
0.012080544
0.012006856
0.012116294
0.011879931
0.012072072
0.01211136
0.012204829
0.0124268
0.012477051
0.012398519
0.012370437
0.012293317
0.012269163
0.012186781
0.012223584
0.012130896
0.012422304
0.011979097
0.011730098
0.011573771
0.011631379
0.011988243
0.011970593
0.012064716
0.0120535595
0.012103843
0.012322431
0.012420073
0.012280941
0.012525989
0.012706375
0.01273655
0.012907661
0.012827542
0.01287697
0.012954956
0.013101441
0.012929457
0.013023892
0.013214903
0.013519192
0.013414685
0.013032047
0.013008917
0.012821193
0.012647764
0.012499118
0.012457003
0.012349879
0.012580358
0.012499371
0.01212425
0.012111142
0.012056588
0.012029148
0.011964409
0.01217285
0.012207499
0.01212791
0.012151471
0.012287332
0.012379001
0.012529727
0.01250604
0.012665316
0.012618347
0.012923528
0.013042127
0.013026078
0.01286913
0.0129809035
0.013170487
0.012922211
0.0130550945
0.0131911235
0.013292459
0.013098708
0.013221514
0.013071252
0.013101667
0.013083348
0.013188606
0.013064535
0.013197044
0.013152537
0.013070447
0.012968091
0.012697458
0.012971797
0.013225073
0.013351114
0.013492208
0.013842825
0.014023216
0.014175208
0.014257222
0.01444394
0.014676622
0.014972967
0.0148528125
0.0150408875
0.014751569
0.014401347
0.014215366
0.01410994
0.014179767
0.014279429
0.014157753
0.014172896
0.0142446505
0.014183846
0.014043665
0.013939506
0.013635994
0.013387753
0.013554684
0.013488917
0.01332544
0.013425619
0.01325459
0.012984995
0.013099825
0.013242254
0.013261176
0.01325697
0.013189861
0.013169976
0.013433117
0.013361419
0.013139303
0.012765102
0.012529361
0.012712868
0.01278786
0.012692708
0.012819197
0.012778434
0.0125947455
0.012636119
0.012697094
0.012454883
0.012463075
0.012504408
0.012484803
0.012433405
0.012323956
0.012339533
0.012180629
0.012143171
0.012183905
0.012213458
0.012462989
0.012705793
0.0127221765
0.012743156
0.012808119
0.012777004
0.012822693
0.012691409
0.012688443
0.012597194
0.012677959
0.012704751
0.012809431
0.012843181
0.013012203
0.012720747
0.012675906
0.01233008
0.012412113
0.012287513
0.012505599
0.012507412
0.0126507515
0.012706094
0.012614247
0.012629517
0.012283813
0.012254848
0.0121383965
0.012233163
0.012082861
0.0119972965
0.01199195
0.011944549
0.011892555
0.012155823
0.012373238
0.012388155
0.012442049
0.012409487
0.012351222
0.012402632
0.012555125
0.012623605
0.012800026
0.012522637
0.0126212025
0.012485045
0.012555696
0.012458592
0.012253983
0.012270398
0.012273125
0.012279848
0.012234034
0.012255143
0.01221353
0.012112654
0.011984113
0.012073253
0.011996035
0.012106653
0.012063597
0.012125599
0.0119554065
0.011950069
0.011914843
0.012116897
0.012080138
0.012292956
0.01221351
0.012247901
0.012367898
0.012418687
0.01242646
0.012437813
0.012467604
0.012562815
0.012453125
0.012470935
0.012524772
0.012629304
0.012349317
0.012171685
0.012243087
0.012222332
0.012051973
0.012038744
0.011979109
0.011909534
0.01201221
0.011911592
0.011969028
0.0119828265
0.01209292
0.012121001
0.012163883
0.012291996
0.013080837
0.012946603
0.012951823
0.013094585
0.012958543
0.013175588
0.013023483
0.013588547
0.013653045
0.013923844
0.014005279
0.013662182
0.013576877
0.013563014
0.013334542
0.013400708
0.01331129
0.0130838305
0.013266901
0.0134192435
0.0131671615
0.013368397
0.013490574
0.013566085
0.013601388
0.013498875
0.013337847
0.013308467
0.013435105
0.013320601
0.013236001
0.013356872
0.013385168
0.013350218
0.013259696
0.01316633
0.013215409
0.013154988
0.013005437
0.013145529
0.013138711
0.013104368
0.012921059
0.0128277065
0.012891524
0.013049028
0.0132897105
0.01316247
0.013176439
0.012997742
0.012692145
0.012639602
0.0126526365
0.012776507
0.012736916
0.012859298
0.0130288955
0.01312609
0.013203981
0.013667197
0.013646628
0.013651887
0.013710132
0.013445421
0.013349239
0.013508044
0.013508339
0.013473772
0.013379385
0.013267286
0.0130314985
0.012822332
0.012593509
0.011989598
0.011996185
0.012065636
0.011992953
0.01193063
0.011924461
0.012113714
0.011449562
0.01142284
0.011315018
0.011441834
0.011572065
0.011658984
0.011750733
0.01181605
0.011882355
0.012114962
0.012253725
0.012048226
0.012282826
0.012428174
0.012144616
0.012336333
0.012550537
0.012619789
0.012848551
0.012774322
0.012778563
0.012923099
0.012938124
0.013025799
0.013032917
0.01277192
0.012659441
0.012707911
0.012753951
0.0127082
0.012778575
0.012777312
0.012769126
0.012787461
0.0128523335
0.013028049
0.013008347
0.013215562
0.01324818
0.013167305
0.013084333
0.013062963
0.013561288
0.013679411
0.014031853
0.01413143
0.014125403
0.014057214
0.013929924
0.014044037
0.013936964
0.01388085
0.013798438
0.013783991
0.013661912
0.013563816
0.0135030495
0.013771895
0.013832893
0.013940286
0.013812151
0.013905984
0.013880709
0.013853084
0.013728011
0.01375347
0.013857956
0.014143223
0.014271014
0.01461111
0.014876368
0.015016509
0.014983625
0.0150536215
0.015196589
0.014967992
0.015130864
0.015407865
0.015227989
0.015428703
0.015500603
0.015484301
0.015483213
0.015707308
0.015600974
0.015632581
0.015677132
0.015556019
0.0153145855
0.015139099
0.015071843
0.015332306
0.01514977
0.01489676
0.015036644
0.015024775
0.014776969
0.014846989
0.014578991
0.014595464
0.014223667
0.014143252
0.014325299
0.014214091
0.0140444795
0.014064271
0.0141702825
0.014149218
0.014472555
0.014779047
0.014662788
0.01451105
0.0146151185
0.01465628
0.014632039
0.014665292
0.014595288
0.0147876395
0.014848766
0.014591158
0.014541273
0.014580859
0.014348004
0.014281331
0.014135818
0.014137969
0.014249197
0.014199738
0.014271901
0.0142293945
0.014232125
0.01412657
0.014291493
0.014187398
0.014027908
0.014159465
0.014085527
0.0140715
0.014034261
0.01402968
0.0140198385
0.014106309
0.0142814955
0.014125175
0.0145115
0.014697796
0.014813253
0.014786588
0.014746103
0.014703868
0.014742945
0.014707449
0.014675175
0.01485469
0.014897163
0.014926195
0.015015743
0.015008728
0.015100145
0.014990722
0.015118674
0.015023353
0.015062691
0.015305647
0.015196891
0.01504349
0.015134234
0.014975476
0.0147044575
0.0147411935
0.014819681
0.0146862585
0.014749604
0.014837983
0.014933529
0.014910629
0.01488637
0.014932836
0.014803791
0.015020986
0.015055874
0.014967117
0.015026513
0.01497422
0.015024913
0.014909798
0.014992697
0.0152488835
0.015082057
0.015006312
0.01502801
0.015261673
0.015606965
0.015612904
0.015627032
0.01552676
0.0155180115
0.015520785
0.015573061
0.01549269
0.015504983
0.01552372
0.01556995
0.015621791
0.016031565
0.015948713
0.015849574
0.015820796
0.015690288
0.015692735
0.015878117
0.015989851
0.01588248
0.01575003
0.015753249
0.015602675
0.015493457
0.015469315
0.01535902
0.015267322
0.015422154
0.015513006
0.015572246
0.015416138
0.015554965
0.015586763
0.01557813
0.015735768
0.015661513
0.0155396955
0.015821796
0.015853668
0.015902651
0.015946826
0.015856141
0.015725385
0.01569486
0.016122054
0.016153038
0.016341597
0.016309958
0.01621538
0.016257556
0.016376631
0.016632283
0.01672007
0.016944094
0.017095137
0.017003745
0.017053718
0.017074369
0.017020022
0.017275088
0.017390827
0.01725811
0.017174745
0.017151026
0.017218614
0.017158879
0.017087951
0.017100357
0.017055864
0.017027251
0.01645692
0.01655517
0.016524732
0.01651451
0.016719311
0.016744336
0.016600864
0.01646234
0.016503796
0.017025834
0.017097712
0.017088385
0.016948437
0.016813377
0.016734064
0.016607868
0.016650654
0.016612692
0.016708057
0.016632644
0.016571864
0.016600616
0.016555421
0.016589295
0.016605131
0.016595641
0.01649544
0.016394243
0.016737383
0.016741974
0.016891561
0.016827635
0.01689221
0.016870646
0.01707871
0.017113212
0.01721356
0.017322743
0.017557992
0.017533671
0.017507665
0.017643664
0.017531931
0.017707499
0.017925495
0.018188938
0.018156173
0.01806855
0.018053407
0.018219713
0.018116165
0.018039847
0.01803579
0.017966378
0.0189949
0.018971689
0.019211976
0.019408124
0.019581143
0.019707238
0.019728247
0.019802108
0.019728526
0.019753188
0.019687489
0.019625789
0.01968982
0.019633181
0.019580431
0.019531514
0.019486371
0.019444956
0.019708915
0.020018201
0.019980108
0.019945856
0.02013825
0.020242808
0.020215157
0.02019138
0.02038949
0.02037321
0.02036078
0.020352183
0.02034741
0.020346455
0.020346455
0.020346455
0.020346455
0.020346455
0.020346455
0.020346455
0.020346455
0.020346455
0.020346455
0.020346455
0.020346455
0.020346455
0.020346455
0.020346455
0.020346455
0.020346455
0.020346455
0.020346455
0.020346455
0.020346455
0.020346455
0.020346455
0.020346455
0.020346455
0.020346455
0.020346455
0.020346455
0.020346455
0.020346455
0.020346455
0.020346455
0.020346455
0.020346455
0.020346455
0.020346455
0.020346455
0.020346455
0.020346455
0.020346455
0.020346455
0.020346455
0.020346455
0.020346455
0.020346455
0.020346455
0.020346455
0.020346455
0.020346455
0.020346455
0.020346455
0.020346455
0.020346455
0.020346455
0.020346455
0.020346455
0.020346455
0.020346455
0.020346455
0.020346455
0.020346455
0.020346455
0.020346455
0.020346455
0.020346455
0.020346455
0.020346455
0.020346455
0.020346455
0.020346455
0.020346455
0.020346455
0.020346455
0.020346455
0.020346455
0.020346455
0.020346455
0.020346455
0.020346455
0.020346455
0.020346455
0.020346455
0.020346455
0.020346455
0.020346455
0.020346455
0.020346455
0.020346455
0.020346455
0.020346455
0.020346455
0.020346455
0.020346455
0.020346455
0.020346455
0.020346455
0.020346455
0.020346455
0.020346455
0.020346455
0.020346455
0.020346455
0.020346455
