1446.5103
295.28745
190.30945
153.13359
130.62868
113.868164
100.85891
89.70783
80.5527
72.65014
65.61267
59.526638
54.30872
49.578434
45.146656
41.633457
38.176228
35.177544
32.503384
30.123383
27.924395
25.920307
24.184008
22.617317
21.221502
19.867874
18.58228
17.621641
16.512417
15.570746
14.703817
13.98706
13.246204
12.603408
12.045152
11.510828
10.943415
10.525016
10.07758
9.674438
9.244828
8.929756
8.521538
8.206297
7.9779887
7.6770964
7.426631
7.1516414
6.951108
6.7570796
6.560781
6.333434
6.156403
6.037811
5.8622837
5.686661
5.5398483
5.472703
5.3203816
5.19864
5.0568223
5.0162992
4.876126
4.753269
4.650691
4.633969
4.4720726
4.418896
4.3065944
4.238244
4.141613
4.074403
4.040233
3.9146507
3.9079616
3.8256154
3.7706888
3.7027795
3.6909237
3.6216075
3.5175173
3.4949455
3.473316
3.3740463
3.3947895
3.308165
3.218392
3.2232466
3.1648116
3.1713989
3.104372
3.0662098
3.0290222
3.036477
2.9557557
2.9236722
2.9248583
2.8481596
2.8495584
2.834182
2.7606664
2.7393768
2.7064433
2.7264352
2.689763
2.6315134
2.640474
2.5985014
2.563524
2.5526667
2.5712502
2.4868097
2.4872918
2.441234
2.4531918
2.4276106
2.4517417
2.4063401
2.3872368
2.3648539
2.3562164
2.2966409
2.3490973
2.3084948
2.2519495
2.2280893
2.2243915
2.2112925
2.1859288
2.1883895
2.205137
2.158931
2.1316228
2.1458912
2.104097
2.0951076
2.0964413
2.0641594
2.0446227
2.01056
2.0206618
2.018155
2.0040264
2.034537
1.9772924
1.9477807
1.9972861
1.9567491
1.9108434
1.9272935
1.91698
1.9191262
1.8785919
1.8915043
1.8642997
1.8420771
1.8557683
1.833638
1.8345044
1.8045964
1.8247813
1.7987084
1.8544837
1.7802002
1.8125875
1.7785738
1.7482343
1.7594281
1.7602519
1.764165
1.7251688
1.7363067
1.7301068
1.713743
1.708938
1.7036886
1.6954601
1.6953268
1.6889633
1.6766247
1.6890287
1.6603408
1.6536087
1.6521095
1.6470453
1.6266505
1.6231797
1.6050504
1.591775
1.601403
1.6034278
1.5965607
1.5990149
1.6005107
1.5766613
1.5823387
1.6040423
1.5726881
1.6034122
1.5688858
1.579315
1.5946872
1.560619
1.5306205
1.5701182
1.5309297
1.5320631
1.5172303
1.5168146
1.4971447
1.5105536
1.4990883
1.4927694
1.491289
1.4867889
1.4862098
1.4548699
1.4696208
1.4699389
1.4799249
1.4408398
1.4640154
1.4235792
1.429875
1.4240091
1.4194374
1.4648514
1.4365795
1.4140375
1.4091842
1.4239159
1.3910408
1.4278228
1.3957471
1.4175075
1.379285
1.3867426
1.3844167
1.4572375
1.3529202
1.3889738
1.3769872
1.3602057
1.3565913
1.3603997
1.3552308
1.3393493
1.3410047
1.3421777
1.3492545
1.3324386
1.330886
1.3615925
1.3651075
1.3140965
1.3305768
1.3276255
1.3226429
1.294173
1.2949331
1.3320678
1.3206694
1.3285965
1.3059626
1.3124676
1.3166202
1.3022397
1.3219012
1.2944878
1.3109989
1.3181293
1.2832205
1.2671069
1.2838773
1.2826554
1.294407
1.2825851
1.2562636
1.2712541
1.2609843
1.2490765
1.254663
1.2668896
1.2607008
1.2521095
1.2388725
1.2441865
1.2588245
1.241804
1.235885
1.2451432
1.2558278
1.2397046
1.2176857
1.2371562
1.216741
1.2276055
1.2256587
1.2442863
1.229116
1.2255349
1.2142648
1.227967
1.2197194
1.2250792
1.2346404
1.2241069
1.2155987
1.2159283
1.2185309
1.2064494
1.2000496
1.1922042
1.1882296
1.1990961
1.2001122
1.2003376
1.186908
1.187481
1.1835616
1.1780416
1.1719185
1.17986
1.1723357
1.1739537
1.1518669
1.172495
1.1542039
1.1521809
1.1700706
1.1623796
1.143629
1.1594486
1.1280422
1.1474614
1.139583
1.1443828
1.1295481
1.141715
1.1221194
1.1412537
1.1280453
1.135899
1.1211809
1.1284938
1.1268398
1.1233464
1.1365771
1.1120871
1.11639
1.1113802
1.1172775
1.1094372
1.1097829
1.1108637
1.1122129
1.0978057
1.1073109
1.1145996
1.0939302
1.1051854
1.0976934
1.0906749
1.0902146
1.0902287
1.0817626
1.0820144
1.0794604
1.0843525
1.070614
1.0753417
1.0714474
1.0669698
1.0633057
1.0587878
1.0627382
1.076129
1.0558788
1.0546436
1.0499015
1.0389127
1.0488044
1.0605814
1.0536182
1.0557683
1.0549216
1.0377525
1.0378977
1.0392867
1.0446055
1.0343981
1.0267749
1.0385765
1.026537
1.0282854
1.025945
1.014449
1.0162455
1.0162961
1.0098801
1.0127878
1.0082966
1.005894
1.008422
1.0046782
1.0140437
0.99382246
0.98497957
1.0039706
0.9953207
0.9820285
0.9912908
0.9837164
0.9807461
0.97737646
0.9708475
0.9823351
0.9630284
0.96407676
0.9718111
0.9655405
0.974603
0.95784104
0.954455
0.96541643
0.95364773
0.94511783
0.96371275
0.95371836
0.9499029
0.955592
0.94698495
0.9555299
0.95546347
0.95241857
0.9483205
0.95190895
0.9430344
0.93586475
0.95307505
0.9494147
0.9420047
0.94088084
0.9413721
0.93755424
0.9297575
0.94262475
0.9381136
0.93436885
0.9362639
0.9257532
0.9288576
0.9343181
0.9261147
0.9258825
0.9265357
0.91075444
0.9097199
0.9277901
0.9174676
0.91625047
0.9064138
0.9153693
0.9237
0.9226159
0.90760005
0.9039966
0.90295047
0.9076827
0.9056072
0.89683944
0.8987158
0.90432906
0.8919839
0.8956961
0.8941488
0.8920802
0.889123
0.8985751
0.8799218
0.8815178
0.8879476
0.88599026
0.88481563
0.8844033
0.87814987
0.8817991
0.8861167
0.87710416
0.8798617
0.8803877
0.8571955
0.87018293
0.8680007
0.86711305
0.8592357
0.86291575
0.8687704
0.8685041
0.8626104
0.8442965
0.86388683
0.86366403
0.8502372
0.85079443
0.85398126
0.8542555
0.84900117
0.84768564
0.8374526
0.84446084
0.8327502
0.8412335
0.83666295
0.840734
0.84053874
0.83288604
0.842361
0.8363223
0.8418548
0.83403754
0.83231515
0.83353484
0.83343667
0.82826596
0.8228871
0.8246483
0.8240154
0.82728034
0.82531166
0.81867343
0.8158547
0.80878806
0.81992465
0.81688076
0.8161121
0.81893426
0.8072084
0.81087536
0.81178194
0.81335455
0.79259425
0.80298465
0.8182144
0.8011425
0.8087471
0.7959551
0.7951564
0.7959262
0.78701544
0.7983131
0.78804433
0.7992465
0.79445535
0.77843463
0.80906045
0.7942635
0.7825886
0.7838259
0.78787005
0.79759085
0.79464746
0.7885611
0.7922352
0.7759404
0.7784084
0.77605534
0.7769687
0.7784447
0.78956515
0.77604043
0.76449674
0.7751175
0.76529706
0.7740208
0.7666271
0.75984836
0.7737538
0.76994365
0.75606865
0.76387966
0.76075536
0.7562838
0.7502357
0.7611513
0.7462212
0.74276006
0.748823
0.73782986
0.73980325
0.73984885
0.7465638
0.73391753
0.72058636
0.7292924
0.72630167
0.72989464
0.73098385
0.7211761
0.7317068
0.72961366
0.72543925
0.7240134
0.71667755
0.72609645
0.72352606
0.71922654
0.70927054
0.70219904
0.71527815
0.69969887
0.7105818
0.6955694
0.7069419
0.71017945
0.69261444
0.6986081
0.702916
0.7075075
0.6940568
0.69158524
0.69620323
0.6988047
0.6924564
0.6925728
0.6830958
0.68857366
0.68255323
0.6714995
0.67181015
0.6953697
0.6914919
0.68661815
0.6840743
0.67687154
0.670884
0.6742642
0.6721037
0.6666405
0.66450906
0.6578043
0.6659497
0.66110563
0.6639375
0.6627748
0.6715145
0.6579489
0.6576418
0.6589679
0.6577929
0.66895473
0.66158193
0.6635751
0.66364485
0.6556771
0.66011935
0.662698
0.6415122
0.64819145
0.63792264
0.6550636
0.6533589
0.6418771
0.64451575
0.64855736
0.64083683
0.63774
0.6444425
0.6401138
0.6308014
0.63867986
0.6320046
0.63149345
0.6300928
0.6358381
0.63264686
0.64164084
0.6238911
0.62904614
0.62304866
0.61523837
0.6346971
0.61830974
0.6247108
0.6184324
0.6224688
0.626442
0.6172108
0.6135799
0.615801
0.6144738
0.60617834
0.6056916
0.61111635
0.60627675
0.6054868
0.615343
0.62536687
0.6101854
0.59744704
0.595368
0.6003772
0.58924097
0.60336864
0.5979656
0.59241843
0.60055625
0.5999758
0.6078506
0.6055878
0.59338325
0.594748
0.5912046
0.59868985
0.59122527
0.5908518
0.5973311
0.5837212
0.5910675
0.5949679
0.6024629
0.58394605
0.58334035
0.58765715
0.58436674
0.5912405
0.5987071
0.58862245
0.59430563
0.58554274
0.5860786
0.5849628
0.58143693
0.5865908
0.5769768
0.5682172
0.5735962
0.57741684
0.58077306
0.5805434
0.57479
0.5820664
0.57403636
0.5666915
0.5624891
0.5661032
0.5725505
0.5665835
0.5657408
0.5571631
0.5628832
0.5727739
0.5516592
0.5642745
0.55789703
0.5442005
0.54123574
0.5381187
0.55287737
0.5441576
0.5493565
0.5464563
0.5614001
0.5442628
0.5390585
0.54098016
0.5307153
0.5406516
0.5430429
0.5403499
0.5425639
0.5545465
0.5346872
0.53385884
0.5398893
0.5356465
0.5482606
0.539053
0.53602266
0.5254707
0.53030545
0.5365515
0.53089577
0.53361684
0.52972835
0.52027076
0.52273905
0.53247714
0.5243912
0.5285544
0.52453715
0.52803737
0.5279864
0.5175454
0.5065665
0.5182137
0.5261457
0.51606655
0.50171584
0.5124062
0.5040136
0.5095788
0.51738393
0.5022416
0.5114797
0.51123047
0.5052867
0.49841762
0.49413496
0.49750587
0.49138573
0.5039966
0.49743965
0.49847496
0.48677495
0.50314915
0.5002425
0.49184483
0.49759045
0.49092892
0.48653618
0.48587504
0.48799488
0.47415555
0.48971924
0.48764172
0.48623496
0.48623174
0.47366664
0.47944546
0.47507554
0.4738685
0.46028614
0.47566628
0.47488698
0.468324
0.46531796
0.46501
0.47029713
0.46549445
0.4765292
0.4667212
0.46663195
0.46780568
0.4659648
0.46809682
0.4625264
0.46021885
0.44802135
0.4552033
0.45640203
0.45373216
0.4689386
0.45527914
0.45364898
0.4545581
0.4490486
0.4484129
0.45066437
0.4554735
0.4382026
0.449711
0.45141792
0.4494459
0.4572334
0.44710976
0.4326451
0.44070876
0.44721818
0.45263666
0.4420356
0.43936253
0.4355305
0.43899962
0.44128332
0.4411325
0.44190392
0.4425758
0.44252345
0.43807384
0.44144925
0.43652976
0.4395504
0.43943134
0.44224575
0.4344779
0.43767625
0.43163934
0.4363355
0.44089204
0.43417126
0.4408353
0.41717693
0.44060808
0.43017995
0.42905656
0.42749903
0.4346436
0.43950853
0.4327145
0.4307231
0.42156595
0.42965406
0.42618993
0.4258566
0.43567008
0.4302105
0.4275823
0.42371294
0.43197495
0.4230392
0.42008874
0.41853693
0.42010474
0.4190956
0.41791448
0.41950837
0.41240177
0.41402242
0.41170222
0.42239067
0.41170913
0.4143378
0.41295096
0.41500703
0.42522177
0.4100694
0.40967372
0.4091723
0.4122121
0.40612042
0.40449584
0.40775946
0.4095104
0.40073562
0.41279197
0.40124547
0.40863663
0.4098274
0.40240893
0.38984108
0.4034315
0.40270028
0.39739892
0.39140642
0.39418378
0.4047134
0.39751726
0.3922694
0.39332375
0.39848265
0.39607117
0.39644918
0.40127057
0.39230546
0.3908677
0.39539468
0.39636803
0.39544955
0.38285953
0.3918867
0.40024644
0.38984272
0.38705
0.38678518
0.3779678
0.38696286
0.3862262
0.384039
0.39361894
0.38539445
0.38550755
0.3823638
0.3949123
0.38784328
0.38772985
0.38028166
0.3941904
0.38495228
0.39556044
0.37740993
0.39136067
0.38302857
0.38886726
0.3878224
0.38071582
0.3925339
0.38632667
0.38661978
0.3937002
0.38363037
0.3832785
0.38122562
0.37858406
0.3791671
0.3755454
0.36819732
0.37454176
0.38015106
0.38174632
0.3685714
0.37393436
0.37102535
0.3737532
0.3746615
0.38463515
0.37282538
0.36952236
0.3718804
0.37127954
0.37005195
0.38027763
0.3641388
0.36975452
0.3720362
0.36927667
0.37048796
0.36310515
0.3652231
0.37074482
0.3640433
0.37787643
0.36255512
0.36248606
0.35663864
0.360945
0.36734053
0.35824376
0.362169
0.34884915
0.35943946
0.35798216
0.36046675
0.35605764
0.3649769
0.36504215
0.34676412
0.3523845
0.34910604
0.3614648
0.35741404
0.35775974
0.36065128
0.359275
0.35471708
0.35535508
0.3496467
0.34741467
0.35786453
0.35309136
0.34989002
0.35956323
0.35512283
0.34709746
0.3447648
0.3501665
0.3515895
0.34671092
0.35320652
0.34993404
0.34473637
0.35123357
0.34454045
0.34767926
0.3432396
0.3512532
0.35202494
0.3448285
0.3458791
0.349606
0.34119484
0.3461187
0.34451512
0.34480938
0.34075424
0.34769794
0.3508913
0.3465031
0.33941996
0.33848688
0.3411582
0.34090108
0.33800045
0.3346534
0.33787945
0.33125108
0.3391657
0.33901688
0.3487071
0.33734676
0.33135828
0.33813298
0.33606857
0.34070668
0.3274641
0.3306281
0.33882305
0.3345062
0.32885933
0.34562045
0.3320981
0.32864034
0.3303474
0.33113992
0.32818362
0.32504842
0.32942152
0.3228438
0.32747966
0.3242885
0.3250894
0.3212624
0.32661054
0.3233386
0.32614204
0.3239935
0.3263318
0.3224881
0.3273133
0.32710376
0.32469997
0.32313585
0.3269843
0.32352644
0.3227448
0.32397923
0.33194637
0.31076548
0.32718363
0.31739262
0.31417698
0.3159716
0.3269848
0.32390675
0.3246581
0.30797926
0.32313916
0.31317338
0.31544003
0.31648695
0.31691292
0.3187803
0.30492747
0.31990868
0.3131047
0.3181514
0.3123698
0.30464196
0.3027782
0.3139477
0.31212085
0.31327635
0.30652288
0.31271198
0.31011754
0.31602886
0.3118664
0.30943206
0.31759787
0.31276268
0.3107748
0.3126824
0.3072255
0.31338668
0.3020761
0.30579486
0.30535772
0.31955025
0.3178282
0.3071739
0.3013356
0.3108069
0.3065316
0.30422857
0.30754304
0.3091757
0.30429104
0.3036592
0.30181676
0.29312196
0.30701265
0.30664763
0.30809385
0.30135804
0.30005637
0.29866183
0.30217263
0.29670388
0.29660866
0.30116683
0.2984383
0.2871056
0.2972151
0.2868472
0.29469398
0.29192007
0.30284336
0.30136284
0.30330703
0.29338947
0.29784912
0.3031986
0.29843017
0.2909599
0.29234084
0.2911763
0.297945
0.28741038
0.29449266
0.29296055
0.2995643
0.29443923
0.28407407
0.28971666
0.27869385
0.28067872
0.29585415
0.29620636
0.2821885
0.2804167
0.291453
0.28931633
0.29348725
0.29049754
0.2813606
0.29162583
0.27668324
0.28401515
0.2838289
0.27877933
0.2821307
0.28251693
0.28425887
0.27773005
0.27520686
0.2716905
0.27628025
0.27380326
0.32529762
0.27807832
0.27641192
0.28205618
0.27946943
0.27370027
0.26772335
0.2700496
0.28031692
0.27937835
0.27189288
0.27262482
0.26777068
0.26676857
0.2774425
0.27362457
0.27119982
0.26886037
0.26973715
0.27355278
0.27314436
0.27167764
0.26680705
0.2695851
0.26682255
0.2679138
0.26333356
0.26698428
0.27225223
0.26208702
0.2622503
0.26306733
0.2668687
0.26574856
0.26573375
0.267705
0.26848117
0.2602612
0.26407
0.2625602
0.26111725
0.25754386
0.26821703
0.26510307
0.2624147
0.26909
0.2676837
0.26759994
0.26387072
0.25935045
0.26210114
0.2615332
0.26693326
0.25931805
0.25896096
0.25870234
0.25411993
0.2662355
0.2643146
0.25809926
0.258721
0.25898004
0.2551691
0.26427335
0.24692403
0.2563868
0.24889973
0.25423512
0.26288489
0.25299922
0.25722513
0.26087093
0.25255516
0.2528541
0.2543594
0.2525225
0.25199512
0.25059786
0.25326183
0.25718877
0.25483736
0.24948448
0.2550072
0.24930546
0.2539495
0.2442186
0.25452638
0.24699214
0.24865633
0.24936391
0.24874642
0.25091448
0.24765873
0.24612772
0.2412195
0.2542677
0.24137212
0.2509019
0.25438976
0.24767636
0.24111208
0.24581625
0.24558549
0.24363868
0.25072846
0.2395827
0.25426397
0.24477632
0.2423844
0.23958771
0.24584259
0.23969847
0.24049555
0.24471307
0.24182086
0.24952261
0.24149612
0.25214165
0.24302292
0.23492861
0.23843007
0.23953792
0.2406239
0.24306229
0.24225903
0.24020849
0.2375858
0.2416202
0.24256802
0.25023362
0.23840421
0.23932219
0.24387805
0.24100725
0.23874815
0.2378271
0.24225628
0.236907
0.2428933
0.2300702
0.23531026
0.2351516
0.23706277
0.23729473
0.23811531
0.2300925
0.23551932
0.24092197
0.23273195
0.23398991
0.2340584
0.23787014
0.23268914
0.23593038
0.23047268
0.23178008
0.23846103
0.23326775
0.23216075
0.23478867
0.23544458
0.2290529
0.23700449
0.22531097
0.23167662
0.23307383
0.22885863
0.23139803
0.22385103
0.23270032
0.2282473
0.22472115
0.22837692
0.23573644
0.22736533
0.23561105
0.2336466
0.23029166
0.23073907
0.21754731
0.22405188
0.22569363
0.22450504
0.22953524
0.22074328
0.22741279
0.22782078
0.22690909
0.21944042
0.22693056
0.22128277
0.22831221
0.21582085
0.22012685
0.22792315
0.21902041
0.225061
0.22513607
0.22398244
0.23069943
0.2160806
0.21485448
0.2149568
0.2250304
0.22885205
0.22799383
0.21659984
0.2235641
0.2238277
0.21977092
0.22126661
0.21925622
0.22901145
0.22464675
0.22329941
0.2148502
0.21538863
0.22821957
0.22483696
0.21596724
0.21557522
0.21784471
0.21868443
0.21460764
0.2146068
0.21191433
0.22377974
0.21790563
0.21741842
0.21632782
0.21164854
0.21368651
0.21259503
0.21988952
0.21792793
0.22645636
0.21774387
0.21335563
0.2125951
0.2103577
0.22024396
0.21531656
0.22065791
0.21417649
0.21469276
0.20898533
0.21572898
0.2142572
0.20878138
0.21008128
0.21922714
0.20883475
0.21437801
0.2119411
0.21358615
0.20677373
0.21508516
0.2092858
0.21401471
0.21262257
0.21271478
0.21309787
0.22087906
0.20798221
0.21924247
0.21458481
0.2154485
0.21346048
0.20902707
0.21353765
0.21590142
0.20989612
0.21202451
0.21832177
0.2131114
0.20752178
0.20390047
0.2141015
0.21440147
0.21473013
0.20886932
0.2146157
0.21154231
0.21532229
0.21093553
0.2022469
0.20361432
0.21835442
0.20971267
0.20218866
0.21068369
0.20792997
0.21439326
0.20395736
0.2163644
0.20721325
0.20631653
0.20426318
0.20793189
0.20597477
0.2017556
0.20619293
0.2082157
0.19782722
0.20223539
0.20594105
0.20783278
0.20179419
0.20820348
0.20051453
0.19981523
0.20586057
0.2034831
0.20283085
0.20443034
0.19826074
0.19926734
0.19978064
0.19608837
0.20598209
0.19433153
0.20457953
0.19468501
0.19952022
0.1928014
0.20004033
0.20604742
0.20381978
0.20109263
0.20310429
0.19373368
0.20036536
0.19730994
0.1934511
0.19562256
0.19791771
0.20266922
0.19400766
0.19821551
0.19822316
0.19282725
0.19283107
0.19910207
0.19544381
0.19466987
0.19154358
0.19926229
0.19321021
0.19234689
0.1949315
0.19485372
0.19147024
0.20155394
0.19344564
0.18959197
0.19250673
0.19199693
0.19127935
0.1952234
0.18884651
0.1871703
0.19019762
0.18201974
0.18343519
0.19948341
0.18632503
0.1847368
0.18932557
0.18417457
0.1923487
0.1900031
0.19536598
0.1855896
0.19389187
0.18826456
0.19432342
0.19277939
0.18956806
0.19021729
0.19175532
0.1885149
0.18812539
0.18302031
0.18558946
0.1838562
0.18671082
0.18562981
0.19255091
0.18736263
0.1893165
0.19185114
0.19267878
0.18928063
0.18811718
0.18460654
0.18759753
0.1958231
0.18669339
0.18265148
0.18995921
0.18184151
0.18702233
0.18612236
0.19270131
0.18826675
0.19276702
0.18615554
0.19276363
0.18601827
0.18677948
0.1857885
0.18661079
0.18682075
0.18384233
0.19124725
0.19136316
0.19698264
0.1839244
0.18544169
0.18292306
0.18511285
0.1842907
0.1882546
0.18656048
0.18572924
0.1814314
0.18688904
0.18328379
0.18807203
0.1875593
0.18758403
0.18033545
0.18541695
0.18619691
0.18252112
0.18590035
0.18236667
0.18559203
0.19213948
0.18643147
0.18506166
0.18611354
0.18774807
0.18226716
0.19242366
0.1825932
0.19104317
0.18125431
0.18557173
0.17796539
0.18475395
0.1779922
0.18728712
0.1880896
0.1912115
0.18686073
0.1760996
0.18522817
0.18069786
0.18593644
0.18742004
0.18760464
0.18184046
0.17994756
0.1840155
0.17912644
0.18636002
0.18711609
0.18101947
0.18750873
0.18011186
0.18364324
0.17809924
0.17940947
0.18450542
0.186811
0.1757965
0.17583035
0.17789601
0.179977
0.17999063
0.18000518
0.185201
0.18170622
0.18147708
0.17761181
0.18711868
0.1859637
0.18208891
0.17491478
0.18237582
0.19257855
0.18417536
0.17811204
0.17311653
0.17940821
0.18020001
0.17679001
0.17857166
0.17562619
0.17628497
0.17960419
0.18291205
0.16901179
0.17195687
0.17982092
0.16646627
0.17427784
0.1755873
0.16918021
0.17779388
0.18076037
0.17859952
0.18082553
0.17212732
0.17284855
0.1755682
0.17154734
0.18205433
0.16934863
0.18020247
0.18383835
0.1820369
0.17767091
0.17416176
0.17899108
0.18276842
0.1700287
0.1771524
0.1761506
0.17888342
0.1773783
0.17491268
0.17526525
0.1812419
0.16869342
0.17502142
0.1792601
0.17285956
0.17805916
0.18323268
0.176748
0.17654529
0.17394254
0.1745451
0.17928047
0.1754738
0.18327144
0.18057819
0.17495185
0.17339237
0.17383568
0.1680324
0.17679673
0.16942488
0.17516729
0.17667334
0.1645239
0.1737479
0.16685064
0.17047212
0.1740044
0.17019269
0.17840916
0.17182766
0.17349643
0.17633995
0.17917833
0.17079839
0.17367522
0.1724469
0.16814193
0.16433404
0.17214705
0.16830258
0.1713723
0.16250655
0.17293397
0.16884379
0.1681752
0.16982803
0.17560844
0.17645207
0.17039953
0.1745565
0.17201106
0.16713122
0.16938113
0.17421672
0.17175862
0.16841456
0.17305432
0.17224306
0.17101479
0.17969795
0.16684805
0.17202097
0.17029974
0.17438373
0.18222494
0.17169255
0.17150748
0.17575866
0.17347397
0.17427391
0.17287213
0.17125085
0.17150131
0.16824616
0.17072812
0.17006245
0.17478815
0.1676667
0.17522222
0.16383335
0.17197336
0.17145611
0.17001426
0.17275064
0.16751742
0.16953924
0.1763032
0.17773642
0.17465004
0.17092206
0.17359146
0.16642754
0.16653034
0.17125386
0.16970076
0.16583513
0.17151044
0.17602888
0.17203733
0.16226432
0.16765378
0.1681959
0.16697434
0.17585139
0.17556691
0.16899972
0.16790935
0.17265381
0.1637059
0.16064844
0.1672475
0.1677239
0.16763103
0.17381075
0.16424622
0.16282926
0.16779922
0.16102877
0.15787192
0.16431761
0.16804153
0.16446699
0.17428307
0.16335559
0.16576499
0.17031804
0.16465893
0.1644503
0.15834807
0.16095068
0.16438456
0.16455993
0.15490744
0.16036436
0.1650926
0.16614676
0.16444579
0.16999874
0.16419357
0.16467308
0.16432224
0.17988373
0.16386996
0.16644128
0.16783962
0.16371864
0.17235775
0.1565729
0.16388868
0.1603212
0.16278449
0.16145493
0.16385321
0.16434462
0.1597261
0.15912892
0.16715795
0.15924752
0.15537433
0.1704119
0.16192499
0.16582617
0.16565648
0.16997246
0.16649836
0.16314977
0.1675721
0.16704744
0.15533288
0.16032243
0.16963089
0.16322014
0.16196
0.16141255
0.16986755
0.16902763
0.16348816
0.16667096
0.16318206
0.16871148
0.16947785
0.16417912
0.16272101
0.16693267
0.16581596
0.16199157
0.16539317
0.15541783
0.16060026
0.16357233
0.16476925
0.16639207
0.17516477
0.15853436
0.16149369
0.15809645
0.16316494
0.16395746
0.17210379
0.16705573
0.15766574
0.16274947
0.16489036
0.15714179
0.15962885
0.16015622
0.16032943
0.16359392
0.15588994
0.16844182
0.1602216
0.16417521
0.16147672
0.1623577
0.16318488
0.16953796
0.16198644
0.15970565
0.16411056
0.16641411
0.15868782
0.15987463
0.15528646
0.16132241
0.15697035
0.16044168
0.15279166
0.16185006
0.16710469
0.16762549
0.16301592
0.16124056
0.16750123
0.16091993
0.16222171
0.16627792
0.1574572
0.1641364
0.1551946
0.15609536
0.15973654
0.16189373
0.16293006
0.16358243
0.16556391
0.22430395
0.16346139
0.16390696
0.16083995
0.15960123
0.16026747
0.16342333
0.157958
0.15585282
0.16354859
0.15999234
0.16353098
0.15182704
0.15649104
0.1580714
0.15850854
0.1613507
0.1675799
0.15919764
0.15985121
0.16592227
0.15821014
0.15230054
0.1529885
0.15519364
0.1558336
0.15763173
0.15798129
0.16251774
0.15323555
0.15119989
0.15679516
0.14964268
0.15088816
0.14964944
0.15804024
0.15338475
0.14948905
0.14694194
0.15657264
0.15035187
0.15053602
0.16201034
0.15238896
0.15401155
0.15478763
0.15394963
0.16262619
0.16643585
0.15572931
0.15503497
0.15913673
0.1567437
0.1576155
0.1546101
0.1483301
0.1517421
0.15720117
0.15369761
0.15341166
0.15541281
0.16193476
0.14884748
0.15139323
0.15175109
0.16097973
0.14729448
0.15933108
0.1478696
0.14887713
0.15359241
0.149292
0.15285236
0.15395392
0.15445949
0.16722825
0.15238881
0.15228799
0.16089706
0.14966922
0.14591068
0.14848381
0.14756067
0.15896216
0.14870478
0.14947522
0.15615883
0.15499009
0.15477443
0.15173745
0.14776082
0.1529341
0.15345813
0.1488287
0.14804782
0.14788982
0.15401416
0.15666744
0.14507064
0.14597219
0.15420383
0.15024255
0.1455265
0.14726442
0.15213862
0.1566658
0.14285406
0.15261428
0.15462619
0.15163533
0.14986922
0.15324147
0.14678562
0.15156299
0.15504138
0.15173838
0.15369138
0.14822236
0.14431381
0.14938474
0.15174864
0.1478738
0.15384118
0.14820562
0.15263285
0.15217009
0.15122534
0.14872216
0.15077838
0.15497153
0.14925304
0.14969903
0.1473695
0.14678575
0.15128222
0.15070617
0.15022612
0.149832
0.14394695
0.14527981
0.15304303
0.1492214
0.14318576
0.15472966
0.14918566
0.14328903
0.14738278
0.1540476
0.15103063
0.15008013
0.1481314
0.1495303
0.14926796
0.14392014
0.14580218
0.15135477
0.14540361
0.15224762
0.14696398
0.14743258
0.14640203
0.14470036
0.14905332
0.14759792
0.14557037
0.14703558
0.15085404
0.1479425
0.1410143
0.14788091
0.14546072
0.14545375
0.15199365
0.14256829
0.13906518
0.15717728
0.14798588
0.14958811
0.14348204
0.14888193
0.1454815
0.14329305
0.14543915
0.15211286
0.14814964
0.14366867
0.15399572
0.15193795
0.1454144
0.1502537
0.1419165
0.15972549
0.15062681
0.15276684
0.15350707
0.1610801
0.1422048
0.15312831
0.14786147
0.1444013
0.15069626
0.14720848
0.14707342
0.15171623
0.14650595
0.1535373
0.15168832
0.14905053
0.15051618
0.1443225
0.14824852
0.15377046
0.14882588
0.15904084
0.15156125
0.1446931
0.14822732
0.15077627
0.15556401
0.1507336
0.14767472
0.15131177
0.14959507
0.15007958
0.14450094
0.15100193
0.14401126
0.15905352
0.14547144
0.15724778
0.15124078
0.14993274
0.1485152
0.15307112
0.1508818
0.1492092
0.1589151
0.14440496
0.14546196
0.14574
0.14746128
0.14304109
0.15206036
0.16078776
0.14930831
0.15062608
0.14629984
0.15572605
0.14714071
0.15811463
0.15204161
0.15192331
0.15254956
0.15045545
0.1492271
0.14747347
0.14941908
0.14838317
0.14408621
0.14972694
0.14645404
0.14795586
0.15331359
0.14689645
0.14866431
0.14859225
0.14775002
0.1473792
0.14969593
0.15776987
0.1537394
0.14666262
0.1576804
0.1451052
0.15244038
0.1523167
0.15291347
0.15964961
0.143367
0.14753434
0.1435808
0.14593509
0.14909025
0.15257226
0.14402214
0.15199938
0.14874068
0.14821173
0.15301384
0.15427037
0.14348714
0.14607707
0.16136466
0.1453111
0.14143732
0.1552955
0.15107948
0.16485365
0.15048672
0.1476366
0.14714639
0.1542598
0.15420365
0.15170725
0.1514829
0.14872883
0.14861022
0.14714953
0.14326316
0.15301646
0.151139
0.15238367
0.14593503
0.15383229
0.15149295
0.14734657
0.14464255
0.14587353
0.15094385
0.146786
0.14478245
0.14857645
0.14647187
0.14552747
0.15175508
0.15536948
0.14923279
0.15477493
0.14206788
0.14897463
0.15249509
0.13942975
0.14978027
0.13663977
0.14381841
0.13860983
0.13886017
0.1453924
0.14727645
0.1463428
0.14863233
0.14664675
0.14938645
0.13983983
0.14581761
0.14594817
0.16213949
0.1437042
0.14205424
0.14028348
0.14562847
0.14510608
0.14365241
0.14339334
0.14677067
0.1477673
0.14893362
0.14984044
0.14265165
0.15529972
0.15365562
0.14533663
0.14517681
0.15246561
0.13638368
0.14121044
0.14686003
0.1546944
0.15417923
0.13960117
0.15484487
0.14720607
0.15061928
0.14013031
0.14797692
0.14675906
0.14523445
0.14573681
0.14788479
0.15474135
0.14743666
0.15749905
0.14714302
0.152973
0.14973779
0.15125015
0.148199
0.1450356
0.14705501
0.14303663
0.14051731
0.15020338
0.14760286
0.14368299
0.14514875
0.15035464
0.14820156
0.14819309
0.14955693
0.14302236
0.14306836
0.14608108
0.14439951
0.13992321
0.13771035
0.14754027
0.14998855
0.14613219
0.14681536
0.15947889
0.15229622
0.14652777
0.14582492
0.13874832
0.14412753
0.14463319
0.14887148
0.15015365
0.14736103
0.16059306
0.14753214
0.15161687
0.1408443
0.14858635
0.14558774
0.14885168
0.14397326
0.14492825
0.15056482
0.14383425
0.14123605
0.15138897
0.15099409
0.14456986
0.14851895
0.14589258
0.14747067
0.15172209
0.15710507
0.1524449
0.15125257
0.14194316
0.13807964
0.15178522
0.14754578
0.15409501
0.15764767
0.14430332
0.14528716
0.14798966
0.14645454
0.14951678
0.15252034
0.14047687
0.15130977
0.14596641
0.14688708
0.15074955
0.15213902
0.15086564
0.15043736
0.15493262
0.15905303
0.15015112
0.16369987
0.14898404
0.15003107
0.15542525
0.15074368
0.1523291
0.15208238
0.14857784
0.14833555
0.14832443
0.14881708
0.1589875
0.15329464
0.15697387
0.15671733
0.15682012
0.15073691
0.15318982
0.14750761
0.14818263
0.15198319
0.14731203
0.15231578
0.1558225
0.1678206
0.16032581
0.15399207
0.16403571
0.16997372
0.1711974
0.17865485
0.18738411
0.185585
0.19338891
0.18618757
0.19913949
0.20042656
0.21587288
0.22287819
0.23615152
0.22994462
0.21831103
0.21970104
0.2102836
0.21380246
0.2056699
0.20518178
0.19717911
0.1923211
0.18230176
0.16642709
0.1593289
0.16281588
0.15557276
0.15670277
0.15874234
0.15438029
0.15447389
0.15517193
0.15477882
0.1536648
0.1495988
0.14802894
0.15106824
0.1444262
0.14680067
0.14928542
0.15117614
0.15128271
0.14837235
0.14510596
0.14339598
0.14796549
0.14735043
0.14171472
0.14267986
0.14623785
0.13992678
0.1431088
0.1519177
0.14315943
0.13794607
0.14772618
0.14209133
0.1444338
0.1463761
0.1512471
0.14566982
0.14012624
0.1454449
0.14411965
0.14135015
0.14347781
0.14138955
0.14753625
0.15113606
0.14915913
0.14288233
0.14407115
0.14669347
0.15402652
0.14539826
0.14528336
0.14160225
0.1420116
0.14547051
0.1459534
0.1485661
0.14436574
0.14288056
0.14084336
0.1523924
0.1465993
0.14218774
0.14325827
0.15564051
0.13961062
0.14736325
0.14245021
0.14678663
0.14594841
0.14427643
0.14466508
0.14656371
0.14147641
0.1526677
0.14181691
0.13882056
0.13991101
0.14769194
0.14650679
0.14302279
0.13829121
0.14398724
0.14288333
0.13566947
0.13878433
0.13580872
0.14191492
0.13867258
0.13851008
0.1380405
0.14063421
0.14474092
0.14417687
0.1331771
0.13843161
0.13598795
0.1428787
0.14297235
0.15820873
0.15118064
0.13848858
0.14952399
0.1331579
0.14067912
0.14319901
0.14453357
0.13988826
0.14817037
0.1467322
0.13852422
0.14032371
0.14689586
0.13571745
0.14258058
0.13647413
0.1375339
0.1443868
0.136132
0.13860928
0.13718328
0.14988123
0.14140563
0.13518922
0.1462971
0.13097908
0.13591813
0.13656113
0.14372998
0.13260739
0.14038648
0.13050678
0.14258195
0.14263228
0.13206337
0.13831264
0.12952797
0.13991193
0.13054901
0.14501305
0.13723075
0.13506874
0.1401042
0.13507497
0.13207328
0.13316116
0.13177533
0.14084287
0.13755998
0.14162588
0.13567242
0.13313283
0.13979238
0.14253186
0.14176013
0.13320015
0.14498599
0.14088167
0.13250206
0.12970299
0.13827167
0.13769054
0.13418767
0.13211302
0.13604161
0.13740008
0.13800393
0.13721997
0.1343321
0.13483024
0.13554768
0.13680229
0.13350366
0.13880147
0.13726112
0.13148534
0.13534023
0.13631204
0.14149114
0.13572955
0.1356743
0.13757676
0.13543501
0.12986454
0.13189232
0.12804459
0.13278155
0.13242337
0.13486719
0.1339765
0.143676
0.13174345
0.13804811
0.13266015
0.12925838
0.1281652
0.13512279
0.1367398
0.13084164
0.13371068
0.1331756
0.13986835
0.13111484
0.13437574
0.13418165
0.1375483
0.13486046
0.12913465
0.13266608
0.14225882
0.13654602
0.13529232
0.13983063
0.13924219
0.1293985
0.13537028
0.13528824
0.14163494
0.13819326
0.13987069
0.14097062
0.13769607
0.13959496
0.12700997
0.13085201
0.13845268
0.13804309
0.13380423
0.12850319
0.13786836
0.14079534
0.13626288
0.1330159
0.13087875
0.13841388
0.13692915
0.13293216
0.12995285
0.13944629
0.14102454
0.13581535
0.13361128
0.14250572
0.13976826
0.1391299
0.14052808
0.13948357
0.14068201
0.13405629
0.13776089
0.14288482
0.14009123
0.14087014
0.13430163
0.14217961
0.1325049
0.14038786
0.13841172
0.1401101
0.134744
0.13859542
0.12888512
0.14064078
0.1349091
0.13807586
0.13721685
0.13597354
0.13964917
0.14399838
0.14701216
0.14154705
0.14163288
0.13782836
0.1421106
0.14487645
0.1343298
0.13606414
0.13507096
0.1305401
0.13830276
0.13590366
0.13458547
0.13218139
0.13586129
0.14233887
0.13979554
0.14113763
0.144746
0.13126683
0.13763237
0.13665386
0.14142695
0.13540685
0.1351785
0.13451348
0.13290876
0.13826188
0.13816096
0.13506497
0.13459535
0.13278754
0.136354
0.13703719
0.13799228
0.14057958
0.13432151
0.12886563
0.13005745
0.13538419
0.13654473
0.12961267
0.13132364
0.12928887
0.12991923
0.12911858
0.13866824
0.13351154
0.14444506
0.13164471
0.12888388
0.13252638
0.12681305
0.12885906
0.13821241
0.14737146
0.14231758
0.13340399
0.13652816
0.13141729
0.12977667
0.13629457
0.13694613
0.13959078
0.1360332
0.13301124
0.13543549
0.13976543
0.1312165
0.14419691
0.13637185
0.1363098
0.13657929
0.14636394
0.12995456
0.1471853
0.12896079
0.14818573
0.14368892
0.1478737
0.14694206
0.13716188
0.13112178
0.14020438
0.13361147
0.1316732
0.1433424
0.14568016
0.13590844
0.13396457
0.14131407
0.14079557
0.13969734
0.13959676
0.14425302
0.13559438
0.14160125
0.13479689
0.13452105
0.13436109
0.13980648
0.13298443
0.13168512
0.13630484
0.13975802
0.14704955
0.13536641
0.12767032
0.13455436
0.14288884
0.13868342
0.14011137
0.1358079
0.13424969
0.13286978
0.1432017
0.13215458
0.1336903
0.1400715
0.13969757
0.14022349
0.14139064
0.13735726
0.13773103
0.13400483
0.14593476
0.13322169
0.13721278
0.14106923
0.1410012
0.12926841
0.14316215
0.13743779
0.1320364
0.13796863
0.15160316
0.14360823
0.14573766
0.15020278
0.13788795
0.14518161
0.156851
0.13936923
0.14341694
0.13523747
0.14387493
0.14146782
0.13755105
0.13821568
0.13621387
0.14573435
0.14630713
0.13396467
0.14159173
0.13969898
0.13804805
0.13038027
0.14570718
0.1462073
0.1398089
0.14717065
0.14279737
0.145684
0.13912717
0.13491601
0.14121786
0.14159484
0.13271597
0.13899194
0.13743077
0.14949998
0.1435198
0.13915767
0.13441135
0.13163069
0.13751747
0.1406903
0.14205885
0.14150736
0.14360282
0.13563327
0.13667826
0.13465875
0.14280377
0.13755538
0.13685359
0.14138082
0.14246455
0.134381
0.1434392
0.15000127
0.14097963
0.14253385
0.13928686
0.14385386
0.14618988
0.12946141
0.13575971
0.14580967
0.145393
0.13794246
0.14625177
0.13757466
0.1423582
0.13752842
0.1368911
0.13738959
0.13258137
0.13425039
0.13958424
0.12322215
0.13105121
0.13328709
0.12513345
0.14353834
0.13332246
0.12945265
0.13774641
0.1343178
0.13084747
0.1377011
0.13407885
0.14410129
0.13802098
0.12959915
0.13774525
0.1318925
0.13816378
0.12606005
0.124838516
0.13534117
0.13280961
0.1334259
0.14567474
0.14161026
0.12417187
0.13692977
0.12797591
0.13182954
0.1332392
0.14342111
0.12959543
0.13659476
0.13090946
0.13323365
0.13515054
0.1364177
0.13284132
0.13063163
0.14110616
0.13474602
0.13738568
0.13918284
0.13053393
0.12556615
0.14364436
0.13154477
0.1303815
0.13414091
0.12835886
0.1317725
0.13875948
0.13799232
0.13171849
0.1311342
0.13428713
0.13129711
0.13208339
0.13815631
0.13275698
0.14133371
0.13306859
0.13141444
0.12288769
0.13456419
0.13675466
0.1324319
0.138438
0.13186182
0.14060031
0.13386522
0.13989748
0.13459204
0.13547197
0.14128861
0.14278597
0.13001777
0.13590676
0.13013384
0.13307276
0.13067463
0.13086739
0.12883697
0.13924013
0.13269268
0.13734734
0.13613038
0.13161778
0.13850576
0.13732487
0.14016078
0.14225927
0.12774795
0.13390999
0.13642076
0.13978758
0.13088363
0.1401613
0.13985349
0.13467051
0.13986428
0.13825546
0.13941315
0.1339471
0.14145403
0.13319929
0.13555641
0.13808458
0.13233612
0.1410518
0.13886447
0.13343693
0.13633765
0.13498957
0.1377916
0.13463517
0.13319634
0.1372423
0.14630057
0.13500725
0.14024293
0.13269176
0.12892945
0.13138889
0.1330588
0.13241424
0.13153496
0.13674076
0.13604176
0.13469048
0.12842605
0.1369476
0.13485141
0.13212371
0.14018796
0.14095856
0.12931813
0.13924883
0.13140656
0.1270356
0.13220713
0.1290983
0.13391232
0.13665739
0.13046692
0.13998543
0.12670551
0.13024287
0.13939688
0.13762659
0.13015199
0.1296895
0.13675937
0.13879374
0.13554564
0.1293419
0.14058338
0.12933724
0.12859963
0.13797873
0.14376293
0.13132909
0.1367783
0.13540864
0.12858523
0.13690402
0.1440187
0.14174208
0.13413271
0.124901354
0.13677387
0.14593887
0.1414442
0.12983263
0.13897528
0.1363947
0.14025517
0.14330423
0.12846434
0.14226529
0.13529646
0.14269514
0.1339805
0.13332638
0.14042066
0.14451155
0.14027384
0.13804206
0.13856445
0.13864586
0.14142975
0.13552767
0.1411521
0.13780113
0.14488108
0.13642278
0.13566716
0.13545677
0.14090663
0.13345218
0.13811553
0.14311612
0.14073059
0.14732316
0.14736158
0.13434389
0.14482483
0.14178063
0.1380386
0.14725474
0.14292766
0.13659965
0.14173326
0.13812023
0.14712135
0.14317256
0.14520568
0.14632133
0.13389
0.14302379
0.13822138
0.13669352
0.14174937
0.1443328
0.13755117
0.17813587
0.14491114
0.1344803
0.13748364
0.1422282
0.14438854
0.14189464
0.14977314
0.13826841
0.13696511
0.14473745
0.13912947
0.14428781
0.14227666
0.13468839
0.14263901
0.13755882
0.13878676
0.13375339
0.14303818
0.14166729
0.1356614
0.13152958
0.146845
0.13431942
0.14131868
0.14852867
0.14330941
0.13412842
0.13477391
0.13167986
0.13853228
0.14468555
0.13061604
0.1401731
0.13084853
0.13609432
0.1346989
0.13610268
0.14315936
0.14395851
0.1480649
0.14107439
0.14072177
0.14846145
0.1373179
0.13883126
0.14080763
0.14282177
0.13430217
0.14084682
0.13903137
0.13888024
0.14709273
0.13405544
0.1387417
0.1397988
0.14364858
0.14117996
0.14579865
0.13780323
0.14457633
0.14646786
0.14362611
0.14199516
0.14675209
0.12839207
0.14671749
0.13623033
0.1423001
0.14390926
0.13737226
0.13458216
0.14158435
0.14078973
0.14042711
0.14322457
0.13248447
0.13562232
0.1419581
0.14201306
0.1498206
0.14104073
0.13524315
0.13321508
0.13494317
0.14460756
0.14655675
0.13635586
0.1397887
0.12846495
0.14197466
0.14886238
0.14305072
0.14976804
0.13724737
0.14780201
0.13945323
0.13775277
0.13940258
0.13219373
0.14791614
0.13762042
0.14280133
0.14033285
0.14282028
0.14364906
0.1483455
0.1403919
0.14392081
0.14484099
0.14244275
0.13830583
0.13681222
0.13865343
0.15516055
0.14359978
0.1413238
0.14899772
0.13867576
0.1487287
0.14621368
0.13719279
0.14306252
0.14154594
0.14948872
0.14019085
0.14843634
0.1343529
0.14412993
0.14268863
0.14097705
0.14429155
0.144012
0.13894393
0.14271702
0.14014004
0.15248878
0.14665017
0.14085394
0.14891155
0.14945973
0.14477387
0.1397059
0.14820138
0.15302034
0.14799114
0.14492022
0.13422988
0.15092617
0.14300568
0.13892828
0.13829924
0.12919258
0.1366668
0.14384109
0.1431853
0.14457905
0.14414102
0.13677134
0.13614829
0.14186151
0.14128958
0.13916409
0.14700893
0.13725527
0.1399212
0.14752783
0.13710403
0.13623428
0.1546538
0.14739257
0.15569341
0.14119852
0.1437325
0.1507509
0.14527948
0.14278615
0.15211962
0.14332385
0.14374962
0.14306988
0.13824035
0.1395364
0.14190173
0.13585502
0.14105324
0.14411154
0.1402521
0.1417083
0.139982
0.14623325
0.1507457
0.1348864
0.12841836
0.13737474
0.14117825
0.14337885
0.14034508
0.15219791
0.13993229
0.14162964
0.13212897
0.1391557
0.13309114
0.16412696
0.14119186
0.12779766
0.14822929
0.14488038
0.1420655
0.1336321
0.14420527
0.14635104
0.1392026
0.13336873
0.13572928
0.13394885
0.12984627
0.14186175
0.13334176
0.13641822
0.13579477
0.13645305
0.1380356
0.13766067
0.1343751
0.14035378
0.13683352
0.13124633
0.13517012
0.1411276
0.13722232
0.14072344
0.14496994
0.14809409
0.13671859
0.15401158
0.14462899
0.14906716
0.14299604
0.13996418
0.1357221
0.13280144
0.14765629
0.1490522
0.143711
0.14243573
0.13566087
0.13767362
0.14709036
0.13277453
0.14549184
0.1351339
0.13953356
0.13808008
0.14214024
0.13766654
0.14724989
0.14124444
0.14630964
0.15221743
0.14393395
0.13465364
0.1401719
0.14258471
0.14264742
0.14164802
0.14565513
0.13594739
0.15169688
0.13779962
0.14104882
0.14335524
0.13856412
0.14970712
0.13821752
0.13658564
0.14836201
0.13874346
0.14212549
0.14346711
0.1497961
0.14415924
0.16590418
0.1395744
0.14714457
0.15381928
0.15339239
0.13975638
0.13703953
0.14635059
0.15241492
0.14625931
0.13969532
0.1443548
0.14555149
0.14502056
0.14389868
0.14889662
0.14427243
0.14667387
0.14224508
0.14403298
0.1434307
0.1390512
0.1494963
0.14112858
0.14989902
0.14739507
0.14081441
0.14748093
0.1459255
0.13872911
0.14473268
0.1353225
0.14599234
0.14263138
0.14359826
0.15392652
0.13585597
0.15102296
0.14724149
0.14374547
0.14292152
0.14449099
0.14913738
0.1337385
0.14676243
0.14031176
0.14223066
0.13866538
0.13829346
0.13232616
0.13230686
0.14937238
0.13468505
0.14309746
0.12994443
0.14637662
0.14691032
0.13667244
0.13814852
0.13817239
0.16052984
0.13979626
0.14247529
0.14038788
0.13349286
0.13296959
0.14463834
0.14308922
0.15311304
0.14240953
0.14211981
0.14516489
0.14114791
0.15380917
0.13235185
0.13171653
0.14014712
0.14061822
0.13385935
0.14115493
0.13770078
0.13233666
0.14543265
0.15092611
0.1318845
0.12889929
0.1395303
0.13487089
0.14087051
0.13425747
0.14301087
0.14530715
0.14063488
0.13643785
0.14704783
0.13514623
0.1350672
0.13065034
0.12923639
0.1420532
0.13086374
0.13489051
0.13403694
0.12923199
0.14221083
0.13855542
0.13159446
0.13857013
0.13642198
0.136195
0.14394604
0.13894741
0.12893647
0.13427526
0.14625607
0.1359593
0.13586661
0.13770634
0.1376243
0.1317523
0.14568481
0.13122095
0.13272582
0.12907195
0.14208376
0.13301882
0.13127662
0.13942285
0.14515646
0.1312285
0.13964804
0.13918242
0.1356831
0.13193482
0.13449521
0.13675888
0.13951123
0.13516086
0.14828458
0.13569254
0.12787132
0.13289827
0.13449971
0.13720761
0.13670273
0.13380529
0.13889107
0.13710465
0.12973924
0.1288285
0.13276887
0.13253978
0.14292617
0.1368508
0.12738822
0.13249502
0.13098061
0.14020278
0.14064692
0.13728577
0.13470389
0.13556759
0.1332679
0.12353227
0.13352422
0.13375443
0.1359955
0.1359535
0.14085084
0.14184183
0.13801734
0.13429156
0.13578139
0.14080612
0.13646135
0.13118756
0.12761013
0.1332914
0.13257603
0.13418387
0.13890287
0.13798635
0.13829471
0.14256273
0.13525908
0.14590542
0.13495398
0.14048977
0.13717172
0.13224332
0.13297793
0.13403994
0.13676715
0.13004111
0.1312895
0.14117156
0.13823108
0.13261735
0.13322511
0.13386482
0.13811724
0.1312515
0.1335129
0.13099489
0.14115301
0.13694748
0.13585423
0.13938014
0.1305326
0.14974816
0.14679085
0.13658501
0.14366758
0.1434089
0.14542508
0.14580256
0.13590123
0.13148656
0.14120248
0.13749069
0.13479164
0.1313535
0.14038447
0.13717484
0.12992425
0.1385774
0.15066937
0.13956901
0.1385572
0.14161086
0.14774059
0.14301781
0.1368916
0.13329832
0.15066649
0.13547431
0.13643156
0.13719405
0.1413638
0.14119555
0.14548686
0.14114815
0.14382061
0.14155586
0.13853672
0.14737268
0.14066915
0.13751787
0.13218138
0.13664295
0.13564499
0.14048146
0.14372927
0.1415323
0.135509
0.14670356
0.14102235
0.14259006
0.1391899
0.13678749
0.14841945
0.13670495
0.1393344
0.14435577
0.1321864
0.13505006
0.13903819
0.14335614
0.15131399
0.14587307
0.14479288
0.13545002
0.14770487
0.14357924
0.14230506
0.14625713
0.13197823
0.14480956
0.16910446
0.14038816
0.14269963
0.14813343
0.14357989
0.14226933
0.14535742
0.14872062
0.14342307
0.15033738
0.14117022
0.14949927
0.14041613
0.14350286
0.14773443
0.1497087
0.14258772
0.14451873
0.16032334
0.15111376
0.15631472
0.15577562
0.1456765
0.14032392
0.14345202
0.14388503
0.15061553
0.14617376
0.13595086
0.14142944
0.14253461
0.13130371
0.15106443
0.14155547
0.14558707
0.14625777
0.15264708
0.14811258
0.14793421
0.13671336
0.1408629
0.1456501
0.13946302
0.1393283
0.12954526
0.14220217
0.14809962
0.14619966
0.13476276
0.1425987
0.14859383
0.144543
0.15172176
0.14781523
0.14328317
0.14463471
0.14208035
0.13970828
0.14415143
0.13522682
0.13901186
0.14175239
0.14734595
0.14995058
0.14201723
0.14783564
0.14390165
0.14884225
0.14693563
0.14437273
0.14962989
0.15718293
0.14192156
0.1565933
0.1537964
0.15961447
0.14683267
0.14275143
0.14902301
0.14949214
0.15071192
0.14765988
0.1465514
0.1465351
0.16311532
0.1469247
0.15854996
0.15000713
0.14265174
0.14999346
0.14941767
0.14823425
0.15450089
0.1418378
0.14939213
0.15067573
0.15073939
0.1420556
0.13473524
0.15240742
0.13647442
0.14857996
0.14274633
0.14913295
0.14599429
0.14197887
0.14160359
0.14714791
0.14408301
0.14740583
0.14845878
0.14121155
0.13625948
0.14006326
0.1490559
0.14724818
0.14691406
0.14073864
0.14873877
0.14552529
0.1459151
0.14239977
0.15557113
0.1520883
0.15810454
0.14507355
0.14266962
0.14320791
0.14547123
0.1453548
0.14178878
0.14757045
0.14021711
0.15102838
0.14136757
0.14380066
0.13574587
0.1434969
0.15216231
0.14868048
0.14284866
0.15063214
0.15025954
0.1397179
0.13707843
0.13672385
0.15019047
0.14349763
0.14489387
0.13362454
0.15036352
0.14017168
0.14680247
0.15024382
0.13807239
0.14346237
0.1381207
0.13465816
0.1380949
0.14559905
0.14797403
0.13565871
0.13274217
0.14461121
0.13632537
0.1514168
0.14311503
0.13780764
0.15321061
0.1423931
0.14569297
0.13736612
0.1402987
0.13262908
0.13728733
0.141221
0.14078279
0.14515977
0.1455987
0.14545698
0.15115297
0.14684603
0.14743266
0.13538727
0.13916323
0.12987609
0.13704045
0.13765666
0.13320087
0.14273934
0.13843602
0.12941828
0.13562387
0.14493887
0.13998936
0.13134946
0.14922829
0.13845442
0.13323234
0.13520728
0.12677225
0.13058697
0.12481829
0.14156485
0.13336332
0.13750042
0.14314684
0.14341144
0.12340394
0.12945399
0.14176194
0.15172029
0.1361509
0.13398023
0.13504027
0.1403376
0.13914186
0.1393384
0.14517501
0.14729564
0.14830469
0.14046516
0.14673363
0.14164066
0.14481613
0.1593306
0.13956304
0.14408927
0.14859588
0.13681573
0.13722128
0.14164172
0.1367069
0.13964048
0.13782279
0.14079905
0.15013632
0.15265805
0.13967215
0.13908285
0.14061868
0.14686199
0.15403761
0.1415223
0.1391397
0.13701612
0.14561486
0.1455987
0.1466991
0.144199
0.13661602
0.144235
0.14533399
0.148224
0.14491923
0.15429857
0.14549175
0.13532364
0.14174838
0.13403988
0.14997104
0.14298712
0.148388
0.15153071
0.13637108
0.15924498
0.14084665
0.14281671
0.14869829
0.1548577
0.15271382
0.14851743
0.14858443
0.15251566
0.14626516
0.14194863
0.15286915
0.14460902
0.13799524
0.14629832
0.13792555
0.15080644
0.15975654
0.15413272
0.15474683
0.14784463
0.16751711
0.1421033
0.15318829
0.1443758
0.15779053
0.15169936
0.14290334
0.14307073
0.13931222
0.15207645
0.14551811
0.15779659
0.1427617
0.14834747
0.15437512
0.14342614
0.15766354
0.14936322
0.14342108
0.13742293
0.14390182
0.1416217
0.14125499
0.14694051
0.15731275
0.15358952
0.14739436
0.1462128
0.15039955
0.14880101
0.1627717
0.14651592
0.14837492
0.1369936
0.1491945
0.1452357
0.14920013
0.14460906
0.14273752
0.13955778
0.14863718
0.14022851
0.14506216
0.15197363
0.15469095
0.14488868
0.14681277
0.14970995
0.15524068
0.14779757
0.1419653
0.14721216
0.14801076
0.16147041
0.14266348
0.15171385
0.14858577
0.15576744
0.1494834
0.15395479
0.14518201
0.1515624
0.14452958
0.14661561
0.1520831
0.14517276
0.14957726
0.14806312
0.1545081
0.14941701
0.14559838
0.15269133
0.14823465
0.15713513
0.15344004
0.16240515
0.14772993
0.15248796
0.15104471
0.154825
0.15344849
0.16028403
0.15545331
0.13973299
0.14582238
0.15144913
0.1535863
0.15063955
0.14557257
0.15712486
0.15609202
0.14724319
0.15743776
0.16049191
0.14220154
0.15570183
0.15245631
0.1495503
0.16205922
0.15545271
0.14802031
0.17105244
0.14812328
0.16002542
0.1512197
0.14632213
0.14358486
0.16317241
0.15112314
0.14750822
0.13966376
0.1500098
0.14454994
0.15449734
0.15682852
0.1525535
0.15306267
0.14600314
0.15021543
0.14088063
0.15087363
0.16057356
0.15210459
0.142565
0.15056174
0.15199631
0.15036717
0.15765098
0.14822014
0.14471419
0.15068635
0.15820688
0.16155162
0.15808332
0.14843875
0.15942101
0.16299498
0.16352849
0.15124527
0.16000699
0.15747091
0.16078061
0.16982023
0.15790969
0.15076992
0.15865384
0.15466012
0.16126671
0.15619408
0.171155
0.15842067
0.16335964
0.17202784
0.15914956
0.14678882
0.16465068
0.15470535
0.1533225
0.16403584
0.15516384
0.15915018
0.15719627
0.15248567
0.15137976
0.16422984
0.15437374
0.15307163
0.15553924
0.15534228
0.15120302
0.15866143
0.14750098
0.1450546
0.14341801
0.15604568
0.14852083
0.15110925
0.16229168
0.15396082
0.15328611
0.15892702
0.15875997
0.15511082
0.16336909
0.15804507
0.14927012
0.15557897
0.16765128
0.15459152
0.16718133
0.15438056
0.1561849
0.16007459
0.14635074
0.16456108
0.15678576
0.1515736
0.1587394
0.15326297
0.14668407
0.15054207
0.15127963
0.153193
0.15321898
0.15853032
0.16009164
0.14477356
0.1588377
0.15561973
0.14829655
0.15187351
0.17133552
0.16414037
0.16094027
0.1540852
0.15129454
0.14503223
0.17077734
0.14332865
0.15206276
0.14325596
0.154021
0.14617434
0.15354516
0.17304571
0.14619943
0.15540063
0.13852228
0.1586326
0.14751779
0.15107954
0.16116534
0.1748428
0.13981457
0.14944139
0.15406917
0.14123066
0.15460679
0.15233418
0.15461598
0.15923183
0.15317318
0.1485169
0.15851876
0.14676163
0.14753075
0.15067245
0.15134043
0.15166453
0.1524409
0.14742471
0.16498825
0.14909033
0.1470004
0.14331894
0.15094858
0.13680172
0.13881014
0.16467704
0.1626998
0.15286258
0.15992518
0.15341906
0.14928578
0.14445159
0.14854468
0.15371497
0.14892898
0.1438065
0.14478771
0.15575625
0.14540166
0.14947169
0.14974837
0.15127723
0.13837
0.16026188
0.14191753
0.14749059
0.14705311
0.15052657
0.16439776
0.16259873
0.16376098
0.14687246
0.15006334
0.14149441
0.14055568
0.16695704
0.13618344
0.15012251
0.15741102
0.1464257
0.15041143
0.14200409
0.14244194
0.14430387
0.14406179
0.14387564
0.13753314
0.14928465
0.1411051
0.13624685
0.1582623
0.15141995
0.15039086
0.14147781
0.14196874
0.14528625
0.15239637
0.13652308
0.14519505
0.1430539
0.14400119
0.142917
0.15086316
0.15035902
0.14126836
0.14535013
0.14413062
0.15250808
0.14444368
0.15395154
0.14975251
0.16001812
0.1482347
0.15447894
0.15881039
0.1403487
0.14171909
0.15791382
0.14431256
0.13334188
0.14387369
0.13911204
0.14748909
0.16246636
0.14147623
0.15154125
0.14996226
0.14636667
0.14700204
0.15907747
0.15448126
0.15465507
0.14052655
0.14995296
0.14142266
0.14925443
0.13960838
0.1595784
0.13845888
0.14238569
0.15091743
0.14897501
0.15280493
0.15664518
0.14132385
0.15007506
0.15434705
0.15846834
0.15126352
0.15026546
0.12969735
0.14781761
0.15384683
0.15381001
0.15003936
0.14039975
0.13588627
0.14810762
0.1690176
0.15355493
0.15349628
0.15679997
0.15336277
0.14863677
0.16108046
0.14835559
0.14150009
0.15981172
0.1682863
0.15009035
0.15826088
0.15593791
0.16037081
0.14992079
0.15836716
0.14565577
0.15556724
0.15542953
0.16106582
0.1550603
0.15146527
0.15574697
0.15784077
0.18251926
0.14923383
0.17921452
0.15873203
0.15863027
0.14940856
0.1708841
0.14901868
0.15926084
0.15220603
0.15952213
0.16988233
0.15844649
0.1590264
0.16391653
0.16905743
0.1551529
0.16227402
0.1651809
0.151325
0.14329292
0.15490362
0.15216275
0.15028982
0.15411259
0.15289432
0.15521157
0.1559505
0.16287272
0.16208482
0.16379336
0.15066998
0.15249231
0.16332066
0.15799206
0.15434612
0.16394193
0.15640344
0.1580012
0.15206632
0.15344147
0.15922315
0.15487003
0.16658668
0.16552676
0.15714641
0.16933231
0.17057313
0.15733388
0.15768674
0.14979456
0.14834844
0.16254525
0.16389957
0.16437504
0.15151098
0.16957343
0.17103538
0.1458696
0.1940954
0.16210309
0.16569038
0.16150706
0.1608863
0.16941434
0.15994819
0.1588442
0.15494552
0.15717004
0.16095486
0.15080306
0.16201854
0.15174918
0.15680195
0.17032367
0.16996655
0.1607142
0.15972757
0.16229726
0.15140839
0.16106841
0.14177059
0.15804003
0.16372003
0.1676373
0.15515329
0.15459064
0.14466858
0.16614799
0.14864992
0.15938723
0.16299286
0.15781786
0.17414285
0.16760117
0.15297006
0.17693521
0.17020114
0.15312795
0.1593542
0.16454904
0.15447493
0.15696715
0.1578545
0.16405633
0.14619404
0.18115465
0.1558926
0.1692745
0.15981059
0.162427
0.16419892
0.1636257
0.15722284
0.1559638
0.15525824
0.16415015
0.16417955
0.1541496
0.17204222
0.15328553
0.1557023
0.16091898
0.16236025
0.14800753
0.16115816
0.17420074
0.17080323
0.14723009
0.15884359
0.16294986
0.14913774
0.14948544
0.15681437
0.15660189
0.15932772
0.16634177
0.14788358
0.15611519
0.15257704
0.15221955
0.1566648
0.15444182
0.1512657
0.15477698
0.165663
0.14719409
0.16246136
0.15160611
0.15319814
0.15255234
0.14462517
0.15270457
0.15267617
0.16777077
0.14953221
0.15683945
0.15811345
0.14970088
0.14440589
0.1546159
0.14711744
0.1588795
0.15945788
0.15029575
0.16240256
0.1570336
0.1532372
0.15375069
0.16866714
0.14911987
0.161268
0.15904102
0.16318709
0.15778308
0.14563371
0.1559102
0.15960084
0.1455598
0.16728121
0.15102619
0.16201042
0.15339836
0.16071077
0.16474198
0.15800194
0.16300553
0.15170847
0.1605817
0.15732041
0.13945283
0.16369048
0.16372468
0.149486
0.15647802
0.15461569
0.14305906
0.15177028
0.15545347
0.1512115
0.14957637
0.15936972
0.13737898
0.16981094
0.16546522
0.16126734
0.1552089
0.17024879
0.16332804
0.16244133
0.16526617
0.14954141
0.16481884
0.15573852
0.14591423
0.15101154
0.15653048
0.15184307
0.15490778
0.16069493
0.16710417
0.1702024
0.18026817
0.1757718
0.16074495
0.15650566
0.17434546
0.1727119
0.15341851
0.16296469
0.14954562
0.1528521
0.15800071
0.14195073
0.14820367
0.16166142
0.15425748
0.15561615
0.16237757
0.14895655
0.14651735
0.16295564
0.15586168
0.14175977
0.15486428
0.16666125
0.1527494
0.15634826
0.14870392
0.15682006
0.1502913
0.16021012
0.15444005
0.15495084
0.16904137
0.15213741
0.14701751
0.15754956
0.16790299
0.15762693
0.17670715
0.16234627
0.15515548
0.15890738
0.15709102
0.17744707
0.1526887
0.16598004
0.16434002
0.15926489
0.15444556
0.15574424
0.16166815
0.15887791
0.16216326
0.15452103
0.16535145
0.17817989
0.15539832
0.15811625
0.1592361
0.15355042
0.1659273
0.14602736
0.15234259
0.15617687
0.15768237
0.15640077
0.15049866
0.1622083
0.16095506
0.15944755
0.14958613
0.1614081
0.15620542
0.14763814
0.15893744
0.16932818
0.1535064
0.15282544
0.15397097
0.15119268
0.15158902
0.15412973
0.1574514
0.17356746
0.15373828
0.15740225
0.16057044
0.15585966
0.15047193
0.16264999
0.1714743
0.1549899
0.16562745
0.16555928
0.16900246
0.15384702
0.16304833
0.1728274
0.16337603
0.14417636
0.1635984
0.17093898
0.17136233
0.14821374
0.1753137
0.14819317
0.17112656
0.15779674
0.17009312
0.17321472
0.16356857
0.16772927
0.16492254
0.17160027
0.16168322
0.17634468
0.15727167
0.16324936
0.16882998
0.16991071
0.16437729
0.15924528
0.1595112
0.16238289
0.16409294
0.17463289
0.16017674
0.16458003
0.16864963
0.17141223
0.17127015
0.16625424
0.17180304
0.16854209
0.16332275
0.16835758
0.15894674
0.18200806
0.17749603
0.17601393
0.17371067
0.17597188
0.16184872
0.17908171
0.18865311
0.17087339
0.16812125
0.16787462
0.17392328
0.18456213
0.16812722
0.1835008
0.17282374
0.16145198
0.17590286
0.17535159
0.1570034
0.16096325
0.17549707
0.15829374
0.1746424
0.1723614
0.18229483
0.17307463
0.1634386
0.17696264
0.17552266
0.17142594
0.1753109
0.17727838
0.16574761
0.16816866
0.16867065
0.18331693
0.1687817
0.1750483
0.17427003
0.18966764
0.16744062
0.187349
0.1664062
0.17091364
0.18926911
0.16992018
0.17487337
0.19780256
0.17508024
0.17464226
0.17305139
0.17892173
0.18170094
0.16296346
0.1694854
0.17583646
0.17357156
0.182669
0.17879653
0.16547808
0.1649563
0.17390612
0.18317953
0.17244905
0.19069178
0.15543102
0.18177429
0.18248999
0.17047812
0.16427588
0.17958121
0.16552477
0.18919227
0.1690525
0.174315
0.16915406
0.17725866
0.1873429
0.18980291
0.17510353
0.17147349
0.1655403
0.177745
0.1745986
0.1838627
0.1749907
0.1731469
0.17462462
0.17135683
0.19076042
0.17577434
0.17562485
0.15879275
0.16210066
0.17188312
0.16456163
0.17307755
0.1730391
0.17804311
0.17604378
0.16413446
0.17027867
0.1568375
0.15111336
0.1752501
0.18285353
0.17609805
0.17243098
0.16091135
0.16466667
0.16653565
0.17536242
0.17611934
0.16774003
0.17078963
0.17921895
0.19442841
0.17354439
0.18244559
0.16678962
0.15879382
0.16709004
0.18360563
0.1737969
0.1694346
0.1836914
0.16700177
0.16718177
0.16101521
0.16492863
0.17042218
0.16897127
0.17834565
0.18948904
0.16911413
0.17779861
0.16505793
0.17077109
0.16780567
0.16887738
0.18096507
0.16982149
0.1876432
0.18866332
0.18313393
0.15958743
0.17600097
0.17181866
0.15545875
0.17579451
0.15976846
0.17879738
0.1744307
0.17881428
0.15599278
0.16387446
0.16163139
0.1600876
0.16048317
0.16647433
0.15677232
0.16194339
0.16497804
0.16365652
0.15527453
0.16366367
0.16458455
0.16282515
0.16388611
0.16604118
0.15625133
0.16786723
0.1869024
0.16953923
0.17150156
0.17929013
0.16551206
0.15121265
0.18720886
0.16266923
0.1761475
0.15807182
0.18210484
0.15043168
0.17611453
0.17069136
0.15815893
0.16779374
0.17892344
0.18206584
0.17836706
0.16538714
0.17035122
0.17404886
0.17327912
0.16674782
0.17314209
0.15843733
0.18594402
0.16282387
0.17886986
0.16927047
0.15136558
0.16895448
0.17644013
0.17309935
0.16768852
0.14953242
0.17210689
0.15710238
0.16341895
0.16977149
0.16521697
0.16359563
0.15132067
0.1669321
0.16318837
0.17046578
0.16524501
0.16448808
0.15302615
0.16357388
0.16294509
0.17402478
0.15959166
0.14874788
0.16127834
0.16370425
0.1501352
0.14943844
0.16698979
0.17769197
0.1533338
0.1788054
0.18568315
0.16351229
0.15307057
0.14432356
0.16130428
0.13826871
0.14071642
0.15015936
0.14915916
0.15224983
0.14460582
0.17774476
0.14261203
0.15590852
0.14699425
0.14200497
0.14531694
0.13821732
0.14735271
0.15445833
0.16366662
0.1548113
0.14153658
0.15250765
0.15197656
0.15333945
0.1512461
0.15207252
0.1492017
0.14985901
0.15677577
0.15264307
0.15637037
0.15098362
0.15773065
0.16185659
0.16437839
0.14860198
0.18035
0.15447362
0.16459356
0.1640525
0.15753728
0.15950572
0.15661165
0.15409754
0.15531091
0.15250058
0.14922868
0.14534368
0.14871769
0.16629569
0.15907578
0.16708606
0.14124417
0.15802112
0.14790025
0.14884117
0.15641439
0.15708695
0.1586946
0.15940675
0.1688583
0.16313806
0.15732092
0.15779682
0.16924354
0.16835572
0.158633
0.15742491
0.15684664
0.15634963
0.14875422
0.16381267
0.15696561
0.16524489
0.17375684
0.16839753
0.16786319
0.15782282
0.1610692
0.1632949
0.17120859
0.15110864
0.17849585
0.16338229
0.16318598
0.15682267
0.15901534
0.16239993
0.16977237
0.1821123
0.16147907
0.15060219
0.15015033
0.15930884
0.17121886
0.16602561
0.15374367
0.15892419
0.15574402
0.1723002
0.15164733
0.15905042
0.15816605
0.15420738
0.1618438
0.16442527
0.16163117
0.1655918
0.16657953
0.14537762
0.15868755
0.1564251
0.16312341
0.16448776
0.16819498
0.15964186
0.16764203
0.16334587
0.15972772
0.16741827
0.14558677
0.1758492
0.15535459
0.16330375
0.16760802
0.17049304
0.17362846
0.15215193
0.1535332
0.16542116
0.16121852
0.15754302
0.15623401
0.17347799
0.16789305
0.1791073
0.17625499
0.17426656
0.16702233
0.17234138
0.16100302
0.15054677
0.18553372
0.18219979
0.16599834
0.17665039
0.17652795
0.17761037
0.16922568
0.16172652
0.17393751
0.15241978
0.17035735
0.16549075
0.16829848
0.17222229
0.16111496
0.16933806
0.1713515
0.16102457
0.17913024
0.1521912
0.1724083
0.17065907
0.18162978
0.1582994
0.16684516
0.17283012
0.19331153
0.17415197
0.16480663
0.18115102
0.16657557
0.17731859
0.19346066
0.1680587
0.17115754
0.17261758
0.18044135
0.16561417
0.17079836
0.16466057
0.15622576
0.1681774
0.1862367
0.17637758
0.15799864
0.19032727
0.16661777
0.17390428
0.17307542
0.16587538
0.18419077
0.16106527
0.18522754
0.1949474
0.17234474
0.16993292
0.1860615
0.16790633
0.17910251
0.1729683
0.18811014
0.16676086
0.17418225
0.20750283
0.17534807
0.18045546
0.17038123
0.15753762
0.16292839
0.17060475
0.17110299
0.15780316
0.17776059
0.16850516
0.17472124
0.17748283
0.1760795
0.16025627
0.15539503
0.16172071
0.17000914
0.1594719
0.17468965
0.16908734
0.15301414
0.17508207
0.17735757
0.17949356
0.15772694
0.16117062
0.169953
0.16650498
0.16361174
0.16345012
0.16631205
0.15853055
0.16202335
0.18433608
0.17076208
0.17476626
0.16602509
0.16775818
0.16104098
0.15482329
0.15875392
0.16377862
0.16798773
0.16661637
0.16533399
0.1557176
0.16738091
0.17602992
0.16340898
0.16514654
0.16084233
0.17705914
0.17498402
0.16826911
0.16557325
0.18518823
0.16235574
0.17008717
0.16263688
0.16725029
0.16796781
0.16081962
0.1666501
0.18526027
0.17045245
0.15992315
0.15654112
0.1931083
0.17693147
0.15880898
0.20109925
0.1683738
0.15987915
0.17395568
0.16685873
0.17198993
0.16408706
0.15787077
0.1622314
0.15944593
0.17398582
0.18326768
0.18597844
0.16224453
0.17513436
0.1762269
0.16396578
0.16428027
0.16796044
0.17621979
0.1677669
0.17060517
0.17077294
0.1679924
0.1710129
0.17157453
0.16685687
0.16946544
0.17109649
0.18249853
0.16513939
0.15874788
0.17278089
0.16334713
0.15618579
0.16075581
0.15551464
0.15889277
0.16346118
0.17459717
0.18585452
0.19652522
0.18956439
0.16640352
0.16170534
0.16422862
0.17279722
0.16272728
0.15913253
0.17169473
0.15916836
0.16600713
0.17747071
0.17156942
0.17336887
0.15778865
0.1510147
0.16159517
0.16205508
0.17260891
0.16523336
0.16367999
0.17329872
0.17266046
0.16362582
0.1573533
0.16116756
0.15131536
0.16822797
0.17257218
0.16599232
0.18083683
0.16635686
0.16298588
0.1649631
0.17453457
0.15029256
0.15620445
0.16706906
0.1667377
0.17489296
0.15777792
0.1777358
0.16466945
0.17252785
0.15153706
0.1603402
0.16147687
0.18595797
0.16558364
0.1697462
0.14828295
0.16369121
0.17053017
0.15869173
0.15892756
0.15660886
0.15613705
0.1665201
0.15856986
0.15814672
0.17705701
0.15566204
0.15687023
0.16467309
0.15870719
0.14103799
0.15822943
0.15670656
0.15234298
0.16116095
0.16041568
0.15322915
0.15971833
0.15768568
0.183033
0.16112752
0.1549963
0.15301833
0.16003367
0.14701122
0.14307365
0.14782086
0.15004416
0.15531927
0.16251221
0.16121545
0.14989133
0.14885516
0.15586054
0.15478851
0.14433421
0.16398042
0.16361304
0.15787219
0.14587389
0.14369766
0.15635206
0.14428394
0.14147581
0.14352567
0.15044378
0.14533442
0.15026255
0.15818976
0.15783757
0.16411543
0.15712656
0.16641735
0.20807882
0.16630611
0.14923441
0.1690183
0.21759123
0.15086877
0.15017259
0.1587967
0.16224796
0.15841013
0.15715913
0.17517021
0.16526124
0.15018238
0.1566621
0.15295662
0.15638833
0.17803136
0.14731777
0.16551252
0.20854655
0.16240561
0.15131007
0.17607868
0.16581458
0.16175725
0.1647865
0.15682106
0.15036629
0.16385685
0.18538554
0.16376191
0.16108528
0.15738204
0.15861233
0.15396723
0.17760213
0.15359484
0.15708144
0.15738852
0.16877337
0.15086116
0.15123601
0.16480593
0.14833838
0.14655586
0.1594906
0.15397698
0.14910051
0.15355235
0.14476304
0.14274223
0.14472227
0.14806685
0.15154982
0.15796025
0.15876038
0.14860214
0.14669141
0.15304647
0.15969737
0.17650309
0.16330096
0.15363902
0.15712805
0.15356953
0.16479255
0.1530001
0.15254135
0.16344163
0.16240035
0.15597844
0.15409072
0.15494558
0.15439454
0.15576503
0.15507612
0.16524188
0.1608675
0.1632187
0.16003379
0.16856124
0.15518558
0.15360312
0.16384044
0.157508
0.15960999
0.16483237
0.15911819
0.16439746
0.15985908
0.16365242
0.17020822
0.19446921
0.1763355
0.16107085
0.16995136
0.15512171
0.1671145
0.1615862
0.16474916
0.16298257
0.16850737
0.15668218
0.15775445
0.1505045
0.15023217
0.15695348
0.1586956
0.1576561
0.15951341
0.17172176
0.16150859
0.15784219
0.17035072
0.16546473
0.15740012
0.15210477
0.15687752
0.1673932
0.1682076
0.18102683
0.16676128
0.16244638
0.16414477
0.16211961
0.17459236
0.16554537
0.17114611
0.17114456
0.1732636
0.1675626
0.16961312
0.16232358
0.1697645
0.17545438
0.18062258
0.16358483
0.16986273
0.17340602
0.16762628
0.17217615
0.17392036
0.17873769
0.17157298
0.17282084
0.1755932
0.17017895
0.16964915
0.16605479
0.16914822
0.16411574
0.16549537
0.17481625
0.16253605
0.16339447
0.16681181
0.15707505
0.1579764
0.16954133
0.19787437
0.16619088
0.17695405
0.17716731
0.20208196
0.18189906
0.18575
0.17340861
0.16184577
0.1745138
0.21147116
0.18419312
0.17307906
0.1866877
0.18504226
0.17758791
0.19086793
0.17040329
0.15875956
0.16023606
0.16342853
0.17001995
0.16692998
0.16613978
0.15860566
0.15921442
0.16798595
0.18442923
0.22054613
0.1826352
0.19455566
0.18145277
0.18443029
0.17444164
0.17408016
0.18488793
0.17744002
0.17418171
0.1829203
0.18611768
0.17632954
0.16495669
0.15988047
0.1681158
0.17704883
0.17270029
0.18518884
0.17501758
0.17140566
0.1726383
0.17125748
0.17086124
0.18009025
0.17100048
0.17071714
0.16936731
0.17053527
0.17422728
0.18499132
0.21461545
0.18706994
0.17393172
0.16876097
0.17157778
0.16851372
0.18212903
0.17943305
0.17575708
0.17832485
0.18596146
0.16776834
0.15878296
0.16442025
0.17855714
0.1769062
0.18305692
0.17027448
0.1702699
0.18307586
0.18457605
0.17936835
0.17418458
0.19019158
0.18151619
0.19224639
0.18196778
0.17348312
0.18203717
0.20767383
0.18571469
0.17885272
0.17884172
0.18113703
0.18091215
0.19999616
0.18799447
0.19444644
0.1863742
0.19061704
0.20498054
0.18584482
0.18803969
0.18900804
0.20775169
0.18941833
0.19494076
0.18700705
0.18958949
0.17693989
0.17963618
0.1780083
0.1797651
0.18875848
0.19609548
0.18595372
0.1850639
0.17961298
0.19029264
0.2124229
0.1977775
0.20375533
0.18121397
0.18481556
0.19703755
0.23163047
0.20129018
0.19397387
0.18504465
0.18662362
0.2122879
0.19205631
0.19490772
0.22863366
0.20155154
0.20640054
0.20006245
0.18626736
0.19094327
0.26522028
0.19947346
0.19652289
0.20826095
0.18549946
0.18724987
0.19632494
0.19987923
0.19721352
0.20917055
0.19333509
0.1854696
0.2134922
0.20051359
0.21276395
0.20394474
0.18682289
0.18889019
0.19702153
0.18640459
0.19225553
0.1870091
0.17986491
0.1812005
0.19103917
0.18340664
0.18051322
0.17965177
0.18508407
0.19355029
0.19428442
0.16751303
0.16312091
0.1685453
0.17499281
0.17685916
0.18248586
0.18564495
0.17930557
0.17548622
0.17226604
0.17127846
0.1740176
0.17584988
0.18135613
0.17614321
0.16622177
0.16365367
0.16585252
0.17419481
0.17170267
0.17221831
0.16975111
0.16944413
0.15945452
0.16195256
0.16158523
0.1745888
0.16968186
0.16801833
0.15445991
0.14967541
0.15150511
0.15877777
0.16535042
0.16628046
0.1670748
0.16180179
0.15965559
0.15903755
0.16856399
0.1666937
0.17025436
0.16383973
0.16568436
0.16118246
0.15882058
0.15462744
0.1659303
0.1971975
0.17877786
0.17086329
0.17042686
0.15449351
0.15002717
0.14873247
0.1582978
0.16211216
0.15502714
0.15143347
0.15142739
0.15954904
0.16771238
0.17457727
0.16970295
0.16803104
0.15820962
0.15691261
0.15522507
0.14792316
0.15945022
0.15375023
0.15438618
0.14414828
0.15425692
0.16266614
0.16106388
0.15950295
0.15780218
0.15934616
0.16639455
0.16632055
0.16812965
0.16108814
0.15689796
0.15785804
0.1438024
0.14739567
0.15112434
0.1653038
0.16706449
0.15462767
0.14669533
0.14546378
0.15799692
0.1690666
0.17201424
0.17089039
0.17404725
0.16794783
0.16728918
0.15185511
0.15747064
0.15337773
0.15454635
0.14545901
0.13680857
0.13390283
0.14081226
0.15642579
0.15764765
0.15276143
0.14780098
0.14884253
0.1510222
0.14955938
0.15382254
0.1505179
0.1542016
0.15062991
0.14578053
0.13507396
0.13399002
0.14095423
0.15400012
0.15296283
0.15335803
0.14694698
0.15682247
0.15752977
0.14699924
0.13712068
0.13491787
0.14719121
0.14453594
0.14418253
0.13823277
0.15330808
0.15507378
0.16036332
0.1587252
0.15549181
0.14870185
0.1373463
0.134279
0.13842396
0.14655359
0.14603911
0.14286491
0.12866177
0.12633303
0.1214311
0.12672377
0.123955674
0.12441448
0.12524459
0.12571456
0.12688844
0.12298647
0.122113064
0.12627602
0.12573037
0.12813893
0.12192049
0.1206836
0.1275111
0.13132687
0.13278893
0.1264457
0.12092874
0.12402553
0.12504575
0.13839841
0.13673702
0.13760874
0.12566759
0.13112843
0.12947364
0.12714885
0.12172607
0.124250256
0.1344441
0.13972875
0.13411123
0.12594233
0.12498049
0.12981446
0.12748659
0.12535724
0.12628187
0.12841518
0.12563598
0.1211907
0.12339961
0.12763812
0.12628402
0.12730888
0.12428249
0.13001657
0.12613647
0.12510198
0.121480055
0.12387579
0.12525652
0.121038556
0.122921035
0.12256943
0.1295038
0.12334844
0.13108566
0.12751004
0.13471416
0.12331933
0.11881966
0.12261249
0.12537807
0.12955444
0.12754828
0.12621476
0.13440496
0.12752625
0.12641515
0.12690316
0.12976786
0.13310365
0.13045429
0.13608116
0.14014243
0.14085467
0.14035872
0.13805678
0.13597433
0.13117062
0.12650783
0.12956253
0.13325833
0.142176
0.14130399
0.14038447
0.14623235
0.14692768
0.1452089
0.14122732
0.14160085
0.14383933
0.13900502
0.14187989
0.1506159
0.14697851
0.1411334
0.13358523
0.1354367
0.13136075
0.13133603
0.13661209
0.14214961
0.13886806
0.1364155
0.13611127
0.14064762
0.14084126
0.14563325
0.14742155
0.14836702
0.14610219
0.14070125
0.14468233
0.1416884
0.14783911
0.142514
0.14561652
0.1387818
0.13687983
0.13749798
0.13724487
0.14105567
0.13299264
0.13368046
0.1369189
0.1419238
0.1474762
0.14039138
0.14231372
0.14263405
0.14358753
0.13638747
0.13280539
0.13497627
0.14935295
0.14474736
0.14054766
0.13825503
0.14145078
0.14726482
0.14424355
0.1490378
0.15359415
0.15018009
0.14454696
0.13587877
0.13390344
0.13362965
0.13844259
0.13910039
0.14693712
0.14836472
0.14515595
0.1425314
0.13954985
0.14931458
0.1600408
0.16587964
0.17043689
0.15967123
0.15640552
0.1466139
0.14296745
0.13406493
0.13305037
0.1351616
0.14747436
0.1466938
0.14866017
0.14220385
0.14734636
0.14191699
0.15043639
0.15888067
0.16432045
0.16242269
0.14638594
0.1419807
0.14698318
0.1558033
0.16290045
0.15823981
0.1606624
0.16175826
0.15588273
0.15035328
0.14777353
0.15999614
0.15746592
0.15736349
0.15734059
0.16105185
0.16211508
0.14944693
0.15070623
0.14926903
0.15162496
0.15572515
0.15320383
0.15667386
0.14987876
0.15508568
0.14896767
0.14737749
0.1477251
0.14761807
0.15489684
0.15269649
0.15952964
0.16485122
0.16504757
0.15876146
0.15734549
0.15463603
0.15691258
0.1508452
0.16942698
0.16791965
0.16755764
0.14699535
0.15273458
0.16101521
0.16391523
0.16321799
0.15515946
0.15748285
0.16236359
0.17078985
0.16490869
0.15792151
0.15302059
0.16480435
0.16611117
0.17386621
0.1680067
0.16865097
0.16550094
0.16183603
0.15741344
0.14976749
0.15259443
0.14971688
0.14364585
0.14070764
0.14125454
0.14241344
0.14382385
0.15432271
0.15879908
0.15828471
0.15548472
0.1479773
0.14860047
0.14051571
0.14776172
0.14689885
0.14758831
0.15075885
0.14741442
0.14591083
0.14293455
0.14307533
0.14954585
0.14864129
0.14853731
0.14857972
0.14728597
0.1483011
0.14561725
0.15351397
0.15856074
0.16309659
0.16495912
0.16843437
0.16529104
0.15775771
0.14942051
0.1458231
0.13913031
0.14493103
0.14219677
0.14500743
0.13865265
0.14430726
0.14824551
0.15911785
0.15516414
0.15539904
0.14550318
0.15076846
0.15160128
0.14658792
0.13934799
0.13379782
0.13885826
0.13680094
0.13750033
0.13412428
0.1456666
0.15117575
0.15022242
0.14336303
0.1367677
0.13946566
0.13984509
0.14730045
0.14421105
0.14632536
0.14452466
0.1422854
0.13948312
0.13441114
0.13561837
0.14311445
0.14601521
0.15385751
0.14549285
0.14283778
0.14278449
0.14798044
0.14249861
0.1420038
0.1383595
0.14143164
0.13557473
0.13539903
0.1430738
0.14688434
0.1438017
0.13665442
0.13787352
0.1475213
0.14596811
0.13895687
0.13465197
0.14073986
0.14316365
0.14174245
0.1465421
0.14410646
0.14286728
0.13869679
0.14678921
0.14784843
0.13948414
0.13526884
0.13250868
0.14106114
0.1451388
0.15055284
0.1517645
0.15266088
0.1577168
0.15499137
0.15530047
0.1473365
0.14417274
0.14108972
0.1435467
0.15557112
0.16215575
0.16629946
0.15625376
0.15641797
0.15103902
0.1534682
0.15167706
0.1577137
0.15899229
0.1707506
0.16753344
0.16402756
0.14758731
0.14840549
0.15268736
0.15701927
0.15958485
0.15996464
0.15757866
0.1589306
0.15861636
0.15642874
0.15457483
0.1570841
0.16862534
0.16616444
0.16558947
0.16072385
0.16451207
0.1640815
0.17239091
0.16888918
0.17200427
0.1636676
0.16781954
0.15925172
0.16123438
0.17097759
0.18405446
0.1827123
0.16766293
0.16056049
0.16201505
0.16795728
0.17916583
0.18623646
0.18962583
0.18593882
0.18216056
0.18768151
0.19039883
0.19153295
0.1804622
0.17670725
0.18051168
0.18748488
0.18482266
0.17645106
0.17370923
0.17309833
0.1776277
0.17800853
0.17688465
0.17060709
0.17864135
0.17967705
0.18802671
0.18363753
0.18267061
0.17957947
0.17597136
0.18342009
0.18285768
0.17709279
0.17750579
0.17674576
0.1831091
0.18274137
0.176661
0.1747891
0.16655216
0.17050226
0.1729286
0.18074974
0.17993799
0.17515399
0.16894323
0.17603134
0.17904517
0.1833789
0.17772007
0.17653821
0.17738135
0.1780055
0.18107185
0.18078902
0.18796617
0.18275112
0.18111204
0.17804907
0.1802476
0.17347576
0.17387868
0.18846975
0.20335156
0.20796722
0.18643142
0.17797457
0.16874848
0.18631272
0.17981766
0.1825548
0.1732818
0.17655139
0.18082684
0.1838081
0.180936
0.17907657
0.1796315
0.18161559
0.17636277
0.18042108
0.18345737
0.18858008
0.17996539
0.18203947
0.17179427
0.1702692
0.16728549
0.17237869
0.17658551
0.17486857
0.18801792
0.18681312
0.18754351
0.17762575
0.17328773
0.17974238
0.17492546
0.18161276
0.18616323
0.19119641
0.18556474
0.17761482
0.17541961
0.18326555
0.18576795
0.19110732
0.18582688
0.1771707
0.1830621
0.185285
0.19763364
0.18612763
0.20125708
0.1949388
0.1945208
0.18629979
0.18792376
0.19156039
0.19286212
0.19014288
0.19685516
0.18827906
0.19857357
0.19067782
0.1876649
0.17997833
0.17291771
0.17679998
0.17761712
0.18332197
0.17515498
0.20141755
0.20419565
0.21989512
0.19483419
0.19825529
0.18984148
0.19394937
0.18866444
0.18733838
0.18304357
0.18179171
0.18965033
0.18700488
0.19139205
0.18909614
0.18938977
0.19315144
0.18453601
0.1846405
0.17742048
0.18824162
0.19592324
0.19609804
0.19855228
0.18710424
0.19450882
0.18570408
0.18805178
0.18232289
0.18146014
0.18639444
0.19498922
0.20003237
0.20076826
0.19164608
0.19172493
0.18391539
0.1822238
0.18083474
0.1918307
0.1891798
0.18812467
0.1763661
0.18155347
0.19747552
0.20108183
0.19712189
0.1760103
0.17885669
0.17657655
0.18158434
0.1829028
0.18389665
0.18792021
0.19365272
0.20485376
0.20034073
0.19504514
0.19675621
0.19287355
0.19170545
0.18409586
0.1860453
0.18723111
0.18758367
0.19728953
0.1953221
0.20090458
0.1849076
0.18400864
0.18745999
0.19857654
0.20006526
0.19380574
0.19191533
0.20130105
0.19855984
0.20032203
0.20046547
0.20674685
0.20396636
0.1890974
0.17970867
0.18538482
0.19249955
0.20911188
0.21197543
0.21500485
0.20339294
0.20084324
0.19292575
0.185367
0.18111773
0.19244222
0.21413524
0.22660021
0.22508122
0.20938632
0.21248703
0.19969691
0.20183608
0.18835475
0.19990204
0.20290323
0.20283732
0.20507741
0.20052087
0.20178728
0.19959016
0.21069811
0.21392326
0.21684934
0.21342246
0.20849049
0.20839965
0.20249195
0.1997587
0.19857618
0.19956984
0.21256615
0.20210364
0.21073374
0.1977691
0.20520653
0.209909
0.21269341
0.21643093
0.2004373
0.2025979
0.19466244
0.20334384
0.20432274
0.2153085
0.22451594
0.22043003
0.21414474
0.21513483
0.23019812
0.23132737
0.22058484
0.21772163
0.22020388
0.22032538
0.20922467
0.20494051
0.20988236
0.2146515
0.21774724
0.20903707
0.212089
0.20966601
0.22112563
0.22030516
0.22527926
0.21987753
0.22404385
0.22624068
0.23346174
0.2389798
0.24313623
0.22207181
0.21228404
0.2084754
0.21986903
0.22334331
0.21398224
0.21609828
0.21080408
0.21784166
0.21084407
0.21060438
0.20002411
0.20838052
0.20580304
0.21706742
0.21066704
0.20860712
0.2012496
0.22159891
0.23110841
0.2293472
0.21445663
0.20688403
0.20993264
0.20428249
0.19248943
0.19199221
0.19728749
0.20700224
0.2117124
0.2092078
0.21762586
0.21930273
0.22313854
0.2167824
0.20680995
0.20224638
0.20822777
0.21093489
0.20993233
0.20810454
0.21664828
0.2222285
0.22449446
0.221655
0.22093095
0.22115181
0.22212903
0.21694551
0.21358469
0.21791342
0.21943903
0.21406443
0.2007897
0.20892347
0.22074339
0.2272918
0.22051845
0.21520686
0.21986452
0.21910879
0.20827577
0.20865414
0.21107437
0.22256097
0.21322456
0.21658954
0.216571
0.22272487
0.22143053
0.22967136
0.23349027
0.22092542
0.20783012
0.20294587
0.20613389
0.21392024
0.21092221
0.22103015
0.21779351
0.22430427
0.21887206
0.22582944
0.2204371
0.22461118
0.2209126
0.2170551
0.20914146
0.22968578
0.23334967
0.22337359
0.21216173
0.21860173
0.22985089
0.22249079
0.21411034
0.21443145
0.20997663
0.20923106
0.20121951
0.19747174
0.20768936
0.21805218
0.21257792
0.20793983
0.20703866
0.21058673
0.20853674
0.21180093
0.2218967
0.22694921
0.22515732
0.2199982
0.21831483
0.21930948
0.22250018
0.21282938
0.21050216
0.20379727
0.2122722
0.21982591
0.22328453
0.22254916
0.2135655
0.20302273
0.20271723
0.21446726
0.22116964
0.22631094
0.21586114
0.21227218
0.20340583
0.2128438
0.2176592
0.22197746
0.2170362
0.21902955
0.22234315
0.22766386
0.23403321
0.22404703
0.21543285
0.20713635
0.22998749
0.22353235
0.21479407
0.19301848
0.1999646
0.1996824
0.19814688
0.20506257
0.22150825
0.22442856
0.22282907
0.2189255
0.22184445
0.21677229
0.21550024
0.22213182
0.22150145
0.2166615
0.20547144
0.20339096
0.20198645
0.21054584
0.22020292
0.22516324
0.23039554
0.22375287
0.2190548
0.21286672
0.22276781
0.2288028
0.2419236
0.24357347
0.24537492
0.22972563
0.21340212
0.21012726
0.20915261
0.21709158
0.2185492
0.22168049
0.21312217
0.214482
0.21878104
0.21677016
0.22134459
0.22402725
0.22861178
0.22486597
0.22760396
0.23536
0.2338799
0.22264436
0.21419339
0.2213466
0.2208386
0.22189516
0.226582
0.22876143
0.24240716
0.22908363
0.23372807
0.2279263
0.23940118
0.24437638
0.24142693
0.23575236
0.24275343
0.25710052
0.25643784
0.25195652
0.23769408
0.23968701
0.2299387
0.23060696
0.23794454
0.24590987
0.26091963
0.25915143
0.26083073
0.25597844
0.2629818
0.2654614
0.2629716
0.25931278
0.2577105
0.26563427
0.26171064
0.2531414
0.24482289
0.24554119
0.25195384
0.26602983
0.24636799
0.24968052
0.24155682
0.26179013
0.26156676
0.25740343
0.25464016
0.26622036
0.26590028
0.2664894
0.25649652
0.2550233
0.25889716
0.25957713
0.26709193
0.27179918
0.26915666
0.26190463
0.25062242
0.25558677
0.26570666
0.27542126
0.27404338
0.2755057
0.2805964
0.27110237
0.25788525
0.24673761
0.24976656
0.2499429
0.26116273
0.2640022
0.26717687
0.24909616
0.25105405
0.25555074
0.2713103
0.26785764
0.26735628
0.2748675
0.28029224
0.27794793
0.27316025
0.26813993
0.26309472
0.25475094
0.2594107
0.25362772
0.25596538
0.26178947
0.269263
0.2713023
0.2704326
0.27124277
0.26487657
0.25045595
0.2523067
0.25017235
0.24400955
0.23794962
0.24015829
0.24222623
0.25634992
0.2611504
0.26708505
0.26646817
0.25992775
0.2719407
0.28214246
0.2841849
0.2791941
0.27310577
0.27790093
0.2661093
0.2607223
0.250573
0.26585087
0.26135328
0.26968402
0.26436955
0.2696466
0.27426356
0.29916334
0.3174731
0.31787667
0.30292082
0.28464746
0.2674817
0.2560038
0.25657058
0.25879705
0.27219817
0.26496664
0.28281096
0.27808207
0.2849442
0.2724465
0.26890153
0.27591962
0.2890221
0.28513053
0.27490693
0.26392478
0.26077494
0.25967726
0.2619272
0.26714265
0.27953318
0.27313727
0.27926877
0.2619675
0.2701614
0.26150876
0.2587637
0.2570068
0.25662348
0.25275692
0.2577355
0.27281797
0.2851939
0.27220663
0.25841403
0.24577902
0.26084062
0.25274408
0.26347113
0.24375594
0.2525124
0.24597919
0.2556681
0.2536145
0.26001352
0.25409204
0.25967908
0.25408006
0.25966957
0.24829912
0.25139067
0.2554694
0.255788
0.24775758
0.2501198
0.25288597
0.2627916
0.27757695
0.27397084
0.27975422
0.26319194
0.26052746
0.2576232
0.26647103
0.27149278
0.26307568
0.24895881
0.24691461
0.25946996
0.2706614
0.2717621
0.2660992
0.27657998
0.26876625
0.2659792
0.25940803
0.26457897
0.2512697
0.24460462
0.24939282
0.2578546
0.2542003
0.26850778
0.27295798
0.2551652
0.22464424
0.22993755
0.24451849
0.2658108
0.2516092
0.23844488
0.24164186
0.25281507
0.26057228
0.25427192
0.25100282
0.25849503
0.25868237
0.25155598
0.25817966
0.24932761
0.26699588
0.2595661
0.2647476
0.25180152
0.25425434
0.2538383
0.26971483
0.26163164
0.26641408
0.2670725
0.27417478
0.28742298
0.28383115
0.29386815
0.29284543
0.2815996
0.265949
0.26004794
0.27859226
0.29177192
0.32787243
0.31289962
0.300482
0.2746042
0.2867251
0.2987868
0.30764973
0.30051672
0.30318108
0.29588708
0.29725912
0.2957519
0.27749687
0.27506536
0.27898064
0.31235912
0.3242546
0.3309842
0.31468388
0.32062972
0.3124324
0.30936107
0.33017373
0.32296494
0.33595207
0.30835193
0.33076668
0.32244164
0.32340142
0.32533813
0.33301467
0.33708397
0.33483338
0.32250628
0.3224901
0.3260761
0.3495102
0.3550974
0.3608186
0.35253608
0.35500342
0.3694223
0.36529726
0.3610044
0.34999436
0.33597034
0.3391978
0.3374024
0.3451282
0.3506826
0.34561723
0.36049995
0.3610644
0.34753188
0.33076364
0.3409413
0.3401606
0.34507132
0.3350138
0.34016
0.3444849
0.3254907
0.32717478
0.32491562
0.32162353
0.31715783
0.3101974
0.32695085
0.32644227
0.34455103
0.33283386
0.32417712
0.30924103
0.30069992
0.2994571
0.288264
0.31020367
0.3048403
0.31309092
0.30482382
0.31258777
0.31789005
0.30883923
0.30431864
0.2930468
0.29920614
0.33719316
0.3479015
0.35318822
0.31120917
0.3064538
0.2975063
0.29349157
0.3053699
0.31651506
0.3393297
0.33457845
0.3196149
0.30324686
0.28615874
0.29657298
0.28832227
0.28747234
0.27063113
0.27970168
0.29431254
0.30716288
0.3067653
0.30585182
0.27808586
0.2692323
0.25578532
0.27332866
0.29145613
0.30473426
0.3042522
0.28985047
0.27738106
0.29274338
0.30156603
0.30375838
0.28227386
0.29187524
0.28618887
0.29508266
0.2896499
0.31060418
0.30668417
0.30952856
0.29012337
0.29039562
0.28372782
0.27553788
0.27837628
0.30474237
0.34328413
0.36579883
0.34846252
0.32953233
0.31890196
0.31702927
0.31725788
0.30725312
0.30523875
0.31037152
0.33823738
0.3370235
0.32278162
0.30158284
0.30106804
0.30723903
0.30411395
0.31982422
0.32143846
0.32021937
0.3212893
0.32233903
0.32210925
0.30383906
0.30504024
0.29565385
0.29079655
0.29000518
0.29483995
0.2875992
0.2902449
0.30280125
0.33311805
0.31718254
0.32165942
0.30203307
0.3136865
0.30221927
0.29251194
0.29273987
0.28685945
0.3040411
0.30123752
0.29864347
0.29066962
0.27976808
0.27811867
0.2728668
0.27878478
0.27276874
0.26608658
0.263817
0.2742287
0.2747928
0.28390908
0.2820151
0.28692517
0.25502574
0.2553154
0.25076863
0.2553344
0.2665493
0.27378148
0.28968608
0.29533538
0.27009568
0.2720464
0.26923817
0.2623122
0.27644518
0.278903
0.28720626
0.27024478
0.26962975
0.25909227
0.24393463
0.23985612
0.2654163
0.28029254
0.27331513
0.2676087
0.25299636
0.24264948
0.24680114
0.25847286
0.276898
0.2609681
0.2454124
0.24843456
0.25016356
0.25140208
0.2514882
0.25367308
0.24766286
0.2418551
0.24756026
0.2685479
0.2865746
0.29126632
0.28000498
0.2678314
0.2579641
0.26004708
0.26817447
0.28070244
0.27862573
0.27775112
0.27688494
0.27717894
0.26955628
0.26233062
0.2616278
0.26832536
0.2874388
0.3204088
0.30161712
0.29926845
0.28885552
0.27296636
0.2820136
0.28488913
0.2927541
0.30271047
0.3041346
0.30313715
0.29443902
0.30198732
0.3048753
0.29443574
0.29248774
0.29234207
0.28542262
0.2952865
0.29913163
0.29237497
0.2974377
0.2741175
0.2796759
0.2820921
0.28414816
0.31444976
0.30417293
0.2900938
0.2815628
0.26323643
0.2608495
0.2583437
0.2475818
0.2498459
0.25318924
0.26540077
0.24410737
0.24069902
0.24099538
0.24392422
0.24842215
0.25801376
0.26482278
0.26286337
0.2688925
0.26720208
0.27573714
0.28289214
0.28737596
0.29260707
0.2770172
0.27963495
0.27414075
0.27620757
0.27704057
0.28002757
0.27145737
0.27434507
0.27915305
0.27435097
0.27296287
0.28028145
0.27570745
0.27849144
0.27291235
0.28139865
0.29078057
0.29529947
0.2946315
0.31059933
0.31019196
0.3107161
0.31793505
0.3072733
0.29233465
0.29186141
0.2807868
0.2833971
0.30504403
0.30420914
0.29841614
0.29512864
0.28418106
0.257335
0.26428753
0.26693556
0.2773317
0.27683723
0.29501438
0.29340568
0.30598658
0.30445448
0.3034285
0.30474487
0.3144586
0.29482955
0.3088122
0.31431857
0.31597844
0.31676176
0.33815005
0.31812158
0.3213807
0.3186485
0.31630665
0.30831215
0.30284673
0.30853194
0.30272752
0.29360095
0.30286196
0.31607506
0.33291107
0.3439334
0.3573208
0.34847343
0.33138666
0.30307412
0.3038753
0.29658684
0.3006786
0.30161548
0.32312346
0.3053966
0.2978742
0.2835825
0.28638142
0.26016533
0.26175693
0.25705323
0.25006697
0.25369063
0.2551744
0.24686626
0.2538326
0.2665696
0.25808766
0.25082764
0.2517089
0.24864869
0.24484242
0.23352282
0.24218269
0.24768056
0.2439473
0.2380475
0.23399879
0.2483343
0.2491909
0.24795228
0.2533843
0.25901526
0.2569395
0.25794855
0.26922244
0.2544238
0.2567941
0.26985934
0.27357814
0.27201954
0.27680922
0.28549486
0.31942677
0.30252776
0.31243774
0.30721232
0.3058295
0.28807697
0.27696538
0.28418118
0.30848232
0.29776394
0.29099518
0.29155815
0.26996744
0.26895565
0.26755795
0.2738815
0.28023258
0.28846493
0.28993118
0.3108757
0.30798912
0.3097463
0.30857572
0.2965723
0.28774065
0.28518358
0.29096174
0.29335114
0.29639688
0.2909969
0.28421137
0.2808917
0.27655858
0.27256998
0.2751434
0.29410887
0.30507255
0.30330193
0.31787908
0.32305622
0.3322613
0.31902635
0.33019134
0.32808542
0.3385878
0.3318229
0.3238318
0.3091915
0.31227252
0.30141115
0.2995263
0.30167836
0.31620198
0.3280102
0.32598567
0.32953498
0.30652982
0.29505354
0.29345873
0.29144165
0.27509406
0.27289948
0.27179793
0.2716173
0.271021
0.25663292
0.2513073
0.26312822
0.26687524
0.2829328
0.286718
0.2931705
0.3054555
0.31251585
0.31356642
0.3146544
0.3089637
0.31812283
0.31825113
0.32575738
0.30680543
0.30848724
0.30362037
0.29656193
0.3035311
0.30040708
0.31111786
0.32657078
0.32953104
0.33525345
0.34833407
0.35503513
0.35791883
0.34804904
0.36378354
0.37402132
0.39600968
0.40243423
0.40728593
0.39806223
0.3940076
0.37465248
0.35400102
0.3503893
0.36099106
0.369681
0.3765075
0.39726532
0.401037
0.40832844
0.4158747
0.4139845
0.43075734
0.441786
0.41640425
0.47068232
0.49933314
0.4660388
0.4803739
0.4783159
0.4334941
0.41138554
0.41005257
0.45871434
0.48127007
0.5301168
0.5521572
0.56865406
0.5507896
0.49770862
0.4687106
0.50069255
0.55588466
0.573352
0.5907225
0.5728611
0.5556679
0.4892125
0.47832248
0.49740392
0.4862466
0.4870663
0.51522756
0.5751085
0.5752435
0.544707
0.5733749
0.63078314
0.5964777
0.5997936
0.63555664
0.59464306
0.51951694
0.5065064
0.51530594
0.52660567
0.5155096
0.59621656
0.6148856
0.6799693
0.7034034
0.6939005
0.6531803
0.6604018
0.6045917
0.5820266
0.60165066
0.5804618
0.611119
0.624719
0.610356
0.61519694
0.6050597
0.58268785
0.60066015
0.62358713
0.6410858
0.70008117
0.67344415
0.6642993
0.6112035
0.5937877
0.5799631
0.5423019
0.54955804
0.5743517
0.6181361
0.6465004
0.6361807
0.6512573
0.6942814
0.67120945
0.633246
0.59594536
0.6030631
0.6088994
0.590313
0.6274765
0.65043575
0.692608
0.76180625
0.70657986
0.70629823
0.7189522
0.75373846
0.7499483
0.8358548
0.81676203
0.77106094
0.7707212
0.73102236
0.67816454
0.68124795
0.7259754
0.75087535
0.68834466
0.72552717
0.78915983
0.81674725
0.7744189
0.7252144
0.75444937
0.82691026
0.824084
0.75849515
0.7178462
0.8091342
0.8550839
0.82418466
0.8233547
0.82418597
0.8413489
0.8953943
0.7876583
0.80595255
0.8291138
0.86428916
0.8270391
0.8376498
0.88583434
0.91901445
0.8597257
0.8648199
0.8409829
0.8427986
0.836296
0.8249701
0.7200792
0.76615804
0.78247577
0.7519178
0.72512704
0.76217216
0.74381024
0.73344654
0.7237932
0.7155061
0.73017097
0.72334045
0.7179486
0.73127407
0.7209819
0.72159594
0.69788694
0.683948
0.6626015
0.6811672
0.6708015
0.6943168
0.6916217
0.6679887
0.62538606
0.6279876
0.62325865
0.634029
0.6236648
0.6377287
0.6438769
0.6512226
0.6606716
0.65780437
0.67224467
0.6463152
0.68464303
0.673098
0.6945644
0.72077733
0.750138
0.7333444
0.76839924
0.7754226
0.7775047
0.7550403
0.7353938
0.7615903
0.7755993
0.7634049
0.7448475
0.745024
0.78522974
0.78374255
0.78374255
0.78374255
0.78374255
0.78374255
0.78374255
0.78374255
0.78374255
0.78374255
0.78374255
0.78374255
0.78374255
0.78374255
0.78374255
0.78374255
0.78374255
