915.0811
434.0456
288.2284
232.73668
199.32674
174.51161
155.1633
139.05862
125.41325
113.65323
103.40828
94.42064
86.602646
79.39559
73.1135
67.39429
62.123356
57.623913
53.462685
49.612637
46.3244
43.217472
40.49489
37.952126
35.53187
33.393578
31.411766
29.667442
28.006817
26.485458
25.110468
23.872162
22.720432
21.592583
20.635075
19.656673
18.833467
18.000708
17.228235
16.510408
15.930449
15.338608
14.710282
14.203312
13.661436
13.202293
12.730793
12.411004
11.956307
11.579395
11.243968
10.921526
10.630407
10.348178
10.036221
9.78729
9.5266695
9.330277
9.034032
8.896883
8.661216
8.46297
8.318689
8.154205
7.8979816
7.8021426
7.5685177
7.4389677
7.295574
7.1238885
7.0131154
6.9134955
6.793381
6.627506
6.512688
6.418119
6.306475
6.169977
6.1359696
6.0802436
5.954586
5.8627014
5.80969
5.6282897
5.5594134
5.470989
5.4696784
5.329871
5.3077736
5.16463
5.1120358
5.0276484
4.9989944
4.923029
4.8792953
4.7853656
4.7373524
4.6535525
4.6423516
4.59648
4.537575
4.523007
4.4392843
4.380983
4.320735
4.3031974
4.2625694
4.2330637
4.1624675
4.129927
4.136846
4.0567675
4.0427732
4.0013003
3.9692545
3.909863
3.8616884
3.888176
3.8236246
3.8358376
3.752405
3.701242
3.7003267
3.7115269
3.6330419
3.5727503
3.5590212
3.5251462
3.4833364
3.509876
3.4944506
3.4439175
3.416298
3.4118707
3.3846655
3.3350027
3.318475
3.3162086
3.2853847
3.2659547
3.269726
3.18122
3.2371287
3.1771111
3.155475
3.106072
3.1121294
3.0903337
3.0795302
3.068979
3.0056467
3.0252194
2.9822032
3.0146594
2.9403746
2.9272172
2.9282928
2.9326077
2.880665
2.855559
2.8573334
2.8320332
2.8098598
2.8060205
2.7841647
2.8015165
2.7622776
2.767055
2.7416034
2.7239428
2.716665
2.7348428
2.7124116
2.7453897
2.664984
2.6910882
2.6550987
2.6432486
2.621097
2.5932925
2.6136715
2.5897844
2.5682554
2.581329
2.5455966
2.5499322
2.5470693
2.5422647
2.503895
2.5202916
2.5228903
2.4698107
2.4579728
2.4658344
2.496112
2.4762137
2.4719512
2.4315648
2.435158
2.4098012
2.4359796
2.410232
2.4153333
2.3933566
2.38299
2.3825438
2.3551836
2.3578176
2.3443935
2.3383248
2.3359592
2.3135777
2.353132
2.2968361
2.2730339
2.2639785
2.2494078
2.2754962
2.2623947
2.2513237
2.2634423
2.2875748
2.2124314
2.2162006
2.2058828
2.2268732
2.2169194
2.1744719
2.1793487
2.1386075
2.1498687
2.1348765
2.1316178
2.1361308
2.1489112
2.1241176
2.148244
2.2165427
2.1155107
2.1179445
2.1097634
2.1249914
2.0609376
2.085631
2.1299841
2.0839942
2.0801997
2.057168
2.0532157
2.054246
2.0626824
2.060863
2.059034
2.0809133
2.0258558
2.0239258
2.0549934
2.0242047
2.029288
2.0311418
1.996296
2.0127199
2.0137508
2.0072472
1.9965051
2.0070326
1.9780935
1.9823855
1.9993794
1.9826975
2.001772
1.9873269
1.9690031
1.9643507
1.9396381
1.9388396
1.9538759
1.934807
1.9234697
1.9267135
1.9067172
1.9192541
1.9320402
1.8920633
1.9162989
1.9049877
1.9099085
1.8973341
1.9104704
1.9109346
1.8986638
1.8969079
1.899356
1.9027065
1.879529
1.8771985
1.8788618
1.8933765
1.8762246
1.8741403
1.8796374
1.8780586
1.8800035
1.9017136
1.865414
1.8564297
1.8496532
1.8574352
1.8551122
1.8541566
1.8424581
1.8409235
1.8737438
1.8436071
1.821854
1.8250126
1.8313476
1.825075
1.847198
1.8153507
1.8078846
1.8079019
1.7967176
1.7915219
1.7960124
1.7775271
1.7784613
1.7735174
1.7596573
1.771685
1.7833424
1.7593944
1.7444937
1.7422537
1.7501997
1.7557906
1.7585111
1.7287132
1.7470328
1.7553385
1.7439289
1.7444801
1.7461624
1.7424017
1.7401433
1.7443529
1.7406269
1.7543793
1.7406703
1.7486778
1.7389836
1.7332594
1.7359322
1.7169667
1.7313299
1.7223307
1.7236305
1.7344377
1.71875
1.719878
1.700885
1.7075939
1.6887226
1.7111609
1.6877385
1.6836557
1.6999425
1.6706464
1.6816844
1.6701787
1.6795241
1.6754246
1.6830614
1.6694987
1.6489165
1.6572613
1.6568706
1.652612
1.6446176
1.6368653
1.6568612
1.6437074
1.6557599
1.6369687
1.6312029
1.634855
1.6377968
1.6350135
1.640171
1.6273769
1.6248727
1.6135801
1.6254697
1.6096103
1.6198415
1.599952
1.6108114
1.6085194
1.591456
1.5781945
1.5823084
1.6049277
1.6071504
1.5855836
1.5859792
1.5767555
1.5753927
1.5586139
1.5805303
1.5841337
1.587121
1.5633574
1.5601358
1.5528489
1.5707467
1.5488428
1.5493565
1.5652063
1.5430797
1.5494266
1.5479444
1.5490409
1.5319934
1.5378228
1.5386871
1.5506085
1.5244956
1.5396273
1.5433456
1.5439955
1.5318435
1.5303644
1.5405006
1.5297023
1.5346603
1.5196364
1.5294324
1.518493
1.5351287
1.529805
1.5249561
1.5283886
1.5189898
1.5168327
1.5271003
1.5230881
1.5377442
1.511516
1.5264401
1.5065684
1.525717
1.5222787
1.505856
1.4994001
1.502082
1.4978229
1.500331
1.4830421
1.4865406
1.4924749
1.5059589
1.4993597
1.4886309
1.4820651
1.4640869
1.4818215
1.4753948
1.4714762
1.4721435
1.4620154
1.4730006
1.4687176
1.4477619
1.4433749
1.4390947
1.4559122
1.4382861
1.4463848
1.4420485
1.4433997
1.4520764
1.4390432
1.452137
1.4467804
1.4339715
1.4408921
1.4375752
1.4315457
1.4383659
1.425411
1.4227741
1.4366233
1.4290817
1.4408273
1.4180053
1.4061226
1.4154836
1.4395692
1.4150385
1.4254583
1.4125277
1.4109883
1.4168013
1.4102641
1.4125285
1.4130162
1.4068195
1.4118159
1.4062432
1.3984705
1.39515
1.3887943
1.3848591
1.3885506
1.4033133
1.3983943
1.384955
1.38134
1.3857704
1.3939883
1.3768171
1.3662345
1.3836603
1.3937299
1.3770611
1.3706281
1.3801332
1.3821415
1.3628246
1.3669705
1.3463517
1.3578753
1.35558
1.3507938
1.3696542
1.3526744
1.3555037
1.362989
1.3590271
1.362477
1.3696558
1.3548615
1.3648077
1.3539398
1.3501992
1.3511524
1.3424613
1.3597467
1.3448828
1.3437355
1.3429438
1.3204962
1.3337466
1.3316815
1.3234884
1.3299229
1.3357129
1.3538678
1.3359094
1.331491
1.3414422
1.3401756
1.3208809
1.3333824
1.3432803
1.3381882
1.3158343
1.3199283
1.320774
1.314493
1.3245677
1.3249869
1.3077024
1.30766
1.3109932
1.3137007
1.3068485
1.3112231
1.3062123
1.2997643
1.30083
1.2854369
1.2816498
1.2767643
1.254678
1.2625728
1.2864764
1.2632381
1.2715364
1.2654037
1.2531391
1.2458017
1.2626114
1.2460815
1.2476051
1.2531937
1.2424788
1.253603
1.2505624
1.2453018
1.2463342
1.2478285
1.2358294
1.2362161
1.2401688
1.229833
1.2464395
1.2429721
1.2304045
1.2208455
1.209112
1.2237012
1.2327077
1.2150173
1.2155997
1.2288122
1.2072897
1.2005757
1.207146
1.2100735
1.1959978
1.1988289
1.2011726
1.186135
1.2001312
1.1952325
1.1976826
1.1805756
1.1828365
1.1746775
1.1802837
1.1764514
1.1889685
1.1725485
1.1850812
1.1621895
1.163096
1.1725698
1.1879648
1.1505219
1.1486741
1.1667923
1.1677874
1.1757544
1.168649
1.1715736
1.1514962
1.158702
1.1539475
1.1678354
1.1459904
1.1473372
1.1470352
1.1497029
1.1578605
1.1561722
1.1322087
1.1447313
1.1407743
1.1482217
1.1315731
1.1318505
1.149674
1.1208295
1.137935
1.1307204
1.1280098
1.1323855
1.1274122
1.1360604
1.1174748
1.1235155
1.1177483
1.1268637
1.1228527
1.1233293
1.1232455
1.1184394
1.0959272
1.107996
1.1100061
1.1121528
1.0982813
1.0907397
1.0922713
1.0928016
1.0956693
1.0894241
1.0943024
1.0716591
1.0897309
1.0885135
1.0879674
1.0911527
1.074754
1.0681312
1.0772474
1.0887132
1.0812019
1.0827178
1.0702556
1.0819288
1.0578533
1.0621344
1.0733471
1.0565659
1.0659993
1.0714711
1.0571519
1.0506853
1.0773215
1.0482727
1.063089
1.0508643
1.0547495
1.0534278
1.0628604
1.044598
1.0504769
1.0414116
1.0456522
1.0497544
1.0327032
1.0439829
1.0420521
1.0426211
1.0457352
1.0501049
1.0379132
1.0409179
1.034209
1.0232929
1.0383936
1.0426836
1.0195293
1.0383735
1.018367
1.0273463
1.0251758
1.022464
1.0241183
1.0180377
1.0113176
1.0005461
1.0123959
1.001303
1.0011892
1.0021749
0.99183273
0.98627496
1.0038177
0.99109685
0.99250036
0.9945803
0.9781685
0.9807222
0.9727993
0.9821728
0.96106124
0.9915824
0.9853868
0.97111124
0.96176654
0.9544575
0.96586937
0.96776766
0.954354
0.94422746
0.9636133
0.9472147
0.9702841
0.9445839
0.96039885
0.9505754
0.9581626
0.935913
0.93875027
0.94700193
0.9403843
0.94647324
0.95382905
0.9511152
0.9406657
0.93930584
0.9455448
0.9397737
0.9341386
0.9334632
0.9317665
0.9239654
0.9209985
0.922149
0.92762613
0.9288595
0.92062765
0.9329792
0.90971535
0.9193845
0.91394734
0.9106629
0.9071752
0.90510905
0.9142454
0.9041488
0.90257645
0.8872848
0.8944936
0.88300246
0.8813856
0.89493346
0.8930327
0.88439107
0.8781992
0.8902733
0.8834352
0.87392706
0.8747341
0.88619614
0.8631365
0.8713208
0.861066
0.86993873
0.847663
0.87308764
0.85369456
0.85436314
0.84224766
0.84441525
0.85186636
0.85075307
0.85288286
0.84866977
0.8318656
0.84584755
0.82366073
0.8560966
0.8382148
0.8449647
0.82898617
0.83820117
0.83105546
0.83571476
0.8279713
0.8330715
0.8339847
0.82746536
0.82425886
0.82385254
0.8389339
0.82082254
0.815286
0.81513673
0.8222203
0.8226007
0.808309
0.8154006
0.80322516
0.8202076
0.7976434
0.7934786
0.79916644
0.799615
0.7974253
0.795782
0.8023573
0.80886585
0.7940727
0.7979835
0.79526544
0.7935038
0.8021453
0.78888524
0.78886443
0.80302465
0.78948486
0.7867997
0.7865285
0.7825962
0.79104835
0.78191966
0.783682
0.77502376
0.78231007
0.7909133
0.7803738
0.7918281
0.7738499
0.7700628
0.7774202
0.7708915
0.7743295
0.7801559
0.7825283
0.7840137
0.78218526
0.7642118
0.7730165
0.76143146
0.7774432
0.7759966
0.7777607
0.76868844
0.7751051
0.7604545
0.7708015
0.77516836
0.7597145
0.7648571
0.7519716
0.7543072
0.7600477
0.7521429
0.7575221
0.7595531
0.7617579
0.7539141
0.7514843
0.7487465
0.7475815
0.73900765
0.7497247
0.75052816
0.7299792
0.75345194
0.74565333
0.74873924
0.7304728
0.7437749
0.7378186
0.73903894
0.7346652
0.72140133
0.7437961
0.73154795
0.7325772
0.72996086
0.7208955
0.74597615
0.7285676
0.7255812
0.7316945
0.72227925
0.7231702
0.7289255
0.72730243
0.7137572
0.733678
0.7163134
0.7124338
0.7167639
0.7043092
0.7065991
0.7319979
0.7157839
0.71082187
0.71360284
0.71153027
0.7302583
0.70647573
0.7091598
0.7050128
0.709411
0.71400785
0.7116087
0.70719594
0.71402204
0.6971669
0.69743925
0.70423514
0.7106124
0.7041427
0.7187946
0.6946432
0.7056656
0.70032686
0.70578265
0.69550663
0.6982623
0.6894199
0.6927518
0.6903873
0.70043045
0.6930088
0.6933203
0.69203585
0.6905796
0.68568206
0.69091743
0.691654
0.68782485
0.6774403
0.6841383
0.68747467
0.69195724
0.69939876
0.6821153
0.6817412
0.6893787
0.68780464
0.6870247
0.6734335
0.6752049
0.6868096
0.6877442
0.66735953
0.68027955
0.67364967
0.6787866
0.68133503
0.6708937
0.68908197
0.6795371
0.6666352
0.66095614
0.67105216
0.6764963
0.6621431
0.66851676
0.65992934
0.68160063
0.6610969
0.66030383
0.65483415
0.6474385
0.6626774
0.65465665
0.6529357
0.6523788
0.6481753
0.65149677
0.64773214
0.6438156
0.64955723
0.65645665
0.6523236
0.6427353
0.64800894
0.63899636
0.65227145
0.6484196
0.64187455
0.64230084
0.6437548
0.6494039
0.644698
0.6414805
0.63447547
0.64902806
0.6414025
0.6333302
0.63414335
0.6367966
0.6399889
0.64037675
0.6486299
0.6492121
0.63229996
0.6401107
0.63471305
0.63554966
0.64479476
0.6388073
0.629481
0.6359864
0.64038104
0.6447089
0.63227
0.62703454
0.62466645
0.6353865
0.63093466
0.62215286
0.6309305
0.6397233
0.6392675
0.6181107
0.62281454
0.6247587
0.61785835
0.6148496
0.6281947
0.6256894
0.6185681
0.6293266
0.62774986
0.6189545
0.617215
0.61235726
0.61741346
0.6131631
0.61197484
0.62621576
0.61297256
0.6154851
0.6169624
0.6117811
0.5988975
0.61110145
0.6197257
0.60666907
0.60064
0.60115945
0.6029147
0.60025907
0.60135925
0.6046043
0.59916186
0.59858096
0.60189193
0.60364723
0.5853443
0.61090934
0.5874071
0.5809891
0.5933985
0.5916449
0.59211695
0.6000702
0.6014292
0.5772453
0.5978065
0.60036767
0.5913035
0.59273
0.5908541
0.58711594
0.58818
0.5881182
0.5898721
0.58032465
0.5812278
0.583296
0.59121925
0.59158564
0.5918043
0.5845337
0.5891413
0.5893782
0.592031
0.59018826
0.58058655
0.5772976
0.58490014
0.569223
0.57410383
0.5828016
0.5771883
0.5789093
0.5737716
0.57672215
0.5860702
0.5743815
0.5711883
0.5623929
0.5760765
0.5680031
0.58799624
0.57500494
0.56756705
0.5821817
0.55269945
0.5672995
0.57064295
0.5684777
0.5652895
0.5772943
0.5696265
0.5723732
0.567475
0.56286293
0.56242394
0.5697727
0.55494213
0.55801183
0.5641842
0.5645361
0.5620382
0.5622995
0.5563486
0.5629607
0.56225556
0.5598221
0.5612494
0.5615629
0.56226575
0.55556387
0.55034024
0.53874195
0.5484991
0.55440605
0.5471848
0.5470587
0.55031264
0.5503858
0.5495503
0.5586958
0.56167054
0.5440662
0.54899365
0.56568205
0.5512575
0.5448558
0.54620314
0.5416191
0.551599
0.5455042
0.5374649
0.5479845
0.535807
0.55098337
0.53909796
0.53760594
0.5325204
0.52934223
0.5328355
0.5349457
0.5212084
0.53237027
0.53186876
0.52520764
0.5173196
0.5299215
0.53533834
0.5207448
0.52710724
0.51906544
0.53664273
0.5112074
0.5247118
0.5242221
0.5126238
0.5215599
0.52765703
0.5225329
0.51340556
0.51576555
0.51991844
0.5087698
0.51613885
0.50559515
0.51217633
0.5111277
0.51004523
0.5033999
0.5118936
0.5042019
0.50512403
0.50655806
0.5175522
0.51046574
0.5082992
0.50408727
0.50453615
0.495299
0.5036958
0.50099885
0.48422268
0.5045779
0.4909492
0.5001356
0.4991414
0.49225447
0.49097168
0.48508158
0.4831835
0.48938668
0.48905376
0.4845364
0.493651
0.48440316
0.48412502
0.48346436
0.49500054
0.48599455
0.47689664
0.4867161
0.48978984
0.48359528
0.48542747
0.4740218
0.47417495
0.47476444
0.48796925
0.48108166
0.48980024
0.48193097
0.48222348
0.48126024
0.47427765
0.47357973
0.48586977
0.49005505
0.47796398
0.4716064
0.47776055
0.48642224
0.48574474
0.4780918
0.4585778
0.4618502
0.48434618
0.47373143
0.4861215
0.4645614
0.4807289
0.47244385
0.46313146
0.46608955
0.46969938
0.45561063
0.45706615
0.4731679
0.47395694
0.46567848
0.46872848
0.4698571
0.46717843
0.46357268
0.4700267
0.46116304
0.4684637
0.461014
0.4691114
0.46028557
0.4723114
0.45636967
0.4583694
0.4597526
0.45906645
0.4584866
0.45563936
0.44949374
0.46237957
0.4615414
0.46893308
0.4568837
0.46136498
0.45384607
0.45686162
0.4422271
0.45889133
0.44882375
0.44611624
0.44840223
0.45523766
0.43926445
0.44778898
0.455675
0.4487732
0.42813966
0.4487307
0.44164294
0.4448577
0.4570473
0.44565883
0.44370645
0.45023292
0.44498315
0.4383387
0.4417472
0.4416124
0.44204646
0.44447196
0.44739258
0.43742657
0.43880743
0.43906835
0.42661405
0.4337501
0.43714887
0.43847704
0.4291427
0.4314493
0.43809444
0.435383
0.42619044
0.42886314
0.42366448
0.43435127
0.43569958
0.42592213
0.4307808
0.43156013
0.42029616
0.43381163
0.4207382
0.42430434
0.420088
0.4107152
0.42244124
0.42275834
0.42272907
0.41648415
0.41654873
0.43029281
0.40890056
0.4183595
0.42258033
0.42434543
0.41511682
0.42007402
0.41243947
0.41949424
0.4141911
0.400945
0.42333558
0.41816837
0.4212254
0.41391426
0.4174426
0.43007126
0.41615224
0.4242554
0.41555414
0.40659577
0.4154429
0.4209661
0.40886596
0.41947314
0.4084863
0.41260427
0.41152683
0.40470695
0.40892717
0.40583345
0.41354197
0.3998213
0.40802816
0.4115839
0.40140143
0.40809458
0.40874097
0.40846276
0.41232294
0.3989577
0.40152025
0.4014001
0.40195277
0.41119608
0.4091875
0.41522893
0.38868698
0.39941278
0.41964006
0.4087463
0.40382105
0.40043786
0.40080214
0.39695
0.40578455
0.41064432
0.38707012
0.4008105
0.40611476
0.40386507
0.4140393
0.3988846
0.40768108
0.40334833
0.40297395
0.39452454
0.4022616
0.4029638
0.4008696
0.40454543
0.395194
0.40910414
0.39699167
0.40283304
0.3967533
0.3985299
0.39906597
0.3998343
0.38670623
0.39178124
0.39908683
0.39721727
0.38897458
0.38395277
0.3939451
0.39891765
0.3918025
0.38984397
0.38770747
0.40209422
0.39444265
0.39082742
0.38971305
0.39474645
0.38322887
0.38768408
0.37941658
0.39657503
0.38494125
0.39607143
0.38354987
0.39348388
0.38593486
0.37905863
0.3922407
0.37401727
0.39021057
0.38501072
0.38182315
0.39459956
0.38422427
0.39529356
0.39114985
0.38508254
0.38693002
0.38556996
0.39369822
0.37946916
0.38248253
0.38154086
0.38022673
0.39135396
0.38644934
0.38872188
0.38309777
0.38890225
0.38626668
0.3788108
0.37763974
0.38753617
0.3821713
0.38392112
0.38822782
0.36916277
0.3750954
0.3709036
0.3753505
0.36857173
0.37238055
0.37338716
0.37174627
0.37371156
0.3755615
0.3752366
0.3664848
0.36060166
0.36407703
0.36337724
0.3673029
0.3685582
0.36939
0.37142962
0.37678084
0.35982955
0.36880198
0.37302873
0.36223462
0.35594088
0.3715382
0.35803077
0.36432675
0.36514047
0.36396968
0.36337927
0.35858646
0.36009848
0.35535476
0.36173868
0.36578438
0.36008
0.3559755
0.37380746
0.35243747
0.36591494
0.36211416
0.35539973
0.35368243
0.3554822
0.35656604
0.3590304
0.35428014
0.35700652
0.35705942
0.3620481
0.3477407
0.34327403
0.34817445
0.36100817
0.35110766
0.3483773
0.34076262
0.3535168
0.341951
0.34042296
0.34323472
0.33973807
0.3359649
0.34732968
0.3508819
0.34794515
0.3488365
0.33584195
0.34101358
0.3365528
0.33750725
0.33774948
0.33234352
0.3424608
0.34011525
0.33824393
0.3422783
0.33702463
0.3314952
0.3385854
0.33336046
0.33195335
0.3353427
0.34174183
0.33311492
0.34046495
0.34389296
0.33747146
0.33583266
0.34269288
0.3389879
0.34040102
0.32916495
0.33556044
0.33790395
0.32665128
0.33866867
0.3298934
0.33380193
0.3389187
0.33698818
0.3317449
0.33052635
0.33563647
0.3358865
0.34391478
0.33908916
0.3220863
0.33275107
0.3293243
0.33404326
0.3375764
0.33082315
0.3262682
0.3395731
0.32083806
0.32885724
0.32613942
0.3398212
0.33639026
0.32748953
0.33416268
0.32451028
0.33343354
0.3261607
0.32670298
0.33061913
0.33522862
0.32430053
0.3294666
0.33239594
0.3351176
0.33257282
0.33264652
0.33316857
0.33145127
0.33588508
0.32117403
0.33650154
0.3310436
0.32985866
0.32506064
0.32935238
0.32434523
0.33440253
0.3261962
0.3308547
0.32632193
0.32953566
0.3245017
0.32128918
0.33544973
0.33156374
0.31828472
0.32925233
0.3325871
0.32572475
0.3200304
0.32752663
0.32945046
0.33109924
0.3282866
0.3274747
0.3249543
0.31772316
0.32634234
0.31450233
0.32437244
0.32569107
0.3254159
0.3288654
0.32208428
0.32157472
0.32960692
0.31995738
0.32669723
0.31786108
0.33283576
0.32367712
0.3297536
0.3272492
0.32491198
0.31924686
0.3197159
0.31599554
0.31701332
0.3348385
0.31150547
0.3217303
0.3237805
0.3182943
0.32624105
0.3310536
0.32063648
0.3325243
0.31705946
0.32095692
0.32124552
0.31110016
0.3271391
0.3193657
0.3185152
0.31973466
0.3134795
0.30862683
0.31379417
0.3173664
0.3169108
0.32308343
0.3131552
0.31313276
0.3208626
0.31268993
0.32167983
0.32775033
0.30988812
0.31696612
0.3151205
0.3116139
0.31020555
0.30541748
0.30892617
0.30076873
0.31983563
0.3169737
0.3178814
0.30724707
0.31686306
0.30836833
0.31731325
0.30390292
0.32071063
0.31009504
0.3215979
0.3092659
0.30953798
0.31429723
0.30809578
0.31321007
0.3247487
0.31222847
0.31835186
0.31382537
0.3227476
0.30790073
0.30919898
0.3195074
0.31395945
0.3101881
0.3075296
0.32379806
0.3199943
0.31307134
0.31643006
0.3174218
0.30844137
0.31000257
0.31115216
0.32826295
0.32056263
0.31067738
0.29960215
0.30729663
0.31663015
0.31770012
0.31169617
0.31270778
0.3024983
0.3089019
0.31040022
0.30584967
0.31188115
0.31503534
0.31424144
0.30944604
0.31793842
0.31105956
0.30909038
0.3039171
0.30548874
0.3037903
0.30379155
0.29894063
0.3043856
0.29620954
0.29968858
0.29378718
0.30206805
0.2959176
0.30219966
0.30673113
0.2961595
0.29757038
0.29404783
0.2947904
0.3037764
0.30206504
0.29754412
0.30243713
0.3131058
0.29915926
0.29921523
0.3036912
0.30262327
0.29676178
0.2957211
0.30013934
0.2973589
0.29543352
0.30503082
0.30191785
0.30393732
0.29830295
0.29526415
0.29938823
0.3119671
0.2992133
0.30682698
0.30043977
0.29446566
0.30048123
0.2941463
0.30203003
0.30210176
0.29622403
0.30123946
0.30043453
0.3023235
0.30999687
0.29303297
0.29877183
0.29001212
0.2876279
0.31312296
0.2891336
0.29311576
0.30469227
0.296314
0.3027277
0.2973187
0.29661465
0.29288006
0.29357013
0.30629158
0.29207522
0.30381465
0.30116948
0.29692617
0.2915588
0.29198518
0.29953116
0.29106575
0.2950672
0.2888647
0.2967295
0.3011193
0.2961
0.29084396
0.29160836
0.28507313
0.29190385
0.2778137
0.28622812
0.29082844
0.28460753
0.2940186
0.2857893
0.2861095
0.2871554
0.28444412
0.30168602
0.2867289
0.28745127
0.29486808
0.28448966
0.28634292
0.2838621
0.28615323
0.28997627
0.2883511
0.29525086
0.28154755
0.2856093
0.2809581
0.29045945
0.2831361
0.28251514
0.29440087
0.28455538
0.28748062
0.2959591
0.29205233
0.28225422
0.29251054
0.28186396
0.28856507
0.2849084
0.28135836
0.28690353
0.29392746
0.29509735
0.26994804
0.27465189
0.28479213
0.281999
0.29250687
0.28667247
0.28700364
0.27808157
0.2867296
0.27987078
0.28482547
0.2822107
0.29041725
0.2796574
0.29060563
0.28482717
0.27600032
0.28623512
0.2904283
0.28422415
0.27905753
0.28777692
0.28521731
0.29286128
0.28496143
0.29127368
0.2882971
0.28442606
0.2825086
0.2796193
0.2829144
0.27795064
0.2896877
0.28842112
0.2827261
0.27659822
0.285617
0.28345433
0.29050097
0.2774296
0.27977648
0.28580067
0.27767572
0.2898674
0.28364417
0.27735794
0.27886996
0.2785699
0.28081495
0.29481193
0.27380258
0.27789944
0.27902144
0.27921957
0.27451015
0.2836261
0.28467253
0.28493878
0.27734458
0.28595293
0.28320462
0.28374913
0.2825504
0.27472407
0.28750187
0.27262977
0.2847392
0.27557415
0.2876069
0.2741408
0.27616218
0.2878074
0.27720004
0.28465858
0.27989212
0.27210543
0.27405927
0.27647495
0.27766687
0.29313836
0.28850454
0.28891194
0.28949952
0.29057086
0.28960866
0.27598673
0.28414685
0.28220722
0.28878692
0.27440917
0.27369642
0.2782911
0.28618407
0.28754035
0.27241945
0.27386868
0.28355676
0.28656057
0.28815487
0.2832072
0.2782278
0.26910454
0.26935178
0.2793092
0.27413553
0.26899004
0.2716201
0.26924357
0.28215966
0.2770133
0.28539196
0.2803788
0.2676864
0.26149288
0.2586713
0.26820943
0.27568612
0.26891842
0.26613253
0.2700522
0.26916352
0.31262657
0.27245447
0.27261323
0.2626504
0.26774114
0.2632656
0.26843145
0.26502526
0.27421108
0.26410332
0.26197994
0.27626157
0.26688993
0.2749646
0.26271403
0.2685579
0.2638463
0.26750955
0.26481345
0.26391113
0.26110113
0.25702444
0.2629983
0.27264386
0.26375848
0.26981878
0.26040655
0.25788632
0.2665184
0.26904285
0.27751318
0.26228717
0.26542392
0.26341408
0.25879747
0.26608983
0.26203573
0.2596578
0.27356943
0.2639353
0.27551505
0.2621425
0.26931775
0.26023322
0.25960895
0.2650852
0.2614125
0.26624283
0.27040085
0.26320472
0.25664037
0.26075107
0.26680076
0.2671933
0.26931396
0.25627384
0.2622509
0.2642257
0.25753748
0.2530289
0.26125923
0.26942074
0.26897416
0.27151242
0.2552186
0.25587273
0.26321146
0.25090638
0.2584464
0.26872993
0.25193673
0.2569929
0.24864823
0.25635454
0.253781
0.25917488
0.25314873
0.2605677
0.25336954
0.25436768
0.26487818
0.294641
0.25831652
0.25532877
0.24786185
0.24829063
0.26496553
0.25252303
0.25997883
0.257473
0.25681272
0.25823087
0.25863943
0.2537244
0.26460612
0.26097468
0.25364497
0.2566858
0.25527343
0.25243628
0.25638822
0.25345933
0.24935894
0.25920913
0.26566926
0.24776053
0.26359588
0.25901112
0.24657564
0.25861147
0.25096366
0.2519035
0.25886843
0.26032642
0.26081675
0.2637906
0.26665178
0.24926019
0.24774975
0.26542303
0.24567102
0.25126585
0.25269467
0.24669741
0.24323995
0.24265029
0.2536357
0.23680824
0.25467342
0.24974975
0.2575712
0.24853557
0.24745238
0.24636857
0.25604782
0.2524634
0.2516543
0.25915605
0.24427563
0.24710001
0.249257
0.24956426
0.24637535
0.25089848
0.26401144
0.2509996
0.24804306
0.25458854
0.26090506
0.25457442
0.26760015
0.24460618
0.26012442
0.24575335
0.25010678
0.2557321
0.24716218
0.25958115
0.2527081
0.25631198
0.25041488
0.26157787
0.24888025
0.24992959
0.24403988
0.2572815
0.24888624
0.2546319
0.2613666
0.25813568
0.2550342
0.26295277
0.2585788
0.25658584
0.25450474
0.2629792
0.2503917
0.26908332
0.25963894
0.26326212
0.26527327
0.25491044
0.25748745
0.26547682
0.26215982
0.25917116
0.25618392
0.25210702
0.2524285
0.25478053
0.2577453
0.25693882
0.25563517
0.26010868
0.2551286
0.26972857
0.25155696
0.25040713
0.2586474
0.27286896
0.26630306
0.25464138
0.26440394
0.25799373
0.25999656
0.25702247
0.26614502
0.2620562
0.266399
0.26908115
0.2619171
0.24959126
0.26226416
0.25759378
0.25832596
0.26536974
0.2651097
0.26149768
0.26418152
0.25786573
0.2648876
0.2696144
0.2580336
0.256158
0.2610831
0.25355557
0.25711238
0.26859012
0.26682866
0.2558156
0.26102224
0.2633556
0.2550128
0.25797153
0.25104547
0.25594214
0.26013467
0.25686255
0.24973547
0.26588532
0.25681087
0.25994423
0.26005617
0.26719508
0.26330018
0.25870386
0.2599771
0.25398272
0.25514352
0.25634292
0.25746742
0.26930723
0.2562047
0.25061026
0.2634043
0.25053415
0.25145948
0.2506912
0.253877
0.24669394
0.25482056
0.24963628
0.25691077
0.26572955
0.25695676
0.24537468
0.25353876
0.25914782
0.25910044
0.25937763
0.25992545
0.25425214
0.24649014
0.25662458
0.2611099
0.2605996
0.2532443
0.2550439
0.26105726
0.26883042
0.25167197
0.2603667
0.26053974
0.2692486
0.2550557
0.24840614
0.27315637
0.25694284
0.24677873
0.2527318
0.26420993
0.25775364
0.25339788
0.26269203
0.27006584
0.25431633
0.24183303
0.25918216
0.25473994
0.25958306
0.2600297
0.2433451
0.25364578
0.26221597
0.25417212
0.24564767
0.25960398
0.24626884
0.25231344
0.25267082
0.23767874
0.24644229
0.26508301
0.24242283
0.25620094
0.25939178
0.25198087
0.25747055
0.24523795
0.25345635
0.24818593
0.24861506
0.24276482
0.2485234
0.25052872
0.2355951
0.24526778
0.2618875
0.26095456
0.25621802
0.2567215
0.25771677
0.2545305
0.25063676
0.2471864
0.2457492
0.25808862
0.25264555
0.24511816
0.24201262
0.2546877
0.2664159
0.25588274
0.2596714
0.25219744
0.2509244
0.24910146
0.26412266
0.2529569
0.26464194
0.24921398
0.25635
0.2580615
0.24850065
0.2501029
0.2542974
0.26062804
0.25340706
0.2428506
0.25166038
0.24735393
0.24623318
0.24267027
0.25682202
0.24835785
0.2600982
0.24439958
0.24652407
0.24342781
0.25794557
0.2510876
0.24091086
0.25333446
0.24693756
0.2576631
0.24696074
0.24890073
0.24698718
0.25425094
0.2528269
0.25068492
0.25071028
0.24377066
0.2527446
0.24997371
0.24513529
0.25477394
0.24723369
0.24661204
0.2439976
0.25582272
0.2551995
0.2588418
0.24923664
0.24930476
0.25478125
0.24798901
0.2582604
0.24802826
0.24492146
0.2501441
0.25242537
0.24068561
0.24149276
0.25205445
0.25786623
0.2468358
0.2580878
0.24674237
0.24880373
0.26046258
0.2603667
0.25276387
0.24732116
0.25008902
0.25063154
0.24475335
0.24849337
0.2544907
0.24955899
0.24637932
0.25009236
0.25146255
0.2514423
0.26387486
0.25653502
0.25631148
0.25846475
0.2563339
0.25620833
0.2527346
0.25271648
0.24430212
0.25257856
0.25189957
0.2582878
0.26206765
0.24886215
0.24846463
0.25690693
0.26175326
0.26424286
0.2602514
0.27319986
0.26122794
0.25739238
0.25348192
0.2629738
0.25674492
0.26497647
0.2556365
0.27017865
0.2685666
0.27089372
0.2694055
0.27006483
0.27159825
0.2831341
0.28314233
0.30152717
0.29707614
0.30650893
0.30554783
0.311714
0.3262404
0.33310044
0.32117996
0.32603362
0.3566007
0.36187187
0.36870635
0.3835091
0.37475517
0.35909438
0.36191943
0.36503828
0.36202747
0.341868
0.34868148
0.31836373
0.30571467
0.29480645
0.28472915
0.27271265
0.27363607
0.26764163
0.27453187
0.26555493
0.25870258
0.26728746
0.26447377
0.25326058
0.2543014
0.26976985
0.24517895
0.25834948
0.26491344
0.2557446
0.25180608
0.24937338
0.25346324
0.24224642
0.24665418
0.24380186
0.25068742
0.24045064
0.24380966
0.24640824
0.24463975
0.252632
0.25165567
0.2501811
0.23642403
0.25298235
0.23946379
0.24726084
0.25119838
0.25418645
0.24801698
0.25237265
0.24343397
0.24799143
0.24872309
0.2514587
0.24975352
0.24660994
0.24145523
0.2559219
0.23757486
0.24311638
0.23807347
0.2431039
0.25399098
0.25324067
0.2472762
0.24227513
0.25120285
0.25006586
0.23975666
0.25409743
0.24040261
0.2431182
0.24196745
0.24460046
0.23430733
0.26028094
0.24444471
0.24215427
0.25072983
0.25134003
0.24125135
0.2528536
0.24831684
0.24256721
0.23762663
0.24777742
0.23666008
0.2592357
0.24332444
0.25507447
0.25286093
0.24021205
0.24686281
0.24575259
0.23976317
0.2476641
0.25020424
0.23627813
0.23095278
0.22702168
0.24024801
0.2278218
0.23032875
0.22741061
0.22807541
0.22947328
0.2321895
0.23908542
0.22431305
0.2385331
0.22771472
0.23585226
0.25120944
0.24665062
0.2339843
0.2347286
0.23690765
0.23020631
0.25038156
0.2321595
0.23956135
0.24217172
0.24271266
0.24004926
0.23864903
0.23613214
0.23911276
0.23847668
0.2341617
0.2353943
0.25119227
0.24056001
0.24390592
0.24394527
0.22776656
0.23943982
0.25144166
0.23589227
0.23372819
0.23862109
0.22664988
0.24580872
0.22379601
0.23341903
0.2460822
0.24086379
0.2345957
0.2336341
0.2463595
0.23284878
0.2312139
0.22728817
0.23452495
0.23618181
0.22999448
0.24268347
0.2282254
0.23258312
0.23123601
0.23712632
0.22527269
0.22232163
0.22918658
0.23059656
0.23083425
0.22805229
0.2401005
0.2314963
0.23962818
0.23056991
0.23393746
0.22861329
0.22927494
0.22874896
0.23672543
0.23122533
0.23778474
0.22628525
0.23726313
0.24493028
0.23196372
0.22369237
0.23544459
0.23445202
0.22652021
0.22395062
0.21917671
0.2388185
0.23335722
0.22336118
0.2189264
0.22649589
0.22422571
0.22481802
0.23285519
0.22031385
0.22750157
0.22447939
0.23092078
0.22707441
0.22399315
0.23459525
0.2231572
0.23407055
0.23017159
0.22442222
0.22444096
0.22567181
0.2189112
0.23797628
0.2403669
0.21264416
0.22790143
0.22735144
0.22974373
0.23640324
0.22179332
0.22017328
0.23328708
0.22583432
0.22990945
0.24046864
0.23353906
0.22925402
0.22508319
0.2436617
0.23287475
0.22800481
0.22580564
0.22268902
0.21547042
0.23003815
0.24209581
0.21857959
0.22575873
0.22408465
0.22512965
0.23019457
0.22508946
0.22858348
0.22661243
0.21878141
0.22776587
0.22249411
0.22437195
0.22263823
0.23342928
0.22173683
0.23109412
0.22138411
0.23372889
0.22372012
0.23274425
0.22463012
0.22290747
0.2277683
0.22045185
0.22467332
0.2272703
0.23161852
0.22464737
0.22349538
0.2327476
0.22490147
0.23529868
0.23012905
0.23284476
0.2309875
0.24515285
0.2288327
0.23767066
0.22922155
0.232247
0.22470586
0.22133234
0.22015941
0.2255894
0.22096814
0.22498566
0.23054221
0.22466727
0.22971387
0.24045886
0.2392076
0.23121226
0.23045644
0.23320313
0.22637618
0.22750683
0.2309396
0.2408145
0.23095497
0.22820544
0.23213
0.22873756
0.22626641
0.23142561
0.23902394
0.24614036
0.22892451
0.21649742
0.2350085
0.22867578
0.22129558
0.22806203
0.22170986
0.22220412
0.22414336
0.23178813
0.22811864
0.23423868
0.23517126
0.23699036
0.2185648
0.22616217
0.22545247
0.2320398
0.23125759
0.24518974
0.23579071
0.22991022
0.23899136
0.22911146
0.2239919
0.22208849
0.2296551
0.22836117
0.2503077
0.21373151
0.22400817
0.22626676
0.23925768
0.2268805
0.22063841
0.22272494
0.22775082
0.23224792
0.22759853
0.2255615
0.22523071
0.22045252
0.2286776
0.22137953
0.23508903
0.22702426
0.23119144
0.22717826
0.21675521
0.2170849
0.23299702
0.22363874
0.22152175
0.2230089
0.22355716
0.22246665
0.23355927
0.23296438
0.22322875
0.22596623
0.22796327
0.22073084
0.23708746
0.21710852
0.23323923
0.23007862
0.24058345
0.2246306
0.23200119
0.22377484
0.23464182
0.22393522
0.22473301
0.23364234
0.23412098
0.22894688
0.23031849
0.23220454
0.22622648
0.23590152
0.22425078
0.2222234
0.2368011
0.21830815
0.22760925
0.21483946
0.2225342
0.22899738
0.21926546
0.22530672
0.23804589
0.22823209
0.22613396
0.22147177
0.23279569
0.2191856
0.22792916
0.2236993
0.22927819
0.21659547
0.22355855
0.23518164
0.22311427
0.22916009
0.2341408
0.23484641
0.2406109
0.22404747
0.22996993
0.22991794
0.22178648
0.22200137
0.23095591
0.23264241
0.21779138
0.23971653
0.23425187
0.23474997
0.23926492
0.23309839
0.23584469
0.2378167
0.23877035
0.23057272
0.23707834
0.23335378
0.22929867
0.23395225
0.23457837
0.22818694
0.23055676
0.22439402
0.21971247
0.23565456
0.23092595
0.2275526
0.2307662
0.24381934
0.22195175
0.22878824
0.23859882
0.23055497
0.22785816
0.23388544
0.23633945
0.2310433
0.22855009
0.21783178
0.22589867
0.22580178
0.2341952
0.22096832
0.22929193
0.21769692
0.23988654
0.2273024
0.22237153
0.22117014
0.23163779
0.23306431
0.23571451
0.23047888
0.23032327
0.22281781
0.22759764
0.23484394
0.22830267
0.2234368
0.23783988
0.22349125
0.24637592
0.22855726
0.22554971
0.22651616
0.22092423
0.23638318
0.2278833
0.22272946
0.23622255
0.22438969
0.23338631
0.23017247
0.22558615
0.2284011
0.23101021
0.23511185
0.23215193
0.2300072
0.23467149
0.22157793
0.22752616
0.23837684
0.22405717
0.22894299
0.23637365
0.22400309
0.22340192
0.22738336
0.23372553
0.22802174
0.21630022
0.2284024
0.21930262
0.22794735
0.22422782
0.22934006
0.22188894
0.22906834
0.23114178
0.23277092
0.21578175
0.2243623
0.2333602
0.2178532
0.23561454
0.22231032
0.20976308
0.21764949
0.22718799
0.23869936
0.22426991
0.22167873
0.22671631
0.23262472
0.22683167
0.22692797
0.21862908
0.22367688
0.2190376
0.22629106
0.22553135
0.22854881
0.22113276
0.208268
0.22083728
0.22208536
0.23092814
0.22648464
0.22085764
0.22033374
0.21518725
0.22370632
0.23071499
0.22585015
0.23181258
0.2159338
0.21873434
0.21533713
0.21712002
0.22693029
0.22234613
0.23072694
0.2168111
0.22722296
0.24124992
0.22460338
0.2237581
0.2141896
0.21151626
0.23991886
0.22770955
0.22080055
0.22061564
0.21948569
0.21937074
0.21774611
0.21562968
0.2177051
0.22273485
0.23763308
0.22177194
0.21944864
0.2262886
0.22032443
0.23460145
0.22398068
0.21663573
0.22526667
0.22534043
0.22965269
0.22349304
0.22197819
0.2356813
0.2196484
0.21916905
0.23916699
0.22282042
0.22393936
0.22303836
0.22144745
0.24316883
0.21962442
0.2212853
0.22598422
0.22010656
0.226167
0.23096713
0.2193918
0.22501379
0.22354339
0.22201146
0.23154917
0.23879115
0.24356446
0.22709973
0.22259082
0.22064166
0.22708514
0.23440737
0.22288875
0.22811966
0.22415794
0.23089735
0.221574
0.22620928
0.22074705
0.24205531
0.22568494
0.22774068
0.22275612
0.22500224
0.2212653
0.21706058
0.22814485
0.22817132
0.22214882
0.22039448
0.21784444
0.22655295
0.22476865
0.23044212
0.22178286
0.22817329
0.2306691
0.2203994
0.22753218
0.22255549
0.21644264
0.22470371
0.22338177
0.21624875
0.22002822
0.2270594
0.2298421
0.21853353
0.23230524
0.22612517
0.22846048
0.23047838
0.22546227
0.22621751
0.23810822
0.23624548
0.22978723
0.23360363
0.23587914
0.23463634
0.23122056
0.2270108
0.23843963
0.22531067
0.22673817
0.23327944
0.22637665
0.22103962
0.22560622
0.22522232
0.22445656
0.23187548
0.22450784
0.23158383
0.23063733
0.22486089
0.2307335
0.22871122
0.2278365
0.23124574
0.2255011
0.23320423
0.23466507
0.23725837
0.23083678
0.24540819
0.2346334
0.23284225
0.22553767
0.23627166
0.22087415
0.22593693
0.2310416
0.2379995
0.23376793
0.22937116
0.24742119
0.24522491
0.2351915
0.22648981
0.23136693
0.22735597
0.23243123
0.22897792
0.23301694
0.22808333
0.2327583
0.23099482
0.23520319
0.23299232
0.23450804
0.23514095
0.22253352
0.22889706
0.22331159
0.23791844
0.23592854
0.23648159
0.233707
0.23661801
0.21946794
0.23407896
0.22634248
0.23547034
0.23357768
0.2242606
0.23477916
0.23158269
0.23476973
0.22639646
0.22441188
0.23102842
0.24233286
0.22816882
0.22924496
0.22558898
0.23646328
0.23140787
0.23643728
0.23072901
0.22818339
0.23836713
0.22737603
0.22824255
0.23476498
0.23726687
0.22011338
0.23049977
0.2635562
0.22446688
0.21989045
0.22578536
0.23122759
0.23323548
0.22868378
0.22414236
0.24054883
0.23630747
0.22242008
0.2271394
0.23518433
0.24350697
0.23079744
0.23338735
0.23600672
0.23150444
0.23179677
0.2305625
0.23159982
0.2250762
0.22896056
0.23719327
0.2349445
0.23132037
0.23563854
0.22945115
0.22821689
0.22532305
0.22399892
0.23619334
0.2411661
0.22249159
0.23828031
0.2188561
0.23965009
0.23220147
0.22171587
0.22969279
0.24066249
0.23138247
0.22532798
0.2437043
0.2248129
0.22413252
0.23931216
0.23598048
0.22698401
0.23114109
0.2529415
0.23707975
0.23000965
0.23696207
0.24225596
0.23770401
0.23567064
0.23822968
0.24056627
0.2360721
0.22803295
0.23538752
0.23654333
0.23514529
0.23400094
0.23353207
0.24006289
0.23365457
0.24567303
0.24124211
0.23230498
0.2321925
0.23364821
0.22717883
0.2448962
0.2325017
0.23297013
0.23428828
0.24543701
0.23643486
0.24509303
0.22653376
0.238626
0.22853395
0.2329118
0.24202569
0.23628618
0.23113875
0.22882116
0.22903578
0.23625493
0.24527971
0.23082684
0.23695466
0.24533579
0.24015102
0.22668853
0.22877608
0.2343942
0.24138546
0.25631458
0.24444999
0.25144652
0.23756868
0.23460199
0.23713867
0.24786176
0.23509665
0.24071456
0.23454595
0.22565426
0.2402057
0.23156774
0.23226036
0.25048774
0.2359365
0.23295727
0.23577979
0.23584168
0.24056536
0.26673734
0.22935432
0.23970479
0.24343446
0.24939007
0.23182379
0.23603001
0.2316735
0.23671202
0.23947252
0.22539659
0.23190258
0.25222492
0.23283014
0.23678502
0.23010714
0.24160194
0.23080337
0.23232989
0.21711515
0.23761423
0.22964053
0.23280247
0.23994796
0.23423164
0.23725902
0.23360433
0.23570867
0.22456016
0.24807194
0.23467554
0.2361853
0.24307345
0.2436096
0.24272357
0.24106179
0.23009336
0.23298739
0.24131268
0.2227838
0.22950836
0.22978048
0.23635252
0.22798972
0.23789088
0.22982748
0.24559145
0.23728843
0.234307
0.23335935
0.23344803
0.2282654
0.2439625
0.23228137
0.2411851
0.24044958
0.23352249
0.23634228
0.23091903
0.23376565
0.22950733
0.23411052
0.23326914
0.23163557
0.23095997
0.22634785
0.2285086
0.24288456
0.22546688
0.23276035
0.22702111
0.2331839
0.22725841
0.23444423
0.23000002
0.22578007
0.22755091
0.23121503
0.21700273
0.23905917
0.23182099
0.24244052
0.22767338
0.23756416
0.23249055
0.23016626
0.22963962
0.23943174
0.23659287
0.24133873
0.23590936
0.23012654
0.23222542
0.23762895
0.22237186
0.2464922
0.23918818
0.23790807
0.2293275
0.24122687
0.2344709
0.2414887
0.24165936
0.23943034
0.23186679
0.24273998
0.23177359
0.238616
0.2367132
0.22410832
0.23760352
0.23257694
0.24092433
0.23101446
0.23678733
0.22272652
0.2360462
0.23350112
0.2455644
0.2423489
0.23871842
0.24926765
0.24269818
0.24242261
0.24371797
0.22870803
0.23590413
0.24193631
0.23405279
0.22505677
0.24850632
0.2471321
0.24711184
0.23356041
0.24528179
0.2361899
0.23913868
0.23234501
0.24557
0.23877773
0.23546012
0.2346497
0.23527093
0.23749273
0.23858975
0.24731077
0.2435336
0.23486678
0.2503257
0.23879144
0.23897722
0.24473293
0.24459726
0.23707639
0.23375115
0.24685822
0.24009801
0.24142548
0.23435242
0.2430775
0.24919376
0.23883374
0.24002992
0.23807378
0.23423478
0.23481064
0.24122594
0.23538998
0.26769713
0.2450624
0.24268055
0.24188353
0.2402663
0.2388943
0.23370153
0.24407242
0.24602231
0.23669119
0.25313762
0.23212057
0.22731061
0.25643784
0.23939057
0.25172958
0.24215907
0.235958
0.23062758
0.23425454
0.25748745
0.24016653
0.24817987
0.24202359
0.23928313
0.2435323
0.24287038
0.23959374
0.22932324
0.23611452
0.24791208
0.23225315
0.24045077
0.23638734
0.24167222
0.2303046
0.23780043
0.23084617
0.23153967
0.23304819
0.24499813
0.2352248
0.22981872
0.24044354
0.22856167
0.21856517
0.23024553
0.23839816
0.23417236
0.22605725
0.2328004
0.2194739
0.24682537
0.23323295
0.23944914
0.23455599
0.23653853
0.22241077
0.22954531
0.22572994
0.22176261
0.2307342
0.23025231
0.2460656
0.23021573
0.22503227
0.23106493
0.22761253
0.22766872
0.23349865
0.22027163
0.23322491
0.23480031
0.23732352
0.22974361
0.21967733
0.23669757
0.223071
0.22718197
0.22751172
0.23126444
0.23832059
0.22908507
0.22105376
0.22833748
0.22658236
0.22889194
0.21927427
0.22347465
0.22360983
0.22176374
0.22235183
0.23271044
0.23548262
0.22748856
0.22573665
0.22032431
0.20389023
0.21119201
0.21993951
0.21880668
0.22236122
0.21189456
0.21346822
0.20753288
0.21649969
0.2248032
0.22781286
0.21613358
0.21647692
0.2148584
0.21976514
0.22148877
0.21774349
0.22319579
0.21273123
0.23077628
0.21843591
0.21949601
0.2098836
0.22366941
0.2241169
0.22277206
0.23718897
0.23026547
0.22787605
0.20933996
0.22376558
0.22357157
0.21466684
0.22658378
0.22761674
0.22016725
0.23145463
0.21845388
0.23473349
0.2141635
0.22673538
0.22813791
0.21882805
0.22632784
0.21421301
0.24495961
0.23419587
0.22162923
0.21686232
0.2172337
0.23570825
0.22098549
0.23884529
0.21905202
0.2178004
0.23094262
0.22445327
0.22045928
0.23053442
0.22558086
0.22343148
0.21218044
0.21470296
0.21309207
0.2171222
0.21691597
0.2224644
0.22537674
0.2207302
0.21955545
0.22840461
0.22665522
0.23419791
0.22208062
0.22855535
0.22267906
0.22363724
0.22321306
0.23055033
0.2091468
0.23632045
0.23773979
0.23347774
0.2385081
0.23121072
0.22169612
0.23842555
0.21830724
0.22509865
0.22860391
0.22932228
0.2174092
0.23915294
0.2278973
0.22753745
0.23672208
0.22852823
0.2395177
0.2377424
0.23774648
0.21859471
0.23000176
0.2300328
0.23971406
0.22363357
0.23352171
0.2412766
0.23568888
0.22761293
0.24207303
0.2317064
0.22353981
0.22617224
0.23696966
0.23589773
0.23824771
0.23159249
0.24727045
0.20986053
0.24253161
0.2330514
0.22564682
0.2320176
0.2386996
0.23900875
0.24114645
0.22404364
0.24026866
0.23026265
0.23120558
0.23933038
0.23368911
0.23269317
0.2467523
0.22471114
0.23024069
0.2592125
0.24084505
0.24747632
0.24424897
0.2330554
0.23963296
0.24702123
0.23578212
0.2404125
0.23907968
0.24839288
0.2403183
0.23997174
0.24019523
0.23233923
0.23778933
0.24210174
0.23845801
0.22997177
0.2324399
0.2399962
0.234294
0.2430907
0.23782347
0.23209327
0.24784428
0.26333812
0.25372854
0.24955961
0.23750107
0.22627655
0.22915894
0.2436415
0.2500008
0.25378796
0.22909047
0.25942972
0.24781042
0.24874075
0.22966275
0.23994637
0.23543942
0.23763607
0.23851725
0.23656893
0.24280743
0.2367544
0.2393691
0.23811343
0.2396965
0.23885037
0.23900276
0.22757909
0.2299148
0.23043591
0.23431708
0.23459847
0.24115509
0.23830998
0.23127647
0.24136986
0.24100599
0.24022947
0.24207264
0.23384883
0.24349807
0.23847303
0.23358136
0.23494375
0.23938839
0.24222878
0.24893041
0.23765194
0.2423655
0.246445
0.22330262
0.23361662
0.2580887
0.2511037
0.2417592
0.22440752
0.23910928
0.24817605
0.23786654
0.24277729
0.2321333
0.24230851
0.23898858
0.23733865
0.2474013
0.25476587
0.25977582
0.23693298
0.23303837
0.24444932
0.23174825
0.2461699
0.2499671
0.24817502
0.2374233
0.24652262
0.2453008
0.23991618
0.24269031
0.25321978
0.24323979
0.24860047
0.2546974
0.2414916
0.2299373
0.243506
0.23521045
0.24423154
0.2530971
0.24178678
0.23050593
0.2376553
0.24028592
0.24644716
0.23387405
0.22830153
0.23908034
0.24261072
0.24990688
0.2460479
0.23517518
0.2358134
0.25938886
0.23495346
0.23738018
0.24178427
0.24593556
0.24442603
0.22995645
0.24832366
0.23931669
0.24618325
0.2345938
0.24618082
0.24072379
0.2524443
0.2397245
0.24096365
0.2447919
0.24249339
0.26749536
0.24945776
0.23981228
0.24048997
0.23281017
0.23381165
0.24442929
0.24383724
0.23381259
0.23601724
0.23938264
0.22839797
0.23708203
0.22574969
0.2298273
0.24748869
0.22953211
0.25613582
0.23896979
0.23052259
0.23251268
0.22570169
0.22307725
0.23792784
0.24456143
0.22232139
0.23513252
0.22323059
0.24610707
0.25271663
0.23021097
0.23891322
0.23407502
0.22607201
0.24005702
0.2430208
0.23063871
0.24008347
0.22751598
0.23791473
0.23982897
0.25040498
0.22721355
0.2557162
0.23857918
0.23341188
0.23166873
0.22397006
0.22967798
0.24637261
0.23381883
0.2213669
0.23297055
0.23395722
0.2356892
0.22407188
0.23471223
0.2311322
0.22517805
0.2331413
0.2330443
0.23087844
0.23407333
0.22100477
0.22669677
0.21505019
0.23094805
0.21712075
0.2264311
0.21247244
0.22259028
0.22823381
0.23435228
0.22332552
0.22443709
0.22591843
0.22097655
0.24441795
0.22746508
0.22654368
0.23247537
0.23134257
0.23675063
0.23899081
0.24619104
0.2401618
0.23834984
0.23967865
0.22595873
0.23833784
0.23207217
0.23334174
0.24478248
0.23714861
0.23007041
0.23638627
0.25161836
0.2344477
0.22854954
0.23810603
0.23512997
0.23991185
0.22450915
0.22540167
0.2437483
0.24309973
0.22400264
0.23236035
0.23985732
0.23277658
0.22259477
0.22724415
0.23385465
0.22973552
0.23379064
0.23299228
0.23925559
0.24805662
0.2355712
0.22070567
0.25163883
0.23744655
0.23447625
0.2387032
0.23387998
0.2418785
0.24096262
0.23952803
0.2400214
0.23833826
0.24029113
0.23806328
0.24005932
0.24669605
0.24504782
0.23211892
0.23717622
0.2474144
0.23738793
0.24578948
0.23863842
0.26069453
0.24346894
0.23498441
0.23187114
0.27510148
0.2523754
0.23766735
0.24705416
0.25744164
0.24773131
0.25432196
0.24389316
0.24803175
0.25501946
0.24319053
0.24667194
0.23156714
0.23908052
0.23939992
0.24643086
0.23402001
0.23791716
0.24460122
0.24845448
0.23650622
0.24667023
0.24131714
0.23737262
0.2299361
0.23707259
0.26165295
0.23546602
0.23571542
0.25043413
0.25377885
0.25729623
0.24552625
0.2398299
0.24615791
0.23353936
0.24282888
0.2384305
0.2534932
0.24571325
0.23240227
0.24304533
0.2518398
0.22847243
0.24357398
0.24546647
0.25420126
0.25133508
0.2471605
0.26229173
0.26275855
0.2373964
0.25221935
0.24335548
0.24216762
0.25241813
0.2493709
0.25905704
0.2534235
0.24008283
0.24713098
0.23960298
0.24870521
0.24860656
0.24224891
0.2467311
0.24554606
0.23924674
0.23376468
0.24699242
0.25858608
0.2538661
0.24630024
0.24734195
0.2511237
0.25709128
0.26197198
0.24045773
0.24518396
0.24619287
0.25721133
0.2635768
0.2615143
0.25344136
0.25652844
0.26887578
0.26634023
0.26247188
0.24586579
0.26822394
0.25082216
0.25782558
0.255631
0.23748069
0.2535391
0.24157353
0.26604325
0.25225616
0.25026265
0.25791225
0.25728816
0.25350818
0.2582803
0.25204766
0.2537663
0.2551532
0.24558695
0.2594588
0.25199464
0.25017968
0.24356832
0.2389729
0.24067272
0.254424
0.24357842
0.26558822
0.23701416
0.24318516
0.25057483
0.25239024
0.2663622
0.25485507
0.2543111
0.24646859
0.25633776
0.25637415
0.25603747
0.26019332
0.2561757
0.24912147
0.2633661
0.2591622
0.24928088
0.25731403
0.2500586
0.25413764
0.24479128
0.25929722
0.24551205
0.25506595
0.2520065
0.2588963
0.25302988
0.28329307
0.24625948
0.24731326
0.2431285
0.27411544
0.26854086
0.2573771
0.26910803
0.2622393
0.25422567
0.26497123
0.2517613
0.26667398
0.27680388
0.27445644
0.2673591
0.2836896
0.25286603
0.26419464
0.24156654
0.26807955
0.25309518
0.23972292
0.26131555
0.25036198
0.2547715
0.2638146
0.2541361
0.25756317
0.2386653
0.2513603
0.24999137
0.24808103
0.255862
0.25629136
0.25918582
0.26778725
0.2500308
0.26828587
0.24825251
0.2713274
0.2582177
0.25790754
0.24095517
0.24340278
0.26256862
0.25719592
0.24584435
0.25862047
0.25751266
0.26411876
0.26107514
0.253822
0.26041794
0.24967536
0.25844532
0.26823345
0.27453455
0.25406122
0.25830346
0.25975996
0.2614867
0.25532222
0.25350118
0.25997964
0.25041983
0.2579241
0.2660503
0.24182975
0.2595224
0.2617599
0.26347312
0.2524527
0.24504276
0.2508566
0.27192178
0.2747362
0.26087803
0.2458522
0.25915986
0.2549393
0.24562907
0.24645236
0.25571552
0.24204722
0.23855339
0.2419711
0.2550542
0.25026676
0.2525687
0.2562149
0.25102
0.2433063
0.25855386
0.23212491
0.25226152
0.28424418
0.23552771
0.23689865
0.2515893
0.24560738
0.2635162
0.23214419
0.24932818
0.23032272
0.26051107
0.24906376
0.24090905
0.2421682
0.25607166
0.22505192
0.2411557
0.24804896
0.2524728
0.23030856
0.24664953
0.2338076
0.24364372
0.2524232
0.2297865
0.2501166
0.22837494
0.2437929
0.24686228
0.2344705
0.23880287
0.2367534
0.23335247
0.25121486
0.24617472
0.25262687
0.2379963
0.23442654
0.25513148
0.23790014
0.2355043
0.2621213
0.2553592
0.24434288
0.25475302
0.24727829
0.23691003
0.25193486
0.25816193
0.24629405
0.25026813
0.24984008
0.232444
0.24526551
0.25892854
0.25629336
0.24854295
0.23993722
0.23238775
0.24385087
0.24423215
0.2572981
0.24783371
0.2338561
0.23721804
0.24156372
0.25016356
0.25523496
0.25761795
0.24292804
0.25216627
0.23806876
0.24980474
0.23916887
0.24268086
0.23131351
0.22943124
0.23216666
0.24722065
0.27189052
0.24016958
0.2296539
0.23634425
0.24775182
0.23216967
0.24868697
0.23537178
0.23039405
0.24080554
0.22869794
0.25533482
0.25397184
0.2431396
0.24446034
0.25003996
0.2485122
0.23937805
0.25476423
0.23603107
0.23969728
0.24134605
0.26194426
0.23880601
0.22885865
0.2329599
0.24183649
0.24832411
0.24335845
0.23768002
0.2492688
0.24461359
0.2462884
0.24452165
0.24203719
0.22973977
0.23835048
0.25066155
0.23800144
0.2503943
0.24703051
0.25741294
0.23925824
0.23714653
0.25731707
0.25212196
0.23509517
0.24468555
0.24365312
0.22882646
0.25232217
0.23560393
0.24401352
0.25219315
0.23812643
0.24671184
0.2602275
0.24165362
0.26044622
0.24267925
0.23972958
0.24190599
0.2617072
0.25604102
0.24950446
0.26545203
0.2612335
0.26498514
0.267035
0.2572479
0.24456437
0.26142076
0.25223625
0.262317
0.2489666
0.252331
0.24743454
0.2552046
0.25626227
0.251406
0.25660077
0.26562667
0.25268608
0.25651592
0.24731505
0.25646266
0.2374354
0.25597194
0.26299736
0.27178147
0.24776167
0.24955702
0.25618717
0.25534362
0.26447153
0.2620568
0.25696343
0.2660612
0.2608052
0.25599834
0.26507413
0.25127152
0.23600587
0.25572896
0.25846946
0.24151045
0.2602269
0.25757742
0.25351512
0.25164312
0.25149179
0.25396612
0.25562975
0.26590395
0.28230664
0.25329491
0.2738398
0.25650895
0.27061528
0.24910516
0.25774452
0.24620435
0.24322258
0.2508498
0.24634227
0.28159985
0.26079947
0.25121707
0.26638666
0.27129322
0.25771037
0.24555013
0.2620239
0.2451322
0.25653684
0.24653167
0.24874248
0.2523618
0.26974508
0.26035723
0.2697915
0.2556644
0.25968212
0.25515586
0.26046637
0.25526005
0.27440447
0.26849073
0.26362768
0.25878027
0.25932056
0.2789362
0.27279958
0.24608706
0.26038316
0.251034
0.2480934
0.25772452
0.23629
0.2430966
0.25838313
0.2583594
0.24857038
0.24885924
0.25986332
0.26133686
0.24556486
0.24396585
0.24669541
0.24886952
0.26716298
0.27984425
0.267655
0.25807956
0.25586987
0.24963282
0.24679737
0.2518587
0.2520884
0.2569609
0.27425236
0.28920174
0.2898819
0.25562695
0.27824032
0.23894274
0.26763454
0.26896545
0.25261858
0.26730886
0.2773044
0.26559353
0.26938474
0.288666
0.26369482
0.26929253
0.25066504
0.24464026
0.25451308
0.27728176
0.26193866
0.24723049
0.26518902
0.2621799
0.26309395
0.2580498
0.2514591
0.24997525
0.2663153
0.24513607
0.27668202
0.2531011
0.2571727
0.26854315
0.26480618
0.25102413
0.28317633
0.2897989
0.2686503
0.26137885
0.26303443
0.2663615
0.25058067
0.2649375
0.25953546
0.24966899
0.26980928
0.26396367
0.25940782
0.26615706
0.24710993
0.26898566
0.2745988
0.24250694
0.25899085
0.24406555
0.25207716
0.24250525
0.25666678
0.24479017
0.25128946
0.25986195
0.25232536
0.25112113
0.26408324
0.26366952
0.2556477
0.29085007
0.2534785
0.25088882
0.25969225
0.24186273
0.26210383
0.2516464
0.2747044
0.26636696
0.24871698
0.24953543
0.25149775
0.24098215
0.26826623
0.25915718
0.27438173
0.26852068
0.25452206
0.26562044
0.25192434
0.26879114
0.25949287
0.26459786
0.26231703
0.25087112
0.25747478
0.24714102
0.24061957
0.267135
0.2594437
0.25184658
0.25958237
0.24999899
0.24818684
0.25853166
0.25655258
0.25923482
0.24648203
0.24492556
0.25634706
0.27027383
0.25610796
0.2465214
0.26115385
0.24946494
0.26219535
0.25058913
0.2680741
0.26444477
0.24782704
0.26332068
0.2555439
0.25674766
0.2622304
0.25716424
0.24279167
0.26476228
0.25022373
0.25477806
0.2806245
0.25826147
0.25646678
0.27263936
0.26610112
0.25693244
0.25082064
0.2564374
0.26559514
0.25984803
0.25157765
0.25804788
0.28197092
0.24801089
0.2583525
0.25930527
0.26854894
0.25072172
0.25524858
0.27614167
0.26179183
0.24028477
0.27304116
0.27020705
0.28287533
0.25831702
0.25748593
0.25241244
0.25276542
0.27002227
0.24895053
0.24692166
0.24439925
0.26060045
0.26871195
0.2778033
0.2522055
0.26259053
0.29575664
0.26964357
0.2489512
0.27248907
0.2557184
0.25768217
0.23704326
0.26754075
0.266182
0.26527897
0.27370268
0.26252538
0.27844813
0.25052163
0.25738195
0.26606652
0.2720411
0.25828493
0.25393316
0.27227363
0.27517065
0.26076597
0.2539749
0.2625456
0.25708738
0.2519221
0.26270846
0.25265434
0.2603499
0.26502612
0.2596082
0.2480833
0.279885
0.2733407
0.2665255
0.2613896
0.24550083
0.26606807
0.27043864
0.28666207
0.25768688
0.25028482
0.2544222
0.26002425
0.27374548
0.2612447
0.2728682
0.27287441
0.26440242
0.25315967
0.2518297
0.26902723
0.27449277
0.24873991
0.25684324
0.2724408
0.2733123
0.26468185
0.25447032
0.2584804
0.2634678
0.2752805
0.2689035
0.26647303
0.2483158
0.26593548
0.25474527
0.25975987
0.27343404
0.25676575
0.25933847
0.26798818
0.26602244
0.26872322
0.2568583
0.271666
0.27697495
0.28808543
0.2647796
0.2828567
0.2689395
0.2521448
0.25916284
0.25791043
0.26068497
0.26107946
0.25796205
0.28149608
0.27257708
0.26558775
0.2686776
0.25894463
0.28023306
0.26037434
0.26912203
0.278281
0.2720265
0.29170877
0.27093908
0.27980056
0.27749944
0.26110393
0.2647869
0.27615494
0.27159455
0.26939997
0.2798765
0.26527894
0.2606576
0.2621206
0.26305118
0.27561313
0.26195234
0.27637416
0.2722943
0.2867346
0.28498414
0.28226167
0.26139113
0.2555803
0.2882366
0.2644789
0.27645057
0.27274856
0.27139986
0.25814876
0.2660406
0.2779484
0.29226288
0.26658165
0.29362267
0.27811983
0.27185905
0.27786046
0.30054995
0.29975745
0.27961665
0.27203932
0.28746742
0.28762275
0.2811213
0.28631595
0.27670422
0.27963525
0.28781986
0.2741865
0.29285714
0.27902767
0.30589065
0.29447985
0.2932888
0.28165838
0.2693459
0.2831919
0.27238354
0.28312978
0.30692923
0.27058017
0.2808231
0.28625393
0.28989783
0.29031393
0.27757466
0.26226056
0.2986774
0.29556003
0.27905914
0.28967422
0.29115534
0.2971356
0.30048972
0.2865708
0.29805246
0.28547966
0.2966663
0.30487847
0.2756408
0.2794034
0.28629243
0.2614434
0.2923986
0.28864393
0.28858
0.27961284
0.27636468
0.284108
0.26773757
0.27163106
0.29501212
0.28278002
0.29104596
0.27356327
0.29480162
0.30443355
0.28536895
0.29283187
0.27520666
0.2809587
0.27733633
0.2784172
0.28045943
0.2728141
0.3105223
0.30820948
0.2910374
0.2780809
0.27705967
0.27126703
0.27914315
0.28439823
0.29364216
0.27858183
0.3212852
0.2794129
0.26527494
0.28357545
0.29057103
0.28078544
0.30254665
0.28902456
0.2899443
0.27352953
0.2885031
0.29065964
0.2847743
0.28069896
0.27597094
0.29053283
0.26612478
0.2932798
0.28353536
0.28470534
0.26378298
0.2858542
0.28977618
0.2787679
0.26865745
0.2822807
0.28834796
0.28835413
0.28093383
0.26404417
0.3088193
0.27925318
0.26901177
0.27106297
0.2802529
0.27706805
0.2788017
0.27179566
0.26464453
0.28451198
0.27524963
0.26975307
0.25378844
0.26806813
0.29849115
0.2877693
0.27939007
0.29079467
0.27549812
0.2876693
0.2645457
0.28558096
0.27385554
0.2627156
0.28277698
0.28070095
0.28613263
0.27714738
0.2530153
0.28144503
0.27577865
0.2718003
0.2803708
0.27464178
0.26818445
0.26808777
0.26126224
0.26453882
0.2722505
0.2800828
0.26479515
0.2929743
0.2844274
0.29047057
0.2769363
0.26916718
0.25739962
0.2793494
0.25930783
0.26811147
0.27608913
0.26835236
0.2984074
0.27232024
0.29528758
0.28596
0.3058781
0.28852
0.29231322
0.2784178
0.28469756
0.26380056
0.27110705
0.26772532
0.25571197
0.28639716
0.29261026
0.24981304
0.27121058
0.25349382
0.3129269
0.28318146
0.26778653
0.27137867
0.26433071
0.2690468
0.2723417
0.28098983
0.2705937
0.28113168
0.24640033
0.2986243
0.2713043
0.25589326
0.26064694
0.24544588
0.25985584
0.2772664
0.24538137
0.25037536
0.29511654
0.2530536
0.2523832
0.25769514
0.25160244
0.23897684
0.25200692
0.2455822
0.25754878
0.26078185
0.2524067
0.24286886
0.23506807
0.24996977
0.24279049
0.23744354
0.23383276
0.25141373
0.2567806
0.23934765
0.2582618
0.26353094
0.22467966
0.26188484
0.24166244
0.2470666
0.2551942
0.24158236
0.2355664
0.25068837
0.24061298
0.26172796
0.24010672
0.24194255
0.24909547
0.22890691
0.22750458
0.23944649
0.25469494
0.2728118
0.25608593
0.23352593
0.26498988
0.2436336
0.24927516
0.23975487
0.27609354
0.24524744
0.25415635
0.2553378
0.2383938
0.25108227
0.23909485
0.27249786
0.23374116
0.29495835
0.23644072
0.26478684
0.2414331
0.24921481
0.2668736
0.25107947
0.25975087
0.27081063
0.27007708
0.24466462
0.25089654
0.23970416
0.24663468
0.26337242
0.24015696
0.24939847
0.2752879
0.23372656
0.24579267
0.2921502
0.26361024
0.25807905
0.26973787
0.25262925
0.27400514
0.2984183
0.24971372
0.24973041
0.24476942
0.25134358
0.25618428
0.25378117
0.27099067
0.25217676
0.26821205
0.24663411
0.2608105
0.261142
0.25661367
0.2817852
0.25726354
0.2530239
0.25575957
0.26493427
0.27424115
0.2593618
0.2576859
0.257315
0.26254132
0.24325418
0.27954847
0.25470403
0.2663491
0.2541793
0.26391822
0.2535635
0.24697809
0.25028056
0.25765377
0.2471236
0.24937473
0.26448902
0.25803685
0.24715155
0.24275444
0.25515422
0.26190582
0.26964658
0.27857485
0.25903246
0.25973237
0.2745008
0.2589187
0.24902199
0.25101092
0.25527635
0.28185314
0.27119815
0.2956377
0.26003036
0.2497731
0.25545117
0.26805332
0.26831326
0.26336953
0.2728366
0.2513393
0.26813707
0.2756877
0.2712771
0.26662785
0.26802814
0.2712369
0.27595192
0.2689902
0.26424885
0.29121837
0.27794683
0.27059954
0.26765212
0.29347408
0.26240027
0.28228813
0.26356736
0.26290348
0.25998962
0.26857615
0.27755493
0.26401153
0.26190442
0.2620831
0.28415433
0.28526163
0.28784385
0.26746237
0.26586804
0.28338373
0.27548298
0.28918323
0.26176658
0.26367906
0.28231663
0.27015275
0.27030653
0.27854946
0.2467979
0.26432207
0.28547686
0.28648064
0.25424397
0.27019745
0.28085762
0.27931476
0.28437388
0.29722062
0.27313924
0.27618125
0.26174286
0.26486242
0.27979374
0.30104282
0.28106165
0.28367326
0.29171535
0.27068356
0.25972152
0.28101173
0.27317473
0.28628325
0.26649314
0.2656666
0.27573058
0.32445452
0.2600526
0.29332614
0.28386647
0.29099593
0.2754569
0.26703313
0.26850215
0.27912882
0.27167058
0.28307456
0.2513879
0.2771164
0.26818472
0.26846367
0.27585897
0.27246752
0.2716774
0.28015688
0.27558812
0.26747426
0.25273407
0.27806985
0.2637643
0.2656994
0.26123083
0.26503673
0.25432876
0.2525483
0.26109925
0.25204226
0.27957413
0.32433924
0.2775614
0.27204078
0.25862405
0.24906822
0.27280203
0.2792749
0.2702122
0.27219558
0.25668797
0.2772938
0.2991413
0.27454555
0.2833443
0.27117056
0.2990199
0.26083636
0.26312783
0.27398464
0.2746236
0.2781096
0.27562082
0.2789357
0.2573113
0.27229574
0.2723696
0.26740724
0.2654451
0.26524678
0.2867172
0.2602062
0.27630123
0.28799918
0.27118418
0.25775173
0.26563466
0.26260462
0.2762158
0.26336226
0.25576684
0.25386557
0.25969034
0.26704046
0.25832412
0.2781393
0.27185854
0.2736237
0.25197476
0.29182035
0.25650764
0.27314177
0.28027
0.2726801
0.29873568
0.27897507
0.27082944
0.2798826
0.28752893
0.27073914
0.2945461
0.28520343
0.26295775
0.27223122
0.27810153
0.2786318
0.25423914
0.27425778
0.27785653
0.29460135
0.27194732
0.26794803
0.27778763
0.2608955
0.2678119
0.27184802
0.27618653
0.26936942
0.27858192
0.27055985
0.2803045
0.26255533
0.27536047
0.2877086
0.27281415
0.28075594
0.28696772
0.2750121
0.30115706
0.25052783
0.2569327
0.25861695
0.26967266
0.26003712
0.26887432
0.2567576
0.25705278
0.27258965
0.26156372
0.2694524
0.268689
0.24742517
0.25952664
0.27552631
0.2658325
0.25224715
0.23865213
0.2891389
0.2731325
0.2851911
0.25943264
0.27416602
0.27605695
0.24901709
0.2548711
0.2796386
0.26102352
0.2573667
0.25769237
0.26598933
0.28436664
0.27470636
0.2550587
0.28255475
0.255517
0.2576444
0.2726118
0.2833177
0.24482377
0.297843
0.2637459
0.26140866
0.26398146
0.27474177
0.2521759
0.25375697
0.2670339
0.27536288
0.26794377
0.26634854
0.24475369
0.24690218
0.24711198
0.26018023
0.25549233
0.25877413
0.23927169
0.2660685
0.24811468
0.2408889
0.22997312
0.28657597
0.248984
0.29921883
0.24653646
0.28189814
0.23716025
0.25963432
0.24735954
0.23960073
0.25449547
0.22877716
0.224094
0.24820565
0.25161335
0.26226854
0.25626022
0.27124137
0.2736424
0.2418286
0.2327966
0.22811769
0.2383832
0.3098343
0.24805307
0.2706231
0.2249875
0.25170848
0.23605716
0.23724939
0.23477572
0.23660056
0.2435763
0.2540671
0.26311788
0.2364996
0.2633605
0.24593818
0.23029703
0.23683739
0.24957359
0.2375886
0.24233428
0.2434727
0.25414735
0.25082967
0.22863054
0.24290426
0.23983264
0.2472849
0.25266865
0.22489901
0.23894486
0.22768012
0.24391595
0.26663065
0.23501511
0.24153224
0.24520162
0.23885374
0.25435436
0.25698408
0.2567527
0.25590894
0.24765728
0.23708513
0.2510316
0.27781022
0.23031826
0.23979597
0.24256477
0.24337386
0.26112136
0.24375704
0.24700713
0.24438353
0.24647297
0.23411974
0.2783016
0.25231355
0.24270838
0.23825984
0.23439129
0.24834311
0.24026853
0.2559956
0.22861312
0.25226066
0.24889818
0.23809098
0.23482229
0.22983934
0.24045746
0.27515852
0.22971399
0.25200287
0.26829237
0.26664042
0.2626659
0.25555748
0.25445285
0.2533702
0.26403353
0.25068477
0.26518232
0.24500841
0.26889077
0.23797837
0.24551217
0.2491032
0.2526946
0.26085395
0.2644201
0.24540068
0.23745626
0.24432193
0.26526174
0.23830727
0.22997904
0.27805677
0.2601813
0.26374722
0.26073733
0.26606357
0.2530605
0.28077126
0.25370818
0.24176627
0.26288816
0.2625651
0.25011194
0.2601303
0.25979388
0.26982084
0.26397148
0.2598273
0.27779317
0.2628517
0.23931602
0.27677268
0.2809154
0.25323656
0.23816334
0.26314208
0.25510436
0.27352723
0.2599252
0.25413778
0.26398668
0.26286963
0.25823218
0.24542062
0.25772986
0.24868718
0.26858467
0.2845112
0.24239136
0.26767814
0.3045938
0.26276225
0.2853882
0.25524876
0.27775115
0.28270352
0.26227078
0.23851581
0.31813753
0.28354654
0.2718191
0.2634476
0.2361445
0.27276975
0.29651165
0.2707231
0.28629062
0.27597037
0.2695839
0.27487224
0.27944213
0.2757996
0.28295457
0.29106206
0.2566872
0.2809666
0.2877052
0.26846775
0.2663762
0.27392474
0.2780732
0.26728186
0.26235405
0.24726513
0.26673955
0.27682874
0.28090975
0.2711305
0.2919646
0.26491368
0.24873696
0.28110036
0.26632303
0.2769138
0.29080334
0.2719048
0.27565664
0.31031677
0.29492497
0.24637777
0.3003022
0.27648106
0.28035325
0.2789437
0.27171722
0.28290582
0.29760295
0.27167562
0.25701386
0.25737372
0.27471143
0.28147954
0.30517218
0.28224012
0.28305867
0.27560213
0.2772695
0.29115707
0.27992132
0.26771575
0.2835573
0.26225325
0.2946129
0.30333692
0.27951193
0.26997975
0.27740562
0.2721905
0.31235015
0.27816415
0.27992362
0.28178182
0.30134243
0.27493504
0.299263
0.29924288
0.26714832
0.28196627
0.26549512
0.24352273
0.2743527
0.26467302
0.27830368
0.3023738
0.30670303
0.26878405
0.246673
0.2666448
0.29393053
0.31062877
0.30779043
0.29684594
0.26573652
0.28038552
0.27535406
0.30173108
0.38661596
0.29585984
0.27800068
0.2690464
0.2737432
0.31432915
0.2723949
0.27595025
0.28751585
0.2764892
0.27258927
0.26683807
0.30279016
0.28665575
0.28503078
0.2814755
0.27286223
0.3040308
0.28758627
0.29239413
0.2820362
0.29624146
0.2928372
0.2965674
0.28933793
0.26303396
0.3086128
0.31494045
0.29619098
0.28536743
0.32208815
0.28889936
0.35568506
0.30347154
0.30324093
0.28169334
0.33774918
0.2987042
0.30817842
0.2939754
0.32460895
0.32157406
0.35258573
0.31582326
0.3243833
0.31905678
0.3301079
0.29240507
0.2952422
0.3202051
0.30997694
0.31442317
0.31640697
0.30962074
0.33155087
0.3471344
0.30617347
0.30368224
0.3317241
0.33805808
0.35311255
0.35850745
0.3170142
0.33289427
0.2983193
0.32952884
0.34226283
0.33901206
0.3016761
0.33191827
0.34227785
0.29443127
0.34764004
0.33369187
0.3515652
0.3478844
0.31619185
0.3630418
0.37101248
0.32414776
0.34186894
0.34221607
0.35532013
0.3688884
0.37093255
0.3182833
0.3277738
0.3429525
0.32380155
0.34523144
0.3414624
0.37739787
0.3236648
0.35890886
0.31352746
0.3583312
0.38314062
0.34903392
0.29468176
0.3332242
0.31607217
0.32607728
0.33218166
0.31969106
0.3373741
0.2884576
0.30234405
0.3268301
0.30928996
0.29528654
0.3385091
0.30204374
0.28844306
0.28484607
0.27479315
0.30010757
0.3008797
0.27563158
0.2708125
0.3338561
0.27844295
0.2988304
0.3046836
0.29059997
0.27367005
0.28389582
0.2838733
0.2972729
0.3009783
0.28527385
0.29468793
0.29265156
0.29050466
0.2807305
0.3120558
0.2890825
0.2660477
0.28087366
0.27474874
0.2608491
0.29073176
0.3006153
0.29159227
0.25999084
0.27482814
0.27376518
0.259033
0.28079417
0.3066411
0.27436355
0.24660103
0.25227544
0.30684647
0.2720037
0.29644388
0.26731536
0.30908164
0.25663972
0.34168005
0.30611613
0.28319144
0.2723721
0.27592492
0.2686798
0.28274742
0.24255496
0.24062496
0.25685933
0.3066704
0.27414656
0.248528
0.26539385
0.25869742
0.25848347
0.2820813
0.27109674
0.28989014
0.24925472
0.2506975
0.24369925
0.24039006
0.26576418
0.23858264
0.29641774
0.26962104
0.30738214
0.28372037
0.2425773
0.23988336
0.27039906
0.24403295
0.26874974
0.26842543
0.23520857
0.23408836
0.24788548
0.24439192
0.23063003
0.29526955
0.30353373
0.25619382
0.24221897
0.24252065
0.25020188
0.23700254
0.25296983
0.25522593
0.26012734
0.3440802
0.2565575
0.22745393
0.24426678
0.25852194
0.24767524
0.21653666
0.26760724
0.26016727
0.2751106
0.29784074
0.28309995
0.24522404
0.38546076
0.28320366
0.31910384
0.269982
0.2749386
0.25490314
0.23308031
0.27040407
0.2592551
0.27267843
0.2698782
0.3940588
0.2864998
0.25720143
0.27504134
0.2935561
0.34638733
0.22959886
0.32464924
0.24186395
0.25253204
0.23068751
0.28948644
0.31160647
0.2454537
0.24181877
0.30907473
0.2683092
0.24252911
0.2451569
0.2390538
0.30872917
0.24075687
0.21019109
0.21399434
0.22207206
0.21595214
0.20846917
0.20280313
0.1950891
0.1952108
0.19485928
0.1998502
0.19987209
0.20773841
0.20740598
0.2162301
0.2265344
0.2180694
0.2128376
0.21074168
0.21621965
0.22691193
0.21991698
0.23123822
0.21941428
0.24098039
0.22165658
0.20705087
0.20613852
0.20729257
0.20810008
0.21706301
0.23274265
0.22169727
0.21337941
0.2363541
0.27893388
0.23206258
0.20943883
0.20977212
0.21451288
0.21479818
0.20906879
0.20538712
0.21211627
0.23216234
0.2193785
0.21499534
0.22165221
0.226384
0.23677287
0.21393906
0.20874637
0.21276438
0.21471162
0.2147062
0.21447575
0.20992593
0.20418344
0.21048716
0.21191756
0.21648182
0.20952019
0.20884402
0.2100129
0.21003975
0.21103026
0.20466673
0.2068953
0.20716746
0.20852812
0.19897184
0.20069414
0.20224783
0.21632805
0.21200246
0.20696917
0.19532925
0.20393571
0.20443426
0.20898148
0.21601452
0.24556267
0.2226865
0.22097334
0.24045868
0.23135626
0.22007596
0.21839845
0.21289092
0.22465645
0.24191992
0.22797137
0.23299588
0.25702542
0.22342585
0.21075788
0.2082168
0.21189928
0.21600965
0.2360091
0.2550313
0.2271763
0.22084568
0.23607595
0.2429437
0.22653934
0.22109438
0.2242518
0.23661858
0.22919759
0.22808538
0.23880662
0.26371706
0.24161258
0.22687553
0.21462972
0.21057616
0.21013622
0.21777113
0.22339065
0.23888604
0.23281649
0.24079886
0.25690472
0.23859364
0.23308225
0.24039254
0.23756696
0.2506751
0.24203748
0.23869689
0.2634096
0.23453648
0.22623575
0.23854287
0.23207389
0.22849025
0.22296906
0.23317637
0.25435668
0.24413367
0.25390443
0.24024521
0.24177128
0.24599402
0.24187258
0.25078893
0.2399309
0.25157696
0.24411832
0.24414268
0.24057655
0.25772333
0.24664705
0.2544256
0.24264641
0.2513918
0.27124888
0.25341418
0.2520424
0.24309805
0.24256219
0.25435248
0.24626179
0.2358195
0.23161525
0.23360892
0.23752584
0.24346007
0.25788653
0.25157034
0.26490974
0.2519919
0.24380113
0.2502755
0.27144083
0.26246923
0.24012427
0.22856222
0.24703719
0.287931
0.26112396
0.24883415
0.25157925
0.23913778
0.23990126
0.25389317
0.2535107
0.2479002
0.24599558
0.24780345
0.2888473
0.26110813
0.24768624
0.24924585
0.24521686
0.24441345
0.25067708
0.2613775
0.24731234
0.2674018
0.2621323
0.2493368
0.24368116
0.24935837
0.2663888
0.24859455
0.25102603
0.26019365
0.25884438
0.27309975
0.25547904
0.27315482
0.25386012
0.25032994
0.24353206
0.25147197
0.2741763
0.25254625
0.24636526
0.25566143
0.25490877
0.24630083
0.24744706
0.25836518
0.2559286
0.27763656
0.25601977
0.2617645
0.29492068
0.26163724
0.25238243
0.26720023
0.25088236
0.24912362
0.26195067
0.32045966
0.26647353
0.2482683
0.26590964
0.25561273
0.2466361
0.25563988
0.27455518
0.25437665
0.23974255
0.2406134
0.25701788
0.2549925
0.26718193
0.25337988
0.2443143
0.23762824
0.24055104
0.23763925
0.23614411
0.24388911
0.27057952
0.24014403
0.23079905
0.24076235
0.2438228
0.23984015
0.23847495
0.23985127
0.24406946
0.23363344
0.23114493
0.22308823
0.22754495
0.22532691
0.23501097
0.23090722
0.23528375
0.23811889
0.25062698
0.24913724
0.23922284
0.23010069
0.22673714
0.22475018
0.22247541
0.22310758
0.23208725
0.2341603
0.23847699
0.23460834
0.22894722
0.22601224
0.23051725
0.23943135
0.24428827
0.23648767
0.23771808
0.23565608
0.23634286
0.22607978
0.22052757
0.21448246
0.21585283
0.21254285
0.22236219
0.22196876
0.22526863
0.23019433
0.23252684
0.23786595
0.23337187
0.23530182
0.23360763
0.22967404
0.22646014
0.22856402
0.22573785
0.22652782
0.2245738
0.22514938
0.24583904
0.28317505
0.24492511
0.23157662
0.22617158
0.23198424
0.23072909
0.22752912
0.22282036
0.21530236
0.21999545
0.22280984
0.2215912
0.22060886
0.24128015
0.28961825
0.24202977
0.21816935
0.21409392
0.21246281
0.2188083
0.2279633
0.23189601
0.23802686
0.23480415
0.22436658
0.21562403
0.21284746
0.23450181
0.24072751
0.24761666
0.2325828
0.23626164
0.24321316
0.24700692
0.23957472
0.23379096
0.24029453
0.23640105
0.22749205
0.22815017
0.23342277
0.24602954
0.25343847
0.2534098
0.24594805
0.23790915
0.25073773
0.27937415
0.24060221
0.22821032
0.23181465
0.23995234
0.23794782
0.23506783
0.24153571
0.25129202
0.25243843
0.25462398
0.24572644
0.24952039
0.24982281
0.24894574
0.24639368
0.25011054
0.26293945
0.26845884
0.2681619
0.2564485
0.25612
0.2556498
0.25876862
0.2588085
0.2597517
0.26371884
0.27285436
0.2900876
0.26729116
0.2528184
0.26146576
0.26127246
0.26728752
0.2738203
0.2840305
0.27603775
0.27572566
0.28310993
0.26655206
0.2712248
0.29717162
0.26983157
0.26959732
0.2965244
0.28784838
0.2971664
0.26784942
0.26091582
0.29490048
0.34821957
0.29324827
0.27007607
0.2813378
0.28115997
0.2818551
0.29285702
0.31764078
0.28886017
0.27195114
0.27375764
0.27572757
0.28127939
0.27963576
0.28026688
0.28768295
0.30585754
0.29235423
0.28320643
0.28319713
0.29234543
0.2979966
0.30583704
0.33434746
0.30136105
0.31820542
0.29276428
0.28544912
0.2962979
0.2972997
0.30828804
0.2980283
0.2880351
0.27999628
0.28128672
0.29413536
0.29241073
0.30304217
0.2851214
0.29103154
0.32082295
0.29567996
0.28298286
0.28839388
0.28836414
0.28731945
0.31361878
0.37174305
0.30230212
0.26831698
0.26900214
0.2761465
0.27296558
0.28110766
0.31701595
0.29417488
0.27431354
0.28191283
0.29663616
0.27719185
0.29519084
0.35071352
0.309003
0.31654117
0.30834666
0.30530456
0.30278933
0.30933976
0.30475342
0.31853747
0.28022024
0.26575524
0.2781076
0.31431183
0.30463055
0.30317965
0.30516577
0.29912156
0.32228324
0.30172136
0.30638352
0.2953057
0.30649525
0.31401122
0.31004804
0.30933893
0.30193323
0.3061218
0.32193
0.3101581
0.31287405
0.31338236
0.3078966
0.31349465
0.32736138
0.3140525
0.31681895
0.30037236
0.28865838
0.29473385
0.31234562
0.30352876
0.306284
0.3040067
0.31929228
0.30002928
0.2800007
0.27739748
0.26704162
0.2770074
0.29084936
0.33068255
0.31121257
0.30140176
0.29733285
0.30452362
0.32782015
0.32855248
0.3130652
0.2902089
0.29007307
0.3127087
0.28604305
0.27906948
0.2995211
0.31730703
0.31175593
0.29033524
0.28391775
0.29360363
0.31551188
0.30161047
0.3132241
0.30783644
0.2959462
0.2919083
0.29693556
0.32086778
0.3117269
0.31911412
0.31702128
0.37303472
0.32980576
0.32238865
0.31127408
0.3150869
0.33386126
0.32146814
0.33916488
0.31592697
0.313227
0.33111215
0.31633848
0.30502093
0.30457598
0.29867175
0.3139621
0.3430702
0.32308474
0.3164021
0.3100225
0.3248176
0.35404733
0.33896762
0.34392348
0.31438407
0.29418728
0.30488786
0.3267358
0.31580722
0.32919416
0.36695328
0.3266659
0.31303865
0.32613373
0.32483697
0.3282897
0.3173544
0.30904788
0.3107743
0.3243366
0.31034708
0.3138058
0.33475378
0.33027816
0.34361023
0.34608412
0.32992733
0.32074618
0.3195533
0.32086235
0.32198524
0.31871185
0.315102
0.32219222
0.346119
0.35412794
0.328738
0.33736005
0.3551739
0.32988825
0.33270875
0.3450547
0.31562886
0.32110178
0.3615571
0.33386594
0.33886746
0.33627617
0.33814126
0.32284304
0.32787418
0.3532836
0.3450654
0.3573809
0.32581243
0.3222424
0.3467385
0.3560677
0.3391918
0.36475548
0.43286172
0.350741
0.33437383
0.33967614
0.36670062
0.35415816
0.36980066
0.33799538
0.37062156
0.34377867
0.3470596
0.38053814
0.3894344
0.35394272
0.36154598
0.368268
0.35264233
0.35677266
0.35790384
0.37812826
0.33889866
0.32194144
0.32912722
0.34150422
0.34515184
0.35201532
0.38447794
0.35960156
0.3549012
0.36967543
0.35748845
0.36344057
0.3664507
0.3600755
0.35811916
0.34277537
0.3748534
0.45447186
0.36500192
0.40916577
0.36888942
0.37731752
0.34421754
0.33427843
0.34755844
0.35352245
0.37111956
0.37273505
0.35770807
0.38169807
0.38152707
0.36424038
0.35368183
0.3539598
0.34902677
0.3461746
0.35037836
0.35651594
0.36061636
0.37945268
0.36839187
0.40450886
0.36887336
0.36159766
0.3639329
0.38803834
0.37070823
0.36762464
0.39108145
0.34969178
0.3336363
0.34501773
0.35618785
0.35424662
0.3861871
0.3754393
0.35939243
0.35152206
0.3375444
0.33231238
0.32838327
0.33214256
0.33063388
0.33560643
0.3600548
0.33759046
0.34305376
0.37651747
0.32677197
0.30761805
0.31674975
0.31031615
0.30943775
0.31634104
0.32287788
0.32601568
0.33353463
0.3406879
0.33009827
0.3214736
0.3281368
0.3526982
0.36774966
0.3545636
0.34646636
0.33060858
0.33191118
0.34805527
0.39197725
0.3675294
0.36204174
0.3514953
0.3424476
0.34321982
0.34791908
0.34602183
0.3338044
0.33318403
0.3402778
0.34074828
0.33403638
0.33151677
0.33660185
0.34570658
0.3511846
0.34694186
0.33725885
0.33048752
0.33073965
0.3358084
0.3335068
0.32870713
0.32421175
0.32183164
0.3381993
0.35436106
0.37652278
0.33874056
0.32546735
0.32471088
0.32776675
0.3099973
0.32004404
0.32120377
0.33346787
0.32476974
0.31240183
0.30932832
0.30419576
0.3141649
0.33451065
0.33857417
0.332899
0.33109763
0.32775593
0.3245684
0.31179565
0.32509226
0.34422803
0.35146624
0.32519946
0.3077068
0.30383617
0.32056668
0.32019046
0.31425616
0.32483205
0.3365032
0.3450355
0.3604979
0.39637914
0.35162574
0.32436547
0.31305107
0.31853178
0.33008498
0.3449838
0.34425005
0.33255517
0.32599416
0.3233658
0.32524285
0.32711563
0.32012424
0.324282
0.3323771
0.34335074
0.34321254
0.3378014
0.3268718
0.33388972
0.34023353
0.34637523
0.33003953
0.33984303
0.34555304
0.3458215
0.3232889
0.30231223
0.30695945
0.30666155
0.32465518
0.30868167
0.3161619
0.3030892
0.32232034
0.31993106
0.32355574
0.31585515
0.31135106
0.3238241
0.33122674
0.3344711
0.32326505
0.3178801
0.3185006
0.30439395
0.3207559
0.31000125
0.33117023
0.32030764
0.3277709
0.33997
0.33974314
0.33946094
0.3223446
0.3174081
0.32374614
0.32986718
0.33449218
0.32917395
0.32225537
0.32943982
0.328633
0.33653724
0.33436984
0.33730245
0.3270587
0.32324383
0.34299383
0.35628313
0.35689768
0.3425471
0.33448806
0.33296266
0.33643976
0.3347109
0.33789325
0.34133774
0.35632625
0.36723796
0.37307763
0.37502646
0.36295745
0.37283364
0.3776738
0.39685896
0.39117226
0.3750592
0.36121735
0.36006477
0.37725022
0.40235683
0.39938715
0.3864747
0.36885026
0.3594303
0.37046057
0.37149507
0.36824265
0.35282847
0.35290873
0.36877382
0.39215085
0.40015844
0.3991197
0.38175434
0.38546422
0.38619968
0.37765467
0.37284467
0.37928346
0.39687917
0.40019277
0.3993712
0.41349232
0.41116485
0.42160457
0.42753154
0.4517301
0.45543906
0.43500462
0.4228162
0.42828998
0.4453157
0.4204918
0.4184421
0.41834643
0.42617062
0.40629664
0.40531954
0.41598713
0.4649438
0.44805416
0.46878058
0.43412775
0.4151096
0.42872024
0.45382905
0.44083655
0.43453723
0.46878615
0.52513397
0.4631489
0.4218049
0.4122423
0.41775918
0.42649522
0.41723123
0.41721144
0.4085776
0.4185114
0.41681182
0.43212804
0.4577893
0.49820635
0.45939288
0.43521953
0.41808456
0.4004414
0.40125623
0.39654532
0.41248792
0.41014278
0.4181301
0.4232792
0.4149221
0.41643336
0.39970955
0.4258383
0.4746308
0.43055966
0.5408029
0.8058783
0.54941446
0.42957544
0.44479275
0.4844721
0.42872906
0.4011674
0.42269593
0.4721816
0.41133684
0.39470354
0.38822797
0.41442502
0.41391513
0.42911068
0.4230561
0.43347636
0.44343975
0.45312527
0.44706208
0.46208313
0.5094204
0.45329428
0.42585224
0.42431256
0.42914557
0.42229488
0.4219114
0.41660404
0.41197994
0.4215768
0.420341
0.41682386
0.42344195
0.41934645
0.44950983
0.43444088
0.43022338
0.41884193
0.42457426
0.43355644
0.43245223
0.4392609
0.4346369
0.42923012
0.41813076
0.43801194
0.43586928
0.43510726
0.42948112
0.4267701
0.44083327
0.4302856
0.43930417
0.4532026
0.51955986
0.4772731
0.4621239
0.47480783
0.5085817
0.4512387
0.4219591
0.4048695
0.43471795
0.42958382
0.425008
0.41037166
0.41983014
0.43137148
0.43493077
0.43218872
0.4180599
0.41569376
0.41512954
0.43739367
0.43164828
0.43728587
0.43803892
0.43302596
0.41339207
0.41470847
0.40447873
0.41089836
0.40298924
0.42485708
0.4348418
0.4322194
0.42707318
0.4271374
0.43152514
0.42324442
0.42296538
0.40920526
0.41883036
0.42475948
0.44217303
0.4283107
0.42571372
0.4203591
0.43568325
0.4315115
0.42485985
0.42551658
0.43079713
0.4440109
0.45172524
0.44045845
0.43596452
0.44255966
0.46197674
0.45842078
0.4399835
0.408389
0.41306564
0.41495985
0.42986766
0.4038149
0.3977863
0.41093764
0.42413765
0.42357668
0.4190374
0.42803395
0.41546214
0.42199442
0.40890288
0.43728507
0.41677785
0.4243459
0.39819613
0.388497
0.38127276
0.39922488
0.39262027
0.4040597
0.39169958
0.42422995
0.42036653
0.43974078
0.43490437
0.41870114
0.4115507
0.3978839
0.39751506
0.39511818
0.41321844
0.43674964
0.43834916
0.46530136
0.48184392
0.48082295
0.43509758
0.42310837
0.43855858
0.48020783
0.47169313
0.45897773
0.4332585
0.43480325
0.4619985
0.47854438
0.48295087
0.46593082
0.45727012
0.47437584
0.46503174
0.46681583
0.4851228
0.4863813
0.4768205
0.45227084
0.43131313
0.44404176
0.44138268
0.48012683
0.48692825
0.47798595
0.46940634
0.4463895
0.45877227
0.47903448
0.4964331
0.48446155
0.4837375
0.50486434
0.50299305
0.50197077
0.49049908
0.51075727
0.5003112
0.48299614
0.471411
0.4890013
0.5042104
0.49662116
0.49831384
0.510086
0.54244864
0.5335602
0.5170627
0.49851775
0.482482
0.490761
0.5075818
0.5163953
0.514938
0.50080407
0.50865746
0.501459
0.51985073
0.51832134
0.51565915
0.5023798
0.518529
0.5407929
0.5564146
0.5625809
0.56330955
0.5621777
0.5249876
0.5175544
0.51196957
0.5198672
0.52970874
0.5169678
0.53432083
0.5047801
0.5078045
0.503958
0.52972966
0.5591924
0.54495776
0.5291016
0.50234556
0.5039686
0.50862956
0.50789374
0.53870195
0.54589635
0.52120596
0.489926
0.47102687
0.51150966
0.50285655
0.5240499
0.49846318
0.51089793
0.4826325
0.49913397
0.49995062
0.5134963
0.5009685
0.48118037
0.4748451
0.4610292
0.51296604
0.5031889
0.49227133
0.4694721
0.4740083
0.47716817
0.44100592
0.48260766
0.4865262
0.49764475
0.47450617
0.47818577
0.44565067
0.45470685
0.46560714
0.4920172
0.5038459
0.4680191
0.47289336
0.4388983
0.46553516
0.4833959
0.4731611
0.47358277
0.4505402
0.4437583
0.4424978
0.44551587
0.4439255
0.4357966
0.42693892
0.41679156
0.42746702
0.4361084
0.45806175
0.45977914
0.4412048
0.45656866
0.46891922
0.4885438
0.463907
0.43850327
0.44123694
0.44197127
0.44938448
0.453766
0.45498267
0.4625141
0.4535145
0.4522628
0.4484282
0.4440307
0.44780245
0.49566698
0.5195578
0.5207104
0.48855263
0.49821594
0.48913652
0.5063555
0.47886208
0.49776915
0.46387404
0.4632239
0.46825233
0.4696562
0.48033607
0.48548326
0.508375
0.5036582
0.50253344
0.49290088
0.4837063
0.49136928
0.4873484
0.47900876
0.46441194
0.455507
0.46672884
0.48097542
0.49475434
0.5026361
0.48842216
0.4730215
0.48509446
0.46306622
0.45414704
0.4502889
0.4476029
0.4447959
0.4411868
0.42827463
0.4431021
0.43107143
0.44777232
0.44671535
0.434162
0.4226746
0.4102603
0.4172152
0.41456887
0.40505183
0.4138186
0.4076144
0.42318684
0.43569228
0.44259268
0.4239788
0.42716774
0.47085005
0.4770163
0.4437632
0.40042114
0.40225646
0.39132026
0.39278632
0.3867636
0.37090316
0.36956716
0.36846817
0.35523587
0.3614519
0.35211995
0.37000844
0.36692342
0.37710834
0.40139765
0.3877743
0.40329424
0.39414603
0.3829689
0.36613283
0.33992404
0.3657182
0.35662478
0.372711
0.3897025
0.41793993
0.41827464
0.42655748
0.4224094
0.42274448
0.3877281
0.38500175
0.40059146
0.38552293
0.3769239
0.39198944
0.39735326
0.3813676
0.3813855
0.46232226
0.5107
0.5122793
0.45851913
0.39993352
0.3795756
0.37842357
0.39628515
0.39215285
0.40949085
0.4115209
0.42140558
0.3949315
0.40262094
0.399219
0.42249024
0.43144745
0.4388628
0.42539805
0.3936282
0.39130494
0.41580388
0.42182148
0.38845196
0.37341484
0.41118136
0.43156162
0.41519046
0.4102799
0.4075627
0.42132258
0.38617647
0.40585688
0.38035023
0.39517388
0.3914407
0.41098619
0.42543718
0.44183707
0.43147188
0.47871494
0.4747571
0.47470897
0.41125694
0.3802442
0.37878218
0.35826796
0.36762226
0.36223876
0.38206217
0.38768065
0.39063543
0.4059478
0.408771
0.4345199
0.4215818
0.4018856
0.37241074
0.37345743
0.39919296
0.41369417
0.41109338
0.3920396
0.38725916
0.4109481
0.41946688
0.42639023
0.4171558
0.42075318
0.44425786
0.45360306
0.45469072
0.41814986
0.38545328
0.38524157
0.41449475
0.41344345
0.41857505
0.41331443
0.41485754
0.40946057
0.4006804
0.39817718
0.40765664
0.4070015
0.4553831
0.43912828
0.47295597
0.47290254
0.4784198
0.4334431
0.45054206
0.45836955
0.47010672
0.41116607
0.42844412
0.46083027
0.45164093
0.42115724
0.3783958
0.42164978
0.42365405
0.47649747
0.47497553
0.51304036
0.49029547
0.5388358
0.55187994
0.54457974
0.48505726
0.47431174
0.4918869
0.53928196
0.5135928
0.5011391
0.5417379
0.53612566
0.5226144
0.44205663
0.44587713
0.4489579
0.43734884
0.45294616
0.4780487
0.49796927
0.4841658
0.4476769
0.4264384
0.41286916
0.413391
0.40741184
0.40740266
0.4367514
0.422288
0.42319798
0.3942862
0.3945304
0.39942184
0.40121683
0.40888697
0.4018411
0.38108155
0.3720166
0.33952183
0.3463536
0.35232556
0.34555438
0.35342073
0.372064
0.35207233
0.35339957
0.34689343
0.35606542
0.36410508
0.36747977
0.37188888
0.38717648
0.39504826
0.40454066
0.43058395
0.49046877
0.47012684
0.42647114
0.3869071
0.33870068
0.35804853
0.36320728
0.3674495
0.38405144
0.39879495
0.37074658
0.38715148
0.38156277
0.39166552
0.3875703
0.40059516
0.38755348
0.4073549
0.42052528
0.41915527
0.40966234
0.41305608
0.39837343
0.36389133
0.36899334
0.37728098
0.39312935
0.3981346
0.40165994
0.4127194
0.42778054
0.41191345
0.39625132
0.3956044
0.37895134
0.36990678
0.36327475
0.39490098
0.42643705
0.41656706
0.41210586
0.4216077
0.41554666
0.40985858
0.43531573
0.4157562
0.4121955
0.41217554
0.38943788
0.39069352
0.41450042
0.43474546
0.42580742
0.43178713
0.4341569
0.42265844
0.419431
0.4422497
0.47194943
0.45376992
0.46995285
0.47069466
0.46568692
0.46501583
0.49559504
0.50109214
0.51010114
0.49984652
0.5033209
0.49792966
0.49073726
0.48143104
0.4721583
0.44330072
0.42108727
0.4707414
0.46376917
0.47501007
0.47663432
0.49495533
0.46932775
0.48014873
0.46338367
0.46174163
0.45026526
0.43890783
0.42625365
0.4384801
0.4472866
0.44834247
0.44977415
0.4857217
0.49798623
0.5386755
0.5428043
0.51561046
0.5127183
0.5030333
0.47437108
0.5048791
0.5312162
0.536341
0.53808254
0.5432013
0.53480333
0.5704374
0.58096725
0.6428079
0.63133717
0.5928404
0.5444787
0.51804656
0.56558394
0.5515713
0.592129
0.65397495
0.6110771
0.5949216
0.63469905
0.62032205
0.6704885
0.63694304
0.6249644
0.61076546
0.58361846
0.57701916
0.59154385
0.5852614
0.64303386
0.70904976
0.7514008
0.81784225
0.777293
0.7695154
0.78893703
0.82901174
0.8168757
0.7480778
0.7446691
0.74282634
0.81919366
0.76784825
0.75029135
0.7581642
0.7869185
0.8442191
0.8105798
0.8915333
0.8928991
0.898286
0.9254337
0.9299581
1.0681394
1.1128088
1.1200526
1.0676417
1.009622
0.97607684
0.94064087
0.93619955
1.0073067
1.0333099
1.1738095
1.243959
1.1889087
1.0339998
0.9875517
1.0908673
1.1428617
1.0719277
1.024812
1.0117186
1.0363472
1.0384262
1.093338
1.1381361
1.1575102
1.1040335
1.2105919
1.190438
1.177712
1.0958319
1.1279675
1.1652863
1.1423897
1.1625801
1.1830459
1.1908418
1.2770698
1.2751869
1.2268496
1.0764711
1.049376
1.0654085
1.0871367
1.1971378
1.2820933
1.2596751
1.1982875
1.1128883
1.106342
1.1212401
1.189004
1.2094721
1.1302133
1.1536194
1.154551
1.2491708
1.2624485
1.3748127
1.3364042
1.3962718
1.3654668
1.455751
1.3597122
1.2803485
1.3287802
1.3386502
1.3467582
1.383903
1.3788546
1.5187815
1.7381015
1.6340617
1.6198407
1.5555542
1.592094
1.4989545
1.570405
1.8015348
1.8959706
1.9313244
1.6169014
1.5263053
1.5114174
1.7102853
1.9574034
2.0495193
2.2029
1.9059032
1.9944376
2.2802336
2.212632
2.241981
2.0010896
2.0243554
2.00394
2.0507867
2.1230195
2.1970813
2.1864672
2.0781515
1.9311812
1.7725074
1.5450852
1.5045981
2.0002909
2.2033916
2.5823681
2.6906607
2.3408349
1.9643445
1.8072467
1.8047007
1.819883
1.7425122
1.6415817
1.8034648
1.8192058
1.9804298
1.926577
1.9924344
1.9695586
1.9048353
1.6700108
1.8179591
1.7273767
1.7989941
1.7863854
1.9230753
1.8893778
1.8442134
1.8016573
1.6575501
1.6235671
1.5274253
1.4634314
1.5521007
1.7389128
1.7573504
1.852274
1.7363278
1.8267574
1.764526
1.73382
1.738622
1.6309369
1.678301
1.7064996
1.7186981
1.6922355
1.7275606
1.7779701
1.8002456
1.8884982
1.8428895
1.9535687
1.9756794
1.9467565
1.9831375
2.05386
2.2330806
2.1699827
2.2163842
2.898534
3.115708
3.3479643
3.3028917
3.2303576
3.1783507
3.1549804
3.1549804
3.1549804
3.1549804
3.1549804
3.1549804
3.1549804
3.1549804
