9.4849008E7
4.6538552E7
1.740491E7
1.0430774E7
7248180.5
5621953.5
4448724.0
3615287.8
3130093.2
2713351.8
2463352.8
2234782.8
2061970.5
1896470.5
1738225.6
1626419.5
1548729.5
1433017.9
1366099.8
1314727.9
1245871.8
1201855.0
1166259.2
1137977.9
1112498.8
1056257.0
1013920.2
996160.4
972230.44
969183.25
911253.3
926802.4
888380.1
860607.6
863313.8
863167.7
796150.6
795580.0
778578.1
742487.44
738614.06
728799.94
706395.06
704826.9
699423.56
700788.06
665906.6
666014.4
680836.7
637730.75
628930.44
621642.3
627801.0
623207.8
610868.9
590187.1
586195.5
609620.56
572026.6
566655.1
547071.06
552990.75
533379.1
514981.16
512543.78
518191.6
510607.28
496953.47
502186.7
494369.25
485971.12
482845.53
475711.5
468276.28
464761.12
455532.2
453109.47
438279.94
436132.12
431566.84
431738.75
426848.6
411279.56
408669.72
406382.2
400771.56
415901.2
401411.2
395247.8
397780.78
390509.7
384491.4
377529.94
368994.97
376200.25
363129.12
368599.0
362950.34
361509.06
362370.4
351967.0
361517.28
346867.62
344263.97
341762.5
337729.44
334675.72
336259.4
328508.7
327275.9
321208.34
322550.94
314874.7
312188.84
310608.2
311876.6
310169.2
317615.47
311262.75
309426.2
309816.3
304341.4
299422.0
300909.25
307160.4
312836.84
306299.1
291617.9
295374.78
288978.6
290697.28
286447.5
283309.34
276433.94
274961.84
271842.75
267490.3
271350.8
272187.03
273094.97
275351.9
268160.9
269648.1
271628.62
262175.7
261656.42
254654.27
254541.17
258845.38
247825.03
242487.12
245609.05
242407.25
248772.78
239251.55
240226.19
242768.28
237825.45
240037.48
235506.14
235564.56
236573.4
226163.03
227816.97
229208.34
222084.8
219194.3
220386.98
214984.77
214056.53
215445.11
214666.92
212826.62
215141.0
210364.14
210331.11
214903.05
212776.3
203334.23
203651.36
203832.81
203309.56
201493.48
204376.36
198853.3
201228.95
192041.66
194795.83
191386.94
195310.73
186916.12
186738.11
189030.16
190663.16
189854.84
185328.64
182638.92
178741.72
177154.73
182482.77
177800.08
172541.05
175755.78
175258.17
175688.9
171676.5
168895.81
163122.31
166222.98
165620.62
165133.83
162787.42
166322.67
162920.39
164058.73
163266.67
168247.42
160565.5
162002.58
157243.53
156425.9
150418.3
146272.67
145626.27
150727.78
146809.67
148908.25
146547.1
149250.6
147207.78
145582.77
150077.33
143612.53
147455.5
143405.95
145370.16
144671.62
141890.97
146404.25
146983.69
141151.92
139975.78
137956.92
139081.45
140080.05
135795.73
133628.64
129926.266
130850.17
133323.08
132367.1
131418.16
132270.3
131186.06
126130.67
129011.016
126133.414
130573.4
124633.0
127715.69
120896.73
127768.83
123760.586
122532.26
124919.94
122036.51
125680.39
131125.7
123572.57
125978.71
118233.14
121077.586
118977.48
126047.81
120874.516
120955.06
118397.39
116539.26
113760.45
113374.76
109392.3
109369.78
110254.016
110963.086
107553.63
112145.51
109130.91
109466.72
109493.09
117571.27
113118.75
109491.77
114542.35
107627.44
106519.734
108563.69
110765.41
107245.56
109897.34
108788.44
118810.06
120027.61
120088.9
115721.25
108432.95
112463.1
103662.55
104601.9
103949.8
101951.49
102941.125
102677.35
103869.39
107647.81
101171.914
103815.79
101496.16
95253.125
96683.28
92356.875
96840.04
93911.82
98710.91
100920.625
89799.266
98917.96
90667.375
91174.625
91957.74
96247.27
95393.266
98531.21
92105.52
91573.51
90783.695
87027.37
85628.81
87047.57
84058.34
82530.164
86219.375
83161.98
85195.37
81630.42
81726.99
79415.59
84201.37
79747.11
79087.08
77425.84
72621.73
74057.586
71641.99
71283.43
68502.05
70089.11
69313.09
69744.484
81823.734
69526.37
69455.336
66655.13
66312.51
69528.875
70463.3
67218.195
68229.07
81481.555
63853.785
64754.777
63416.87
60356.42
61661.22
64168.848
59597.723
62206.395
56575.305
59156.05
61692.87
61870.95
58731.43
60196.54
56824.42
61996.44
63094.76
52368.562
53922.457
49126.008
54206.23
56241.68
51025.33
50933.99
54804.047
55190.027
49962.105
48325.242
48181.844
44378.37
55335.633
49848.57
47188.555
48078.87
48160.836
46847.332
50827.35
45876.92
43728.34
48238.867
44124.14
42080.67
44313.305
43587.24
41315.51
44589.24
40778.844
38414.004
42429.207
40388.566
36982.57
37876.824
49116.87
41466.043
46305.13
35663.734
55402.562
39839.617
48994.773
36653.617
33838.336
33840.215
36408.098
36035.344
50487.715
37553.137
53110.54
40391.973
35066.29
29936.098
31855.799
33229.72
29873.82
30996.64
35185.41
34869.156
33582.387
38033.21
31226.094
34251.684
60346.117
32098.535
35270.273
32444.33
52382.613
29566.246
33688.008
29601.17
29233.549
29194.773
27325.04
30642.3
26212.268
39461.625
37732.87
24954.223
26947.496
26742.924
25676.463
28094.324
37930.87
27696.98
24554.414
30197.113
26006.26
25295.188
23717.412
26328.496
21851.432
29222.256
26723.234
23930.223
26820.639
36628.598
27310.33
23554.727
27102.79
26649.568
23683.791
25597.264
23733.963
30969.62
26155.186
28900.748
25465.562
32683.883
24094.361
26815.637
26026.658
24218.016
29123.72
23483.994
27897.367
22351.527
28305.867
28727.822
25800.342
23045.695
27476.467
21188.969
21584.271
26071.41
16528.924
23098.633
22072.447
28228.527
19976.95
29410.135
34750.617
23532.025
25739.783
24592.152
26257.646
22871.014
24931.373
23590.6
22121.668
21666.371
22971.35
19517.826
16860.934
18076.508
28625.402
28863.27
20991.535
19365.398
18534.16
17422.705
27746.637
20618.021
16900.81
17661.555
18988.97
17859.707
28003.719
13198.226
18971.812
16115.874
18799.633
17783.31
25283.361
16806.98
17161.58
13123.463
15513.81
32605.176
14236.638
12551.303
17299.125
16721.86
17394.697
17677.475
15487.635
15186.973
14478.659
24651.176
18230.875
11488.788
9671.548
22291.79
18120.291
12865.998
16185.042
18197.918
14152.13
14224.05
11517.89
13317.583
13256.297
9075.246
10468.314
7708.0234
8672.481
66404.586
9530.976
17056.855
24348.484
12943.498
7993.8457
9088.392
26321.814
11119.9795
20176.346
4077.4446
10302.478
13285.075
17050.582
38512.004
7416.5693
9649.705
14943.557
10258.481
12056.466
13506.745
9727.122
9039.332
8135.625
46578.973
4069.1072
4178.2866
11683.193
12570.123
3982.837
3746.8643
6129.255
5364.502
852.97504
4027.2498
9407.684
8608.048
16611.723
294895.66
18178.006
16635.613
74300.78
2848.008
12445.831
74122.28
223086.02
79673.58
1744.1221
5668.397
2061.2354
5580.2896
18600.965
6975.3623
4783.1055
3985.9211
3720.193
3720.193
3720.193
3720.193
3720.193
