148.76839
26.092579
15.453962
12.573012
11.205296
10.466301
9.918606
9.504333
9.203656
8.913727
8.672514
8.422467
8.267937
8.101716
7.879332
7.7054367
7.6057467
7.4074225
7.251794
7.1068535
6.9489517
6.8440623
6.6942053
6.5939384
6.4862785
6.343295
6.22055
6.108304
6.0008316
5.864706
5.7615695
5.6289425
5.545311
5.4604316
5.3361845
5.208038
5.1401663
5.0628867
4.97594
4.8845315
4.791411
4.6940074
4.6188965
4.497871
4.416471
4.327558
4.258607
4.1564527
4.0771194
4.0355577
3.962108
3.8638399
3.8428628
3.7267225
3.6662307
3.592367
3.5309796
3.4472783
3.3988469
3.3559349
3.2594903
3.2207384
3.1657999
3.1006205
3.0533469
2.9750757
2.9553819
2.8944216
2.8339174
2.7734196
2.730206
2.7143054
2.676091
2.610956
2.572945
2.5290027
2.4819896
2.4623468
2.4068508
2.372124
2.327552
2.3109295
2.2707405
2.2280524
2.2048068
2.1774774
2.125844
2.122603
2.0716712
2.045544
2.037728
1.999843
1.9717629
1.9552454
1.9417785
1.8850842
1.8792118
1.8651305
1.8440214
1.8307819
1.7925849
1.7936603
1.7660695
1.7563124
1.7336453
1.7048181
1.6966252
1.6764991
1.6671498
1.6462026
1.6287246
1.6330469
1.6277049
1.5884644
1.5923048
1.5765752
1.5578247
1.5605347
1.5618452
1.5557548
1.540881
1.5209488
1.5339924
1.5307082
1.5206089
1.4920352
1.5206549
1.5024017
1.4915549
1.4821894
1.4879998
1.474465
1.4860342
1.456187
1.4538679
1.4686751
1.4485177
1.4748619
1.4494649
1.4634333
1.4536495
1.4512018
1.4497485
1.4768242
1.4709116
1.4454962
1.498758
1.4583585
1.4843829
1.4691157
1.4715484
1.4698026
1.4763598
1.4587574
1.4796141
1.4916277
1.487069
1.5051243
1.4808229
1.4791077
1.5168031
1.4965751
1.5043733
1.5291462
1.5261562
1.5298303
1.5242325
1.5427862
1.5372316
1.5449786
1.5442708
1.5488038
1.5796471
1.5626687
1.5638717
1.5762994
1.5782787
1.5902696
1.6042371
1.6061822
1.6061876
1.6255392
1.6190089
1.626876
1.6554972
1.639608
1.651668
1.6531504
1.6449913
1.6764371
1.6851852
1.6738665
1.6818835
1.6913174
1.6893507
1.6938636
1.7014985
1.7106646
1.7319124
1.7074407
1.7256755
1.7314594
1.7320485
1.7340101
1.7445868
1.7628729
1.7506423
1.782664
1.7818063
1.762072
1.7728555
1.7841607
1.7805537
1.7997468
1.8125087
1.7879664
1.8021715
1.8303653
1.8018633
1.7976273
1.8523728
1.8301414
1.8136232
1.8068204
1.8206093
1.8263507
1.8475868
1.8408927
1.8331654
1.8184669
1.8250077
1.8405293
1.8458881
1.8400315
1.8140469
1.8448015
1.8237935
1.8320087
1.8210573
1.8438586
1.817742
1.8150805
1.8345435
1.8297155
1.8186098
1.819095
1.8204732
1.8165519
1.8255093
1.796377
1.7986088
1.8157213
1.8082852
1.7977715
1.7985624
1.7935334
1.7871675
1.7802827
1.7611613
1.7665923
1.7365906
1.7492872
1.7610652
1.7513428
1.7638003
1.7466695
1.7362264
1.7277449
1.718737
1.7060976
1.7063291
1.6875286
1.6824194
1.6738607
1.6560884
1.667578
1.6570952
1.6368085
1.6410118
1.6389819
1.6012003
1.6133826
1.5978205
1.6056643
1.5831496
1.5680003
1.5670741
1.5400652
1.5507296
1.5275571
1.5240926
1.5091081
1.493545
1.4787127
1.47539
1.460758
1.4521674
1.4374379
1.4323013
1.4340594
1.4037248
1.3991408
1.3737026
1.3678447
1.36703
1.345099
1.341615
1.324101
1.3155353
1.3035793
1.2889825
1.2816256
1.2660203
1.2613543
1.228412
1.2301613
1.2275387
1.1977208
1.1845413
1.1867228
1.1714092
1.1390908
1.1464607
1.1249278
1.1213897
1.1140823
1.0995754
1.0842241
1.0840205
1.0591934
1.0549858
1.0475341
1.0182534
1.0232431
1.0075963
1.0065413
0.9916852
0.97778785
0.9557842
0.9532767
0.93871695
0.9315463
0.9124476
0.9028789
0.9002306
0.88577014
0.8851401
0.8618808
0.85902506
0.83892757
0.8415379
0.8212739
0.8088062
0.80139565
0.78494793
0.7727185
0.7743376
0.7692556
0.76239485
0.7530585
0.74107563
0.72810423
0.72632474
0.71531636
0.69736373
0.69684815
0.693901
0.676559
0.6753047
0.6661904
0.6650865
0.6498953
0.63714516
0.6399172
0.6224056
0.62521315
0.6056072
0.606185
0.58865654
0.5886111
0.58181703
0.5779248
0.585636
0.5679633
0.54152477
0.56102425
0.55154353
0.53767145
0.53770083
0.5289575
0.52372074
0.5101991
0.514648
0.4975499
0.50541747
0.49448988
0.4895738
0.4753526
0.48018655
0.46865344
0.46658117
0.46573716
0.46132573
0.45317465
0.44576004
0.4524312
0.43576634
0.43582526
0.44735333
0.42543668
0.42622522
0.41388938
0.42126492
0.41887102
0.4107282
0.39849102
0.3927835
0.4027189
0.40456945
0.38831052
0.37822327
0.38934273
0.38704044
0.38609624
0.38340288
0.376249
0.377692
0.36688957
0.36558473
0.36857858
0.36675736
0.3532398
0.3637698
0.35722032
0.36036718
0.34557948
0.34600848
0.34419417
0.3419285
0.3389141
0.33527404
0.3331821
0.3349205
0.328152
0.33243728
0.33190754
0.32838497
0.32345477
0.32458428
0.3258051
0.31386536
0.32492962
0.31107888
0.31223652
0.31927425
0.310468
0.3054562
0.31206754
0.30732498
0.31434086
0.30208278
0.3043111
0.3036711
0.3009287
0.29407403
0.2885892
0.28984663
0.29085037
0.294517
0.28967738
0.27851206
0.2886476
0.28713787
0.28331634
0.2836158
0.2871597
0.27899167
0.27756336
0.27612337
0.27740663
0.27896962
0.27295431
0.26487458
0.27417868
0.26980844
0.27031556
0.26658705
0.26755956
0.25874856
0.265786
0.27011305
0.26000112
0.26461685
0.256028
0.2543283
0.2548906
0.2637697
0.26054606
0.24887803
0.2532776
0.25270474
0.25204
0.25645974
0.24993417
0.24237399
0.24775594
0.24462588
0.23961432
0.24543004
0.24130033
0.24034801
0.24638362
0.24572785
0.24647054
0.23870528
0.22843046
0.2396121
0.24228935
0.233488
0.23407806
0.23273376
0.23112711
0.23104025
0.2354152
0.23055454
0.22427133
0.22572207
0.22472301
0.22340745
0.22363286
0.22788735
0.22313254
0.2160376
0.22818168
0.21580629
0.21880504
0.22124526
0.21494862
0.21943921
0.21623468
0.21908042
0.21475956
0.21297617
0.21534948
0.21089058
0.20958231
0.21019638
0.20297304
0.2120656
0.21219856
0.21293135
0.2042864
0.20567559
0.20858963
0.19912022
0.20606466
0.19984409
0.19741443
0.19991717
0.20204605
0.20128858
0.20173107
0.20055303
0.19943666
0.19786978
0.19775018
0.19388883
0.19573447
0.19344352
0.19611347
0.19272383
0.1912263
0.19022399
0.18438576
0.19385906
0.18562919
0.18702726
0.18278679
0.18710943
0.18028046
0.17750813
0.1822714
0.18893799
0.17573117
0.17943877
0.18543978
0.17874223
0.17607716
0.17593312
0.1759654
0.18065885
0.17627831
0.17451133
0.17173037
0.17120326
0.16856861
0.1712505
0.17080069
0.16494943
0.16831967
0.16388495
0.17016524
0.16999131
0.15882123
0.16467004
0.16294305
0.16019799
0.15782554
0.16353868
0.15832126
0.15532234
0.16325268
0.15667777
0.15460663
0.16088536
0.15757167
0.15012112
0.15434338
0.1492808
0.15302573
0.15542638
0.15006573
0.14710186
0.14711535
0.148534
0.14533232
0.15084414
0.14246339
0.15124746
0.1380267
0.14121161
0.14249258
0.14575504
0.14236996
0.13980637
0.14201681
0.14122371
0.140078
0.13903631
0.13476184
0.13561489
0.13869025
0.13888304
0.13472681
0.13659365
0.13293648
0.1343374
0.13480169
0.13712196
0.13152307
0.12896435
0.12822694
0.12739727
0.12699446
0.12612699
0.12735902
0.12584428
0.124591194
0.12734215
0.12907259
0.1271589
0.12187863
0.12131662
0.12029225
0.1196671
0.11500574
0.120181665
0.116441034
0.11911344
0.114995964
0.113927945
0.11770024
0.11562222
0.11343039
0.11477988
0.114458136
0.11399312
0.10868075
0.114839986
0.11046743
0.10664475
0.10575576
0.10917995
0.113072805
0.11000007
0.10997222
0.11197333
0.10521194
0.104412384
0.10181724
0.10266958
0.106387
0.10267207
0.10493541
0.10167583
0.10553902
0.10611962
0.099498115
0.09928511
0.09914086
0.10164822
0.101790965
0.09884979
0.10153662
0.10036298
0.093157046
0.09815347
0.09389383
0.09538819
0.09455792
0.09075592
0.092353776
0.09270854
0.09417479
0.09412734
0.09083832
0.09286014
0.0918458
0.08955432
0.08893753
0.09092561
0.09121006
0.09083785
0.08812469
0.09269996
0.08760361
0.09339923
0.0840005
0.085908495
0.086171545
0.090114996
0.0855451
0.08478667
0.08757338
0.083549485
0.08315436
0.080929704
0.09229631
0.083215676
0.08114713
0.076700896
0.08624947
0.08119353
0.085573085
0.08105587
0.08268247
0.08810028
0.07734731
0.07992091
0.0799263
0.077264234
0.076805025
0.08227056
0.07730493
0.078060895
0.0748659
0.08080655
0.0749134
0.07720246
0.0771433
0.0765191
0.07574419
0.07296267
0.07355327
0.07641205
0.078446425
0.07670408
0.078008465
0.07784978
0.070496984
0.070138276
0.07367911
0.07190318
0.07519551
0.06851005
0.072123975
0.07359731
0.07419768
0.0714717
0.07468204
0.07214647
0.07024476
0.07037095
0.06918047
0.069401175
0.07135207
0.069875486
0.069175035
0.06444502
0.07094869
0.06703683
0.071239926
0.071961716
0.0660972
0.06902688
0.069347836
0.06812459
0.067802146
0.06820246
0.069556035
0.068052255
0.062258977
0.07116176
0.06354396
0.068034366
0.06553869
0.06805772
0.06263014
0.062948644
0.065898955
0.062543154
0.062967576
0.06513226
0.06662884
0.062217403
0.06415603
0.062129702
0.0658606
0.06241172
0.066152915
0.06200426
0.062836096
0.063850604
0.059684005
0.059733815
0.06487125
0.06077139
0.060948487
0.06313769
0.06305494
0.061897878
0.05875921
0.058922246
0.06014542
0.06416221
0.06389967
0.057548527
0.06185583
0.061474927
0.060925316
0.060324837
0.058709856
0.05459364
0.05773672
0.06243351
0.059888616
0.058803365
0.057009943
0.05956378
0.060231145
0.058741968
0.0589873
0.057491288
0.057113428
0.058136247
0.05871058
0.061913047
0.05838758
0.060445454
0.055966545
0.056262925
0.056211457
0.056089133
0.057550345
0.05121025
0.056973353
0.05579618
0.05624561
0.055966433
0.058048975
0.056740936
0.055603582
0.05592592
0.053601492
0.05502649
0.057608176
0.05448988
0.05463747
0.054499038
0.055307575
0.051905043
0.053159636
0.056329966
0.055010308
0.055568986
0.05328358
0.054666433
0.053530045
0.054554578
0.055529386
0.0507327
0.05321215
0.053038366
0.052807074
0.050136156
0.053400334
0.05280153
0.050374635
0.05203318
0.054805707
0.050551035
0.0516715
0.053294916
0.05471823
0.052922927
0.050906155
0.051309507
0.052055284
0.05086726
0.050859716
0.053809956
0.05215121
0.04880301
0.054638926
0.050153986
0.051544543
0.052669037
0.04988132
0.0474274
0.051022712
0.049096487
0.053101923
0.050311882
0.04999016
0.049104523
0.04889543
0.045734677
0.050417483
0.048249785
0.0510838
0.049868617
0.04950787
0.043874566
0.050442893
0.047619183
0.04752418
0.050920807
0.045791622
0.047662765
0.046431933
0.050554294
0.04584095
0.053233944
0.046548054
0.04633503
0.047948252
0.046456162
0.045704275
0.04851013
0.0491151
0.048847
0.04457654
0.050012976
0.045746364
0.046549764
0.050134115
0.046126474
0.046983127
0.043723702
0.045388456
0.04529509
0.04924324
0.047245134
0.046744533
0.049528826
0.042218164
0.04500845
0.04957955
0.04448946
0.04432554
0.04373905
0.04562208
0.044732694
0.04394863
0.04153226
0.04361506
0.045536373
0.04534043
0.044923376
0.042574737
0.04451669
0.046269625
0.043612838
0.04330844
0.045623817
0.04274511
0.043577757
0.043617006
0.046318002
0.046452858
0.04237783
0.040348347
0.040607635
0.04190555
0.042993452
0.045879796
0.041279487
0.04107775
0.044418857
0.04142338
0.04074167
0.044210196
0.042758245
0.039671604
0.041317232
0.04152942
0.0448133
0.03962237
0.041646786
0.04219455
0.041883513
0.041737534
0.03895649
0.040359903
0.046444394
0.041164227
0.039511975
0.041581858
0.04209777
0.039629746
0.04208461
0.04122713
0.044712625
0.040590476
0.043427818
0.037831414
0.038812872
0.039072625
0.038697947
0.037448805
0.039706156
0.03790337
0.042650066
0.041761804
0.039410457
0.040912528
0.03809817
0.037746754
0.040451918
0.040479295
0.04117772
0.03852898
0.043990083
0.039676737
0.039014637
0.042074576
0.03857551
0.037315562
0.038270038
0.038767062
0.040328503
0.039786864
0.036879066
0.039141618
0.040644366
0.037990525
0.03497704
0.03699893
0.03861735
0.039613716
0.036996916
0.038999666
0.038693856
0.038562726
0.036756504
0.036809485
0.038622048
0.038672507
0.038251366
0.039226603
0.0350805
0.03638388
0.037071347
0.0348425
0.035184897
0.037729114
0.036802366
0.0382709
0.034618806
0.039300833
0.037291884
0.03711388
0.037775062
0.04205565
0.03714988
0.038583502
0.03768384
0.037115514
0.037876885
0.03443395
0.036111332
0.03650802
0.035123914
0.035966754
0.03492677
0.036042694
0.0370595
0.035534114
0.0355873
0.03604539
0.036962397
0.037865456
0.035014596
0.037380096
0.037507042
0.036839206
0.0365402
0.03793804
0.033729963
0.0350282
0.035545617
0.034718286
0.044574883
0.036490224
0.03621159
0.035985902
0.036357928
0.03498895
0.03516022
0.0335909
0.036147334
0.035401672
0.029959053
0.037745666
0.034828417
0.033243433
0.034862928
0.036408626
0.03295637
0.03621467
0.032061756
0.032127816
0.035123523
0.033457156
0.035670184
0.032808173
0.034952775
0.032556016
0.033620752
0.034088895
0.03415888
0.035035886
0.034681596
0.036725298
0.033359908
0.03459651
0.031392995
0.034737673
0.03247412
0.03627142
0.034866024
0.034915477
0.033085484
0.036071792
0.033180244
0.030061139
0.032589678
0.03342553
0.03439039
0.032818984
0.03236488
0.032430105
0.03277884
0.032352403
0.032023113
0.03354903
0.032737043
0.031362835
0.032078773
0.030559653
0.03267085
0.033311732
0.032923307
0.034426764
0.031228468
0.032035302
0.031321038
0.03234294
0.03323627
0.03211343
0.034020767
0.03225048
0.036105163
0.03306791
0.029294861
0.032033432
0.032001898
0.03211895
0.033306565
0.031852957
0.032919165
0.031774625
0.03179165
0.028443575
0.0319295
0.033326484
0.03480456
0.02948377
0.029447902
0.033243936
0.03118154
0.030800777
0.03201146
0.030830583
0.029926863
0.03130366
0.031777322
0.03434606
0.031650502
0.03187669
0.03257071
0.031272408
0.029476864
0.029821852
0.030098936
0.030787284
0.031058706
0.031272247
0.028548803
0.03123084
0.03091964
0.030988382
0.031550154
0.031362448
0.029935366
0.030324316
0.03347655
0.027955944
0.027028898
0.031288207
0.030103233
0.03003666
0.03165652
0.029099934
0.03233939
0.029861389
0.033668663
0.032180477
0.03009515
0.031752437
0.034470417
0.029159907
0.029429825
0.02909296
0.0314061
0.030714978
0.02841206
0.029062625
0.030608114
0.027909948
0.029253297
0.0344357
0.030991372
0.029500939
0.031006418
0.0320416
0.03001433
0.027397817
0.030308358
0.03049561
0.030017516
0.033149216
0.02951354
0.0268044
0.030713758
0.029719137
0.027844412
0.030442165
0.029542685
0.027295047
0.028379302
0.029507596
0.028739216
0.03188953
0.026728762
0.03021852
0.02898082
0.028770294
0.028520044
0.030647058
0.029912014
0.02690725
0.029626338
0.027698677
0.026160233
0.029633993
0.029026976
0.02649089
0.027282313
0.027066197
0.027377898
0.02872763
0.031121211
0.02858151
0.02824977
0.027505409
0.027577221
0.02794332
0.028070549
0.026700914
0.027907154
0.028016282
0.02561019
0.035652194
0.025736416
0.025832895
0.028399773
0.027510501
0.029640524
0.027229782
0.027340418
0.0268396
0.027031586
0.029030018
0.028677395
0.030846128
0.026549684
0.027469
0.028028674
0.028087754
0.02675901
0.026347797
0.027244966
0.027358636
0.02734479
0.027850065
0.025684178
0.025357183
0.029285438
0.027974725
0.02633124
0.02939597
0.026587127
0.02737898
0.02667374
0.026979595
0.0292956
0.026637815
0.02751348
0.027147334
0.024780454
0.0285486
0.026865007
0.026596325
0.025876105
0.02884395
0.027881073
0.02608739
0.025918594
0.026049338
0.025214281
0.02764226
0.02588686
0.025584826
0.027073396
0.024694933
0.026218658
0.025707293
0.029054545
0.02847934
0.02497374
0.027686277
0.025686935
0.027645953
0.026065728
0.022947414
0.0253231
0.022618717
0.026937889
0.028722472
0.02805303
0.028424177
0.026985275
0.02805763
0.026637545
0.03015469
0.025405139
0.026202554
0.026723579
0.026669877
0.025985487
0.025708733
0.024949364
0.027803682
0.026694348
0.026536673
0.029107384
0.02686915
0.027482105
0.031737413
0.02603203
0.025539562
0.025501117
0.024616275
0.024866039
0.026129818
0.025822205
0.02413608
0.025931098
0.029583964
0.026202168
0.026561338
0.02522312
0.02438567
0.023895638
0.025661616
0.02474811
0.024064664
0.02561105
0.025380217
0.023076637
0.023977153
0.027002545
0.024707653
0.024832055
0.024365429
0.02478781
0.023873402
0.023598177
0.025808355
0.023514174
0.025834704
0.025882887
0.028857555
0.024393477
0.025747545
0.024198743
0.023997456
0.026011385
0.025361754
0.024453767
0.025339672
0.02486474
0.025174173
0.025348049
0.02379906
0.022669327
0.025048837
0.023346879
0.024258403
0.024186224
0.023103453
0.023647344
0.02642647
0.023249583
0.024090976
0.02346671
0.023785809
0.024288889
0.023923786
0.024074508
0.026750905
0.024275651
0.023766708
0.02300315
0.023059439
0.024078524
0.023084516
0.02372495
0.02672295
0.023777833
0.023268403
0.023669673
0.024353558
0.024525948
0.022983018
0.02334084
0.023063943
0.023812251
0.024637917
0.021794396
0.021315103
0.023202682
0.022002185
0.023265872
0.026996499
0.02334203
0.021569878
0.022151953
0.022982772
0.02359774
0.022749571
0.022181494
0.022449503
0.021997932
0.023437029
0.026212351
0.023536984
0.022071585
0.022064405
0.023104794
0.025206093
0.02342363
0.023480173
0.023270551
0.024583347
0.022524536
0.021832667
0.02257444
0.022479413
0.022939542
0.02388992
0.023406524
0.02323017
0.02394085
0.028916024
0.024624089
0.023740916
0.025926681
0.023390738
0.023680242
0.02390739
0.024902623
0.023827597
0.022488598
0.022428894
0.023649734
0.02423791
0.023942417
0.025127603
0.023481602
0.022370365
0.022323241
0.022752468
0.02347322
0.023071477
0.023245158
0.022255048
0.022138018
0.02335412
0.025143694
0.023439057
0.023238335
0.024542999
0.022821195
0.02214372
0.022567382
0.023151832
0.024068898
0.022660973
0.022973605
0.02500848
0.022896275
0.022253985
0.02303269
0.025442278
0.024142334
0.024916107
0.023084348
0.02310084
0.0249674
0.023086527
0.022578115
0.023443509
0.022036394
0.021327557
0.020776415
0.02141914
0.022329018
0.024048112
0.021612933
0.020905077
0.020486172
0.021219976
0.021625396
0.022198634
0.022662988
0.022403818
0.022204062
0.022043828
0.021444222
0.02189639
0.021518737
0.021942394
0.023178564
0.025875198
0.023024257
0.021708392
0.021701232
0.021609388
0.021220911
0.021271903
0.020211356
0.019826502
0.019805769
0.020272717
0.020537594
0.021246266
0.022258129
0.022906069
0.021645475
0.021314645
0.021080397
0.021794537
0.020603266
0.02063822
0.021309936
0.022648815
0.022438897
0.02105673
0.020287745
0.020037815
0.021309445
0.021387506
0.022296125
0.021998398
0.022272123
0.02133846
0.02124967
0.020342631
0.01989081
0.02005136
0.020394955
0.020668563
0.0203958
0.021293348
0.02261207
0.02335802
0.024101702
0.021322992
0.02127767
0.023968488
0.021117408
0.02001646
0.020487098
0.021252267
0.021050751
0.021055395
0.020189866
0.020177763
0.020445473
0.020855976
0.02199937
0.022343967
0.021729764
0.020989848
0.02061031
0.020673553
0.01978295
0.01913522
0.019776009
0.020089848
0.020537097
0.020049203
0.019936169
0.019780936
0.020122144
0.020456504
0.020425376
0.020673284
0.020382103
0.019412704
0.018859655
0.01937182
0.021023469
0.021392047
0.021419717
0.020785693
0.020617856
0.020791704
0.019804478
0.019140217
0.01828271
0.019120404
0.019438652
0.019256392
0.019133432
0.019328434
0.020164859
0.020403098
0.019682636
0.018655406
0.018732922
0.020086044
0.020441068
0.019435799
0.018678991
0.018383877
0.018931407
0.01882985
0.019731868
0.019763604
0.020181546
0.01968111
0.020749183
0.020153385
0.019871512
0.01896535
0.020226086
0.020627528
0.019970085
0.019192236
0.01875965
0.019675972
0.019567119
0.020448241
0.020036306
0.020193776
0.019130005
0.019628989
0.01980747
0.020062875
0.019419791
0.019265905
0.0199095
0.020040067
0.020444792
0.020727256
0.02055165
0.02050505
0.020380063
0.020231314
0.019779112
0.01942795
0.01994187
0.02017286
0.020256175
0.01988668
0.01978979
0.02004879
0.02029068
0.01988775
0.019444823
0.019578556
0.019603888
0.019505713
0.018698782
0.018740205
0.018189466
0.018357957
0.018455587
0.018345341
0.019216869
0.019242667
0.019824132
0.02002435
0.019005137
0.019631207
0.019178994
0.019139865
0.018397288
0.018065684
0.01853653
0.018435318
0.01853052
0.019088134
0.018632883
0.018460227
0.018148474
0.019367395
0.019050352
0.018924061
0.01894875
0.019788766
0.022154955
0.025747515
0.020557597
0.018867852
0.019041633
0.020276114
0.020323703
0.020542732
0.02027762
0.020238454
0.020180674
0.019904278
0.01934385
0.019999303
0.019354593
0.0188701
0.017544774
0.017333664
0.01791116
0.017941397
0.018353172
0.018653613
0.018831274
0.019181607
0.018301154
0.018302593
0.018205654
0.018518358
0.018950963
0.018377228
0.018787464
0.019108923
0.019544635
0.018764926
0.018507583
0.01893382
0.019255366
0.018189149
0.017842164
0.01888193
0.019510055
0.019433059
0.01813191
0.018806137
0.019439746
0.020113152
0.019262971
0.01908677
0.019296335
0.019318989
0.018801574
0.017951239
0.017948106
0.017396426
0.01763577
0.017293971
0.017957164
0.018521603
0.01854204
0.017735098
0.016705962
0.01726319
0.017756911
0.017844602
0.017758008
0.017532738
0.016869223
0.01671256
0.018339504
0.019134173
0.019962655
0.017927717
0.017084036
0.016434727
0.016953807
0.017970169
0.017472425
0.018675081
0.018602654
0.018405361
0.016962146
0.016542727
0.016690476
0.018401623
0.01890317
0.01960228
0.018054646
0.018160073
0.017098345
0.017734658
0.017659942
0.017695263
0.016941803
0.016528424
0.016550027
0.017375868
0.017254816
0.017701034
0.017653627
0.017930765
0.017779417
0.017467372
0.016639354
0.016890144
0.01685015
0.017894015
0.01795122
0.01814994
0.017278366
0.01671077
0.016138311
0.015977276
0.016568266
0.01710182
0.017195199
0.016934257
0.016354311
0.017198013
0.01698695
0.018044202
0.018602978
0.01893371
0.018715207
0.017670445
0.018178198
0.01759729
0.018314859
0.018032625
0.018488176
0.017434828
0.01734659
0.016914334
0.01767289
0.017007552
0.017580027
0.017288294
0.017566146
0.016544506
0.016440837
0.017259512
0.017357053
0.01727063
0.015972804
0.015940936
0.01669866
0.017067127
0.017234609
0.017203156
0.017824152
0.017558936
0.01813081
0.01792355
0.018098406
0.017258756
0.017474184
0.017351413
0.018039808
0.017669484
0.017818496
0.017191248
0.017116314
0.01719026
0.017465264
0.01768839
0.01726585
0.01656807
0.016263308
0.016680477
0.017113239
0.017883325
0.018273804
0.01771143
0.016446657
0.01697668
0.016946752
0.018185211
0.017360572
0.01733556
0.016182503
0.015968563
0.016495679
0.017242994
0.016444825
0.01689352
0.016473183
0.017129228
0.01835536
0.018204112
0.018713038
0.017559526
0.017825436
0.017813854
0.017643478
0.01818326
0.017881222
0.017043725
0.016160885
0.016630262
0.017505184
0.017128346
0.01703171
0.016546473
0.017504854
0.017102595
0.016217984
0.015886266
0.015203264
0.015358557
0.015339437
0.016367579
0.01643807
0.016867297
0.016600685
0.017812993
0.01768299
0.017985785
0.017681079
0.017654816
0.017903196
0.01779597
0.018105289
0.01801376
0.017528374
0.017195757
0.017529484
0.017401617
0.01753636
0.016864171
0.016891545
0.016289605
0.015958348
0.016300486
0.016771289
0.016606212
0.016930785
0.017274516
0.01782285
0.017567905
0.016498309
0.016332237
0.015536642
0.015967363
0.014608382
0.015391979
0.015015019
0.016772816
0.016983336
0.017241359
0.017117772
0.016516376
0.01590611
0.016083041
0.016332276
0.016500497
0.015940385
0.016003342
0.016510792
0.015819833
0.015838012
0.01634212
0.01690992
0.01688618
0.016115844
0.016528973
0.015554229
0.016210783
0.01590433
0.016197521
0.015406378
0.015512001
0.01554124
0.016904997
0.017923418
0.018296212
0.017415615
0.016020129
0.016103048
0.01666114
0.017148215
0.01727945
0.016132617
0.01810792
0.018886145
0.01885723
0.01721025
0.0164837
0.017262574
0.016795292
0.017521081
0.017294135
0.016811207
0.015770959
0.015564302
0.015556227
0.015624144
0.015595359
0.018224807
0.018660594
0.01962042
0.017463155
0.017119056
0.016394392
0.016118033
0.016478708
0.016738437
0.016710244
0.01575819
0.015063736
0.015043884
0.015231438
0.015850214
0.016084114
0.016899703
0.016418733
0.018161273
0.017352492
0.017328888
0.015425285
0.015387944
0.015388173
0.015226243
0.016970238
0.01746444
0.017269615
0.015787533
0.016610455
0.017629387
0.017439349
0.016917108
0.016428964
0.016846772
0.016253665
0.016384214
0.016016262
0.015821842
0.015801625
0.015713742
0.015873931
0.016373971
0.016471162
0.015972888
0.015907587
0.015464973
0.016250461
0.016171623
0.016693478
0.016125029
0.015345557
0.015738852
0.015586976
0.0153068565
0.015483361
0.016119247
0.016545663
0.016082732
0.015697513
0.015576091
0.014995618
0.015311518
0.014769963
0.015330581
0.014152839
0.014797472
0.014132974
0.015302061
0.014400322
0.015573176
0.014541056
0.01502932
0.014062322
0.015022447
0.014918392
0.015804607
0.015908726
0.016099611
0.015991801
0.015609917
0.015813617
0.015215115
0.015073939
0.014866702
0.014972513
0.015128251
0.01580128
0.01496295
0.014839066
0.014571919
0.014509543
0.014387558
0.014351001
0.0153526645
0.01567198
0.016157571
0.016321726
0.016700372
0.016793957
0.016351866
0.016404806
0.015217761
0.015315786
0.015077123
0.015450053
0.015293055
0.014085606
0.014246034
0.01410171
0.015597986
0.015403757
0.016431607
0.015873112
0.016251463
0.0152041055
0.014823243
0.01468143
0.016368307
0.01703942
0.016981117
0.01567103
0.015624828
0.015251107
0.014977987
0.014300819
0.016597193
0.017046083
0.017646763
0.015188931
0.014662417
0.014574539
0.014761504
0.0153311165
0.0155386785
0.016135344
0.016715072
0.015814494
0.015906654
0.015388389
0.015961636
0.01614549
0.015753292
0.015895851
0.014762167
0.014803069
0.0156183345
0.015594427
0.015770433
0.015084487
0.016075032
0.015187038
0.015135481
0.014972841
0.016502853
0.01652232
0.016669245
0.015921857
0.015383516
0.01513163
0.015043165
0.015315287
0.01502746
0.015007999
0.015954629
0.016639546
0.016530864
0.016688935
0.015776845
0.015207327
0.014030998
0.01486824
0.01534393
0.016266407
0.015642148
0.015967611
0.014842732
0.015021832
0.01578882
0.016764404
0.017141284
0.016675282
0.016364334
0.01610839
0.016443506
0.016509322
0.017271275
0.017024228
0.017074121
0.016313981
0.016024286
0.015830388
0.015778659
0.016823865
0.017092722
0.016412145
0.015068003
0.014540941
0.016374534
0.016879963
0.016570093
0.015830304
0.014841527
0.015926812
0.015040464
0.016496323
0.016644971
0.017700566
0.016727824
0.016119244
0.015981192
0.015793648
0.015919633
0.0152585665
0.015936786
0.016652284
0.01690034
0.017039908
0.015645975
0.015686586
0.014515473
0.01579638
0.016100544
0.018407034
0.01724037
0.016883308
0.017043317
0.01782414
0.017673818
0.015583398
0.015298708
0.016105551
0.01604041
0.016081046
0.016346993
0.016709622
0.018017447
0.01685509
0.017874049
0.01663711
0.019286064
0.019081742
0.017895274
0.017195327
0.017550133
0.018404674
0.017383544
0.016456485
0.016565992
0.015740773
0.016180914
0.016353186
0.01724802
0.017189093
0.016747639
0.01644555
0.01592358
0.016359106
0.016140755
0.016231542
0.016863953
0.016103212
0.016728843
0.01578482
0.016470008
0.015247351
0.015460068
0.015364346
0.01571348
0.015020471
0.01492666
0.01650052
0.016705547
0.017370228
0.015998721
0.01595634
0.015345633
0.014899105
0.014850488
0.015157304
0.0153465485
0.014984798
0.014507289
0.014095031
0.016320625
0.016819453
0.017893579
0.01673105
0.01602304
0.0155253615
0.01434745
0.014186359
0.014510828
0.015337214
0.015866498
0.015282371
0.014837506
0.0147749875
0.015182038
0.015633428
0.015399045
0.01574087
0.016564507
0.016616471
0.015843261
0.0164336
0.017301349
0.018224332
0.016860295
0.015602595
0.015365753
0.0164901
0.016835775
0.016113423
0.015388845
0.015476891
0.01590395
0.0155988345
0.015515427
0.015184416
0.014587042
0.013916722
0.013711446
0.013882742
0.014487471
0.0147483535
0.01513618
0.01486377
0.015458413
0.014701528
0.0150846075
0.015345244
0.015778556
0.016378762
0.016241897
0.015591267
0.015323334
0.015583114
0.016542869
0.016376438
0.015309753
0.014747498
0.014233373
0.013764
0.013757847
0.014120762
0.014723324
0.014900332
0.014862272
0.0141533585
0.014757167
0.015663492
0.01610816
0.016517194
0.015725702
0.01526602
0.014543716
0.014759184
0.015869645
0.015623993
0.015642965
0.014592673
0.01478796
0.015009481
0.015783196
0.015161646
0.014541617
0.014641506
0.014951241
0.015164507
0.01533828
0.016062355
0.016390633
0.015753433
0.015205622
0.01438615
0.01485537
0.015310073
0.01578832
0.015848335
0.018092263
0.017453229
0.016843932
0.0136145465
0.014883276
0.013806707
0.014540321
0.014209978
0.015608294
0.0154054975
0.015458286
0.014610484
0.014974116
0.015167501
0.016106306
0.015468659
0.01462652
0.014396641
0.014620416
0.015446618
0.015847996
0.015597963
0.016192526
0.016146753
0.017054908
0.01698493
0.017620226
0.017203867
0.017301992
0.01759979
0.01758586
0.016667021
0.015560981
0.016421817
0.016500782
0.016911868
0.01807109
0.01819914
0.018615186
0.016732827
0.016890572
0.016767792
0.016766073
0.016237192
0.015824366
0.016762303
0.019627055
0.01937679
0.019611923
0.017463177
0.017927794
0.017390091
0.017880278
0.018184766
0.018263536
0.017603325
0.018509118
0.01850309
0.018878296
0.018100372
0.017784368
0.01792481
0.018406933
0.019685632
0.020062795
0.019718895
0.018777536
0.018944869
0.019458858
0.01944664
0.019762022
0.019633975
0.020025907
0.019193431
0.01983226
0.020304136
0.020289997
0.02052026
0.021556225
0.02241971
0.023552364
0.021726202
0.020689888
0.019543773
0.020774774
0.021272639
0.021127848
0.0213835
0.022464575
0.023218675
0.023141285
0.024879731
0.02489337
0.02524642
0.023941392
0.022728687
0.022159535
0.021751566
0.022510096
0.02210986
0.022482228
0.021784458
0.021524765
0.019898936
0.020828443
0.019466564
0.0191704
0.018801617
0.01939581
0.019364692
0.018587796
0.01816401
0.01863697
0.017899605
0.019430393
0.020043619
0.020078288
0.018576195
0.01702335
0.017496942
0.018761244
0.019579379
0.019155579
0.018120103
0.018125782
0.018066684
0.018963983
0.018447578
0.018881666
0.017985374
0.017570678
0.016727509
0.017669551
0.017772218
0.01787285
0.016350312
0.015512861
0.015627114
0.015994536
0.017297467
0.017259546
0.017875452
0.016827319
0.016569968
0.015464969
0.016174316
0.016316464
0.016947564
0.016296707
0.016377613
0.01574663
0.015658734
0.015089418
0.015273215
0.015291814
0.015523027
0.015793858
0.016079877
0.01585712
0.015436789
0.015389183
0.015989805
0.016934635
0.016650489
0.016464619
0.01576326
0.017019378
0.016403306
0.017276442
0.016439268
0.016410988
0.015895026
0.015319694
0.016693309
0.016693901
0.017214965
0.016214976
0.015869033
0.015182576
0.014870792
0.015052194
0.015370457
0.014921007
0.014678603
0.014241741
0.014452526
0.013927109
0.013295346
0.012912367
0.012209197
0.012456155
0.012621323
0.012814355
0.01279238
0.0129217915
0.013332146
0.01396678
0.014010506
0.012894027
0.012398676
0.0122503545
0.012368385
0.012015501
0.012616945
0.012857062
0.013014353
0.013977006
0.014198454
0.014024401
0.012690522
0.012536756
0.012552668
0.013731494
0.014066472
0.014170832
0.014487809
0.014457886
0.014674124
0.013422705
0.014647951
0.014862131
0.015317385
0.014574513
0.0139258625
0.013772693
0.013408579
0.014717245
0.014425204
0.013763737
0.0126375435
0.01284764
0.013318489
0.01402496
0.014537638
0.014486708
0.013950032
0.014031804
0.014103832
0.014631097
0.013830016
0.012624791
0.012448399
0.012811062
0.013676093
0.013530954
0.013052389
0.012201933
0.012638763
0.01269789
0.013046516
0.013811252
0.0135009885
0.013392952
0.013282733
0.01280514
0.012693078
0.0119763585
0.0118077835
0.012060929
0.012572895
0.012762805
0.012499718
0.012749941
0.013047455
0.013190103
0.012872085
0.012769201
0.013066444
0.012177887
0.012764108
0.0129051125
0.0136378035
0.012955634
0.012841135
0.013185214
0.013965583
0.013457054
0.012982362
0.012788849
0.012900904
0.013718564
0.013093106
0.013324728
0.012462953
0.011675167
0.011671898
0.01151383
0.011254178
0.012103859
0.012760857
0.013392568
0.013639223
0.012344621
0.012132158
0.012222621
0.012763059
0.0133899795
0.013128571
0.012470629
0.0133541785
0.014017495
0.014047719
0.014220504
0.0132347075
0.012757958
0.012568249
0.013152599
0.013454485
0.013498375
0.0124953175
0.012553112
0.012715479
0.013901782
0.013652475
0.014026734
0.014294743
0.013491275
0.012943811
0.012057461
0.011789162
0.011634962
0.011257638
0.01213392
0.012265671
0.012171249
0.013085924
0.013205466
0.013961318
0.014466768
0.014604974
0.015385809
0.012630583
0.012237617
0.012866501
0.013354872
0.012803005
0.0132069765
0.013163277
0.012693281
0.013791307
0.0137634715
0.013184293
0.012635005
0.01307564
0.012933901
0.012182367
0.011432439
0.011564606
0.011456625
0.0114848325
0.011854371
0.012270968
0.011904592
0.011933954
0.011999856
0.012250731
0.012358101
0.01269396
0.012687569
0.012111772
0.011925736
0.012234327
0.012359632
0.01310213
0.013064647
0.014104433
0.013312382
0.014016846
0.012897542
0.0116763525
0.011878502
0.011273707
0.011473185
0.012027434
0.012185161
0.012349155
0.012466912
0.0126419
0.012982162
0.012558199
0.012805106
0.012059842
0.011391931
0.011779281
0.011687065
0.012006378
0.012120812
0.012313782
0.012205985
0.012227132
0.012281516
0.012026251
0.013357076
0.013965763
0.015182659
0.015261326
0.0132758
0.01315922
0.012957407
0.013268713
0.013187333
0.013494552
0.012492647
0.011921296
0.011871693
0.011065861
0.011483224
0.011762066
0.012149996
0.011996375
0.012253533
0.012242763
0.012028327
0.011943147
0.011940555
0.012156332
0.011802779
0.011730497
0.011229166
0.011325738
0.011394216
0.011488072
0.012112851
0.012621401
0.013039069
0.013739363
0.013531272
0.013588497
0.013752425
0.013552968
0.013240823
0.012807832
0.012712784
0.012539917
0.012628943
0.0123314895
0.011621479
0.011096227
0.011223696
0.011618876
0.012574954
0.014268829
0.014626911
0.0137892915
0.013001375
0.0123780975
0.01230569
0.011922231
0.012089189
0.011803949
0.011581972
0.011935223
0.011698345
0.012022102
0.0122505
0.012822154
0.013383053
0.012951489
0.012402431
0.0121878125
0.011840884
0.011577601
0.011758284
0.011832434
0.013346255
0.014249369
0.013333988
0.014588232
0.013534711
0.011913424
0.012076873
0.011380705
0.011333611
0.011632064
0.011455947
0.011111698
0.011501373
0.01107867
0.011087037
0.011462768
0.011939569
0.01173786
0.012002463
0.011722021
0.011941169
0.01167823
0.011344876
0.011434269
0.012138977
0.011633773
0.011453215
0.0114455065
0.011457096
0.010906249
0.011231596
0.012017725
0.012329049
0.011858993
0.011780027
0.011951423
0.011236879
0.011318614
0.011590027
0.011659208
0.011437071
0.0120255435
0.011923143
0.011619001
0.011653708
0.01235074
0.011918087
0.012129982
0.012304344
0.012256758
0.0110715525
0.011158207
0.010807266
0.010540001
0.010577183
0.011102888
0.011440672
0.011736113
0.011654873
0.011729467
0.012132087
0.011709544
0.011211329
0.012486717
0.011874317
0.010976539
0.011381863
0.011705905
0.010931154
0.0115422765
0.012285039
0.011936725
0.012316368
0.012496052
0.012292733
0.011394344
0.011244707
0.010577123
0.010533928
0.011204175
0.011425977
0.011396208
0.011699803
0.0116594
0.011044589
0.011417282
0.01249166
0.012041848
0.012140994
0.01196648
0.011882274
0.010797148
0.011232022
0.010678012
0.010734091
0.010801451
0.011116793
0.010427779
0.0106367115
0.010759733
0.010491032
0.010180001
0.010630068
0.010948178
0.010876121
0.0109062875
0.011233173
0.012208736
0.011762683
0.012278344
0.012481514
0.012539774
0.011597796
0.011711173
0.011301485
0.011526746
0.01133695
0.011612952
0.011494642
0.0118320305
0.011408643
0.01156616
0.013399664
0.014471492
0.014624409
0.013270425
0.013379288
0.01112831
0.011018207
0.011643718
0.011161402
0.011118226
0.011431545
0.011629151
0.011748441
0.011702723
0.011585423
0.011378425
0.011283026
0.010833368
0.010932417
0.010738844
0.01076378
0.010937468
0.011334192
0.011107018
0.011353435
0.011628491
0.011546439
0.011204138
0.011554593
0.011525013
0.011613864
0.011474151
0.011729401
0.011596152
0.011210136
0.011093465
0.0114890495
0.011348904
0.0111893155
0.011758438
0.012291149
0.011614681
0.011139092
0.011734349
0.0116591435
0.010561661
0.010811602
0.011172744
0.011024158
0.010377194
0.0106168045
0.010489322
0.010403742
0.010390381
0.011093343
0.011134698
0.011160177
0.011231264
0.010675871
0.010457583
0.010712775
0.010627295
0.010853387
0.011353157
0.011107083
0.011054924
0.011455004
0.011095347
0.010682483
0.011018874
0.010983038
0.010817378
0.011322626
0.011335743
0.011210691
0.011258535
0.011541004
0.011553572
0.011824489
0.01247744
0.012982788
0.012526857
0.012355335
0.012488429
0.011810364
0.011693372
0.011665389
0.011506076
0.011071818
0.011161307
0.010448943
0.011131806
0.010923197
0.011322877
0.011033019
0.011175027
0.01107518
0.010906544
0.010688784
0.011004657
0.010981909
0.010759755
0.011150344
0.011572106
0.011249792
0.011362412
0.011030552
0.011242661
0.01141596
0.011571161
0.011806555
0.012163213
0.012368901
0.011555453
0.01147086
0.011675142
0.011677346
0.011189259
0.011716137
0.011935179
0.01173782
0.012482754
0.0126716355
0.012238893
0.012366844
0.012257922
0.011365286
0.012876288
0.013195586
0.01304038
0.0126135945
0.012812846
0.011238861
0.01121221
0.011294855
0.012474813
0.012492136
0.01253212
0.012507882
0.012268037
0.011892701
0.011773822
0.011723464
0.011668263
0.011435068
0.011055821
0.010652466
0.010726375
0.010537485
0.011043766
0.011202715
0.011383354
0.011257354
0.011286018
0.0110986745
0.011079611
0.011346438
0.011176038
0.011530466
0.011382712
0.0108830705
0.011029158
0.010448686
0.010314896
0.010334009
0.010082561
0.0094612
0.009919724
0.010014986
0.009991789
0.010656483
0.011011554
0.011396374
0.011098016
0.0109735625
0.0105370525
0.010354611
0.010199021
0.010216425
0.010931628
0.011426778
0.011448602
0.011158669
0.011401373
0.011333398
0.011186033
0.011638633
0.012667273
0.012528523
0.011589844
0.011450445
0.011917117
0.011468187
0.01118083
0.01210609
0.012797122
0.012142113
0.0116176745
0.011780006
0.011317191
0.010284594
0.0098293675
0.009935441
0.010044342
0.010162126
0.01003859
0.009969903
0.010142592
0.010092209
0.009788867
0.0104952175
0.010529409
0.010579711
0.010451605
0.010469364
0.009952611
0.009935762
0.009559782
0.009523795
0.009918522
0.0102620255
0.0105758
0.010926185
0.011032508
0.01059476
0.010330162
0.010274065
0.010248663
0.011006833
0.011294191
0.011538182
0.011778591
0.0117440345
0.010691453
0.010645962
0.010659828
0.010422208
0.010322026
0.010484219
0.010501937
0.010731782
0.010481919
0.010704561
0.011085531
0.011395258
0.011060284
0.011406682
0.011533448
0.011174493
0.0113540655
0.0114870425
0.011805717
0.011708816
0.012195402
0.011978571
0.011710022
0.011103418
0.011005111
0.010817208
0.010483996
0.011099938
0.011539189
0.011368609
0.011181334
0.011234484
0.010675004
0.010480845
0.010209734
0.010403319
0.010933885
0.011124879
0.010848819
0.011052543
0.011013992
0.01059139
0.010631002
0.010498694
0.010538148
0.010841545
0.0109070325
0.010859448
0.010991076
0.011084746
0.011337621
0.011252537
0.010852277
0.011286298
0.011350411
0.010684771
0.010792289
0.0109131485
0.010349301
0.010084913
0.010041483
0.009896572
0.009674748
0.009330273
0.009742189
0.010112187
0.010184085
0.010071609
0.010219376
0.011473881
0.0114029115
0.010883241
0.011159982
0.01148493
0.010915433
0.010928583
0.010966486
0.010999953
0.0105156405
0.010531958
0.010562123
0.010534895
0.010767347
0.010604806
0.010585359
0.010378697
0.01213378
0.011651136
0.011913736
0.011892408
0.012397315
0.011034333
0.011516325
0.011440118
0.011464365
0.011090505
0.010447454
0.010023208
0.010397416
0.010660279
0.01134684
0.01167833
0.011483608
0.011489533
0.010950497
0.010709029
0.010202397
0.010473444
0.011118512
0.010999447
0.011542041
0.011502321
0.011033182
0.01030078
0.010989309
0.010747489
0.01038607
0.010871966
0.011463964
0.011642125
0.011235922
0.011442025
0.011043422
0.010154992
0.010581461
0.01045862
0.010678236
0.011487804
0.012095303
0.011545537
0.011530946
0.0114629045
0.010756642
0.01084641
0.0112266885
0.0122274235
0.012718368
0.013395915
0.012742959
0.0123850135
0.011119492
0.01126128
0.010938457
0.011337317
0.011335835
0.012170335
0.011538471
0.011827155
0.011779663
0.011977525
0.011418753
0.011625537
0.011274172
0.010669966
0.010396533
0.010337524
0.010278751
0.0100383805
0.0098938765
0.009920932
0.010186656
0.010315769
0.010389573
0.010539969
0.010419722
0.011033281
0.010560943
0.010352704
0.010235361
0.010156839
0.010618163
0.01056043
0.010630948
0.010466159
0.010411812
0.010540863
0.011042689
0.011052587
0.01143746
0.011270029
0.0110717835
0.010483567
0.01050394
0.010474376
0.011000179
0.011172215
0.010815114
0.010924818
0.010690631
0.010715684
0.0110332705
0.011579456
0.011633061
0.011794112
0.011831016
0.0117904665
0.0115426015
0.011766844
0.011955714
0.011727907
0.011550169
0.011274631
0.011178848
0.010856239
0.01101118
0.010553623
0.010154049
0.010381626
0.010285668
0.01037788
0.010009581
0.009961937
0.010485527
0.010692533
0.010390871
0.010532497
0.010665102
0.010868903
0.01061561
0.010662531
0.010139618
0.0101943845
0.010173201
0.009928852
0.009678711
0.009795122
0.0097441
0.009828743
0.009961328
0.009551116
0.009587073
0.009605099
0.009442487
0.009207771
0.009155412
0.008908889
0.009537694
0.009690305
0.0097873425
0.009888325
0.009881865
0.010013953
0.010354554
0.010071592
0.01025333
0.010305359
0.010607552
0.011011475
0.010985897
0.010871243
0.011334137
0.011750848
0.011375881
0.011710976
0.012114629
0.011948607
0.011976649
0.0126582375
0.0133330915
0.012709605
0.012346909
0.011649389
0.01133248
0.010912065
0.0102836825
0.009959341
0.00999933
0.010308752
0.010302751
0.010282343
0.010063603
0.010009575
0.010281108
0.010453319
0.010037677
0.0098607205
0.009634743
0.00978077
0.010144977
0.009961584
0.00951094
0.009495438
0.009885902
0.009921658
0.009905207
0.009429047
0.009534876
0.009642007
0.009998794
0.009722972
0.009574498
0.010087821
0.010060997
0.010497664
0.010381141
0.010486435
0.011064665
0.010306565
0.010132687
0.010632798
0.010404373
0.010678564
0.011359665
0.012154619
0.0108780125
0.010371909
0.0099988375
0.009888127
0.010230356
0.009773132
0.01078048
0.011504234
0.01147362
0.011193746
0.010945203
0.010775378
0.010832592
0.010482546
0.010721915
0.010860246
0.011022846
0.011306664
0.010468505
0.01076081
0.011138363
0.0112299295
0.010653508
0.01045958
0.011297239
0.010694761
0.010201392
0.009799458
0.009706063
0.010091453
0.0099633485
0.010268314
0.010674871
0.010585718
0.010304503
0.010277226
0.009890064
0.009271178
0.009135115
0.009127696
0.009473719
0.00958778
0.009660005
0.010139787
0.010517844
0.010684206
0.010318838
0.010327819
0.010487532
0.010561382
0.010291374
0.010549697
0.010849623
0.01073094
0.010882581
0.010966149
0.01118283
0.011439883
0.011329883
0.010904857
0.011244182
0.010879832
0.010991535
0.010803792
0.011091804
0.010825581
0.010865954
0.010763858
0.010717881
0.010689141
0.010595497
0.010203966
0.010231169
0.010326489
0.010094709
0.010170641
0.009911292
0.010165106
0.010418335
0.010285221
0.010187397
0.010179384
0.010164724
0.010441087
0.010930041
0.010855709
0.011006904
0.011054234
0.011624162
0.011159988
0.010708122
0.010200733
0.010109804
0.010192128
0.010151075
0.0103986515
0.010301352
0.010092823
0.010029289
0.009817781
0.009835641
0.009522623
0.009315607
0.009426182
0.010384958
0.010693433
0.011101345
0.01068778
0.011074706
0.011053044
0.010798505
0.010336331
0.009807396
0.0094786035
0.009873663
0.009661942
0.0096712615
0.0100497035
0.009866238
0.009790396
0.010099971
0.010344911
0.010183539
0.010112982
0.009837656
0.010216469
0.0107545145
0.010410979
0.00973447
0.0100490255
0.010339931
0.010444997
0.010130596
0.009811699
0.009764457
0.009775524
0.009870226
0.009688734
0.010029304
0.0098016625
0.00948442
0.009983257
0.010198439
0.009817073
0.009790482
0.009508252
0.009610689
0.0098450985
0.009384405
0.009448155
0.009924865
0.009737633
0.009550958
0.009574042
0.009737583
0.009849072
0.010356924
0.009721613
0.010026502
0.009944704
0.010056322
0.010118324
0.0100814765
0.009606632
0.00989121
0.00935878
0.009879471
0.010140107
0.010106679
0.01033406
0.01037245
0.010296332
0.010399708
0.009924483
0.0097072255
0.0098181525
0.009768697
0.009463822
0.009919335
0.010164872
0.010270332
0.010368559
0.009893293
0.009994939
0.010085385
0.009739013
0.009574187
0.009526962
0.009523509
0.009586229
0.0095883915
0.009353371
0.009539467
0.010015402
0.010278914
0.010387982
0.010425774
0.010258699
0.010621881
0.010386747
0.0102752
0.010130256
0.01002031
0.010256394
0.0102978805
0.0099298395
0.010154129
0.010210056
0.0104915
0.010216262
0.010282221
0.010218823
0.010727679
0.010658385
0.010310822
0.009967185
0.0101215225
0.010076698
0.009588902
0.009417243
0.009257234
0.009532381
0.009433051
0.009297485
0.009295876
0.009699977
0.009878771
0.0101286685
0.010160672
0.010118794
0.0103652645
0.010297827
0.010418752
0.010100586
0.01008563
0.010974514
0.011475342
0.011592302
0.01173909
0.012650915
0.012537105
0.011817665
0.011046676
0.010697797
0.010595702
0.010571011
0.01046613
0.0108253
0.010560126
0.009940388
0.010101086
0.009884228
0.009942045
0.0101798605
0.009791911
0.0102559095
0.01073923
0.011561699
0.011915758
0.011748226
0.011609119
0.011732063
0.011314965
0.011191094
0.010156207
0.009889165
0.009559739
0.009786106
0.009816159
0.0100161405
0.009990918
0.010250169
0.010092285
0.010631087
0.010323699
0.010196344
0.010579753
0.010356419
0.010259913
0.010830859
0.01062361
0.011493373
0.011447252
0.010803875
0.01082967
0.010853792
0.010183972
0.01022071
0.009593615
0.009751028
0.009864004
0.010186061
0.0103720315
0.010646179
0.01039178
0.010243951
0.0100116525
0.010484369
0.010181351
0.009742299
0.009803797
0.010285225
0.010317107
0.010723446
0.010136534
0.010077248
0.010290298
0.010515036
0.010368321
0.010440644
0.010107389
0.010232256
0.009914699
0.009754115
0.0094088
0.009360585
0.009445346
0.009451855
0.009570976
0.011036246
0.011510282
0.011501079
0.011602246
0.011611458
0.012434901
0.012264991
0.011433416
0.011565142
0.011457272
0.011420057
0.011084466
0.010493543
0.010682292
0.010630648
0.010239771
0.010486424
0.01019244
0.010284782
0.010416767
0.01030415
0.010231213
0.009932381
0.009739192
0.010340577
0.010029524
0.010285425
0.010204487
0.009936329
0.010070889
0.009904103
0.009611398
0.009350045
0.009318788
0.008959862
0.008834107
0.009089738
0.009294215
0.00958476
0.009639473
0.010319248
0.009948409
0.010223711
0.010585286
0.010322431
0.010254013
0.010438849
0.010273626
0.010438075
0.010310113
0.010100783
0.010204755
0.009778205
0.010049552
0.009878936
0.010091291
0.009947772
0.010205388
0.010158069
0.010422012
0.010254175
0.01023311
0.010133768
0.009744633
0.009988056
0.009947231
0.010744274
0.010414341
0.010566725
0.010516153
0.010569579
0.010132606
0.010714263
0.009845681
0.009802818
0.009529922
0.009383136
0.009591702
0.009374893
0.009539868
0.009156845
0.009169125
0.009253085
0.009516373
0.009701925
0.009993816
0.010128376
0.010231857
0.010280121
0.010249032
0.010205478
0.009820513
0.009876473
0.010206785
0.010219825
0.010522737
0.010907117
0.010758681
0.0110019855
0.0106297545
0.010753476
0.010448073
0.010320591
0.010230569
0.010602245
0.010489033
0.010944301
0.010748922
0.010591381
0.010889471
0.011156916
0.010760608
0.01096714
0.011488019
0.011197311
0.011987549
0.01167249
0.011587715
0.011894567
0.011687578
0.011147976
0.011561412
0.010903771
0.010649585
0.010286223
0.010338387
0.010392809
0.009938422
0.010164441
0.009864423
0.011105358
0.011392266
0.01104482
0.010946668
0.0110425
0.011130275
0.011096478
0.010782291
0.010171954
0.010239316
0.010067783
0.009999589
0.009475297
0.009435014
0.009325749
0.00956607
0.009271262
0.009026937
0.009349501
0.009658733
0.010237827
0.009602654
0.009599971
0.009488399
0.009521761
0.009605825
0.009812146
0.009347427
0.009472958
0.010073765
0.009946706
0.009940603
0.009981403
0.010062507
0.0098421555
0.010005967
0.010191534
0.010217706
0.01032903
0.01075665
0.010566911
0.010275729
0.010576948
0.010298778
0.009974241
0.010114759
0.009972898
0.010795423
0.011406796
0.011457825
0.011762352
0.012186862
0.01237771
0.011910917
0.012183254
0.011137117
0.010841957
0.010515303
0.010296493
0.010173649
0.0100703845
0.010440918
0.010027508
0.009799474
0.010154794
0.010219071
0.010534625
0.010239091
0.01016521
0.010233807
0.009904181
0.010117457
0.010157449
0.010330636
0.010479365
0.010210346
0.009697325
0.009664667
0.009652392
0.009454346
0.009415329
0.009628142
0.00944165
0.009599499
0.010212601
0.010359982
0.010811896
0.011399532
0.0116825495
0.011693812
0.011547617
0.011687092
0.011472409
0.011103992
0.010760228
0.010543216
0.01047426
0.01063624
0.011104151
0.011370663
0.011498679
0.01159934
0.011425827
0.011577706
0.011403875
0.010821922
0.010383509
0.01008195
0.010059172
0.009963754
0.010116158
0.010114721
0.010481482
0.010837781
0.011026305
0.011573286
0.011434009
0.011375743
0.011111138
0.011106417
0.010750672
0.011102462
0.010742783
0.010407307
0.010428302
0.01044633
0.010642326
0.010474658
0.010610297
0.010738766
0.0110931685
0.011154269
0.012627227
0.012579901
0.01205809
0.011815238
0.012498057
0.01190083
0.011768021
0.010813019
0.009671922
0.009797665
0.010246521
0.010276926
0.01002761
0.0101416325
0.010643161
0.010911437
0.011011487
0.0109109655
0.0107728
0.010584728
0.010614284
0.010751925
0.010179385
0.010276727
0.010549797
0.010553674
0.010193964
0.010037639
0.009885037
0.009648847
0.009971958
0.010096058
0.009662181
0.009717202
0.009825289
0.010014719
0.010172459
0.01028429
0.010361762
0.010449183
0.011029683
0.010608049
0.010123754
0.009972285
0.009923893
0.0101503255
0.0100177415
0.01013809
0.010367266
0.010721928
0.011045233
0.010913865
0.010859991
0.010874395
0.010927186
0.010883399
0.01079748
0.010274309
0.010079961
0.0104757985
0.0107072145
0.01075247
0.01080982
0.010421196
0.0106558185
0.010866545
0.011112536
0.010739876
0.010396952
0.010219131
0.010066272
0.0102493325
0.010436821
0.010247039
0.010053045
0.010126586
0.010292352
0.0102071725
0.010308128
0.010038497
0.009917853
0.0097552
0.009758464
0.009702563
0.009752522
0.009506125
0.009794494
0.009976336
0.010218677
0.010125852
0.010485613
0.010507229
0.010884611
0.0112449005
0.0111023495
0.010749668
0.010972266
0.011307558
0.0113686705
0.011270694
0.011024573
0.011464835
0.011378018
0.011494314
0.01135867
0.011306464
0.011151128
0.011291405
0.011337213
0.011477117
0.011414053
0.011165365
0.011053394
0.011160257
0.011167399
0.0109785395
0.010830511
0.01078414
0.011224786
0.010870151
0.010826634
0.010776239
0.010919621
0.011574352
0.011724551
0.011924913
0.012142218
0.012830057
0.012556423
0.012147447
0.012220536
0.011790899
0.011488351
0.011097681
0.010526107
0.010172446
0.010165238
0.010339498
0.010231664
0.009879264
0.009882932
0.009811148
0.010108482
0.009965517
0.010712762
0.010758585
0.010842892
0.0108866645
0.01130967
0.011461096
0.0109303035
0.011419245
0.01130303
0.010845472
0.010642711
0.010732545
0.010113837
0.010188216
0.01034869
0.011057089
0.010914971
0.010936428
0.010661342
0.010672962
0.010355842
0.010841682
0.0106933825
0.011149499
0.010972555
0.010914789
0.010905852
0.011333821
0.011876286
0.01152566
0.011618298
0.01129539
0.010966944
0.010518621
0.010599845
0.010337435
0.009926877
0.009825251
0.009749276
0.010022783
0.010124188
0.010175441
0.009888369
0.010388321
0.010849166
0.0111827245
0.011851316
0.011782293
0.010937505
0.011003692
0.0108042285
0.011045109
0.010485168
0.00982779
0.010788465
0.010586996
0.010912465
0.011102271
0.010735302
0.010531942
0.010660737
0.010512801
0.010674875
0.009079595
0.00903856
0.009267845
0.009039003
0.009247333
0.009267198
0.009471353
0.009868692
0.010100667
0.010527943
0.010785722
0.011081347
0.0111221885
0.011123753
0.01086766
0.010793241
0.011042283
0.010922074
0.010864289
0.010673191
0.011330432
0.011313486
0.011969361
0.012160459
0.011986075
0.012287444
0.013023593
0.013399055
0.012035805
0.011566925
0.011076861
0.010620035
0.010451475
0.010262062
0.009929849
0.009278014
0.009556647
0.0095504
0.009525995
0.009806981
0.009884822
0.009777824
0.00979638
0.00947133
0.009831551
0.009908838
0.010220692
0.01025591
0.010327478
0.010415398
0.010310165
0.009932586
0.00986495
0.00995905
0.009853766
0.009453519
0.009634187
0.009366666
0.009394208
0.009514248
0.009703563
0.010015439
0.010117854
0.01047021
0.010739322
0.010622802
0.01098107
0.0108455755
0.011017226
0.011217611
0.011222202
0.011268176
0.011369039
0.011420638
0.011257625
0.010835087
0.010810132
0.010981146
0.0107600475
0.010454467
0.010267604
0.009967109
0.009800946
0.010249599
0.010089562
0.0104272785
0.010051533
0.010515535
0.011007579
0.011324616
0.011156626
0.011761239
0.01171504
0.011889784
0.011807753
0.011667352
0.011624797
0.011711843
0.011579029
0.011330317
0.010570596
0.010545407
0.0106746135
0.010416339
0.010429663
0.01034364
0.010020762
0.009975827
0.010377511
0.010755716
0.010987342
0.010829181
0.010906684
0.011099234
0.010662282
0.010763316
0.010542268
0.01041682
0.01027151
0.010401753
0.011171561
0.01133776
0.011094704
0.011355827
0.011086036
0.01100904
0.0108296955
0.010877431
0.010192179
0.01003875
0.009171462
0.00948443
0.009347554
0.009423725
0.009368747
0.009579358
0.00962794
0.009461094
0.009555102
0.009810437
0.009994531
0.010223271
0.010153086
0.010126334
0.010092588
0.010150095
0.009983469
0.010216358
0.010274838
0.010258801
0.010254855
0.010192469
0.010219471
0.010435987
0.01054857
0.0107628815
0.011051986
0.011246165
0.011170176
0.0113253575
0.011480489
0.011546114
0.011628525
0.011447761
0.011365614
0.010894688
0.010933107
0.01115316
0.011003787
0.010881856
0.010744673
0.010820098
0.010529187
0.010840131
0.011016015
0.010974991
0.010368039
0.010972129
0.010535777
0.010256536
0.010435998
0.010649547
0.0105449725
0.010549221
0.010528523
0.011108681
0.010649704
0.011104031
0.011576391
0.011262563
0.011418444
0.011155094
0.010763756
0.010962446
0.010677832
0.010734525
0.010329053
0.010216892
0.010253855
0.010173559
0.010325727
0.010401486
0.010279312
0.010215541
0.010130114
0.0102136675
0.010497072
0.010227177
0.01014073
0.009890772
0.010093984
0.010333151
0.01033359
0.010188401
0.010637071
0.010133743
0.010365879
0.010628448
0.010733341
0.011050629
0.011172518
0.010779836
0.010920031
0.010197765
0.010317626
0.0105771525
0.010421156
0.010438086
0.010485942
0.010374677
0.010814633
0.010629503
0.011218
0.011339835
0.010745436
0.011238091
0.01112599
0.011001813
0.011239601
0.010964533
0.011066262
0.010709893
0.01058342
0.010625716
0.010315738
0.0105182715
0.010344248
0.0106765395
0.010402035
0.010863182
0.010816702
0.010958823
0.0114934575
0.011089681
0.011131288
0.011568998
0.010860991
0.011168728
0.010706172
0.010783705
0.010641645
0.010445912
0.010910614
0.010712853
0.010321306
0.010769682
0.010773515
0.010519455
0.010661545
0.010488788
0.010732057
0.010394399
0.010402289
0.010603862
0.010330593
0.010146097
0.010048675
0.010432842
0.010650977
0.0110272
0.01037583
0.010532195
0.0104149645
0.010386578
0.010645793
0.010468868
0.01054452
0.01037161
0.009861702
0.0095228655
0.009506602
0.009381565
0.0096081225
0.009537945
0.009432534
0.009345669
0.009197298
0.009503536
0.009799852
0.010038939
0.010060543
0.010390472
0.010815571
0.01081322
0.010940574
0.011153186
0.011723535
0.011261333
0.010908716
0.01092741
0.011186757
0.011047913
0.010528568
0.010149272
0.010245656
0.010351365
0.010017292
0.010095821
0.0100505045
0.010321868
0.0102753695
0.010618895
0.01037209
0.010351425
0.010236033
0.010160505
0.010203036
0.010431441
0.010655462
0.010784523
0.01075674
0.010916695
0.011187345
0.010976817
0.010921214
0.011256242
0.011147538
0.010896685
0.010692519
0.010827257
0.010727861
0.010961929
0.011498295
0.011893131
0.011378578
0.011184637
0.011031391
0.01136566
0.01108518
0.011034497
0.010651196
0.010255546
0.009721457
0.009399971
0.009668284
0.009682946
0.010066619
0.009842628
0.009910417
0.00994454
0.009859928
0.010266353
0.010762617
0.010367305
0.01067603
0.010498482
0.010651242
0.010525754
0.0106076095
0.010712994
0.010840349
0.010925358
0.011493142
0.011310318
0.011360194
0.011376954
0.011456627
0.011189931
0.011090062
0.010845334
0.010870976
0.010618371
0.010819789
0.010738986
0.010597775
0.010606566
0.010165509
0.010291772
0.010506382
0.01066872
0.010541841
0.010726771
0.0106992
0.010506455
0.010799809
0.010794855
0.011211154
0.011019389
0.010685591
0.010633079
0.01067767
0.010926477
0.012815943
0.013305414
0.013162043
0.014117157
0.0143807465
0.014806503
0.015193448
0.014922576
0.01484906
0.013567344
0.011367258
0.011616494
0.011867011
0.011552137
0.011043526
0.010889251
0.011004276
0.011117008
0.011152554
0.01135079
0.010980028
0.010861099
0.010869683
0.010817796
0.011166769
0.011287213
0.011154253
0.011717779
0.011446671
0.01141194
0.011360692
0.0112390695
0.010994006
0.011099405
0.011232992
0.01115296
0.010969229
0.010769542
0.010691861
0.010822136
0.010930669
0.01143662
0.011178903
0.011456681
0.011253193
0.010633318
0.010571716
0.010883078
0.010638078
0.010826935
0.010631745
0.010362974
0.010605725
0.011044814
0.01079104
0.0114492765
0.011776393
0.011040371
0.010955914
0.010996403
0.010836111
0.0106583815
0.011405585
0.011066302
0.010731237
0.010278545
0.010155573
0.010579569
0.0109476745
0.010819178
0.010772068
0.010681301
0.010886501
0.010637528
0.010656042
0.010735041
0.010862431
0.0105330795
0.010178023
0.009831887
0.009693892
0.009952589
0.0102517875
0.010194607
0.010210399
0.01056443
0.010382311
0.010176847
0.0104639465
0.01055091
0.011205074
0.01132284
0.0113871945
0.011352494
0.011279668
0.010845255
0.0107399095
0.01059506
0.010964145
0.010823076
0.0107683595
0.010437671
0.010915217
0.0108257625
0.011221774
0.011556215
0.011893352
0.012324744
0.01212356
0.01257474
0.012981209
0.013268309
0.013135857
0.012615291
0.012365343
0.0117333885
0.011817864
0.012011527
0.011767017
0.0116620865
0.011866272
0.011529398
0.011755384
0.011380035
0.010821329
0.010972172
0.010812984
0.010893086
0.010859635
0.011448311
0.011346536
0.010923985
0.010948034
0.011290776
0.0119590135
0.0121156415
0.012168509
0.012787216
0.012949137
0.012363745
0.01203042
0.012120819
0.011895736
0.011752756
0.011870325
0.01204472
0.011889269
0.011316044
0.011190874
0.011585397
0.012095084
0.01178094
0.011912435
0.011584068
0.011238392
0.010764681
0.0107277455
0.010589984
0.0107937455
0.010802108
0.010542909
0.010582775
0.010595357
0.010282896
0.010196646
0.010297196
0.010663404
0.010592749
0.010421024
0.009979979
0.010031
0.009765328
0.010282033
0.010532984
0.010577389
0.011259613
0.011176926
0.011086451
0.011228174
0.01161716
0.011600283
0.011649773
0.011946685
0.011954383
0.011342106
0.011760977
0.011447311
0.0114565175
0.011410147
0.011288478
0.010887792
0.011078873
0.011051219
0.010924778
0.010664216
0.010781168
0.010452568
0.010355016
0.010446685
0.010286308
0.010694728
0.011004721
0.010918691
0.010949261
0.011281835
0.011365525
0.011549788
0.012112362
0.012354759
0.012824614
0.0125769945
0.012651377
0.012651111
0.013884833
0.013382107
0.0131077785
0.0128576
0.01203008
0.011410871
0.01114683
0.010852515
0.011293246
0.011126294
0.011090476
0.009994684
0.010026892
0.01024901
0.010626347
0.010758856
0.010580002
0.010665224
0.0108412355
0.0103813205
0.0107168425
0.010769868
0.01123505
0.011657569
0.011301906
0.011579721
0.0115148565
0.011823
0.011806454
0.011807471
0.011622232
0.011656966
0.011477146
0.01105846
0.01073804
0.0109085925
0.010478145
0.01047447
0.010692147
0.010463081
0.010505225
0.010839201
0.01052043
0.010557915
0.010324484
0.011259507
0.011592524
0.011777126
0.0119042825
0.0114090545
0.011556815
0.01174903
0.011367866
0.011596387
0.011567113
0.011764546
0.011124331
0.010681367
0.010644713
0.0106015885
0.010700048
0.010578675
0.01047916
0.010279306
0.010356188
0.010332494
0.010415958
0.010593835
0.0108101955
0.0106106615
0.011230509
0.011293928
0.011338293
0.011102666
0.011242899
0.011158289
0.011378411
0.011717603
0.011191273
0.010985408
0.011886481
0.011474637
0.011153031
0.011218354
0.01185546
0.011958624
0.011937456
0.011688835
0.0111285215
0.010962207
0.011252654
0.010935479
0.010462159
0.010439862
0.010337452
0.011575342
0.011313234
0.01113944
0.011242477
0.0112645775
0.011631665
0.011332047
0.011526653
0.011598744
0.011178513
0.011215788
0.0116718905
0.011807054
0.010791575
0.011101489
0.010904035
0.010852846
0.011316698
0.011296254
0.011624305
0.011875586
0.01211956
0.011507758
0.011543827
0.01214481
0.0120589305
0.012352596
0.012243447
0.012046685
0.011878024
0.011516144
0.011668206
0.01159828
0.011870169
0.011751032
0.010947362
0.010678683
0.010620379
0.010660267
0.010724486
0.010818007
0.010696573
0.010815806
0.01052498
0.010431119
0.010872823
0.01084796
0.0108865155
0.0111041
0.010929179
0.01087661
0.011071436
0.011323204
0.011608621
0.011562316
0.0118235815
0.011920752
0.011326726
0.011226697
0.011260077
0.01150685
0.011682775
0.011909143
0.011438535
0.011148241
0.0116602285
0.011629799
0.011882856
0.012041051
0.011995086
0.01203132
0.011839263
0.011628903
0.011573343
0.011903453
0.011791464
0.011215453
0.011071844
0.010954761
0.010613678
0.010329183
0.010381736
0.010492844
0.010680793
0.010943633
0.010829403
0.01062468
0.01093101
0.011177871
0.011045674
0.010729581
0.011094315
0.011444797
0.011635323
0.011537348
0.01120476
0.010939711
0.010703098
0.010734006
0.010535055
0.010081256
0.010426386
0.010869947
0.0107050445
0.010387187
0.010158778
0.010048296
0.010064407
0.010593164
0.010440684
0.010434323
0.011386432
0.011841795
0.011230969
0.011238947
0.011320703
0.011230142
0.01155848
0.012216535
0.012382855
0.011914512
0.012128368
0.012325041
0.011277913
0.010651863
0.010693762
0.010793352
0.01048744
0.011030318
0.011915535
0.011401909
0.011328104
0.011450964
0.011346334
0.011436857
0.012164955
0.012234948
0.012471057
0.012209143
0.0122277085
0.012164987
0.011891864
0.011266776
0.011744364
0.01132554
0.011149152
0.010916064
0.010983145
0.011685379
0.011896002
0.012465224
0.012365254
0.012291804
0.012482468
0.012218071
0.012178616
0.012422407
0.012376696
0.012515693
0.011912203
0.011447833
0.010887623
0.011149745
0.010854442
0.010890393
0.01062808
0.010736443
0.01106159
0.011092136
0.011034398
0.010989798
0.011448804
0.011916921
0.011855682
0.011798347
0.011198405
0.0115717035
0.0118710445
0.011957011
0.011564299
0.011669903
0.011777775
0.011996231
0.012062365
0.012193784
0.012454213
0.01210776
0.012260284
0.012029051
0.012241179
0.01225331
0.01253344
0.012250555
0.012304896
0.011796622
0.012227628
0.01209712
0.012518672
0.012366365
0.01220743
0.012393976
0.012428328
0.0124032935
0.012187675
0.012501339
0.012588255
0.011883822
0.012325704
0.012124943
0.012305295
0.0124730095
0.012231279
0.01236801
0.012002196
0.012283119
0.011934574
0.012028374
0.012230873
0.011803308
0.011610519
0.01140512
0.011148395
0.0111160865
0.01139486
0.011981391
0.011676912
0.011671826
0.011504941
0.011699352
0.012201859
0.011782603
0.0117168045
0.012019519
0.012503736
0.012282653
0.0122747645
0.0122475885
0.012297268
0.0123202205
0.012777304
0.012337788
0.012746679
0.01284987
0.012757187
0.012016847
0.011325308
0.011389078
0.01146557
0.011241501
0.011138479
0.010619278
0.010280588
0.010405602
0.010397562
0.010313585
0.010236686
0.0108206505
0.011499973
0.011824768
0.01206156
0.011903371
0.012256452
0.012196146
0.011728487
0.011776421
0.011722675
0.011838304
0.011796949
0.012043325
0.011291527
0.010929532
0.010700505
0.0104169
0.010854969
0.010623479
0.010915547
0.01108909
0.011077445
0.0111030545
0.011184255
0.01116893
0.011338918
0.011521061
0.011392217
0.012214647
0.012575432
0.012353757
0.0116673745
0.011342162
0.010834553
0.010869992
0.010775774
0.010526127
0.010801499
0.010788988
0.010444912
0.010656358
0.011090147
0.010312387
0.010457267
0.010778216
0.011187501
0.011262533
0.011361338
0.011249458
0.011635272
0.011813825
0.011908628
0.0116933035
0.011707841
0.011420615
0.0115060825
0.011945873
0.0117385825
0.013004705
0.013589502
0.013755585
0.013980374
0.013285339
0.013455202
0.013421347
0.013468668
0.013441351
0.013327906
0.013201262
0.013295052
0.013038645
0.011731078
0.0119423615
0.011476935
0.011677588
0.011391335
0.011863424
0.011748383
0.01190857
0.011843725
0.011545799
0.011558367
0.0111650275
0.011770929
0.011898877
0.011862441
0.011932447
0.0118448725
0.012239859
0.011971402
0.012011811
0.012058754
0.012050559
0.01219535
0.011970327
0.012165725
0.011793243
0.011670124
0.011421137
0.01136557
0.011655703
0.011702976
0.011749772
0.011687795
0.0117650945
0.011879301
0.012216177
0.012645877
0.012205392
0.0120227
0.012245998
0.012413583
0.012530595
0.012154737
0.0122328065
0.012120169
0.012452631
0.012159284
0.01175939
0.011378056
0.011174786
0.011772341
0.012012266
0.012077364
0.011605513
0.011434237
0.011785078
0.011214905
0.010832048
0.011044915
0.010959184
0.011189178
0.011215234
0.010817247
0.010696555
0.010129015
0.009956286
0.009925653
0.009858208
0.009903459
0.009776599
0.009734127
0.010056674
0.00975196
0.009864215
0.009698601
0.009511779
0.009577468
0.009757099
0.009783731
0.010362247
0.010740184
0.010739667
0.010693263
0.010334586
0.010437036
0.0104455305
0.0105129825
0.01116955
0.011456032
0.01140629
0.011049088
0.0111598745
0.011095499
0.011163536
0.011042139
0.010921993
0.010733881
0.011098232
0.011484089
0.011532188
0.0115494495
0.011489532
0.0110912835
0.011122139
0.011494378
0.01125248
0.011229228
0.0109432535
0.011010111
0.011174661
0.011132863
0.011523531
0.011289068
0.011443076
0.011642656
0.011581337
0.011701023
0.011687242
0.011778748
0.012403038
0.012200788
0.01235889
0.01210025
0.0117364405
0.011717574
0.011869184
0.011877861
0.011423775
0.011450611
0.011356301
0.011324665
0.011536027
0.011351582
0.010797196
0.011114007
0.011558498
0.011825757
0.012105443
0.011737115
0.011445575
0.011128106
0.011323731
0.011986824
0.012002869
0.011893258
0.0117599415
0.010997406
0.0114123905
0.011506895
0.011125624
0.010565561
0.010329474
0.010669409
0.010745812
0.010711547
0.011033561
0.011018406
0.01074232
0.01059992
0.010462484
0.01061135
0.010999638
0.011127798
0.01114955
0.011243549
0.011598386
0.012295591
0.012270703
0.012465239
0.012253878
0.0123455785
0.012103187
0.012392046
0.012255689
0.012467936
0.012285045
0.011963415
0.011681047
0.012162891
0.012374621
0.01256311
0.011797583
0.011736242
0.01155722
0.011499349
0.011534449
0.011324896
0.011483486
0.011288069
0.011522614
0.011344471
0.011341178
0.011257341
0.010788954
0.01065146
0.01073738
0.01050794
0.010553228
0.010523715
0.010784351
0.0109387385
0.010923915
0.010906281
0.011045987
0.010846433
0.01122438
0.011200663
0.011232227
0.011016585
0.01084799
0.010829092
0.011389524
0.011519356
0.011359609
0.011491373
0.011571194
0.011565674
0.011516137
0.0116870385
0.011828638
0.011781415
0.011984621
0.01198117
0.011992304
0.01211558
0.012698801
0.0127994055
0.012886063
0.013427964
0.013073717
0.013547207
0.013656523
0.013329992
0.012945842
0.012966409
0.01234049
0.011880798
0.011480607
0.011830033
0.011655977
0.01102045
0.011086882
0.011380846
0.0106879715
0.010537728
0.010328146
0.0101831425
0.009994222
0.009935427
0.00995158
0.01038036
0.010398108
0.010741474
0.010994892
0.01075067
0.010701831
0.010687632
0.010581948
0.010132637
0.0106835235
0.010622615
0.010705639
0.010507304
0.010723224
0.011046329
0.011278043
0.011399012
0.011525634
0.011732348
0.0115688015
0.012005908
0.01193916
0.012331618
0.012346038
0.012353043
0.011727062
0.011534309
0.011640453
0.011991294
0.011798759
0.011368922
0.011252603
0.01121082
0.011320304
0.0113750305
0.011489374
0.0115625
0.011350703
0.011274683
0.011328234
0.011524194
0.011669053
0.011752393
0.011592433
0.011559389
0.011845569
0.01193438
0.011879461
0.01143118
0.011413244
0.011089722
0.010594315
0.010668227
0.010627102
0.010441801
0.010277208
0.010359854
0.010645148
0.0104775205
0.010497215
0.010475207
0.010556432
0.010326834
0.010400448
0.010575218
0.010759632
0.010577951
0.010814046
0.010869569
0.010999941
0.011466262
0.011745351
0.011665934
0.011326401
0.011255474
0.011367292
0.011042796
0.011158467
0.011186217
0.011059067
0.011103611
0.011498376
0.011394911
0.011621254
0.011499286
0.011536125
0.011270212
0.010904658
0.010849995
0.010703061
0.010884914
0.010641918
0.010600725
0.010946233
0.011063362
0.0113045275
0.0111773135
0.011472443
0.0109885195
0.011002214
0.010760029
0.010887606
0.0108268345
0.011054363
0.011135896
0.011300664
0.011637748
0.012286426
0.012554031
0.012395431
0.01217227
0.012334476
0.011807016
0.011798515
0.011771942
0.011777552
0.011489249
0.012179873
0.012409104
0.01191482
0.0118672075
0.011687796
0.011507505
0.011072495
0.011323742
0.010618898
0.010793467
0.011017546
0.011043222
0.011651982
0.012320851
0.012399896
0.012880935
0.012484947
0.011860705
0.012238502
0.012594064
0.012577551
0.0124783795
0.012603355
0.012155463
0.012033353
0.011826456
0.011972065
0.011605973
0.011212727
0.011224661
0.0111017125
0.010309235
0.010834257
0.01081373
0.011146895
0.011330717
0.011345589
0.01137248
0.01155255
0.012078546
0.012071331
0.012296442
0.012104237
0.011945136
0.011967858
0.012586912
0.012208537
0.01231318
0.012747314
0.012306323
0.011528705
0.011475131
0.01160256
0.011760302
0.012179363
0.012411219
0.012053282
0.01204105
0.011905388
0.011967256
0.011945128
0.01215718
0.011742298
0.011616428
0.012689091
0.013188294
0.01349104
0.013830854
0.013795656
0.0130870715
0.012575842
0.012404218
0.012360645
0.012196785
0.012268786
0.012198311
0.012130139
0.012211156
0.011911062
0.012048784
0.012440575
0.012201669
0.011227614
0.010813199
0.010502379
0.011389734
0.011440892
0.011764779
0.011360534
0.011040112
0.010622339
0.0106096985
0.011066504
0.010827085
0.011245897
0.011507
0.011964749
0.011948718
0.011765426
0.011956792
0.012012341
0.01208972
0.012086487
0.011957505
0.010912367
0.011149227
0.011232503
0.011348039
0.011866935
0.011885921
0.011897439
0.012090288
0.012232478
0.011971092
0.011701528
0.01138589
0.011455283
0.011428405
0.0112728635
0.0114007555
0.011275513
0.011672117
0.01192298
0.011863046
0.011734475
0.011880617
0.012167245
0.012415812
0.012568025
0.01248527
0.012167511
0.012594898
0.0127987815
0.012806995
0.0127062965
0.012423907
0.01232361
0.012606331
0.01310743
0.012956836
0.012492237
0.01257682
0.01249068
0.012384655
0.012536047
0.011636998
0.011814242
0.011706103
0.011824913
0.01156299
0.011307308
0.011329679
0.011229673
0.01155013
0.011678991
0.011347863
0.011235127
0.010703802
0.010603728
0.0104871495
0.010328211
0.010474045
0.010578116
0.010672052
0.010367386
0.010637327
0.010571042
0.010380653
0.010789962
0.01053658
0.010667717
0.0105893295
0.010583254
0.010827418
0.010629652
0.010787282
0.010698568
0.010802851
0.01115534
0.011450585
0.011912844
0.011674782
0.011524804
0.011531482
0.011616643
0.011313117
0.011259157
0.011497741
0.011438164
0.010955252
0.011077567
0.010851376
0.010865269
0.010773726
0.010662717
0.01048408
0.01041825
0.010271652
0.010470588
0.010524623
0.010224295
0.0097876415
0.009797003
0.010525892
0.010661659
0.010692517
0.010581818
0.010706029
0.010708881
0.010869373
0.010903996
0.011023764
0.011145692
0.011117598
0.011396744
0.011205292
0.0112211015
0.01101361
0.010977448
0.011504842
0.011388961
0.0114027215
0.011498105
0.011464721
0.011448549
0.011338169
0.010559148
0.010175828
0.010230897
0.010141122
0.009941978
0.009978153
0.009912668
0.009934364
0.009744931
0.009842071
0.01018928
0.010111457
0.0100163035
0.010132713
0.010644956
0.010148614
0.010083075
0.01112186
0.011372334
0.011330544
0.011168267
0.011184666
0.011248214
0.011436143
0.011335427
0.011245466
0.011813152
0.011344119
0.011213391
0.011213336
0.011144021
0.011390932
0.011315409
0.010916457
0.010723847
0.011116801
0.010742969
0.0102288565
0.0101729045
0.01028786
0.010266716
0.010188741
0.009162176
0.00917336
0.009440835
0.009455093
0.009519302
0.00962145
0.009773522
0.009490116
0.009477376
0.0097372895
0.0099283755
0.009893309
0.009692056
0.009670393
0.009618582
0.010008355
0.009895057
0.009883922
0.009950237
0.009903889
0.010230356
0.0103121195
0.010337531
0.010363274
0.010582741
0.010813083
0.01104291
0.010719898
0.010910915
0.010943099
0.010856776
0.010892195
0.011297116
0.011735321
0.011621659
0.011992176
0.011725669
0.011965245
0.011669265
0.011568482
0.012280232
0.012847945
0.012608784
0.012817797
0.012900452
0.012200482
0.011978298
0.011552875
0.011527746
0.011521277
0.011411034
0.01116507
0.010986209
0.010743572
0.010841603
0.01068208
0.010496562
0.009982043
0.009764135
0.009928995
0.009710383
0.009662325
0.009774514
0.009694509
0.009114947
0.00899428
0.009334209
0.008998007
0.008965916
0.009223895
0.009434896
0.009532447
0.009455781
0.009394283
0.009365159
0.009369942
0.009578422
0.00980048
0.010165211
0.009978445
0.010025369
0.010275981
0.01026177
0.010520368
0.01090103
0.011035046
0.010964173
0.010917774
0.010934817
0.011070686
0.011154072
0.010947122
0.010986965
0.010851738
0.010742857
0.010759579
0.010459172
0.010525649
0.010488078
0.010811789
0.010889178
0.011106129
0.0106429085
0.010671749
0.01044745
0.010419559
0.010373709
0.010381144
0.010441498
0.010239068
0.010112423
0.010297557
0.010125931
0.00997385
0.010102074
0.010182642
0.010107144
0.010172737
0.0105461525
0.010496864
0.010525234
0.010416719
0.010277995
0.01037081
0.010187203
0.009968028
0.009681151
0.010036252
0.0100717405
0.009894569
0.009737917
0.009865797
0.009776991
0.009936914
0.009628754
0.009772113
0.009959778
0.009741575
0.009985522
0.010137706
0.010131615
0.009779975
0.009640613
0.009765925
0.009466668
0.009525144
0.00943421
0.009511993
0.00953375
0.00942715
0.010856407
0.010970051
0.011117511
0.011301477
0.0115358215
0.011479417
0.011382313
0.011694141
0.01156531
0.011376094
0.011186795
0.011276159
0.011693289
0.011827328
0.011613566
0.0114264935
0.011749202
0.011769996
0.011787745
0.011922836
0.011862258
0.01190658
0.012329446
0.012466687
0.012506293
0.012249758
0.010762126
0.0106083555
0.010467611
0.010501863
0.010463394
0.010400072
0.010198634
0.010418018
0.010495641
0.010449029
0.0103621585
0.010120663
0.009845045
0.009989372
0.01029133
0.010234652
0.010214228
0.010182735
0.009968146
0.009865415
0.009837204
0.009835776
0.010092079
0.009861222
0.009840659
0.009746669
0.009751351
0.009670707
0.009806136
0.009902512
0.009858632
0.0098038
0.009818879
0.009651957
0.009476842
0.009467755
0.009495992
0.009345644
0.009485544
0.0094939275
0.009447381
0.009364049
0.009235257
0.0089641595
0.0090590585
0.009222294
0.009345172
0.009414873
0.0092756655
0.0092659
0.009227111
0.009198359
0.009166953
0.009268464
0.009555559
0.0095698815
0.009772173
0.009445834
0.009371725
0.009427767
0.009356299
0.009389973
0.009412289
0.009545159
0.00961427
0.0094879735
0.009498387
0.009587639
0.009764601
0.009975783
0.010149309
0.010102575
0.0101415785
0.01012561
0.010167144
0.010038614
0.010269368
0.010282013
0.010259709
0.010444083
0.010320893
0.010271725
0.010316088
0.010213089
0.010273237
0.010585846
0.010777333
0.010934814
0.011085291
0.011013253
0.01099143
0.010755488
0.010875536
0.011066253
0.010709818
0.010847287
0.010640632
0.010490444
0.010465568
0.010779293
0.010736461
0.010845348
0.010737848
0.010722683
0.010630926
0.010579452
0.010284986
0.010399545
0.010448644
0.010389963
0.010482212
0.010375817
0.010428869
0.010139152
0.010031281
0.0101289265
0.010325614
0.010409424
0.010605677
0.010360557
0.01040952
0.010438921
0.010350209
0.010060396
0.010017147
0.010053924
0.010136784
0.009885439
0.009830631
0.0096962275
0.009690394
0.00974069
0.009717343
0.009695921
0.00960176
0.009862003
0.009798173
0.009644819
0.00952712
0.009729918
0.009665208
0.009623802
0.009910018
0.010027324
0.009830169
0.009824727
0.009548919
0.0093794875
0.009524029
0.00957102
0.009569524
0.009589874
0.009754517
0.00990493
0.010021875
0.010024897
0.010068254
0.010235185
0.010596979
0.01077567
0.010404607
0.010267543
0.010629644
0.010697449
0.010632388
0.010567907
0.010683032
0.010646072
0.0103631215
0.010034567
0.010111692
0.009995512
0.009888075
0.009506732
0.009573008
0.0096986545
0.009919666
0.010171528
0.010342603
0.01034016
0.010626183
0.010784387
0.010661113
0.010615423
0.010858081
0.0107713835
0.010887778
0.010848374
0.010934499
0.010950073
0.010915635
0.010777878
0.010836355
0.010524704
0.0104145575
0.010451217
0.010533883
0.010586095
0.010594113
0.010602515
0.010672241
0.010656741
0.010683154
0.010575575
0.010823329
0.010523153
0.010369396
0.010385773
0.01025974
0.011363944
0.011273977
0.0113736065
0.011254326
0.011065476
0.011380754
0.011435281
0.011348403
0.011343203
0.011423813
0.0114123095
0.011498293
0.0116349785
0.011673588
0.011678972
0.011943695
0.01146051
0.011466616
0.011460199
0.011901244
0.012181874
0.012276396
0.012154254
0.012219347
0.012136037
0.012125424
0.012309518
0.012347612
0.01248784
0.0111270575
0.010946293
0.010718739
0.010600342
0.01036618
0.0101166135
0.009943355
0.009956411
0.00992447
0.00994382
0.009984328
0.009995764
0.00993498
0.009879153
0.0096676815
0.009511051
0.009721989
0.009651675
0.009731207
0.009717128
0.009502687
0.009584353
0.009664374
0.009801416
0.00992909
0.009849268
0.009772073
0.009789168
0.009653813
0.00946821
0.009415265
0.009501288
0.009440999
0.00974863
0.009745259
0.009621938
0.009743121
0.009820998
0.010034202
0.01001567
0.010209177
0.010167654
0.010078321
0.010139518
0.010331726
0.010377829
0.010563929
0.0107320035
0.010949678
0.010920203
0.011134153
0.011188032
0.01128126
0.01127006
0.011394972
0.011260902
0.011564545
0.011477904
0.011321632
0.011245868
0.011108296
0.011047648
0.010975931
0.011277305
0.011228655
0.011387081
0.011728264
0.011760837
0.011827455
0.0118072955
0.011815181
0.011928618
0.011865141
0.0117914975
0.011856165
0.011629012
0.011874981
0.0118682925
0.011800352
0.011404853
0.011216183
0.010979546
0.010929866
0.010780873
0.010627757
0.010668685
0.010459044
0.0103797
0.010421328
0.010541501
0.010565562
0.010768311
0.01079545
0.010589446
0.010676345
0.010472212
0.010436954
0.010820692
0.010550543
0.010527271
0.0107428245
0.011245248
0.0112772565
0.011362383
0.011268467
0.011198851
0.010998915
0.011162406
0.01136392
0.011361193
0.01157041
0.011794815
0.011643255
0.011700321
0.011409329
0.011346377
0.011443493
0.011594815
0.011652462
0.011599736
0.011599397
0.011602477
0.011676872
0.011737181
0.011848351
0.011971595
0.0121235605
0.012057642
0.011601472
0.011550121
0.011579645
0.011447275
0.010924473
0.010879058
0.010914952
0.01090807
0.010878207
0.010965247
0.010904104
0.010861143
0.010674624
0.010844558
0.010819969
0.010637021
0.010837792
0.011011977
0.010935018
0.010746765
0.010830046
0.010882828
0.010627657
0.010869317
0.010784232
0.010566595
0.010472621
0.010359039
0.010260584
0.010089805
0.010096085
0.010029771
0.01005479
0.0104050115
0.0102369655
0.010347757
0.0105333505
0.010782317
0.01060787
0.01068621
0.01056029
0.010635063
0.010561584
0.01055694
0.010945359
0.01095645
0.011034259
0.0112480195
0.011130081
0.011399454
0.011307017
0.011367688
0.011025053
0.010817245
0.011095707
0.011343334
0.011185441
0.0112503115
0.011291865
0.011337859
0.011460136
0.011780213
0.011823737
0.011985106
0.012225287
0.012221536
0.011728141
0.011836206
0.011682387
0.011502822
0.011549003
0.011469334
0.011696514
0.011679929
0.011680052
0.011596987
0.0116171
0.01143869
0.011210378
0.010950829
0.011076094
0.011006581
0.010892247
0.010910052
0.011288296
0.011621483
0.011476252
0.011739834
0.0119308
0.012039428
0.012048545
0.0119817015
0.011561284
0.0115344245
0.011368984
0.0112097105
0.011113622
0.011112996
0.011172072
0.010903887
0.010786741
0.0108290985
0.011055064
0.0110622635
0.011119421
0.011359108
0.011393139
0.011659919
0.011955103
0.012058263
0.012097068
0.012051653
0.011755661
0.011798707
0.012948157
0.012857004
0.012900363
0.012521463
0.012177341
0.012126317
0.012286444
0.012109702
0.012843511
0.013138987
0.0131250685
0.012991616
0.013076615
0.013247125
0.013054508
0.0130872475
0.013264119
0.013376976
0.0134561155
0.013367489
0.013295694
0.012992275
0.012870109
0.012673377
0.012743751
0.01268491
0.0123898275
0.012288499
0.012161334
0.012376296
0.0122461505
0.012428644
0.011406645
0.011402632
0.011589949
0.012190873
0.012085573
0.012119072
0.012244742
0.012396515
0.01163533
0.01170877
0.011845689
0.011953039
0.011786106
0.012287998
0.0124679385
0.012310543
0.011912469
0.0120366365
0.011942145
0.0122957425
0.012051142
0.011947431
0.0121315345
0.012072106
0.011919931
0.011735703
0.011633747
0.011675816
0.011973508
0.01166542
0.011706605
0.012012937
0.011758338
0.011829557
0.011881451
0.011831364
0.011739478
0.011432883
0.0113830045
0.011242456
0.011275718
0.0111457
0.01108281
0.011120159
0.011150794
0.011228956
0.010805531
0.010855915
0.010750881
0.01057593
0.010617884
0.01064609
0.010665468
0.010629046
0.010698713
0.01065293
0.01068568
0.010735742
0.010676993
0.010657023
0.010722989
0.010779294
0.0108192125
0.010822897
0.010838557
0.01078264
0.010779491
0.010479186
0.010506254
0.010386686
0.010329394
0.010355718
0.010322704
0.010496043
0.010419309
0.010307472
0.010403065
0.010437213
0.010589805
0.010689237
0.010596728
0.010467021
0.010539948
0.01060898
0.010626448
0.010658982
0.010692274
0.010640819
0.010971352
0.011165426
0.0111508425
0.011248669
0.01134806
0.011615127
0.011669975
0.011553454
0.011627451
0.011761316
0.011549871
0.011584438
0.011539688
0.011506035
0.011601895
0.011421686
0.01172396
0.011762989
0.011710391
0.011897191
0.011806129
0.01188592
0.011671862
0.011400587
0.011420785
0.011673278
0.011659462
0.011419907
0.011334243
0.011288923
0.011292261
0.011016436
0.011317821
0.0109971855
0.01081876
0.011147362
0.011023933
0.010988588
0.011238761
0.011072999
0.010939499
0.01084441
0.010881443
0.0108282715
0.010737204
0.010655376
0.010623452
0.010419505
0.010522915
0.010572656
0.01037108
0.010365478
0.010402274
0.010286581
0.010244645
0.0103944065
0.010130165
0.010245183
0.009952841
0.010041899
0.01008618
0.009882436
0.010127232
0.010309862
0.010396038
0.01031463
0.010223397
0.010363994
0.0106904255
0.010548993
0.010703122
0.010589189
0.010637778
0.010591848
0.010650895
0.010548515
0.010566372
0.010699919
0.010613139
0.0105023645
0.010547686
0.010654418
0.010603678
0.010564547
0.010395092
0.010484487
0.010715907
0.01049096
0.010500905
0.010754459
0.010788292
0.010917317
0.010837139
0.010961035
0.011281447
0.011355332
0.011602036
0.011654919
0.0117470035
0.0121608665
0.012072913
0.01214773
0.012149778
0.012896715
0.012488647
0.012498426
0.012506825
0.012342683
0.012381252
0.012305642
0.012628869
0.012737099
0.012731385
0.012965102
0.0132998
0.0130698625
0.013115382
0.013094088
0.012824409
0.012764668
0.012588385
0.012643698
0.012879682
0.012937494
0.013112365
0.012997457
0.013228895
0.013239544
0.013073644
0.012799373
0.012703802
0.012833415
0.012690598
0.012516147
0.012399863
0.0123917
0.01214805
0.0122146085
0.012211286
0.012161787
0.012330477
0.01219676
0.012066722
0.011854913
0.011332373
0.011448174
0.01162111
0.011201804
0.01118701
0.011331113
0.011150678
0.011334447
0.011160654
0.011259642
0.011083141
0.01160757
0.011816499
0.011699583
0.011928846
0.012287795
0.012355113
0.012241273
0.012246923
0.012228973
0.0122902235
0.012289011
0.012188281
0.0123570785
0.012650377
0.012709848
0.012649194
0.012717052
0.012889105
0.012694882
0.01244574
0.012464766
0.012553656
0.012619347
0.012684738
0.012656502
0.012664994
0.012751357
0.012848757
0.012817187
0.013169275
0.013042213
0.013273371
0.01282044
0.013211704
0.013693931
0.013597922
0.013334363
0.014003647
0.014027802
0.014036427
0.013667209
0.0137891015
0.013748044
0.013796441
0.013492998
0.0135103995
0.013449645
0.013124755
0.0129549755
0.013162216
0.0130720725
0.013037161
0.013032834
0.013071662
0.013267804
0.013591918
0.013666452
0.014083348
0.013852117
0.01383099
0.0135159325
0.013466198
0.0131989475
0.01308412
0.012667741
0.012578491
0.012505028
0.012979576
0.013180648
0.012833215
0.01318984
0.013218476
0.012994193
0.012975437
0.012674006
0.012154453
0.012130984
0.012510759
0.012102826
0.012043507
0.012140341
0.012001873
0.012106098
0.011786897
0.011880511
0.011634328
0.011411585
0.011552377
0.011483897
0.011466467
0.011625557
0.011975795
0.012094289
0.011891782
0.011993165
0.0121522425
0.012155518
0.011899964
0.011815935
0.011866836
0.011782338
0.011746796
0.011673737
0.011635178
0.011904422
0.011850044
0.012035838
0.012153923
0.0121105425
0.012223852
0.012388596
0.011810836
0.0117549
0.011712182
0.0117123565
0.011785515
0.011820312
0.011703766
0.011703828
0.011931277
0.012343106
0.012214691
0.011971071
0.011891148
0.012075521
0.012001864
0.012111257
0.0118749915
0.0120670535
0.012106325
0.012199754
0.012421634
0.012471864
0.012393364
0.012365294
0.012288207
0.012264062
0.012181713
0.012218501
0.0121258525
0.0124171395
0.011974117
0.011725221
0.011568959
0.0116265435
0.01198326
0.011965617
0.0120597
0.012048549
0.01209881
0.012317309
0.012414909
0.0122758355
0.012520781
0.012701092
0.012731254
0.012902294
0.012822209
0.0128716165
0.01294957
0.013095994
0.012924082
0.013018478
0.013209409
0.0135135725
0.013409108
0.013026629
0.013003509
0.012815863
0.012642506
0.012493921
0.012451824
0.012344746
0.012575128
0.012494174
0.012119208
0.012106108
0.012051576
0.0120241465
0.0119594345
0.012167789
0.012202423
0.012122868
0.01214642
0.012282223
0.012373855
0.012524518
0.01250084
0.012660051
0.012613101
0.012918156
0.013036705
0.0130206635
0.012863779
0.0129755065
0.013165012
0.012916839
0.013049667
0.013185639
0.013286932
0.013093263
0.013216018
0.013065818
0.01309622
0.013077909
0.0131831225
0.013059104
0.0131915575
0.013147069
0.013065014
0.012962701
0.0126921795
0.012966404
0.0132195745
0.013345563
0.013486599
0.013837069
0.014017386
0.014169315
0.0142512955
0.014437935
0.014670521
0.014966742
0.014846637
0.015034635
0.014745437
0.01439536
0.014209456
0.014104074
0.014173872
0.014273493
0.0141518675
0.014167003
0.014238728
0.01417795
0.014037826
0.013933711
0.013630325
0.013382187
0.013549049
0.013483308
0.013319899
0.013420038
0.013249081
0.012979597
0.013094379
0.013236749
0.013255662
0.013251458
0.013184377
0.013164501
0.013427532
0.013355864
0.013133841
0.012759795
0.012524152
0.012707583
0.012782543
0.012687431
0.012813867
0.012773122
0.01258951
0.012630865
0.012691816
0.012449706
0.012457893
0.0124992095
0.012479613
0.012428236
0.012318833
0.012334404
0.012175566
0.012138123
0.012178839
0.012208381
0.0124578085
0.01270051
0.0127168875
0.012737858
0.012802794
0.012771692
0.012817362
0.012686132
0.012683168
0.012591957
0.012672689
0.012699469
0.012804106
0.012837842
0.013006794
0.012715459
0.012670635
0.012324954
0.012406953
0.012282404
0.0125004
0.012502212
0.012645492
0.012700812
0.012609003
0.012624267
0.012278706
0.012249753
0.012133351
0.012228077
0.012077838
0.011992308
0.011986964
0.011939583
0.011887611
0.01215077
0.012368094
0.012383005
0.012436876
0.012404327
0.012346088
0.0123974765
0.012549906
0.012618357
0.012794705
0.012517431
0.012615955
0.012479854
0.012550476
0.012453413
0.012248889
0.012265298
0.012268023
0.012274742
0.012228948
0.012250049
0.012208452
0.012107618
0.01197913
0.012068233
0.011991048
0.01210162
0.012058582
0.012120558
0.011950436
0.011945101
0.011909889
0.012111859
0.012075115
0.012287846
0.012208433
0.01224281
0.012362756
0.012413524
0.012421294
0.012432642
0.012462421
0.012557592
0.012447948
0.01246575
0.012519565
0.012624054
0.012344183
0.012166624
0.012237998
0.012217251
0.012046962
0.012033739
0.011974128
0.011904583
0.012007216
0.011906641
0.011964052
0.011977845
0.012087892
0.012115962
0.012158826
0.012286886
0.013075398
0.012941221
0.012946439
0.013089142
0.012953157
0.01317011
0.013018069
0.013582897
0.013647369
0.013918055
0.013999457
0.013656502
0.013571233
0.013557375
0.013328998
0.013395137
0.013305756
0.013078391
0.013261385
0.013413664
0.013161687
0.01336284
0.013484966
0.013560445
0.013595733
0.013493263
0.013332302
0.013302934
0.01342952
0.013315062
0.013230499
0.013351319
0.013379604
0.013344668
0.013254183
0.013160856
0.013209915
0.013149519
0.013000031
0.013140064
0.013133249
0.01309892
0.012915687
0.012822374
0.012886164
0.013043603
0.013284185
0.013156998
0.013170961
0.012992337
0.012686868
0.012634347
0.012647376
0.012771196
0.01273162
0.012853952
0.013023479
0.013120634
0.013198492
0.013661515
0.013640955
0.013646211
0.013704432
0.013439831
0.013343689
0.013502428
0.013502724
0.013468171
0.013373823
0.013261771
0.01302608
0.012817002
0.012588273
0.011984614
0.011991198
0.01206062
0.0119879665
0.011925669
0.011919504
0.012108678
0.011444802
0.011418091
0.011310314
0.011437077
0.011567254
0.011654137
0.011745847
0.011811138
0.011877416
0.012109925
0.012248631
0.012043217
0.01227772
0.012423007
0.012139567
0.0123312045
0.012545319
0.012614543
0.012843209
0.012769011
0.012773251
0.012917727
0.012932745
0.013020384
0.0130274985
0.012766611
0.012654178
0.012702628
0.012748649
0.012702917
0.012773262
0.012772
0.012763818
0.012782144
0.0128469905
0.013022632
0.013002939
0.013210068
0.013242672
0.013161831
0.013078894
0.013057533
0.01355565
0.013673725
0.014026019
0.014125555
0.014119531
0.01405137
0.013924133
0.014038198
0.01393117
0.013875079
0.013792702
0.013778261
0.013656232
0.013558177
0.013497436
0.01376617
0.013827142
0.01393449
0.013806408
0.013900203
0.013874938
0.013847325
0.013722304
0.013747752
0.013852195
0.0141373435
0.014265081
0.014605036
0.0148701845
0.015010267
0.0149773965
0.015047363
0.015190271
0.014961769
0.015124574
0.015401459
0.015221659
0.015422289
0.0154941585
0.015477864
0.015476775
0.015700778
0.015594488
0.015626082
0.015670614
0.015549552
0.015308219
0.015132805
0.015065577
0.015325931
0.015143472
0.0148905665
0.015030392
0.015018528
0.014770826
0.014840816
0.01457293
0.014589395
0.014217754
0.014137372
0.0143193435
0.014208182
0.01403864
0.014058423
0.014164392
0.014143336
0.014466539
0.014772903
0.014656692
0.014505017
0.014609043
0.014650187
0.014625956
0.014659194
0.01458922
0.014781491
0.014842593
0.014585093
0.014535228
0.014574797
0.014342039
0.014275393
0.014129941
0.014132092
0.014243273
0.014193836
0.0142659675
0.014223479
0.014226208
0.014120697
0.014285551
0.0141815
0.0140220765
0.014153578
0.01407967
0.014065649
0.014028426
0.014023847
0.01401401
0.0141004445
0.014275558
0.014119302
0.014505466
0.014691685
0.014807095
0.014780441
0.0147399735
0.014697755
0.014736816
0.014701335
0.014669074
0.014848514
0.01489097
0.01491999
0.015009501
0.015002488
0.015093868
0.014984489
0.015112389
0.015017106
0.0150564285
0.015299284
0.0151905725
0.015037236
0.015127942
0.01496925
0.014698344
0.014735065
0.01481352
0.014680153
0.014743472
0.014831815
0.014927321
0.01490443
0.014880181
0.014926628
0.014797637
0.015014742
0.015049615
0.014960894
0.015020265
0.014967995
0.015018665
0.014903599
0.014986465
0.015242544
0.015075786
0.015000074
0.015021763
0.015255328
0.015600476
0.015606414
0.015620536
0.015520304
0.01551156
0.015514332
0.0155665865
0.015486249
0.015498538
0.015517266
0.015563478
0.015615296
0.0160249
0.015942084
0.015842983
0.015814219
0.015683765
0.01568621
0.015871515
0.015983203
0.015875878
0.015743481
0.0157467
0.015596189
0.015487015
0.015462885
0.015352635
0.015260975
0.015415742
0.015506556
0.015565773
0.0154097285
0.015548497
0.015580283
0.015571654
0.015729226
0.015655002
0.015533235
0.015815217
0.015847076
0.015896041
0.015940197
0.01584955
0.015718848
0.015688336
0.01611535
0.016146323
0.016334802
0.016303178
0.01620864
0.016250797
0.016369823
0.016625369
0.016713118
0.016937051
0.017088031
0.016996676
0.017046629
0.01706727
0.017012946
0.017267905
0.017383598
0.017250935
0.017167605
0.017143896
0.017211454
0.017151747
0.017080847
0.017093249
0.017048774
0.017020173
0.01645008
0.016548287
0.01651786
0.016507644
0.016712362
0.016737375
0.016593963
0.016455496
0.016496936
0.017018756
0.017090604
0.017081281
0.016941391
0.016806386
0.016727107
0.016600963
0.016643733
0.016605785
0.016701112
0.01662573
0.016564975
0.016593715
0.016548539
0.0165824
0.016598228
0.016588742
0.016488584
0.016387425
0.016730424
0.016735014
0.016884537
0.01682064
0.016885186
0.016863633
0.01707161
0.017106097
0.017206402
0.01731554
0.017550692
0.01752638
0.017500388
0.017636329
0.017524643
0.017700138
0.017918043
0.018181376
0.018148625
0.018061038
0.0180459
0.018212138
0.018108634
0.018032348
0.018028291
0.01795891
0.018987002
0.0189638
0.019203989
0.019400056
0.019573001
0.019699045
0.019720044
0.019793877
0.019720323
0.019744975
0.019679304
0.01961763
0.019681634
0.019625017
0.019572292
0.019523393
0.01947827
0.019436872
0.01970072
0.020009879
0.019971801
0.019937564
0.020129878
0.020234393
0.020206753
0.020182986
0.020381013
0.02036474
0.020352315
0.020343723
0.02033895
0.020337997
0.020337997
0.020337997
0.020337997
0.020337997
0.020337997
0.020337997
0.020337997
0.020337997
0.020337997
0.020337997
0.020337997
0.020337997
0.020337997
0.020337997
0.020337997
0.020337997
0.020337997
0.020337997
0.020337997
0.020337997
0.020337997
0.020337997
0.020337997
0.020337997
0.020337997
0.020337997
0.020337997
0.020337997
0.020337997
0.020337997
0.020337997
0.020337997
0.020337997
0.020337997
0.020337997
0.020337997
0.020337997
0.020337997
0.020337997
0.020337997
0.020337997
0.020337997
0.020337997
0.020337997
0.020337997
0.020337997
0.020337997
0.020337997
0.020337997
0.020337997
0.020337997
0.020337997
0.020337997
0.020337997
0.020337997
0.020337997
0.020337997
0.020337997
0.020337997
0.020337997
0.020337997
0.020337997
0.020337997
0.020337997
0.020337997
0.020337997
0.020337997
0.020337997
0.020337997
0.020337997
0.020337997
0.020337997
0.020337997
0.020337997
0.020337997
0.020337997
0.020337997
0.020337997
0.020337997
0.020337997
0.020337997
0.020337997
0.020337997
0.020337997
0.020337997
0.020337997
0.020337997
0.020337997
0.020337997
0.020337997
0.020337997
0.020337997
0.020337997
0.020337997
0.020337997
0.020337997
0.020337997
0.020337997
0.020337997
0.020337997
0.020337997
0.020337997
