6728.751
2645.6584
1283.9913
910.2516
724.7839
611.1022
532.58386
473.8507
428.3515
391.13928
359.55618
333.12372
310.48615
290.58478
272.67587
257.38977
243.51013
230.66788
218.97408
208.15685
198.3861
189.80347
181.29552
173.81296
166.81914
160.32361
154.65588
149.00047
143.90796
138.92947
133.93611
129.80907
125.430664
121.570885
117.81023
114.3936
111.0321
107.776695
105.03186
102.00963
99.08846
96.3879
93.926186
91.57051
89.195366
86.83062
84.77104
82.56917
80.605545
78.7323
76.92694
75.25161
73.56054
71.94536
70.41497
68.886444
67.51794
66.01644
64.59982
63.29436
62.100185
60.994225
59.820988
58.4906
57.45869
56.385326
55.339706
54.42029
53.267017
52.38423
51.55357
50.515087
49.69602
48.84757
47.99241
47.090538
46.35796
45.604996
44.909702
44.096794
43.577736
42.696064
42.081127
41.41785
40.760693
40.193424
39.496593
38.943336
38.382256
37.819176
37.248363
36.75443
36.205807
35.677147
35.32357
34.767418
34.319466
33.830868
33.40495
33.02212
32.614517
32.253387
31.776453
31.384844
31.15712
30.504005
30.250862
29.942219
29.462559
29.09585
28.847406
28.515276
28.105236
27.84025
27.500023
27.168238
26.801813
26.587132
26.319252
26.03441
25.695318
25.350039
25.090267
24.83516
24.589748
24.338404
24.04955
23.783268
23.523266
23.347757
23.082745
22.84964
22.576674
22.364635
22.129684
21.922207
21.722872
21.528126
21.323286
21.09268
20.940765
20.758976
20.548704
20.346743
20.151274
20.024063
19.856071
19.63571
19.447206
19.361439
19.145012
18.984291
18.803993
18.669245
18.482391
18.29901
18.197937
17.982746
17.890873
17.727953
17.5666
17.472567
17.314821
17.140335
16.9978
16.860468
16.759739
16.635138
16.50269
16.338408
16.236181
16.107313
16.0029
15.887757
15.798655
15.683367
15.566268
15.495745
15.286621
15.233821
15.10361
15.039973
14.917588
14.858317
14.709107
14.628377
14.500904
14.421506
14.349907
14.22698
14.14942
14.090118
13.988365
13.874659
13.804354
13.742543
13.638842
13.524604
13.443731
13.363055
13.343426
13.229395
13.143611
13.060178
12.998224
12.939343
12.856227
12.800553
12.697254
12.610081
12.577093
12.475926
12.444951
12.387278
12.30241
12.230344
12.176213
12.088879
12.032832
11.992092
11.890718
11.87278
11.780137
11.720827
11.692552
11.627302
11.576561
11.508523
11.474723
11.438932
11.393725
11.316851
11.2195835
11.200492
11.178177
11.095066
11.007424
10.98581
10.89106
10.8599615
10.7944565
10.779594
10.740177
10.677141
10.616036
10.604011
10.537881
10.478521
10.446263
10.432705
10.388956
10.327855
10.25809
10.191906
10.199713
10.150544
10.099074
10.068282
10.064347
9.968291
9.961639
9.903972
9.867399
9.876863
9.791849
9.800106
9.722468
9.692894
9.698005
9.5830555
9.634412
9.591592
9.558337
9.523592
9.488938
9.482417
9.410957
9.381931
9.359426
9.380327
9.314124
9.315486
9.327267
9.244599
9.198017
9.216226
9.173281
9.127596
9.103951
9.060146
9.020295
9.068958
8.993661
8.94184
8.927259
8.890485
8.870033
8.848547
8.852491
8.808969
8.782
8.745266
8.7387
8.71906
8.731568
8.660204
8.630198
8.610256
8.587051
8.578952
8.552997
8.542069
8.505356
8.473937
8.490272
8.479571
8.438236
8.41787
8.408358
8.391559
8.377803
8.395037
8.356825
8.324172
8.284214
8.2960205
8.273752
8.211526
8.225688
8.1928215
8.179885
8.184818
8.152927
8.106238
8.105495
8.083988
8.095113
8.027045
8.019615
7.997376
8.002343
7.979898
7.9451737
7.9572024
7.9347024
7.9078355
7.9433174
7.887443
7.8260345
7.8474097
7.834928
7.846003
7.780139
7.7784715
7.746235
7.762999
7.7088614
7.7040095
7.708136
7.656391
7.6556177
7.662056
7.6230564
7.641212
7.6120825
7.61343
7.553438
7.5905247
7.5524716
7.572282
7.510509
7.4921966
7.4877853
7.46393
7.459391
7.448205
7.401288
7.4108586
7.4040313
7.3868747
7.364808
7.341292
7.315138
7.318718
7.294218
7.3083715
7.285019
7.2932396
7.303202
7.2742147
7.2767935
7.2399335
7.254701
7.1964483
7.2370205
7.219879
7.182126
7.174879
7.149829
7.137988
7.127055
7.142641
7.119765
7.124901
7.1025157
7.0760627
7.0469217
7.0582495
7.031448
7.010455
7.0182457
6.982289
6.985768
6.9724293
6.995364
6.9440837
6.944357
6.9526887
6.929064
6.9286537
6.891274
6.901285
6.8884687
6.8464766
6.873927
6.8341947
6.817571
6.8070893
6.8071785
6.8210073
6.8234677
6.77928
6.775264
6.7736745
6.814725
6.775356
6.7519636
6.7342453
6.7245445
6.7388544
6.7236724
6.700754
6.711963
6.6927032
6.721233
6.6925273
6.683344
6.6727753
6.677125
6.703664
6.645579
6.6815553
6.6349244
6.6544175
6.636174
6.6238246
6.633808
6.6214385
6.629834
6.636736
6.6364765
6.601291
6.582642
6.576344
6.5808926
6.5804725
6.5524597
6.534533
6.5404015
6.549962
6.507467
6.5257173
6.4669495
6.492361
6.490442
6.479746
6.4759984
6.4493866
6.4622235
6.434809
6.500825
6.4262013
6.427307
6.432035
6.4153686
6.4380155
6.417218
6.3861117
6.4117603
6.3780785
6.3811536
6.385065
6.3818407
6.3978815
6.365947
6.3490915
6.342405
6.380856
6.360367
6.3498054
6.3302627
6.3481035
6.344468
6.3216696
6.33556
6.327286
6.3146667
6.3019667
6.3202386
6.2987623
6.3001475
6.2795253
6.293416
6.289563
6.269219
6.25758
6.2435184
6.2422466
6.2355638
6.2752657
6.233818
6.238405
6.2211423
6.2048974
6.213266
6.214215
6.1890244
6.17313
6.178401
6.1837974
6.1505
6.176599
6.137328
6.158876
6.166641
6.1344724
6.1391325
6.129975
6.118275
6.1098375
6.108093
6.1134048
6.08051
6.075179
6.083071
6.0910215
6.0743036
6.08067
6.0798073
6.0647097
6.0689907
6.0619597
6.0812497
6.0665693
6.0568776
6.066766
6.0457454
6.049439
6.030336
6.0447855
6.0534077
6.0531254
6.045598
6.0280995
6.0194955
6.0394344
6.0341578
6.0970244
6.0205483
6.0464754
6.0187078
6.0005774
6.024541
6.0131803
6.003416
5.9803314
5.9881573
6.004226
5.9702663
5.9918666
5.981262
5.9781666
6.020619
5.971735
5.9603267
5.9432006
5.9634976
5.972901
5.94603
5.9903483
5.998187
5.934287
5.940737
5.92592
5.9245815
5.918645
5.9074883
5.924838
5.929413
5.903818
5.9031644
5.8999867
5.885146
5.8861704
5.8801923
5.8772454
5.9083276
5.8593664
5.884339
5.8784447
5.8612046
5.868152
5.8548474
5.842113
5.8366146
5.826534
5.826206
5.8276796
5.819582
5.8347497
5.8223853
5.7848773
5.7987885
5.7821236
5.7921777
5.791138
5.7781086
5.7850814
5.7637787
5.7778726
5.7974486
5.766685
5.784437
5.764777
5.755496
5.7872467
5.737386
5.7499943
5.7551155
5.7395597
5.740777
5.7305293
5.7481694
5.731335
5.7443027
5.7296147
5.7261925
5.7377434
5.7037435
5.7131653
5.736146
5.7226243
5.7017617
5.760132
5.7245607
5.71162
5.703515
5.6846414
5.6890855
5.6631594
5.679922
5.6710367
5.6922927
5.657199
5.672765
5.682673
5.658411
5.641607
5.655706
5.669034
5.6223564
5.6358175
5.630509
5.64875
5.6441956
5.643142
5.630022
5.6222944
5.6268487
5.6208186
5.6405845
5.6412163
5.5992446
5.6196446
5.6210027
5.631114
5.589475
5.5965242
5.6255255
5.603257
5.618061
5.607324
5.60001
5.595254
5.6046014
5.5781045
5.557098
5.56625
5.5790625
5.566754
5.5878468
5.562235
5.5625234
5.6006618
5.577075
5.5871572
5.5877175
5.5772943
5.593706
5.5923758
5.5977893
5.5621505
5.5968823
5.5805283
5.5667806
5.562667
5.5734415
5.589961
5.5703897
5.5532
5.5713744
5.5600696
5.5485663
5.5623207
5.5396075
5.563596
5.5423884
5.5421057
5.550006
5.549477
5.545184
5.5509944
5.5514297
5.575517
5.5407825
5.541769
5.5243335
5.512784
5.505907
5.5075636
5.5301123
5.5073395
5.5026927
5.4972754
5.516226
5.506466
5.4998245
5.4899397
5.5032315
5.5005245
5.47823
5.4921465
5.478174
5.4928327
5.4958277
5.482884
5.507354
5.4888306
5.5032578
5.4772305
5.5036154
5.4667015
5.50192
5.4901967
5.4533944
5.4677806
5.474447
5.461826
5.465818
5.4714518
5.4694304
5.4633884
5.4586363
5.458229
5.456813
5.4416766
5.442215
5.4303894
5.438784
5.4248967
5.454895
5.4395742
5.4626255
5.45062
5.457705
5.4348693
5.409015
5.426936
5.4372005
5.4343915
5.4145575
5.4233627
5.39365
5.431377
5.4229155
5.377767
5.4187427
5.418437
5.3953347
5.402136
5.38012
5.388181
5.363138
5.3808002
5.3693824
5.3582554
5.348309
5.3870883
5.3653045
5.362814
5.3627925
5.3554783
5.366989
5.370332
5.3353186
5.3330154
5.3379555
5.354466
5.3405185
5.3322444
5.3783517
5.3260517
5.331185
5.375607
5.2936764
5.3234673
5.338039
5.2996397
5.2810435
5.3250766
5.2972
5.2973733
5.3073416
5.3096895
5.317556
5.3019276
5.2722306
5.262318
5.2722826
5.3026695
5.3402886
5.3068805
5.2743483
5.271443
5.261914
5.246415
5.2421217
5.2285066
5.233286
5.25339
5.279813
5.247156
5.209109
5.2339864
5.2073402
5.2102437
5.1933455
5.1879997
5.207293
5.185609
5.168401
5.16285
5.181026
5.18015
5.199328
5.184609
5.1396914
5.263039
5.155934
5.190756
5.1297326
5.1714525
5.121336
5.1175346
5.123738
5.130542
5.100417
5.111894
5.1033897
5.1046233
5.0800223
5.083258
5.1009135
5.0858107
5.094231
5.0621758
5.0500193
5.0896254
5.10223
5.067315
5.06723
5.118772
5.067377
5.030076
5.076199
5.040695
5.0165524
5.067652
5.004936
5.0151343
5.017535
4.9887576
5.005384
5.0103965
4.9893675
4.9697423
4.984247
4.9824696
4.994946
4.9856033
4.9678273
5.007711
4.981738
4.9515815
4.952631
4.952217
4.9596653
4.952179
4.9859576
4.962746
4.9455247
4.9293737
4.9329805
4.917283
4.9124074
4.9176526
4.9270577
4.9267263
4.909652
4.913138
4.907355
4.90802
4.8655543
4.9462557
4.900402
4.913164
4.892979
4.883576
4.880605
4.8942914
4.97832
4.8915496
4.8808436
4.8827305
4.8984413
4.8750267
4.861729
4.86273
4.885281
4.863844
4.8437223
4.8504176
4.8496523
4.8979397
4.845185
4.8522444
4.8487163
4.8575854
4.858031
4.832273
4.8337502
4.854403
4.838296
4.8168325
4.828393
4.8196263
4.8000684
4.821049
4.8058925
4.852503
4.8175235
4.821618
4.811265
4.8218713
4.8326197
4.8027287
4.806714
4.8019753
4.7892885
4.782405
4.789912
4.766441
4.7900867
4.803689
4.757336
4.7700114
4.779159
4.78712
4.7716794
4.745474
4.7321477
4.755647
4.7690425
4.7345977
4.734882
4.745876
4.778248
4.720198
4.71427
4.7259774
4.7096477
4.7197657
4.7055535
4.7149653
4.741533
4.7114644
4.7040477
4.712098
4.7105002
4.719731
4.7058887
4.7045684
4.6926455
4.6837296
4.6882725
4.700013
4.6930666
4.6996937
4.6857576
4.706964
4.672452
4.6960773
4.676021
4.6743655
4.700595
4.68567
4.6945596
4.6809635
4.7219944
4.66967
4.6809916
4.6852636
4.6636157
4.7090263
4.6806245
4.6795864
4.69424
4.658194
4.679504
4.69215
4.6563125
4.654345
4.6667733
4.6465545
4.662951
4.657873
4.6516104
4.64733
4.65721
4.6163974
4.6479993
4.6588306
4.6340475
4.618145
4.619611
4.626692
4.6223316
4.5999985
4.5968366
4.603174
4.6002846
4.6024776
4.5917068
4.581402
4.575278
4.5945697
4.612296
4.589528
4.559205
4.5660625
4.618203
4.551849
4.5634317
4.5457854
4.5548716
4.57133
4.548736
4.5425305
4.5543375
4.576808
4.538466
4.563813
4.545374
4.545565
4.5753427
4.564518
4.5543394
4.5909634
4.5401793
4.5317545
4.536296
4.544872
4.538913
4.6490064
4.5385528
4.571938
4.57026
4.5390778
4.524612
4.522126
4.5188365
4.5380063
4.52634
4.5756173
4.490513
4.5073495
4.5039964
4.526257
4.5108886
4.5094924
4.512465
4.5269327
4.5001235
4.4669957
4.497467
4.484886
4.478643
4.4807277
4.4945035
4.5250115
4.479714
4.4955196
4.490736
4.4670153
4.452829
4.4509664
4.433865
4.4521246
4.4706006
4.4275827
4.432412
4.4985228
4.433725
4.397833
4.417767
4.4076447
4.4527564
4.4130263
4.432863
4.382873
4.402019
4.4018736
4.403495
4.369704
4.37595
4.367008
4.3487086
4.3537264
4.350485
4.3411937
4.370146
4.34246
4.365091
4.3468976
4.342724
4.3450828
4.3587356
4.306623
4.4103847
4.313628
4.336322
4.3144116
4.3402
4.293641
4.308318
4.3160725
4.310592
4.3086963
4.3202
4.2862377
4.3227944
4.277448
4.302576
4.2866397
4.2641034
4.2698994
4.2578645
4.2750397
4.2693915
4.250864
4.284367
4.2406216
4.244552
4.259146
4.237256
4.2564397
4.267188
4.2827063
4.2393475
4.239549
4.2345166
4.2318225
4.221654
4.2588067
4.255094
4.2546616
4.3111653
4.2311783
4.245293
4.2518687
4.278953
4.216691
4.2305226
4.2228365
4.208932
4.2142835
4.211025
4.2138667
4.219794
4.202783
4.1888976
4.1783566
4.2597466
4.2179694
4.2075295
4.1926837
4.1791368
4.1810136
4.1868505
4.162768
4.1622963
4.16928
4.1786814
4.1576385
4.161926
4.1601057
4.1688285
4.1552677
4.154508
4.1509295
4.134964
4.1486783
4.117407
4.144229
4.1224103
4.1388755
4.1394
4.118828
4.100233
4.1309795
4.1336555
4.11708
4.1187515
4.07892
4.1125317
4.103945
4.114372
4.0974193
4.1173816
4.115186
4.120644
4.1000414
4.0863547
4.082898
4.084221
4.090518
4.1032653
4.096106
4.0806303
4.078056
4.0848184
4.1003337
4.107316
4.0551586
4.097885
4.092044
4.068523
4.0670104
4.042122
4.074725
4.0683274
4.0756917
4.059874
4.045891
4.0619273
4.05941
4.0690546
4.063569
4.061047
4.0292773
4.0741935
4.047239
4.0428953
4.0327587
4.048778
4.0226297
4.0260653
4.0268188
4.0312057
4.018159
4.014037
4.099588
4.085343
4.027355
4.0217676
4.0321226
4.0058637
4.0078964
4.034813
4.0456095
4.0084352
4.01601
4.04146
4.0189357
4.0263534
4.016875
4.014135
4.025597
3.9909132
4.0090685
4.0284457
3.9953678
3.9811409
4.0420136
4.0069566
4.0042505
3.9762483
3.9993458
3.9969194
4.0061426
3.992671
3.9988823
3.9636703
3.9700305
3.967435
3.953161
3.9569569
3.9422243
3.9438
3.9593692
3.9403183
3.9595997
3.921453
3.9415655
3.9476144
3.9217205
3.933263
3.9184546
3.9290445
3.9105783
3.8994582
3.9153323
3.944594
3.905577
3.9228694
3.9042885
3.9035969
3.8926146
3.914264
3.9294653
3.923479
3.8973336
3.8981705
3.8736527
3.862692
3.8780484
3.8832912
3.8830895
3.8651314
3.8638923
3.8706298
3.846945
3.8414803
3.8466644
3.8255317
3.864046
3.849633
3.838931
3.8214877
3.8338525
3.8314927
3.8178008
3.8077042
3.821704
3.8133812
3.8063915
3.8233972
3.8023295
3.801745
3.8005476
3.8160205
3.819727
3.8116865
3.828846
3.7980754
3.8120608
3.822069
3.7998283
3.8067117
3.7873998
3.7719884
3.7886353
3.7809768
3.7951338
3.7614594
3.7950327
3.7935185
3.7911446
3.7742174
3.7758875
3.7639174
3.773131
3.768114
3.760631
3.7383482
3.7906647
3.7349777
3.7535596
3.734043
3.7436924
3.751085
3.728283
3.7542148
3.7368631
3.75555
3.73309
3.7363117
3.7552822
3.744038
3.736591
3.7384107
3.7254727
3.7637677
3.7330353
3.7264183
3.733063
3.720743
3.7483027
3.7454295
3.722261
3.762367
3.719279
3.725094
3.721019
3.7181292
3.7268732
3.7295954
3.732587
3.7287862
3.7201822
3.723356
3.7175286
3.7200375
3.7316747
3.7591178
3.7131968
3.7169874
3.7235322
3.719029
3.7251525
3.739531
3.713791
3.711455
3.718463
3.7384615
3.7351213
3.7109237
3.7302957
3.7004023
3.7076795
3.7060664
3.7220953
3.6890895
3.7216966
3.705072
3.6998346
3.6978972
3.7009735
3.6982822
3.659682
3.6983397
3.668825
3.6763916
3.676865
3.6647766
3.6762054
3.7303855
3.6436708
3.6706717
3.6650813
3.65312
3.6473713
3.6687675
3.649486
3.662025
3.650588
3.6283073
3.655024
3.647372
3.6286137
3.6305513
3.6167061
3.6488872
3.6815076
3.6312816
3.6078618
3.6164098
3.611762
3.616011
3.6154268
3.6132102
3.5950816
3.5828555
3.6321645
3.5960727
3.6021821
3.5755045
3.574288
3.6032758
3.5780492
3.588799
3.5858128
3.551401
3.5516546
3.5520828
3.549451
3.5434318
3.5278678
3.5411632
3.5463226
3.620191
3.5400894
3.531597
3.5873587
3.5022001
3.509006
3.493041
3.5044248
3.5111468
3.5075269
3.512177
3.5021927
3.4979262
3.5003731
3.5146496
3.5017908
3.531011
3.5084295
3.480878
3.5099297
3.4892635
3.4661224
3.467429
3.4777105
3.4842296
3.490995
3.484283
3.4850013
3.4812083
3.4740214
3.449193
3.4685109
3.4939258
3.4810684
3.4521754
3.4748108
3.4700143
3.4554734
3.4560647
3.4485373
3.458886
3.4370842
3.4522161
3.4600418
3.4631896
3.4432464
3.4381375
3.430357
3.419551
3.4465165
3.438529
3.4166439
3.4404128
3.459197
3.4248598
3.428848
3.442594
3.4337099
3.425762
3.4251292
3.4292476
3.4303277
3.421084
3.4315095
3.4466443
3.4217124
3.419641
3.4483662
3.4131591
3.4149616
3.4222925
3.4215899
3.3958983
3.4099934
3.403812
3.3594618
3.394512
3.4065578
3.3949552
3.3871012
3.3657181
3.4018412
3.3683698
3.4118018
3.4027693
3.3790605
3.4002934
3.369465
3.3732405
3.3721316
3.3918152
3.361336
3.3902323
3.3431902
3.364642
3.3448322
3.3558426
3.3436332
3.357453
3.3612053
3.335868
3.3450437
3.360797
3.3403
3.3469949
3.3691444
3.3429945
3.3660154
3.3675654
3.3546464
3.3355134
3.353241
3.3628905
3.350817
3.336861
3.3155692
3.3448837
3.3413541
3.323611
3.318976
3.3317683
3.3228974
3.3265386
3.3301988
3.313798
3.318185
3.3299718
3.3104327
3.2898505
3.294314
3.3006067
3.2955873
3.2920334
3.3202507
3.3070512
3.2765963
3.2883518
3.288683
3.2991033
3.280439
3.2695944
3.2776642
3.280831
3.262059
3.2680185
3.274491
3.2824006
3.2669523
3.2664242
3.2733831
3.2531796
3.2623084
3.266597
3.2769923
3.2523613
3.250596
3.2497602
3.25582
3.2349837
3.252181
3.2462718
3.2493908
3.250419
3.2304966
3.2491314
3.2451074
3.2371924
3.2371297
3.2337992
3.234439
3.2286725
3.23107
3.2349334
3.2210617
3.2102962
3.2103543
3.2211068
3.2232933
3.2220733
3.203615
3.2067432
3.2021732
3.196421
3.197137
3.1920834
3.1945603
3.2112641
3.182803
3.2160716
3.1856537
3.2051425
3.1989121
3.1757503
3.1784678
3.2046325
3.1854315
3.1715596
3.172783
3.1755686
3.1742787
3.158835
3.1804092
3.1825438
3.1543639
3.1632802
3.1738005
3.1589196
3.1363025
3.1630573
3.143585
3.1495504
3.16548
3.1383653
3.144387
3.1446478
3.1250238
3.1321099
3.130839
3.1197243
3.1397302
3.1194775
3.1076725
3.133009
3.122654
3.107369
3.1027951
3.1233377
3.1141386
3.0998273
3.0904942
3.0996943
3.1112692
3.1039424
3.102687
3.0772
3.0835063
3.0985804
3.0950434
3.087316
3.0679038
3.0688865
3.0620015
3.0592494
3.0596132
3.0800154
3.0798545
3.0553546
3.0793872
3.0753617
3.062877
3.0444415
3.065045
3.0604966
3.060958
3.075427
3.0805357
3.0659895
3.0517962
3.0468578
3.0556989
3.0340297
3.0269358
3.0379882
3.0590003
3.04604
3.0423584
3.032401
3.0309386
3.055077
3.0401282
3.0319731
3.0398312
3.0324612
3.029428
3.0321376
3.0301094
3.0288079
3.0247536
3.010065
3.0291538
3.0228622
3.021511
3.0035813
3.028713
3.0279698
3.0130148
3.0176597
3.0095723
3.0217195
2.9990745
3.0079556
3.0030828
3.0069935
3.0093515
2.9933796
2.9923654
3.010291
3.0042412
3.0015614
2.9874647
2.9855971
2.9821064
3.0079987
2.9819634
2.983524
3.0038946
2.9814637
2.9913416
2.9676843
2.9886632
2.9814873
2.992754
2.9904852
2.9730055
2.9699311
2.9684443
2.9665303
2.9555917
2.9697895
2.9572737
2.9742603
2.9466546
2.962822
2.965917
2.961307
2.9482653
2.9547217
2.9617944
2.9654014
2.9426596
2.9678926
2.9836965
2.9621253
2.9629874
2.9548638
2.9288132
2.9413908
2.936603
2.9351375
2.9451308
2.9416234
2.9283886
2.940028
2.9348922
2.9345636
2.9297757
2.9180284
2.9370003
2.938502
2.9334953
2.9455116
2.9290133
2.924666
2.9122708
2.9169338
2.9109724
2.9199271
2.900512
2.9003026
2.9175575
2.910705
2.9163704
2.8997452
2.8972094
2.8914564
2.9051611
2.8797846
2.9063485
2.8990636
2.8920035
2.8973045
2.8853734
2.874632
2.8702383
2.8889363
2.8676457
2.8898578
2.8856335
2.8850951
2.8728707
2.8605127
2.8533986
2.8703072
2.859459
2.8462365
2.8461263
2.8787665
2.8732224
2.8761878
2.838858
2.859231
2.8852892
2.8614068
2.857765
2.8534236
2.8523448
2.8501792
2.852013
2.8613782
2.8454578
2.8538342
2.8467872
2.8471386
2.8626196
2.8693147
2.8578973
2.8425362
2.8477104
2.8527596
2.8443596
2.8455071
2.8298101
2.83611
2.8639693
2.8581302
2.8729203
2.8437736
2.850476
2.8416727
2.8423874
2.8537214
2.8520882
2.8433368
2.8284814
2.8522687
2.8341312
2.8509262
2.8358884
2.823164
2.81622
2.8325932
2.8434074
2.8178477
2.820209
2.805315
2.8051825
2.8445303
2.8082268
2.8047225
2.838427
2.8108835
2.813385
2.7945142
2.7867143
2.789676
2.7844954
2.8077052
2.7847264
2.7877145
2.8043933
2.8062954
2.796766
2.8521502
2.7742932
2.763081
2.7942839
2.785814
2.78932
2.7973754
2.7878294
2.8140938
2.792592
2.764322
2.782186
2.784524
2.7804997
2.7799468
2.7964091
2.7644694
2.772128
2.7850294
2.776226
2.7643733
2.7810714
2.754955
2.7530072
2.7581482
2.7662184
2.7650652
2.7624815
2.7525847
2.7521322
2.7674448
2.7507145
2.7794886
2.7537696
2.765573
2.75823
2.7443733
2.7507632
2.754744
2.7542846
2.7356079
2.73334
2.762627
2.7588775
2.716453
2.7291365
2.7441359
2.7322483
2.7309747
2.742123
2.7229044
2.7472641
2.7325122
2.7123961
2.7288184
2.7076561
2.7376885
2.6975338
2.742073
2.7118187
2.7131882
2.727031
2.733273
2.7027357
2.7046034
2.703786
2.690457
2.712284
2.7019794
2.6694248
2.679706
2.6843948
2.704835
2.6813338
2.6687407
2.6706293
2.6880145
2.6705604
2.6658401
2.6854236
2.661482
2.682392
2.655775
2.6807342
2.6663592
2.6772444
2.6686475
2.6539483
2.6726594
2.6916306
2.670956
2.650869
2.6758478
2.6719005
2.6703944
2.7160788
2.6604538
2.6555467
2.6713316
2.6512597
2.6550689
2.658972
2.6408248
2.649479
2.6605785
2.6447787
2.6569483
2.6566648
2.6560144
2.6616485
2.6682363
2.6467748
2.6455362
2.6432688
2.6564417
2.6675894
2.6370764
2.639248
2.627333
2.6533573
2.6297584
2.6441562
2.6419556
2.6311698
2.6444504
2.6419408
2.6281393
2.6350749
2.620671
2.639587
2.6343749
2.5893705
2.6137795
2.621531
2.6140358
2.628553
2.6089253
2.6191278
2.5880582
2.6136055
2.5954828
2.6008885
2.610958
2.5825865
2.5930905
2.6096928
2.5764093
2.5954964
2.600661
2.5758915
2.5898511
2.56659
2.5778496
2.5767782
2.5948746
2.5979223
2.5768116
2.5775871
2.5854
2.5731645
2.575176
2.5956845
2.5801625
2.580347
2.571417
2.5990124
2.5770974
2.6470118
2.5786145
2.5640132
2.5801086
2.5665622
2.568984
2.5952632
2.5998476
2.614811
2.5476985
2.573679
2.5586746
2.5563433
2.5839963
2.5659814
2.5394726
2.529745
2.5563312
2.557595
2.5381377
2.5349402
2.5705307
2.521156
2.5286474
2.5206316
2.5239346
2.523718
2.5021923
2.5005376
2.5318472
2.519574
2.4985805
2.5310915
2.5329323
2.5205014
2.5091746
2.5148556
2.510929
2.5058484
2.4901698
2.512157
2.4963024
2.4909225
2.5010147
2.493406
2.4897118
2.4952993
2.4809098
2.4663959
2.507732
2.4712486
2.4793184
2.487815
2.4825692
2.4807281
2.4842343
2.478588
2.4791882
2.4747212
2.487473
2.4809818
2.4728062
2.4896386
2.4745517
2.4771898
2.4748533
2.4824681
2.4821835
2.4949982
2.4803133
2.4762635
2.4678948
2.486584
2.5012171
2.4818757
2.476938
2.473407
2.4637523
2.4664137
2.4887717
2.476377
2.4849954
2.4676168
2.4640927
2.4600372
2.4591374
2.4547772
2.449034
2.47095
2.4483678
2.439416
2.4572504
2.4574003
2.4397926
2.4329205
2.4292388
2.4363227
2.4297335
2.4331238
2.433583
2.4349608
2.4196186
2.4368699
2.4030426
2.4282172
2.4082866
2.389082
2.4091415
2.4053724
2.3958395
2.4014156
2.386145
2.409013
2.3895295
2.3962624
2.4001133
2.386947
2.3707724
2.3805518
2.3698752
2.3812392
2.3740687
2.382272
2.3746572
2.379881
2.3708029
2.362873
2.3702734
2.3626814
2.3649998
2.3594995
2.3575337
2.3474112
2.360239
2.3600245
2.3546398
2.3433697
2.37009
2.3581944
2.3630419
2.355678
2.3563476
2.3446252
2.3596854
2.3666987
2.3454888
2.3607676
2.3432605
2.3442035
2.3343759
2.334714
2.352011
2.3388329
2.3682814
2.3419027
2.3312595
2.3454127
2.3423147
2.3468258
2.3598201
2.3409586
2.3330903
2.3267305
2.3383996
2.3477957
2.351073
2.3509567
2.3261561
2.332004
2.346017
2.3215039
2.339728
2.3355868
2.3186142
2.3234613
2.3469844
2.357505
2.3260043
2.3384802
2.3231633
2.3102126
2.323669
2.3344932
2.3338788
2.3142452
2.3211184
2.3268387
2.3270283
2.3340154
2.336861
2.3018997
2.3081229
2.321876
2.320354
2.320716
2.3226194
2.3041465
2.3247464
2.3160808
2.325045
2.3199902
2.2997942
2.3043182
2.3283849
2.3042192
2.3044777
2.3023472
2.3110511
2.3120043
2.2966845
2.306918
2.3103573
2.3061013
2.296195
2.295585
2.3079834
2.2948859
2.3083003
2.3179138
2.3079317
2.3021023
2.3161035
2.3023846
2.2996533
2.3007612
2.3010123
2.3009157
2.2910857
2.296875
2.3042777
2.2819307
2.276183
2.2926877
2.2797654
2.2924254
2.2867303
2.279673
2.3087413
2.285861
2.2788012
2.287462
2.2857406
2.2635214
2.2718246
2.2663903
2.2683668
2.2806497
2.2625318
2.2687142
2.2646387
2.2608697
2.264665
2.2568936
2.268274
2.261921
2.255682
2.2590315
2.2600045
2.2450156
2.255997
2.2438178
2.2471228
2.2482276
2.2394133
2.2570186
2.232013
2.2395747
2.2304742
2.2490644
2.2468102
2.2393968
2.2476735
2.225521
2.2376952
2.2339387
2.2256613
2.2265143
2.224574
2.2219505
2.232398
2.2294962
2.2133827
2.2410924
2.2192328
2.2106588
2.2181299
2.2338548
2.2139013
2.2230034
2.2203946
2.2049928
2.2135892
2.2023787
2.2126207
2.2175448
2.1878004
2.1979656
2.197538
2.2071505
2.2180297
2.2146175
2.2279005
2.191089
2.2029285
2.1996262
2.1876016
2.2108445
2.1944788
2.1989367
2.2099187
2.2057397
2.200345
2.2137759
2.20346
2.2106895
2.1929991
2.193787
2.205188
2.2031126
2.1976147
2.1894023
2.1912625
2.1887858
2.1935942
2.1971269
2.1950548
2.195113
2.1989596
2.2028155
2.1906128
2.186631
2.1821418
2.1965487
2.1864927
2.1847525
2.1914523
2.166798
2.158008
2.1811223
2.167186
2.1751745
2.186292
2.173004
2.1954677
2.171796
2.186897
2.1720855
2.1796875
2.1648488
2.1728458
2.1720114
2.1661491
2.1603684
2.144683
2.1565876
2.1504893
2.1559844
2.164121
2.1577997
2.1477065
2.1507175
2.1383126
2.134629
2.1299744
2.1434395
2.1332023
2.1569834
2.1383262
2.1304283
2.1166437
2.132243
2.133916
2.1461215
2.1218936
2.1297975
2.1242886
2.1151814
2.1275408
2.1121016
2.1213007
2.1301875
2.1152794
2.1065197
2.1280978
2.109476
2.1229997
2.1305356
2.134805
2.1269863
2.1202848
2.1200852
2.117408
2.1255147
2.115916
2.1265783
2.1212344
2.117123
2.108162
2.1216795
2.1237545
2.131982
2.1202328
2.1080415
2.1084018
2.099209
2.10472
2.1346617
2.1191297
2.1233654
2.1183386
2.1097744
2.0961623
2.1057901
2.108092
2.1042879
2.1057572
2.111249
2.1085181
2.1051357
2.0996757
2.108862
2.0974813
2.0917506
2.1121507
2.0934355
2.1146853
2.1078782
2.0873675
2.101352
2.0977168
2.1093137
2.1057935
2.1018543
2.0806816
2.0956216
2.0767043
2.08161
2.0657716
2.0694203
2.0821636
2.05734
2.0801466
2.074259
2.0775623
2.0680127
2.0926437
2.0622346
2.0625775
2.0651119
2.055377
2.0424232
2.0466554
2.0439632
2.0719898
2.05337
2.064728
2.0498137
2.043289
2.0502417
2.0530064
2.0497584
2.0333095
2.047143
2.032151
2.04296
2.0290937
2.030756
2.0484595
2.0281656
2.0227175
2.02793
2.0359142
2.012906
2.0395818
2.02482
2.0242867
2.0285475
2.0219393
2.047417
2.0103421
2.0271158
2.0249035
2.0308807
2.0051336
2.0194156
2.0288332
2.0220096
2.0206957
1.9946959
2.0061932
2.0149035
1.992686
2.012479
2.011311
2.00059
2.0174394
2.0090919
2.005074
2.0202894
2.0007813
1.9940832
1.9772325
2.0092669
1.9927121
1.9963434
1.9799738
2.0031238
1.9879707
1.9949948
1.9803958
1.9737651
1.9712365
1.9811337
1.9831517
1.9856875
1.9622767
1.9690274
1.9456334
1.9614182
1.9645935
1.9697773
1.9490981
1.9531235
1.9587085
1.9483279
1.9358736
1.9530675
1.9676077
1.9569595
1.9515055
1.9433364
1.9488839
1.9519544
1.9400194
1.933876
1.9284354
1.9348501
1.9485537
1.9315187
1.9380192
1.9292457
1.9170052
1.9449953
1.926278
1.9321657
1.919496
1.9330745
1.9330059
1.9273986
1.9277751
1.9244721
1.926319
1.9324063
1.9303273
1.9258413
1.9442097
1.9157615
1.9102573
1.9157948
1.913215
1.906493
1.9129612
1.8997383
1.9279915
1.9154121
1.9046909
1.9085889
1.9083276
1.917663
1.8953265
1.899605
1.908721
1.9004716
1.9018931
1.909051
1.8862498
1.9034173
1.8875945
1.9030348
1.8751101
1.8773462
1.8832357
1.8930861
1.8914175
1.8887734
1.880468
1.8847964
1.8788712
1.869672
1.8580574
1.8580847
1.8633242
1.891687
1.8627218
1.8783208
1.8658006
1.871885
1.8620068
1.8610613
1.873547
1.8580235
1.8532927
1.8616375
1.8616056
1.8594158
1.8548219
1.8637867
1.8498231
1.8448911
1.8549949
1.862805
1.8331094
1.8477786
1.850047
1.8392116
1.843888
1.8349527
1.8379906
1.8417445
1.8323727
1.8323139
1.8442681
1.8314759
1.8314435
1.8322101
1.8348595
1.822532
1.8356148
1.8222982
1.8146986
1.8305879
1.8161572
1.8135264
1.8136046
1.8305734
1.8264923
1.8266982
1.8215129
1.8237439
1.8366259
1.8242265
1.8310289
1.8108885
1.8280789
1.8411024
1.8065354
1.808625
1.8179225
1.8245931
1.8331771
1.803262
1.8243976
1.8089513
1.8174181
1.8336568
1.8065053
1.8139138
1.8048248
1.8167076
1.8081552
1.8236227
1.8099688
1.8098847
1.8088127
1.8033452
1.809953
1.8193828
1.8013699
1.804899
1.8056442
1.8072011
1.7881901
1.7821971
1.8007075
1.7933292
1.8101051
1.8095154
1.8261371
1.786507
1.8162651
1.8053981
1.8012891
1.8312995
1.7863364
1.8003774
1.7920303
1.8249038
1.8036478
1.8025951
1.80042
1.8010497
1.8219329
1.7957458
1.8006185
1.7786876
1.7888323
1.8051912
1.8080257
1.8102027
1.7942636
1.8055187
1.7886876
1.7981435
1.7872714
1.7989031
1.7944402
1.795698
1.7870753
1.7935449
1.7787528
1.7878106
1.7810082
1.782861
1.786708
1.8010092
1.7808175
1.7992392
1.8006881
1.7915541
1.7913768
1.7778956
1.7784114
1.7940658
1.7740194
1.7985071
1.7858669
1.7676325
1.7836235
1.7559742
1.7707007
1.7885454
1.764984
1.7610105
1.7654289
1.7776619
1.7900994
1.7832882
1.7722793
1.7660472
1.7864219
1.771499
1.7779481
1.7800364
1.7605639
1.7766185
1.7602152
1.7410793
1.7587365
1.7647607
1.7625601
1.7641593
1.7488031
1.7553473
1.7634815
1.7513835
1.7308261
1.7441113
1.7517823
1.7418656
1.7559167
1.7440609
1.7502819
1.7472688
1.7552665
1.7652824
1.7449687
1.7449291
1.7529589
1.755098
1.7608557
1.7531071
1.7447275
1.7633716
1.7555375
1.7451203
1.7592293
1.7418854
1.7419454
1.7575439
1.7528046
1.7486885
1.7508397
1.7317034
1.757738
1.747978
1.736217
1.7403291
1.7353492
1.7489904
1.7454317
1.7527883
1.7366521
1.7560855
1.7465768
1.7552199
1.7276094
1.7416368
1.7354279
1.7332659
1.7405993
1.745955
1.7319431
1.7278258
1.74722
1.7417678
1.7350019
1.7390505
1.7302877
1.7347468
1.7393544
1.7306333
1.7544374
1.7286538
1.7139357
1.7271719
1.7268839
1.7198579
1.7129074
1.7107611
1.7131695
1.7195761
1.7088912
1.7267793
1.7096392
1.7168145
1.7054243
1.713104
1.7092485
1.7234924
1.7091477
1.7092578
1.7177533
1.6967162
1.7018908
1.7029971
1.692387
1.6936593
1.7005575
1.699775
1.7023312
1.7018973
1.7228405
1.7021734
1.7015458
1.7078506
1.7046953
1.7103484
1.7054651
1.704958
1.6910803
1.6929396
1.6990016
1.7062815
1.7003105
1.7059823
1.7041858
1.7038116
1.6919857
1.6950595
1.6994046
1.7087647
1.704384
1.689838
1.683236
1.6844095
1.702487
1.6906486
1.7196623
1.6928377
1.6891106
1.6770821
1.6930189
1.6905264
1.6995921
1.7071612
1.6855198
1.6965019
1.6852173
1.685097
1.6912701
1.7041258
1.6944805
1.6992829
1.6851817
1.6854634
1.6776003
1.6814213
1.6838932
1.700413
1.6708077
1.6750618
1.6803244
1.6728812
1.6813667
1.681705
1.674602
1.6767782
1.6699098
1.6645119
1.6612005
1.6543167
1.6629213
1.6640651
1.6532643
1.6519487
1.6623521
1.6631982
1.6670516
1.6617807
1.6773328
1.670914
1.6600032
1.6644655
1.6594638
1.6689633
1.6642783
1.6426566
1.6483506
1.6634457
1.6556556
1.6458976
1.6398388
1.6504111
1.6395121
1.6467983
1.6447854
1.6680734
1.6512612
1.6516826
1.650323
1.6497996
1.6412733
1.6378903
1.6477984
1.6440206
1.6389835
1.636
1.6433793
1.6423335
1.6422458
1.6341347
1.6372985
1.6228518
1.6408951
1.6425723
1.6359956
1.6593586
1.630192
1.6387575
1.6267232
1.623121
1.6339647
1.624847
1.6406068
1.6334617
1.6332319
1.6246047
1.632807
1.6193659
1.6238004
1.6328943
1.6221559
1.6243631
1.6315228
1.6051018
1.627875
1.615494
1.6238352
1.6071736
1.6216675
1.6148187
1.6259685
1.6208552
1.5968935
1.6013033
1.6180215
1.5924455
1.6142441
1.6117206
1.5974889
1.6134537
1.5939939
1.5989602
1.6059506
1.5942428
1.612499
1.5873723
1.5905935
1.5806372
1.5963864
1.5890865
1.5823126
1.5820749
1.5889732
1.6023314
1.592329
1.5898589
1.5837859
1.5910866
1.5593425
1.5891073
1.5820729
1.586093
1.5972522
1.5804893
1.5868539
1.5801175
1.5919127
1.5799993
1.6081086
1.6101623
1.5846395
1.5790545
1.5617142
1.5697584
1.5890628
1.5647986
1.5869714
1.5795065
1.5679783
1.5781447
1.5615988
1.5747191
1.5620534
1.5510956
1.5777664
1.5590912
1.5588497
1.5723952
1.5734978
1.5740812
1.5494039
1.5492935
1.5656514
1.572715
1.5694339
1.5638119
1.5516075
1.5467008
1.5484276
1.5571444
1.5646764
1.5700667
1.561054
1.5623673
1.5637517
1.5656663
1.5336047
1.5660399
1.5528435
1.5575603
1.5513036
1.5478715
1.5632858
1.5408769
1.5482305
1.5539331
1.5484775
1.5449812
1.6145673
1.5611758
1.5472133
1.5396981
1.5339985
1.5534896
1.552511
1.5399938
1.5478837
1.5516156
1.5330868
1.5496019
1.5406667
1.53417
1.5386056
1.5386112
1.5414927
1.5357529
1.53138
1.5474468
1.528991
1.5427604
1.531097
1.5396532
1.5377231
1.5390851
1.5310987
1.5443736
1.5364906
1.5327091
1.5296564
1.5173037
1.528711
1.521225
1.5458009
1.5434898
1.5691434
1.5249281
1.5394914
1.5478916
1.5244137
1.5416383
1.5324531
1.540171
1.519534
1.5465095
1.5311631
1.5246404
1.5450462
1.5196698
1.5280263
1.5432028
1.5147719
1.5364525
1.5236319
1.5205035
1.524473
1.5205559
1.5263813
1.5384867
1.532834
1.5160697
1.5113729
1.5307724
1.5098687
1.5129582
1.5063746
1.5141579
1.5184898
1.5080764
1.5126668
1.5299526
1.5079384
1.5117831
1.510636
1.5159026
1.5097725
1.5268159
1.5002129
1.5046657
1.5093002
1.5156591
1.5030903
1.5200541
1.504193
1.4976903
1.4928858
1.5155039
1.5167644
1.5093075
1.5036981
1.5047876
1.5148185
1.5029906
1.5029455
1.4951159
1.4961705
1.4968034
1.4968793
1.5272113
1.4980752
1.5020471
1.4973189
1.5028001
1.4905343
1.5210546
1.5025648
1.5050778
1.4911996
1.4923502
1.490313
1.4944321
1.4816086
1.4969257
1.4865167
1.5306506
1.4973364
1.4903605
1.4912208
1.4995618
1.4893414
1.4907517
1.4955834
1.4914199
1.4953868
1.4864305
1.4941976
1.4694003
1.4783051
1.4707924
1.4788088
1.4766196
1.4768656
1.4763561
1.4847639
1.4847249
1.4622341
1.4763104
1.4654205
1.4610859
1.4651948
1.4914677
1.4797434
1.4606117
1.4697764
1.4615105
1.4590747
1.4601992
1.4675965
1.4491886
1.452082
1.4599127
1.45877
1.4480351
1.4519851
1.4502527
1.4443147
1.4484912
1.4490377
1.4483315
1.4561583
1.4395552
1.4414942
1.428972
1.4435946
1.4612138
1.4325696
1.4379387
1.4339997
1.4106765
1.42841
1.4328182
1.4282053
1.4361281
1.4319113
1.435666
1.4417608
1.4223216
1.4317583
1.4297268
1.435863
1.4203473
1.4301413
1.4092704
1.4269816
1.4365458
1.4224504
1.4184124
1.4102945
1.4436457
1.425077
1.4131348
1.421808
1.4332656
1.4191585
1.4246093
1.410064
1.4284409
1.4279402
1.4268322
1.4337423
1.4283895
1.44564
1.4212806
1.4175988
1.4308828
1.4274693
1.414361
1.4366746
1.4300628
1.43782
1.4363573
1.4280467
1.4251324
1.4378401
1.4291327
1.4283265
1.434569
1.4344437
1.428977
1.4523274
1.4411108
1.4275742
1.444155
1.4203746
1.4322404
1.4482484
1.4353081
1.424729
1.4544667
1.4325619
1.4313653
1.4483207
1.4396812
1.4373156
1.4238286
1.4255911
1.445942
1.4167795
1.434383
1.420579
1.416662
1.4150007
1.4226685
1.4249898
1.423076
1.4213866
1.4263316
1.4102638
1.4127476
1.4280502
1.420325
1.4063475
1.4118109
1.4048605
1.4185398
1.4143142
1.4069633
1.3961936
1.4200162
1.4128324
1.4294643
1.4090064
1.3917289
1.421555
1.4101379
1.4081815
1.4277549
1.3799698
1.4179069
1.4086558
1.392155
1.3989596
1.3915366
1.4071565
1.3834596
1.419081
1.389741
1.38263
1.3877714
1.3961328
1.3820839
1.3983895
1.3929416
1.3868517
1.3737675
1.3825125
1.3870118
1.3735808
1.4129655
1.3863052
1.3881065
1.3664001
1.382589
1.38651
1.3662813
1.377536
1.3804352
1.370091
1.3906491
1.3713378
1.3758264
1.3720223
1.3674039
1.3731925
1.3718009
1.3755298
1.3715049
1.3697907
1.3813432
1.3779052
1.379654
1.391577
1.3638015
1.3765727
1.3635817
1.3881732
1.3727715
1.391721
1.374863
1.3807391
1.3787535
1.3671628
1.3780587
1.3783785
1.362049
1.3746032
1.3735229
1.347025
1.3609253
1.3675396
1.368731
1.3755593
1.368661
1.3816949
1.3830346
1.3756508
1.3912917
1.3575388
1.3766854
1.3611821
1.3684604
1.368144
1.3687171
1.3555638
1.3629463
1.3663902
1.3450283
1.3646585
1.3492987
1.3565764
1.3554072
1.357176
1.368925
1.3560369
1.3727372
1.3537472
1.3601576
1.3551021
1.3338608
1.3550518
1.3469399
1.3511089
1.351861
1.3503528
1.3574116
1.359486
1.3484391
1.3525699
1.3540962
1.3570399
1.3598956
1.3633593
1.3511142
1.3535526
1.3547913
1.3509481
1.3475572
1.3491843
1.3568244
1.3525863
1.3644783
1.3592099
1.3533739
1.3532262
1.3645179
1.3493387
1.3336242
1.3356407
1.3491045
1.3497266
1.3486428
1.3408735
1.3414892
1.3442328
1.3426142
1.3402375
1.3440593
1.3638093
1.3438088
1.3324268
1.3357422
1.3339219
1.3172628
1.338677
1.3279583
1.3374282
1.3127319
1.326691
1.3219287
1.3339524
1.3249488
1.3408648
1.3309969
1.3198674
1.3516963
1.3864387
1.3324792
1.3122532
1.3158915
1.3341407
1.318967
1.3536114
1.3407241
1.3470587
1.3478944
1.3289224
1.3277378
1.3325893
1.3231566
1.3234472
1.3284831
1.3211167
1.3066939
1.3296561
1.3463627
1.3363913
1.3134875
1.3157139
1.3177252
1.3410354
1.3185855
1.3031363
1.3157792
1.301806
1.3230958
1.3139185
1.3148543
1.3105038
1.2974211
1.331888
1.3058826
1.31337
1.3078988
1.3145975
1.3221062
1.3307874
1.3055519
1.2985736
1.3054745
1.3024472
1.3039938
1.3264109
1.3347405
1.3305895
1.2937692
1.2910366
1.2847894
1.302484
1.3010224
1.3144438
1.2924063
1.3117349
1.3097619
1.3031842
1.2978541
1.3097705
1.3116599
1.3063906
1.307607
1.3039017
1.2985156
1.3073115
1.2871258
1.302864
1.3055376
1.3012111
1.3210163
1.2939198
1.2896069
1.2946634
1.2943718
1.2740782
1.2747681
1.2864572
1.2765298
1.2921621
1.2919288
1.2712398
1.2764642
1.2864258
1.2813692
1.2809544
1.3097707
1.2846464
1.2966802
1.3006634
1.2852333
1.2974328
1.2871403
1.2875261
1.2982241
1.2968055
1.3040059
1.2953364
1.2822261
1.282451
1.279862
1.3044885
1.287905
1.283029
1.285588
1.2912091
1.3639306
1.294697
1.2865361
1.2788314
1.2591496
1.2660621
1.2736872
1.3006294
1.2763414
1.2801236
1.2868632
1.2760713
1.2957263
1.2992454
1.2806852
1.2731848
1.2768705
1.2553905
1.27891
1.2776253
1.2770534
1.2749416
1.2759967
1.287373
1.2815998
1.2700417
1.2775216
1.2685697
1.2564852
1.2900541
1.2962823
1.2723656
1.2705487
1.277934
1.2828597
1.2697828
1.2783566
1.2719566
1.2901217
1.2820654
1.2692412
1.2980036
1.2926813
1.2504746
1.2778935
1.2674361
1.2658116
1.2805543
1.2849602
1.2635335
1.2728252
1.2882254
1.274832
1.26542
1.2476511
1.2750031
1.2606628
1.2694621
1.2692809
1.2693365
1.271401
1.2451278
1.2588496
1.2512629
1.2675588
1.2503233
1.2642791
1.2505351
1.2598671
1.2598515
1.2562511
1.2597282
1.2624127
1.2656089
1.2641999
1.2512711
1.2499825
1.2451689
1.2570825
1.2455614
1.2513504
1.2321063
1.2501189
1.2582337
1.2494506
1.2460761
1.2403518
1.2380368
1.2244258
1.2583617
1.2330035
1.2430251
1.2450033
1.2461187
1.2463211
1.2437668
1.2353708
1.2436343
1.2401508
1.2399707
1.2495009
1.235957
1.2438842
1.254339
1.2380344
1.2377996
1.2613997
1.2633052
1.2300484
1.2409647
1.2482516
1.2441527
1.2447699
1.2428683
1.2545888
1.2538675
1.2194393
1.253714
1.2454075
1.2315309
1.2472311
1.2272846
1.2253305
1.2499676
1.2443831
1.248024
1.2408509
1.2123961
1.2210538
1.2275718
1.244814
1.2369747
1.2307864
1.2256169
1.2278857
1.2371038
1.2493198
1.2160583
1.2318747
1.2150238
1.2168455
1.2158135
1.2204909
1.232313
1.2232479
1.2290753
1.2347934
1.2281456
1.2167193
1.2179799
1.2098843
1.215372
1.2200702
1.2272736
1.2202848
1.206598
1.219092
1.2029952
1.2243425
1.2290982
1.1985117
1.2171696
1.2201191
1.2178608
1.216175
1.2136257
1.1989787
1.2164748
1.202329
1.2007769
1.1905967
1.2112817
1.2093077
1.2147745
1.1968709
1.2096362
1.2033587
1.2242149
1.2054689
1.2164305
1.2289398
1.2191668
1.2208561
1.2066323
1.2039227
1.2104958
1.2024636
1.2010974
1.191932
1.193401
1.1961558
1.2020627
1.1846762
1.1963274
1.1827309
1.2015847
1.1805288
1.187083
1.2049042
1.2064389
1.1953554
1.1898558
1.1929312
1.2049288
1.1938994
1.2002438
1.170831
1.1976067
1.1882453
1.1849282
1.1747819
1.1765562
1.1843499
1.1983744
1.2051002
1.1769639
1.1768247
1.1726973
1.1720096
1.1804883
1.1605241
1.1747099
1.1614119
1.1667268
1.1755242
1.17734
1.149392
1.1534001
1.1506896
1.1761376
1.1499938
1.1416843
1.1390586
1.1490101
1.1507797
1.1596236
1.1657383
1.1583256
1.1503822
1.1538371
1.153084
1.1253419
1.16445
1.1603743
1.1411623
1.1446105
1.1166873
1.1406101
1.1552328
1.1329751
1.134871
1.1341714
1.1416417
1.1298453
1.1367674
1.1370183
1.117478
1.1224525
1.1260222
1.1188397
1.1159236
1.1422775
1.1240417
1.1288605
1.119504
1.1121496
1.1052374
1.1091639
1.1327454
1.1134734
1.1034733
1.1183134
1.1096239
1.1197122
1.1110374
1.1214681
1.1149639
1.095226
1.1032232
1.1121485
1.1064848
1.1150132
1.1256012
1.1046051
1.0917331
1.1069853
1.110771
1.1187562
1.0942451
1.1132967
1.0925897
1.1017838
1.1108626
1.0977974
1.1017587
1.1115465
1.0875651
1.0953809
1.1052818
1.1077222
1.0799363
1.0912918
1.089964
1.1017458
1.1071842
1.112462
1.0936286
1.1076719
1.1024015
1.1193936
1.0990484
1.1019102
1.1092488
1.0893764
1.1000671
1.1044635
1.0826764
1.0972211
1.0959318
1.0810746
1.1095909
1.094711
1.0934931
1.0953354
1.0939245
1.0949565
1.1032871
1.0852112
1.0702298
1.0957235
1.0823143
1.073748
1.0885906
1.0808393
1.0802822
1.087425
1.0677774
1.064518
1.0803676
1.0618033
1.0794858
1.0835416
1.0637469
1.0698018
1.0624355
1.0619434
1.0664302
1.0593479
1.0571945
1.0660493
1.0656036
1.0796621
1.0696695
1.0742499
1.0649117
1.0583689
1.0456326
1.0595872
1.0684656
1.0380783
1.0787102
1.0497094
1.0490115
1.0372949
1.0373406
1.0402385
1.0346956
1.042859
1.0355818
1.0499561
1.0458539
1.0377406
1.0280373
1.0261273
1.0307457
1.0213978
1.0252272
1.0241828
1.0353566
1.037652
1.0444326
1.038376
1.0170466
1.0252508
1.026935
1.0227276
1.0226977
1.0187982
1.0266742
1.0338122
1.0133699
1.0135769
1.0198746
1.0203389
1.0241464
1.013181
0.9997348
1.0276828
1.0042572
1.0095739
1.0244321
1.0117038
1.0191739
1.01979
1.0204699
1.0096544
0.9976348
1.0022862
1.0188323
1.0168685
0.9925963
1.0153753
1.0191325
1.008089
1.0188513
1.0021349
0.999823
1.0120878
1.0115651
0.9954312
1.0036681
0.9886282
0.99301916
0.9959273
1.0047828
0.997177
0.99724644
0.997318
1.0009106
1.014535
1.0030693
1.0040306
0.98775786
0.99076897
0.9872177
0.9885054
0.99150234
0.9934591
1.0053833
1.0157812
0.9987555
0.99039245
1.0078511
0.99337673
1.0139078
0.9842687
1.0075876
0.99581623
0.9855814
0.9867674
0.9970782
1.0011457
0.9898931
0.98691404
1.0090207
1.0070174
1.0072443
0.99281234
1.0011914
0.99737245
1.0035491
0.9947387
1.0041354
1.0036006
0.99060625
0.99183
0.99633306
0.9880171
0.9819398
0.9899814
1.0022562
1.0001457
0.9984617
0.99998367
1.0033692
0.9819064
0.98703194
0.97137
0.9808801
0.9690658
0.9675455
0.9827746
0.99262077
0.99688894
0.98073226
0.9813739
1.0021988
0.99417543
0.97001517
0.9861676
0.97889495
0.9755301
0.975179
0.98796606
0.95957005
0.9870255
0.9812278
0.97796285
0.97016025
0.9751798
0.96052253
0.9821617
0.9754689
0.98965967
0.97481954
0.9748074
0.9662687
0.97313637
0.96820074
0.9917268
0.9795298
0.99517184
0.98965144
0.97335935
0.9870161
0.9603044
0.982838
0.9716102
0.98587745
0.9749749
0.97005993
0.9730852
0.95774806
1.0065299
0.9660428
0.9652568
0.97463083
0.97370344
0.97604835
0.98992014
0.97195184
0.977095
0.98639643
0.98561496
0.95568746
0.98359483
0.95968026
0.98992664
0.988201
0.9894156
0.9686719
0.98399276
0.9885932
0.9787174
0.97236747
0.9810369
0.96832037
0.9773011
0.97477067
0.9826755
0.9771084
0.9952948
0.9816147
0.95991206
0.97535825
0.996816
0.9692405
1.0129348
0.9875941
0.96160275
0.9826217
0.9637726
0.9769433
0.9640777
0.9777142
0.9610095
0.95904464
0.948711
0.97220683
0.9792075
0.9448463
0.9572313
0.96893847
0.95492095
0.94776464
0.95992595
0.9600188
0.95703113
0.9557665
0.9571322
0.9347249
0.94996774
0.944036
0.9489935
0.96775705
0.9373056
0.95846117
0.94394845
0.9479196
0.95204294
0.9396994
0.93495345
0.95975745
0.9597564
0.9664577
0.96969336
0.9489549
0.9520115
0.9800965
0.95707405
0.955994
0.9385203
0.9513286
0.95846146
0.97210747
0.9556389
0.95231396
0.94360274
0.95757043
0.9631064
0.9491932
0.95026904
0.93208677
0.938711
0.9520244
0.9621524
0.95809215
0.95884573
0.94796807
0.9601247
0.94013226
0.953328
0.94718426
0.9378109
0.92191803
0.9353411
0.9468644
0.92227834
0.9695372
0.9458456
0.9475054
0.94625247
0.9384724
0.93849236
0.9330805
0.9552686
0.9337578
0.93909913
0.93275183
0.9294488
0.9454568
0.93614525
0.926762
0.934637
0.9277522
0.91710246
0.9447159
0.95248014
0.92802197
0.9373717
0.94712347
0.9207671
0.94500786
0.934432
0.9251037
0.93232346
0.9520896
0.9400087
0.9351267
0.93061465
0.9232839
0.9201529
0.9238611
0.89608586
0.9183152
0.91951793
0.9164776
0.9155808
0.94234097
0.9148618
0.918096
0.90710825
0.912954
0.91075444
0.9064195
0.90999997
0.92980534
0.92153674
0.9174023
0.9234987
0.8946449
0.90340066
0.90188617
0.9119437
0.90476143
0.91548854
0.9045747
0.9314808
0.91639435
0.9116602
0.9173608
0.89981544
0.9186378
0.9024099
0.9280973
0.9013064
0.900858
0.8913784
0.9027932
0.9225322
0.89266765
0.90029943
0.914492
0.9198301
0.8942517
0.89409536
0.91045904
0.8993789
0.9045237
0.89788944
0.89289534
0.90377164
0.9042845
0.90387607
0.91129893
0.9152495
0.9099494
0.92407656
0.9066646
0.9201208
0.8987134
0.8922453
0.8990472
0.906857
0.9012287
0.9174109
0.90972453
0.90123785
0.89343256
0.8827676
0.8975419
0.9090104
0.8761251
0.9066971
0.8848031
0.889809
0.91608715
0.9054794
0.8755364
0.88228273
0.8814453
0.88927996
0.90099806
0.89149344
0.88523674
0.8908257
0.89577425
0.9071183
0.8850234
0.87939245
0.8938765
0.8916636
0.89635134
0.89044654
0.9039023
0.88821274
0.8948198
0.89198965
0.8963841
0.8900075
0.8839007
0.89825654
0.8822435
0.8931951
0.8791343
0.87692875
0.8909073
0.9068931
0.89646596
0.8846762
0.89002776
0.8712853
0.87956566
0.8804623
0.88701653
0.88463897
0.8740852
0.8938609
0.8797728
0.87534434
0.8912022
0.89494413
0.89365304
0.8929019
0.87996894
0.9060679
0.90104854
0.87523705
0.8935163
0.88068527
0.90073985
0.8820106
0.88343585
0.8894154
0.8779242
0.8742505
0.8672435
0.87116766
0.8805318
0.85716736
0.88360596
0.88368106
0.8756282
0.87977254
0.87955207
0.8678026
0.85543007
0.8646562
0.86698294
0.88229483
0.8797142
0.88792056
0.86336625
0.8668971
0.8999171
0.8860491
0.869193
0.87147826
0.872955
0.8718307
0.89091146
0.87687033
0.8690334
0.8795893
0.8743544
0.87311214
0.8910383
0.87767
0.8655166
0.8766617
0.8539175
0.8730451
0.88322777
0.8632677
0.87297076
0.89137447
0.8652561
0.8782782
0.87169325
0.8925139
0.87858343
0.8769113
0.8931287
0.86068594
0.8720227
0.89928913
0.8714216
0.8601595
0.8671643
0.8597122
0.864398
0.85952705
0.8641394
0.8552548
0.87523746
0.8669388
0.8508421
0.8411979
0.85607004
0.85943
0.8599717
0.8536946
0.85522425
0.8452214
0.8543458
0.8772516
0.8764673
0.854213
0.8448003
0.8579628
0.8728718
0.862078
0.8384147
0.83840156
0.841829
0.8265173
0.8240507
0.8564308
0.84881884
0.89137113
0.83992475
0.8430224
0.85702443
0.83078504
0.8178035
0.8189543
0.8143796
0.8390935
0.8414628
0.8249809
0.80285877
0.8271956
0.8156505
0.8243861
0.8223162
0.8108947
0.82623297
0.8035446
0.82216156
0.82360095
0.8425501
0.8203857
0.82387507
0.8126241
0.80349636
0.8018369
0.8160512
0.804818
0.82067704
0.8228858
0.7968321
0.7907772
0.8197695
0.80286837
0.78620857
0.80800134
0.8151063
0.79859275
0.80617124
0.8081137
0.7951799
0.81008655
0.8172535
0.8195918
0.82154816
0.79910094
0.80096215
0.81717205
0.8068694
0.78809047
0.80534655
0.79654044
0.8210885
0.7876163
0.7799964
0.79852515
0.7988482
0.7998969
0.78245467
0.8066811
0.7847263
0.77799666
0.8081503
0.79757726
0.79724294
0.7955776
0.7754563
0.7691168
0.7849167
0.77383506
0.7897229
0.79452634
0.78797823
0.81112397
0.76954496
0.8012805
0.76984775
0.77167624
0.7783671
0.8569319
0.7755853
0.79648817
0.7671382
0.7971866
0.7706891
0.77805716
0.782203
0.7704169
0.77684593
0.7691005
0.7785249
0.78477633
0.77870816
0.77022064
0.764699
0.771202
0.76902896
0.78267586
0.77042055
0.79041743
0.7870485
0.77503496
0.76492316
0.7808522
0.79421765
0.77292186
0.746802
0.7681871
0.78240526
0.7681076
0.7688886
0.7728054
0.7566026
0.7759991
0.7473474
0.7782619
0.75791514
0.7498684
0.7858586
0.7807315
0.7713889
0.7720938
0.76257247
0.7685449
0.7708431
0.7843388
0.7739616
0.7786953
0.7644954
0.755831
0.7733003
0.78663695
0.7782646
0.7688388
0.7622279
0.7947684
0.77842665
0.7594295
0.75318897
0.78618675
0.77321553
0.76460916
0.7733105
0.76478
0.7713772
0.7836612
0.7918709
0.7924361
0.7782975
0.79069954
0.76449186
0.75912
0.76885724
0.7853401
0.77274275
0.7537941
0.7635247
0.7796851
0.7649946
0.7505855
0.7568145
0.7634533
0.7746431
0.7478139
0.75728697
0.76604486
0.75772125
0.7726716
0.78079915
0.7343902
0.78093207
0.77683634
0.77911884
0.76022977
0.7619789
0.7693869
0.77924395
0.78022784
0.7815646
0.77416676
0.7622869
0.7509501
0.7553269
0.76284164
0.7514955
0.75357
0.7803844
0.7473909
0.7435535
0.7651023
0.7757104
0.7757063
0.76708883
0.7406215
0.74915856
0.7530483
0.7594572
0.767375
0.7574728
0.75422513
0.7634599
0.75497174
0.745572
0.755691
0.7401167
0.73682326
0.74186283
0.72785133
0.7474625
0.75821453
0.7339114
0.7604131
0.73381066
0.7476283
0.7590569
0.73282266
0.7318106
0.7415764
0.7291508
0.74252886
0.73815566
0.7274782
0.75431794
0.7487177
0.741825
0.7476846
0.74184483
0.75603664
0.7476988
0.7583955
0.74196565
0.74330276
0.7430329
0.7517565
0.7586232
0.74076355
0.75800866
0.74379706
0.7591147
0.73293114
0.744722
0.73424745
0.7262156
0.7458811
0.74981475
0.745998
0.7345788
0.730779
0.7236967
0.7175633
0.73931533
0.7296368
0.72743654
0.7092698
0.7249577
0.7378736
0.7354751
0.7266461
0.7292517
0.70430404
0.72248566
0.7210977
0.7118577
0.7106774
0.7027758
0.7225674
0.72668016
0.7229293
0.7312544
0.7292344
0.7188023
0.7262442
0.7290934
0.7303387
0.7176897
0.7233134
0.7274719
0.7193943
0.74137366
0.7311225
0.7290259
0.71407473
0.80420935
0.72445923
0.7183392
0.7262334
0.73811436
0.7229214
0.7336481
0.71107066
0.7276882
0.72933173
0.7081714
0.71996665
0.72924167
0.7091923
0.73048633
0.7307128
0.7179189
0.7168581
0.72571576
0.72297245
0.72344494
0.7130942
0.70888674
0.72093016
0.7318595
0.7420372
0.7248391
0.73848987
0.74602234
0.7190978
0.74196756
0.7332737
0.73799956
0.7279462
0.7395368
0.7492593
0.7367305
0.7595199
0.7491846
0.75107396
0.731161
0.7472742
0.77987343
0.7392348
0.7264011
0.7363237
0.7160575
0.71102095
0.73549676
0.86512715
0.7377899
0.72439593
0.72745013
0.7451658
0.73635805
0.7285135
0.702365
0.7163052
0.7163142
0.74582785
0.7446637
0.71212184
0.72954625
0.7315251
0.7266226
0.72774184
0.71997446
0.70136356
0.7127975
0.7160906
0.7230837
0.7377916
0.7399822
0.7143804
0.7409222
0.71536875
0.7133369
0.7165642
0.6983307
0.71956587
0.7251527
0.7100669
0.71433324
0.7068152
0.7342018
0.70974815
0.71749943
0.7074565
0.71687406
0.72464263
0.71395296
0.72886485
0.73519456
0.7462729
0.72556895
0.7156576
0.8266999
0.73374027
0.7335666
0.7314171
0.72496945
0.73979366
0.7349345
0.717593
0.7487384
0.70987964
0.7170751
0.7207071
0.7376831
0.7193314
0.72026026
0.7510225
0.7230681
0.73097664
0.725512
0.74259025
0.75651467
0.7512176
0.747165
0.7410389
0.7483779
0.7197817
0.73557466
0.7404904
0.73070645
0.7525033
0.74965197
0.73620945
0.73936665
0.72602195
0.7512715
0.7318635
0.73208296
0.7474433
0.7483844
0.7334272
0.76355165
0.7289476
0.72815067
0.71297306
0.74182916
0.7335483
0.73643965
0.7087572
0.7131118
0.7196374
0.73020416
0.7275624
0.7230389
0.74561787
0.7314011
0.7410444
0.73659056
0.7516186
0.7423613
0.71266264
0.7431571
0.72078615
0.7666507
0.73079956
0.7477636
0.7425896
0.72687507
0.7216537
0.72862506
0.7129568
0.69884866
0.7131155
0.69959635
0.7126275
0.72873324
0.6948642
0.7296705
0.7403186
0.7061926
0.7208898
0.7084216
0.70821685
0.7037367
0.7148408
0.7013177
0.7184977
0.6844614
0.7034278
0.69710004
0.72769976
0.71128505
0.71689296
0.7095385
0.71085405
0.7104899
0.7258122
0.73124146
0.7167974
0.7114264
0.71095836
0.70188504
0.7049171
0.709059
0.7163585
0.6901387
0.7007644
0.7142576
0.70195735
0.6959059
0.70287865
0.6983155
0.7205289
0.6951368
0.6898363
0.6982523
0.69353384
0.71161425
0.69279164
0.71370274
0.72448117
0.7159227
0.68891233
0.6927761
0.6854294
0.69111234
0.6997411
0.6971623
0.6824805
0.68056583
0.69941986
0.6825944
0.68562216
0.69224113
0.6836567
0.6804217
0.7068001
0.6935122
0.69973713
0.6800606
0.6993105
0.688534
0.69527376
0.70114696
0.71313053
0.68517774
0.680447
0.6968786
0.6984779
0.70176816
0.677868
0.6899399
0.69742185
0.69336325
0.6916823
0.68874055
0.69734126
0.68732995
0.6836866
0.68125874
0.6878321
0.6959171
0.679978
0.678637
0.68116933
0.6685996
0.68500686
0.6903796
0.675482
0.7162988
0.67775697
0.67897516
0.6872703
0.67045236
0.6860568
0.67653704
0.66434747
0.6839481
0.6629364
0.6895764
0.67184
0.6899413
0.66225296
0.666988
0.662517
0.67926943
0.6763351
0.6487501
0.6531905
0.64642864
0.67599714
0.67568237
0.6628776
0.66218156
0.67030793
0.68402857
0.6656088
0.66807455
0.6546871
0.6507015
0.6553564
0.6736998
0.6668804
0.67187303
0.6537097
0.6558394
0.67945004
0.65710664
0.6759234
0.66650397
0.66364914
0.6641626
0.6586935
0.6693133
0.66637
0.66749305
0.6705196
0.6866233
0.68590677
0.69495773
0.6831599
0.6558404
0.6522351
0.6532779
0.6453836
0.67539966
0.6407438
0.672677
0.6688456
0.6728116
0.6751303
0.6793511
0.6839302
0.6740878
0.6615873
0.6815489
0.69807476
0.66499704
0.64332235
0.65713733
0.67972714
0.6544105
0.65991783
0.7122441
0.6638112
0.6499268
0.6647274
0.67946804
0.6750023
0.64226127
0.674319
0.6427317
0.6583511
0.6921516
0.6489408
0.6576739
0.6643935
0.6562233
0.66505635
0.6612378
0.6822993
0.6662853
0.6624164
0.658277
0.6436267
0.63807017
0.6466759
0.6761536
0.6630848
0.6509149
0.6432537
0.62928075
0.6560312
0.6272256
0.6469229
0.6376365
0.670985
0.6385799
0.6400531
0.6388776
0.64456
0.62315995
0.64102083
0.65560985
0.62743014
0.62858874
0.6086321
0.63755476
0.65227515
0.63034767
0.62958354
0.617509
0.6375874
0.6369421
0.6447641
0.6241572
0.63302696
0.63597584
0.6678323
0.65718716
0.6250986
0.6533524
0.636934
0.6386404
0.6351879
0.6284978
0.6363594
0.64108634
0.6293301
0.6296258
0.64173865
0.6472986
0.62906486
0.6485451
0.6363852
0.6330388
0.6303262
0.64076906
0.6763948
0.64138246
0.6683982
0.6353737
0.6213569
0.63074017
0.6313149
0.6362301
0.6474778
0.63321257
0.6395379
0.6190703
0.63063794
0.6175768
0.62971157
0.59555143
0.6416307
0.62144214
0.62653315
0.620609
0.6412393
0.5999099
0.6252069
0.60543984
0.6221126
0.6138596
0.64069927
0.59808445
0.62214315
0.61736465
0.64208823
0.62324065
0.63511646
0.611832
0.60607153
0.632635
0.6372431
0.6258087
0.6248248
0.6239336
0.59735215
0.62427515
0.61810654
0.6204292
0.5979009
0.61668867
0.5955445
0.60667163
0.6363116
0.6025739
0.6193125
0.6290133
0.6111134
0.6059584
0.6043799
0.6204327
0.61925787
0.6150262
0.60881746
0.59344476
0.60964036
0.60300934
0.6278194
0.61694175
0.62107176
0.61958605
0.61328506
0.6278054
0.6098134
0.6435953
0.63202834
0.6509138
0.60704404
0.6270377
0.620679
0.6405363
0.64898133
0.63614005
0.608159
0.60670334
0.6243737
0.6324584
0.6325301
0.63517
0.6417123
0.6336115
0.6419892
0.64166224
0.614057
0.67240536
0.66553724
0.61715543
0.6403254
0.64175683
0.65836436
0.6430275
0.6518059
0.63793385
0.6387914
0.6618708
0.6323599
0.64154994
0.631155
0.6313197
0.6564551
0.6510202
0.6291237
0.6326946
0.6253099
0.6591627
0.6316132
0.6248083
0.62635356
0.63990533
0.62184393
0.62315667
0.6321649
0.63818526
0.63712966
0.6446254
0.6350179
0.6503503
0.63989913
0.6274076
0.6153899
0.6398412
0.6147536
0.6360941
0.6125914
0.6254519
0.6194459
0.622723
0.65037596
0.6216543
0.627412
0.6198063
0.63905466
0.65919864
0.6352798
0.6117591
0.6500056
0.6196425
0.63033056
0.6409238
0.6471018
0.6386734
0.62514126
0.6204166
0.6221393
0.6148337
0.6271273
0.64336807
0.6134586
0.61806756
0.6193832
0.6057814
0.6218736
0.6397147
0.6400158
0.62519234
0.6049445
0.6033098
0.62115675
0.63057077
0.60989493
0.64522934
0.6111619
0.6230961
0.61596173
0.6320372
0.6037424
0.63790244
0.62874436
0.6126694
0.628563
0.6341858
0.6295724
0.61872303
0.61543995
0.5997767
0.62871146
0.63083625
0.64310205
0.6183114
0.6073994
0.60540825
0.6069564
0.64484024
0.65289235
0.6156878
0.60534924
0.6081454
0.6341854
0.6060118
0.6030158
0.61082184
0.6206834
0.6012224
0.6064314
0.6399302
0.59734356
0.6167186
0.6306756
0.6234809
0.6306861
0.61808145
0.61898005
0.6119708
0.6296147
0.62750906
0.7090063
0.633374
0.6304072
0.6207444
0.63767475
0.60866696
0.63268405
0.6133932
0.63681513
0.6361467
0.6204662
0.62300104
0.6180356
0.6249575
0.6281065
0.6368054
0.6211845
0.63407457
0.61429995
0.6232768
0.6391595
0.62191516
0.63184506
0.6348991
0.6052051
0.6387865
0.6315497
0.6305452
0.62875926
0.6140416
0.62193704
0.62234753
0.628166
0.60524094
0.6198271
0.5948665
0.64490604
0.6001124
0.6321236
0.63055384
0.62403935
0.6129956
0.60939133
0.62944156
0.5900658
0.6045594
0.6169418
0.6382191
0.61710006
0.6231089
0.6043146
0.61295044
0.6026972
0.60937077
0.61077636
0.59572583
0.62548554
0.59294844
0.6041843
0.6265699
0.59985065
0.577124
0.6310302
0.61050063
0.58054495
0.5866767
0.6025696
0.5956154
0.6232309
0.6041621
0.59239864
0.60233355
0.614482
0.59721196
0.61724013
0.59876895
0.5689759
0.61890876
0.61126643
0.58855647
0.60854584
0.62565625
0.60513896
0.5812446
0.5869987
0.58110875
0.6243881
0.603147
0.60582376
0.5959825
0.58532447
0.6160393
0.57412714
0.61457604
0.590025
0.6125485
0.60221785
0.6138555
0.6273984
0.5890565
0.6184984
0.63572097
0.62550133
0.61521804
0.6157266
0.6004266
0.58327836
0.6391463
0.6141579
0.61283284
0.62627184
0.5962671
0.591219
0.58954453
0.6540035
0.6159396
0.59562343
0.6003231
0.61790395
0.61467415
0.6180685
0.61257976
0.5968989
0.6216922
0.64234287
0.6046916
0.583861
0.6123641
0.60428363
0.60939497
0.6103228
0.5916544
0.6075242
0.61753964
0.5817999
0.56673384
0.6057563
0.61486596
0.61957127
0.5853058
0.61758536
0.6085238
0.61591035
0.60620093
0.6060845
0.6126069
0.58746463
0.56780195
0.6139798
0.60086346
0.60540414
0.6035432
0.5926382
0.5824692
0.61746943
0.5873645
0.5635734
0.6110156
0.60180867
0.57856256
0.5759803
0.57717955
0.5940959
0.5733178
0.5701341
0.59611475
0.58257794
0.56253445
0.57914853
0.5659033
0.5694335
0.5611399
0.56618494
0.56992054
0.569683
0.5631009
0.5746445
0.5906459
0.5733209
0.5649912
0.55208874
0.55904454
0.57561743
0.55994636
0.5830614
0.5529615
0.55488133
0.54997
0.5608635
0.5674919
0.57258064
0.57691646
0.57296664
0.5624365
0.5561156
0.5645553
0.57532865
0.5724128
0.586461
0.5833281
0.555749
0.56031233
0.58713007
0.5531173
0.546215
0.57061577
0.55430126
0.55313355
0.5390236
0.5563476
0.5587783
0.5775552
0.56087565
0.5520668
0.5924275
0.57193017
0.5526301
0.5596132
0.6935963
0.5609047
0.5783354
0.5490075
0.5856627
0.5637793
0.5454461
0.5678037
0.5720801
0.55823594
0.55081296
0.5750442
0.72799397
0.56869197
0.5432639
0.54549026
0.551744
0.5815962
0.54727775
0.55978304
0.5494966
0.54472494
0.56641656
0.54462224
0.573869
0.5430611
0.5627971
0.5625947
0.5537004
0.5664044
0.5524172
0.558986
0.56455797
0.54544723
0.5693861
0.5568166
0.54097295
0.54886484
0.54697466
0.5386366
0.5589236
0.56058365
0.56834596
0.55005425
0.5637678
0.5550097
0.5296821
0.55658746
0.5533355
0.5491994
0.5663736
0.55780405
0.5362793
0.5511961
0.55535144
0.5537647
0.5534009
0.54609805
0.56752723
0.5343632
0.56241196
0.5381668
0.5290953
0.5471878
0.53623486
0.5536861
0.5518908
0.53928995
0.530484
0.5596139
0.5570607
0.5593695
0.53504133
0.5558107
0.6010365
0.5432386
0.5400998
0.54775167
0.5417197
0.53316873
0.5604899
0.53631854
0.5330356
0.56180423
0.5590252
0.5396886
0.54840183
0.57125163
0.55926853
0.54648477
0.551237
0.52675194
0.53623116
0.5471879
0.53470945
0.52668667
0.56820506
0.547182
0.5492325
0.54570466
0.5700783
0.5409267
0.6172106
0.55764365
0.5613435
0.59475195
0.532224
0.5624594
0.5549316
0.56213677
0.5407138
0.5332969
0.5472189
0.5567893
0.560871
0.55823654
0.520727
0.5379246
0.5491482
0.53722167
0.52825654
0.5279825
0.5510311
0.53683513
0.54282963
0.54963326
0.5224868
0.568849
0.53247774
0.53956616
0.54469055
0.5378025
0.5568645
0.5555685
0.53524977
0.53517056
0.55783606
0.5250492
0.5123741
0.53487045
0.5278132
0.54163134
0.54055554
0.52925307
0.5443368
0.5335339
0.5440633
0.5593514
0.51513207
0.534918
0.54755104
0.5230292
0.54110914
0.58497965
0.5219559
0.5559253
0.5254744
0.5584804
0.5614512
0.56751984
0.53431326
0.55438966
0.54609346
0.561928
0.56165034
0.54548055
0.52900743
0.54566246
0.5418711
0.5704775
0.5267394
0.5443726
0.5536949
0.5403509
0.55172515
0.56177926
0.5079812
0.56075835
0.52372515
0.51943374
0.5471804
0.53887475
0.54139006
0.5462098
0.5521283
0.5273659
0.5551305
0.5277547
0.51053077
0.53348124
0.52845556
0.5485044
0.54384935
0.5457133
0.5433754
0.50949824
0.5616863
0.53796405
0.5499841
0.5251191
0.5664885
0.51388633
0.5208257
0.53067565
0.53379697
0.5386022
0.5226699
0.55004245
0.51263845
0.55526483
0.5413209
0.55880904
0.5430188
0.55276406
0.53507406
0.5304548
0.53749776
0.5313684
0.53146654
0.5128736
0.5341494
0.5278637
0.5303903
0.53652203
0.5301285
0.5450533
0.53118527
0.5330741
0.51230395
0.54288363
0.5465211
0.5359185
0.5365875
0.5301385
0.5490719
0.5502212
0.544971
0.51276857
0.5499088
0.53817403
0.5355949
0.5287899
0.538803
0.5290864
0.5420715
0.5531571
0.5584747
0.51855016
0.5734984
0.5197977
0.537635
0.6198949
0.5854892
0.51167613
0.5259874
0.5244561
0.5152503
0.52169394
0.5029374
0.5157305
0.54947525
0.5281601
0.51628387
0.51600504
0.52840286
0.50449824
0.5158311
0.53924066
0.51763505
0.54361296
0.54862726
0.5290813
0.51795727
0.53591764
0.53749233
0.5565193
0.5798268
0.53757805
0.5208651
0.5307568
0.5211132
0.54669344
0.52917486
0.55144125
0.53238183
0.53990006
0.55359924
0.5693117
0.54328823
0.5214072
0.5389678
0.55800825
0.60181475
0.5698909
0.54287046
0.5289795
0.52878445
0.5315283
0.5423079
0.5410964
0.52812636
0.5370906
0.5419947
0.5266034
0.5656379
0.52895784
0.5229904
0.5451257
0.53115296
0.5322883
0.5632439
0.5053368
0.5093237
0.5659155
0.5806819
0.5220957
0.5223972
0.56684226
0.55340356
0.54061973
0.54137254
0.5525435
0.588316
0.5227347
0.5724863
0.54580027
0.5452782
0.5498843
0.5362036
0.569831
0.59096247
0.5507029
0.5282434
0.5574923
0.53142387
0.5218111
0.5294677
0.53096926
0.55891335
0.54580116
0.5386562
0.5981616
0.5552809
0.594748
0.5590992
0.5341731
0.5384157
0.55525637
0.5640501
0.5438016
0.5190359
0.52958983
0.5377397
0.5256333
0.5297354
0.5037856
0.5418806
0.50242436
0.5298189
0.54170454
0.5274948
0.50429636
0.52306116
0.51114553
0.52056104
0.511272
0.52785915
0.5333535
0.5188652
0.52260536
0.5115789
0.501936
0.5424445
0.53030914
0.5309788
0.5054887
0.53659374
0.5139848
0.52208596
0.5038153
0.5237269
0.51141995
0.5005011
0.4915742
0.50822014
0.526452
0.49212584
0.5128684
0.48664674
0.5355227
0.5320792
0.50833553
0.5212835
0.53954625
0.51506025
0.51797
0.561357
0.58174074
0.5356007
0.551764
0.5201685
0.50215006
0.5230841
0.566681
0.5456129
0.51687956
0.5122366
0.53233254
0.49048576
0.52469957
0.58889514
0.5759701
0.50558585
0.52652997
0.5487441
0.53403264
0.53868854
0.5133536
0.55293816
0.51453876
0.5721606
0.5313008
0.5407864
0.512006
0.507183
0.521713
0.53046036
0.49560285
0.5259027
0.5247876
0.5259669
0.55508333
0.50719994
0.52311015
0.53755736
0.51066786
0.50821894
0.5154407
0.5378503
0.5475415
0.5524765
0.51413286
0.51499325
0.52395195
0.5103727
0.537032
0.51129663
0.5352758
0.49891484
0.55653775
0.52602893
0.522055
0.5013827
0.5143393
0.5152245
0.5225575
0.52486956
0.5265646
0.5141542
0.53405035
0.5215887
0.5205601
0.53178215
0.54020965
0.52818924
0.5280021
0.5237646
0.59052217
0.53323007
0.51990336
0.49035665
0.5336138
0.51572037
0.50161415
0.5407521
0.5265209
0.52748895
0.5290081
0.5333229
0.49194413
0.5389882
0.5297702
0.5190482
0.5138473
0.525882
0.56155396
0.5002155
0.5167185
0.5203824
0.51315016
0.5053573
0.51707375
0.50916106
0.49594194
0.55236834
0.4852335
0.4919436
0.503414
0.48161906
0.4864023
0.5035869
0.51735723
0.5039987
0.51014817
0.49519506
0.47870857
0.4817326
0.4884023
0.48937806
0.4603982
0.4854
0.5053471
0.5137511
0.487181
0.47529274
0.47813922
0.5055105
0.49754876
0.49891648
0.46418753
0.47332075
0.49908093
0.5090451
0.44896322
0.46252003
0.4786383
0.46971387
0.4850234
0.47897092
0.4676956
0.45225814
0.46123686
0.4566993
0.48646995
0.43965736
0.43322858
0.46829408
0.480479
0.5200981
0.43577805
0.46456316
0.40662384
0.42519638
0.44986153
0.43179214
0.45198888
0.4932381
0.48241392
0.4398917
0.42880997
0.46916538
0.44620216
0.4428252
0.4820866
0.4514777
0.45556632
0.40345296
0.44998255
0.43492815
0.40655634
0.42422658
0.42238662
0.4571936
0.41169327
0.49834427
0.43248695
0.42903912
0.44034806
0.45553452
0.42236757
0.4262453
0.4296323
0.41471487
0.42486116
0.46310657
0.4250469
0.4212613
0.4500897
0.44553557
0.4723785
0.42240077
0.45108446
0.44297627
0.43037245
0.45916012
0.4313827
0.42929438
0.43730634
0.40701756
0.42537504
0.42087927
0.43456215
0.44450086
0.41964665
0.42708045
0.41825262
0.41677517
0.44555774
0.4213842
0.41089854
0.43787134
0.42969528
0.400067
0.4126238
0.43370646
0.4583864
0.42346588
0.44029152
0.44142216
0.44757748
0.43137854
0.43815786
0.42077568
0.4178534
0.4248552
0.4273934
0.44103694
0.41496646
0.40129653
0.4158289
0.44751018
0.4624608
0.39805514
0.45187435
0.49078137
0.4160219
0.4576721
0.4433155
0.40214646
0.45160186
0.40543962
0.41338035
0.41563588
0.4071836
0.41536728
0.4368595
0.42879993
0.4200354
0.4157322
0.40786585
0.41120157
0.41470402
0.43485516
0.50703764
0.47537333
0.4113067
0.44547465
0.4090974
0.41812092
0.42465565
0.41364706
0.41349617
0.44652843
0.43595913
0.40226886
0.4138913
0.4037194
0.40054634
0.4365221
0.40014598
0.43315032
0.4498999
0.401905
0.39751977
0.39252505
0.42306256
0.41933686
0.38497806
0.40897915
0.43421254
0.44343147
0.40932
0.39315182
0.42894572
0.41813073
0.4658228
0.38900703
0.44837022
0.4227455
0.40894213
0.42730865
0.4052021
0.4192824
0.40455973
0.4143869
0.43940592
0.41630277
0.43763933
0.3865372
0.41292718
0.41635102
0.41867954
0.40254375
0.41661865
0.41247565
0.4163359
0.39397538
0.42298242
0.40171766
0.44443485
0.4846271
0.430313
0.39598203
0.41306156
0.42828122
0.40261862
0.3770816
0.4424762
0.4344007
0.40731254
0.45951405
0.3840122
0.38909277
0.41253328
0.42520118
0.4251088
0.42294648
0.4103608
0.4151194
0.40494892
0.3931449
0.42169693
0.3948036
0.39967388
0.4441164
0.40448046
0.40172702
0.37355977
0.39408037
0.40393648
0.37320083
0.39331284
0.41748694
0.42487347
0.38591522
0.4106779
0.4473714
0.40538037
0.39083534
0.38741696
0.3911587
0.39105284
0.4319028
0.40365875
0.39028946
0.38855428
0.3897461
0.42885914
0.42725205
0.4008827
0.41722986
0.40743986
0.4187708
0.43707043
0.43948457
0.4158009
0.37705895
0.39144292
0.39705038
0.43721288
0.39595965
0.39699945
0.4410564
0.37643045
0.45340976
0.38764343
0.39523938
0.4485658
0.41421548
0.41164255
0.41577584
0.41506824
0.39696762
0.4496846
0.42561862
0.38898313
0.43559456
0.4084212
0.42620027
0.4560719
0.37642366
0.3810743
0.38334993
0.38161606
0.38911557
0.36558676
0.36917332
0.44011304
0.40502632
0.37973967
0.36678883
0.43108386
0.388339
0.4018418
0.39972836
0.41138372
0.3848229
0.36038634
0.39361358
0.39989194
0.4215429
0.39871365
0.407066
0.38084686
0.39914766
0.38655487
0.38347894
0.38900316
0.37927878
0.39642543
0.42823496
0.3906221
0.43684438
0.38535962
0.38982204
0.37267068
0.3854782
0.38204214
0.4082378
0.4094096
0.3939802
0.39220712
0.40229574
0.4439277
0.41381174
0.37065533
0.4194246
0.4014314
0.3876038
0.39529827
0.4009213
0.38971472
0.37582284
0.36207396
0.3775111
0.40023783
0.35137063
0.39134756
0.36581704
0.41235456
0.39036673
0.3891845
0.3576412
0.41562673
0.39303723
0.36864415
0.39147818
0.3655829
0.36185047
0.38060197
0.33223635
0.43543014
0.3954592
0.37657875
0.36347345
0.3173961
0.3869705
0.42917687
0.3913893
0.40397647
0.3902307
0.4384413
0.37767854
0.37395525
0.41019475
0.37736493
0.33753458
0.45130473
0.35055286
0.37031865
0.40670064
0.38695645
0.3854428
0.4174662
0.40022805
0.3740145
0.39165953
0.41904876
0.38792846
0.36513108
0.36100107
0.46669194
0.3974592
0.39187446
0.34470102
0.39667612
0.37341708
0.41277447
0.36003557
0.37958506
0.3560333
0.3922382
0.40607405
0.38466895
0.41641143
0.42185432
0.3808741
0.39734766
0.3834383
0.3993152
0.38578966
0.38419968
0.4193511
0.40439802
0.36944664
0.40659115
0.3643136
0.3735122
0.39100036
0.39850134
0.3802128
0.43170834
0.40510184
0.38025355
0.41386947
0.3849664
0.41455406
0.39821056
0.41783062
0.48444843
0.3866331
0.37481728
0.43264896
0.364428
0.39983138
0.39883044
0.41395238
0.39249521
0.36954412
0.40628237
0.42208186
0.43813598
0.37930223
0.4032253
0.40793818
0.40977812
0.37613356
0.39443922
0.35361975
0.39997908
0.40417945
0.4389266
0.3814621
0.39804497
0.38289478
0.3850298
0.42368168
0.3965245
0.42331845
0.38276407
0.42870224
0.4501517
0.41515824
0.40715286
0.39755625
0.39281934
0.40147564
0.3566628
0.38838264
0.41747665
0.36901498
0.38591683
0.3834704
0.39122215
0.37521636
0.35095632
0.39906603
0.42555365
0.35115716
0.38119882
0.40757158
0.36750156
0.37944758
0.4034588
0.39359823
0.41708362
0.41361693
0.40234503
0.43185982
0.4098149
0.40143558
0.4029207
0.41074982
0.42313212
0.39336437
0.37251875
0.49242088
0.3772805
0.45084205
0.39560083
0.41741523
0.3719731
0.42040628
0.41064972
0.4209097
0.3686341
0.4192919
0.4053052
0.4111531
0.41312346
0.39341542
0.43278918
0.41290677
0.39594033
0.3787125
0.45868477
0.3780757
0.40647376
0.4286019
0.41467223
0.4034682
0.40455213
0.43055853
0.41794103
0.37351242
0.37694123
0.4028399
0.40012893
0.38560623
0.40470454
0.43416318
0.42271036
0.446822
0.38459244
0.44812515
0.4041942
0.36894256
0.43454036
0.36531276
0.4045363
0.3960443
0.39679512
0.45509288
0.45351684
0.46443084
0.3471604
0.39925027
0.40102077
0.40379024
0.38524115
0.42977268
0.4282653
0.39987582
0.4143175
0.3982579
0.47352275
0.36977366
0.37235126
0.40896162
0.39775726
0.3941289
0.4107328
0.43848968
0.39185303
0.40656558
0.41878393
0.39239588
0.4494121
0.3926209
0.46409455
0.4181378
0.3993755
0.38702786
0.37969932
0.47479987
0.41533566
0.4290768
0.39854237
0.39219984
0.38581213
0.4203221
0.41626063
0.39955035
0.3941741
0.40533698
0.36867806
0.3966113
0.3619185
0.408662
0.39654922
0.43724176
0.4358073
0.38151312
0.42777124
0.39593315
0.37713665
0.40434676
0.38304743
0.4035018
0.38149652
0.38273042
0.33861086
0.37936005
0.3735284
0.3671536
0.41017818
0.4147689
0.40527433
0.39600977
0.36774638
0.37853548
0.39527026
0.35345966
0.39076006
0.3782848
0.42350394
0.3764186
0.4752506
0.3717714
0.44316134
0.42010775
0.40411964
0.40658265
0.37188062
0.41039577
0.40607408
0.34355354
0.39295596
0.39006263
0.34446692
0.39117867
0.38647392
0.42032084
0.44364175
0.38177392
0.42691827
0.34613314
0.39592338
0.36676273
0.37832797
0.36754203
0.3683352
0.3480863
0.35158274
0.3547807
0.36790773
0.36081445
0.36684337
0.37503093
0.36431012
0.46954456
0.3781683
0.38836858
0.3646852
0.36979768
0.45081222
0.399786
0.39438173
0.41352835
0.5562323
0.40623558
0.42847553
0.3887464
0.3630338
0.3724797
0.34944996
0.34547466
0.38196605
0.33830363
0.3480577
0.36761698
0.39062244
0.38821965
0.35489038
0.36650082
0.38703114
0.3660206
0.34428975
0.3695843
0.36666712
0.39175728
0.3312372
0.38674843
0.35208544
0.33851975
0.34378
0.33232215
0.36855182
0.40679303
0.49447814
0.48262575
0.3975182
0.3983939
0.40050367
0.40102747
0.37121448
0.43143255
0.3660733
0.5174578
0.433756
0.3669651
0.40138742
0.37081966
0.44455212
0.37141567
0.4236513
0.3746069
0.37205768
0.34695202
0.38733453
0.3663529
0.34375414
0.37482962
0.37637433
0.39688176
0.3656122
0.39461246
0.4217609
0.39558038
0.35806054
0.3998895
0.3767152
0.38901666
0.4381699
0.41957375
0.3588524
0.4357027
0.4077577
0.3692503
0.42512757
0.367399
0.38959557
0.4339351
0.41708383
0.37609556
0.3938303
0.40305972
0.39688694
0.4810753
0.41496006
0.42836553
0.42962262
0.394877
0.3809676
0.39676347
0.4282338
0.38291898
0.42623493
0.4608206
0.38709322
0.43630284
0.37894976
0.47399628
0.3920035
0.4173063
0.4526328
0.47136018
0.40582564
0.4623088
0.40041384
0.4560104
0.43850076
0.41316184
0.40015048
0.39524832
0.40033248
0.38444906
0.4284587
0.44020125
0.43461317
0.38893178
0.4263715
0.3945077
0.40967178
0.44943422
0.3937127
0.39924687
0.43874985
0.4109662
0.4060689
0.43307596
0.40832052
0.42299202
0.43150717
0.42831776
0.40458107
0.452211
0.40047675
0.38769385
0.39965865
0.4090623
0.43446591
0.41841164
0.4264994
0.4324757
0.40870166
0.41137818
0.44088206
0.41463888
0.40169394
0.4356838
0.4338765
0.40457892
0.41887656
0.4093965
0.39906874
0.39926836
0.41005492
0.39013934
0.40996575
0.46976036
0.4229828
0.410866
0.40148854
0.3909896
0.3825374
0.3771767
0.3824504
0.39715827
0.41530678
0.43123507
0.4152152
0.39376166
0.37615836
0.37665117
0.3692952
0.39356956
0.43535322
0.3968734
0.3750335
0.37162864
0.371346
0.37032354
0.38370958
0.38953462
0.39753422
0.39706367
0.39859778
0.3989004
0.386852
0.38964394
0.38085014
0.38016298
0.38250667
0.38467702
0.37870613
0.4237256
0.5467646
0.4455396
0.3956168
0.38950422
0.3616173
0.35653967
0.3665187
0.3879831
0.39873815
0.38047153
0.3700926
0.3687825
0.3912483
0.4084139
0.40620047
0.3957657
0.386233
0.36876908
0.35941738
0.35111287
0.34544164
0.3499509
0.36692017
0.36746284
0.36140904
0.35248855
0.36376885
0.36707848
0.36559212
0.3595619
0.3546236
0.3444643
0.3530264
0.35997242
0.3737351
0.36885524
0.37542614
0.38030952
0.3713236
0.36351702
0.35487062
0.36006796
0.35203153
0.3632815
0.35410765
0.36174825
0.34270406
0.35293755
0.3462462
0.3466622
0.35691822
0.36034727
0.36429265
0.35292298
0.3421983
0.34130535
0.3299073
0.3314283
0.33587483
0.34655786
0.350348
0.347167
0.34421575
0.34648365
0.36712754
0.3642891
0.37539023
0.35331073
0.36061612
0.35299212
0.35407624
0.36014464
0.36824578
0.36234927
0.3553521
0.34905344
0.3447778
0.33750927
0.3266222
0.3334059
0.35639217
0.36617166
0.38219494
0.3665516
0.35564762
0.34965217
0.33601353
0.35062835
0.34556097
0.36333552
0.3590801
0.345323
0.3513437
0.3475968
0.3518062
0.3303501
0.30647677
0.30719346
0.29814383
0.32467884
0.30594346
0.30559108
0.304139
0.33060637
0.3182631
0.3045936
0.28034666
0.29943803
0.30200306
0.32185918
0.32888323
0.31961122
0.31017905
0.30311954
0.30204928
0.30727878
0.3136307
0.32074827
0.3096147
0.2869856
0.2852743
0.29180413
0.33095738
0.3288476
0.324957
0.30103195
0.30174503
0.31794938
0.31499985
0.3242111
0.33572754
0.33981273
0.3458486
0.3215781
0.3286885
0.30799133
0.3127912
0.30135512
0.3152708
0.32349423
0.33795193
0.3459402
0.3414407
0.34070864
0.35040072
0.34937325
0.33932152
0.32503992
0.32618797
0.34308586
0.34021175
0.34187374
0.33474046
0.33571494
0.3413237
0.34391323
0.35152262
0.34782502
0.35015193
0.34310657
0.34685525
0.34460953
0.35119393
0.34658796
0.33265677
0.3237302
0.3235056
0.34424433
0.34892103
0.3359107
0.31343853
0.313531
0.32617623
0.31508216
0.31969085
0.31747246
0.3504818
0.3503816
0.34951872
0.3358996
0.33612004
0.35136575
0.3441835
0.32003593
0.30664995
0.32726055
0.34419653
0.33821112
0.31963617
0.32726488
0.3412121
0.3568827
0.34829244
0.3533711
0.33891732
0.33722416
0.3224149
0.32430094
0.31996906
0.32701653
0.34406397
0.35768294
0.34466916
0.33746278
0.32679254
0.33618215
0.35415468
0.34854105
0.34425926
0.33323997
0.35252437
0.3514961
0.33558163
0.33788508
0.33298218
0.34058768
0.32195008
0.31242183
0.29631504
0.29010493
0.2995857
0.30896884
0.32469997
0.31376585
0.32577908
0.3263752
0.33337474
0.30146316
0.2880378
0.2776762
0.30142286
0.30403507
0.3198757
0.3286707
0.32461554
0.31790215
0.29141426
0.3054809
0.30582237
0.31723025
0.30232647
0.31148222
0.31372392
0.30893227
0.29632148
0.28839326
0.31149548
0.3054992
0.30245572
0.29586533
0.3148502
0.31965598
0.2879426
0.28902116
0.27989528
0.28948587
0.30646566
0.3135775
0.31598675
0.33013922
0.3046182
0.32914704
0.31704658
0.33773068
0.3017376
0.28943637
0.29928526
0.30325443
0.3149815
0.29350895
0.3054665
0.3077231
0.3207457
0.30823758
0.30767602
0.32353488
0.32363483
0.32057983
0.31456056
0.30761737
0.31237483
0.31319547
0.3035846
0.30255693
0.29163203
0.28338227
0.28588647
0.29320803
0.28880647
0.2982799
0.31228054
0.30154717
0.29111144
0.28931853
0.27825406
0.27710736
0.27904755
0.27475426
0.2856937
0.2903002
0.2839012
0.27119282
0.2690148
0.25744596
0.2597853
0.26695567
0.26569214
0.26835212
0.27405128
0.2761915
0.27598676
0.2808299
0.2798491
0.27823266
0.27021423
0.27425265
0.27633756
0.29303667
0.29599485
0.28779066
0.281137
0.28648296
0.29387304
0.289759
0.3054959
0.33365676
0.32700115
0.31952918
0.33578408
0.30396298
0.292962
0.2962823
0.2789001
0.29046693
0.2890083
0.2811291
0.2808555
0.27588508
0.26750457
0.26563984
0.25868565
0.2656827
0.2991328
0.2971873
0.311663
0.2956228
0.2931056
0.2584362
0.27399495
0.2652569
0.27778858
0.27976358
0.2855568
0.28680924
0.28170595
0.2833466
0.2810088
0.296479
0.27994725
0.28588155
0.29630485
0.2902599
0.26714897
0.26054952
0.2546855
0.24139789
0.23352219
0.2474745
0.2623795
0.273317
0.27582067
0.287425
0.28165382
0.28047416
0.27279693
0.27953961
0.2713203
0.27601224
0.27538398
0.28219268
0.28507456
0.29371253
0.2877225
0.29079545
0.28178886
0.2704473
0.2628655
0.27805346
0.27941218
0.2838207
0.30148914
0.30645475
0.29446024
0.29939774
0.30251917
0.27853996
0.27090082
0.27564538
0.2635536
0.25136018
0.26169062
0.26848197
0.27179375
0.26224333
0.27149916
0.27302232
0.27032706
0.25168127
0.2738452
0.2692746
0.28317478
0.27481967
0.28798285
0.2762552
0.27755395
0.26071927
0.28428876
0.2804473
0.2862644
0.28571942
0.27937993
0.26109874
0.26104835
0.25901
0.26313156
0.26861706
0.27236596
0.27539015
0.27717042
0.2858086
0.29486665
0.29275703
0.289732
0.28841287
0.27223563
0.2560211
0.25043973
0.251679
0.25103435
0.24749021
0.2588524
0.2586164
0.2547532
0.25074536
0.25020394
0.26537454
0.26728055
0.2724273
0.28886703
0.29759076
0.30759597
0.28951168
0.28241408
0.28062874
0.2830958
0.28944644
0.30042973
0.31086162
0.30671465
0.3089239
0.31940475
0.31691402
0.31928945
0.30745775
0.309298
0.3011653
0.28763002
0.2876429
0.2848283
0.2822002
0.28729478
0.28635162
0.28294772
0.2857724
0.28327
0.274812
0.2847714
0.27187884
0.27285573
0.27210012
0.26858327
0.26655647
0.27057743
0.2683038
0.26728016
0.26414418
0.26991227
0.27424553
0.26833093
0.27564055
0.2750217
0.2856537
0.28879735
0.27352524
0.27127692
0.27384418
0.2561932
0.25857627
0.25097668
0.25191838
0.25171348
0.25330725
0.26122928
0.26511714
0.2662091
0.26790622
0.28135142
0.27915958
0.27239203
0.27281415
0.2723322
0.27014112
0.26864827
0.26160648
0.25838012
0.25635344
0.2581333
0.2519115
0.2518787
0.2544341
0.2618565
0.26745108
0.2671557
0.2753709
0.2700156
0.27677175
0.2906712
0.28454882
0.28133515
0.28354275
0.269736
0.25819314
0.25857684
0.25330555
0.24680607
0.2500711
0.2383938
0.24215695
0.24828368
0.2540779
0.25347248
0.24682386
0.24834667
0.24639681
0.25072208
0.26181105
0.25441176
0.25297734
0.2454978
0.2515085
0.25777274
0.2591349
0.25993696
0.24841116
0.23832943
0.24510984
0.2400336
0.24717323
0.24363054
0.24256372
0.24677402
0.24301893
0.24500725
0.25403506
0.24780963
0.2507036
0.2488033
0.25146303
0.25502652
0.25642407
0.25899246
0.2549305
0.25400156
0.25800055
0.2639767
0.27002463
0.2680137
0.26931983
0.2673992
0.27147314
0.26866463
0.27766114
0.25989985
0.26378867
0.253802
0.25295335
0.2570255
0.2596377
0.2569101
0.25933772
0.24911907
0.24599116
0.24335188
0.24521644
0.2324674
0.22927935
0.22997093
0.22369704
0.21448594
0.21438318
0.21003634
0.19874293
0.19370031
0.19210489
0.19343518
0.18843755
0.17856058
0.17263737
0.17253911
0.17417736
0.16881892
0.16300055
0.15937604
0.15431462
0.15115166
0.14693868
0.1477597
0.14163856
0.1401916
0.13520604
0.12654756
0.11803524
0.110708915
0.10433929
0.098752655
0.09381502
0.08942138
0.085488245
0.08194846
0.07874735
0.07583997
0.07318903
0.070763335
0.068536595
0.066486485
0.06459395
0.0628426
0.061218277
0.059708696
0.05830312
0.056992166
0.05576755
0.05462198
0.053548977
0.052542783
0.051598262
0.050710823
0.049876343
0.049091112
0.048351787
0.04765535
0.046999067
0.04638046
0.045797274
0.045247458
0.044729143
0.044240627
0.043780345
0.043346874
0.042938914
0.04255527
0.042194843
0.04185663
0.041539717
0.04124326
0.040966485
0.040708687
0.040469225
0.040247507
0.040042996
0.039855212
0.039683703
0.039528083
0.039387986
0.039263103
0.039153155
0.03905789
0.038977105
0.03891062
0.038858294
0.03882001
0.038795687
0.03878527
0.03878527
0.03878527
0.03878527
0.03878527
0.03878527
0.03878527
0.03878527
0.03878527
0.03878527
0.03878527
0.03878527
0.03878527
0.03878527
0.03878527
0.03878527
0.03878527
0.03878527
0.03878527
0.03878527
0.03878527
0.03878527
0.03878527
0.03878527
0.03878527
0.03878527
0.03878527
0.03878527
0.03878527
0.03878527
0.03878527
0.03878527
0.03878527
0.03878527
0.03878527
0.03878527
0.03878527
0.03878527
0.03878527
0.03878527
0.03878527
0.03878527
0.03878527
0.03878527
0.03878527
0.03878527
0.03878527
0.03878527
0.03878527
0.03878527
0.03878527
0.03878527
0.03878527
0.03878527
0.03878527
0.03878527
0.03878527
0.03878527
0.03878527
0.03878527
0.03878527
0.03878527
0.03878527
0.03878527
0.03878527
0.03878527
0.03878527
0.03878527
0.03878527
0.03878527
0.03878527
0.03878527
0.03878527
0.03878527
0.03878527
