1560.9105
333.0152
153.05865
108.85789
84.13166
68.29565
57.571644
49.563522
43.656178
39.166416
35.49278
32.51652
29.90815
27.714178
25.850222
24.26413
22.821304
21.39868
20.246586
19.273775
18.270157
17.350836
16.689827
15.974713
15.293021
14.657799
14.155762
13.543963
13.106737
12.655164
12.248412
11.841646
11.494816
11.140351
10.869601
10.681785
10.299054
9.979121
9.807257
9.438611
9.198416
9.025499
8.79944
8.674954
8.485757
8.293632
8.065808
7.8885746
7.75123
7.6095176
7.460914
7.3810167
7.2523355
7.100654
6.946384
6.8560295
6.7457714
6.605859
6.5339246
6.4070673
6.3239284
6.1902437
6.079271
6.0078993
5.890937
5.828473
5.794059
5.6786256
5.6087985
5.498365
5.4297347
5.3557577
5.352419
5.256618
5.1856046
5.1350207
5.0461674
4.979776
4.9539785
4.856266
4.8821898
4.8287086
4.7580857
4.734809
4.6535897
4.6298046
4.552534
4.4841094
4.4900193
4.4416165
4.388693
4.353179
4.3325424
4.257556
4.2038264
4.177048
4.1738997
4.1123586
4.1006804
4.0680704
4.0300193
3.9927921
3.941745
3.9618344
3.9088438
3.86046
3.8362393
3.81173
3.7570317
3.757576
3.733035
3.732054
3.7120786
3.6779683
3.6964018
3.5722609
3.5869431
3.5685885
3.5171802
3.5571105
3.4810653
3.4763823
3.4324777
3.4373589
3.404468
3.3807058
3.3445363
3.3354053
3.3119795
3.3173254
3.295884
3.2863567
3.2811449
3.2674356
3.2631967
3.2258308
3.207133
3.1954129
3.1952858
3.1547515
3.1136606
3.1277454
3.0866222
3.059943
3.0371683
3.0403397
3.0200422
3.03766
2.9870634
2.9871175
2.9629686
2.9499152
2.9633162
2.9164155
2.9046504
2.8959062
2.889529
2.8785272
2.8742611
2.8363156
2.8580062
2.8920655
2.8280141
2.817284
2.8049011
2.8030405
2.806012
2.817401
2.7629561
2.7991707
2.739596
2.7313802
2.7339635
2.72615
2.7015913
2.6930027
2.7066326
2.7249367
2.7193108
2.7195299
2.6657135
2.685519
2.6363451
2.6233957
2.647286
2.6354892
2.6072493
2.5755842
2.6042178
2.5692854
2.5633943
2.5559175
2.580811
2.5469081
2.5594678
2.528256
2.5231042
2.5149539
2.4889524
2.487852
2.4789565
2.4651847
2.4760413
2.4649756
2.4587858
2.4511871
2.4279616
2.4530559
2.4703593
2.4246268
2.4546137
2.393401
2.3719418
2.3979294
2.3717227
2.3641715
2.357556
2.330861
2.3571727
2.3565655
2.3597164
2.3443131
2.3522468
2.3342109
2.3264077
2.3414574
2.297788
2.3129547
2.2905357
2.2941167
2.2989857
2.4031806
2.2541993
2.3300111
2.27775
2.255005
2.2836528
2.228385
2.234877
2.2502444
2.2440434
2.2247105
2.2323737
2.2103574
2.2195578
2.2209177
2.2110841
2.1933644
2.1801715
2.199234
2.21222
2.2131586
2.1919765
2.1731608
2.1821084
2.1620808
2.156968
2.2046247
2.18422
2.1420658
2.134248
2.106663
2.1113644
2.1237779
2.1448164
2.0965798
2.109928
2.0949538
2.0791125
2.0583856
2.0911374
2.073994
2.0850725
2.0580149
2.0616925
2.0363355
2.025399
2.0162473
2.0299165
2.0501978
1.9962845
2.0123065
2.0562882
2.0139813
1.9861542
2.0043175
2.0066307
1.9785234
1.9970145
2.008186
2.0134501
1.9935186
1.9849849
1.971112
1.9414186
1.9427749
1.9442506
1.9556891
1.9232893
1.9706057
1.9368033
1.9413371
1.9240015
1.9139732
1.9201938
1.9170246
1.8942816
1.9251993
1.9240599
1.9087062
1.9127268
1.9216067
2.0130265
1.9083889
1.865976
1.8800458
1.8814613
1.8794222
1.8812042
1.8864667
1.8806423
1.8980503
1.8399552
1.8580055
1.874315
1.8568493
1.846615
1.9004506
1.865648
1.8448256
1.8066319
1.8064132
1.8090932
1.7865018
1.7925512
1.8029748
1.7815381
1.7747539
1.7613391
1.7638558
1.7704657
1.736647
1.7683886
1.7446115
1.7633485
1.7380177
1.7461722
1.7414219
1.7329632
1.7474915
1.7293961
1.7487833
1.7048595
1.7139516
1.7374839
1.7193111
1.6987898
1.7060812
1.6906682
1.6919745
1.7079425
1.6964788
1.6799428
1.7003045
1.7048225
1.6635467
1.6703272
1.6886019
1.6650344
1.665233
1.6446279
1.6699879
1.6637204
1.675145
1.6505487
1.6473534
1.6428326
1.6384069
1.6207808
1.6325221
1.6291319
1.6385012
1.6173025
1.6339612
1.6348072
1.6450233
1.630014
1.62503
1.6450642
1.6185441
1.6033938
1.6200198
1.5955558
1.6035544
1.5841348
1.6100563
1.591228
1.5893947
1.5965893
1.5691925
1.5663863
1.5617712
1.5716958
1.5706106
1.5692571
1.5647237
1.5323027
1.5427876
1.542739
1.5411012
1.5259333
1.5466356
1.537171
1.5250082
1.5355195
1.5272193
1.5161151
1.4978793
1.5175273
1.517391
1.5089505
1.4950589
1.5079046
1.5028039
1.5052167
1.5069472
1.5187322
1.5041256
1.4794848
1.4865065
1.4899843
1.4840666
1.4960037
1.5035131
1.4782383
1.4972577
1.4811934
1.4759424
1.4831644
1.4699626
1.4675336
1.4562792
1.4642959
1.4590602
1.4579549
1.4621196
1.4706619
1.4546583
1.4575621
1.4655129
1.4540337
1.4615676
1.4746491
1.4568237
1.4528812
1.469347
1.4398738
1.4693118
1.4634818
1.4477465
1.4351548
1.4384644
1.4600111
1.4339468
1.4278088
1.4269325
1.415913
1.4218343
1.4158335
1.4305565
1.4134682
1.4138808
1.4130491
1.4044158
1.4100397
1.3944489
1.3869072
1.3970734
1.3975668
1.3720819
1.3804784
1.3691654
1.3832508
1.3675835
1.3822967
1.3680758
1.3930428
1.3712486
1.3592296
1.3502283
1.3654219
1.3793557
1.3414878
1.3354287
1.3490669
1.3517152
1.3437312
1.3327323
1.353292
1.3576244
1.351373
1.3221515
1.337627
1.3295182
1.3428186
1.3449564
1.3458623
1.3253362
1.3248262
1.3235674
1.3060814
1.3237728
1.3176699
1.3330885
1.3190645
1.365033
1.3121773
1.3097844
1.2923226
1.3010986
1.3010149
1.2917376
1.290032
1.296972
1.2869937
1.2940276
1.300132
1.301959
1.277594
1.2885402
1.2816163
1.2916048
1.2891622
1.2797135
1.2751535
1.2652856
1.2884048
1.2819544
1.2685026
1.2549944
1.277651
1.2608413
1.25241
1.2719768
1.2495894
1.2555345
1.2663331
1.2531747
1.2444354
1.2373633
1.2311214
1.2338295
1.2267107
1.2406026
1.2033178
1.2054238
1.22092
1.2339122
1.2309132
1.2179288
1.237223
1.2202748
1.1987218
1.2186887
1.1752145
1.1920159
1.2022027
1.1937802
1.1965988
1.1849415
1.1622353
1.1585231
1.1740872
1.1724733
1.157316
1.15379
1.1548797
1.1671046
1.1434623
1.1419477
1.1553091
1.1687235
1.1461811
1.1334141
1.1396666
1.1407768
1.1407559
1.1248176
1.1348331
1.1142089
1.1553351
1.1507254
1.123307
1.106892
1.107836
1.1235024
1.1347052
1.1207681
1.1212772
1.115836
1.1259009
1.1176001
1.1060941
1.1099285
1.1200594
1.1204653
1.098604
1.0864527
1.0930927
1.0964414
1.084044
1.109057
1.0860231
1.0982854
1.0844449
1.0981921
1.0819257
1.0773714
1.0937864
1.0596282
1.0575248
1.0594752
1.0699546
1.0825529
1.0658113
1.0662501
1.0460482
1.0597343
1.0623411
1.0307437
1.0508397
1.0482326
1.0562805
1.0562238
1.1130416
1.0826273
1.0462801
1.0451013
1.0643749
1.0429933
1.0546017
1.0460794
1.0400149
1.0570009
1.0334226
1.0491877
1.0247084
1.034438
1.0349683
1.0308859
1.0203521
1.0344311
1.0535111
1.0636785
1.0485767
1.0220532
1.025733
1.0115931
1.0247107
1.0246147
1.0077244
1.0232438
1.0087954
1.0218681
1.0307697
1.0123982
0.9847653
1.0096823
0.9966911
1.0037777
0.9999034
0.9926084
0.9990351
0.9827307
0.99491745
1.0157393
0.967128
0.98823553
1.000254
0.9854438
0.97552496
0.9730564
0.9793803
0.9586981
0.97542024
0.970249
0.95865184
0.9663273
0.9739268
0.954058
0.97195643
0.97558236
0.9787993
0.9648631
0.96479154
0.9669786
0.9761584
1.0047263
0.9839997
0.94536084
0.964138
0.9538617
0.9515199
0.95295125
0.96621495
0.9497834
0.9526553
0.94252914
0.9266841
0.9481296
0.94353783
0.9402175
0.92864126
0.93204284
0.92465127
0.9325226
0.92723984
0.90990955
0.9243313
0.9408427
0.92850226
0.92196023
0.9207859
0.9211543
0.90700877
0.8951749
0.9062609
0.92349523
0.91913885
0.9160776
0.91273385
0.89574385
0.8995332
0.8976736
0.895064
0.90954405
0.90164244
0.92351955
0.902989
0.899135
0.89423496
0.86749375
0.8915474
0.8811763
0.89416057
0.8740678
0.8826629
0.8853211
0.8719562
0.8883633
0.87270707
0.8601993
0.87374794
0.88629055
0.8805427
0.87544495
0.8743634
0.8668195
0.86449033
0.87155837
0.85956603
0.8626034
0.847441
0.85297334
0.8451455
0.8514271
0.8394855
0.8485013
0.85318846
0.8473889
0.8461228
0.8415862
0.85108393
0.8425218
0.8474466
0.83883154
0.83957154
0.8465768
0.8469928
0.85190696
0.83998597
0.8383898
0.84245425
0.84919435
0.8327983
0.83723235
0.82489455
0.8348199
0.832801
0.8023631
0.83826923
0.82926095
0.8188626
0.8133258
0.8287091
0.823372
0.82757497
0.81694925
0.8018251
0.81185365
0.81756055
0.80164254
0.816158
0.8178676
0.7977184
0.7987206
0.81362784
0.7955862
0.78693616
0.8189936
0.78475887
0.78130054
0.8044562
0.7937295
0.7853303
0.79612696
0.787774
0.8005243
0.79842895
0.7801041
0.7885906
0.7977032
0.77244896
0.7877202
0.8133874
0.7978598
0.7901339
0.7818531
0.7873084
0.79106826
0.7930587
0.76684207
0.7843152
0.7893615
0.76573074
0.77463883
0.78134865
0.7687649
0.78070456
0.78481597
0.77305794
0.76833755
0.7636784
0.7716928
0.7607236
0.7692484
0.7710918
0.7579285
0.76505375
0.74627143
0.7627236
0.7654369
0.75933677
0.7641962
0.75001496
0.75924164
0.749903
0.7563823
0.7548378
0.7528918
0.76533055
0.75767624
0.74298215
0.74096465
0.74521196
0.74964714
0.753483
0.73425
0.7655494
0.7469161
0.74399775
0.74590737
0.75227517
0.7428985
0.7495302
0.73479503
0.7482981
0.7360037
0.74794203
0.73319674
0.73798984
0.7363903
0.7476919
0.7293725
0.7314992
0.7198927
0.71694905
0.72371787
0.7216491
0.7289198
0.71631277
0.72709155
0.7129964
0.7152208
0.7121912
0.7236643
0.7331887
0.70060164
0.70828575
0.7075054
0.69468176
0.7128477
0.7104605
0.6994855
0.69020194
0.7015536
0.7035723
0.70243436
0.7038908
0.70271623
0.69100964
0.69123614
0.6818884
0.6960313
0.6934529
0.68645805
0.69833636
0.6903401
0.68505865
0.67833716
0.6682613
0.68142426
0.69137925
0.6960933
0.6723442
0.7037457
0.880568
0.6806325
0.6606199
0.67619944
0.6739653
0.67743385
0.67176557
0.670218
0.66713035
0.668646
0.68462706
0.6696702
0.6712056
0.6607013
0.659283
0.66531587
0.66385573
0.6587733
0.6669248
0.66877913
0.6563151
0.65191406
0.65410244
0.6627664
0.65994716
0.6658859
0.64857304
0.66195977
0.66518784
0.6485505
0.6663093
0.6506912
0.6521311
0.66259664
0.66273314
0.6482291
0.65759784
0.64679164
0.6406655
0.64918625
0.63955194
0.63679016
0.67275745
0.6312086
0.6398143
0.6524735
0.6351509
0.6242794
0.6234699
0.6373346
0.63506174
0.633799
0.6383126
0.63118756
0.6331668
0.62387294
0.6184254
0.6254815
0.6211426
0.62576824
0.63189656
0.63562804
0.6159117
0.62393713
0.62276655
0.61395466
0.6189997
0.6045014
0.6168944
0.6473435
0.60223114
0.6038946
0.61492497
0.61022824
0.609129
0.63146013
0.6164159
0.6309744
0.61506236
0.6259334
0.6031292
0.6128157
0.5922449
0.6049514
0.6008628
0.60856485
0.60622686
0.6026561
0.6105813
0.6007393
0.60052407
0.58863556
0.59024334
0.5960941
0.59049445
0.5878999
0.5855454
0.5854613
0.5792914
0.5878604
0.5758315
0.57675356
0.57791746
0.576797
0.58183724
0.58340704
0.57068694
0.5760786
0.5742804
0.57652074
0.5854796
0.5663072
0.57531166
0.57305187
0.57316875
0.5756949
0.57694006
0.5718287
0.57579666
0.5712363
0.5651755
0.57231224
0.5770632
0.5659622
0.5746915
0.56742114
0.57095414
0.58088875
0.5881701
0.5627495
0.5538659
0.5474823
0.55185187
0.5639031
0.5648748
0.58058584
0.56966674
0.55609405
0.5652164
0.5613512
0.5499302
0.5440053
0.55919814
0.55063593
0.5571049
0.56503356
0.5569029
0.55020285
0.55815804
0.54745483
0.5476962
0.5491232
0.55203605
0.55290556
0.5632055
0.5384083
0.55174756
0.5350669
0.5515995
0.5493924
0.53934956
0.5443469
0.55212426
0.54693663
0.5325196
0.54376864
0.5374053
0.5307976
0.5412769
0.54062307
0.5578913
0.55274105
0.5460516
0.5407409
0.5576927
0.5396143
0.5473388
0.54406446
0.5443666
0.5453784
0.54735607
0.5488874
0.5516965
0.5524557
0.5392882
0.53779435
0.53932244
0.5263307
0.57197994
0.53497213
0.528721
0.5459103
0.5388865
0.5330807
0.53322595
0.52677083
0.5462101
0.535482
0.5338097
0.5388437
0.5427545
0.56144625
0.5384535
0.53358614
0.53778875
0.53689724
0.54274344
0.5324221
0.54494286
0.5329522
0.5342902
0.53433746
0.5258927
0.53311545
0.5299542
0.521331
0.5604575
0.52140945
0.5205117
0.5337448
0.5216164
0.515497
0.5277824
0.52740455
0.51884747
0.53034025
0.5175965
0.505965
0.51054204
0.51108366
0.51033944
0.5177009
0.53713566
0.54823357
0.5155283
0.5145338
0.52138346
0.51479447
0.5138434
0.50634056
0.5022582
0.5018445
0.4980851
0.5028171
0.50435555
0.5009149
0.49845517
0.49795908
0.503848
0.49917778
0.5174174
0.4956799
0.50155663
0.5063349
0.50256324
0.5370356
0.4969375
0.5024774
0.49737522
0.5032015
0.506494
0.49923673
0.5010384
0.4909994
0.49402735
0.49139342
0.49315375
0.48894665
0.48999974
0.50597906
0.4845169
0.4875995
0.49858078
0.48838198
0.49017
0.4919761
0.47760886
0.49139243
0.48337623
0.49370882
0.48116583
0.48343363
0.48298126
0.48480302
0.47940803
0.4935289
0.47843826
0.48143536
0.48145574
0.47351003
0.49017778
0.48166668
0.4841633
0.48058334
0.48306313
0.46162394
0.47409725
0.46681753
0.4637586
0.48734784
0.46449763
0.46819443
0.46503857
0.47801352
0.46570036
0.46716917
0.47251162
0.4612614
0.4617726
0.46439052
0.47069213
0.47313282
0.47764903
0.4669407
0.46604586
0.45666996
0.4663716
0.47148657
0.462969
0.48242825
0.46299472
0.46612644
0.45830643
0.45760983
0.46996617
0.4676425
0.4662759
0.4633159
0.45621172
0.45262578
0.4558068
0.4566594
0.46027318
0.44725394
0.45090404
0.45598558
0.4590519
0.4507157
0.44933915
0.45327222
0.44736114
0.4439651
0.5419817
0.4581908
0.44386998
0.4504344
0.44537446
0.45542535
0.455986
0.43715748
0.44253275
0.45035416
0.44774738
0.44874257
0.4544574
0.44717327
0.47581083
0.44289586
0.4412013
0.44128025
0.44406968
0.43888864
0.44047192
0.44403487
0.44224808
0.44487807
0.44291204
0.45051515
0.43990222
0.43258855
0.4524361
0.44048473
0.4444472
0.444781
0.43314287
0.44013107
0.43337053
0.4329761
0.44621417
0.43356803
0.45440516
0.44377333
0.44327247
0.4473771
0.44216388
0.4444519
0.45187986
0.44114986
0.43222925
0.44574025
0.43490005
0.44157812
0.43448767
0.44703656
0.441415
0.42510945
0.41808197
0.44007474
0.42800337
0.4477248
0.46274108
0.4330559
0.4302207
0.43068463
0.4324049
0.43905756
0.4343995
0.42906976
0.42759156
0.430986
0.42582542
0.42464194
0.43262014
0.43776378
0.439165
0.43836224
0.4384527
0.4261126
0.42880538
0.42483255
0.43189263
0.43735588
0.4251317
0.432056
0.46097267
0.42508715
0.42223957
0.4224741
0.42485785
0.4466131
0.42554107
0.40588775
0.42211038
0.41875783
0.42399538
0.42246443
0.4226435
0.4109517
0.41658822
0.41779694
0.4250929
0.43941852
0.41787335
0.41510287
0.43123686
0.4329218
0.45310667
0.42234248
0.42822337
0.40922537
0.41076824
0.41034096
0.425103
0.42543578
0.40837812
0.42156234
0.40950936
0.41403782
0.41924712
0.4218314
0.40589187
0.4134369
0.40299606
0.40769607
0.41772246
0.4182186
0.41597632
0.41303378
0.40826634
0.42002028
0.40528336
0.41183117
0.40190968
0.416384
0.41907945
0.40311787
0.41483903
0.41803342
0.40687594
0.41083887
0.40067637
0.4189218
0.40471038
0.41872874
0.4139075
0.3990383
0.409483
0.41525018
0.40941688
0.40913656
0.41021222
0.41748804
0.41348764
0.40774658
0.4146038
0.40409464
0.43017387
0.40298587
0.40592095
0.4092135
0.39914274
0.39797685
0.4035365
0.40784302
0.39637548
0.4138767
0.39702582
0.39082667
0.39329034
0.40392995
0.39753717
0.4097715
0.39998382
0.4033119
0.41592723
0.39134076
0.3935548
0.41149652
0.38602954
0.38832515
0.38746864
0.40092167
0.39860228
0.3827746
0.3880003
0.38530356
0.38688457
0.4029447
0.39430964
0.39317206
0.38277274
0.39001587
0.38956246
0.3849803
0.38386333
0.38087398
0.38391358
0.38453165
0.3901172
0.37667784
0.37996715
0.38430026
0.39753106
0.37724483
0.37944818
0.38458222
0.38906395
0.3881063
0.3891035
0.38335735
0.39022553
0.38544795
0.40065047
0.39546436
0.38940838
0.3960555
0.37667057
0.39966485
0.39232466
0.38529608
0.38638198
0.3778191
0.37492484
0.38307828
0.36983258
0.3860298
0.3812047
0.37320065
0.37469572
0.36881503
0.39144015
0.38904265
0.38322783
0.37775892
0.37614682
0.37266326
0.38510472
0.37408295
0.3793077
0.3697496
0.37285495
0.36370978
0.37245208
0.36123705
0.37491602
0.36794356
0.3806142
0.3747112
0.3863782
0.36787358
0.37895352
0.37899622
0.3658388
0.38850245
0.38087535
0.37898117
0.37085164
0.37662348
0.36804178
0.36787835
0.37684897
0.38823298
0.38072604
0.37013054
0.36201483
0.3644131
0.36296737
0.37329096
0.3660561
0.36805943
0.36568338
0.37534413
0.38003665
0.37229335
0.36963847
0.38691142
0.36381596
0.37312275
0.38776976
0.3683831
0.38718918
0.3800565
0.36249015
0.3756175
0.37554824
0.37021467
0.3799597
0.38027248
0.37499222
0.37620443
0.36866882
0.3754294
0.38086593
0.36398324
0.37103087
0.37246913
0.37331128
0.35627037
0.3771817
0.36869463
0.3693312
0.36456132
0.36108702
0.36345422
0.37571782
0.37200636
0.37719965
0.37122238
0.3700663
0.35591802
0.3825544
0.37376633
0.37106475
0.39339793
0.3788312
0.37088507
0.3720691
0.37511542
0.37286612
0.37177888
0.37188616
0.36769032
0.38010046
0.37578103
0.36762545
0.37878385
0.3895463
0.3822338
0.37121308
0.37299696
0.3930475
0.38251138
0.39161062
0.3833919
0.39289007
0.40511113
0.40240663
0.4117451
0.42153856
0.38883162
0.39135915
0.40961865
0.3910612
0.39565632
0.38279012
0.38169748
0.3767767
0.3768877
0.37908185
0.36757922
0.36026967
0.3788169
0.3700756
0.37315625
0.3945582
0.375891
0.37641144
0.37644237
0.3779981
0.34593213
0.36896056
0.3599687
0.37118065
0.35599983
0.36938015
0.3528585
0.36970118
0.39385566
0.36117706
0.35626677
0.37966755
0.3647441
0.36885732
0.3577865
0.35562593
0.35222432
0.36348975
0.3517705
0.36187255
0.33893293
0.364241
0.3515822
0.3667369
0.34157977
0.3591606
0.3532483
0.34793118
0.36758584
0.35785404
0.33500645
0.34821013
0.34121346
0.36098453
0.34182212
0.35296637
0.35041702
0.35562232
0.35263368
0.3412796
0.34004942
0.35469323
0.34802917
0.34244877
0.34590113
0.33811313
0.33920452
0.33561957
0.3429362
0.3398973
0.34037298
0.33954456
0.35376334
0.34791422
0.3463984
0.33520174
0.32937345
0.32781738
0.32699803
0.34718323
0.3691401
0.3598628
0.34381226
0.32981554
0.3439639
0.330003
0.34343615
0.3415503
0.33074734
0.32137567
0.3425241
0.31807545
0.33284843
0.35520092
0.3181774
0.31560266
0.32020953
0.3332809
0.31102267
0.324089
0.31723326
0.32504058
0.3260641
0.32218826
0.32491228
0.318641
0.3233026
0.32537693
0.3290062
0.3172622
0.32307076
0.3148203
0.3220832
0.31793654
0.32353124
0.32064554
0.32706502
0.31834823
0.31974986
0.33206865
0.32983696
0.31941903
0.30925444
0.32170555
0.32001966
0.3100766
0.30958194
0.3185249
0.31133083
0.31350657
0.3218388
0.31535405
0.3097381
0.3134015
0.32289046
0.31157234
0.3013504
0.31741962
0.29156744
0.30480093
0.31492814
0.30520287
0.31269428
0.31601292
0.30750287
0.30825362
0.30439314
0.2970497
0.30663967
0.3035432
0.3074934
0.3098723
0.30894747
0.32342184
0.30383164
0.30861917
0.31469232
0.30731732
0.3107398
0.3059117
0.31004888
0.30986038
0.29420748
0.30351403
0.3050486
0.31008685
0.3135806
0.29864144
0.30969974
0.30341503
0.29906127
0.30694592
0.29904303
0.3013847
0.29432824
0.29680532
0.29857188
0.30694187
0.32454905
0.30042297
0.3046697
0.29825354
0.28942198
0.2942399
0.2981548
0.3533465
0.2918426
0.2955499
0.29087636
0.28582412
0.28939062
0.2853997
0.29394704
0.28900182
0.2945434
0.29371774
0.29199234
0.28412464
0.28300563
0.27796614
0.2880914
0.29661185
0.28289548
0.2886145
0.27955613
0.28279692
0.30514345
0.28740397
0.29303876
0.28702912
0.28705257
0.28967875
0.2851724
0.2894326
0.2958234
0.2858136
0.29107398
0.2697568
0.28455794
0.30333817
0.2857806
0.28865424
0.2944238
0.29077798
0.2872718
0.29326752
0.2879715
0.2857567
0.287257
0.2840999
0.29019833
0.29126504
0.28807136
0.28411996
0.2862421
0.28560337
0.28826657
0.28802222
0.27574703
0.28962612
0.2901506
0.28310782
0.282234
0.28506756
0.28640258
0.28815934
0.2761929
0.27880308
0.26768216
0.27734813
0.27427128
0.2812244
0.27155247
0.27740923
0.2879776
0.27523404
0.26722145
0.26889658
0.27574897
0.26247233
0.27020353
0.27034408
0.2707167
0.26889846
0.26636606
0.27443373
0.2711728
0.27387375
0.2723122
0.27246508
0.2734701
0.30363744
0.27190825
0.272346
0.27466658
0.26748353
0.26707068
0.26669613
0.265853
0.26007178
0.2601898
0.2764358
0.2624182
0.26000002
0.25746423
0.25793493
0.26497754
0.25979835
0.2693356
0.2576031
0.26278764
0.2629363
0.26983178
0.27064347
0.2867818
0.27735487
0.2722343
0.25833303
0.27458644
0.26428676
0.26321524
0.26069123
0.25372538
0.25859362
0.2631853
0.2599492
0.25695902
0.25624454
0.25814545
0.25635692
0.26729843
0.25734043
0.26556846
0.25991914
0.26821238
0.25864646
0.2685338
0.26101628
0.2655554
0.25903502
0.2660742
0.25664404
0.26345015
0.26853034
0.2538005
0.26458028
0.2531189
0.2526148
0.2526755
0.26233205
0.25494468
0.2718156
0.26138887
0.24694946
0.25916833
0.2620292
0.26499063
0.25191778
0.24971788
0.2575963
0.24171738
0.2520233
0.24586253
0.24977073
0.2517647
0.24164395
0.25082424
0.25275224
0.2533072
0.24226633
0.25269198
0.25982243
0.26993012
0.2577855
0.27011096
0.25198716
0.24491537
0.24363603
0.24856837
0.24236882
0.25505066
0.24103123
0.24981073
0.24504595
0.24259447
0.24403435
0.23873053
0.25463986
0.24763626
0.24595451
0.2450431
0.24978676
0.23651688
0.24877778
0.25315523
0.2547847
0.24237327
0.24117887
0.24036826
0.23722516
0.24373983
0.25306332
0.23333457
0.24917148
0.24185967
0.24043986
0.25278935
0.25067607
0.25363708
0.24920298
0.2510829
0.24378383
0.2454852
0.24748507
0.23893982
0.25082156
0.24549527
0.24737024
0.24303946
0.25144872
0.23977138
0.24685976
0.23670286
0.24197684
0.2449002
0.23406084
0.2476189
0.24468784
0.23149651
0.24374217
0.24707995
0.25121382
0.23915236
0.23296314
0.23950589
0.2367578
0.23843767
0.23895627
0.27489316
0.2454452
0.24262258
0.23717019
0.23309778
0.23339304
0.23198663
0.23540883
0.23867169
0.22732806
0.24201441
0.23707715
0.23791522
0.23138537
0.23785259
0.23315431
0.23713154
0.22659874
0.23477642
0.2224839
0.24030636
0.23265605
0.23376311
0.23626049
0.2372827
0.23375446
0.23442538
0.23067124
0.2233912
0.2292215
0.22848213
0.22530393
0.2352868
0.22596493
0.22806923
0.22285092
0.22860186
0.22790818
0.23347406
0.21727172
0.22492799
0.22225586
0.22337641
0.22806764
0.22418837
0.21836118
0.22644459
0.22225519
0.2245914
0.21632947
0.22759375
0.23083441
0.23520714
0.22779886
0.22056247
0.24700011
0.22627571
0.21977393
0.21868035
0.21607105
0.21918522
0.2130507
0.26412588
0.21951154
0.22476421
0.22266172
0.23406054
0.22498193
0.21596734
0.20508002
0.22317924
0.2187715
0.21541215
0.21805914
0.21472566
0.2129708
0.21241033
0.21564147
0.21583976
0.2097354
0.21678902
0.21962878
0.22210859
0.21085542
0.20723297
0.21036579
0.21492939
0.202601
0.22074239
0.21153519
0.20512478
0.2149859
0.22027881
0.2144642
0.20691344
0.22946705
0.20902367
0.21451524
0.21685371
0.21724515
0.21144444
0.20972091
0.2207604
0.21399036
0.21365024
0.2097129
0.21325235
0.21271187
0.20777752
0.20265523
0.21241657
0.20061052
0.19882108
0.20639749
0.21396543
0.20845926
0.19973852
0.21136218
0.20333993
0.21368462
0.21151266
0.20680004
0.21746051
0.19216155
0.21285675
0.20930265
0.2043487
0.2103399
0.21101719
0.20491096
0.2098564
0.20148535
0.20392837
0.20220128
0.19362655
0.20210665
0.20409125
0.199075
0.2087069
0.19764973
0.20758533
0.20130457
0.19652459
0.20383961
0.20683281
0.2063475
0.20409198
0.19281304
0.19877894
0.20013346
0.21028501
0.20760292
0.20103596
0.1960837
0.2048579
0.19212162
0.19535078
0.2046822
0.20544401
0.20395245
0.19668035
0.19614393
0.19376436
0.20739548
0.19878556
0.2003786
0.19074662
0.19594848
0.204582
0.18975995
0.20549984
0.20986153
0.20252565
0.19157194
0.21879512
0.20343281
0.19223537
0.19400772
0.19623591
0.19487347
0.2000302
0.19544896
0.1997069
0.19919106
0.1960594
0.19650368
0.20108864
0.19476579
0.21326408
0.20057943
0.20166937
0.21414846
0.20317133
0.19760421
0.1992124
0.18924002
0.18761641
0.19056113
0.19340639
0.1993891
0.19050673
0.19679667
0.18576221
0.193346
0.19577585
0.19723244
0.2008333
0.19590382
0.1905746
0.19522823
0.19342217
0.18692113
0.19275033
0.20226178
0.17622176
0.19343226
0.19267863
0.18715894
0.17700286
0.18068007
0.1862179
0.18340681
0.18430975
0.19335085
0.20993905
0.18456511
0.18293613
0.1919171
0.19103085
0.19073668
0.19193114
0.18640095
0.18195413
0.19632463
0.18761979
0.18582006
0.18268985
0.18343884
0.1867121
0.1782044
0.17663853
0.17923199
0.1753516
0.18134408
0.18438597
0.18070856
0.17258134
0.17625062
0.17379801
0.18408643
0.17906182
0.19484256
0.17531747
0.17425673
0.18308985
0.19153316
0.17980205
0.17950538
0.1759321
0.1827108
0.18448047
0.17517982
0.18111373
0.17845611
0.1665063
0.18407305
0.17651121
0.17386416
0.1802081
0.1696897
0.17499489
0.18031
0.17463198
0.17885804
0.17731375
0.18127313
0.17035334
0.1715447
0.17344749
0.17751071
0.17631702
0.19600636
0.18007472
0.17562446
0.17149387
0.1678459
0.17923796
0.18021832
0.19592129
0.16849202
0.17765862
0.17648259
0.17473383
0.16839358
0.18120947
0.173041
0.16484101
0.18069935
0.17087115
0.18130128
0.1767614
0.17784011
0.1722534
0.18604273
0.17289199
0.17172016
0.15945572
0.16472378
0.17200392
0.1739674
0.15998128
0.16269937
0.16967855
0.16080382
0.16540122
0.16889496
0.17063761
0.17170128
0.17391568
0.17945096
0.22809409
0.16567038
0.16046372
0.17105523
0.15733215
0.1696769
0.17031574
0.16513072
0.16376142
0.16072664
0.16969137
0.16481797
0.16935387
0.15558074
0.16285832
0.16613168
0.1612424
0.16690895
0.16071165
0.18530478
0.17384645
0.16549304
0.1668056
0.16375636
0.15668328
0.16097748
0.15859406
0.16791809
0.16038617
0.16443266
0.17212588
0.16696231
0.17131472
0.16623421
0.15549986
0.17036328
0.17285886
0.1687973
0.16668566
0.16611263
0.16002694
0.16405714
0.1667314
0.16604038
0.1666371
0.1527056
0.15687014
0.15572621
0.16041142
0.17142111
0.16305667
0.16407904
0.1584
0.16579951
0.15395463
0.1622965
0.16407697
0.16581745
0.15842703
0.1512609
0.14899814
0.15569763
0.14986649
0.15718615
0.15590505
0.15205958
0.15190354
0.15821892
0.1647181
0.14900045
0.15161395
0.15464732
0.15531172
0.16829222
0.15340565
0.17447348
0.14632483
0.1584771
0.15132111
0.15661779
0.15677154
0.1593967
0.15990712
0.15492888
0.14708927
0.14964075
0.15347004
0.14860386
0.16005754
0.16089305
0.14488874
0.15510914
0.14454572
0.16595481
0.16085069
0.15724212
0.14877814
0.15590262
0.14390652
0.14683841
0.1555275
0.14651062
0.15475407
0.15155326
0.15133189
0.14749654
0.15146081
0.14808169
0.14487417
0.1478211
0.14705475
0.15678318
0.1574037
0.17963743
0.15050988
0.15016517
0.15022548
0.14532028
0.15392889
0.15583986
0.14779644
0.1562238
0.14544228
0.15082799
0.1519912
0.15387869
0.1500136
0.15930565
0.14782119
0.15053235
0.14515717
0.14929217
0.14882223
0.15319578
0.14369577
0.14841108
0.14363976
0.14836998
0.15040082
0.15151897
0.15328981
0.16328713
0.14924617
0.15010172
0.16942848
0.15551794
0.15726778
0.14866795
0.15983656
0.15988982
0.1454761
0.15058225
0.15475246
0.16558056
0.16676928
0.1539342
0.14556405
0.14143454
0.17816378
0.15345845
0.14284173
0.19458994
0.15625769
0.14737628
0.15285385
0.14388575
0.14521943
0.14951026
0.14219067
0.14190549
0.14912365
0.14664091
0.1526609
0.1377609
0.13479441
0.14185543
0.14682695
0.14073099
0.1365803
0.13991432
0.13831331
0.13454202
0.14436328
0.14989434
0.14160164
0.15022244
0.14274454
0.14500684
0.14187917
0.13748124
0.1471542
0.13934942
0.14383222
0.13792297
0.14179584
0.13716173
0.14328234
0.13566737
0.14115854
0.14129026
0.14352095
0.14794071
0.13656783
0.13684562
0.16123106
0.13997169
0.13838454
0.13532048
0.12769547
0.13737744
0.13399448
0.1391937
0.12929551
0.13855869
0.13262576
0.14111638
0.13349132
0.1430645
0.13358228
0.13275868
0.1409602
0.13779253
0.1393445
0.1369364
0.14040464
0.13649131
0.13692972
0.15213378
0.17156334
0.13622826
0.13937281
0.1431314
0.13569227
0.13413113
0.13589272
0.1367207
0.13641608
0.14137913
0.13147922
0.12906672
0.13193054
0.13430193
0.13499147
0.12792316
0.13768537
0.13747528
0.12801127
0.13517885
0.1351525
0.13479973
0.12612237
0.14050817
0.1309044
0.13752119
0.12603763
0.14132191
0.1336402
0.13579214
0.1487304
0.12994912
0.13511683
0.13618843
0.13219105
0.13647535
0.1273
0.13344271
0.13891254
0.13497797
0.14154951
0.16729048
0.13982645
0.14236283
0.12981732
0.13137244
0.13343754
0.13569744
0.13384262
0.13144717
0.12797903
0.1325241
0.12456522
0.12416008
0.12033878
0.13320757
0.13448322
0.12023485
0.1309876
0.13073815
0.12129989
0.13287127
0.12980674
0.12825784
0.122803144
0.12486846
0.13498071
0.12284978
0.12937444
0.1281403
0.12997244
0.12740663
0.119562626
0.1261781
0.19058064
0.12038081
0.13087222
0.13040188
0.12964149
0.12173339
0.13436191
0.13208686
0.13718633
0.2068071
0.17971632
0.13456123
0.12731223
0.12916282
0.13141681
0.15255886
0.12841314
0.12385329
0.13538599
0.18401636
0.12580374
0.13538504
0.1294735
0.15290113
0.12775435
0.123128235
0.12799585
0.12409734
0.13549441
0.13069709
0.1367824
0.12556995
0.12880069
0.13135596
0.13132803
0.13321896
0.1284644
0.120533146
0.118209265
0.12146783
0.123837754
0.12229308
0.12194339
0.11961934
0.12283516
0.12383274
0.12895969
0.12265184
0.11992617
0.12615664
0.12257869
0.118459165
0.1739522
0.12515989
0.12709004
0.12549369
0.12398955
0.112231374
0.12279578
0.12556022
0.13705531
0.12069522
0.123620875
0.1507881
0.11520768
0.11914682
0.1239906
0.12386776
0.12591581
0.11776402
0.121349365
0.11393343
0.1282452
0.114901915
0.12015906
0.11903603
0.120981105
0.11769012
0.12979887
0.13391036
0.12068963
0.12143225
0.12935731
0.116793886
0.11770848
0.1176791
0.1197746
0.11240313
0.117553696
0.12841105
0.11738233
0.11089848
0.12272763
0.123555414
0.112212636
0.12092185
0.11524376
0.11480416
0.12508288
0.11917344
0.11911928
0.11905849
0.12062565
0.12238333
0.1183019
0.11578998
0.12676473
0.12046046
0.11486427
0.11861044
0.11822187
0.1171809
0.12283291
0.12930973
0.12364563
0.12682213
0.11780851
0.11096237
0.12744789
0.12781298
0.11973355
0.112042025
0.118812256
0.1265121
0.11610829
0.12475935
0.12350424
0.12513098
0.122038916
0.123752624
0.121432796
0.11978374
0.11067802
0.11823176
0.11488479
0.11068571
0.12543644
0.11480234
0.11675433
0.11060022
0.119731896
0.10803119
0.1120272
0.11294463
0.112710245
0.12170548
0.120058745
0.112423755
0.119293496
0.11852176
0.118506856
0.11154196
0.11537199
0.11404996
0.11895742
0.12451228
0.110552974
0.1244585
0.11306021
0.11642224
0.11666715
0.12092348
0.13183986
0.10655397
0.11394796
0.12060261
0.11743545
0.146303
0.13398989
0.11327678
0.16943482
0.15771945
0.118658684
0.11540848
0.11360395
0.11649028
0.10701976
0.11621167
0.1088617
0.10423846
0.1144634
0.12347912
0.115456745
0.11454216
0.10477778
0.108944274
0.118127264
0.11363428
0.11753128
0.11769607
0.11854
0.110738
0.11747496
0.124290876
0.12367899
0.11889823
0.10422756
0.11642603
0.10993051
0.10949297
0.121983595
0.12112345
0.1165722
0.108957246
0.11359825
0.110102735
0.11571706
0.113988675
0.10703852
0.12206185
0.10549317
0.1083876
0.11000309
0.116431504
0.11093589
0.105398715
0.10556865
0.117291234
0.11675071
0.10988011
0.11871709
0.11219446
0.11436337
0.11419107
0.10947414
0.10937831
0.12046003
0.11981885
0.108090535
0.114720576
0.111966126
0.104155466
0.1145589
0.11230087
0.11455429
0.10995816
0.10872063
0.10339057
0.10977773
0.10717335
0.10970554
0.107435204
0.10260736
0.105561316
0.10537583
0.119416334
0.10059022
0.107332
0.13676779
0.10603046
0.108406074
0.109237656
0.09992232
0.10036082
0.10349136
0.10964748
0.1234607
0.10288501
0.10767981
0.10523858
0.0967596
0.10632501
0.1081711
0.102159895
0.10449454
0.10526863
0.10651231
0.111375794
0.10967336
0.10017284
0.11459867
0.10391052
0.09513486
0.107978135
0.10084209
0.117702946
0.11577424
0.107279524
0.10363715
0.10138434
0.108353436
0.1046917
0.10260115
0.10196137
0.105441235
0.101788774
0.100431316
0.11427601
0.11029498
0.10301353
0.1030226
0.10936952
0.10374314
0.11119124
0.109414116
0.10584521
0.10307555
0.10901559
0.10536226
0.103182524
0.10468514
0.10495623
0.10234529
0.10894981
0.105878375
0.10417087
0.10523382
0.11594368
0.112013884
0.1094795
0.10118442
0.10343017
0.10246671
0.101065405
0.10920292
0.10045108
0.109160095
0.10572268
0.11461126
0.10484685
0.10941293
0.11112225
0.10588371
0.10821449
0.11007891
0.1057613
0.10677598
0.10393665
0.11334377
0.09922349
0.113722146
0.11266404
0.10110774
0.10381097
0.14325838
0.14302811
0.10681218
0.10784188
0.10065955
0.10663456
0.09849538
0.09665344
0.09978066
0.10531658
0.10146221
0.09415375
0.096500926
0.10233576
0.10756904
0.0966675
0.1016515
0.102637656
0.102256276
0.09956846
0.09663571
0.09714394
0.09735721
0.09654851
0.097426176
0.09737666
0.09526081
0.09461361
0.100154646
0.19030787
0.13709198
0.091807194
0.106998466
0.09752379
0.10417754
0.09675862
0.115916625
0.10248341
0.09891608
0.10271559
0.09900425
0.09603975
0.10634067
0.10259915
0.09922719
0.097925834
0.10345722
0.1074084
0.104040556
0.10153353
0.10044593
0.09244598
0.10366841
0.09547179
0.09602824
0.09944385
0.09969456
0.091145016
0.09466896
0.101248905
0.10069051
0.10367453
0.10184159
0.098163135
0.0868791
0.0910539
0.09772033
0.09747207
0.100503296
0.09042779
0.09543963
0.09674503
0.09557395
0.09261415
0.103088506
0.09426381
0.098902665
0.1010183
0.09447583
0.09443477
0.10424928
0.09282376
0.091230325
0.10009134
0.10428141
0.104249254
0.08999239
0.0888391
0.096206255
0.09943333
0.10181825
0.1013188
0.093435906
0.0969048
0.10217736
0.100047484
0.08374614
0.09098662
0.09108951
0.08884672
0.09078103
0.097306505
0.09316382
0.08219944
0.09965048
0.0858346
0.09329446
0.09065603
0.09560593
0.09690559
0.10150133
0.09415964
0.090738684
0.08795771
0.101420596
0.092016354
0.08921183
0.09782704
0.086423956
0.09434313
0.09494509
0.09326517
0.09316355
0.085827954
0.08567862
0.08813033
0.10049927
0.10300473
0.090523176
0.09269781
0.09524325
0.09519567
0.09659328
0.08586067
0.09382474
0.094713405
0.08765531
0.08850804
0.08868818
0.087201156
0.08255797
0.09165115
0.09421185
0.08910522
0.0847563
0.08042289
0.09352765
0.099982575
0.087138146
0.09916148
0.085584305
0.09601234
0.08823635
0.08754526
0.08496589
0.08113553
0.09523309
0.09315551
0.08897275
0.09098577
0.09174877
0.0908299
0.09163579
0.093485646
0.08096397
0.082573794
0.089379616
0.0805892
0.08522408
0.079689026
0.08021795
0.08041726
0.08222253
0.08005819
0.08425906
0.08037752
0.08224677
0.087679125
0.089995116
0.08494569
0.08412722
0.09296042
0.09333983
0.092300914
0.08561351
0.08913527
0.085447766
0.08519952
0.08648437
0.085598014
0.08180594
0.08384165
0.0906486
0.08723087
0.08219701
0.09041719
0.095395386
0.09220176
0.09058416
0.08420813
0.08180511
0.0940355
0.08843832
0.0914482
0.087568745
0.08630329
0.09232201
0.10424467
0.09098414
0.09267359
0.08766617
0.08552064
0.086424865
0.08727591
0.09339002
0.08551047
0.08323964
0.08659131
0.08092759
0.078171395
0.08094421
0.08581125
0.08606743
0.08622511
0.09165143
0.09409312
0.091018826
0.08476444
0.088016585
0.08190033
0.08103483
0.08543317
0.08644235
0.08299996
0.08396023
0.08135836
0.081640735
0.08481459
0.08162926
0.08120829
0.08224942
0.08433859
0.0860922
0.08710239
0.085597254
0.08756486
0.08627302
0.08364625
0.08317662
0.084869586
0.08174079
0.080578916
0.07986837
0.08356831
0.08887429
0.085069604
0.08653019
0.08419573
0.085673325
0.08340552
0.087426186
0.08639648
0.08878904
0.084758945
0.085964315
0.081843615
0.07828462
0.080597706
0.08943462
0.08602345
0.08865453
0.0831761
0.08278463
0.08749325
0.08139373
0.07975134
0.07931252
0.09825356
0.13422394
0.09976215
0.08287878
0.079643734
0.07886414
0.0754729
0.07767444
0.07661769
0.079744026
0.079659104
0.07957359
0.079924844
0.07876425
0.08206866
0.08159735
0.08230016
0.081696056
0.0819332
0.083135575
0.08185689
0.07762537
0.07900789
0.07675616
0.08032518
0.080524154
0.08385269
0.08596122
0.08490276
0.08533852
0.08529319
0.08292507
0.07954321
0.079589404
0.08801804
0.10148483
0.088960834
0.08714543
0.09606728
0.08425516
0.0791568
0.07761929
0.07821542
0.07958707
0.07924518
0.07871157
0.07894548
0.079102226
0.08143107
0.082349695
0.089618765
0.0971012
0.083163
0.07834046
0.07794814
0.08193062
0.07999191
0.08319366
0.08193969
0.08091874
0.079981
0.093627274
0.12505093
0.093405716
0.07545338
0.07684652
0.07487868
0.07846706
0.07736765
0.078340165
0.07484871
0.07745841
0.07818103
0.08128889
0.079558134
0.07793576
0.074287124
0.074956484
0.07444723
0.072562374
0.07041579
0.07376912
0.07540982
0.076390885
0.07479255
0.077418484
0.07757196
0.07651441
0.07571703
0.078788616
0.08072504
0.07897196
0.07756316
0.0760315
0.079603925
0.07972659
0.08026785
0.077810474
0.07905988
0.07902519
0.07907629
0.07436516
0.105328776
0.17121933
0.10946851
0.07836303
0.078455925
0.077318564
0.072683394
0.070893444
0.07179998
0.07570212
0.078649215
0.08016734
0.07893435
0.08013123
0.076691315
0.07883576
0.07488822
0.07351403
0.074414
0.07519436
0.07794633
0.078980155
0.08006589
0.091231525
0.11108518
0.089498825
0.07975398
0.073189564
0.077362694
0.075849675
0.07747055
0.07573508
0.0765832
0.07683747
0.07635002
0.07574782
0.07305793
0.07638909
0.07676617
0.07424279
0.079096265
0.07911619
0.083592504
0.08102479
0.080116406
0.0806491
0.07859374
0.07822843
0.076463185
0.07510961
0.07545713
0.07650024
0.075419724
0.07616311
0.07621231
0.07508901
0.0750161
0.07383692
0.074941166
0.07417103
0.07707461
0.0798812
0.07746461
0.07838633
0.07671341
0.07923724
0.07482117
0.07365336
0.07283839
0.0778044
0.07727147
0.07897137
0.074505776
0.076969594
0.07820881
0.08028218
0.07987345
0.07371873
0.073186696
0.07387273
0.077951565
0.07926734
0.07676331
0.0758695
0.077675894
0.07997944
0.078535095
0.0713617
0.07237297
0.07340015
0.07498858
0.074063465
0.07896964
0.08361456
0.082648724
0.080994904
0.07610384
0.07564903
0.07097458
0.07516175
0.07357309
0.07534174
0.07334527
0.07182694
0.07211641
0.07074244
0.072081834
0.0717297
0.069355994
0.065892875
0.06814639
0.07585337
0.07998416
0.080823496
0.07493937
0.07561444
0.07644476
0.079586454
0.07793801
0.073433205
0.07023792
0.07105907
0.070067756
0.07079074
0.069564775
0.0726265
0.07249346
0.07240716
0.06959114
0.06990409
0.07183219
0.07428746
0.073293164
0.07524144
0.07591284
0.07731994
0.07300143
0.072003335
0.072186746
0.07247732
0.06851395
0.06852862
0.069052875
0.069993965
0.06831532
0.07316253
0.07523059
0.07783962
0.07234387
0.07032163
0.06695035
0.06950722
0.067865744
0.069868766
0.068218574
0.07191495
0.073734984
0.07288316
0.07339313
0.06993865
0.06948109
0.06747512
0.06738557
0.07117132
0.06947632
0.07097296
0.070273206
0.07332536
0.07492265
0.072135255
0.07261098
0.06806912
0.07108745
0.07024388
0.0726612
0.0715658
0.06895597
0.06839511
0.06611532
0.06622401
0.06732353
0.068606816
0.071912475
0.072614945
0.08194875
0.08074254
0.078562155
0.070947126
0.070912
0.072752826
0.07234052
0.07199759
0.071859874
0.07088124
0.06908765
0.06747841
0.0640586
0.06808727
0.07348199
0.07757227
0.07471871
0.071189396
0.06973283
0.07184246
0.07185576
0.07153669
0.06726465
0.0663166
0.0674137
0.07146148
0.07262766
0.0707382
0.07069053
0.07013125
0.07099295
0.06925085
0.06599286
0.0674967
0.06807868
0.068822406
0.06967168
0.068329856
0.06839192
0.067241594
0.0726163
0.07639985
0.07883889
0.0770605
0.07164019
0.06926588
0.06828942
0.07675155
0.07631863
0.07497772
0.07282227
0.08256166
0.08792595
0.093900286
0.08740335
0.084840365
0.074329466
0.07133069
0.06884034
0.07050286
0.073117524
0.07547979
0.073172815
0.07284321
0.07199532
0.07434148
0.0701872
0.07369091
0.07213444
0.07386268
0.06858335
0.06888178
0.06909528
0.06541464
0.06679659
0.06772577
0.0721084
0.071327716
0.06865519
0.06844962
0.06784341
0.06970398
0.067114614
0.0645911
0.0642218
0.06717587
0.0698629
0.07062941
0.06919335
0.07018298
0.06696122
0.06874848
0.069274835
0.06997212
0.06802727
0.066452615
0.06634406
0.06557097
0.06698589
0.06719067
0.06962347
0.06961642
0.069776244
0.06910374
0.06648777
0.06887197
0.064637095
0.06669163
0.0648286
0.0720962
0.0744338
0.075408086
0.07259109
0.07396502
0.07101406
0.071209185
0.068081446
0.069961205
0.066304855
0.06602675
0.06504932
0.066973746
0.06528571
0.06434949
0.067515425
0.06895669
0.0713681
0.06724439
0.06307476
0.062128797
0.06283726
0.066302635
0.06465404
0.06592589
0.06255626
0.06393156
0.06625842
0.07426815
0.07712013
0.072067104
0.06818585
0.067119315
0.06965236
0.068140954
0.06714172
0.067201816
0.07323071
0.07829602
0.08200919
0.09107892
0.08379796
0.07606062
0.063587435
0.06754238
0.07131729
0.06653236
0.0655927
0.06295501
0.06848651
0.06584822
0.06719746
0.06517523
0.06812445
0.070796646
0.07864299
0.077272415
0.07602344
0.06780183
0.07002567
0.0664485
0.06540379
0.062841445
0.067737445
0.06635035
0.06786047
0.06040393
0.06592569
0.07027467
0.0871619
0.08437719
0.08117991
0.06800011
0.06611804
0.063254885
0.06566523
0.06436178
0.06453395
0.06332106
0.06623914
0.06679666
0.06634366
0.06732398
0.0700893
0.07298757
0.07205169
0.068140715
0.06543712
0.066194676
0.065129966
0.06630903
0.061268985
0.062837504
0.06330823
0.06750255
0.06727087
0.06540665
0.065014824
0.065534025
0.06479495
0.061808378
0.06047166
0.062481526
0.06648953
0.06523069
0.06660021
0.068736196
0.07129612
0.06776309
0.06141595
0.059588563
0.057900175
0.060795657
0.06490744
0.067663945
0.067061566
0.06448725
0.067553475
0.0653464
0.06319418
0.059225846
0.05860623
0.06033864
0.13242157
0.2777561
0.14226125
0.07155109
0.06866378
0.075487696
0.07634754
0.07810052
0.07037648
0.06849706
0.066459864
0.06324488
0.06461217
0.063537024
0.06359124
0.06256244
0.06419017
0.06359027
0.06292096
0.06088272
0.06133877
0.064239696
0.06751552
0.06893191
0.06996343
0.06566063
0.066678084
0.06468688
0.067812584
0.06692897
0.06510179
0.07435104
0.07539733
0.07458196
0.067145035
0.06688003
0.065594174
0.06582234
0.06310093
0.070204675
0.06436675
0.06567089
0.0618933
0.06444963
0.06551205
0.064729646
0.06324356
0.06134799
0.06371286
0.06363563
0.06807427
0.069305055
0.07269827
0.06715406
0.0651722
0.066093355
0.068395995
0.0698521
0.06928132
0.06852401
0.06623122
0.0675914
0.069442995
0.07134712
0.06672438
0.065196775
0.06693193
0.06857646
0.07642281
0.0747898
0.075106725
0.07073497
0.06964391
0.06834957
0.06326317
0.05957906
0.06397051
0.06642229
0.06743512
0.060724813
0.05872933
0.062364064
0.065287575
0.07119462
0.06838893
0.067931086
0.06701377
0.065048285
0.06281624
0.05689122
0.058383785
0.06306557
0.06501773
0.067056045
0.06586453
0.06818937
0.06993041
0.07244532
0.071872845
0.0699043
0.06579276
0.06516359
0.06480577
0.065992154
0.06456128
0.06434648
0.06376337
0.0648458
0.06656367
0.065426074
0.06322405
0.058837824
0.05935876
0.06100507
0.06180807
0.059491023
0.058589526
0.060511082
0.062986396
0.06367216
0.06320563
0.06217708
0.06433953
0.06624097
0.06470418
0.062366087
0.061521724
0.065332435
0.0618878
0.060332704
0.058872916
0.06146741
0.06274706
0.06027312
0.059319545
0.06270497
0.06400784
0.066580296
0.066457406
0.06277878
0.06269222
0.06267903
0.06545541
0.061780673
0.058625374
0.059844565
0.058121823
0.06339165
0.060675837
0.06006525
0.059524134
0.06000427
0.06176571
0.060115892
0.061433215
0.05958559
0.058895007
0.05946342
0.06094942
0.062142137
0.068397745
0.070628546
0.068423785
0.061499752
0.06009828
0.060066655
0.06073972
0.06150851
0.063862845
0.065449096
0.06615545
0.061333407
0.059923843
0.05741167
0.058340233
0.06637839
0.072115436
0.07686923
0.07499589
0.063090235
0.062153105
0.06139292
0.062473018
0.06318788
0.06301257
0.05962052
0.058736045
0.05906685
0.05841352
0.058773205
0.060921025
0.060232818
0.058440417
0.059817445
0.06163607
0.063262194
0.06808378
0.06882924
0.064842634
0.06207914
0.058514036
0.057088256
0.058092367
0.06053447
0.06047344
0.06088495
0.0611367
0.06030399
0.05865927
0.058204092
0.058625206
0.057749983
0.0586047
0.05848348
0.061301086
0.061275333
0.06071515
0.05977968
0.061929673
0.058471452
0.059023317
0.0592277
0.05904715
0.057939705
0.05798728
0.05565998
0.05639055
0.060576897
0.061397128
0.067414895
0.06732136
0.063649796
0.060469564
0.060429443
0.05966734
0.059359256
0.061996806
0.061813645
0.060036846
0.061047554
0.062380463
0.06371199
0.065739386
0.0703049
0.070578635
0.063657284
0.061233453
0.060460582
0.060610846
0.06117427
0.062866874
0.062221356
0.060711887
0.058013845
0.06003014
0.058418564
0.059080083
0.058897574
0.060395602
0.05913107
0.058524005
0.05691647
0.05768022
0.057754077
0.059492186
0.062526494
0.06448275
0.07133696
0.07706477
0.0788063
0.08139002
0.07505057
0.06963892
0.06830046
0.06531
0.065734595
0.06484453
0.06326755
0.06272353
0.062370323
0.061940774
0.05944333
0.060246155
0.05940565
0.06269734
0.061882574
0.062538184
0.061495986
0.05798273
0.05577112
0.055370837
0.053014766
0.0520395
0.055575475
0.059400853
0.061636485
0.06404463
0.06631952
0.064006805
0.06154788
0.059142943
0.060222823
0.057527367
0.059819803
0.0587445
0.06040057
0.059729133
0.06144055
0.061269205
0.059062283
0.058604866
0.060102426
0.06049284
0.061835848
0.06214736
0.060467932
0.059886213
0.058070373
0.056077342
0.057130117
0.057366412
0.056002766
0.05694802
0.0579429
0.05622779
0.055681866
0.054934446
0.054509968
0.053223703
0.054197807
0.05644502
0.055037487
0.05483747
0.056053497
0.05551828
0.056772158
0.060098495
0.060179368
0.062457718
0.06236881
0.0613273
0.06069885
0.061468054
0.058798596
0.059802312
0.060265552
0.060820956
0.06268272
0.06862563
0.0704471
0.070447445
0.07053252
0.07082056
0.064117454
0.061740525
0.06306522
0.06206549
0.059922174
0.060086694
0.061162375
0.058239255
0.057544693
0.06252386
0.06250854
0.064218454
0.06481986
0.0645561
0.05831421
0.056850642
0.052920517
0.052801672
0.052356772
0.052105475
0.05572558
0.05690527
0.056492608
0.057001106
0.05920767
0.055548575
0.05513966
0.054830756
0.055134587
0.052278508
0.053078476
0.053046793
0.05283542
0.053549577
0.05529316
0.056233432
0.055498403
0.05632722
0.056126993
0.055281997
0.054784622
0.056522798
0.05514408
0.055075664
0.05538609
0.055196296
0.05434671
0.055645384
0.05397363
0.05490469
0.055436417
0.05486351
0.05533288
0.05671054
0.057301365
0.056210667
0.05829469
0.056737933
0.057350308
0.055999007
0.055656742
0.055541947
0.055527356
0.055191647
0.05505428
0.05581245
0.060377628
0.06148793
0.06390271
0.061625954
0.0607291
0.058091413
0.05573633
0.053228833
0.054777656
0.055570666
0.05384626
0.053631924
0.055040088
0.0580457
0.056347635
0.053618424
0.05216175
0.052864105
0.054067213
0.053169504
0.05208448
0.051365104
0.05102061
0.05241931
0.05252668
0.05079316
0.049110755
0.049230956
0.050295334
0.049688455
0.04859243
0.05009839
0.04889849
0.0496874
0.049327757
0.04988221
0.05012194
0.05066183
0.050172083
0.051173206
0.051206086
0.050001048
0.048246376
0.049500793
0.049702704
0.050558656
0.04988724
0.05018643
0.051286064
0.05108908
0.050004106
0.048922088
0.047289614
0.04871694
0.049614266
0.04987341
0.053005803
0.05378117
0.05435262
0.054409597
0.053945836
0.05192601
0.05342437
0.05190721
0.050483152
0.051666003
0.0498282
0.04919071
0.04715435
0.046255488
0.04535581
0.04492912
0.04580337
0.043807663
0.04486417
0.045663603
0.046625238
0.049700305
0.04941342
0.050310005
0.051306006
0.051421665
0.050902963
0.04955611
0.048622742
0.047670294
0.047847953
0.047775358
0.05050932
0.05008367
0.051507246
0.054527543
0.055481344
0.05517629
0.05226276
0.05164718
0.053768523
0.052618794
0.050956886
0.051681828
0.049634177
0.050232187
0.05019239
0.04928486
0.04858367
0.048651643
0.050002802
0.050842527
0.0524112
0.05020196
0.049613465
0.050585564
0.049587414
0.046789937
0.044450805
0.0447447
0.04534394
0.046167605
0.046567835
0.045423612
0.044191536
0.045119677
0.0460769
0.0453735
0.043698214
0.042057473
0.042963035
0.04315278
0.04343953
0.044183824
0.045100596
0.046475273
0.048042472
0.04988424
0.0496472
0.04865754
0.046809517
0.04725787
0.048391063
0.046874303
0.045625743
0.043675277
0.042427856
0.043258276
0.04584884
0.046949767
0.04630498
0.04476528
0.04599961
0.0457573
0.046898495
0.047931887
0.047060963
0.04402165
0.044281136
0.044647966
0.044760704
0.043194275
0.042729784
0.044161893
0.04358314
0.044816602
0.04508776
0.045938786
0.048128344
0.048111163
0.049874876
0.05195216
0.050473064
0.049374577
0.047800608
0.04741672
0.046600997
0.043945175
0.04457128
0.043564126
0.043931577
0.043381605
0.044814806
0.047029216
0.049115125
0.047999877
0.04880399
0.048960492
0.04845796
0.04759451
0.04846083
0.04785119
0.046111602
0.044537436
0.045914464
0.04458716
0.045304332
0.044776537
0.044432357
0.043294467
0.04129386
0.04512431
0.045493435
0.044273145
0.043434866
0.043629214
0.04316426
0.043566573
0.042940028
0.044364072
0.046760444
0.045530785
0.041437507
0.042098712
0.04168783
0.042735763
0.044293903
0.0462615
0.047186367
0.045899518
0.047239363
0.04886467
0.048947316
0.049286854
0.05103517
0.05168902
0.05010211
0.046484362
0.04540066
0.04681813
0.047117013
0.04555824
0.046562884
0.046778966
0.0459362
0.044961732
0.044919457
0.04682258
0.045859303
0.044468407
0.048216555
0.04773071
0.047801293
0.046380177
0.04534793
0.0452048
0.044921257
0.045402166
0.04547943
0.047209665
0.046040546
0.042164803
0.042573743
0.04365618
0.044085108
0.04527312
0.044633046
0.04398992
0.042942356
0.042676657
0.04289902
0.042757705
0.042714115
0.04106072
0.040285844
0.041267876
0.040537927
0.04192209
0.042602584
0.043577727
0.04375961
0.044802863
0.046218723
0.045260955
0.04732659
0.046520732
0.044774674
0.043766074
0.046126816
0.046589863
0.04622551
0.04683007
0.04510372
0.045121603
0.0473324
0.047961973
0.050765496
0.051809043
0.048703384
0.046196785
0.047550514
0.048551653
0.049957782
0.047596443
0.046891656
0.046537742
0.045009147
0.044580333
0.04529469
0.046022132
0.047044005
0.045232877
0.04390469
0.043941777
0.043656584
0.043697286
0.043467615
0.042613328
0.042578865
0.04356909
0.04422846
0.041618437
0.04225249
0.042899072
0.044390067
0.04509555
0.04492332
0.042815406
0.044297658
0.04445182
0.043290615
0.04319068
0.044541884
0.044906627
0.04575694
0.04520028
0.044902705
0.046025008
0.04680768
0.046405144
0.04634973
0.04637735
0.046338897
0.04833195
0.050360996
0.051870238
0.05389951
0.053605
0.057614878
0.058239758
0.058956765
0.059439633
0.060224093
0.05740298
0.05408035
0.051871415
0.04895827
0.048108965
0.04592939
0.046242513
0.046541166
0.046500828
0.046396133
0.047246527
0.046875913
0.047916353
0.04944348
0.05100787
0.053081628
0.054223508
0.053971652
0.05501882
0.055590626
0.05485109
0.05536555
0.052333843
0.051336482
0.051206224
0.050150067
0.048526246
0.046473403
0.045063864
0.045563947
0.04688079
0.046369016
0.04710692
0.046499982
0.045682136
0.044359095
0.043241486
0.04346027
0.043787554
0.044949587
0.04638693
0.044638608
0.04353961
0.043014873
0.04415403
0.045153
0.04648257
0.046477295
0.048463553
0.04808807
0.046462577
0.045614403
0.044476055
0.043256912
0.04416984
0.04539143
0.045906622
0.047062013
0.047123127
0.045880042
0.045035634
0.046378247
0.045794215
0.046484392
0.045084424
0.044689145
0.044516344
0.045271836
0.044238042
0.044943124
0.046677776
0.04808769
0.047664978
0.047400396
0.04817776
0.049734373
0.04943156
0.05125237
0.0518161
0.050293993
0.049766086
0.050089527
0.050116412
0.047872256
0.047802657
0.04657849
0.045266457
0.045414034
0.04567685
0.044998385
0.04527366
0.045091808
0.044815034
0.04276629
0.042889006
0.04144636
0.042479962
0.04378982
0.04311654
0.042322237
0.04211033
0.041386366
0.041670866
0.041236028
0.041203327
0.0416423
0.04248295
0.04296228
0.043611158
0.043815076
0.044317108
0.043886214
0.045094654
0.05512134
0.05585247
0.057267178
0.060911514
0.05897296
0.06089045
0.0615005
0.05736387
0.055742446
0.05550691
0.05526137
0.05794538
0.055800088
0.047426652
0.045097396
0.04503116
0.043868903
0.04332805
0.043290067
0.04433791
0.044175986
0.047712915
0.04882037
0.04858624
0.04932728
0.048214402
0.04842661
0.049997214
0.051422324
0.049634673
0.048830464
0.04883947
0.048028767
0.048380297
0.045968708
0.045189187
0.044846777
0.044146307
0.044963468
0.044200484
0.043406002
0.043777466
0.04440955
0.04516813
0.045761228
0.045511387
0.045662493
0.04444865
0.04246833
0.041945282
0.04131836
0.04145427
0.040894855
0.041107435
0.042006277
0.042010292
0.04074598
0.04080923
0.03997785
0.040475927
0.04014418
0.03974243
0.041035876
0.041648183
0.042352293
0.042207856
0.042314317
0.042661596
0.043426722
0.042213988
0.041835573
0.04181473
0.04245221
0.042791884
0.042826027
0.043643747
0.045444027
0.044732537
0.045597583
0.045603324
0.04506637
0.045002807
0.046318926
0.046982847
0.048523705
0.049530003
0.048584726
0.04824413
0.04761436
0.046552412
0.046274457
0.04446924
0.045359094
0.04522455
0.04548309
0.04528096
0.045022912
0.043544684
0.04263362
0.041752167
0.041992802
0.04271166
0.04415253
0.04395177
0.044846356
0.044400796
0.04505529
0.044411592
0.044336677
0.043699298
0.045331012
0.045871794
0.048104372
0.046847966
0.04767864
0.048371933
0.048292603
0.047270633
0.047804113
0.047106445
0.04622154
0.046387535
0.046327274
0.045075182
0.045366645
0.043825075
0.043596406
0.04291058
0.040993966
0.041763827
0.042293046
0.041224826
0.04037046
0.04084945
0.04062944
0.040584456
0.041950237
0.04222009
0.043106213
0.04287892
0.043519195
0.04497274
0.04585217
0.047949858
0.048439898
0.049367364
0.04845297
0.049665254
0.05151549
0.052445043
0.053546447
0.055262752
0.055426683
0.054639623
0.0564302
0.056534145
0.054806273
0.053684775
0.05157514
0.050959084
0.049580082
0.04886905
0.047371916
0.046451867
0.045609444
0.04578309
0.043822315
0.043022275
0.04239922
0.041752085
0.04157607
0.041242342
0.040866226
0.040796436
0.040513065
0.041125182
0.04120316
0.041898277
0.043100853
0.043292943
0.043661095
0.043846343
0.043094344
0.04249268
0.042652678
0.04320916
0.043590266
0.043783866
0.044127088
0.045051906
0.045153078
0.04556569
0.0455375
0.043860693
0.044858307
0.050610535
0.05142377
0.050656326
0.051671315
0.05398751
0.055053346
0.054975227
0.05380242
0.052953713
0.052930683
0.051968932
0.052067347
0.053728342
0.054170463
0.056006633
0.055522025
0.054100603
0.048451833
0.049128838
0.04821163
0.046988863
0.04579537
0.045533985
0.04673057
0.047713827
0.04730925
0.04810595
0.048219137
0.046373315
0.04630412
0.046320178
0.045958597
0.046380404
0.04675409
0.044926364
0.04458555
0.044051882
0.0447558
0.047247805
0.04807806
0.04812952
0.04775606
0.047576237
0.047365937
0.047133256
0.048084423
0.046930578
0.047546756
0.047778137
0.04791252
0.046724238
0.05552081
0.058688827
0.060642444
0.06002941
0.057439268
0.056811195
0.05661296
0.057616208
0.057919666
0.05707835
0.05555663
0.05617105
0.05646343
0.053993437
0.05272418
0.052824825
0.053717915
0.053573374
0.05352108
0.053858254
0.044808898
0.0459343
0.046480842
0.04727311
0.047207333
0.04830059
0.05141493
0.052954104
0.05303411
0.05333513
0.055216208
0.054688863
0.056029517
0.057893448
0.057358705
0.05666711
0.055946387
0.05507208
0.05390832
0.05258197
0.052240014
0.05276601
0.051165428
0.050966688
0.049718082
0.049052756
0.046051886
0.045668077
0.045929044
0.045153495
0.046090957
0.045033026
0.044459205
0.04403346
0.044635173
0.044998415
0.04550359
0.04655643
0.046958778
0.046879057
0.04650156
0.04804557
0.048945166
0.049571946
0.0505525
0.05044863
0.05073587
0.051555872
0.050878584
0.051195968
0.050245725
0.04846163
0.04796347
0.04854667
0.048286695
0.04798863
0.049026385
0.050034285
0.05035121
0.04979991
0.050046403
0.050322384
0.049250957
0.04897203
0.049114298
0.0492828
0.05039116
0.04971263
0.049090914
0.048901904
0.051508714
0.05371413
0.054387875
0.054609142
0.057031285
0.058043722
0.057055946
0.056150377
0.055440545
0.05643971
0.05686133
0.05635951
0.056235537
0.056577418
0.057019994
0.05770345
0.057595763
0.058171317
0.058776837
0.059229106
0.057202283
0.057087522
0.056688987
0.055554964
0.05459469
0.053749472
0.05378736
0.05504447
0.055199403
0.055669297
0.055345528
0.05640193
0.05758105
0.05727608
0.056995697
0.056531288
0.05649083
0.05791061
0.058890324
0.0598971
0.060125586
0.060611255
0.060362875
0.06099077
0.059918303
0.06079325
0.061895102
0.059799064
0.05938214
0.059560582
0.05777181
0.057687994
0.05732005
0.0565801
0.05593834
0.055908613
0.055221394
0.0554596
0.055263784
0.054373678
0.053177834
0.05289876
0.052913822
0.0529865
0.053201087
0.0542837
0.054438453
0.053811267
0.055182856
0.05586938
0.05519167
0.054257736
0.054807514
0.054057293
0.054502867
0.053963065
0.055310037
0.056619924
0.058669172
0.05873065
0.058373943
0.057415806
0.056455404
0.056677613
0.055764545
0.055724606
0.05588351
0.055955842
0.055708464
0.05478046
0.05509978
0.0550391
0.05375776
0.0539141
0.054567367
0.054922473
0.054906752
0.056232095
0.05650799
0.05627592
0.05601391
0.05479745
0.05413369
0.05381413
0.05363486
0.05459493
0.056126386
0.058378138
0.059698496
0.06005269
0.059764463
0.060526013
0.061230607
0.061149813
0.061125703
0.06090104
0.06267231
0.06255322
0.061373044
0.06099626
0.0613796
0.06055165
0.060054824
0.060623325
0.061463658
0.06134931
0.0618797
0.06230407
0.063599825
0.06444604
0.065220535
0.063958086
0.06482714
0.06614609
0.064909175
0.065514214
0.06701695
0.06536072
0.06603242
0.065205894
0.06634355
0.06775561
0.06759424
0.06753139
0.068438984
0.06803186
0.0679337
0.06627976
0.065745704
0.06617487
0.066738814
0.066259965
0.06572331
0.06445776
0.064658426
0.06466652
0.06448589
0.06473603
0.06364805
0.06405107
0.06373984
0.063650824
0.06420159
0.0645186
0.065266006
0.0663001
0.06560014
0.06729787
0.067900695
0.06866914
0.07031302
0.07164214
0.073924504
0.07536925
0.075018525
0.07575617
0.07516385
0.07627032
0.07587625
0.075205244
0.07416712
0.07435843
0.07442378
0.0746072
0.07647447
0.07648824
0.07679842
0.076316394
0.07633691
0.075333245
0.07515544
0.0734142
0.07228751
0.07068645
0.07136913
0.07070824
0.06982051
0.06964963
0.06924729
0.06964364
0.06896622
0.06942233
0.07008451
0.06962288
0.070437595
0.07167775
0.07089275
0.07219297
0.07278276
0.07306415
0.07396641
0.073252365
0.07406894
0.07573406
0.07844266
0.08051613
0.08300249
0.08581274
0.08795236
0.08897898
0.08850462
0.08933241
0.0914361
0.09341683
0.09326663
0.0938443
0.09196145
0.09218264
0.09245759
0.095049955
0.096766636
0.096325606
0.09515723
0.09834979
0.0984857
0.09909965
0.10004111
0.09782666
0.097007886
0.09464837
0.09384697
0.09224569
0.09116783
0.08943951
0.087803215
0.087996475
0.088954866
0.09068033
0.09205397
0.09309629
0.09275008
0.09345638
0.095408395
0.09751136
0.09765149
0.0975607
0.096925214
0.098677896
0.098538235
0.09991784
0.100579165
0.10083123
0.10106973
0.10360809
0.105921775
0.10966174
0.110751376
0.11268286
0.116318114
0.11808082
0.11791998
0.119142056
0.12068714
0.121193856
0.11917797
0.11869866
0.11912727
0.11793469
0.11839678
0.11850877
0.1173573
0.11570631
0.115133114
0.116408035
0.11641746
0.114840336
0.11366706
0.11277402
0.11401995
0.113698974
0.112112395
0.11123212
0.11076602
0.110525094
0.109447524
0.10799282
0.10639613
0.10601294
0.106551625
0.1066251
0.107884854
0.10787289
0.10705206
0.104943246
0.106926255
0.10766178
0.1098242
0.110190205
0.11138349
0.11238733
0.11253046
0.1148818
0.11558484
0.12529685
0.12654181
0.12662145
0.12770289
0.1283923
0.13303612
0.1333351
0.13596548
0.13607936
0.13878328
0.14122896
0.14461628
0.14556557
0.14812095
0.14821151
0.15309252
0.15854654
0.16119662
0.16353479
0.16428375
0.16360886
0.1664778
0.17181031
0.17665954
0.18140924
0.18920138
0.19217761
0.20408037
0.20920743
0.21522042
0.22286096
0.23031779
0.2389721
0.23118243
0.24382883
0.25627363
0.26772118
0.28355485
0.29215813
0.3082871
0.32168755
0.3384358
0.3549841
0.38270998
0.40350038
0.43449903
0.45610097
0.4849159
0.50631905
0.5356388
0.5496224
0.556507
0.5717073
0.5830486
0.57574415
0.58516663
0.6008834
0.61642486
0.6316583
0.64164543
0.6478789
0.6641229
0.6770549
0.69362205
0.7139199
0.7273978
0.7559022
0.78854847
0.8081175
0.8504913
0.87952095
1.0117902
1.0815117
1.179026
1.2628328
1.4086277
1.514147
1.6711333
1.8621899
2.1010914
2.3932116
2.7931979
3.2371886
3.8913033
4.7327576
6.3711267
7.389163
21.410046
32.18969
57.475124
170.25708
76.59228
69.20147
69.20147
