414.32687
115.06571
67.85872
52.741287
43.166435
36.45445
31.722069
28.13446
25.36928
23.02779
21.181065
19.640234
18.528055
17.395918
16.457247
15.547488
14.631989
13.995993
13.302411
12.777499
12.195456
11.734048
11.260059
10.859578
10.38453
10.07922
9.697294
9.374535
9.114911
8.829783
8.588355
8.347046
8.141754
7.843314
7.6551943
7.4665217
7.247348
7.0799174
6.913411
6.7739305
6.6097393
6.4137154
6.275996
6.1752353
6.0503964
5.9224467
5.768364
5.674235
5.5265355
5.3904996
5.3451605
5.2355623
5.1040215
5.056532
4.9316015
4.866801
4.7491283
4.7631774
4.6230574
4.576434
4.4579797
4.342718
4.2892876
4.231034
4.1356792
4.0804253
4.0444818
3.973502
3.9025242
3.8568192
3.7637296
3.7553837
3.7245305
3.6689413
3.6035266
3.568034
3.5044382
3.498226
3.3948488
3.3636417
3.3482614
3.3051877
3.3192627
3.245768
3.2227285
3.185255
3.1252918
3.090834
3.0902617
3.0435138
3.0200915
2.9820724
2.9382386
2.8952215
2.8845186
2.8646233
2.793562
2.7667696
2.7426963
2.7518709
2.718998
2.6797051
2.6580772
2.6007733
2.6108978
2.5760314
2.5448296
2.5352325
2.5203905
2.505644
2.4624646
2.4444587
2.4226885
2.4138563
2.420854
2.3901968
2.3795924
2.325794
2.337266
2.3019242
2.2975764
2.258852
2.2452066
2.229185
2.2269526
2.1707478
2.1456757
2.1745677
2.161756
2.1506777
2.1227734
2.0745833
2.0727262
2.0631597
2.0544176
2.0222473
2.0466392
2.0278592
2.0074692
1.9860256
1.9626741
1.9748851
1.9615978
1.9357721
1.9156034
1.9155915
1.91434
1.8670295
1.8848608
1.8863753
1.8834769
1.8649718
1.8492206
1.8488482
1.8081038
1.8538327
1.8195187
1.8165326
1.79225
1.8073483
1.7727243
1.7582773
1.742973
1.7658665
1.730414
1.7198429
1.7119274
1.6910335
1.6902764
1.6659075
1.6805047
1.6925528
1.6592364
1.6513909
1.6348803
1.6366707
1.6430004
1.6141254
1.6318738
1.616055
1.5797039
1.6087271
1.5980631
1.5879544
1.5716354
1.5851487
1.5633123
1.567874
1.5618947
1.5644697
1.5438641
1.5224978
1.5448877
1.536589
1.5075904
1.4993441
1.492702
1.5022906
1.5033983
1.4838028
1.489719
1.4625036
1.4661926
1.465714
1.4353656
1.4548578
1.444399
1.4244156
1.4315622
1.416025
1.4174874
1.4326639
1.4024678
1.4131033
1.3821328
1.4214102
1.3953052
1.3971093
1.395437
1.3767768
1.3751943
1.3843919
1.3707497
1.3678945
1.3601186
1.372722
1.355896
1.3776008
1.345614
1.3526375
1.3467569
1.327944
1.3221245
1.3263389
1.3147432
1.3066088
1.3172064
1.3037963
1.3157235
1.3231184
1.313418
1.3260511
1.3065008
1.304735
1.295127
1.3111565
1.3088899
1.2926326
1.2927926
1.2732118
1.2836186
1.270387
1.2718788
1.2747467
1.2597318
1.2539958
1.2568934
1.2554381
1.2559066
1.2437083
1.2422216
1.2455447
1.2269119
1.2122403
1.2308425
1.2273433
1.2092638
1.2111499
1.2087148
1.2174819
1.219575
1.1975163
1.1939659
1.2000427
1.2005647
1.216137
1.1950352
1.181819
1.1860626
1.1770576
1.1569498
1.1495614
1.1682801
1.1734315
1.1619419
1.1466228
1.1522377
1.1586077
1.1497214
1.1514915
1.1435281
1.1361679
1.1364882
1.1394573
1.1203456
1.1122725
1.1559091
1.1245365
1.1167696
1.1169707
1.1175748
1.1094183
1.1094984
1.1048774
1.0911845
1.1009305
1.0930285
1.0959078
1.0760872
1.0928646
1.0876865
1.0888662
1.0966685
1.0750948
1.0697424
1.09096
1.0615226
1.0621545
1.0654604
1.0512958
1.0596247
1.0482202
1.0620276
1.066873
1.051678
1.0526861
1.0491093
1.0410154
1.0251008
1.0237223
1.0387201
1.0255241
1.0330969
1.015109
1.0220183
1.0251997
1.0311339
1.0215722
1.0224696
1.0112263
1.022124
1.0012408
0.9935919
1.0174513
1.0168486
1.021579
1.0146322
0.9975775
0.9933597
0.9877619
0.9913797
0.9865991
0.99694854
0.9751976
0.97398686
0.9809101
0.9637005
0.97786015
0.9846778
0.96472126
0.9757616
0.9795893
0.95786536
0.9666322
0.9602822
0.9647621
0.9710731
0.96141666
0.94862974
0.9513061
0.94990003
0.9393382
0.965177
0.9594437
0.94161475
0.94844866
0.9375774
0.94175166
0.9363506
0.95297647
0.9297726
0.92557096
0.92257416
0.935267
0.94141436
0.92215943
0.932049
0.9212006
0.9153842
0.92242944
0.9193421
0.90847677
0.9048522
0.9200587
0.9129158
0.9130358
0.92202085
0.92224264
0.9151635
0.91008294
0.9093389
0.90998715
0.89499825
0.9089943
0.91641897
0.91556627
0.8981169
0.9052781
0.892776
0.8901891
0.8902395
0.8853369
0.8936587
0.8962574
0.8974108
0.8937042
0.8931596
0.9070667
0.9226356
0.89711267
0.8848222
0.87225777
0.8679914
0.87299806
0.88112843
0.89590997
0.89794296
0.91633683
0.86427075
0.8641995
0.85573244
0.8759751
0.8590922
0.85497844
0.85403115
0.8440901
0.8406493
0.8385037
0.84104824
0.84999543
0.8351894
0.84347856
0.83762556
0.83137816
0.84890896
0.82376987
0.83258224
0.82156557
0.8226697
0.8356127
0.82856447
0.8209475
0.818942
0.823703
0.81638956
0.80787843
0.8149715
0.8001356
0.81216305
0.8149793
0.8021879
0.80832887
0.81145114
0.81394464
0.8062346
0.7934579
0.7900666
0.7939566
0.8038834
0.78761435
0.79116756
0.7931201
0.7861622
0.7950583
0.7834321
0.7773038
0.79443675
0.7873716
0.7838693
0.77035326
0.7818757
0.78286
0.78029746
0.78748417
0.77010715
0.7675313
0.78246677
0.7751964
0.7788133
0.77330756
0.78110296
0.7561159
0.7621556
0.7613394
0.7617443
0.7652321
0.75045824
0.75457424
0.766588
0.76137656
0.761044
0.75577706
0.7450907
0.75106937
0.75353104
0.74634874
0.76459676
0.748749
0.7367023
0.74300224
0.7393514
0.7511459
0.7448492
0.7540793
0.73340976
0.7432245
0.7341205
0.738936
0.74026763
0.7321517
0.73314244
0.72707057
0.7375638
0.7271609
0.71852547
0.71437126
0.72056794
0.72078234
0.7225642
0.7198449
0.72430474
0.7174571
0.71467274
0.73104054
0.7213334
0.7134845
0.7165209
0.7138697
0.7119024
0.72260326
0.7107597
0.70514804
0.7139183
0.71405286
0.71192825
0.7174272
0.716541
0.70508486
0.70224756
0.71663654
0.6998887
0.69314194
0.6970919
0.7033561
0.6885557
0.69725037
0.6982495
0.7047428
0.689509
0.707781
0.69248813
0.6874369
0.69249684
0.7041355
0.70774853
0.6863307
0.68195695
0.6823705
0.6814044
0.6794671
0.6724988
0.6967731
0.67235655
0.662423
0.6656384
0.67712206
0.6772734
0.6872154
0.67635655
0.6743605
0.675593
0.6598724
0.6616781
0.6855207
0.6733865
0.66295373
0.65807414
0.6652886
0.65358806
0.66765845
0.6536789
0.67974675
0.6929638
0.65321964
0.6600043
0.64857006
0.6496181
0.66466165
0.6544463
0.6486036
0.6470966
0.64922667
0.6451748
0.63068604
0.64958286
0.63925296
0.6359255
0.6290951
0.6468618
0.63343614
0.6283448
0.6320812
0.6344584
0.62692094
0.63504755
0.6212614
0.6219187
0.6425865
0.62176186
0.62934476
0.610108
0.6300307
0.612926
0.61671823
0.61903477
0.60643137
0.61330837
0.61792123
0.6153092
0.6184861
0.6090482
0.6341871
0.6086316
0.6186829
0.6080254
0.61166114
0.6031452
0.61287415
0.6029262
0.60333973
0.6035561
0.6112465
0.6036089
0.59684354
0.6007485
0.6086165
0.596334
0.60972935
0.60753775
0.6181104
0.59877294
0.60320264
0.60255504
0.6017764
0.5985767
0.59703386
0.58595717
0.6116853
0.5974737
0.6113822
0.59133345
0.5777939
0.59643173
0.5913083
0.58220524
0.5911002
0.5838327
0.5909294
0.5718446
0.5838968
0.5923448
0.59564346
0.58938074
0.57313144
0.58392227
0.5938966
0.57961893
0.57593936
0.57531416
0.5855381
0.5827162
0.57821006
0.56817085
0.5769598
0.5737663
0.56051767
0.5629694
0.5577713
0.5692289
0.5584938
0.5670344
0.5800785
0.54876417
0.55630904
0.55925155
0.56459785
0.5604466
0.55655277
0.56256795
0.55596364
0.55056804
0.5591736
0.55777615
0.5520283
0.5562956
0.5566269
0.5578904
0.557621
0.54852784
0.54636556
0.54232377
0.5470948
0.54803604
0.55028623
0.54578394
0.54729545
0.5315773
0.5365897
0.5404779
0.5347831
0.54968
0.5318211
0.5339738
0.54419684
0.5519563
0.53070635
0.53521115
0.5483919
0.5291853
0.52771
0.542933
0.5345898
0.52544934
0.53302693
0.5262394
0.5478686
0.54167736
0.5364616
0.53154796
0.5199643
0.52231485
0.5213615
0.5221854
0.51896465
0.51593536
0.52762234
0.51885897
0.52972776
0.5142838
0.5301708
0.5161885
0.5190933
0.5234742
0.5209734
0.5305311
0.5314889
0.5107826
0.5165299
0.5066222
0.517584
0.52152485
0.517874
0.5196225
0.5133324
0.5115576
0.510713
0.5087041
0.5123054
0.50886756
0.51150864
0.50684506
0.5093174
0.512404
0.504187
0.5010368
0.49758196
0.50684875
0.50595725
0.49296173
0.49342334
0.5078721
0.51960564
0.51131046
0.49803802
0.49470058
0.49993512
0.49014133
0.5028842
0.4811897
0.4929326
0.49565426
0.47675046
0.48651263
0.48833096
0.48449296
0.48060635
0.48559174
0.49005497
0.48972288
0.48459452
0.4826238
0.48582494
0.47501066
0.47885546
0.4762617
0.4805432
0.47937176
0.4876098
0.47638458
0.48347515
0.47395808
0.4798903
0.47692305
0.47414905
0.4616602
0.47452688
0.46565914
0.46108598
0.4645366
0.46800277
0.46010226
0.46894675
0.46960527
0.4768197
0.45199445
0.4628252
0.452917
0.4637478
0.4613481
0.4647075
0.4578917
0.45619673
0.46230707
0.4736344
0.47453338
0.47974727
0.4529998
0.46172747
0.46894506
0.4606304
0.4627915
0.4567795
0.4523272
0.4589299
0.45302704
0.47304356
0.45678285
0.4446567
0.44383693
0.4405243
0.45293605
0.45277372
0.45837012
0.45021737
0.4424938
0.4507785
0.4468114
0.44029874
0.44449168
0.4496449
0.44148314
0.44712904
0.43873498
0.45464897
0.43529588
0.44006875
0.43484792
0.44057333
0.44399086
0.43887413
0.44076106
0.43682265
0.44143865
0.44150642
0.4410804
0.4266101
0.42391682
0.43456307
0.43599343
0.43073136
0.42334187
0.44843724
0.4380865
0.42349428
0.43178776
0.41930184
0.42416987
0.42014363
0.42755365
0.43770853
0.4309472
0.4270677
0.42183638
0.4227252
0.4277125
0.4223874
0.42084536
0.41188306
0.4107664
0.41730016
0.4106538
0.43293345
0.42798126
0.41349813
0.40901434
0.4200725
0.423088
0.42679903
0.42576548
0.41709456
0.41854078
0.41103676
0.4070775
0.40556467
0.40732628
0.4092887
0.4077736
0.41274
0.40805486
0.41621193
0.41515985
0.4188901
0.40337402
0.4055328
0.40734813
0.41480944
0.39618102
0.40698078
0.40918788
0.40526432
0.4096642
0.40150392
0.4055522
0.40623257
0.39788982
0.40170807
0.3973722
0.3981037
0.40374023
0.4061339
0.39619988
0.3959343
0.40357348
0.39428726
0.39536226
0.39280626
0.3923425
0.39656025
0.38878316
0.40487775
0.41070443
0.39854875
0.39967725
0.39933354
0.3945152
0.39693633
0.391027
0.38686177
0.3910642
0.39461064
0.38817242
0.39140552
0.39871505
0.40044495
0.39146975
0.3945481
0.39159083
0.3927226
0.39199936
0.39111498
0.39637417
0.4063269
0.39355248
0.38778496
0.3896729
0.38426542
0.38331968
0.3758227
0.39182115
0.37978536
0.38154024
0.37210733
0.3837043
0.37625808
0.3751538
0.3708305
0.37576255
0.38286462
0.38169235
0.37519547
0.3712582
0.3747801
0.36747393
0.3807202
0.36933357
0.3664747
0.36847878
0.3725321
0.36402258
0.37612912
0.3636698
0.3858697
0.36706704
0.37376243
0.36761367
0.37179384
0.36960357
0.3684779
0.38423297
0.40400207
0.37664923
0.3791722
0.3722719
0.35754725
0.36018857
0.3588079
0.365369
0.36395735
0.37234974
0.35749346
0.3697303
0.36637905
0.37152293
0.36221078
0.3659529
0.35625398
0.356116
0.36619213
0.35118297
0.34564602
0.34852126
0.35595182
0.34671855
0.3556998
0.36234656
0.34699702
0.35547248
0.3526566
0.3530061
0.34577674
0.35001892
0.3720241
0.34954047
0.3466261
0.35725072
0.3519118
0.34648758
0.3482943
0.3538792
0.35409102
0.3482953
0.34260705
0.3467859
0.34090647
0.34877658
0.35251012
0.34665644
0.34533775
0.33323026
0.3526769
0.35391635
0.3387805
0.33199912
0.3527322
0.34720394
0.3409584
0.34361625
0.34315908
0.33529136
0.34261855
0.33404818
0.3339184
0.34599215
0.33912748
0.3385909
0.3421848
0.34294102
0.34308782
0.34071586
0.34855413
0.3382686
0.3386106
0.34875995
0.34088928
0.337601
0.33860654
0.32987443
0.3405493
0.33355692
0.33508644
0.3342459
0.33958533
0.3272509
0.33148578
0.34223607
0.33857003
0.3396883
0.32808974
0.33546627
0.32805577
0.3312028
0.3374321
0.33703104
0.34501052
0.33048093
0.32568312
0.3389287
0.32647818
0.31916988
0.33126518
0.3234591
0.31925827
0.31577194
0.33710718
0.33445492
0.3105547
0.3338587
0.31880757
0.3222714
0.3121815
0.32578644
0.32967967
0.31952873
0.31845373
0.33128256
0.31485838
0.31908014
0.32074016
0.33329082
0.31564564
0.32860702
0.35018027
0.33077085
0.32119963
0.32255843
0.32418764
0.31931964
0.3178477
0.32503295
0.3227512
0.31157032
0.32322258
0.32159603
0.3147072
0.30903527
0.31396195
0.3169033
0.3064453
0.31889907
0.3130085
0.31316704
0.30877194
0.31638587
0.311776
0.30643156
0.31827638
0.3109874
0.30656362
0.31174362
0.30695796
0.3073659
0.30962855
0.3057801
0.30803606
0.3043624
0.31261235
0.31535006
0.30510372
0.31218252
0.3049902
0.31176695
0.30142206
0.30377802
0.3034317
0.3106936
0.3209901
0.29856318
0.31098932
0.31007686
0.3041613
0.31632793
0.31093088
0.3097683
0.29916227
0.30538052
0.29887003
0.30535746
0.2959967
0.31522432
0.30329576
0.31630802
0.30271876
0.3073274
0.30108905
0.29234195
0.30739713
0.30460456
0.30135408
0.2956174
0.3180213
0.29295292
0.3064465
0.3013087
0.2955395
0.29438415
0.30537456
0.30244806
0.30330646
0.30330464
0.30410782
0.29606938
0.3046308
0.29741699
0.29782045
0.2979055
0.29680595
0.29476792
0.29270542
0.31409213
0.29495952
0.29673308
0.2935461
0.29872394
0.2846427
0.30227706
0.29469416
0.28408772
0.28783575
0.2871758
0.29227957
0.29704076
0.30171126
0.286852
0.3018125
0.29796433
0.29326454
0.2853827
0.28993183
0.28486937
0.2849496
0.28422615
0.28109363
0.3006628
0.28055495
0.29327622
0.2817291
0.28082985
0.27916008
0.2924875
0.28200826
0.28783622
0.289278
0.2837287
0.27890423
0.27852336
0.27844566
0.27467805
0.28748167
0.30162162
0.27799302
0.28448594
0.28686363
0.2730863
0.27518064
0.28537357
0.27650917
0.2761728
0.2770646
0.275753
0.27684113
0.27140355
0.27000764
0.27358237
0.27203828
0.28129652
0.2755426
0.27542022
0.28230715
0.2849412
0.27619112
0.26827022
0.27977428
0.27313516
0.2732423
0.28578004
0.2723988
0.27712476
0.26836786
0.27740002
0.26396322
0.2790349
0.26501554
0.26979506
0.27044302
0.28096068
0.2785631
0.27400216
0.2779919
0.27263635
0.27699855
0.2820092
0.2712159
0.26731116
0.27858967
0.27179617
0.26699662
0.2645591
0.26911137
0.2698134
0.2711954
0.27255964
0.26548612
0.26379552
0.26771414
0.25562784
0.2642764
0.2659417
0.27005628
0.2587616
0.2691514
0.26319
0.26476324
0.26467597
0.2556229
0.26072624
0.26513916
0.2681722
0.2634215
0.26326647
0.2649431
0.25887474
0.2641594
0.2646225
0.2576134
0.25536233
0.26305926
0.26133403
0.26386675
0.2603885
0.26222083
0.2623235
0.26346895
0.25181174
0.25485262
0.25804263
0.2593672
0.26223972
0.2561299
0.2621596
0.25487688
0.2502065
0.251711
0.2644474
0.25614107
0.25583342
0.26114023
0.25697714
0.25617394
0.25168827
0.24825428
0.25376263
0.25852948
0.24568765
0.25868568
0.25041157
0.2499807
0.2528885
0.25228775
0.2540894
0.24786463
0.24603443
0.2545598
0.24746439
0.25610223
0.24801596
0.25043437
0.25829083
0.24852824
0.25202054
0.25685796
0.24547148
0.25612012
0.24918285
0.2445224
0.24646369
0.24636056
0.25250253
0.25450844
0.24827917
0.23765598
0.2384158
0.24873523
0.25634673
0.24867846
0.24341518
0.24373163
0.24602409
0.24270602
0.2468875
0.24674623
0.23738904
0.24654643
0.2425275
0.24307929
0.2417693
0.2402514
0.2393892
0.2570658
0.2489753
0.2448459
0.24386586
0.24994378
0.23447692
0.24012674
0.24618468
0.24412835
0.24279563
0.24392398
0.24110562
0.24047945
0.24095069
0.24623097
0.23732686
0.24125078
0.2316138
0.25061288
0.24423143
0.25027835
0.24363236
0.24150518
0.23823042
0.23913956
0.24138656
0.23853342
0.23598874
0.24185994
0.24472445
0.24179287
0.23198836
0.24398342
0.24033496
0.23466615
0.24125952
0.2328051
0.24143985
0.22969209
0.23564868
0.23490377
0.24587466
0.23673762
0.23688379
0.22805308
0.24245596
0.24443449
0.22857308
0.22821757
0.23648971
0.23023808
0.23622216
0.22742796
0.23458982
0.23518558
0.23641287
0.23458026
0.2326209
0.2394527
0.23141457
0.22471783
0.22816528
0.22411612
0.22660446
0.2321254
0.2239729
0.22745189
0.23495296
0.23149091
0.22796959
0.22934012
0.22290608
0.23630847
0.22212425
0.22726944
0.2343769
0.22785635
0.22680126
0.22963688
0.22094817
0.22980542
0.23358895
0.22094636
0.23037651
0.22601812
0.22708203
0.23146778
0.23842221
0.23507124
0.22597463
0.21697055
0.22612818
0.21850477
0.22507076
0.22980869
0.22543828
0.22467165
0.22285227
0.22022146
0.23269898
0.21443842
0.23005997
0.22002575
0.21882938
0.22436367
0.22120354
0.23377
0.2235742
0.21709058
0.21605398
0.21617736
0.22438149
0.2271303
0.21165259
0.21451119
0.22671056
0.22330536
0.22752728
0.21901143
0.21837611
0.22445185
0.21536365
0.22355288
0.2253783
0.22124773
0.22377081
0.22330308
0.22427154
0.22064924
0.21614064
0.22403343
0.2200344
0.21877412
0.21837884
0.21720041
0.22038592
0.22477931
0.22283857
0.2205703
0.21437083
0.21778256
0.21139123
0.2247292
0.21858715
0.21390449
0.2268963
0.21859404
0.21840349
0.2140133
0.21536765
0.21591096
0.2133817
0.21994302
0.22213362
0.22065735
0.21962972
0.21478035
0.2127467
0.21340075
0.20981312
0.22521143
0.22199973
0.22321612
0.21476042
0.22162963
0.2218996
0.20894274
0.21338002
0.21703643
0.21737963
0.21417232
0.21137674
0.20847182
0.20822756
0.20318598
0.21371438
0.21222357
0.21572511
0.20689566
0.20650442
0.20610544
0.20901288
0.20612435
0.20716046
0.21119651
0.21242297
0.20287262
0.20713194
0.21488343
0.21100721
0.20756719
0.2143495
0.2181536
0.21173187
0.21171014
0.20747928
0.22046913
0.20468657
0.21271344
0.20676458
0.20447528
0.21308737
0.20463698
0.20945786
0.21161826
0.20434776
0.2046081
0.20486665
0.20800361
0.20722704
0.20895506
0.20560716
0.21652727
0.20103514
0.20844586
0.21252106
0.21731773
0.20154841
0.21493685
0.20981987
0.20542161
0.21024743
0.20937923
0.20979203
0.20572121
0.20312993
0.20164518
0.20758869
0.20282663
0.19929507
0.20380685
0.2024021
0.20000605
0.20342942
0.2048167
0.20636992
0.20299475
0.20027997
0.20278981
0.21181932
0.2000918
0.21071856
0.20681667
0.19823912
0.20020197
0.20379563
0.20502625
0.2014139
0.20216832
0.19673459
0.19861212
0.19983894
0.18745682
0.20439728
0.20167002
0.19747554
0.20746107
0.2221922
0.21527292
0.19927536
0.21169615
0.1986213
0.19267868
0.19240868
0.20058085
0.19827384
0.19596495
0.19467506
0.19836976
0.2150166
0.2016254
0.19948125
0.20132415
0.19317469
0.19789866
0.20243612
0.19320726
0.2029346
0.19674505
0.19206174
0.19401897
0.19095293
0.18517901
0.20724033
0.20187378
0.19570322
0.19744185
0.19197461
0.20207709
0.19476454
0.19767833
0.1961805
0.19445512
0.19811958
0.19465911
0.19866471
0.20257777
0.19353843
0.19350682
0.19048476
0.19216333
0.18485166
0.19542144
0.19174084
0.19631416
0.1926777
0.18808429
0.19544132
0.1880895
0.193069
0.1901963
0.19696602
0.19101946
0.19012055
0.19029352
0.1864072
0.19619188
0.18690458
0.19704525
0.18774247
0.18939343
0.18637526
0.18750674
0.19074231
0.19225994
0.18976068
0.18702504
0.19219156
0.18869168
0.18991399
0.19505548
0.18350355
0.1916945
0.18468949
0.19248194
0.19888224
0.19109267
0.19135325
0.19778624
0.1933315
0.18947665
0.18872038
0.18435779
0.18595013
0.18759254
0.19332148
0.18590054
0.18545179
0.1957923
0.1838621
0.19205567
0.19424911
0.18079488
0.18717997
0.19023228
0.17964955
0.19070388
0.18588825
0.1833777
0.18042064
0.1902212
0.18838252
0.18596989
0.17928126
0.18907544
0.18600315
0.18623865
0.19153683
0.18203649
0.18806893
0.18641858
0.19030847
0.1888124
0.18131171
0.1859514
0.18419336
0.1860302
0.18530495
0.18249781
0.18760596
0.19354807
0.19039324
0.19032441
0.20437002
0.20149277
0.18190646
0.19188495
0.19137187
0.18144439
0.18411145
0.1733097
0.1807188
0.17313528
0.18119505
0.18203633
0.19084547
0.17926708
0.18322149
0.17793335
0.18241741
0.1793234
0.17288743
0.17722967
0.17836341
0.18468009
0.17566043
0.18378861
0.17862941
0.1977404
0.17810382
0.1771285
0.17533751
0.17810802
0.18265484
0.17868012
0.18062323
0.18718301
0.17481087
0.17744973
0.1808441
0.17740315
0.17844638
0.16987722
0.18066835
0.17272717
0.17752026
0.17739771
0.17729256
0.18439433
0.17542931
0.18305142
0.17507611
0.17250477
0.17527144
0.1797893
0.18490967
0.1775985
0.18237099
0.17823803
0.18098944
0.16849816
0.17624716
0.17628035
0.1738848
0.17150176
0.18522076
0.17430387
0.17809778
0.18206477
0.17430902
0.18192662
0.17709276
0.17356856
0.1678681
0.18210933
0.18624112
0.17007007
0.17598034
0.1768869
0.17789695
0.17826147
0.17681861
0.18315583
0.16836539
0.17981686
0.18193617
0.17502248
0.17443231
0.18178746
0.17358416
0.1742694
0.17600499
0.17584999
0.17858526
0.17918439
0.18105204
0.16989632
0.1715292
0.17616142
0.17983557
0.17691617
0.17209324
0.17212923
0.16696666
0.17245515
0.17255092
0.16986339
0.17262422
0.17255567
0.16952373
0.17079584
0.17649184
0.17076652
0.17360559
0.17847626
0.16973628
0.16998878
0.17405015
0.16897193
0.16770485
0.16424753
0.17152397
0.16118017
0.1738905
0.1796891
0.1619697
0.17054224
0.16563553
0.17607652
0.16589382
0.16823049
0.16852586
0.168676
0.16188712
0.17944184
0.17060468
0.17681868
0.17030725
0.17159036
0.16737854
0.16607702
0.16883458
0.17103511
0.17690481
0.1668925
0.1702727
0.16418552
0.16620699
0.16870235
0.16484742
0.16611777
0.16956864
0.16733234
0.16359872
0.16387546
0.16456622
0.1648056
0.170876
0.16342741
0.16552256
0.15881543
0.16599217
0.16240326
0.16395785
0.170009
0.16548795
0.16527061
0.16475755
0.16684684
0.1667393
0.16487564
0.16459395
0.16408785
0.1661104
0.16518228
0.16642126
0.1624829
0.16450691
0.16980638
0.16155264
0.16144851
0.15859517
0.16171657
0.15905666
0.16795912
0.16216849
0.16148017
0.16356663
0.15951708
0.16155826
0.16443983
0.16132315
0.16621292
0.16970408
0.16335142
0.16645993
0.16016738
0.15841621
0.16614912
0.16645247
0.158799
0.15718003
0.15908596
0.15782936
0.16264226
0.15965323
0.1563332
0.16428232
0.16622761
0.15360285
0.16067849
0.16508994
0.16634023
0.16629232
0.16257586
0.1567874
0.166527
0.15633997
0.16082957
0.16393788
0.15839519
0.16095117
0.16247496
0.1577393
0.15854213
0.16289324
0.15757298
0.16044427
0.1591915
0.16148914
0.16754617
0.16101594
0.15610553
0.16044822
0.16776356
0.16102533
0.16139956
0.16421762
0.1680066
0.1726763
0.16160417
0.15733272
0.15921347
0.15119627
0.17396653
0.15212189
0.16271432
0.16099218
0.16022128
0.16562086
0.153754
0.16521147
0.1555956
0.15711597
0.16099936
0.1513379
0.16366476
0.15921213
0.15661795
0.1541608
0.15453714
0.16386047
0.15588929
0.1599225
0.15872355
0.15625584
0.16400537
0.16550379
0.16121991
0.16326143
0.16022259
0.15913852
0.15924972
0.15083873
0.15769929
0.15908971
0.15713486
0.15262814
0.15451364
0.16553897
0.16177057
0.15207571
0.15498438
0.15426403
0.15263212
0.15897897
0.16839486
0.15456271
0.15391238
0.15142532
0.1538323
0.15558489
0.15469171
0.15583146
0.14502999
0.17335233
0.18411511
0.15961817
0.15414044
0.15396106
0.1555189
0.15736733
0.15283881
0.15159826
0.1623087
0.15757549
0.15223108
0.14665486
0.15198702
0.15756524
0.15655579
0.1573752
0.15198849
0.15889911
0.1598574
0.15971445
0.15860194
0.15972996
0.15346768
0.15938051
0.15006478
0.1498817
0.15283161
0.15611398
0.15585262
0.15359253
0.15773313
0.15709108
0.15150131
0.1618775
0.15099016
0.1632632
0.14678551
0.15571657
0.14905277
0.14611244
0.1528785
0.15898617
0.15860088
0.15239109
0.15284336
0.15393642
0.15034635
0.1555082
0.15363605
0.15806037
0.15439476
0.15205182
0.14578259
0.1516977
0.1582917
0.15490068
0.16000281
0.14591934
0.15337619
0.15573506
0.14906085
0.15688244
0.15513465
0.15753825
0.15751025
0.1551865
0.14545858
0.14342806
0.15517029
0.14521429
0.1551332
0.15145439
0.15766948
0.15718152
0.15630099
0.14769512
0.1547711
0.1536644
0.15245011
0.1505376
0.14676705
0.1591455
0.15396057
0.14897765
0.15238574
0.15282078
0.15040293
0.15451941
0.15002933
0.14989237
0.15776217
0.16163234
0.14872642
0.15489617
0.14088513
0.15251608
0.14831512
0.1500939
0.15164053
0.1543613
0.15029563
0.15029123
0.15809295
0.15280837
0.14443214
0.14745724
0.14910051
0.14546804
0.1586266
0.15538721
0.14769828
0.14521559
0.15900454
0.1480803
0.14489444
0.14923528
0.15406114
0.14687096
0.14919575
0.15309812
0.1486739
0.15668967
0.14623868
0.1509254
0.14856522
0.14681299
0.14467555
0.14959978
0.14438409
0.15056373
0.14965418
0.15010339
0.15190355
0.14303444
0.15921506
0.14570017
0.14262253
0.14571744
0.14586441
0.15266234
0.14899823
0.1487131
0.14821455
0.15037188
0.14918424
0.14876772
0.15144078
0.14272429
0.14887677
0.14666584
0.15369482
0.14778706
0.14449023
0.14333296
0.14295495
0.14233127
0.14622866
0.14779726
0.14423202
0.1500893
0.14509487
0.14150487
0.13942292
0.14937583
0.1497502
0.15216452
0.14095095
0.14399098
0.14857055
0.14335044
0.14808996
0.13565734
0.15065622
0.1458184
0.14681485
0.1490916
0.1442944
0.14496022
0.14690426
0.14669947
0.14951025
0.1525533
0.14649288
0.14588459
0.15850176
0.15045948
0.13987562
0.14409979
0.14033054
0.1468485
0.1477193
0.14314066
0.14781395
0.15715465
0.14273162
0.15236497
0.14779736
0.14413092
0.14877935
0.14502075
0.15373157
0.14664523
0.14490463
0.1480865
0.1472146
0.15291303
0.14724314
0.14191942
0.14427988
0.14153084
0.14263748
0.14110039
0.13258743
0.1408977
0.14517155
0.14639647
0.1404041
0.14679831
0.1432032
0.14597128
0.14561035
0.1440739
0.14508335
0.14694482
0.14348559
0.15290803
0.14270505
0.1397824
0.1422746
0.14339411
0.1487258
0.14799504
0.15807508
0.14341536
0.14875615
0.1489958
0.13890672
0.14119893
0.1509641
0.14254934
0.15054522
0.13611197
0.1429637
0.14892086
0.14712198
0.14252408
0.13780017
0.14018166
0.14504756
0.14435129
0.1379808
0.1489747
0.14001931
0.14323914
0.14321484
0.14103617
0.1425849
0.14482108
0.14128816
0.14890307
0.14329386
0.13771121
0.13834542
0.15351367
0.14082827
0.14570002
0.14479318
0.14110662
0.14362238
0.14691885
0.14995866
0.13486314
0.14801209
0.14164263
0.14748098
0.13369691
0.13271658
0.15369046
0.14034665
0.13702835
0.14172803
0.14227296
0.13597657
0.15267362
0.13444914
0.13622066
0.13778014
0.1445237
0.13751757
0.14187522
0.139596
0.14132607
0.13799253
0.13849033
0.14499149
0.13726407
0.14026202
0.13902882
0.14201206
0.13989541
0.13898522
0.15515369
0.13941468
0.1393209
0.15088394
0.14642166
0.1335716
0.1430768
0.14091212
0.14120731
0.14477988
0.15550871
0.14564958
0.14317541
0.14171994
0.13947704
0.13575564
0.13688536
0.13232246
0.13706395
0.1406053
0.13911575
0.14058265
0.14167963
0.13922961
0.1369008
0.1473654
0.14351095
0.14085606
0.14180432
0.14754902
0.14508279
0.1874536
0.16783093
0.13858405
0.14577717
0.14104208
0.14225662
0.14770801
0.13971871
0.13706364
0.14547928
0.13378704
0.14050724
0.14138278
0.13959298
0.144789
0.13676281
0.12962686
0.13739705
0.13762471
0.13494545
0.13296852
0.14335127
0.13677284
0.14075327
0.14486387
0.13672924
0.134845
0.13158698
0.13500512
0.14063504
0.13773073
0.13250796
0.14687493
0.14032702
0.13914455
0.14181955
0.14274043
0.13486026
0.14282836
0.13527536
0.14254431
0.13868049
0.12815323
0.13057402
0.13745949
0.12892547
0.13230777
0.1314287
0.13851953
0.13017738
0.1326296
0.13400097
0.13962406
0.14084595
0.14522876
0.14203548
0.1405106
0.13600215
0.13530871
0.13571607
0.13539648
0.13371229
0.1351772
0.14254022
0.13480507
0.13637584
0.13849723
0.13357612
0.14339638
0.13699932
0.14814581
0.13406548
0.1360823
0.12928155
0.12866394
0.13041481
0.13226764
0.13163
0.13766365
0.13785827
0.14220345
0.13021499
0.13280115
0.13669576
0.13259086
0.13307948
0.13426775
0.13336213
0.13214795
0.14206183
0.13818003
0.13259847
0.13370588
0.12942232
0.1350876
0.13327868
0.13257541
0.1378518
0.13188198
0.13527307
0.14291963
0.13303898
0.14339232
0.14232634
0.13371375
0.13737693
0.13633974
0.1348552
0.13058393
0.14408049
0.12757292
0.13341479
0.13063084
0.14063497
0.13133776
0.12973836
0.14004956
0.13801941
0.13520905
0.14386855
0.13984531
0.1603992
0.14049827
0.13229951
0.13671803
0.13545658
0.1447482
0.13847733
0.13881026
0.14237064
0.13116735
0.12521923
0.13519524
0.13795495
0.14187227
0.13486503
0.12817419
0.13802806
0.13512558
0.13737004
0.13381714
0.13412909
0.1380081
0.13768992
0.138135
0.13042551
0.13942613
0.1308543
0.12725191
0.13198291
0.13121463
0.13970761
0.13172102
0.13588746
0.13779709
0.12895587
0.13629991
0.13035762
0.13250951
0.1362527
0.15085322
0.13397384
0.13390395
0.14236791
0.1447067
0.13371073
0.13690451
0.13391331
0.12633659
0.12965941
0.13619216
0.12946913
0.13694347
0.12939076
0.14135277
0.1281139
0.12449974
0.1314942
0.13549161
0.122046195
0.13792253
0.13597627
0.13068615
0.13711171
0.13009033
0.13256146
0.13130514
0.1357597
0.1343177
0.13018675
0.13329831
0.12709829
0.13986784
0.13406602
0.12753133
0.13385421
0.13798559
0.14091714
0.12888572
0.13518141
0.13194178
0.13447808
0.1321998
0.13056542
0.13695027
0.13401172
0.14681879
0.13272165
0.12908848
0.13955308
0.13541521
0.13425028
0.12956302
0.13214363
0.1291983
0.13393319
0.13456558
0.1413975
0.13659579
0.13352336
0.13020025
0.13824579
0.13667338
0.12741184
0.13090567
0.13393435
0.13133802
0.13078608
0.1443029
0.12777746
0.13027285
0.13623267
0.12886554
0.12699522
0.1259818
0.13454011
0.13143034
0.14368972
0.1329688
0.13210014
0.13688289
0.13135543
0.13699937
0.142699
0.13234407
0.13862182
0.1344602
0.1349079
0.1352612
0.12543775
0.13675947
0.13525409
0.13074176
0.12894115
0.13037907
0.12625876
0.13056794
0.13134924
0.17255601
0.16287975
0.13231085
0.1271961
0.15863316
0.12931097
0.1337606
0.13125442
0.1340629
0.1476827
0.13130946
0.12505238
0.13312007
0.13214025
0.13217609
0.14024523
0.13217202
0.12677194
0.12843645
0.13343278
0.12646107
0.13000889
0.1282226
0.13063902
0.13157287
0.1287902
0.13050249
0.12390588
0.13373822
0.1306323
0.13430664
0.12443772
0.12504943
0.13185886
0.13688329
0.12990963
0.12983878
0.12908895
0.12076721
0.13492788
0.12929243
0.123573996
0.12411914
0.12458841
0.12800704
0.12679203
0.13029535
0.13133141
0.12231728
0.13301316
0.12943394
0.12923382
0.13339642
0.14109947
0.13033281
0.1291744
0.12561032
0.12698588
0.13983607
0.13596128
0.13239267
0.13883114
0.12813751
0.13304096
0.13106047
0.12986124
0.13063364
0.1214939
0.13014169
0.1340889
0.13001303
0.12841332
0.14256898
0.12315543
0.12692598
0.12952138
0.12955591
0.12970714
0.1215677
0.13032846
0.13095452
0.13519803
0.12526152
0.12733066
0.12162391
0.13135959
0.1390559
0.122768685
0.12721828
0.12905481
0.12998798
0.12853369
0.13647367
0.12557158
0.12909237
0.13798355
0.13855588
0.13510525
0.1332801
0.12105672
0.122532584
0.12950516
0.1344821
0.1264184
0.12981033
0.12687868
0.13360113
0.12817414
0.12809376
0.12883501
0.12661336
0.13457246
0.12569326
0.13803045
0.13374674
0.124692
0.12874302
0.1407128
0.1278175
0.13447079
0.13255268
0.14050911
0.12301124
0.12983377
0.12516634
0.13156086
0.13836797
0.12886079
0.13346964
0.12742919
0.12034396
0.1242639
0.1300949
0.12974383
0.13222544
0.13214965
0.13011903
0.12612557
0.13588464
0.12627509
0.13375878
0.12792455
0.13017642
0.12843736
0.12486571
0.130992
0.1284637
0.12419213
0.13255784
0.13016583
0.13404515
0.12897384
0.12681252
0.12716894
0.12545839
0.12732491
0.12801874
0.12660705
0.14012335
0.123560034
0.13769822
0.13866019
0.13381621
0.12303651
0.12949108
0.13409421
0.13501126
0.12339604
0.13434826
0.13110773
0.13381815
0.12600923
0.12726378
0.13985461
0.1289087
0.123099
0.1389113
0.12206471
0.12728722
0.1323755
0.12955451
0.12658295
0.12521504
0.1251486
0.12227797
0.12167306
0.1333649
0.12993501
0.13016367
0.11798152
0.12954813
0.12835342
0.12562394
0.12783726
0.119896024
0.12547791
0.12798768
0.11967613
0.12498507
0.1365397
0.12560123
0.12939402
0.12382141
0.12339829
0.12310037
0.12231501
0.12356185
0.13099432
0.1308069
0.12510383
0.13125275
0.121512555
0.13571034
0.14370883
0.12727337
0.1256365
0.12719363
0.12269753
0.1382715
0.12745857
0.12791303
0.12757805
0.12895718
0.1271962
0.128228
0.12560984
0.1233708
0.1296458
0.12791623
0.12673917
0.12704894
0.13165575
0.118675984
0.12962988
0.12883414
0.12659974
0.13311239
0.12554297
0.123082064
0.124534905
0.12812962
0.13451377
0.13151753
0.12414609
0.11950606
0.119844876
0.12794
0.12074958
0.1253559
0.13836376
0.13132697
0.12496396
0.12688527
0.12592812
0.13154502
0.12944378
0.12795751
0.12142857
0.1278779
0.12842542
0.138141
0.11765911
0.12289029
0.12099642
0.13258517
0.12521051
0.11480306
0.13190895
0.117059544
0.13107078
0.1279521
0.13342987
0.129477
0.12630816
0.13039148
0.12448572
0.12882507
0.1230828
0.1210063
0.116725676
0.115046725
0.12330614
0.12549174
0.12148382
0.12960951
0.12061117
0.12234473
0.1375169
0.13006465
0.119527146
0.12752949
0.121429816
0.12101795
0.12049452
0.121599704
0.12425074
0.12618002
0.11905579
0.12774074
0.119993314
0.12589332
0.12342097
0.12860504
0.119164474
0.12679647
0.13371573
0.12515938
0.119658336
0.12554806
0.13058949
0.122763865
0.1244095
0.12788625
0.12774384
0.12599738
0.12874831
0.11961131
0.13001266
0.12245187
0.12008475
0.13396622
0.11696492
0.12793538
0.12161676
0.12746333
0.12689364
0.13463202
0.13406365
0.12219968
0.12747231
0.12076207
0.124095365
0.12599586
0.12095535
0.12943666
0.12677138
0.121582374
0.13155688
0.12656134
0.12562348
0.12677267
0.12939481
0.12446184
0.12079333
0.12281464
0.134338
0.12865475
0.11699066
0.12258524
0.115034945
0.12652417
0.12320631
0.13035436
0.12395867
0.13173662
0.12609138
0.12009727
0.12708502
0.12643492
0.1155704
0.12413915
0.12883921
0.12765065
0.11604113
0.1285438
0.122975774
0.12265477
0.123154335
0.121233866
0.12891251
0.12311825
0.13257377
0.12239104
0.12980385
0.1168646
0.12497395
0.122969985
0.1260285
0.12588866
0.13241154
0.12783259
0.122397706
0.13005632
0.12064486
0.13063975
0.119631015
0.12763892
0.126318
0.12608923
0.12201748
0.12029849
0.123622485
0.12429997
0.12916282
0.12125872
0.13026504
0.11663942
0.1267159
0.1173599
0.12253608
0.118431635
0.1257368
0.11893247
0.12357817
0.121257715
0.11818096
0.1316014
0.12175572
0.11927171
0.12439743
0.11642021
0.11847566
0.12820591
0.12984413
0.122177325
0.13058867
0.12732308
0.120617636
0.12769964
0.13616069
0.12655236
0.13623522
0.12387473
0.12591249
0.12561762
0.11323964
0.1188182
0.12773491
0.12603718
0.12488756
0.126966
0.12414398
0.13696875
0.117532685
0.116337545
0.12198003
0.12811942
0.12758836
0.12758045
0.1227067
0.12472306
0.11504069
0.12484828
0.12747167
0.12314754
0.115182385
0.11159612
0.12948273
0.13316189
0.12329446
0.115776636
0.121844456
0.12172886
0.1399248
0.1272565
0.13736789
0.13061036
0.12009148
0.12335769
0.118080944
0.11636639
0.12109672
0.12762506
0.12228935
0.12025757
0.12311234
0.1190229
0.120867364
0.11460125
0.13689773
0.12782665
0.12607941
0.12781589
0.1224792
0.1244256
0.10992157
0.11696628
0.1254178
0.12501322
0.11312702
0.115597785
0.11610325
0.11774877
0.12876058
0.1179694
0.11797116
0.115200065
0.12923099
0.12810878
0.11501008
0.12265783
0.12326946
0.122145385
0.12187487
0.12641732
0.13556916
0.122301
0.11897533
0.1260973
0.12882176
0.113148056
0.12635785
0.12188198
0.12093375
0.122943774
0.12334494
0.11183071
0.12485784
0.1210224
0.12161666
0.12550233
0.122192085
0.11870596
0.12101011
0.12919542
0.12424575
0.11827392
0.13332972
0.12246599
0.11942084
0.11573829
0.12645806
0.12157755
0.11821638
0.12205467
0.1164886
0.119527325
0.11883771
0.12397436
0.12709883
0.11832964
0.116609134
0.12443773
0.12514229
0.12330641
0.11586908
0.115036845
0.11940709
0.11269786
0.120229825
0.11683334
0.12310845
0.11855436
0.12140618
0.115816675
0.113277666
0.112374045
0.11707471
0.12754264
0.12135072
0.11734478
0.12300471
0.12800495
0.11356712
0.12271102
0.124871135
0.11439804
0.11674215
0.11516556
0.115199685
0.113897964
0.12325543
0.13301782
0.1252125
0.119786255
0.12748429
0.11740331
0.11910146
0.11658153
0.118495256
0.11971476
0.11043991
0.12484117
0.123416506
0.124947935
0.1229251
0.12544055
0.12145305
0.1211663
0.12320392
0.12020517
0.11392869
0.12343292
0.13334963
0.116336845
0.12227076
0.12263584
0.12001216
0.11960156
0.11635113
0.11688539
0.116005145
0.12321274
0.12561305
0.12290709
0.11763746
0.12571053
0.12420678
0.12428274
0.12426981
0.12071628
0.13372828
0.120247334
0.115745604
0.13222298
0.1260119
0.11625176
0.12003737
0.1254798
0.12418226
0.11633446
0.11628351
0.11631468
0.117273815
0.120702736
0.11279047
0.12836334
0.115530066
0.12282401
0.12363007
0.11934624
0.120193966
0.11939051
0.12074562
0.11801206
0.12485442
0.117878094
0.11416868
0.12674163
0.11763619
0.12640513
0.114259616
0.1250337
0.11232277
0.12378862
0.118626006
0.119776815
0.126872
0.13166586
0.1230503
0.11633161
0.11260237
0.11588716
0.12227847
0.13748616
0.119378395
0.11983574
0.11868059
0.1201934
0.122055374
0.124841526
0.113344125
0.1189714
0.12413099
0.113181755
0.12327521
0.11535559
0.1257602
0.120455034
0.11856251
0.11143825
0.12060413
0.11509409
0.12542814
0.11007429
0.11589821
0.12982722
0.11340391
0.121744625
0.11328016
0.11540237
0.1251646
0.12251439
0.120377444
0.116917305
0.113466315
0.115632914
0.12420678
0.12054066
0.12130945
0.1191094
0.12035786
0.12688541
0.1260985
0.11886546
0.119756706
0.124488465
0.12024977
0.122610666
0.11810812
0.11245623
0.11587399
0.115681745
0.12760735
0.11809998
0.12530695
0.11014569
0.11445358
0.11889711
0.11548902
0.12543295
0.11512343
0.111338995
0.11877059
0.122484095
0.11119048
0.12087227
0.115158014
0.124089785
0.119152956
0.12042524
0.11704499
0.11779054
0.112625636
0.120874204
0.11877921
0.114847906
0.1745682
0.12695503
0.12017697
0.11341335
0.13213502
0.12079158
0.12333486
0.12699798
0.12673256
0.11497974
0.11687902
0.11917095
0.10727557
0.12340503
0.116171345
0.11828194
0.116168454
0.10966554
0.12580591
0.11613923
0.120878436
0.11586664
0.115084626
0.121667966
0.11806873
0.12197661
0.12431355
0.12735394
0.124095194
0.11460777
0.12391416
0.12125514
0.11609292
0.11480498
0.116063565
0.12441213
0.119154714
0.12516952
0.11352918
0.11733837
0.115349405
0.11713756
0.122280605
0.11561799
0.120545104
0.1261607
0.12027268
0.12596877
0.1252671
0.12029337
0.12157918
0.11517384
0.12063647
0.11584892
0.120752476
0.11591822
0.12376802
0.1088742
0.12519537
0.11665024
0.12224442
0.11803597
0.12122403
0.114035085
0.15246928
0.23667836
0.13476755
0.12995529
0.11791635
0.12279837
0.11863992
0.12551445
0.11652519
0.12802055
0.12453234
0.12518303
0.11467229
0.12261042
0.11618024
0.11966318
0.12918909
0.11621865
0.12227617
0.120260574
0.12517723
0.11305654
0.11590085
0.11475038
0.117946856
0.12246203
0.11814577
0.12398793
0.11897687
0.12885585
0.123875454
0.12733193
0.12857313
0.123146825
0.12549172
0.12748633
0.11229279
0.12092623
0.10576643
0.12299663
0.12558614
0.11960772
0.1180444
0.122084156
0.119330116
0.12847698
0.12159879
0.11919918
0.12597066
0.11947301
0.126728
0.1223442
0.11758671
0.11871354
0.12722282
0.12123733
0.130816
0.11479119
0.135457
0.12512368
0.11505983
0.11551878
0.11474565
0.119539715
0.123949125
0.11094568
0.12436785
0.12252387
0.1069081
0.11836562
0.11682825
0.1336292
0.12220754
0.1342034
0.109472856
0.115401596
0.12561557
0.10932096
0.12422149
0.12237828
0.112839
0.11761051
0.10989117
0.114370614
0.11574367
0.118395746
0.12740687
0.112412915
0.13151827
0.12061937
0.12209036
0.1135693
0.12519851
0.1184897
0.11359573
0.12228875
0.11544049
0.12152734
0.10751482
0.1157722
0.12913656
0.120245725
0.11957852
0.11298351
0.111562274
0.12558956
0.11755859
0.12545255
0.121965565
0.117408216
0.13109437
0.11702128
0.11792366
0.1161208
0.113772064
0.12001844
0.11050422
0.116117194
0.11937971
0.12959348
0.11967519
0.11429021
0.116645545
0.13526617
0.12756898
0.13015573
0.11873161
0.11094887
0.110697776
0.12510584
0.1091019
0.11935886
0.122248165
0.117598884
0.12450354
0.11045036
0.115797505
0.1217451
0.119200155
0.121877186
0.11420871
0.11944019
0.1056345
0.12552096
0.120520286
0.11474987
0.1287405
0.11263604
0.11839521
0.120506085
0.112362675
0.11729948
0.11732292
0.12169138
0.10999834
0.11980717
0.1163485
0.11409279
0.116229326
0.119105645
0.11497731
0.129461
0.11668964
0.1284094
0.11597199
0.1135008
0.11584392
0.11213773
0.121061794
0.11939967
0.1221076
0.115965664
0.11458842
0.114149004
0.116026826
0.10396867
0.11492039
0.12312859
0.11741731
0.10954342
0.10926949
0.110755555
0.116491355
0.12040023
0.11726342
0.10805833
0.11679211
0.10952791
0.12631927
0.1243756
0.12311607
0.12183391
0.1145234
0.112116665
0.116036154
0.11682015
0.1206973
0.13167508
0.11899092
0.11351265
0.13089734
0.11500396
0.11516689
0.11030774
0.11966066
0.10789726
0.122119606
0.112742454
0.11889793
0.114437014
0.11358172
0.129913
0.11291836
0.11052469
0.118043184
0.11805084
0.1234031
0.11929545
0.114538625
0.12626651
0.12195211
0.12718071
0.124128796
0.12594336
0.11226227
0.13786821
0.12056773
0.11284459
0.12270382
0.11831658
0.11363029
0.118521094
0.116995916
0.117340066
0.12372034
0.1166044
0.118357725
0.12519278
0.119159386
0.108279884
0.121430114
0.11922265
0.113040626
0.109286
0.11330851
0.11264945
0.11133091
0.124420404
0.114713795
0.11470829
0.109394066
0.11621545
0.11969629
0.12581606
0.11490685
0.11880182
0.11293104
0.114060335
0.13651675
0.113838024
0.111196175
0.11338145
0.11882625
0.11664424
0.11526373
0.104599856
0.11750836
0.11433583
0.13026996
0.11779606
0.112254255
0.116437
0.11102601
0.10987288
0.11866986
0.12104619
0.11043961
0.117088
0.10916373
0.11224208
0.119758934
0.1255115
0.11906115
0.12303458
0.12532629
0.14187157
0.10644451
0.1071149
0.12063842
0.12288129
0.11636556
0.11943362
0.1166909
0.12130648
0.11429944
0.12391626
0.115784675
0.120876215
0.115801625
0.11126029
0.11747339
0.11157213
0.11387455
0.11927963
0.11680528
0.11797275
0.12004304
0.12157109
0.12314546
0.12716828
0.11713378
0.12499033
0.12124001
0.10983064
0.11149131
0.11939887
0.12440664
0.10633473
0.10760321
0.12402575
0.11764656
0.11624098
0.116847016
0.11490342
0.11806622
0.113342404
0.119310364
0.11425484
0.11744711
0.11652685
0.11654912
0.119076304
0.11070791
0.11050915
0.119838014
0.118998624
0.11294447
0.12251249
0.12064078
0.10906818
0.12017675
0.123760745
0.121900976
0.120121114
0.1120373
0.12070346
0.1114333
0.12451003
0.11944493
0.12010047
0.120759696
0.11783665
0.107784316
0.1185585
0.11730153
0.11910645
0.112737484
0.11930503
0.12002819
0.11344602
0.116495214
0.104326755
0.119270496
0.104129545
0.11040355
0.11260297
0.1354618
0.12122325
0.13113196
0.13241625
0.11615059
0.11643121
0.112524725
0.1127639
0.1137051
0.12067328
0.11981245
0.112987265
0.11493035
0.11963005
0.107141614
0.111743234
0.12576748
0.10411986
0.1306506
0.114636265
0.1183389
0.11465871
0.12249705
0.11011535
0.12168542
0.11679566
0.12437655
0.11406425
0.1145856
0.110257745
0.11991536
0.101098895
0.112053715
0.11802072
0.11792487
0.11530626
0.11000721
0.11586168
0.11931916
0.116545595
0.10938734
0.11756766
0.1165833
0.12599738
0.104251705
0.11962159
0.12234363
0.12248764
0.112286955
0.11286896
0.114252865
0.11310726
0.117014
0.11772764
0.11271583
0.11215618
0.11493481
0.12215999
0.11418679
0.11173196
0.11272131
0.12313201
0.11610218
0.11785119
0.124914296
0.11606617
0.119832225
0.11392312
0.107913435
0.113602035
0.12666494
0.115877606
0.109018356
0.11805784
0.11296001
0.114747465
0.114570186
0.11403546
0.111389644
0.12446724
0.117722966
0.114194445
0.12247608
0.112209745
0.11986777
0.12140298
0.116448194
0.124933116
0.13120455
0.12854028
0.13285153
0.11501464
0.11761683
0.11513018
0.1303034
0.12074664
0.113504685
0.11192154
0.12911136
0.12161643
0.11515471
0.120009296
0.11190377
0.10901279
0.12642764
0.10890981
0.12275809
0.123749405
0.11894543
0.11433515
0.118010394
0.10533682
0.13862416
0.11801686
0.11206858
0.12952259
0.12337039
0.12210695
0.109818965
0.11720123
0.118787035
0.10640938
0.115424804
0.12104844
0.114878565
0.12553316
0.12581633
0.1132985
0.11633598
0.11174799
0.104452394
0.11420779
0.12542194
0.12382139
0.12841189
0.12183694
0.12496447
0.11186231
0.11472685
0.11858864
0.11461892
0.118645646
0.11104536
0.121577926
0.12873496
0.11597333
0.1130059
0.123848975
0.120437026
0.11967347
0.11031601
0.11687422
0.107072994
0.12312907
0.11400754
0.102642216
0.1239876
0.10552124
0.117677905
0.12386838
0.11727416
0.12771244
0.11692098
0.10936202
0.124619536
0.12291757
0.1169311
0.11743968
0.11640676
0.11337864
0.116958044
0.12340681
0.1243022
0.1119786
0.11387264
0.11862656
0.10691579
0.12227047
0.11431394
0.101982445
0.12516904
0.10798517
0.12052168
0.11864589
0.1183143
0.12566103
0.104320444
0.11568338
0.109471455
0.108643144
0.11451475
0.12635413
0.11122965
0.11849988
0.110169835
0.13509606
0.11472542
0.11409555
0.11091819
0.13126878
0.10780793
0.11650892
0.110711426
0.120057486
0.13029824
0.10812235
0.112536415
0.12094744
0.10562769
0.10630804
0.11969109
0.12570484
0.11515548
0.11417171
0.11768937
0.114691
0.11195489
0.119160235
0.10887151
0.11869269
0.12094993
0.11554145
0.12358217
0.11114386
0.11611695
0.11230823
0.10861208
0.11722394
0.111146696
0.11231454
0.11332985
0.10383366
0.1212837
0.10919687
0.11931201
0.12149782
0.11337659
0.11550328
0.12013521
0.117310464
0.12026944
0.117095664
0.11023053
0.124613844
0.12794697
0.11982183
0.111031406
0.122095555
0.12089278
0.1172032
0.119996324
0.10566102
0.11109471
0.11242205
0.124104805
0.10943105
0.12285653
0.10314874
0.11934587
0.11247708
0.114596575
0.12554586
0.1155273
0.11901902
0.1156369
0.11532938
0.11407386
0.11816776
0.124239944
0.11391695
0.117312945
0.11891405
0.119240366
0.115558565
0.1234454
0.11547721
0.1158133
0.10986232
0.11703054
0.113666795
0.10952776
0.11053493
0.115364574
0.114558324
0.11272057
0.10900418
0.12292549
0.110584974
0.117294006
0.107082866
0.11926612
0.116520725
0.124065675
0.13048115
0.10691675
0.11163009
0.11315134
0.12304066
0.12302446
0.11175536
0.12084058
0.12074419
0.11154301
0.11402644
0.11264281
0.12130638
0.12807335
0.11741579
0.11764735
0.111830354
0.12029275
0.11396471
0.12030646
0.11551787
0.11384892
0.11880355
0.11610949
0.11753505
0.11852396
0.13709283
0.12083194
0.1164974
0.11819834
0.112759195
0.11511517
0.13334596
0.11627959
0.11030981
0.11612743
0.1254863
0.1122158
0.12020101
0.12407927
0.108516015
0.11894812
0.118733
0.10927876
0.10858837
0.11643069
0.12539639
0.11662606
0.12412078
0.119590186
0.11518653
0.11569069
0.11594883
0.12449388
0.11126814
0.11388838
0.11537986
0.121268205
0.12159664
0.116227016
0.11351721
0.13151845
0.11889905
0.1211287
0.11154759
0.13168898
0.12144225
0.11513272
0.11883249
0.10796649
0.11154197
0.12141427
0.11321637
0.11762509
0.11733633
0.118369445
0.12506197
0.115753494
0.12233926
0.11228307
0.10903329
0.107321694
0.108501576
0.113193735
0.122171745
0.11121891
0.115405664
0.107454255
0.10794973
0.11471009
0.11487638
0.119522884
0.09834454
0.11728648
0.10513941
0.11185969
0.106695145
0.114420764
0.13382661
0.12344312
0.10005493
0.124786705
0.11460478
0.11057494
0.12020166
0.10984179
0.12429188
0.11114477
0.12595999
0.10659621
0.12017644
0.123448335
0.10291033
0.11409475
0.10526708
0.10549151
0.12804556
0.12140541
0.11065489
0.11022989
0.11121284
0.1220141
0.1198122
0.14244537
0.12692542
0.13669598
0.12319187
0.13503169
0.13359159
0.12034657
0.14006402
0.11446573
0.12281318
0.11127499
0.112934366
0.11967513
0.12273018
0.104111135
0.12504119
0.119286284
0.10780126
0.117164604
0.119919576
0.10692916
0.13565733
0.1045441
0.1257056
0.10836529
0.12246346
0.116715096
0.11596615
0.11538725
0.11993514
0.13346985
0.11126785
0.119341634
0.1286412
0.11104005
0.11675664
0.1231668
0.1250905
0.1113673
0.12713027
0.14257628
0.11949068
0.115331255
0.106309585
0.10665783
0.13446385
0.11489531
0.112176105
0.12170384
0.114765406
0.12511156
0.12116633
0.13737777
0.11867062
0.11234107
0.117820285
0.12365623
0.11308382
0.11658209
0.11999723
0.13746363
0.12514637
0.11532536
0.11556404
0.12537403
0.11659695
0.11897833
0.116611674
0.116754815
0.12693654
0.124709256
0.11015048
0.13473126
0.1290923
0.11985327
0.10518347
0.12006701
0.10618761
0.118089415
0.12191235
0.11808751
0.1304546
0.12862776
0.10866726
0.10679956
0.10819432
0.1163167
0.10815181
0.12988032
0.10873013
0.10839732
0.115777045
0.11919712
0.11616001
0.12818313
0.14122584
0.12439621
0.13539845
0.12952788
0.11128816
0.10365417
0.108828425
0.12684153
0.12353275
0.11933286
0.12873454
0.12717126
0.11695848
0.11690211
0.12189841
0.114555724
0.11141906
0.1179874
0.123989284
0.13330208
0.15637936
0.12158068
0.11375943
0.119052485
0.11211331
0.12500247
0.12580891
0.14362217
0.11581186
0.13978212
0.10993285
0.12575921
0.12511742
0.12550646
0.11931431
0.12358291
0.11541382
0.11837153
0.113734454
0.11592949
0.1367349
0.108420454
0.11969055
0.11830653
0.12040936
0.1188052
0.11586207
0.120549664
0.11865275
0.116460286
0.11625571
0.11540921
0.12333008
0.12353382
0.124633715
0.11441331
0.109884225
0.12568803
0.11803862
0.12846771
0.119962014
0.11111741
0.10803594
0.11073202
0.11774066
0.111715324
0.113575876
0.11684782
0.12818241
0.12072365
0.12239446
0.12270966
0.12266359
0.121294014
0.14120588
0.125305
0.13053578
0.13187304
0.11537294
0.11738427
0.11919258
0.12014478
0.1298467
0.11744096
0.1135371
0.11815679
0.123361275
0.12106567
0.14738029
0.13097955
0.121002905
0.13189249
0.14926504
0.12296109
0.13653618
0.12964462
0.12338533
0.12033646
0.1161053
0.118284866
0.11843545
0.1250694
0.11656526
0.11695258
0.12625441
0.12116892
0.1478015
0.11699968
0.12618157
0.123024546
0.115967266
0.108806595
0.111238204
0.118583895
0.12558462
0.12107075
0.1143752
0.11756497
0.13416831
0.1198229
0.12005915
0.120160155
0.13141519
0.12022167
0.11461374
0.11650656
0.1259199
0.119207956
0.121358275
0.119794875
0.13254516
0.13186252
0.1255651
0.118998006
0.11826877
0.119743064
0.13295463
0.12191045
0.11374315
0.1199776
0.115457535
0.112391986
0.11073425
0.110569686
0.11300341
0.118093155
0.1171909
0.120975874
0.120406605
0.11977809
0.12415977
0.11554531
0.1140483
0.11968798
0.11832432
0.124150455
0.121398896
0.117877126
0.116174206
0.11367909
0.116943926
0.1251956
0.11836952
0.117018126
0.12115635
0.11605201
0.1173651
0.12511317
0.14433938
0.1265335
0.11972987
0.11828394
0.12221042
0.123597994
0.13107401
0.12169335
0.1193629
0.1182521
0.13420351
0.16768245
0.13373357
0.11615636
0.11638418
0.11895167
0.12664807
0.11852973
0.11522947
0.11768024
0.117903315
0.11800956
0.116933264
0.1150417
0.11694559
0.11822429
0.12084884
0.12117958
0.12379791
0.11729139
0.11757496
0.12466776
0.1177537
0.115199216
0.11781029
0.110040255
0.10914018
0.10821628
0.11431351
0.11615229
0.11793997
0.12445973
0.13372605
0.120650716
0.11429613
0.117159866
0.1214597
0.12977462
0.11853252
0.12081597
0.13666378
0.12198562
0.11179403
0.1166996
0.12695651
0.1192712
0.11383108
0.11570751
0.115156665
0.115039945
0.11311865
0.117785595
0.1297231
0.120141536
0.11643415
0.11659055
0.11584177
0.11363378
0.11037914
0.11468049
0.11652526
0.1195493
0.11859854
0.120953
0.12291059
0.123454034
0.12741922
0.13650535
0.124738395
0.1311912
0.119332165
0.11391272
0.12432365
0.13563506
0.123857334
0.11634199
0.12044298
0.11504688
0.117060855
0.114868045
0.118899435
0.121408746
0.12187773
0.12061072
0.11954429
0.12612736
0.13591506
0.12774803
0.13359085
0.13272455
0.1449166
0.13465893
0.13016653
0.12681793
0.12576917
0.11911142
0.11794665
0.120973
0.124224596
0.12968871
0.13507977
0.12510611
0.12217112
0.11796311
0.12786782
0.147804
0.1265505
0.116467334
0.11897446
0.12079322
0.11749556
0.11729556
0.12062386
0.122227825
0.12183842
0.122332074
0.12514338
0.11925922
0.11358252
0.116083175
0.12514104
0.12492329
0.123484544
0.12267614
0.12512933
0.12484408
0.12626193
0.13305369
0.14103402
0.14532836
0.15974435
0.13429716
0.11908378
0.11664999
0.12587237
0.1534725
0.1377008
0.14346613
0.1254702
0.11277283
0.10892407
0.11157829
0.117436446
0.11640648
0.121699475
0.12004857
0.12293695
0.11624369
0.11221152
0.11187817
0.115286954
0.12257241
0.12687951
0.1249138
0.12322796
0.12127298
0.1253827
0.12668195
0.13202131
0.1329403
0.12742016
0.12475793
0.11778398
0.12623933
0.12856919
0.13023329
0.12467994
0.11179242
0.112322584
0.106874734
0.115117155
0.116038606
0.11914731
0.12107515
0.115578525
0.119442776
0.1161741
0.12179134
0.12006129
0.117523566
0.11632503
0.11795069
0.12035052
0.11664332
0.11791048
0.11485126
0.12265305
0.12290465
0.13117205
0.13194817
0.12860014
0.12591833
0.1211355
0.124004394
0.11420704
0.11759646
0.115399994
0.11783223
0.11280127
0.11780966
0.1213299
0.121847734
0.117502816
0.11724605
0.11375341
0.11206696
0.111747816
0.11829636
0.11714458
0.120920055
0.11708798
0.12089926
0.12804621
0.12660547
0.12712781
0.121280126
0.12611729
0.12189547
0.12001531
0.12017768
0.122633174
0.119150504
0.11793552
0.12235852
0.12391343
0.117955185
0.11809987
0.11565674
0.11861582
0.11407653
0.116291106
0.12292998
0.12382961
0.12754777
0.12651877
0.12605572
0.12580387
0.12478798
0.12972943
0.1306301
0.12587367
0.121680245
0.11871154
0.124909095
0.12998788
0.12999025
0.123980775
0.11825229
0.11976381
0.124219105
0.12072603
0.11525128
0.113272816
0.11739865
0.12003663
0.12341224
0.12446591
0.12819655
0.12762764
0.12795098
0.12872745
0.123874195
0.12377894
0.12077811
0.12729354
0.12372641
0.12267921
0.12658367
0.13059026
0.1280276
0.11830904
0.12441579
0.13337384
0.14186645
0.13315253
0.1263832
0.12742741
0.12426903
0.124409646
0.12552765
0.12858865
0.13246433
0.12255399
0.12363453
0.113900706
0.111335956
0.11781807
0.12239345
0.123637594
0.11431881
0.120093755
0.12639679
0.12805368
0.12909815
0.120492056
0.116888314
0.116442926
0.12036645
0.1250965
0.12053806
0.11910262
0.118290626
0.1168537
0.11437457
0.11110405
0.105695054
0.10868149
0.11064985
0.116825245
0.1198069
0.11797998
0.12256108
0.121353015
0.12292402
0.12033316
0.12115985
0.13618924
0.14576603
0.14744873
0.13764471
0.12389012
0.12507291
0.12350865
0.12497414
0.11922171
0.115243174
0.11792927
0.12275583
0.12315133
0.11660528
0.11081077
0.11271339
0.11694247
0.11576855
0.11921712
0.116138354
0.12234682
0.12167658
0.12114928
0.12155526
0.1253283
0.12904406
0.12735759
0.11738469
0.11173514
0.112337396
0.12004914
0.13023569
0.12705448
0.11716665
0.11901837
0.11861523
0.12903091
0.11998643
0.12126486
0.11514146
0.1226429
0.12929143
0.12773387
0.12538518
0.122828305
0.120683074
0.12514363
0.1258458
0.12601922
0.11931182
0.1183454
0.12443685
0.12346139
0.12233709
0.124572165
0.12824804
0.12940286
0.12802869
0.12499525
0.12275279
0.11518259
0.12424585
0.1248134
0.1313399
0.123366565
0.12599161
0.12087466
0.12820046
0.12626469
0.13122009
0.12022599
0.1163998
0.12089335
0.12063506
0.12404644
0.12789689
0.1378618
0.13278122
0.12716635
0.1223792
0.123880215
0.121800885
0.12247113
0.12449207
0.12315341
0.11734907
0.12409979
0.11966596
0.13281913
0.12743421
0.12488801
0.1092632
0.10857256
0.11366253
0.12310177
0.12632796
0.15328924
0.19979396
0.14418516
0.11435736
0.12498132
0.12632298
0.1274983
0.119580775
0.1164787
0.11932887
0.11955508
0.12394152
0.123051025
0.12366804
0.12209904
0.11815643
0.12212365
0.1427471
0.14774156
0.1484033
0.11955322
0.11604282
0.11706997
0.119241364
0.12798165
0.119694434
0.12386921
0.12520093
0.13492882
0.12798126
0.12038108
0.11470918
0.117229156
0.12087694
0.12846424
0.13056007
0.1363505
0.12996131
0.13615035
0.13820827
0.13192588
0.123197995
0.114286356
0.11372485
0.11984575
0.1188417
0.12828843
0.12462504
0.12045213
0.12461292
0.12868953
0.12540585
0.11723552
0.11382016
0.116204515
0.10986075
0.11477691
0.12000442
0.12801176
0.11691237
0.11633146
0.112992816
0.11534595
0.11622152
0.11629004
0.11952126
0.11935426
0.12206997
0.12729093
0.12325554
0.11857552
0.115902714
0.11411718
0.123850465
0.1284406
0.13660789
0.12938772
0.12316015
0.12504469
0.13364226
0.1329253
0.12350407
0.11307977
0.11001329
0.122214586
0.12247824
0.1260984
0.12074173
0.12239864
0.11959211
0.11761014
0.11837609
0.13178779
0.13048749
0.12797707
0.110905096
0.10683346
0.1048814
0.10617178
0.11126494
0.11662209
0.12379773
0.12293198
0.12291695
0.122646905
0.13670975
0.1325427
0.14160511
0.12795924
0.12724543
0.11213654
0.11017275
0.11379667
0.1160138
0.1216248
0.1265454
0.12179507
0.11582347
0.11282029
0.12448516
0.12453039
0.12208357
0.12109821
0.12643759
0.12813264
0.12040457
0.11715613
0.12023977
0.12582219
0.12639543
0.13060372
0.14007485
0.13909616
0.13320182
0.12296606
0.12273147
0.122047484
0.12487179
0.12724933
0.12697136
0.13094237
0.12736568
0.12389154
0.11658581
0.14070202
0.14654465
0.14383222
0.12529509
0.12418954
0.12913586
0.12317271
0.11859783
0.11706717
0.12882963
0.14212558
0.14118353
0.12889989
0.11795655
0.1119903
0.11843357
0.11638812
0.12897864
0.1215263
0.13014014
0.13346535
0.16090369
0.14921762
0.14145957
0.13109824
0.136043
0.12912989
0.12205405
0.12191797
0.1272919
0.11813453
0.116385266
0.11910434
0.12906793
0.13327068
0.12922433
0.12343125
0.12997401
0.13059604
0.13212061
0.132403
0.13495573
0.16384536
0.15565027
0.15638125
0.13744389
0.13108908
0.12830517
0.1204451
0.1347329
0.13218306
0.122599095
0.12133712
0.1307256
0.13700554
0.12822728
0.12018227
0.12271923
0.13316648
0.13064276
0.12542951
0.12573725
0.13067198
0.13170828
0.12515196
0.12410874
0.1342006
0.14042091
0.13735774
0.13272448
0.1249041
0.12442554
0.12793228
0.13669474
0.14035057
0.1366256
0.13144073
0.13385749
0.12888576
0.13524747
0.13639149
0.13167097
0.11823955
0.12125444
0.12047889
0.12414963
0.11208101
0.1178221
0.113357596
0.11879821
0.1232008
0.12849863
0.12673287
0.12098967
0.12561564
0.12676992
0.12640375
0.13352168
0.12834814
0.13207865
0.11941975
0.123653635
0.11779359
0.12350183
0.13041057
0.13119213
0.1232249
0.12607907
0.12724328
0.12375858
0.11997828
0.13636412
0.14421214
0.1388835
0.11820966
0.13449802
0.1369838
0.14435166
0.12626153
0.13738157
0.13067947
0.12716639
0.108067796
0.113323934
0.11375629
0.12835121
0.12500153
0.12850086
0.12870912
0.1276159
0.1268763
0.120526165
0.13158707
0.13169666
0.12165225
0.11264606
0.1099468
0.117190786
0.11775065
0.1243095
0.120939106
0.1207423
0.11635206
0.13106151
0.13218416
0.1365541
0.12056797
0.11902963
0.12068113
0.12944667
0.13871998
0.13245516
0.1248622
0.118860535
0.12187575
0.13026197
0.12251644
0.12827146
0.123727836
0.12846558
0.13167925
0.13481688
0.12999076
0.12068711
0.12297057
0.1242643
0.11640709
0.11504657
0.11940135
0.12261847
0.121202774
0.12298129
0.12971675
0.12070228
0.11224887
0.11415362
0.13228992
0.14533353
0.13704981
0.12670685
0.1181231
0.11547132
0.11596447
0.11777743
0.11941093
0.11690305
0.11969559
0.12903115
0.12824407
0.12826023
0.116251715
0.12573439
0.12444827
0.12202146
0.1115703
0.11013117
0.10975838
0.109028645
0.11357449
0.11827267
0.12535249
0.12698546
0.12688397
0.14171106
0.14493605
0.15240209
0.13533577
0.13856123
0.1274938
0.124815255
0.11874803
0.11999005
0.12418136
0.12702443
0.12781537
0.12212322
0.14065194
0.1391045
0.14401534
0.1343414
0.1384657
0.13411555
0.13198768
0.12992606
0.13257936
0.11569359
0.1118305
0.10852612
0.1112672
0.11742279
0.120498575
0.13340552
0.13605258
0.13568035
0.12452087
0.122879274
0.12504789
0.13691212
0.13303974
0.13326137
0.13214973
0.12345611
0.11934265
0.11839499
0.11668619
0.11779087
0.11858935
0.1174464
0.12560675
0.12046998
0.12917404
0.12041061
0.122091606
0.119341485
0.113561735
0.13206784
0.14004594
0.15043525
0.1647361
0.13059546
0.12445835
0.121981256
0.1338369
0.14058638
0.13090965
0.13355966
0.14492524
0.14754267
0.13716775
0.13567583
0.12917677
0.14634816
0.15650979
0.14689344
0.13802274
0.12554973
0.12234214
0.12241755
0.116400465
0.12828808
0.1268471
0.13064232
0.13800454
0.14727768
0.14615041
0.13349332
0.12884136
0.12362171
0.12608716
0.1313621
0.12893863
0.12716252
0.13013124
0.14552638
0.13624129
0.14021583
0.13282694
0.13317537
0.1385289
0.12603897
0.112567015
0.11118991
0.11790306
0.119823426
0.124678
0.13743559
0.12718302
0.124030665
0.12776479
0.12570629
0.13507187
0.13888408
0.13805214
0.15632321
0.13879485
0.1402127
0.1439091
0.1423178
0.12882681
0.12845995
0.11918245
0.11750664
0.12627043
0.13054928
0.13617526
0.13778715
0.13443884
0.13222957
0.13116767
0.13803433
0.130452
0.12743118
0.12561058
0.11838514
0.12091052
0.11722579
0.112371035
0.11243753
0.11757389
0.12032505
0.12156275
0.12210487
0.11681348
0.117883995
0.11343072
0.12087042
0.12449356
0.13007383
0.13508965
0.13922949
0.13819648
0.14617977
0.13751885
0.136431
0.13071492
0.12374195
0.116806015
0.117964625
0.112101555
0.115979694
0.11798812
0.124308504
0.12812254
0.12807295
0.12799488
0.14108919
0.13157335
0.12583545
0.12811626
0.12805773
0.11964738
0.13349737
0.13733615
0.14301705
0.13893063
0.1373938
0.12892021
0.12429395
0.11396321
0.11699007
0.113443546
0.11650172
0.11825205
0.1209947
0.121499225
0.12088522
0.11942417
0.12685649
0.12825379
0.12943307
0.13087307
0.13202474
0.12592725
0.13490511
0.13226709
0.13099976
0.12785214
0.12432338
0.12831044
0.12704301
0.12895934
0.13187903
0.13141985
0.11683725
0.11854361
0.117862344
0.11623117
0.12562712
0.1335883
0.13673405
0.14418328
0.14432968
0.13982525
0.12648356
0.122883596
0.11887399
0.11401756
0.11374084
0.12221849
0.11864645
0.12120177
0.123271115
0.11931184
0.11672643
0.12166059
0.11794815
0.11602785
0.11739143
0.114335544
0.119023375
0.1168429
0.122726075
0.12507553
0.12837864
0.12265333
0.12544234
0.11958507
0.12234416
0.1266081
0.1291428
0.12927589
0.14063609
0.14152022
0.13544835
0.13453226
0.132129
0.1314529
0.13175024
0.12640095
0.121748626
0.12006025
0.12497018
0.12198294
0.13792832
0.14016801
0.13652499
0.12730908
0.12427675
0.11284931
0.1174153
0.13411419
0.13528587
0.13724671
0.14100146
0.13745135
0.1262077
0.12396077
0.12799282
0.12520403
0.12585407
0.12426313
0.12588874
0.11857373
0.12990074
0.12879595
0.16308852
0.1942874
0.15545958
0.15163983
0.15067172
0.116764754
0.12445238
0.13038674
0.12004543
0.12349233
0.11710647
0.116775475
0.11785219
0.12176319
0.117538415
0.122830585
0.1247297
0.124783695
0.12467846
0.12978545
0.13189961
0.13483387
0.13069241
0.13074832
0.1284186
0.12867115
0.12310129
0.11797243
0.123344064
0.13575397
0.13303395
0.1331425
0.14816722
0.14204212
0.13172156
0.13443649
0.1324077
0.12186386
0.12029358
0.1267812
0.13223548
0.1340125
0.13856569
0.1382109
0.1303226
0.14061375
0.1386454
0.13842356
0.13638015
0.13800175
0.12347727
0.12032422
0.11346294
0.116253115
0.11446147
0.12386569
0.13520406
0.13963771
0.13997576
0.13852488
0.1261072
0.11940653
0.11879075
0.1181996
0.11677482
0.12774904
0.12882914
0.12441226
0.122020565
0.12787084
0.121553406
0.12054739
0.12279207
0.12490947
0.121446155
0.117077574
0.119774684
0.11749172
0.11953171
0.12149375
0.12018534
0.122291565
0.12922217
0.12541097
0.12490907
0.12311385
0.12424572
0.11832615
0.12100913
0.11916201
0.122271195
0.11581616
0.1173602
0.11664635
0.115871
0.121407375
0.12215818
0.12106385
0.12502009
0.12860227
0.12733927
0.12464384
0.12622692
0.12642789
0.12544352
0.116817854
0.12045091
0.11883921
0.119806424
0.1263414
0.11904688
0.12030915
0.12147781
0.12875673
0.12501279
0.12189148
0.1250812
0.13979664
0.13548955
0.1318421
0.14126591
0.16141297
0.1490079
0.15082492
0.1547865
0.15284239
0.12958653
0.1522098
0.15835142
0.15086102
0.15044206
0.15151855
0.12534258
0.1407308
0.14837928
0.17064682
0.20276558
0.21034522
0.1774708
0.16241044
0.13227668
0.12602279
0.12976709
0.13049033
0.124034524
0.13535084
0.144876
0.13712858
0.1338126
0.12695828
0.13932765
0.13133752
0.14265428
0.15635857
0.1577853
0.15545039
0.15039329
0.14628336
0.13288915
0.13720615
0.1373089
0.13289185
0.14455393
0.14097413
0.15097035
0.15459318
0.14723791
0.1384839
0.13514395
0.12943532
0.12344994
0.12049038
0.12024771
0.1197641
0.12356343
0.14469737
0.15303062
0.16068007
0.15824537
0.14984477
0.15129936
0.13152821
0.12593324
0.116832875
0.11614136
0.12331119
0.12489227
0.120126076
0.11790781
0.11798066
0.12555948
0.12897784
0.12941852
0.12489433
0.12581946
0.1345075
0.13392818
0.13085283
0.1403478
0.14417925
0.13651218
0.13569328
0.1358176
0.13397133
0.14042434
0.1376626
0.14642471
0.16102338
0.14862989
0.1466746
0.14146635
0.13953854
0.1397631
0.13903658
0.13998082
0.13358618
0.13016666
0.142572
0.14004114
0.1481436
0.15364906
0.15996979
0.15718271
0.1414776
0.14615415
0.14080815
0.13209882
0.13406198
0.13997999
0.14000767
0.13883126
0.1325347
0.13255219
0.13507336
0.12807909
0.12194564
0.12715964
0.12376416
0.11975584
0.122320935
0.12736465
0.13442329
0.13847591
0.12766905
0.13368014
0.14200114
0.13333116
0.1328314
0.13077082
0.12702313
0.13283429
0.1228506
0.12201916
0.1301589
0.13017112
0.13058306
0.1359329
0.1314213
0.13977045
0.1423564
0.13858066
0.1354565
0.14244777
0.13754323
0.14087059
0.142808
0.13717367
0.14067253
0.1453245
0.135218
0.13586383
0.13136385
0.12851027
0.1413508
0.13876167
0.13508482
0.13274264
0.14004144
0.140516
0.13727853
0.12434505
0.12150108
0.12036642
0.12244594
0.116939075
0.12253902
0.12474555
0.121528484
0.12533222
0.1506415
0.1605382
0.1678929
0.17301191
0.17388466
0.17670678
0.1784265
0.16803221
0.16593133
0.16784711
0.16840224
0.15785621
0.13272972
0.13555345
0.13142914
0.13611874
0.12763235
0.13056332
0.12183194
0.12202176
0.120044105
0.117494196
0.11912014
0.116439216
0.122357845
0.12564918
0.13072427
0.13481665
0.14110476
0.14270158
0.1471952
0.15213679
0.15128379
0.15694883
0.16086437
0.15678738
0.16078706
0.1549898
0.15409146
0.1505295
0.1645006
0.16181229
0.15677074
0.14854859
0.1822006
0.20137571
0.17528453
0.17813021
0.1768203
0.1841378
0.176935
0.14028144
0.13235387
0.12950791
0.14388686
0.13586518
0.13802882
0.13553526
0.13946949
0.14415237
0.14185701
0.13508317
0.14030218
0.14230272
0.13246469
0.13172217
0.1280738
0.12674783
0.12835284
0.12450176
0.13089998
0.1266849
0.13286687
0.13507158
0.13882998
0.1338923
0.12720276
0.12782924
0.13100618
0.13549966
0.13707699
0.13603815
0.13996607
0.14113823
0.15262893
0.16032155
0.157026
0.14686841
0.15396468
0.15873234
0.1577574
0.14630516
0.14280738
0.14518419
0.14954554
0.1659161
0.14173718
0.14401595
0.14874192
0.14931071
0.15328187
0.14814313
0.13855022
0.13089734
0.13317125
0.13612285
0.13331296
0.13417079
0.12868161
0.126525
0.120393656
0.12013569
0.118017025
0.118441366
0.114724755
0.116164334
0.11537065
0.11652097
0.12022847
0.12538739
0.12447902
0.12708417
0.12322208
0.11916511
0.12017791
0.119988896
0.12184749
0.12125457
0.121204905
0.12341142
0.12645191
0.12364052
0.12887092
0.12787876
0.1263999
0.124468185
0.12169041
0.12277741
0.12561017
0.13634841
0.14105421
0.15133011
0.17000784
0.18974496
0.18757497
0.1887256
0.18424118
0.18977664
0.17756285
0.16496137
0.16237235
0.14480338
0.15254606
0.15943103
0.17479244
0.16923308
0.16601512
0.16740206
0.16883229
0.16922571
0.1557791
0.149767
0.1409456
0.13613205
0.12665033
0.1255402
0.12570126
0.12966068
0.12384778
0.12852389
0.1325352
0.13558911
0.13055351
0.13380525
0.13096517
0.13014717
0.13588905
0.13817488
0.13868587
0.12757067
0.12462029
0.12312714
0.13413487
0.13434978
0.13576512
0.14083774
0.14094952
0.13737278
0.14004883
0.14576583
0.14532442
0.14829291
0.1442963
0.15080126
0.14547515
0.1446723
0.14603518
0.15294573
0.14840478
0.14951462
0.14830665
0.14306891
0.14180839
0.13909271
0.14455234
0.14426512
0.14377216
0.136914
0.14216466
0.14559096
0.14303495
0.13971585
0.14083807
0.14193034
0.1427209
0.17616458
0.18363549
0.18179193
0.18080524
0.17751282
0.17513984
0.17761198
0.17347321
0.17318526
0.17217918
0.16134124
0.15355769
0.122576155
0.124580815
0.118726574
0.123025216
0.13318746
0.13501243
0.1377991
0.1326432
0.126406
0.13251796
0.1326588
0.1347969
0.132249
0.13600951
0.14232418
0.14236864
0.13602439
0.12704173
0.13259248
0.13485153
0.13651685
0.13556103
0.13457446
0.14131099
0.14793643
0.18008934
0.18664207
0.20042528
0.20288152
0.19166404
0.18563019
0.18520096
0.18605986
0.17376012
0.16455184
0.17156935
0.16686708
0.13077685
0.13046747
0.12563801
0.15551618
0.15990761
0.17242453
0.17426917
0.19377583
0.18559864
0.16783579
0.16681542
0.1644919
0.17273161
0.18069805
0.18552858
0.18745394
0.18514058
0.14761503
0.14875764
0.14361115
0.14652695
0.15084592
0.15132718
0.14931482
0.15328802
0.1477507
0.14728747
0.14489716
0.14765243
0.14845616
0.14665563
0.15188676
0.1541778
0.15535621
0.1468239
0.14227249
0.144309
0.14417958
0.14718798
0.14043915
0.14248616
0.13886693
0.13266571
0.13036932
0.12827463
0.12527667
0.12558448
0.12421877
0.12137443
0.1180317
0.11906552
0.12678227
0.13096832
0.13232142
0.13098915
0.130918
0.12715262
0.122915804
0.123788916
0.12609442
0.13133255
0.13236466
0.13260418
0.13478972
0.13674127
0.14176108
0.14151378
0.14189135
0.15008296
0.14225613
0.14778471
0.14665347
0.15117824
0.14862294
0.15003799
0.15745157
0.1572343
0.15825744
0.15707944
0.15599994
0.16103661
0.16073474
0.15803888
0.16306162
0.16958198
0.16518517
0.17202762
0.16803795
0.17857964
0.18317477
0.18500571
0.18332489
0.18693963
0.19017637
0.1892896
0.18417466
0.18756035
0.18560636
0.19015574
0.19374257
0.18488532
0.17954358
0.18141982
0.17846854
0.17197299
0.17466183
0.17115076
0.17663123
0.1745124
0.17836821
0.17329015
0.17481318
0.18112834
0.18167365
0.17928171
0.17957936
0.17955431
0.17567013
0.17406657
0.1761752
0.18127154
0.17917693
0.18020853
0.17536367
0.18423875
0.18259402
0.18379161
0.18435284
0.19082622
0.1856657
0.19208518
0.19395068
0.19260651
0.19164795
0.19203833
0.19388479
0.19824877
0.1972713
0.1989141
0.20132536
0.20501335
0.20140523
0.1976698
0.19777685
0.20398122
0.20834711
0.19997106
0.20465317
0.20067888
0.20482828
0.20091616
0.1966396
0.20345931
0.20340183
0.20176832
0.20606177
0.19927812
0.19757818
0.19912885
0.19610839
0.19259624
0.19382131
0.19202864
0.19490558
0.20065641
0.20241027
0.21083385
0.2153002
0.22252564
0.21900494
0.21867831
0.21963502
0.23164494
0.2244493
0.22498554
0.22165778
0.22058229
0.21988969
0.22318357
0.22234064
0.22343478
0.21953101
0.21815033
0.21533085
0.21839629
0.22104262
0.21867342
0.21602684
0.22162475
0.22598734
0.228278
0.22860195
0.23281991
0.22887215
0.23614156
0.24262013
0.24649383
0.25226906
0.25303257
0.2526194
0.2501249
0.24890505
0.24860187
0.24959785
0.24853896
0.24808788
0.24808788
0.24808788
0.24808788
0.24808788
0.24808788
0.24808788
0.24808788
0.24808788
0.24808788
0.24808788
0.24808788
0.24808788
0.24808788
0.24808788
0.24808788
0.24808788
0.24808788
0.24808788
0.24808788
0.24808788
0.24808788
0.24808788
0.24808788
0.24808788
0.24808788
0.24808788
0.24808788
0.24808788
