1137.0167
217.69304
138.90079
113.19857
97.57949
85.55708
76.21547
68.4351
61.597908
55.880928
50.83193
46.26759
42.4043
38.85564
35.643158
32.836006
30.331095
28.032959
26.055098
24.136154
22.53571
21.025936
19.647623
18.41782
17.346684
16.208546
15.276997
14.428079
13.64517
12.907066
12.2317
11.605014
11.066808
10.537658
10.035674
9.608761
9.20272
8.863603
8.4553585
8.183395
7.86117
7.5379934
7.311668
7.047777
6.774769
6.5408363
6.327056
6.153256
5.9565053
5.7746367
5.666508
5.4800878
5.334045
5.1836934
5.0504723
4.9429965
4.805456
4.680916
4.604223
4.535687
4.397618
4.2959003
4.2370963
4.1102014
4.0640826
3.968017
3.878924
3.8402872
3.717544
3.6858196
3.588589
3.561533
3.4920597
3.4412115
3.3884504
3.3232048
3.2910075
3.2328334
3.1733093
3.1266983
3.1107006
3.0604575
2.9782698
2.9924057
2.9518282
2.8913198
2.8587441
2.8125556
2.7649598
2.708075
2.6854904
2.68993
2.6408565
2.5940309
2.5830219
2.531225
2.5090296
2.4814866
2.473212
2.4748483
2.4360478
2.3982027
2.356057
2.3849614
2.3414772
2.3157969
2.260997
2.264338
2.2449872
2.2653463
2.2094855
2.1751735
2.2160645
2.1429877
2.127236
2.1091702
2.1175666
2.0810986
2.0671282
2.059647
2.0636778
2.029028
2.0009177
1.982823
1.990687
1.9320594
1.9448789
1.9120466
1.9280889
1.9175794
1.9041629
1.8635674
1.8562146
1.8493268
1.8163832
1.8306049
1.7963557
1.8294134
1.8000643
1.7646269
1.7611978
1.74239
1.7768191
1.7176722
1.7319397
1.735688
1.6826706
1.6918038
1.6910619
1.6909331
1.683113
1.6471617
1.6512026
1.6309701
1.6206139
1.6325788
1.6134897
1.6192465
1.6067032
1.5968552
1.566058
1.5954275
1.5885009
1.5531014
1.55802
1.5377157
1.5268818
1.5307665
1.5131238
1.5201831
1.5043671
1.5235256
1.4813809
1.5146044
1.479004
1.5601169
1.4937339
1.4878759
1.4596795
1.45224
1.450112
1.4649404
1.4415085
1.4269115
1.4226013
1.4424852
1.4181321
1.3973126
1.3853924
1.3975064
1.3926724
1.3756977
1.3790905
1.3696969
1.3675746
1.3941147
1.358996
1.3541662
1.3611362
1.3538991
1.3568674
1.365435
1.3434402
1.3353646
1.3168638
1.3170288
1.3018265
1.3052955
1.3003112
1.3162879
1.2821689
1.2889559
1.2654868
1.280795
1.2791147
1.2679884
1.2515132
1.2573122
1.2519932
1.2521462
1.2619902
1.2769159
1.2410959
1.2286167
1.2169704
1.2225144
1.2330005
1.2350687
1.2302365
1.2118392
1.1966606
1.1955594
1.1949631
1.1805488
1.1945069
1.1922244
1.1898409
1.2097036
1.2301008
1.1835485
1.18281
1.1825323
1.1749613
1.1777124
1.1608605
1.1516854
1.1479751
1.1488127
1.1670675
1.1655046
1.155051
1.1361032
1.1812904
1.1372094
1.1521058
1.1191168
1.1445583
1.1268015
1.140458
1.1249582
1.1239668
1.1162808
1.1175944
1.115392
1.1042936
1.1364346
1.133265
1.113372
1.0945629
1.1149056
1.1195716
1.0962167
1.0888987
1.0940682
1.0744385
1.078317
1.0911999
1.0851023
1.0909265
1.0733962
1.0743196
1.0814866
1.073376
1.0877755
1.068627
1.0733742
1.0681711
1.0597591
1.0798955
1.0493257
1.0560039
1.05152
1.0758005
1.0468857
1.039176
1.0518796
1.0376186
1.0538534
1.0427723
1.034875
1.0439888
1.0459012
1.0396017
1.0374014
1.0323912
1.0431612
1.0175315
1.031503
1.0327022
1.0230514
1.0274576
1.0230824
1.020267
1.0191659
1.0068086
1.0129153
1.0134305
1.0045689
1.0145211
1.0063084
1.001745
0.99681336
0.9979409
0.9931784
1.016498
0.99041027
0.97855794
0.99573517
0.9847363
0.98253405
0.9725123
0.96950203
0.98064363
0.96584356
0.9711828
0.9635018
0.9615111
0.94912964
0.95192116
0.9624679
0.96378136
0.9533336
0.9658286
0.96248347
0.9510748
0.951718
0.9705569
0.9505882
0.9597995
0.9486588
0.9504709
0.9426634
0.9500452
0.94702786
0.941867
0.9412739
0.94952357
0.9634002
0.932868
0.93799734
0.934565
0.9352312
0.92539775
0.9341369
0.90731496
0.91945374
0.9315005
0.9130321
0.91879654
0.90206444
0.9063803
0.91252905
0.9067049
0.9187784
0.893857
0.90640426
0.88212806
0.89827925
0.89405656
0.89049
0.8810196
0.89333355
0.8926693
0.8852577
0.88512003
0.8737668
0.8838856
0.87152797
0.87200177
0.8688344
0.8716863
0.87224084
0.87134016
0.8588194
0.8688341
0.85945797
0.8559451
0.86251324
0.8598756
0.8522925
0.8397417
0.8542247
0.8542853
0.8516119
0.86072415
0.8515217
0.8399809
0.84418607
0.8338685
0.84349614
0.82967174
0.8365144
0.83701926
0.8344734
0.82058316
0.82067996
0.82025206
0.812996
0.8211597
0.8154879
0.81821984
0.8132967
0.81070447
0.81445974
0.812448
0.79775524
0.8153911
0.8023096
0.8038795
0.81089735
0.81154746
0.8082943
0.80986696
0.79960513
0.78785276
0.795211
0.7974488
0.7995788
0.8029347
0.7915044
0.78916615
0.79825854
0.784609
0.80562115
0.79343945
0.7944797
0.7907997
0.7966607
0.79746264
0.78807557
0.79558116
0.7844894
0.78423524
0.77736795
0.7721983
0.7809961
0.7739816
0.7724399
0.7631002
0.7724703
0.7725354
0.7585348
0.78066903
0.769199
0.75944865
0.7503072
0.7558917
0.7581663
0.76053786
0.75223327
0.76057875
0.74321055
0.7551771
0.74454814
0.7617376
0.7448776
0.7483972
0.7350925
0.7386255
0.7319224
0.73573554
0.7456092
0.74696344
0.7263011
0.74753726
0.73219997
0.7407603
0.72578835
0.7514496
0.7396955
0.7254318
0.7329657
0.739112
0.7249852
0.73306656
0.72333974
0.73105055
0.71499914
0.722056
0.7171213
0.7253825
0.7259508
0.7203487
0.71053576
0.70532846
0.7132476
0.70544666
0.7088999
0.70398134
0.7139765
0.7124359
0.7150813
0.7150117
0.69857806
0.705279
0.70708376
0.70059955
0.6974783
0.69383496
0.70306426
0.7007964
0.69990504
0.6999793
0.6901912
0.6932901
0.69926393
0.69035035
0.6833436
0.6820171
0.6918731
0.6855128
0.67685205
0.66374755
0.6879269
0.6868784
0.6838966
0.68532926
0.67921084
0.6726784
0.67855835
0.67114824
0.67514235
0.68030924
0.6782565
0.66035575
0.66320115
0.6717917
0.6665179
0.6781011
0.65978616
0.67171186
0.66041464
0.6639876
0.66288704
0.66849494
0.65680087
0.66552764
0.66006017
0.65363806
0.65478593
0.66358876
0.6511826
0.65090597
0.66590047
0.65458786
0.6563038
0.6492628
0.6507952
0.6468687
0.6458665
0.6355012
0.6456416
0.6396499
0.6511877
0.6390254
0.6529938
0.6446318
0.63082725
0.6448274
0.6306268
0.6353087
0.6193548
0.63178563
0.6395998
0.6340292
0.62649477
0.6221702
0.62190527
0.6118249
0.6136676
0.61770886
0.6188583
0.6154347
0.61479986
0.60822797
0.6113551
0.6140389
0.6072986
0.61312914
0.60536575
0.61878026
0.5962647
0.61060363
0.6121671
0.603506
0.5929623
0.6207572
0.59226894
0.5998756
0.58963984
0.58667177
0.5955043
0.5921879
0.5963513
0.5870659
0.5858536
0.59290266
0.5826576
0.59428304
0.5934425
0.5953162
0.5777254
0.57734615
0.5784632
0.587475
0.5759485
0.57662535
0.5815143
0.5799383
0.58099097
0.571901
0.5708086
0.57224226
0.5757868
0.5576748
0.57029665
0.56666034
0.56917447
0.5653788
0.5726431
0.57218
0.5579287
0.5543042
0.5554253
0.5617165
0.56486845
0.55757403
0.55296195
0.5628575
0.5433877
0.54859567
0.5453641
0.5532662
0.5445336
0.5500789
0.5447071
0.5612712
0.536147
0.5352487
0.5451449
0.54602116
0.54500204
0.5392704
0.54536766
0.54089224
0.5291276
0.542913
0.53292125
0.5357077
0.5301187
0.5357484
0.5338796
0.52827865
0.5281379
0.534224
0.52854663
0.5145538
0.52587575
0.5305289
0.52628386
0.5210083
0.5450219
0.5331973
0.5259182
0.50672907
0.5163132
0.5127404
0.5165926
0.5143243
0.5123423
0.5234828
0.518954
0.520605
0.509819
0.5160968
0.5043858
0.5112622
0.50663966
0.50632894
0.514751
0.5069562
0.51065195
0.50830513
0.5086089
0.5065308
0.5092835
0.5009323
0.4936181
0.5039159
0.5015531
0.5089701
0.503991
0.50609535
0.49958813
0.5096902
0.5016575
0.5002572
0.49187887
0.5036934
0.49662834
0.49363995
0.4832854
0.4871256
0.4962262
0.4972187
0.5012111
0.50452536
0.5007123
0.48864728
0.48538923
0.48361826
0.4848016
0.49338698
0.48784176
0.4899167
0.48930115
0.48196527
0.47981024
0.4938797
0.48874083
0.4813889
0.48174256
0.47418845
0.4826153
0.47996676
0.47430897
0.4795759
0.4835781
0.4748122
0.476937
0.47800985
0.47307265
0.46417415
0.46692517
0.46542728
0.46590838
0.46954963
0.4675205
0.46368974
0.4534469
0.46147484
0.4549449
0.45832905
0.4564539
0.4669126
0.45479584
0.4542538
0.44783002
0.44893193
0.46347147
0.4515044
0.4596233
0.43974978
0.4620209
0.45171922
0.4346642
0.44946244
0.45099843
0.4594781
0.44140112
0.4512703
0.45308682
0.44813046
0.44619375
0.44136846
0.44821915
0.44488448
0.44782352
0.43076944
0.4426961
0.43657887
0.4374663
0.43874148
0.43553764
0.4429594
0.43605664
0.4357006
0.43838775
0.4388008
0.42977488
0.4358852
0.41788396
0.42854095
0.42316535
0.42719388
0.42844313
0.42460465
0.42045027
0.41716725
0.42322522
0.41489264
0.42066285
0.41865417
0.4213032
0.4104266
0.42003202
0.4148775
0.4066409
0.4175854
0.41840586
0.41528308
0.4147782
0.4121716
0.41150522
0.40693673
0.40793416
0.40533522
0.41449404
0.408804
0.3950611
0.4039584
0.4009832
0.40015006
0.40580335
0.40444675
0.39479682
0.3914737
0.39346567
0.39927715
0.3957281
0.39742
0.39797854
0.39381835
0.39121518
0.39621696
0.39434227
0.39413956
0.40361604
0.39156103
0.3930785
0.38757288
0.38799846
0.38907018
0.3919977
0.380856
0.38070598
0.38197604
0.3887487
0.3903125
0.37948892
0.3851513
0.37686303
0.37837985
0.3854714
0.3808545
0.37882194
0.3748348
0.37369308
0.37958476
0.37038708
0.37841707
0.36668092
0.37524617
0.38231716
0.3693047
0.37779376
0.38078544
0.3709983
0.3725976
0.37326232
0.36829913
0.36587152
0.37139022
0.36952594
0.3744737
0.37452644
0.3703678
0.3620192
0.36692476
0.36266756
0.3716068
0.37206957
0.37357974
0.37084132
0.36290476
0.36476052
0.3610468
0.36537915
0.36189696
0.3643821
0.36830115
0.370524
0.36651233
0.35982248
0.3611965
0.36066422
0.35693058
0.36533692
0.36884907
0.35832623
0.35191253
0.36036247
0.355754
0.35799712
0.3525855
0.3547544
0.358854
0.34972703
0.35102662
0.36048272
0.34995675
0.34336847
0.34793845
0.35942551
0.35164675
0.35118595
0.35083035
0.34667304
0.34606346
0.345601
0.35288626
0.34208664
0.34721628
0.3480818
0.3408954
0.3403863
0.34070623
0.34461254
0.34486935
0.33980685
0.3425859
0.34077337
0.33980653
0.33682752
0.34292415
0.33604506
0.34482044
0.34978107
0.338831
0.34230286
0.33834785
0.34621623
0.3279035
0.3416474
0.332478
0.33386132
0.3390168
0.33874372
0.34138104
0.34286883
0.3296251
0.33744258
0.3394129
0.33288065
0.33522713
0.33534294
0.3345102
0.32648945
0.34305847
0.334433
0.33498323
0.33610055
0.32828367
0.33077398
0.33360246
0.33244467
0.32729796
0.32980213
0.33349517
0.3320334
0.32613
0.32819644
0.32530558
0.3291095
0.3286515
0.3279921
0.33393624
0.32800075
0.32830775
0.3213422
0.31783238
0.32054067
0.32557723
0.32162398
0.31954327
0.32392165
0.3197094
0.31633914
0.3142622
0.32253146
0.32511592
0.32129806
0.31679514
0.32244956
0.3166221
0.31746596
0.31868675
0.31451467
0.31525937
0.31872103
0.32517588
0.3203105
0.321551
0.3271931
0.31314296
0.31903583
0.3132539
0.31847507
0.3187873
0.31096023
0.31193557
0.31384546
0.31804204
0.3134349
0.3050715
0.31673297
0.3143026
0.3022503
0.30887464
0.3054924
0.3072806
0.31054312
0.3034004
0.30855417
0.30349854
0.30319607
0.30676988
0.30799204
0.304235
0.3027464
0.31194946
0.3087652
0.30266833
0.30586848
0.2978448
0.30728126
0.30594817
0.3049664
0.304217
0.30412275
0.29089913
0.29649612
0.3117024
0.29961205
0.30005687
0.30910507
0.3104294
0.30541366
0.3012863
0.2935753
0.301636
0.29565427
0.2970203
0.3020246
0.29468027
0.30094117
0.29709694
0.30184183
0.29785946
0.29142168
0.2913727
0.29495385
0.28961453
0.292234
0.29301137
0.2928598
0.29732138
0.28777853
0.2924137
0.29144248
0.29164553
0.29627562
0.29176053
0.2928853
0.2919478
0.2911925
0.2891024
0.29342407
0.29452038
0.2840377
0.29628515
0.29410252
0.2859078
0.2814808
0.28597587
0.28060812
0.28760675
0.29129106
0.2865742
0.29071653
0.28069696
0.2847847
0.285174
0.28695711
0.27939302
0.2897519
0.28069106
0.2800008
0.2837161
0.2820185
0.276707
0.27585655
0.28285626
0.28154466
0.27733248
0.28479236
0.28282773
0.2786444
0.2759813
0.27156076
0.27637535
0.27753556
0.27027386
0.27700582
0.2772803
0.27903992
0.2753186
0.27449048
0.2751903
0.28163227
0.27504125
0.27839148
0.27771896
0.26609424
0.27600563
0.26937723
0.27175713
0.27565297
0.2722652
0.27198392
0.27058858
0.27151677
0.2721743
0.26713148
0.26455155
0.2689734
0.26474684
0.27025083
0.27401528
0.27200222
0.272928
0.27449155
0.2710029
0.26665318
0.27336666
0.26795822
0.26797923
0.26768643
0.27308437
0.2710204
0.2720655
0.26110968
0.2618379
0.26856446
0.26315552
0.27183408
0.2610116
0.25807253
0.2720866
0.26379937
0.26081353
0.26800972
0.2584146
0.2644592
0.2600328
0.2603929
0.26264212
0.26156276
0.26003236
0.26297638
0.25975937
0.25926575
0.2614999
0.25813696
0.2681656
0.25382155
0.26018083
0.26177564
0.25878167
0.2540901
0.26132348
0.25540864
0.26108336
0.25660834
0.2515651
0.2570167
0.2503592
0.2519391
0.25677127
0.25145483
0.2509341
0.26184607
0.2567104
0.26218244
0.25252825
0.2609329
0.25419372
0.25560564
0.25508118
0.2532364
0.25447124
0.2542961
0.2580268
0.24829648
0.2496308
0.25643858
0.2479467
0.25359377
0.24758163
0.24737404
0.2465657
0.24502538
0.24433479
0.26009017
0.2419729
0.24844132
0.24405731
0.24641567
0.24274279
0.24790768
0.24595211
0.2504098
0.24086851
0.2486676
0.2453573
0.24601644
0.24417154
0.24044707
0.24122678
0.24276625
0.24443738
0.23928948
0.2460359
0.23924002
0.23639566
0.23341967
0.24156408
0.24221447
0.2370749
0.23810638
0.24196373
0.24702848
0.2390741
0.23460063
0.23386598
0.23827997
0.2459935
0.22607994
0.23400316
0.23749141
0.22863574
0.23431556
0.23870507
0.22540171
0.23564585
0.2261041
0.23204781
0.2283384
0.23181824
0.23444821
0.22925116
0.23745349
0.23120055
0.23294452
0.2478054
0.22702299
0.22738902
0.23143218
0.22990756
0.23033644
0.22757739
0.2294906
0.22641353
0.23331241
0.22524212
0.2363242
0.23830298
0.23289187
0.23017986
0.23442678
0.22601376
0.22464305
0.22246177
0.2287032
0.23301682
0.23066682
0.22274023
0.22902866
0.22602978
0.22580712
0.22421484
0.2313786
0.2262158
0.2262002
0.22533192
0.22710231
0.2177135
0.22663073
0.22898762
0.23110718
0.21959177
0.22663079
0.22632363
0.21903847
0.21991377
0.22452532
0.23233843
0.2216601
0.22210595
0.22350919
0.22006606
0.2234838
0.22543038
0.22328815
0.2225053
0.22069973
0.21827403
0.21788585
0.2182772
0.23094517
0.21840146
0.22230498
0.21381262
0.21591918
0.21937175
0.21927339
0.22146837
0.21558233
0.2208524
0.2126164
0.22189388
0.21794643
0.21567427
0.21674268
0.22141373
0.21940856
0.21611336
0.21903558
0.21840364
0.21873842
0.2188782
0.2207565
0.21747655
0.21402466
0.21393606
0.21256903
0.21175507
0.21288861
0.21072216
0.20762369
0.21838318
0.21429156
0.20969753
0.22042757
0.21673626
0.21426746
0.21401553
0.21681938
0.2165422
0.21290608
0.20855151
0.2177263
0.21212569
0.20861296
0.20945519
0.20758869
0.20841818
0.20508188
0.21231018
0.21176364
0.21073312
0.20369233
0.21112783
0.20978539
0.2068059
0.21146376
0.21492793
0.2098646
0.20768991
0.20082933
0.21276821
0.21162356
0.20284918
0.20293176
0.20866077
0.2076167
0.20804043
0.20340216
0.20520659
0.20527874
0.20347738
0.20084175
0.20164888
0.20147674
0.20132862
0.20377971
0.2006047
0.20552236
0.20323211
0.21179056
0.19815977
0.20310667
0.20047285
0.20361628
0.20312686
0.20429221
0.19987516
0.20079702
0.20306863
0.19527507
0.19529577
0.20986708
0.19568838
0.20874028
0.20395616
0.20367678
0.20502931
0.2023338
0.20076561
0.20405425
0.1990972
0.19470122
0.19588627
0.19938736
0.19632047
0.20380077
0.19698901
0.19564469
0.19691621
0.19819592
0.20256038
0.2026101
0.20325668
0.20087908
0.20247574
0.19737951
0.19642745
0.20516911
0.19357252
0.19979827
0.19476108
0.20038092
0.20091975
0.19304547
0.19332075
0.19110648
0.1980404
0.19745511
0.19474319
0.1918023
0.19874452
0.19489366
0.19233689
0.193307
0.19517276
0.20452522
0.19914041
0.19776492
0.20043814
0.18911494
0.18831371
0.19090314
0.19630806
0.19608474
0.19381283
0.1941452
0.18972467
0.19971962
0.19969119
0.19447666
0.19123358
0.18971951
0.19116805
0.19444433
0.2002088
0.19066161
0.19306785
0.19100796
0.19752704
0.18822497
0.1934541
0.19811095
0.19339953
0.19208871
0.1863793
0.18878427
0.1930969
0.18716386
0.19252922
0.19189738
0.18437018
0.18596397
0.18637474
0.19507422
0.19677961
0.20012885
0.18648149
0.18443248
0.19297715
0.18727376
0.19299886
0.18752463
0.19033003
0.18325174
0.18660615
0.19694535
0.18835844
0.20698048
0.19214402
0.1947453
0.193705
0.19208063
0.19302332
0.18820783
0.18429638
0.18575948
0.18893182
0.18923378
0.18624775
0.19616286
0.18264738
0.18416826
0.19116391
0.18174002
0.18426058
0.18012618
0.18451972
0.18493684
0.18878552
0.18563125
0.18761456
0.18433338
0.18408807
0.1838538
0.18540335
0.18767275
0.18000555
0.18401894
0.17543924
0.1841834
0.18055506
0.1832201
0.17878176
0.18953848
0.1835538
0.18098679
0.1801476
0.18347438
0.17977433
0.1796584
0.17762417
0.18587598
0.18014354
0.18268831
0.18309096
0.17994216
0.18979335
0.18525839
0.18033445
0.1807998
0.17736228
0.18017673
0.1842259
0.18603142
0.18044627
0.1903968
0.1811907
0.18001024
0.18221933
0.17919505
0.17891337
0.17270167
0.17755872
0.17681187
0.17819609
0.17137975
0.1762934
0.17956585
0.17916001
0.17929319
0.1780694
0.17068493
0.17137584
0.17355838
0.17418906
0.18178295
0.1732412
0.17853227
0.17463553
0.17623712
0.16644393
0.17270966
0.17283568
0.16921306
0.17350988
0.17103793
0.1753271
0.17899656
0.17163096
0.16805036
0.17810743
0.17373723
0.17490478
0.168168
0.17736322
0.16973354
0.17240606
0.1673063
0.17450972
0.16992919
0.17148563
0.1718951
0.17699549
0.17825453
0.17430523
0.17341323
0.1739077
0.16687258
0.17457871
0.17710671
0.16617058
0.17222503
0.16973102
0.16732045
0.17003112
0.1764494
0.17455406
0.17363115
0.17153755
0.17051761
0.17200114
0.16878705
0.1680561
0.16978149
0.17436884
0.16559479
0.17023224
0.1726525
0.17165956
0.17253377
0.16863954
0.1672546
0.16117416
0.16391942
0.16613202
0.16897811
0.16614333
0.17223878
0.16514342
0.17235646
0.16563152
0.17085531
0.16200678
0.16642228
0.16979367
0.16983405
0.17518105
0.18264076
0.17310727
0.17704047
0.17623347
0.17013511
0.16756023
0.17023845
0.17228924
0.17506738
0.18052493
0.17101362
0.17516278
0.16787018
0.17605248
0.17158028
0.1662367
0.17152871
0.16601814
0.16344449
0.17083828
0.16386306
0.15912254
0.16995324
0.1650075
0.17439297
0.16748238
0.16758855
0.16972531
0.17396945
0.17009677
0.16297676
0.16784948
0.17221186
0.16528219
0.16900426
0.16422457
0.17018148
0.16358547
0.16333659
0.16337788
0.16657919
0.1648594
0.16663522
0.16502526
0.16183892
0.16895182
0.16583034
0.16161475
0.16955999
0.16700934
0.1622968
0.16470921
0.16567343
0.17075223
0.16904292
0.16255975
0.16195501
0.16898309
0.16947228
0.16573542
0.16955306
0.16190796
0.1628959
0.16468608
0.16462149
0.16447872
0.15742764
0.16530958
0.16274796
0.16443108
0.16312362
0.16899072
0.164716
0.16263738
0.1572506
0.15925148
0.1658704
0.16459128
0.1687732
0.16795447
0.16467997
0.15493122
0.15809202
0.16370799
0.16228051
0.1630514
0.16337913
0.16959201
0.15781216
0.15653323
0.16712081
0.16036743
0.16408607
0.16452663
0.16582046
0.16469751
0.1636011
0.1644177
0.16071925
0.16285253
0.16265859
0.16564074
0.16822834
0.1612241
0.16410698
0.1639826
0.15661298
0.16769095
0.16290505
0.1628769
0.16515435
0.15934394
0.16587281
0.16287452
0.16177194
0.16346763
0.1611743
0.16086595
0.16103224
0.15899447
0.16870332
0.16136208
0.16226734
0.15877591
0.15591778
0.16188404
0.16209362
0.16252789
0.15627472
0.16035113
0.16655007
0.1564389
0.1593764
0.16760331
0.15699992
0.16418022
0.16681062
0.16610669
0.16135864
0.1592103
0.16554368
0.15852645
0.1538745
0.15819964
0.15302476
0.16371673
0.15938699
0.15251951
0.15908745
0.15601714
0.16197553
0.16101614
0.16042918
0.15702528
0.1543931
0.15658224
0.15970221
0.1646426
0.15687545
0.15956154
0.1585959
0.15228884
0.16170423
0.15879695
0.16178617
0.16200778
0.16142237
0.16103356
0.170066
0.15675814
0.16046219
0.15427016
0.16327065
0.16193272
0.152213
0.16373333
0.16334175
0.15992479
0.15951239
0.15615608
0.16286093
0.161131
0.1620459
0.15506962
0.15751767
0.15771782
0.15497227
0.1588624
0.15715733
0.15754122
0.15474837
0.16092399
0.16081241
0.16095611
0.1582661
0.15971482
0.16089359
0.15340482
0.15857866
0.1613237
0.15907212
0.15436776
0.15808429
0.15701962
0.15634233
0.16008514
0.16045351
0.15719162
0.15743338
0.1522833
0.14974208
0.15773809
0.15612186
0.1541764
0.15143764
0.1553452
0.16271189
0.1517566
0.16430198
0.15408659
0.15219174
0.1593424
0.15139048
0.15179978
0.1528849
0.15981312
0.15711556
0.15188354
0.15840462
0.14766145
0.1570842
0.15660784
0.14658098
0.16954501
0.15845202
0.16358057
0.1480053
0.14951842
0.14833914
0.15361582
0.15810448
0.15715826
0.14986545
0.14909032
0.15560031
0.1456313
0.15165575
0.1551082
0.15305702
0.15334593
0.15177357
0.15035383
0.15798227
0.1536711
0.14811517
0.15404697
0.14832838
0.15231465
0.1539718
0.1522386
0.1508825
0.14800824
0.1545585
0.14936084
0.1514066
0.15493263
0.14758289
0.15577294
0.1563889
0.14710228
0.15087633
0.15435395
0.15513378
0.15845174
0.15224092
0.14456296
0.15116262
0.14833431
0.15758179
0.15333344
0.14881206
0.15567884
0.15466464
0.15695353
0.15500455
0.14637546
0.16437094
0.15318434
0.15182965
0.15453784
0.14789523
0.15833612
0.15131982
0.15411484
0.15172115
0.15326364
0.14953437
0.14598379
0.15395164
0.15120903
0.15171951
0.14776362
0.14805229
0.14910783
0.14319418
0.14815146
0.15274596
0.14527427
0.1461216
0.1514891
0.15094252
0.15750648
0.1461469
0.14665183
0.14661099
0.15459114
0.14779167
0.15275912
0.15308589
0.14690466
0.15076199
0.14932515
0.15113991
0.14859584
0.1450507
0.15265049
0.15135792
0.15221412
0.1415946
0.1527007
0.15064617
0.1500266
0.15492107
0.15250623
0.151355
0.15111071
0.1512932
0.15025175
0.147179
0.15214257
0.14978407
0.15543723
0.15082932
0.14751138
0.14857882
0.14524883
0.1540092
0.14884846
0.15092921
0.14865051
0.15408824
0.15447672
0.14938112
0.151798
0.14329372
0.14511685
0.15254137
0.1498844
0.1468996
0.15550604
0.14862856
0.15164731
0.14730346
0.15354526
0.14359033
0.15056035
0.14811261
0.14614739
0.14906968
0.14867379
0.14549173
0.1525058
0.15189251
0.14552279
0.1487649
0.15721731
0.14384529
0.14812084
0.15156862
0.16043684
0.14242934
0.14822379
0.15319924
0.14283124
0.13987
0.1427916
0.14781404
0.14662962
0.14708485
0.15164654
0.14855078
0.1458876
0.1476802
0.14433593
0.1401311
0.14671576
0.15250714
0.13870215
0.14395703
0.14362873
0.1435715
0.14017113
0.14579968
0.15238966
0.1409841
0.14331524
0.14201885
0.15110822
0.14571348
0.13528605
0.14785367
0.14431934
0.13825767
0.15507561
0.14365731
0.1470696
0.14938767
0.13923305
0.14199013
0.14434028
0.14536655
0.14982842
0.14712381
0.14502922
0.14548035
0.14223337
0.14663982
0.14751533
0.14352895
0.15245949
0.14753048
0.13984878
0.14626426
0.1480534
0.14286323
0.14678974
0.14930642
0.1424478
0.13940445
0.13261974
0.14424665
0.14187743
0.14359362
0.14725141
0.14398803
0.1365837
0.14207368
0.14110066
0.14409503
0.14010553
0.14090835
0.14087924
0.15035355
0.14068434
0.14302889
0.14175794
0.14596204
0.14086606
0.14036916
0.13854368
0.1391617
0.14303885
0.1459566
0.1391069
0.14072876
0.1454935
0.14665787
0.13636361
0.14188182
0.14700472
0.14625926
0.13790046
0.14518571
0.13925637
0.15015586
0.13853851
0.14183152
0.14856827
0.1406645
0.14831644
0.13720964
0.1420572
0.14193131
0.14431399
0.14200547
0.14404811
0.13598022
0.14781995
0.13952368
0.1441463
0.14031251
0.14485529
0.14200568
0.14568111
0.1406821
0.14159364
0.14060093
0.14260498
0.14546289
0.1442796
0.14280535
0.13343652
0.14192376
0.14275292
0.14069915
0.13815212
0.13551283
0.14294697
0.1409175
0.13537014
0.14382
0.13810372
0.14120157
0.14059944
0.14110191
0.14193551
0.14034683
0.1356878
0.13689695
0.1393694
0.14168294
0.1445734
0.13953313
0.13738284
0.14096588
0.14439689
0.13904569
0.13760938
0.14026494
0.1440648
0.13798632
0.14423403
0.13474327
0.14264466
0.14295462
0.14276914
0.142968
0.13838816
0.13934918
0.14564136
0.13658565
0.13806325
0.14925349
0.14446758
0.14410992
0.14528349
0.14387909
0.13658425
0.145347
0.14093159
0.15067497
0.14307252
0.1443671
0.14910395
0.14259408
0.14984281
0.14462374
0.14946316
0.14049976
0.14185512
0.15458113
0.14213806
0.1387709
0.14006895
0.1370145
0.14105487
0.14715011
0.14978144
0.14634493
0.14672408
0.14641806
0.14918034
0.14292015
0.1498495
0.13901061
0.14389057
0.14449331
0.14345084
0.14445728
0.14588563
0.14433993
0.14219485
0.14122401
0.14492673
0.14062452
0.13782637
0.14553429
0.15041928
0.14907256
0.13957351
0.14482673
0.1451362
0.14652045
0.14498127
0.1531888
0.14465989
0.1461302
0.14544025
0.15299365
0.1504444
0.14802548
0.14609338
0.14526369
0.14534168
0.15593894
0.13832653
0.14365886
0.14526762
0.14257133
0.14874305
0.13570899
0.1540248
0.14099294
0.14365669
0.15001208
0.14195193
0.14476584
0.14256585
0.14010738
0.14919662
0.14873585
0.1448456
0.14476635
0.14963794
0.15087573
0.15164645
0.14465152
0.1408027
0.14283633
0.14193736
0.14605892
0.14876269
0.14404897
0.14299801
0.13813856
0.14418124
0.14639592
0.13946453
0.14914303
0.1436972
0.14483395
0.15191314
0.13844332
0.15481791
0.14544895
0.13953424
0.13562688
0.14435318
0.14245765
0.14313202
0.14570598
0.14413823
0.13857645
0.14341891
0.14190012
0.14972466
0.14654157
0.15020438
0.14008126
0.1380482
0.14161539
0.14009736
0.15575095
0.13749078
0.14396423
0.1453959
0.14641765
0.13885203
0.14378227
0.13864267
0.14511847
0.14185834
0.15009573
0.14240144
0.13890071
0.14748606
0.14567
0.1395659
0.14422901
0.13824277
0.13865665
0.14206113
0.14459835
0.14497305
0.14827152
0.14281286
0.14199379
0.14093144
0.14024463
0.14247781
0.1425424
0.13860059
0.13787462
0.1377131
0.14191997
0.14738393
0.1487517
0.14241926
0.1390988
0.13429251
0.14009891
0.13969721
0.14474374
0.14157428
0.14112991
0.13764846
0.13708344
0.14077924
0.13751318
0.15085271
0.13867524
0.13154483
0.13716112
0.14044538
0.1382681
0.14542264
0.1435238
0.14908639
0.14039578
0.14336663
0.14269342
0.1364589
0.1395799
0.14159013
0.14126743
0.14175867
0.14406294
0.14022046
0.14747654
0.13622065
0.15031013
0.14437239
0.14437604
0.14941284
0.145729
0.15315151
0.14740874
0.14761433
0.13979249
0.13785656
0.14130212
0.14524661
0.13744894
0.13658634
0.1419091
0.14667854
0.14120607
0.14651497
0.14334872
0.14769618
0.13640848
0.13559073
0.14554869
0.1421675
0.14689827
0.13653392
0.13443966
0.14663775
0.1436914
0.13902141
0.1455247
0.14475201
0.14333493
0.14391917
0.13359544
0.1452248
0.14303575
0.14240713
0.13741538
0.14639352
0.13937727
0.14194164
0.14933996
0.13755338
0.1420795
0.13714561
0.14718466
0.13775195
0.13845028
0.13941382
0.14769089
0.14363554
0.14217502
0.13929947
0.15081853
0.13812658
0.13830686
0.13387588
0.14406587
0.13343593
0.1478892
0.1422156
0.1385133
0.13674998
0.14006619
0.14108416
0.14175484
0.14603482
0.14792857
0.14015853
0.14581887
0.14116897
0.14527099
0.13754776
0.14506792
0.14403059
0.14767343
0.14107722
0.14937995
0.14625283
0.14469671
0.14562532
0.14210142
0.13747585
0.14831093
0.14104253
0.1452147
0.15143283
0.1485633
0.1474617
0.13978015
0.1483582
0.14385122
0.14448994
0.14939778
0.14857468
0.15440913
0.1419861
0.14998607
0.15428823
0.14825943
0.14644714
0.1503106
0.13952874
0.15364818
0.14704156
0.14418213
0.15465586
0.1483811
0.15156768
0.14793448
0.15320604
0.14466996
0.1777555
0.1593194
0.1669667
0.16657303
0.17553385
0.17346524
0.1724949
0.188894
0.18403074
0.18241483
0.19447716
0.198189
0.2015181
0.19783781
0.18688802
0.18922512
0.19329132
0.17750187
0.18706214
0.17081903
0.16758977
0.16741405
0.15800278
0.15706581
0.15834635
0.16832754
0.15760922
0.14608063
0.1489801
0.14504546
0.14209
0.14425461
0.15199208
0.15715724
0.1424256
0.13457446
0.14282401
0.14144057
0.14074998
0.15196654
0.15466017
0.14260286
0.14360175
0.14360645
0.14483903
0.13715163
0.14023204
0.13559315
0.14134093
0.1482694
0.13063316
0.13937268
0.14660679
0.14534037
0.13962168
0.15114859
0.13921508
0.14120956
0.13988732
0.14427505
0.14204833
0.15066795
0.14201759
0.14451353
0.14395261
0.13819876
0.14635281
0.15066588
0.15117046
0.13812064
0.14933093
0.13786086
0.14460301
0.14318024
0.14644095
0.14210796
0.13758293
0.14091042
0.15253073
0.14004253
0.14804487
0.1412005
0.14772308
0.15362705
0.14138688
0.14258242
0.14148255
0.13948023
0.1391117
0.14116974
0.14262128
0.14111997
0.1378993
0.15303051
0.13887478
0.14383137
0.14615549
0.14414155
0.14538158
0.14249066
0.1445991
0.13932052
0.13838819
0.13415228
0.14855453
0.13649672
0.13533716
0.13519621
0.13838638
0.13292664
0.13953324
0.13203761
0.13331696
0.1355819
0.14975807
0.12693253
0.13216934
0.1389953
0.13303944
0.13080224
0.13376708
0.1257981
0.13101892
0.13766491
0.14266142
0.13108404
0.13306662
0.13420916
0.13667296
0.13186648
0.1475651
0.13808055
0.1330638
0.13540582
0.13483125
0.13375059
0.13544981
0.14140512
0.14276189
0.13631684
0.13717483
0.14552172
0.13528593
0.13843358
0.13734919
0.13591622
0.13846469
0.13326529
0.13272616
0.13811852
0.13075832
0.13775441
0.14107592
0.13529657
0.12957436
0.13118358
0.13591717
0.13225166
0.13324451
0.130634
0.14662468
0.13119899
0.14085494
0.13806081
0.13381462
0.13327305
0.13086398
0.1390926
0.13562196
0.14329562
0.13556536
0.13158868
0.13274302
0.13268933
0.14214808
0.14114779
0.133521
0.13000682
0.1410682
0.13913098
0.13849603
0.130982
0.12715589
0.1382657
0.13058108
0.13252562
0.13150433
0.14373864
0.12914579
0.14058167
0.14350039
0.12994817
0.1359862
0.13530234
0.13353077
0.13161296
0.13470715
0.13203041
0.13610601
0.13364428
0.12917754
0.12617841
0.1293093
0.13784721
0.1394078
0.13538872
0.13300782
0.12636992
0.13371238
0.13923788
0.13666722
0.1313384
0.12863499
0.13175242
0.13120851
0.1346572
0.13518392
0.13453154
0.13231683
0.12739632
0.13338593
0.13582148
0.13082531
0.1300387
0.12886152
0.13236153
0.13429417
0.13380134
0.135035
0.124218285
0.12679265
0.13411736
0.13872965
0.13065578
0.13308421
0.1353743
0.134301
0.12942867
0.14556022
0.12760621
0.12932211
0.13072501
0.13084283
0.13251099
0.13627928
0.13037999
0.1262351
0.13349815
0.13360979
0.13782278
0.1279541
0.1330726
0.13033095
0.13849074
0.13703947
0.13094085
0.14075044
0.12874544
0.12751037
0.13215323
0.12905462
0.140844
0.13125028
0.13452758
0.12879662
0.13320065
0.14230405
0.12715377
0.1390437
0.12601002
0.13214542
0.13059019
0.1403753
0.13651302
0.13221312
0.1318034
0.13295847
0.13426161
0.13766736
0.14377485
0.13830394
0.13339916
0.1429646
0.13809638
0.12933934
0.14399748
0.13674484
0.13818318
0.13850425
0.13576488
0.1361963
0.12800428
0.14119557
0.13235725
0.1345829
0.13195784
0.13558067
0.13936101
0.13546856
0.13066906
0.13292265
0.13413954
0.130735
0.13096572
0.13451944
0.13312337
0.13269971
0.13342963
0.13015556
0.12459079
0.1410442
0.1342909
0.14375235
0.13302295
0.13637212
0.14080031
0.12616605
0.13631149
0.13086411
0.13390033
0.12651508
0.13231318
0.13419794
0.13523507
0.12680304
0.13239786
0.13345428
0.1290489
0.13114016
0.1368543
0.13391082
0.1338084
0.133286
0.12936145
0.13085526
0.12524322
0.12999202
0.13729882
0.12722732
0.1340757
0.12828794
0.14204824
0.12995575
0.13046645
0.13779913
0.12619631
0.13245627
0.13625342
0.13371861
0.1315065
0.12575786
0.13215254
0.1339591
0.13223793
0.12812667
0.13237101
0.1314932
0.12789847
0.14111727
0.1267138
0.13619287
0.13764304
0.13426168
0.14129257
0.13268344
0.12864567
0.13418216
0.12762478
0.13658555
0.14109334
0.13715656
0.14033765
0.13347006
0.13308382
0.13733679
0.13722168
0.1317888
0.13228098
0.1316158
0.13492699
0.13945161
0.1313037
0.13423228
0.13627361
0.13461906
0.13082847
0.1349399
0.13425413
0.13304721
0.13517812
0.13237813
0.13108265
0.1372002
0.13462046
0.1318208
0.1311881
0.12951636
0.13720694
0.12995782
0.12987275
0.1291502
0.13957094
0.13765973
0.14486717
0.13874835
0.1311179
0.14049438
0.13768043
0.13535817
0.13931629
0.13482212
0.12937015
0.13034596
0.13330267
0.13339739
0.14038591
0.13086258
0.1381092
0.13031195
0.13150208
0.13685197
0.14013942
0.13749595
0.13001686
0.13042423
0.12947915
0.13616829
0.14513327
0.13620391
0.13849486
0.13645743
0.12945186
0.13771074
0.13141108
0.13410759
0.14339815
0.13736685
0.13379543
0.1368313
0.13298239
0.14267933
0.1352496
0.1354361
0.13596933
0.12420798
0.13436595
0.1435541
0.13630997
0.12721562
0.13967311
0.1401607
0.14254741
0.13660066
0.13633713
0.14129856
0.13327591
0.13396408
0.13068105
0.13042656
0.13946185
0.13500603
0.13867912
0.13541743
0.1342862
0.13458814
0.13783328
0.14599928
0.13381656
0.13551368
0.14772226
0.13804269
0.13439886
0.12683097
0.13779067
0.13170385
0.13801967
0.13200217
0.13458961
0.12969136
0.1315822
0.14066325
0.13468423
0.14121792
0.136407
0.13974799
0.14225061
0.1443954
0.13225041
0.1393559
0.13240822
0.1320918
0.12816447
0.13285291
0.1420377
0.12963067
0.13408484
0.12874903
0.14560743
0.13141263
0.14179382
0.13514604
0.12674403
0.13289806
0.13540033
0.1355973
0.15316553
0.13983886
0.13962595
0.13624988
0.13744181
0.13814694
0.12701188
0.12359775
0.13378921
0.12843542
0.13346374
0.12762396
0.13349196
0.13071159
0.13739362
0.12350607
0.13202003
0.14209318
0.14272852
0.13050579
0.13647759
0.14594132
0.12943876
0.12819731
0.132446
0.14273845
0.1321187
0.1367257
0.1316441
0.13307625
0.1339917
0.1301089
0.12278034
0.12955987
0.12616576
0.13788965
0.13813746
0.1313722
0.13661757
0.1358008
0.12728344
0.13300341
0.13407654
0.13133836
0.13464282
0.13687232
0.13542837
0.12770163
0.13463338
0.13815005
0.13743708
0.13699816
0.1254562
0.13375853
0.14041469
0.13083357
0.13172948
0.13640119
0.1262203
0.14013386
0.1284748
0.12774271
0.13024057
0.12665826
0.13068974
0.12758912
0.1343909
0.1369723
0.13423419
0.13907076
0.13671245
0.12861766
0.1338155
0.13445713
0.1277493
0.1312956
0.13103296
0.13229933
0.1347452
0.1339078
0.13453977
0.13846524
0.13577032
0.13271326
0.14268076
0.13552336
0.12955783
0.13596784
0.12904459
0.13558169
0.1335193
0.13145834
0.13318859
0.13644674
0.13949089
0.12835798
0.13078389
0.13238032
0.12807412
0.13458872
0.1327605
0.12670714
0.13170706
0.13549088
0.13949515
0.13415293
0.13832867
0.13272285
0.13396902
0.13863495
0.12983608
0.13057789
0.12744363
0.13709803
0.13390243
0.14009716
0.13385753
0.13281481
0.1265736
0.13356088
0.12565705
0.1413
0.1310104
0.13048767
0.1325403
0.13334769
0.12886453
0.13048403
0.12913819
0.11864922
0.12842746
0.12946354
0.13303696
0.1308968
0.13433208
0.13232523
0.13693418
0.13210973
0.13684168
0.14486167
0.13711207
0.13408682
0.13729177
0.1372759
0.13883342
0.12922223
0.13960066
0.13253427
0.13644205
0.13237832
0.12513947
0.12499838
0.13500679
0.13397524
0.13468659
0.13335884
0.13333736
0.13538873
0.13308665
0.13703594
0.13970149
0.13082409
0.13190073
0.12998086
0.14559475
0.14022967
0.13083233
0.13985734
0.13704845
0.13200635
0.14430219
0.13536918
0.13157016
0.13942504
0.14823662
0.13060482
0.13069348
0.1344579
0.13962743
0.12829448
0.1360681
0.13944535
0.13651045
0.12945566
0.13765016
0.1304539
0.13797295
0.13726196
0.1356877
0.12997185
0.13275176
0.1380943
0.1338638
0.13722517
0.13300109
0.13555913
0.13537377
0.1429779
0.1362402
0.13462025
0.13111265
0.13671277
0.13510554
0.13224849
0.13639155
0.13151115
0.14143975
0.14167021
0.13456617
0.13980053
0.13597457
0.13446482
0.14002275
0.13659559
0.1319122
0.13470665
0.13727051
0.14150532
0.13181606
0.13496791
0.1360067
0.13868776
0.13487987
0.14626636
0.13783273
0.13424675
0.14406869
0.13283934
0.13542455
0.14024255
0.13568598
0.14025068
0.14276032
0.13836247
0.14593434
0.13925661
0.13635561
0.13191982
0.14265491
0.1396982
0.13636857
0.13166492
0.14259896
0.13822119
0.13342634
0.13646112
0.1336848
0.13775134
0.14077474
0.1425949
0.13712475
0.1429489
0.1276604
0.13583252
0.1371367
0.13598146
0.13796955
0.13572045
0.13561542
0.13867278
0.13167201
0.13482037
0.14405212
0.13770363
0.14539908
0.13317193
0.13884185
0.13806953
0.13968293
0.13780254
0.13431942
0.13567492
0.13695472
0.1468955
0.13434605
0.13117063
0.14203452
0.13952845
0.13760729
0.14240196
0.13764347
0.13015586
0.13820763
0.13692552
0.1500989
0.13702302
0.12643193
0.13969307
0.14429273
0.13791274
0.13241522
0.13264664
0.13862574
0.1466038
0.13762362
0.14504458
0.13947198
0.13623312
0.13596325
0.1352728
0.1394393
0.13880475
0.13197988
0.14519209
0.13187093
0.13345602
0.13671027
0.13251707
0.13824897
0.13581178
0.13937323
0.13356134
0.13000517
0.14155434
0.13126731
0.13871275
0.1428413
0.1332955
0.13969861
0.13666636
0.13470966
0.14054565
0.13561569
0.1390437
0.13773136
0.1447822
0.13750733
0.13131286
0.1390595
0.14511918
0.13493748
0.13546962
0.14100288
0.14072949
0.13799158
0.13514629
0.14135955
0.14257751
0.13682859
0.13946694
0.14089161
0.13866493
0.14290968
0.1368249
0.14492771
0.13801599
0.13534723
0.14060372
0.13635647
0.13966872
0.13638504
0.13815442
0.14118321
0.13933258
0.13675277
0.13832928
0.13910462
0.1419921
0.14173312
0.1419832
0.13522504
0.13274181
0.14601421
0.14073929
0.14717534
0.1507738
0.13985974
0.1452057
0.13369392
0.13716272
0.13336146
0.14462087
0.14107043
0.14083442
0.13997945
0.14116664
0.14400817
0.13245206
0.13670096
0.13951872
0.13439487
0.14236224
0.14088878
0.13480292
0.14302494
0.14095952
0.14314294
0.13693017
0.13409777
0.1384039
0.14458476
0.13620771
0.13781825
0.13846631
0.13596629
0.13867445
0.13234526
0.13906556
0.14350902
0.13442983
0.14379881
0.13299151
0.1297374
0.13435702
0.1328211
0.13427421
0.13944197
0.13049515
0.13594669
0.13459957
0.13854635
0.13940206
0.1363184
0.13537139
0.14305499
0.1429561
0.13975772
0.13470261
0.13722357
0.13353476
0.13172637
0.14279737
0.13071606
0.13193582
0.13279608
0.14396964
0.13593526
0.1311171
0.14434686
0.13616231
0.13646524
0.12696712
0.1342494
0.13987558
0.13485871
0.13454022
0.13516925
0.13302633
0.13833296
0.13424791
0.13982384
0.1331474
0.14174859
0.13626939
0.13130908
0.13483246
0.13758235
0.13583243
0.13524218
0.14886579
0.14783642
0.13327016
0.13216251
0.130356
0.13856857
0.13890132
0.13399082
0.13966334
0.13706766
0.13325709
0.13753939
0.1376989
0.14432348
0.15410142
0.13483274
0.13825691
0.1389111
0.13942315
0.13646299
0.14939436
0.14165367
0.13953733
0.13823797
0.14325412
0.13242356
0.14130977
0.1386147
0.1409154
0.13721046
0.13504882
0.14033411
0.13847496
0.14045669
0.1321911
0.14725398
0.13781539
0.1384134
0.14236325
0.13855074
0.14842713
0.1388355
0.14616664
0.13587113
0.13866843
0.14364102
0.14201279
0.13803521
0.14036314
0.15261552
0.13901941
0.13785473
0.14159416
0.14155559
0.1395965
0.1348054
0.1447364
0.14341016
0.13503642
0.13977103
0.13806775
0.15243547
0.13604961
0.13656346
0.1426843
0.14460196
0.13350987
0.13874114
0.14378855
0.1354815
0.1402509
0.14361432
0.148236
0.14318556
0.13365799
0.1307308
0.14728574
0.13800997
0.13772374
0.13993591
0.14260931
0.14513138
0.140861
0.1374088
0.13697933
0.14461651
0.139178
0.13942717
0.13296406
0.13956644
0.13753587
0.14281859
0.14360227
0.14495546
0.1426721
0.14044006
0.14007784
0.14579697
0.14349131
0.1428258
0.13176444
0.13458654
0.14894305
0.14202978
0.15172353
0.13461225
0.12797283
0.13024852
0.14289339
0.13984428
0.13235615
0.13299839
0.14604267
0.13883664
0.1484304
0.13578737
0.12885514
0.13117622
0.13994628
0.13387118
0.14614736
0.13838626
0.13961302
0.1350412
0.13995309
0.12785177
0.14140746
0.14274232
0.14198478
0.13070753
0.1373525
0.13750184
0.12990832
0.13288753
0.13145594
0.14034194
0.13721652
0.13456452
0.13603981
0.13307163
0.13607548
0.13912074
0.13921887
0.13859142
0.13800451
0.13999839
0.14535795
0.1286112
0.13968642
0.14479017
0.13233477
0.13797146
0.1329738
0.13469982
0.14038272
0.13237125
0.13270025
0.12856221
0.14896418
0.14929423
0.13322715
0.13458999
0.13339183
0.13384716
0.1276106
0.13042952
0.14116462
0.13446374
0.13275823
0.13135368
0.13723935
0.12438413
0.13992274
0.1335574
0.13765194
0.1402482
0.13188133
0.1419223
0.1305495
0.14719754
0.13230711
0.13118023
0.12743254
0.1371178
0.13333651
0.12943746
0.12580493
0.13085066
0.14109108
0.13013126
0.13748139
0.12660462
0.12277538
0.124966115
0.12175632
0.12675385
0.11890173
0.12264224
0.12947758
0.12631743
0.13105789
0.13386165
0.1313042
0.12804508
0.12595442
0.13325387
0.1311566
0.12913968
0.1354049
0.12853302
0.14007463
0.12743759
0.1255922
0.12797229
0.1279748
0.13361785
0.123635024
0.13367458
0.13777307
0.12791528
0.13731875
0.13415472
0.13341583
0.13813145
0.130415
0.13248445
0.13936697
0.13394576
0.1309361
0.14587744
0.13243978
0.134478
0.12849918
0.13337122
0.12909766
0.13306716
0.13516876
0.13640213
0.13366185
0.13181978
0.118708715
0.13324723
0.14195725
0.13323534
0.13477802
0.12821825
0.13111237
0.13028716
0.13581803
0.13030638
0.13974336
0.1358636
0.12811132
0.13120517
0.13293348
0.13592075
0.14185667
0.13127701
0.13335246
0.12550557
0.12936476
0.14225675
0.1338837
0.13535175
0.13313359
0.12940092
0.14389534
0.13049969
0.13478853
0.13572727
0.13324198
0.13699579
0.12359165
0.13013613
0.13889407
0.14051467
0.13853613
0.13525072
0.14604668
0.1334374
0.12922266
0.13843897
0.14431708
0.14001969
0.14334029
0.13811255
0.13791922
0.14139982
0.12933272
0.13544317
0.1329376
0.13792217
0.139892
0.12923412
0.1361833
0.12884589
0.13446636
0.13988079
0.13390559
0.14162849
0.13433962
0.13227442
0.12700939
0.13225071
0.13861726
0.14885813
0.12411343
0.1388197
0.1373644
0.13370825
0.13485412
0.14134571
0.1337921
0.14211084
0.13739851
0.13817984
0.12543505
0.13277718
0.13950871
0.13275626
0.14303736
0.13917197
0.1450549
0.1357809
0.1366736
0.1399013
0.14931075
0.1377302
0.14323471
0.13994081
0.14462215
0.1348688
0.15031669
0.14319487
0.14118002
0.13879406
0.14655256
0.14233218
0.13993426
0.13463694
0.14168188
0.13937475
0.12912712
0.13911895
0.14057429
0.14349946
0.13674179
0.13012879
0.1369801
0.13301937
0.14147715
0.14740185
0.13189569
0.13516803
0.13817523
0.14190443
0.14650524
0.1431576
0.13424565
0.14154853
0.14585452
0.13873577
0.1448628
0.15100309
0.13682604
0.1468975
0.14172523
0.14215325
0.13287209
0.14863402
0.14161935
0.14193565
0.1455279
0.14769056
0.14677797
0.1312013
0.1451267
0.14594322
0.13594787
0.14102471
0.13321818
0.13870332
0.12961744
0.13902414
0.14011672
0.12378832
0.13589187
0.13952713
0.13785507
0.14340259
0.14340028
0.13949648
0.13721019
0.14105532
0.14531009
0.13293219
0.13726076
0.14466508
0.14065811
0.1352055
0.14712855
0.14284582
0.14333838
0.13785942
0.14456429
0.14880349
0.14272496
0.14422977
0.13306165
0.13456565
0.13632901
0.14314535
0.14781415
0.14033699
0.14895195
0.13710071
0.13300668
0.14631414
0.15717794
0.13811584
0.13871416
0.14001194
0.14213313
0.13879405
0.14664045
0.13969553
0.13146202
0.13574831
0.13473336
0.12814303
0.14223783
0.14983453
0.13831243
0.14958908
0.14595139
0.14073981
0.14323454
0.14380191
0.13521029
0.1397841
0.151943
0.13780808
0.13810486
0.1434732
0.13939306
0.13479501
0.14750446
0.14739244
0.13972314
0.14302802
0.13272074
0.1277479
0.1360027
0.13484833
0.1457936
0.1443732
0.13626681
0.14602819
0.14761557
0.14856352
0.14781351
0.13355456
0.13221583
0.13842905
0.13786547
0.14656499
0.13621412
0.13239148
0.141305
0.15023774
0.14956252
0.14310813
0.14078721
0.15134326
0.14146622
0.13239664
0.14363031
0.1343596
0.13977742
0.14020842
0.14425215
0.13811113
0.147037
0.14217108
0.14298253
0.13779476
0.13951334
0.13031903
0.13882148
0.12277457
0.1413574
0.13757062
0.13625406
0.12847406
0.13463765
0.13389999
0.13471296
0.14031862
0.14193292
0.14132133
0.1455599
0.12754737
0.14908545
0.13644534
0.1391943
0.13670696
0.14208628
0.13534342
0.1333742
0.13719025
0.13546504
0.14425708
0.13287392
0.1321944
0.1391007
0.14231628
0.13670067
0.13207228
0.1420376
0.13341935
0.12832412
0.1377279
0.13541295
0.14840078
0.13522927
0.13234031
0.13243605
0.13430192
0.13693555
0.12940036
0.13538985
0.12925625
0.12475371
0.13351697
0.13560504
0.12597822
0.13101411
0.13257217
0.1322053
0.12925535
0.12940441
0.13428555
0.1379843
0.1411048
0.14115874
0.13256204
0.13383377
0.13978119
0.13459364
0.13818294
0.14140837
0.14225619
0.14791188
0.12840074
0.1354969
0.13126662
0.13312967
0.13383399
0.13104682
0.1354124
0.13414869
0.14341693
0.1336019
0.132359
0.14079772
0.14112137
0.13968252
0.13950445
0.12937129
0.13631134
0.14161901
0.13074519
0.12996957
0.14088573
0.14263703
0.1369074
0.14084964
0.13965122
0.137348
0.13022253
0.13728377
0.15297383
0.13424641
0.15278625
0.14980578
0.14998187
0.14660949
0.13506947
0.14760807
0.14217274
0.13728042
0.14332981
0.13754098
0.13719697
0.13483632
0.14534543
0.13527487
0.15455924
0.13419352
0.14806767
0.1380706
0.14246748
0.14035416
0.139551
0.15524127
0.14632115
0.14060941
0.15197228
0.13472302
0.13748764
0.14917979
0.1378779
0.14038435
0.15921982
0.14735518
0.14866446
0.13936555
0.14126559
0.13929209
0.15450898
0.13780883
0.13919681
0.13856241
0.1469273
0.13708375
0.13424858
0.1444812
0.14443904
0.14565271
0.14433497
0.13244289
0.14768778
0.14103411
0.1453773
0.14445345
0.1419901
0.1472955
0.15345125
0.13889667
0.14890115
0.14264783
0.1407683
0.13846734
0.145366
0.15045056
0.13802654
0.1488955
0.1383979
0.14302069
0.1423628
0.14079571
0.14177409
0.1364269
0.13961902
0.14702782
0.1524224
0.13482417
0.14725333
0.14403057
0.14234212
0.14833899
0.14154385
0.15123215
0.14781334
0.14185733
0.12814239
0.14773996
0.1485757
0.1480348
0.1454623
0.13657336
0.13740447
0.14970888
0.15093188
0.13963816
0.14254233
0.13474645
0.14517775
0.14071445
0.14122656
0.13974296
0.13954994
0.15773363
0.146884
0.14539586
0.14270486
0.14519595
0.15179272
0.14070615
0.16649497
0.14623508
0.1507555
0.15542156
0.14246237
0.14258112
0.1485467
0.14612162
0.14833531
0.14431672
0.15028092
0.14509104
0.14059058
0.14270766
0.15266743
0.14297058
0.14249438
0.14245145
0.151148
0.149646
0.1610652
0.14538927
0.15094557
0.14542593
0.13499667
0.14601314
0.14169481
0.15035912
0.15063272
0.14732094
0.14705767
0.14690459
0.1375282
0.15438618
0.14238966
0.13768701
0.1450861
0.14454606
0.14214627
0.14196755
0.14744784
0.14399558
0.14650542
0.14209718
0.14484933
0.14229846
0.15311153
0.15067801
0.13758242
0.15618537
0.14960827
0.14112096
0.1452023
0.14324844
0.1439778
0.14635095
0.15706737
0.14569788
0.15764692
0.14150769
0.15124968
0.15266944
0.15453225
0.15548646
0.15389012
0.1472932
0.14971529
0.14654379
0.15349536
0.16529411
0.15041478
0.15627886
0.16041416
0.1481199
0.15504737
0.14726222
0.15371226
0.15623093
0.15478
0.15785685
0.1613707
0.15323848
0.15260167
0.15607266
0.15181464
0.14888258
0.14614342
0.14812586
0.15689696
0.144448
0.14556365
0.15036634
0.14852671
0.14540845
0.14460713
0.1485912
0.1454266
0.14264266
0.14576486
0.13796264
0.14652106
0.15679441
0.1475373
0.14951433
0.15242219
0.14712839
0.15555371
0.13822442
0.14661118
0.14987649
0.15201384
0.1547964
0.14803058
0.1503177
0.15357745
0.14391638
0.14855288
0.1533527
0.13230531
0.15240666
0.14431871
0.14474231
0.1511587
0.14841683
0.1459403
0.14468391
0.15549232
0.1457294
0.14833711
0.14717191
0.13901179
0.14285834
0.14360179
0.15768832
0.14427762
0.15122168
0.15480609
0.14543542
0.15142302
0.14200766
0.1521631
0.14884232
0.15393235
0.14982349
0.14242704
0.15996946
0.14655818
0.15947098
0.15424727
0.1376521
0.14525726
0.14747278
0.16218585
0.15487027
0.14537665
0.14151421
0.13620283
0.15223797
0.1430498
0.14319435
0.1440471
0.15283667
0.15706818
0.13990967
0.13205929
0.14837953
0.14666732
0.14133397
0.14602472
0.14720528
0.14983086
0.14234841
0.14584658
0.14971289
0.14845397
0.14631046
0.14528061
0.14316937
0.13991258
0.1483724
0.13955867
0.13916741
0.14069231
0.15097123
0.14549269
0.13720345
0.14595973
0.1389363
0.14573197
0.14446478
0.14887358
0.14140168
0.1464759
0.14587429
0.1387364
0.1429317
0.14281519
0.14375128
0.14406294
0.15498069
0.1341377
0.14538883
0.14401163
0.15316108
0.14514954
0.14451225
0.15276438
0.14813992
0.14333472
0.14416742
0.14485931
0.14495592
0.13663992
0.13539721
0.14443307
0.15702282
0.14775372
0.13750167
0.13693826
0.14389127
0.15036283
0.13858216
0.16898794
0.1470103
0.13656193
0.15506297
0.13804321
0.1462374
0.14258568
0.1323777
0.13762698
0.14874873
0.13971661
0.14036767
0.13806488
0.1429008
0.13862741
0.14367281
0.1368218
0.14516884
0.14560457
0.16093749
0.14220019
0.14383791
0.1383723
0.13097125
0.13318442
0.1465374
0.14529632
0.15680073
0.13421056
0.1316824
0.143432
0.14230482
0.14424975
0.17667882
0.1514527
0.14950946
0.14950335
0.13935882
0.13303073
0.14758672
0.14397301
0.1540486
0.14177586
0.14366262
0.14053184
0.1433682
0.14560342
0.14547911
0.14747562
0.15179302
0.14058615
0.14380716
0.13868845
0.13973112
0.1451497
0.14336309
0.14928098
0.14673975
0.13975507
0.1472009
0.15142903
0.13550507
0.14777134
0.14342007
0.14404355
0.1370711
0.14286983
0.15328248
0.13627084
0.15726474
0.14343365
0.13828874
0.14361453
0.13879621
0.15150875
0.14689246
0.13905868
0.14301772
0.15700346
0.14473347
0.15890987
0.14542422
0.14246167
0.15226233
0.14528869
0.14407803
0.14522122
0.14571898
0.14081106
0.15080096
0.16833456
0.15184537
0.15765163
0.13964555
0.16051666
0.15271996
0.144569
0.14796616
0.15909165
0.15494631
0.14721827
0.14903007
0.15167888
0.14996545
0.168363
0.15274604
0.14728592
0.14935009
0.14291637
0.15265502
0.14862421
0.13998964
0.15678163
0.15237151
0.1561498
0.1500533
0.15758877
0.13742836
0.14323972
0.14815111
0.1703077
0.14592934
0.14916417
0.15136313
0.14745526
0.14496925
0.14712787
0.14654604
0.14899579
0.15439084
0.15156476
0.15880124
0.14237104
0.15858312
0.15375416
0.1435727
0.15089644
0.15329823
0.15956542
0.150406
0.1469319
0.14191933
0.15262441
0.15503477
0.16278015
0.14509831
0.15255684
0.14321642
0.1505811
0.16154034
0.1480792
0.15664525
0.14838324
0.1627928
0.14215326
0.1579885
0.15486006
0.1616201
0.15808804
0.15724069
0.17001806
0.14963944
0.15961225
0.16363691
0.15488705
0.16887143
0.16172099
0.1559604
0.17947026
0.15376335
0.14968862
0.15654574
0.14586939
0.15483628
0.1534495
0.16652554
0.15184385
0.15451522
0.15452431
0.15409961
0.15351695
0.15189043
0.15225801
0.14871082
0.14378355
0.1528301
0.1485104
0.15584764
0.15677035
0.14582545
0.14657179
0.15663901
0.1361526
0.14020291
0.15687655
0.15555309
0.14745486
0.14694309
0.15832147
0.15078904
0.15681821
0.15919131
0.14807422
0.15201285
0.16398819
0.1492963
0.15552856
0.16139887
0.15750444
0.1470712
0.17207678
0.15356141
0.1420062
0.1474198
0.16352728
0.15196882
0.15359579
0.1488199
0.14209886
0.16501442
0.15143187
0.14383939
0.14755134
0.15958408
0.17096533
0.14635904
0.16145827
0.15177856
0.15183763
0.15825194
0.15729879
0.1498379
0.15462728
0.16640005
0.15454154
0.14830184
0.15306892
0.16484657
0.15615569
0.15384631
0.15397803
0.15035295
0.14267388
0.15664446
0.15138085
0.14817736
0.14599395
0.15690205
0.14701094
0.14938225
0.15610354
0.14817415
0.15217866
0.15103061
0.14647235
0.14994305
0.14790486
0.16448963
0.14560543
0.13957706
0.14779899
0.15266296
0.14422567
0.15385962
0.14441358
0.15764278
0.15487947
0.15423949
0.14012864
0.15055569
0.150544
0.1498449
0.14757404
0.1344292
0.14996926
0.15277836
0.14361313
0.14330815
0.14777353
0.15314586
0.13712548
0.15508208
0.1529698
0.16343313
0.15184312
0.15017721
0.14601092
0.14840865
0.15138695
0.14990835
0.15275785
0.15021162
0.15584883
0.1461888
0.15387684
0.14284763
0.1512507
0.14605382
0.15018342
0.15796964
0.15797964
0.14988032
0.1502263
0.14489073
0.14802378
0.14141549
0.15724657
0.15359335
0.1471828
0.1618639
0.14735566
0.1420866
0.15708089
0.15984868
0.15342492
0.14476413
0.14502765
0.15653527
0.1454846
0.1484152
0.15172507
0.14312957
0.17049874
0.149756
0.15285182
0.15055475
0.14004627
0.15277433
0.14613277
0.15470497
0.1431323
0.14344546
0.15742265
0.15641649
0.15563743
0.15321872
0.1446623
0.16353196
0.15769655
0.1566218
0.14276852
0.14590728
0.13569933
0.15947427
0.14576997
0.15261355
0.16677678
0.1382509
0.1583127
0.15410092
0.1350978
0.15127596
0.15720615
0.15714893
0.15263729
0.16132051
0.15530427
0.1585388
0.16065918
0.1424103
0.15997584
0.14402978
0.1365868
0.1476748
0.15232697
0.15499198
0.15494572
0.1528074
0.15651777
0.15757553
0.14741373
0.15765369
0.13871855
0.15529764
0.15122916
0.13838418
0.1573738
0.14279568
0.15027991
0.14643542
0.14078462
0.163128
0.14946602
0.14809419
0.14398912
0.15100777
0.14519754
0.14900024
0.1392232
0.14667119
0.14321879
0.15019041
0.1454903
0.14835015
0.1477521
0.14546625
0.14154296
0.14956284
0.14342186
0.15142344
0.15765285
0.15529788
0.15302993
0.14363949
0.14136805
0.14829713
0.14733781
0.14629872
0.15296736
0.14498596
0.15265928
0.15497953
0.14002219
0.15414178
0.15363738
0.15854795
0.16209903
0.15251279
0.145491
0.15114346
0.15859796
0.15333542
0.15501434
0.16687018
0.16376537
0.1567157
0.15176816
0.16186523
0.1614688
0.15931383
0.15555286
0.15362436
0.1531719
0.15972874
0.15538955
0.14617231
0.15937652
0.16168591
0.1445364
0.1593907
0.15551433
0.15685645
0.14470041
0.16108309
0.14514975
0.15477426
0.16767879
0.15699251
0.15224516
0.15025765
0.16432317
0.15861462
0.15773293
0.15357496
0.14700197
0.15828362
0.1665642
0.16007598
0.16317347
0.19814476
0.15927774
0.15627524
0.15830015
0.15662824
0.19271655
0.17235947
0.173566
0.15580703
0.16610894
0.18120098
0.15082343
0.15668225
0.15257384
0.15550128
0.16604626
0.16562773
0.14830971
0.15456343
0.16079843
0.16422957
0.15665044
0.16099493
0.16575477
0.16060421
0.15628798
0.16273081
0.15298006
0.16628642
0.15678829
0.15961592
0.16186039
0.15445042
0.16426648
0.16122702
0.16363753
0.14974633
0.1553566
0.16256872
0.16497312
0.15529038
0.16054751
0.1780409
0.17134914
0.15826346
0.16469881
0.15822828
0.155073
0.16569373
0.15524553
0.15794949
0.15852977
0.15730178
0.17180137
0.15994585
0.15880218
0.16198751
0.1611101
0.17269288
0.15875708
0.1656759
0.15638725
0.16118965
0.15910117
0.15069717
0.16756156
0.1509861
0.16296051
0.15761171
0.17963625
0.16220947
0.1673375
0.15936756
0.16361596
0.16669421
0.17246746
0.16165559
0.15824895
0.16301467
0.16701263
0.16683502
0.16321616
0.1565579
0.17990714
0.17672805
0.16988452
0.15144284
0.15885034
0.15193449
0.15722124
0.15778409
0.15369482
0.16464351
0.16126147
0.15665177
0.15831384
0.15599637
0.15972002
0.16921063
0.15370885
0.16138957
0.15853694
0.1571048
0.16618212
0.160606
0.15510477
0.17468496
0.15937121
0.14990298
0.16181256
0.16157019
0.15858951
0.18558407
0.16896202
0.1707829
0.15618888
0.15610367
0.16041417
0.1622676
0.16940382
0.18123515
0.16506329
0.17640561
0.17663907
0.17226577
0.16886353
0.1542212
0.160955
0.16669366
0.14531074
0.15631616
0.16983607
0.1622334
0.16646884
0.15428631
0.16150305
0.15825517
0.15985768
0.16142605
0.16850214
0.17173706
0.15179893
0.15694058
0.1569749
0.14863263
0.1559793
0.15325686
0.16956028
0.17068923
0.16702461
0.17918791
0.15072122
0.17132144
0.15076236
0.15808843
0.16604784
0.16205625
0.15956123
0.14553216
0.15457785
0.15342738
0.16701984
0.16531424
0.17239437
0.15973857
0.15853082
0.16904692
0.16064355
0.15644372
0.18369086
0.14764346
0.17242257
0.15344508
0.17353602
0.14960806
0.16666248
0.18877104
0.17012468
0.15514416
0.15803841
0.15261255
0.17444092
0.16263102
0.16459823
0.16149226
0.16623399
0.16029052
0.16586241
0.16076486
0.16066465
0.15648836
0.16142577
0.16284794
0.14879434
0.1693394
0.1491392
0.15866888
0.17121093
0.17156488
0.15481293
0.168635
0.18114913
0.16717978
0.16028604
0.16023465
0.15567112
0.16450877
0.15912579
0.15793715
0.16548114
0.16529831
0.15747376
0.15283202
0.15594232
0.15059927
0.16727535
0.16849536
0.15338445
0.15753575
0.15557522
0.15327588
0.15615828
0.16498463
0.17072035
0.14458318
0.16571836
0.14917591
0.16198358
0.14931218
0.14827463
0.15447108
0.1491497
0.13620159
0.15012155
0.14968175
0.14838377
0.17097765
0.13763443
0.15267892
0.14499243
0.16254073
0.1644995
0.15864103
0.14961238
0.15336196
0.135183
0.145837
0.14820825
0.15111654
0.14265087
0.12966536
0.13873763
0.15490311
0.14435735
0.13676722
0.14083298
0.16319901
0.14823906
0.15430146
0.15006319
0.13660614
0.13735066
0.14852898
0.14968456
0.14711338
0.1553804
0.14864238
0.15970863
0.1262109
0.15720473
0.13949645
0.14805274
0.14320096
0.15183477
0.14461097
0.14237419
0.15746735
0.15122594
0.15275402
0.14786313
0.15665565
0.14077209
0.1434948
0.13544603
0.16811098
0.14843531
0.15203202
0.14304732
0.14712085
0.1503376
0.14458384
0.14569917
0.13940167
0.15690987
0.14164805
0.1559244
0.15891309
0.15812996
0.14609863
0.1540685
0.14905377
0.15278423
0.15512864
0.14631133
0.14325932
0.15251432
0.16606605
0.15474679
0.14820899
0.15500472
0.14482561
0.15257932
0.15165426
0.17209347
0.16193205
0.14138156
0.1452203
0.14067471
0.15996748
0.14271654
0.15900604
0.14439966
0.1470933
0.14100629
0.15518363
0.16350675
0.14233541
0.15005149
0.14552557
0.1562909
0.1533875
0.15164678
0.17808719
0.15638128
0.16590804
0.13814254
0.14633992
0.15291144
0.1570512
0.15931216
0.15057556
0.17905863
0.1592282
0.14161712
0.1456998
0.1438463
0.15286973
0.15539731
0.15237194
0.1522139
0.148255
0.15047857
0.15750992
0.1481868
0.14702728
0.14460285
0.17989284
0.15334876
0.15683784
0.1546698
0.15950938
0.15473628
0.17051408
0.15048638
0.14224303
0.17059422
0.16821882
0.16146125
0.16445836
0.15624012
0.14937846
0.16031298
0.15041433
0.16632152
0.16137624
0.14521396
0.16140561
0.15998517
0.15432356
0.14335306
0.153763
0.14915973
0.16156814
0.16181359
0.17632267
0.16048864
0.155866
0.16361241
0.16862433
0.13928497
0.15946169
0.16074093
0.15285954
0.15804787
0.1636374
0.15483017
0.14280616
0.1626517
0.17072742
0.15401727
0.15589784
0.15856285
0.16845287
0.16337107
0.16801374
0.15186553
0.16862316
0.16376442
0.17355287
0.15170605
0.15957135
0.14650466
0.16069245
0.15557839
0.15193671
0.15719876
0.1678252
0.15771407
0.14508167
0.15579234
0.15609738
0.14146511
0.15480842
0.15719634
0.16697015
0.16209848
0.16804484
0.15584579
0.17403428
0.1527215
0.15460953
0.15302292
0.15818906
0.16036342
0.16793026
0.16894816
0.16850068
0.16879497
0.16601008
0.17434622
0.1529693
0.1598972
0.15131307
0.17291486
0.15517183
0.14568092
0.14216264
0.1717063
0.15570742
0.15038458
0.15701833
0.1456385
0.14957532
0.1507554
0.17025618
0.15740593
0.14642681
0.1558701
0.1594345
0.17311274
0.14416203
0.14059933
0.14352423
0.14976981
0.17006396
0.15434745
0.16292484
0.15635704
0.1577811
0.14386532
0.1453481
0.16596603
0.15044703
0.16094634
0.13993709
0.15736265
0.17169793
0.16986462
0.1655508
0.14600693
0.15017974
0.14669037
0.15723805
0.15814751
0.15190995
0.16186306
0.16883056
0.15067111
0.15499897
0.16168585
0.16173874
0.15475021
0.16712746
0.15496223
0.14950609
0.15612897
0.15949649
0.15874127
0.16374713
0.14651948
0.13855112
0.14354628
0.15207131
0.14007717
0.15433116
0.17620349
0.16139935
0.16356969
0.15453936
0.1560085
0.15192284
0.1683814
0.1585815
0.16118573
0.15775904
0.15209389
0.15388457
0.16145569
0.14798015
0.15055321
0.16038847
0.15855248
0.15042664
0.15273197
0.16198103
0.16284247
0.15154383
0.17192566
0.16805212
0.15593114
0.14746983
0.15467668
0.1537727
0.16610798
0.15515639
0.15219447
0.16161396
0.17091247
0.16708982
0.16343966
0.15591621
0.16026877
0.15070194
0.1594281
0.16575989
0.15357235
0.15657932
0.14392154
0.1478674
0.16307612
0.18716487
0.16875051
0.16555564
0.15185048
0.17756884
0.17289606
0.16352683
0.1553564
0.14387287
0.14991345
0.17600298
0.14700265
0.15899475
0.16694258
0.16067582
0.14177084
0.1560855
0.15711896
0.16206947
0.1444798
0.16562429
0.1465463
0.15143977
0.14879099
0.15281828
0.16364317
0.14515242
0.14518768
0.14954667
0.1405251
0.1524053
0.16928583
0.15061682
0.16233855
0.16614488
0.1468805
0.14822403
0.14407304
0.15376353
0.16046493
0.16906716
0.15985103
0.14612114
0.15846324
0.16138352
0.15140982
0.1419262
0.18862584
0.15380369
0.16632846
0.16012214
0.14767145
0.15322503
0.16470575
0.14282674
0.16045237
0.16220102
0.1457369
0.16782394
0.15114823
0.1563509
0.15173341
0.15564635
0.16672015
0.14794922
0.14217162
0.1559951
0.15572247
0.1552855
0.15354453
0.14494398
0.15935564
0.15568745
0.14936699
0.1683784
0.14969417
0.14679596
0.14256391
0.16182217
0.14346601
0.13513422
0.14401415
0.14706685
0.1474001
0.1552071
0.15597546
0.14739783
0.14441013
0.14824341
0.15118048
0.14680523
0.16406415
0.14009584
0.14961879
0.15649141
0.15763249
0.14351481
0.14995337
0.14379872
0.13974945
0.14367768
0.15843324
0.14158884
0.14963658
0.14563456
0.1551023
0.14716014
0.14820327
0.14591688
0.15041545
0.1381613
0.13827488
0.14422894
0.15633301
0.14361796
0.14283389
0.1476677
0.14641914
0.14377865
0.13609834
0.1355161
0.1663791
0.15098822
0.15280594
0.14462604
0.163505
0.17130949
0.15619098
0.14977206
0.17547505
0.14771554
0.14030029
0.16416411
0.14279777
0.1470592
0.14802712
0.14853758
0.16629998
0.16963373
0.15801549
0.14935738
0.1542586
0.14635038
0.14076056
0.14070289
0.15467416
0.14286259
0.16213526
0.14342795
0.13835862
0.16204554
0.15182216
0.14091913
0.14926559
0.14334917
0.13861983
0.1480919
0.1478706
0.14103085
0.13405524
0.13427192
0.14169662
0.13453336
0.13321882
0.13074978
0.13919619
0.15122256
0.15645222
0.15071668
0.15097159
0.1414531
0.15701027
0.15159866
0.15904632
0.14935623
0.15594006
0.15523192
0.17113051
0.14781526
0.15168801
0.14027344
0.15036796
0.14651194
0.15099655
0.14637381
0.15065838
0.14122204
0.14103931
0.15535936
0.14346896
0.15316425
0.15871903
0.14528872
0.1371615
0.13465607
0.14136116
0.14637063
0.15276182
0.14412025
0.14879489
0.15834978
0.15569025
0.15759185
0.15505002
0.16751376
0.15029244
0.14838956
0.1442756
0.14554282
0.14638086
0.15271735
0.14632156
0.15344074
0.16263583
0.15122789
0.1469832
0.14698972
0.13910615
0.14264259
0.15762515
0.14809965
0.14687613
0.16881397
0.15910201
0.15212967
0.15430403
0.15936172
0.15969643
0.15558688
0.16552992
0.16437514
0.15121286
0.14258641
0.14200038
0.14947335
0.16019167
0.1529007
0.15461466
0.14986436
0.14706127
0.1457256
0.14635684
0.14783654
0.15051882
0.1536727
0.15428917
0.16499677
0.16784434
0.15637898
0.15425819
0.14977077
0.15886927
0.16510567
0.18603146
0.1646386
0.1627687
0.16412026
0.16200426
0.17894307
0.15065297
0.17526436
0.16527608
0.15822582
0.16678366
0.15464287
0.16263773
0.15403517
0.15581404
0.16009955
0.15724051
0.1644316
0.17374994
0.15579964
0.15100077
0.1593847
0.16218269
0.15074739
0.16614632
0.15679848
0.14313962
0.14894776
0.17426965
0.16012391
0.18310417
0.16426311
0.16279913
0.15436047
0.15044315
0.14818603
0.14682035
0.14815788
0.15508413
0.16022873
0.15515117
0.15861218
0.17530315
0.15456727
0.1579265
0.1540417
0.15168546
0.15025732
0.14699487
0.1522052
0.16651466
0.15504037
0.1511543
0.15418324
0.16414416
0.16070989
0.15332367
0.1552932
0.16485013
0.1695829
0.15113561
0.1460401
0.15995005
0.1726724
0.16143854
0.15643395
0.16818479
0.1634203
0.1664189
0.16012716
0.15752637
0.16300304
0.15670066
0.16444784
0.1607329
0.1855479
0.17050368
0.15315235
0.15332054
0.17105208
0.16015424
0.16174217
0.17376119
0.16573924
0.15958358
0.15687111
0.15310024
0.15116207
0.1498684
0.15546392
0.16375649
0.16042311
0.15617847
0.15625115
0.15584548
0.16105211
0.1666411
0.19909135
0.16903886
0.15577614
0.1636107
0.17184383
0.15897603
0.1615851
0.16251001
0.15348761
0.15379718
0.16346264
0.15670858
0.16116536
0.17686178
0.18380225
0.17498697
0.18194135
0.1667914
0.16504394
0.17673355
0.18205988
0.17062862
0.16844022
0.1626996
0.16060866
0.16602531
0.17636584
0.16843836
0.17221233
0.1898414
0.17034398
0.17003854
0.17337626
0.1816834
0.17333502
0.18745734
0.16848677
0.22275996
0.17108494
0.17889427
0.172803
0.17464794
0.1724461
0.16185203
0.17036518
0.19803602
0.1796297
0.19757289
0.17830935
0.17428337
0.16793384
0.16398023
0.16731663
0.17396013
0.17393744
0.18588515
0.17561243
0.16863501
0.16617867
0.17204072
0.18471225
0.17670813
0.18396866
0.18944274
0.17496969
0.18071409
0.1708692
0.17575307
0.18855236
0.18251051
0.19433922
0.18872777
0.18540643
0.17822324
0.17993708
0.18144716
0.19518481
0.22232538
0.18005179
0.17572153
0.18359569
0.18732029
0.166703
0.16656178
0.18695264
0.1739912
0.16374248
0.16490208
0.17056464
0.18698645
0.17036696
0.17126356
0.18972453
0.17591855
0.16748367
0.16952705
0.18207765
0.16980483
0.16860221
0.17850046
0.16343601
0.15302472
0.15854554
0.15009476
0.1524959
0.15183732
0.1551321
0.1537067
0.15491608
0.15558772
0.16258487
0.166102
0.16093889
0.15252733
0.1452021
0.14994818
0.14923787
0.14646131
0.1426883
0.14470644
0.14860646
0.1519292
0.14809999
0.14744772
0.14474139
0.15275897
0.15353698
0.1588404
0.15902616
0.1585243
0.14719297
0.14159551
0.14204952
0.14481051
0.14491607
0.14159718
0.1410272
0.13777111
0.13612027
0.14485107
0.15163852
0.16001554
0.15105501
0.14472435
0.1418646
0.1485588
0.15350941
0.15192278
0.149992
0.14739172
0.15690023
0.15381362
0.14888176
0.15041746
0.15282713
0.15655166
0.14269178
0.1466025
0.1494849
0.15469305
0.14575818
0.1470522
0.14368266
0.1492734
0.14804812
0.1630945
0.19059826
0.1673216
0.1523204
0.15172356
0.14308642
0.14054477
0.13984312
0.14706673
0.1501967
0.14771363
0.14069195
0.13735044
0.13869461
0.15018994
0.15132247
0.15035869
0.14448829
0.14293768
0.14061639
0.14297117
0.14767814
0.15072574
0.1482961
0.149291
0.15566023
0.14904432
0.1491477
0.14222209
0.15378991
0.15640324
0.15181334
0.14161114
0.1359072
0.13670842
0.14377064
0.154772
0.1539053
0.14651266
0.1396867
0.14254634
0.1416308
0.1296681
0.12904751
0.13652796
0.1428092
0.14970627
0.14085613
0.15143088
0.14356205
0.1466655
0.14425609
0.14262123
0.1534656
0.15222056
0.15093398
0.14374337
0.13439746
0.14053062
0.13539048
0.13316067
0.12604344
0.12897965
0.12793134
0.13452801
0.1379325
0.14241162
0.14083436
0.13581008
0.1383445
0.13815226
0.1389475
0.1340932
0.13025957
0.12823561
0.12628669
0.12701851
0.12554263
0.12429529
0.11509665
0.11175187
0.11741144
0.11496455
0.1223465
0.114927255
0.11926717
0.11466026
0.11799753
0.12594482
0.12645407
0.119303755
0.12030255
0.11919872
0.12382966
0.11668893
0.121093504
0.1181129
0.11617455
0.11272866
0.11786674
0.11989962
0.12345771
0.11846809
0.12637211
0.12271204
0.12678185
0.11817019
0.11517106
0.11095187
0.11388197
0.11505586
0.122368015
0.1293649
0.12781459
0.12255806
0.11669189
0.11869417
0.11744886
0.1192496
0.119047046
0.12120626
0.11831079
0.12929703
0.1293984
0.1301421
0.11814671
0.12077216
0.12287684
0.1271926
0.1252148
0.12358819
0.116855696
0.117296994
0.11204619
0.120723136
0.11989882
0.121732935
0.12274332
0.119816534
0.119606525
0.10988838
0.112041354
0.111916915
0.11466481
0.11709187
0.1167512
0.11815809
0.11008363
0.11177379
0.116740406
0.12997015
0.13246529
0.12746501
0.11997823
0.11647899
0.121144235
0.121608034
0.1252098
0.11771799
0.11859528
0.115850285
0.124826565
0.12808363
0.13057685
0.12996376
0.12598056
0.13053074
0.12749569
0.12955685
0.12602463
0.123989336
0.12517412
0.12531738
0.12988397
0.12444266
0.12176591
0.121128656
0.12410212
0.1261307
0.122118875
0.13042212
0.13076538
0.13118994
0.13310783
0.13422878
0.14195026
0.14108032
0.14703783
0.14240888
0.13521664
0.12554091
0.12231503
0.12897916
0.1291952
0.13113333
0.12113359
0.12424392
0.12031798
0.12676483
0.13099629
0.13821799
0.1361893
0.1372349
0.13527966
0.13452686
0.13683711
0.13489464
0.12720728
0.12083049
0.12195549
0.12689133
0.12341336
0.12359777
0.1253031
0.12934095
0.13055694
0.13826068
0.14049971
0.1382916
0.1328478
0.12887141
0.12902899
0.12931849
0.12713201
0.12852105
0.12653808
0.12977128
0.1284937
0.13731155
0.13910003
0.13539302
0.12885667
0.12684008
0.13074738
0.12929657
0.12806477
0.13044868
0.12914923
0.1283268
0.12782806
0.13422449
0.13412602
0.13933721
0.13568556
0.13721377
0.13620038
0.13708831
0.14147636
0.14059694
0.14175214
0.14098276
0.13406083
0.13517314
0.13605297
0.14497805
0.1495249
0.14148791
0.13591453
0.13080247
0.13556945
0.13847236
0.13001879
0.13263917
0.13817574
0.14719102
0.14435129
0.13437179
0.12761165
0.13122956
0.13736531
0.13991742
0.14017276
0.13440995
0.1547089
0.15133177
0.15190738
0.13483885
0.13487752
0.13361572
0.13236058
0.13535993
0.13872795
0.13500284
0.13689128
0.13366322
0.14328858
0.13924733
0.146672
0.14504828
0.14950095
0.14267905
0.14640754
0.14473054
0.14285722
0.13440175
0.13643166
0.13809611
0.14401704
0.14230901
0.1484288
0.14885172
0.14333211
0.14600995
0.14390048
0.15348823
0.15229566
0.1496064
0.14232887
0.13728613
0.13734101
0.14037606
0.1461835
0.15109174
0.14722903
0.1395093
0.1367249
0.13939807
0.14586516
0.1468361
0.1510283
0.14936264
0.14828113
0.14737567
0.15014008
0.1554516
0.15242556
0.1447762
0.14105068
0.14425687
0.15060721
0.15095085
0.14341828
0.1450267
0.14440584
0.14826557
0.14156394
0.14488499
0.14433941
0.14725
0.14238334
0.14354472
0.14325142
0.14179778
0.13831009
0.1354603
0.13336237
0.1273709
0.123609
0.12139262
0.12733145
0.12956116
0.13343081
0.13302046
0.13406387
0.13177016
0.13567466
0.14385952
0.14255972
0.14463945
0.13399544
0.13720173
0.12881868
0.13059038
0.13319895
0.13644724
0.14245424
0.13206917
0.13058475
0.12575978
0.12928945
0.13204567
0.12991507
0.12990792
0.13202979
0.13375005
0.13632256
0.13036908
0.13068679
0.1262115
0.12489571
0.12296234
0.1277232
0.1283523
0.12891513
0.123361304
0.12606934
0.1292042
0.13517193
0.13798746
0.13630626
0.13440809
0.13098066
0.12928931
0.12914613
0.13160639
0.13259141
0.12484235
0.12498883
0.12686537
0.13848276
0.13487174
0.12702148
0.120166175
0.12478664
0.13442862
0.13824902
0.13348983
0.13083194
0.13296893
0.13328086
0.12852263
0.13197194
0.12579826
0.13300973
0.12739843
0.13469836
0.12783478
0.1322713
0.12880038
0.13556598
0.13519865
0.13585694
0.13110998
0.13719046
0.14337124
0.14216268
0.13440049
0.13176472
0.13350514
0.13143541
0.12635037
0.13110484
0.13304837
0.13744994
0.13520756
0.1342124
0.13654457
0.13859048
0.13915026
0.14073378
0.14122838
0.14601439
0.15158603
0.15115081
0.14463952
0.13885444
0.13650829
0.14657675
0.1454455
0.14612858
0.13925108
0.144347
0.14582415
0.14937814
0.14398102
0.13701522
0.13434832
0.13846488
0.14734453
0.14737351
0.14637887
0.14194256
0.14566284
0.136083
0.14120732
0.14108683
0.15216215
0.14845775
0.14857057
0.14480166
0.15288359
0.14549346
0.14283171
0.1381618
0.14542173
0.14913183
0.14836313
0.14912164
0.15085602
0.14752641
0.14507243
0.14427933
0.15408817
0.16069952
0.16848747
0.16753295
0.162475
0.15212671
0.146045
0.14681777
0.15183713
0.15720102
0.17616208
0.17704415
0.1714781
0.1604532
0.16692902
0.17268309
0.16793592
0.15673035
0.15234834
0.15215819
0.15374991
0.15791772
0.16367222
0.17203555
0.17013243
0.15715449
0.15425663
0.15709396
0.1711105
0.1712892
0.16277328
0.15488288
0.14651531
0.14802511
0.14339209
0.14751713
0.15163952
0.15522231
0.16228257
0.16082068
0.15673521
0.15781297
0.15896861
0.15471385
0.14731212
0.14746219
0.15467058
0.15130892
0.15153106
0.15017454
0.15677725
0.15626496
0.1517
0.15272312
0.15384285
0.16499616
0.17056401
0.17281038
0.16785552
0.16003098
0.16187271
0.17151326
0.18239428
0.17550239
0.16179037
0.15102276
0.15295771
0.1659687
0.16019143
0.16122377
0.14958744
0.16060518
0.16995078
0.16755803
0.15966278
0.15300563
0.16135933
0.16014424
0.15696912
0.14241146
0.14772113
0.15667544
0.16320583
0.1608617
0.15082735
0.16045722
0.15930887
0.15755604
0.15426554
0.15339796
0.1533167
0.16161886
0.1653243
0.17325945
0.16838196
0.17378013
0.17482518
0.1779483
0.1687017
0.16363658
0.15822196
0.15722437
0.1590035
0.15971339
0.1681331
0.16302334
0.16069481
0.15451653
0.15881836
0.1636949
0.16183434
0.1647707
0.15988438
0.16201799
0.17536874
0.17231579
0.17676006
0.15485922
0.15744804
0.15228586
0.15919748
0.16392876
0.16378973
0.15717271
0.15749551
0.1656656
0.18875264
0.18986022
0.18656716
0.17094551
0.16085799
0.16134618
0.15881008
0.16340686
0.16111891
0.1666784
0.17569283
0.17379764
0.16757257
0.15817496
0.15994278
0.16448568
0.17305554
0.1727743
0.16562314
0.16466944
0.16436803
0.17178291
0.16091229
0.18140629
0.18234801
0.18362035
0.16190818
0.15502863
0.14517799
0.14998373
0.15674528
0.17465758
0.17416348
0.16888271
0.15990196
0.16173302
0.16899763
0.17411259
0.1634777
0.16020869
0.16237843
0.17044379
0.17107975
0.17599383
0.1731266
0.1689695
0.15526734
0.15971164
0.16326615
0.17116243
0.16993746
0.1653472
0.1626267
0.16264945
0.1681865
0.17163633
0.1729498
0.18037502
0.18346685
0.18066321
0.16983289
0.16498367
0.16541006
0.17802401
0.1733508
0.1754879
0.16333768
0.16774784
0.16654553
0.16696468
0.16747618
0.16577359
0.16798355
0.17363802
0.17430893
0.1803769
0.18087694
0.19078596
0.18134713
0.21272986
0.20337182
0.20366915
0.16424969
0.16810331
0.17476134
0.17844123
0.17406794
0.17396738
0.17025062
0.1759456
0.17060949
0.17893487
0.18300357
0.19145262
0.18189849
0.1848349
0.17947128
0.18253684
0.18325397
0.18110327
0.19108057
0.18475215
0.19441646
0.18756545
0.18391557
0.17400303
0.1737266
0.17814949
0.18069948
0.1876805
0.1867532
0.1928791
0.18746056
0.1850849
0.18048358
0.18183696
0.18392564
0.18186559
0.17757921
0.17512447
0.16940576
0.1729321
0.17729627
0.20522788
0.20421292
0.2119674
0.19763829
0.19865808
0.1895709
0.18439741
0.1837825
0.18325394
0.18709554
0.19265695
0.20669034
0.20766635
0.20241092
0.17528588
0.17014158
0.17677371
0.19431622
0.19557895
0.19430922
0.19126065
0.19095162
0.17829955
0.18073814
0.17509413
0.18310799
0.18222113
0.18830623
0.1839342
0.17820397
0.17137529
0.17405114
0.18132648
0.19486976
0.189215
0.18948998
0.1874539
0.20481946
0.2047542
0.2005102
0.1943171
0.18574284
0.1857005
0.18188785
0.18256138
0.18160082
0.18481416
0.19307357
0.1969654
0.19637267
0.18999304
0.18473968
0.18034665
0.18033682
0.18186375
0.19206165
0.19392125
0.19708754
0.19164318
0.18953913
0.18862765
0.19068314
0.1960654
0.19474441
0.18973033
0.18083964
0.18520033
0.18875298
0.18781106
0.17997669
0.17783171
0.18921423
0.19526762
0.1926957
0.1841657
0.17805746
0.17260882
0.17609371
0.17293382
0.18028298
0.18288057
0.19299512
0.19723472
0.19472662
0.18960212
0.19361399
0.19902702
0.19822659
0.19076589
0.18264756
0.17432313
0.17459665
0.17718723
0.19130187
0.19478348
0.20388582
0.19611533
0.20145848
0.21084343
0.22717704
0.21036917
0.19128509
0.17979495
0.18446487
0.19027607
0.19198528
0.20421498
0.19856803
0.19385052
0.18642156
0.19125773
0.18811047
0.18444157
0.17025463
0.17382711
0.17113695
0.18235691
0.18273357
0.19258729
0.19070254
0.19280072
0.19090006
0.19739848
0.19957359
0.20057924
0.18861668
0.18365231
0.18280548
0.18247609
0.17436567
0.18688464
0.19913635
0.21577497
0.19299054
0.19058941
0.17394681
0.17074814
0.16306248
0.17133789
0.18460687
0.1831442
0.18183094
0.17639935
0.18085343
0.17665432
0.17619477
0.18271346
0.19426928
0.20039056
0.19481824
0.19104342
0.18276641
0.17731752
0.17344369
0.16953957
0.17294359
0.16787152
0.17373256
0.17620537
0.19110242
0.18770804
0.18975306
0.18468691
0.1802192
0.17247508
0.2002156
0.2096193
0.21538457
0.1900705
0.1869292
0.19673526
0.19583085
0.20175888
0.18798926
0.18147483
0.17993836
0.17777996
0.176456
0.16650175
0.16650194
0.17199557
0.18213952
0.18176845
0.18047623
0.19136772
0.20091203
0.19713902
0.18622528
0.18033785
0.17490363
0.17324914
0.17885876
0.1802778
0.18195377
0.18801227
0.19731024
0.1902448
0.17466934
0.1859223
0.18382779
0.19243151
0.17844118
0.18966566
0.19016325
0.18859363
0.18124406
0.18166906
0.18612397
0.18687992
0.19058883
0.18472233
0.19410889
0.1848219
0.18802962
0.17162138
0.1691764
0.17925245
0.18864629
0.19204466
0.18268228
0.19197947
0.19565673
0.20503284
0.20080148
0.20477062
0.20217554
0.21307266
0.20463648
0.204892
0.188816
0.19396435
0.18703468
0.19195461
0.18656456
0.1952939
0.18889712
0.20208962
0.19649237
0.20630197
0.20816398
0.2187167
0.226332
0.2225698
0.2169162
0.20143506
0.20199823
0.19859233
0.19936435
0.19556612
0.18931082
0.19289231
0.19723202
0.21121974
0.21308838
0.2084518
0.20227411
0.20680226
0.20963408
0.2179336
0.21532936
0.22563024
0.23295777
0.23046386
0.21800898
0.20952322
0.20755212
0.21606676
0.22067879
0.24065512
0.24583326
0.24068926
0.2335724
0.23435844
0.24414434
0.24927528
0.2387342
0.22604713
0.22202852
0.22603348
0.23031308
0.2301525
0.2206608
0.22390218
0.2265593
0.24470665
0.24354467
0.24623504
0.2343387
0.24163978
0.24451996
0.2510892
0.2418745
0.23376568
0.23030886
0.2355003
0.2255675
0.22615477
0.22962193
0.24486469
0.24641916
0.24356042
0.22631058
0.22714521
0.22625658
0.22694713
0.23188302
0.2349134
0.25178403
0.24312513
0.23094076
0.2194821
0.21779624
0.22094333
0.21376415
0.22185975
0.22322138
0.23793091
0.22922905
0.21854024
0.2140825
0.2116511
0.22005245
0.21923724
0.23016599
0.22465476
0.22406773
0.2306742
0.23772301
0.25232798
0.2463919
0.24926685
0.2382348
0.23046449
0.23483826
0.23609042
0.23705465
0.23000899
0.22627972
0.2205106
0.22071797
0.23696464
0.25429744
0.26035506
0.25040743
0.24691486
0.24754226
0.24388243
0.23297925
0.23164676
0.23613092
0.24048589
0.22377445
0.2116498
0.20944709
0.2047821
0.20446737
0.20952342
0.22360037
0.21751907
0.21423414
0.21006522
0.2064891
0.21008393
0.21640426
0.22428149
0.23969279
0.23840457
0.24540238
0.23682483
0.22843637
0.22594334
0.2203906
0.23351502
0.23468283
0.22597668
0.21236324
0.22717784
0.2350244
0.23870409
0.22927599
0.2325753
0.24473707
0.24230507
0.23851837
0.23508535
0.23670389
0.24111992
0.24104321
0.23282415
0.22655922
0.22006895
0.22949937
0.23082383
0.23484658
0.23023722
0.22094977
0.22133645
0.22384736
0.22866048
0.23314664
0.22560579
0.22629485
0.21382728
0.22741276
0.22714515
0.22867109
0.21668063
0.21927513
0.21625935
0.23086147
0.22691591
0.2377772
0.22494943
0.22270739
0.22343063
0.23520114
0.23813714
0.23970586
0.22454026
0.23034497
0.23301156
0.2422557
0.22612365
0.20699404
0.19447985
0.19047177
0.20416129
0.21707705
0.22869411
0.22371575
0.21541211
0.22783977
0.22888249
0.23061739
0.21997479
0.22774915
0.23033701
0.22835708
0.22473592
0.21890162
0.21934384
0.2159281
0.21540724
0.21988498
0.2142124
0.23531762
0.22946794
0.2416864
0.22552143
0.23424333
0.21833186
0.21368313
0.21238348
0.21532866
0.21865381
0.20550476
0.20970337
0.20056875
0.21330461
0.2090472
0.2111277
0.2052472
0.21314402
0.22039047
0.23547384
0.2337048
0.23739628
0.23428935
0.23794317
0.23576038
0.23538214
0.23503114
0.23459847
0.22912194
0.24119003
0.23949134
0.24513933
0.24144587
0.24323468
0.24679385
0.23914768
0.24631692
0.24034415
0.24023429
0.2309836
0.24610603
0.24282622
0.24625227
0.24044222
0.25081435
0.25896493
0.25906506
0.262951
0.2644646
0.25064483
0.24075434
0.2383017
0.23877332
0.24463442
0.24689847
0.2725322
0.2678223
0.2813426
0.26550537
0.27192968
0.2596157
0.26695022
0.2806656
0.27971056
0.26951796
0.26411065
0.27546957
0.2678416
0.2606693
0.2599926
0.27664945
0.2692742
0.26252514
0.26723862
0.27234116
0.28350806
0.27999136
0.27963853
0.26566815
0.2622962
0.26750374
0.27664876
0.279245
0.30042621
0.3050714
0.3113472
0.2961639
0.30588654
0.30337355
0.3084069
0.29453903
0.2947864
0.27885696
0.27824122
0.27356526
0.2786427
0.2725043
0.28169116
0.28331393
0.2941778
0.30550072
0.31158167
0.30483377
0.2969678
0.29805523
0.30116147
0.28045464
0.27632537
0.26574463
0.2550481
0.26123688
0.27095962
0.28816435
0.27069005
0.28130996
0.26808465
0.29241425
0.26935795
0.28164276
0.2831727
0.30770636
0.28800762
0.2802828
0.2563784
0.26774827
0.25994667
0.27987432
0.2895115
0.28280336
0.27183324
0.26584518
0.25771794
0.2652265
0.27501726
0.27845076
0.26748705
0.26066446
0.25919652
0.25942585
0.25890625
0.2629101
0.25219327
0.25393197
0.25771698
0.25494373
0.2572243
0.25335568
0.25217402
0.24316621
0.24952948
0.27646926
0.28488708
0.27215472
0.25771192
0.2545856
0.28317255
0.27728498
0.27232897
0.2590585
0.26513115
0.26407385
0.24715412
0.2558762
0.27168566
0.2830114
0.2619249
0.25475255
0.26197827
0.26535377
0.26304612
0.25679743
0.2632323
0.27138358
0.259591
0.2530842
0.24603105
0.25849244
0.26900792
0.2775091
0.27403477
0.27831212
0.2908837
0.29220864
0.28635827
0.26083687
0.25952613
0.26769987
0.2600641
0.26667905
0.2528053
0.25773898
0.256471
0.2630206
0.29258317
0.28409103
0.2772695
0.2547815
0.27824223
0.29144752
0.29684457
0.27708954
0.26589143
0.25917068
0.26378578
0.27082935
0.25619555
0.25303248
0.25145283
0.27069333
0.25398952
0.2674623
0.2648214
0.29182264
0.28053808
0.2831699
0.27152166
0.26428103
0.25236067
0.2447023
0.25309923
0.25137758
0.26362848
0.25222135
0.25432912
0.25086862
0.24516806
0.23555803
0.23004907
0.22387931
0.22993276
0.23691921
0.23862028
0.24238536
0.23151888
0.2269048
0.2354618
0.23567086
0.2579809
0.26466322
0.24485442
0.23810034
0.22845963
0.2161069
0.22498927
0.2192575
0.2270532
0.24075638
0.2337152
0.23072943
0.2340402
0.22690338
0.23008025
0.22763465
0.22520576
0.22444345
0.24656074
0.26107106
0.26843402
0.27197835
0.25536254
0.22548598
0.21515548
0.21377087
0.20925823
0.20454463
0.21143514
0.21818374
0.2182702
0.21767943
0.21449956
0.21999255
0.2203428
0.2217981
0.22499202
0.23045678
0.22473155
0.24582502
0.26490772
0.2456484
0.258204
0.24898033
0.22607255
0.235584
0.22618689
0.22856013
0.22790852
0.23103584
0.22771394
0.22473559
0.2256195
0.21680991
0.21945389
0.22522497
0.22981186
0.23341516
0.23408154
0.22854784
0.23415843
0.22618364
0.22672006
0.23376302
0.2396149
0.23697245
0.24870251
0.2457037
0.24199988
0.23318742
0.23158209
0.2314031
0.22000588
0.21664988
0.22103742
0.21794555
0.21833502
0.2284082
0.2296752
0.23619501
0.23338443
0.24095245
0.25379452
0.25166222
0.2613748
0.2559446
0.24764568
0.22981104
0.23404942
0.21385379
0.21905944
0.221392
0.22438231
0.22864267
0.23899652
0.2539755
0.24657008
0.24816035
0.24162866
0.22955611
0.22701451
0.22891343
0.22921757
0.24133322
0.25300226
0.24017094
0.23668465
0.23782358
0.23700899
0.22016434
0.2192185
0.23241107
0.22560288
0.21805663
0.22034566
0.21899208
0.21160218
0.21413241
0.22274771
0.23556665
0.24066134
0.23286144
0.23615848
0.23592132
0.23065433
0.23918116
0.25759792
0.27215612
0.25828695
0.24896401
0.24867639
0.24275158
0.23230262
0.2528462
0.26239336
0.26892087
0.27070513
0.26296312
0.25001165
0.2507898
0.2434112
0.24585317
0.2617568
0.26457354
0.27513328
0.28065073
0.28904265
0.28875336
0.29341558
0.28486782
0.28240207
0.26910025
0.25927037
0.25769165
0.26036462
0.26219565
0.2789485
0.29113698
0.29046786
0.30212313
0.30111974
0.29330963
0.29311225
0.28987175
0.28554502
0.28851366
0.27706856
0.27963898
0.28300178
0.30680352
0.30028975
0.30196425
0.28474715
0.27450782
0.24403222
0.23944253
0.24076907
0.24975628
0.24583454
0.25045577
0.25788057
0.27013576
0.25575176
0.2540055
0.24750723
0.24772523
0.2379694
0.24514024
0.2611577
0.2509064
0.24414454
0.24316378
0.24623047
0.24060658
0.23695084
0.2339007
0.22557643
0.2279959
0.22817107
0.23406
0.23779793
0.2369499
0.23768349
0.23641782
0.23462401
0.23214771
0.23384258
0.23569484
0.24679017
0.2393385
0.23324749
0.22543873
0.23166806
0.23204756
0.22034639
0.22873658
0.22509098
0.2235553
0.22819383
0.2276183
0.23009424
0.22882988
0.22551152
0.23698866
0.24538897
0.25048712
0.24708508
0.25187647
0.2540613
0.2622797
0.2638589
0.25366503
0.2653468
0.28428826
0.28076816
0.2844433
0.27722925
0.2694655
0.25577602
0.26061228
0.256901
0.2595895
0.266272
0.2701904
0.25974086
0.2563429
0.24633461
0.24335366
0.22900559
0.21661466
0.21965885
0.220313
0.22129765
0.22946714
0.23394872
0.24409233
0.25529706
0.26391184
0.26767966
0.26609182
0.26087376
0.2645808
0.2671383
0.25603655
0.2472699
0.24926022
0.25917715
0.2707076
0.26764864
0.28352264
0.30607405
0.30828995
0.28697288
0.27706784
0.27917504
0.28484517
0.26596078
0.2541135
0.25890785
0.25260007
0.26427433
0.2533613
0.24793819
0.2545183
0.25906062
0.2632362
0.25788575
0.25345004
0.2521973
0.2502888
0.24555582
0.25675866
0.25490138
0.26892015
0.26018086
0.25761327
0.25901514
0.2543827
0.25295112
0.25089288
0.23631759
0.24373582
0.24503765
0.25417724
0.25272495
0.2357157
0.23500839
0.2547643
0.26218873
0.29734725
0.2976864
0.3400896
0.35307235
0.36988822
0.3299893
0.2980858
0.25852388
0.25902945
0.2549197
0.25352353
0.26627702
0.27002218
0.28636852
0.30748117
0.3064353
0.3063595
0.32873625
0.36034197
0.3839379
0.39606795
0.39187357
0.40692565
0.38909262
0.3876064
0.35524413
0.3357428
0.3455825
0.35355255
0.33378968
0.31242266
0.31298357
0.3248998
0.33275992
0.33514488
0.32395858
0.33723155
0.3543162
0.37723657
0.39017954
0.4089009
0.43508568
0.4382478
0.41459194
0.3987876
0.395466
0.3895391
0.37942842
0.39103332
0.42534634
0.44080648
0.43524984
0.44126433
0.4369809
0.42926964
0.4190575
0.4122911
0.41134858
0.40723106
0.43096614
0.47214088
0.48187813
0.49211767
0.58831054
0.62162673
0.642434
0.64043534
0.6300699
0.50601405
0.50468826
0.47185782
0.4580244
0.47162586
0.51580226
0.50068545
0.50236726
0.5328434
0.510926
0.5045948
0.47758964
0.49792016
0.4867917
0.48306897
0.4900489
0.4849106
0.46890023
0.46651703
0.4694442
0.46966776
0.481234
0.48998696
0.5004847
0.537
0.5473797
0.584501
0.60165465
0.59981173
0.5824023
0.5952488
0.55184054
0.53741246
0.49313432
0.49004844
0.51065713
0.4916562
0.51946676
0.51666325
0.5351341
0.5099458
0.5174376
0.48496684
0.48314276
0.46532494
0.45633224
0.4879403
0.50200117
0.5104586
0.53055525
0.5555815
0.5641904
0.58190924
0.5665568
0.5724103
0.5941953
0.6357259
0.67816836
0.7583594
0.81761855
0.82891965
0.8237289
0.7865895
0.8228424
0.7793683
0.79389215
0.8175145
0.7566643
0.77092546
0.70592135
0.7655803
0.73760414
0.6764216
0.6746299
0.6541465
0.6477105
0.6582018
0.6377465
1.2756816
1.4965372
1.9079415
2.6900375
7.0289235
2.9476905
2.0069373
1.6263356
1.3741528
0.6641012
0.6391196
0.6200855
0.650817
0.6342747
0.61175054
0.64100677
0.6494611
0.6727415
0.6606312
0.61936873
0.63644916
0.65701777
0.6612183
0.66191787
0.7164688
0.72883916
0.71047807
0.7205419
0.7239113
0.7490155
0.7428491
0.71017975
0.72681403
0.67939717
0.6678351
0.65335035
0.63111603
0.6019721
0.59888417
0.6103617
0.64748234
0.64695513
0.6738083
0.67027956
0.68089145
0.7005681
0.72479665
0.70550746
0.73566437
0.79005384
0.83014673
0.80685735
0.82470447
0.8439162
0.8174986
0.8054622
0.8070661
0.7861895
0.7866866
0.7636174
0.74507034
0.7744094
0.75894934
0.75422
0.7545556
0.7545556
0.7545556
0.7545556
0.7545556
0.7545556
0.7545556
0.7545556
0.7545556
0.7545556
0.7545556
0.7545556
0.7545556
0.7545556
0.7545556
0.7545556
0.7545556
