1142.1135
617.7548
279.99487
193.77261
146.18086
115.01784
93.34023
77.190796
64.99201
55.365177
47.44252
41.271202
36.124634
31.788649
28.536018
25.513834
23.05344
20.901136
19.110085
17.483587
16.130316
15.013925
13.994443
12.936968
12.273283
11.50241
10.913899
10.43272
9.893512
9.358615
8.961024
8.547266
8.25585
7.9461064
7.666421
7.418264
7.156937
6.992036
6.794377
6.5752373
6.383179
6.2448163
6.0757833
5.9221244
5.8129797
5.7233734
5.5253615
5.4147654
5.362428
5.229416
5.1096783
5.0598354
4.9583673
4.9048305
4.811039
4.7028413
4.6727686
4.640679
4.5614734
4.493878
4.459388
4.452453
4.401005
4.3440323
4.32938
4.3112183
4.2630277
4.198819
4.1874485
4.114727
4.077017
4.0299697
4.0264845
4.001936
3.98098
3.9021072
3.9301207
3.8538077
3.828093
3.7962499
3.7719922
3.7204003
3.7769158
3.7144804
3.6814232
3.6543367
3.6275804
3.641523
3.5971737
3.5597372
3.5246997
3.504594
3.5342004
3.4792607
3.4848533
3.4294856
3.4349442
3.432414
3.42354
3.4101102
3.411369
3.3722737
3.3913536
3.367443
3.3282163
3.2999074
3.2947686
3.2838984
3.2612586
3.287162
3.2620187
3.1931424
3.1895578
3.1693544
3.19459
3.1560276
3.1620877
3.1031058
3.1104264
3.1074588
3.097547
3.0933146
3.0600605
3.0761726
3.0824947
3.0058217
3.0460253
3.0123029
2.9987805
2.9888961
3.00735
2.9914157
2.9691792
2.9317832
2.9752715
2.9391718
2.9372685
2.8926563
2.9113126
2.8968916
2.896672
2.878905
2.8471289
2.8633072
2.8792431
2.8597672
2.8380394
2.8553972
2.8720262
2.84655
2.8289735
2.8437731
2.7902293
2.826946
2.8565803
2.8331587
2.7961745
2.8538756
2.8330135
2.8163095
2.8118494
2.7696953
2.8116007
2.7623117
2.7883499
2.7298882
2.7366183
2.6943965
2.703709
2.719738
2.7010288
2.692128
2.6998181
2.7121518
2.7033823
2.6944315
2.7009878
2.6961048
2.6561189
2.673169
2.6554954
2.6260672
2.620587
2.6647403
2.625893
2.6158605
2.6301117
2.6056376
2.5897298
2.5611353
2.5661871
2.590679
2.5557015
2.5471368
2.536637
2.5214596
2.5628738
2.5455093
2.4807923
2.5611935
2.4837902
2.551454
2.487506
2.5476093
2.5111425
2.534449
2.5060105
2.4965224
2.4889743
2.4414225
2.455599
2.453251
2.4925146
2.4148316
2.4428835
2.428934
2.3915846
2.4468317
2.4471533
2.419199
2.436893
2.4000902
2.3924649
2.3659751
2.4068534
2.3461246
2.3423312
2.3619704
2.374451
2.3356628
2.3542128
2.3373005
2.3051353
2.3019116
2.3177743
2.2689798
2.2664406
2.2454188
2.2535636
2.2683647
2.2623255
2.230267
2.2326376
2.230331
2.228128
2.211668
2.1963987
2.1884487
2.243251
2.199368
2.1982296
2.177591
2.148231
2.16736
2.1617074
2.1664455
2.1576679
2.146104
2.1537154
2.1134322
2.1480143
2.162109
2.132362
2.1274388
2.1250741
2.0930126
2.09559
2.0901475
2.0549695
2.1043375
2.0726645
2.0947938
2.0481756
2.0693345
2.0801156
2.034924
2.0451717
2.0455506
2.0483272
2.0467322
2.044253
2.0253675
1.9873323
1.9846654
2.0279887
1.9488859
1.9721183
1.9499034
1.939465
1.9400423
1.9294407
1.8886597
1.9085858
1.928709
1.889709
1.9434148
1.8588167
1.8657831
1.8791809
1.8387465
1.8346603
1.8642657
1.8494401
1.847355
1.8288721
1.8178807
1.8116859
1.7850884
1.7952535
1.7932131
1.7321364
1.8018507
1.7721244
1.7613353
1.7591208
1.750531
1.7218275
1.7540154
1.7242739
1.7027112
1.7168565
1.7034787
1.6909785
1.6944717
1.6941804
1.6814393
1.6554935
1.6560074
1.6574057
1.6465504
1.6558746
1.6412123
1.6322004
1.6251072
1.6011325
1.6080914
1.6057947
1.5823885
1.5912349
1.5853335
1.602627
1.5735267
1.5729089
1.5655614
1.5517316
1.5538741
1.5377476
1.5445143
1.5106686
1.520909
1.4899212
1.5014191
1.5078828
1.5113955
1.4664433
1.4787389
1.46866
1.4592927
1.4455551
1.4841363
1.4272659
1.4634829
1.4446114
1.4172659
1.4021688
1.4096256
1.4293005
1.4174412
1.4167681
1.3884542
1.4103885
1.3935738
1.3745819
1.4052205
1.4017404
1.3472604
1.345219
1.3393716
1.3422805
1.3477799
1.3437432
1.3456372
1.3380235
1.3500587
1.3420542
1.3237898
1.3575374
1.3012701
1.3216128
1.2968224
1.3073438
1.3105271
1.2941449
1.2652656
1.2475466
1.2709955
1.2531002
1.2566853
1.2742101
1.2301617
1.2587411
1.2585063
1.2494066
1.2266082
1.239869
1.2142012
1.2518305
1.1958872
1.2303224
1.2232028
1.1851312
1.195162
1.1949468
1.2124913
1.2142324
1.2040039
1.186408
1.1900828
1.1747388
1.1697593
1.1842674
1.1610373
1.1772383
1.1725067
1.1647003
1.1435304
1.1375079
1.1290408
1.1363523
1.1435653
1.1376424
1.1127329
1.1208112
1.0967453
1.1283778
1.112907
1.0990177
1.1032273
1.0755622
1.1012752
1.0924708
1.1085166
1.101983
1.1027492
1.0783015
1.0937833
1.0697168
1.075519
1.1139706
1.0952846
1.0859741
1.0792416
1.0787927
1.0615768
1.0674903
1.0817677
1.0793049
1.0587173
1.0924164
1.0570487
1.0642557
1.0389961
1.0651518
1.0483205
1.0068723
1.026356
1.0172228
1.016031
1.0059125
1.0179237
0.98825073
1.018406
1.0139048
1.0081193
1.0148205
0.9986772
0.9875548
0.9615778
0.9609386
0.9664841
0.9625591
0.9472477
0.96945226
0.9542998
0.95998496
0.9659623
0.9560564
0.93790704
0.938086
0.95218587
0.9313451
0.9326355
0.9185548
0.9183486
0.91617346
0.9011588
0.8929986
0.9007791
0.89802736
0.8634735
0.88928056
0.8798406
0.8867558
0.87154526
0.89173883
0.8783761
0.8849294
0.87044966
0.8676592
0.8705639
0.8314319
0.8672392
0.88150316
0.8519834
0.85490465
0.8361062
0.8380106
0.82123864
0.85146004
0.8455494
0.835544
0.846641
0.8121505
0.821692
0.8177025
0.8353654
0.7992539
0.83037627
0.80546826
0.8222415
0.7795968
0.81735194
0.8118369
0.8022889
0.8133595
0.8105316
0.78970635
0.7706912
0.77655256
0.80247957
0.7884988
0.7828591
0.8041243
0.7656369
0.77746016
0.7551449
0.76779807
0.76843035
0.7769804
0.7552961
0.76397127
0.7641732
0.7330275
0.7194002
0.74331915
0.7482538
0.72837347
0.74671465
0.74157035
0.71940637
0.72096676
0.7268035
0.7145872
0.72605586
0.70527804
0.72155946
0.7174126
0.6953243
0.705826
0.7258449
0.68428767
0.7170325
0.6854569
0.7009646
0.7093745
0.69697917
0.6856673
0.70070904
0.67718834
0.7006393
0.6800306
0.682055
0.6867355
0.6980747
0.66923976
0.6697321
0.6779596
0.6657124
0.6616634
0.656048
0.6625114
0.6460916
0.66003245
0.65335226
0.6470871
0.65227854
0.6330485
0.64129525
0.6498433
0.64960253
0.6311694
0.6328905
0.6433047
0.6383477
0.62980884
0.6327189
0.59641856
0.6213577
0.60849035
0.62706834
0.6326871
0.5936977
0.62898546
0.61473113
0.6055909
0.60655546
0.60290444
0.59202385
0.5988238
0.5924752
0.5953035
0.5793296
0.5744149
0.60595864
0.5765159
0.57354
0.5598761
0.577062
0.5743194
0.5451683
0.5878456
0.56299365
0.569265
0.5566488
0.5561267
0.56160575
0.5300813
0.5521584
0.542351
0.55645645
0.545539
0.5583996
0.5392455
0.53933096
0.53854
0.55610275
0.5340179
0.54276955
0.55166495
0.54277086
0.5264429
0.534753
0.5389512
0.5348501
0.52611345
0.52620274
0.5295166
0.531564
0.52075094
0.51829094
0.5339932
0.5404973
0.5286194
0.5355447
0.52698326
0.50567865
0.5261769
0.53646576
0.519204
0.49814907
0.5023669
0.4991029
0.49451733
0.4963202
0.49792016
0.5090113
0.48568183
0.4903006
0.48323712
0.49345973
0.48384765
0.4906435
0.5015927
0.4780454
0.47685686
0.47192997
0.47257146
0.47345272
0.48659074
0.46469036
0.46723822
0.47123823
0.46960646
0.46224332
0.45814368
0.46753833
0.4544966
0.45859864
0.4435394
0.45365846
0.45007083
0.4580113
0.43148857
0.46186402
0.4418617
0.42922655
0.45484635
0.45749795
0.4587296
0.4231189
0.434308
0.43352705
0.43192297
0.42935133
0.45666265
0.4359175
0.432004
0.4311944
0.4312008
0.4239591
0.43743056
0.41445535
0.4178618
0.41932744
0.41614595
0.41504204
0.4380727
0.40584785
0.42791143
0.4139745
0.41397443
0.41379008
0.42327556
0.4307819
0.4271723
0.40807956
0.4239736
0.4105496
0.42588994
0.41575944
0.40015927
0.41234916
0.3849556
0.4119287
0.40605688
0.39228067
0.39703307
0.3870844
0.42385983
0.40118876
0.39993373
0.39150918
0.39908907
0.3842834
0.4040658
0.4000045
0.4151605
0.38848406
0.38885257
0.3774536
0.39411128
0.3908323
0.37977308
0.37920612
0.37969577
0.37172595
0.3685367
0.38320673
0.3707581
0.37948453
0.3777099
0.38603953
0.3769637
0.36922517
0.35969663
0.3690093
0.40145054
0.37644997
0.35375035
0.36009592
0.36296186
0.35660985
0.3642961
0.3606504
0.34706175
0.35150093
0.35141462
0.3567209
0.35789928
0.3388055
0.34896037
0.34982604
0.34125453
0.33799598
0.3406617
0.3539814
0.34127444
0.3272917
0.34319073
0.3385603
0.34674394
0.32725346
0.32918298
0.3261518
0.3347532
0.3345482
0.34732682
0.33258602
0.3549822
0.32303897
0.33735326
0.3267372
0.3222119
0.3124866
0.32309183
0.32210535
0.31882042
0.32050774
0.3163329
0.33177295
0.3136222
0.31804323
0.32112452
0.3100656
0.3101425
0.33965945
0.3030367
0.32663637
0.31944886
0.30103368
0.31689793
0.31810844
0.3077362
0.3025357
0.30589852
0.2989921
0.31141007
0.2947268
0.3026574
0.2935901
0.30036917
0.30170643
0.30303735
0.29544786
0.3075424
0.28837535
0.29544184
0.28052726
0.31004426
0.29049337
0.30426022
0.28423485
0.29120523
0.28767234
0.3052357
0.29478407
0.30384785
0.30460477
0.3067504
0.29056856
0.27805588
0.2808608
0.2851271
0.28515548
0.28424153
0.2731824
0.28269655
0.29178983
0.2695187
0.28348774
0.2849096
0.2747049
0.2711664
0.25797707
0.27165213
0.27622575
0.27653143
0.2740056
0.28720254
0.26940447
0.26974267
0.27000016
0.27831304
0.26907557
0.26631343
0.26622123
0.27610305
0.27507105
0.27596855
0.28251493
0.27427325
0.26302072
0.26578924
0.2691629
0.27574608
0.28360462
0.26935697
0.27388662
0.2496321
0.25815165
0.27692118
0.24682552
0.2598326
0.25877163
0.26360902
0.25333998
0.26675686
0.26457742
0.26560298
0.26324153
0.25579965
0.27272633
0.25487873
0.24725045
0.23525083
0.25453493
0.25904444
0.23339424
0.24234413
0.25217503
0.254172
0.24043971
0.25029323
0.25270864
0.24511185
0.23691548
0.23855798
0.25926977
0.24648468
0.26159275
0.24236241
0.250201
0.24735835
0.25542524
0.23574847
0.23626515
0.22897391
0.24707152
0.24813344
0.24855162
0.2516892
0.23613375
0.25125593
0.24616985
0.23907992
0.24323629
0.24208386
0.23337504
0.23537764
0.23316951
0.23067953
0.24041454
0.2428908
0.23732159
0.25632066
0.24412063
0.23332474
0.23428874
0.23434393
0.24118896
0.22827113
0.24796915
0.24148084
0.2247626
0.23301922
0.24638115
0.24166079
0.24183024
0.23158304
0.2269804
0.2359947
0.2365129
0.23544317
0.23441412
0.2353697
0.2310901
0.221518
0.22906297
0.23143172
0.2511157
0.24384026
0.23794498
0.22977425
0.23034205
0.23846732
0.24281584
0.22305672
0.22215743
0.22609821
0.21709321
0.22599474
0.22685783
0.23653774
0.21010345
0.21832125
0.2358155
0.22674596
0.22650887
0.23095222
0.2066232
0.21380378
0.22448877
0.22357687
0.21553005
0.2131056
0.22100176
0.21284968
0.21211645
0.22158404
0.22324985
0.22053073
0.21056497
0.21312639
0.2062137
0.2132169
0.22188886
0.21639715
0.20115426
0.20120797
0.20841075
0.20595072
0.21352272
0.20443584
0.21609393
0.21436535
0.21168956
0.21006453
0.1805083
0.21009256
0.21674666
0.20822167
0.21760836
0.213272
0.1898642
0.20113805
0.20115665
0.20003177
0.20368461
0.20378864
0.20511179
0.19829221
0.20021361
0.18664518
0.19739108
0.19457364
0.20172381
0.19930741
0.19838214
0.19389394
0.20527293
0.1919824
0.20238204
0.20360604
0.20261249
0.20155135
0.19319832
0.2014476
0.20762043
0.19834015
0.1996516
0.19374149
0.18940775
0.19551751
0.20938899
0.18633473
0.2019826
0.20286457
0.20701985
0.19782662
0.18488216
0.19194838
0.19348425
0.18925647
0.19775905
0.18420309
0.19251075
0.19830638
0.1951482
0.19226299
0.19860387
0.18369472
0.18628423
0.18569131
0.17925428
0.20107353
0.17711142
0.1827654
0.1849969
0.18699914
0.17710504
0.16264172
0.19483525
0.17458698
0.17807132
0.16579099
0.17665899
0.1710437
0.18048479
0.171251
0.16752867
0.18153268
0.17678991
0.17005584
0.18082584
0.19485435
0.18163975
0.17998956
0.16806339
0.19049247
0.19017434
0.18974036
0.18061104
0.18562397
0.1749444
0.19658224
0.18550958
0.18013996
0.1967016
0.18547425
0.19187047
0.17676075
0.18170631
0.18318401
0.18272246
0.18285184
0.18291913
0.18577613
0.18263389
0.18103327
0.17896204
0.17914267
0.17549644
0.17704023
0.18607791
0.1777077
0.184463
0.1817193
0.18440785
0.17099689
0.18137442
0.18583192
0.1838598
0.16683693
0.18291205
0.17545712
0.17883363
0.18380097
0.17202932
0.18625101
0.17020617
0.17697003
0.17240752
0.17495017
0.18336527
0.17596047
0.17872067
0.1780638
0.17262173
0.17187506
0.17260046
0.18226227
0.1936248
0.17994161
0.18746445
0.17593922
0.17756169
0.16956997
0.1688659
0.16732383
0.18142875
0.17829345
0.16333523
0.1677266
0.1777151
0.17335068
0.17013334
0.16936482
0.16650334
0.16619812
0.16808347
0.1682922
0.16708101
0.1616694
0.17711273
0.17119199
0.16292858
0.16646855
0.18535708
0.16890481
0.17673771
0.16580951
0.16257103
0.1702643
0.17374207
0.16432044
0.1672234
0.1768871
0.16888683
0.15885101
0.16752714
0.164175
0.20220183
0.16739221
0.16803595
0.1603101
0.16303068
0.1652955
0.14836346
0.16448821
0.16350244
0.16848822
0.18757893
0.16125982
0.16878933
0.17179213
0.16702934
0.16623126
0.16879307
0.17318983
0.17275794
0.16547045
0.16507089
0.16770694
0.17010064
0.17271699
0.15235215
0.16292074
0.16912238
0.16823162
0.1701896
0.16116002
0.17290811
0.17503275
0.16167885
0.16074526
0.16211714
0.18262039
0.16410956
0.16272485
0.16675425
0.17222814
0.17246662
0.16837402
0.1683672
0.16944985
0.1751642
0.1797713
0.1709427
0.18149261
0.17867373
0.18092027
0.19181374
0.20265381
0.19289768
0.20599729
0.22442937
0.24458496
0.28362086
0.2726495
0.3194466
0.347593
0.32859424
0.35811672
0.34855744
0.32731125
0.2898135
0.2434624
0.20363514
0.19912606
0.18300255
0.19460563
0.1890487
0.18115856
0.18429917
0.18717138
0.17250079
0.17293069
0.1640088
0.16863312
0.16429529
0.17400081
0.15403987
0.1548522
0.16024528
0.16175394
0.16695888
0.16009228
0.153543
0.14362961
0.1558392
0.14973556
0.148176
0.15182458
0.15223788
0.15532093
0.16178335
0.15101868
0.15950727
0.1518384
0.16192092
0.17361455
0.15855357
0.14349529
0.15736037
0.16242994
0.15805379
0.14730826
0.15525231
0.15282667
0.14112216
0.14977345
0.16335806
0.1446015
0.13158037
0.14545794
0.17433397
0.141154
0.14133413
0.144143
0.13650487
0.14425276
0.14087959
0.1468983
0.14081702
0.14402877
0.14368409
0.15130323
0.14946762
0.15516226
0.15361717
0.14153548
0.13784157
0.14209451
0.14213192
0.15301841
0.14352372
0.15402849
0.14985327
0.14340025
0.1312712
0.14719923
0.14680104
0.15875745
0.1365507
0.13268292
0.1572095
0.14732021
0.14951885
0.14095747
0.14867367
0.1352031
0.15047279
0.14195545
0.13579135
0.14285101
0.13566352
0.14879367
0.14085189
0.14583409
0.13794667
0.15407883
0.1266041
0.1505129
0.13059199
0.14147885
0.14043312
0.12539838
0.15708213
0.14652877
0.13876091
0.14469437
0.13023283
0.14322397
0.14413811
0.15230775
0.132956
0.14163026
0.15179013
0.13378239
0.14356855
0.13373739
0.13618933
0.12878487
0.13222603
0.14061211
0.14626324
0.14612737
0.13273159
0.12658177
0.14434174
0.14163317
0.14209856
0.13842808
0.1318221
0.13399944
0.14217687
0.1417663
0.12961525
0.14133696
0.14570606
0.14826535
0.13753831
0.13084586
0.1393264
0.13020073
0.14373747
0.13160801
0.13829142
0.13287912
0.1263671
0.12176025
0.13088016
0.12422671
0.13659589
0.13463736
0.1257678
0.14861017
0.12362237
0.13317151
0.1375507
0.12898086
0.1367846
0.12993385
0.14267702
0.13254839
0.14224051
0.1323884
0.13495937
0.1452576
0.12930459
0.12896946
0.14234112
0.13033691
0.124003716
0.13432081
0.13460582
0.14012878
0.1284316
0.13609461
0.12159604
0.13103887
0.13600385
0.13161145
0.12988546
0.13291402
0.13456793
0.12843968
0.14189404
0.123474605
0.12638947
0.12499696
0.14623277
0.123385385
0.13024102
0.12914494
0.14292815
0.11697712
0.13695264
0.124945894
0.13254929
0.12858394
0.12887752
0.12513076
0.13745409
0.12397188
0.12090578
0.13615473
0.13424052
0.13868701
0.12318658
0.12736449
0.12861559
0.1311671
0.1258016
0.13210237
0.1404472
0.14296977
0.12848806
0.14480506
0.1267362
0.12268244
0.13076824
0.12249299
0.13723765
0.1303213
0.1410336
0.12877336
0.1276136
0.12531741
0.1319771
0.11934478
0.13407868
0.12438619
0.13241728
0.12568238
0.12850457
0.13162093
0.13305393
0.12536432
0.13118246
0.1359701
0.13486068
0.12976025
0.13633777
0.12749594
0.13389336
0.1344569
0.12147887
0.12318245
0.12810984
0.1285777
0.13104932
0.12486018
0.12508814
0.12515815
0.12356455
0.14227955
0.17574024
0.12814973
0.12729777
0.117289074
0.1342306
0.1344487
0.13575236
0.12803438
0.13624097
0.12733933
0.12542519
0.12963995
0.15078506
0.12986729
0.1285088
0.13289782
0.13468583
0.13790403
0.11452392
0.12631612
0.13096452
0.11981641
0.14272277
0.1347772
0.12676002
0.1423737
0.12982944
0.14581288
0.13423485
0.12706001
0.12120332
0.13102233
0.11959455
0.12172601
0.12431815
0.12941189
0.12766485
0.12782745
0.12766206
0.13155782
0.119388595
0.12528673
0.11990765
0.11522713
0.13228033
0.12229535
0.12490094
0.13544585
0.1231673
0.13694777
0.1270121
0.13423768
0.11680241
0.12962355
0.13850269
0.13106221
0.129735
0.13065606
0.13529415
0.11930064
0.13190654
0.11567769
0.12202678
0.13788445
0.13215825
0.12605529
0.12588555
0.12864938
0.14766182
0.13682298
0.13460791
0.14751044
0.12894666
0.1301299
0.11922868
0.13538973
0.123381995
0.13342614
0.12486224
0.11811138
0.117221005
0.122191824
0.1178366
0.12155628
0.13352601
0.12876672
0.12379153
0.112180315
0.13509771
0.115098074
0.12807181
0.11647259
0.11759818
0.13247506
0.13248321
0.12893565
0.13140757
0.12569779
0.13148375
0.16538167
0.12723999
0.122908995
0.13615353
0.12293959
0.11375402
0.13294378
0.13427407
0.110723495
0.115667194
0.13739729
0.11614433
0.12436978
0.13411699
0.13027544
0.13368233
0.12307051
0.12808724
0.11648213
0.10852898
0.121617004
0.13172497
0.11543778
0.12864503
0.120707124
0.12756784
0.13484095
0.14688729
0.117746234
0.11832364
0.11841689
0.11637782
0.13142136
0.12480457
0.13661852
0.124016985
0.12247807
0.12927796
0.1295358
0.12801678
0.124364845
0.11747125
0.12195536
0.12753779
0.13280411
0.14145923
0.1299927
0.12236343
0.13334513
0.13807952
0.14036022
0.14071627
0.14530374
0.12755002
0.12370326
0.13083877
0.13003741
0.1345238
0.121205196
0.13365884
0.12277402
0.1446506
0.12320152
0.14010908
0.121411875
0.13563879
0.13132772
0.11570547
0.11987656
0.14211966
0.12195199
0.1255373
0.13994975
0.12126652
0.13680089
0.12579866
0.12603574
0.13023718
0.14418958
0.12478416
0.124605
0.12847841
0.12915373
0.11874544
0.13158634
0.12830691
0.14365074
0.12938608
0.10890997
0.13491583
0.12425092
0.12219786
0.13084242
0.12782717
0.12252031
0.1316551
0.13058692
0.11903186
0.14090957
0.12141714
0.13737181
0.12667201
0.13069066
0.12689082
0.1313556
0.14027646
0.13183315
0.13231276
0.13007843
0.123432584
0.1155575
0.12546061
0.14481056
0.12053545
0.13273425
0.14369911
0.138118
0.12544061
0.13004605
0.13379799
0.13450822
0.12400494
0.12522216
0.11466017
0.12180331
0.1367955
0.13037094
0.114432506
0.12271485
0.12842666
0.1255749
0.13824815
0.12446037
0.13681093
0.13339926
0.12543757
0.1316804
0.13884878
0.13294409
0.11330318
0.13257752
0.13732259
0.12627819
0.14402677
0.14654744
0.12911732
0.12057467
0.13141173
0.13774306
0.13309927
0.1322216
0.12536521
0.14761558
0.14681241
0.12608859
0.13707109
0.14476207
0.13852768
0.1241512
0.12567717
0.137171
0.13747554
0.1403396
0.14096813
0.15494737
0.13342674
0.13489337
0.12890273
0.13023631
0.1456901
0.118431
0.122950554
0.12672587
0.13369633
0.13085541
0.13156997
0.12916224
0.13042767
0.12719177
0.13161388
0.13318938
0.12825719
0.14126341
0.13920793
0.116802566
0.123529926
0.12331494
0.13320184
0.11769447
0.11222959
0.12411927
0.13250239
0.14059497
0.123276435
0.12433513
0.1211242
0.13371049
0.11140473
0.14234188
0.1548216
0.12040256
0.11369276
0.11674237
0.12875403
0.12705538
0.124398164
0.12150968
0.11964323
0.12422279
0.12322642
0.11785438
0.122095734
0.12888168
0.13824241
0.12816823
0.1257379
0.14211236
0.12846749
0.12273968
0.12724261
0.14787485
0.13218507
0.11542028
0.11544834
0.12177855
0.12105741
0.12915252
0.13005857
0.1324901
0.116554484
0.116899766
0.12226127
0.11973318
0.12616344
0.117189
0.124723606
0.11867371
0.11839275
0.11671116
0.13351724
0.12872016
0.13868487
0.12910984
0.13670099
0.1258562
0.122330606
0.12635878
0.12052713
0.13145678
0.12530962
0.12258481
0.13112722
0.12617593
0.13669859
0.12977049
0.13303873
0.13771811
0.13883817
0.121241964
0.13875648
0.1258265
0.119914964
0.13129959
0.12416923
0.12814432
0.13425364
0.122681655
0.1349132
0.124189466
0.12199453
0.1251286
0.1345233
0.124630734
0.12467952
0.12091828
0.12184677
0.12965253
0.12623544
0.12613681
0.12787141
0.13299294
0.12785512
0.12553468
0.12356096
0.1221603
0.1292465
0.11717635
0.11395612
0.11960907
0.1212761
0.12765436
0.12899889
0.1245764
0.12820448
0.12235871
0.121660836
0.11907831
0.11951049
0.12296536
0.12602863
0.12267816
0.12015612
0.12153041
0.12681141
0.12140152
0.1407413
0.12597631
0.1176365
0.11556796
0.11915701
0.1271785
0.12671025
0.13288686
0.12712312
0.12465641
0.12933663
0.120140776
0.120264664
0.1297334
0.12640229
0.12007383
0.11830289
0.12757592
0.14893517
0.13833989
0.1335074
0.1288356
0.13116229
0.13325067
0.15114564
0.1311035
0.16660026
0.1296966
0.12665078
0.1281822
0.12442656
0.123159
0.12410468
0.1261319
0.13030413
0.13071759
0.13792755
0.12755752
0.13431351
0.13084494
0.13786145
0.12936147
0.1341253
0.12436119
0.12055026
0.11947145
0.119135514
0.12362952
0.13621356
0.13652492
0.13167389
0.14241037
0.13186333
0.13056397
0.12644203
0.12672734
0.13143228
0.13237299
0.13297127
0.12385304
0.120550156
0.123336926
0.124395564
0.12427049
0.12619077
0.13143
0.13233283
0.13864055
0.1267621
0.12249308
0.1235905
0.119528085
0.11625589
0.121556185
0.13942064
0.12664752
0.12182984
0.11853741
0.12053072
0.119696446
0.12147468
0.12099878
0.12884183
0.14605398
0.1332622
0.12686267
0.12240155
0.127691
0.13614406
0.13392165
0.13348249
0.12745406
0.12129041
0.1238662
0.12428388
0.13322477
0.12771347
0.12977558
0.13943323
0.12939386
0.12401043
0.11987107
0.116786994
0.11565441
0.1199465
0.12392317
0.12205602
0.12252369
0.12765712
0.13790019
0.13338952
0.13542244
0.13194382
0.1372552
0.14563605
0.12678684
0.1240326
0.13742119
0.12720418
0.12254785
0.12819701
0.13753133
0.13929704
0.13206
0.13186638
0.13873728
0.13191041
0.12812944
0.13871196
0.15894197
0.13985649
0.1259279
0.12176847
0.12144266
0.12902118
0.13991733
0.1334583
0.13383901
0.14108022
0.1330346
0.12489993
0.12769546
0.13220187
0.14329456
0.1421441
0.1402961
0.14446455
0.13554731
0.13286492
0.13427712
0.13469614
0.13355044
0.13116741
0.13200125
0.13294242
0.13124777
0.13082738
0.12867862
0.13280925
0.13595174
0.13476214
0.13666543
0.14366007
0.13620608
0.13327119
0.1374433
0.14407177
0.13905863
0.1361456
0.13341694
0.13616899
0.14571464
0.14608882
0.13869555
0.1345899
0.1321103
0.134308
0.13784769
0.14441083
0.15837234
0.14644669
0.13887979
0.13924418
0.13510984
0.13643374
0.13427794
0.132046
0.13234635
0.12726778
0.13744627
0.15259407
0.14213835
0.13797224
0.14152063
0.15407327
0.158738
0.15252884
0.15483847
0.13711296
0.1294205
0.13161547
0.13275963
0.13354087
0.13299976
0.13729018
0.13832483
0.1372781
0.13391833
0.13611375
0.14255944
0.15150976
0.14541112
0.15056132
0.16699731
0.15420856
0.14530502
0.14297913
0.13778181
0.13759786
0.13730316
0.14024477
0.13836303
0.1348056
0.13298216
0.12946634
0.12971368
0.13378218
0.13679802
0.13761908
0.13396026
0.13241915
0.1336748
0.13243794
0.13611694
0.13608505
0.13580881
0.12783207
0.12672001
0.11765766
0.11721502
0.12118343
0.13285252
0.14186049
0.13583244
0.13547792
0.13966867
0.13958679
0.13475278
0.13266002
0.1382293
0.1410583
0.131583
0.12837243
0.12841883
0.14614189
0.17181681
0.14924553
0.13910173
0.13779041
0.14154024
0.13776135
0.1362256
0.1332563
0.13486122
0.13592707
0.13663495
0.1327709
0.13195486
0.13181645
0.14020437
0.14441304
0.1444628
0.13945164
0.13795061
0.13308993
0.13415568
0.12931369
0.13244489
0.12690382
0.1377708
0.14273857
0.14969367
0.14027396
0.13602908
0.13399851
0.1299073
0.14806886
0.19022664
0.15631777
0.13591819
0.13804886
0.13713098
0.14170457
0.13155524
0.13200882
0.12552968
0.13408676
0.13014328
0.12707376
0.1256498
0.13096137
0.14743567
0.14989272
0.15840194
0.16619523
0.15446295
0.16872989
0.15597956
0.16908966
0.14918014
0.13743074
0.14567131
0.14091833
0.14010319
0.13513754
0.14036755
0.140948
0.14354454
0.1415924
0.1455363
0.13952667
0.14084008
0.14045572
0.14175703
0.14450361
0.14262483
0.14120154
0.13925236
0.13474238
0.13677248
0.1373216
0.14039637
0.13796985
0.14307821
0.14416304
0.14800091
0.14019369
0.14031374
0.14191766
0.13749242
0.14427534
0.13929965
0.14368263
0.14576976
0.14450994
0.14807576
0.13379492
0.13750242
0.13054433
0.14093082
0.14875087
0.1533177
0.14988
0.15114373
0.15298069
0.16229498
0.15439692
0.15633942
0.14661951
0.14610866
0.15046534
0.15204462
0.14956221
0.13611604
0.14057688
0.14915867
0.15662867
0.15061212
0.14680442
0.15366408
0.16384462
0.16995238
0.1576216
0.1537744
0.15090513
0.15317535
0.14624861
0.14222911
0.14280757
0.14916487
0.15012136
0.15342253
0.16101731
0.18106124
0.16906999
0.15965858
0.15939261
0.15032941
0.14912774
0.15292618
0.15139365
0.15260413
0.14230883
0.1472599
0.14389293
0.14751461
0.14434235
0.14671181
0.15325375
0.15463044
0.15636142
0.15798302
0.15440759
0.14942358
0.14175846
0.14630316
0.14460373
0.14641672
0.14219412
0.14632162
0.15249722
0.15788959
0.15691708
0.1541185
0.15815084
0.16065101
0.15353136
0.1438647
0.14507383
0.1470635
0.14808472
0.149931
0.14555284
0.1494878
0.13912661
0.15264949
0.15674174
0.1609613
0.15741801
0.16838437
0.19880274
0.17134875
0.15578228
0.15471373
0.14534388
0.14591043
0.16189907
0.1620732
0.17823331
0.2023574
0.17723341
0.16056396
0.1542944
0.15110089
0.14911544
0.15322779
0.15632607
0.1553084
0.14707048
0.1378127
0.1449832
0.15031566
0.14896114
0.13742578
0.12892953
0.13158828
0.1369555
0.14191426
0.14427409
0.15757465
0.1587602
0.1617296
0.14856586
0.14462483
0.14558685
0.14903545
0.15370603
0.14569572
0.13762878
0.14129145
0.1480944
0.14766988
0.14460579
0.13753542
0.14155553
0.1384703
0.14969365
0.14630884
0.15374269
0.15050077
0.15686074
0.15564801
0.15357181
0.15608177
0.14708644
0.14663467
0.14444566
0.15235154
0.15408413
0.14709388
0.1531191
0.15099382
0.15658131
0.14871699
0.15053183
0.15006728
0.158551
0.15892912
0.16107713
0.15319327
0.15792978
0.1565102
0.1584023
0.15250583
0.159027
0.15955089
0.16197413
0.15026678
0.14562558
0.14733608
0.15143478
0.14828795
0.14583361
0.14107434
0.15320139
0.15370584
0.16523668
0.15739183
0.15561529
0.15614182
0.15268855
0.1551125
0.15161751
0.14824016
0.15399069
0.16106111
0.17801222
0.18093486
0.17145179
0.16599868
0.16132228
0.1613573
0.15925255
0.15729667
0.1588515
0.16257253
0.1623643
0.17036302
0.17514706
0.17244138
0.17086422
0.16558744
0.16827925
0.16502182
0.16594772
0.16749796
0.16904011
0.16955677
0.1596882
0.14989346
0.14806375
0.1479302
0.15643777
0.15653667
0.16274744
0.15911327
0.16095811
0.1611737
0.16274107
0.16226512
0.16491804
0.17058668
0.17844357
0.17639418
0.17402922
0.16430572
0.16741903
0.1625581
0.16398834
0.16495667
0.16917248
0.17022914
0.16958156
0.17008471
0.16507469
0.15815146
0.15768464
0.1610362
0.15992674
0.16130869
0.16753036
0.17562996
0.17613259
0.17086719
0.17431563
0.17543373
0.17955476
0.1778235
0.17388219
0.16275884
0.15683591
0.1560539
0.15976122
0.16009189
0.16693479
0.17726439
0.18014689
0.17654388
0.1685537
0.16767167
0.16956906
0.16989695
0.16917783
0.16300361
0.15556858
0.15560411
0.16519581
0.17282921
0.17650647
0.16420259
0.1750751
0.16540772
0.16598435
0.15238664
0.1545383
0.1517155
0.15144257
0.15424287
0.15881161
0.16089377
0.16184841
0.16944724
0.16725215
0.16287963
0.15777275
0.15927243
0.15754373
0.15564643
0.14912796
0.15824899
0.15955062
0.16964681
0.16449246
0.17303386
0.16959557
0.1693274
0.165487
0.16239716
0.16906364
0.16660169
0.16540323
0.15768948
0.15374966
0.15892933
0.15657072
0.1551863
0.15560383
0.1707516
0.17692544
0.17351368
0.16427898
0.16203597
0.16748123
0.16750902
0.17299652
0.16049346
0.16424601
0.16151682
0.17128651
0.15822235
0.15682419
0.15076788
0.15591784
0.15360036
0.15455417
0.15565921
0.15404038
0.15125595
0.1600607
0.17317738
0.17985733
0.17160252
0.1568726
0.15594465
0.1517669
0.15202034
0.15286233
0.14868835
0.1487881
0.14310879
0.14880516
0.14687392
0.15027595
0.15091991
0.15067407
0.14744608
0.14963445
0.14874446
0.15368177
0.15197052
0.15902008
0.16590251
0.17716452
0.16605517
0.15953755
0.14811347
0.15244418
0.15369077
0.1591789
0.16342619
0.16774783
0.16634846
0.16950262
0.16099711
0.15216489
0.14980565
0.14550696
0.15460189
0.15201406
0.1581013
0.15575904
0.152033
0.15342739
0.15092045
0.15421613
0.15787248
0.16536258
0.15829688
0.1558989
0.15450959
0.1668093
0.183506
0.18972805
0.19265617
0.19896273
0.18426538
0.1796017
0.15727058
0.16911833
0.18272132
0.18900762
0.17923282
0.17436813
0.17099494
0.17398869
0.17344837
0.17004782
0.18059325
0.17720729
0.17590415
0.17244403
0.17843439
0.1804105
0.17342281
0.16158877
0.16051933
0.16017455
0.161191
0.1625981
0.16491172
0.1627149
0.1649313
0.17377296
0.17912093
0.1820614
0.18160321
0.18003388
0.18294902
0.1783092
0.18882525
0.1868592
0.18257575
0.17886059
0.16267847
0.16508749
0.16136274
0.17632456
0.18519887
0.18149301
0.19170499
0.18462676
0.19300644
0.1786827
0.18170132
0.1790313
0.18002373
0.19963904
0.19108364
0.18989146
0.16976343
0.17505157
0.1850465
0.17934193
0.17913625
0.16200805
0.16668157
0.16362068
0.17198364
0.17525557
0.1825322
0.18503843
0.18026286
0.19923094
0.20252846
0.2030748
0.17880428
0.17684098
0.17253627
0.17762293
0.17760682
0.19357307
0.1991669
0.19901037
0.1823905
0.1733394
0.16811042
0.16488838
0.1609092
0.16746132
0.16272792
0.17824854
0.17459238
0.18622667
0.1689152
0.16358478
0.1665774
0.17631607
0.17794654
0.17327386
0.17418638
0.17657226
0.1874925
0.18645036
0.19435401
0.18753114
0.18156826
0.17140868
0.17487054
0.17526315
0.17947577
0.18138076
0.18292509
0.1861522
0.17794111
0.16658364
0.16994958
0.16521987
0.17603637
0.16969027
0.17844684
0.1873624
0.18794957
0.19290057
0.18045376
0.16666667
0.16310821
0.16012155
0.1666274
0.1665669
0.17513143
0.18270007
0.16708086
0.15892142
0.16231735
0.18161556
0.18426408
0.17583385
0.17737159
0.180259
0.18276697
0.17863408
0.18310246
0.19034682
0.19120263
0.18991396
0.18613982
0.17386186
0.17025419
0.17873038
0.18766129
0.18810596
0.1790116
0.17945951
0.17953368
0.17692325
0.18936634
0.1885626
0.192121
0.18277632
0.19378485
0.19583899
0.19830434
0.20075127
0.19232914
0.17914198
0.16209976
0.15901719
0.15867978
0.15503894
0.15693103
0.15731631
0.1618733
0.17113464
0.17050077
0.17591837
0.1650754
0.17213388
0.1715764
0.17833854
0.17378345
0.1693215
0.1629121
0.15987633
0.17080085
0.17296982
0.17358063
0.17057316
0.19068252
0.18925086
0.1854089
0.1676059
0.18104224
0.20004044
0.20653857
0.19795468
0.18637729
0.17939627
0.1775796
0.16872099
0.16443124
0.17307326
0.18745291
0.19152838
0.19312266
0.17759548
0.17882934
0.17018983
0.18533587
0.1943894
0.19989608
0.20562737
0.19413535
0.19378142
0.17433275
0.17849235
0.17539357
0.17990142
0.17977095
0.17230102
0.16998592
0.17412558
0.18476531
0.17384154
0.16625072
0.16762461
0.17509118
0.17561017
0.17640547
0.18564768
0.18946366
0.18837167
0.19147058
0.18429594
0.17816716
0.17607512
0.1920919
0.19417273
0.18810077
0.18327597
0.17992295
0.19106498
0.18798219
0.19728398
0.20633584
0.20369172
0.20268962
0.17888421
0.19445096
0.19334432
0.19510357
0.18535283
0.18608248
0.19173598
0.20211594
0.20380825
0.19623639
0.18033387
0.19313116
0.18734945
0.18175335
0.17090294
0.19282337
0.19372825
0.19581218
0.19549051
0.20554169
0.19721952
0.19124109
0.19033064
0.2020265
0.1920889
0.18907186
0.17404892
0.16704583
0.18126373
0.18441387
0.19773227
0.17537174
0.1662413
0.16120961
0.15984632
0.16379839
0.15717116
0.16758686
0.17089193
0.1704679
0.15912196
0.15832537
0.16621363
0.18390706
0.19880521
0.19956034
0.20350271
0.18541023
0.1796027
0.1578794
0.17073438
0.17547007
0.17616914
0.16663213
0.16045567
0.16585615
0.17506172
0.17482431
0.18109144
0.16919242
0.17067397
0.17392968
0.17047384
0.17543128
0.1687168
0.1624746
0.1547119
0.14723328
0.15465045
0.1638881
0.16300371
0.1643399
0.16017403
0.16444068
0.16694719
0.16818137
0.16082692
0.16410111
0.16067903
0.16810873
0.16635883
0.1676125
0.16839127
0.16158211
0.1583381
0.16446751
0.17394616
0.1812799
0.18407097
0.17878456
0.16901365
0.15815786
0.1524813
0.14460324
0.17178641
0.18361525
0.19962685
0.190685
0.19337025
0.18934672
0.17834336
0.16440351
0.17537832
0.16086964
0.15697622
0.15766956
0.15275347
0.15384747
0.15167312
0.15401971
0.1632078
0.16582195
0.16541247
0.17503902
0.17408307
0.16463332
0.15953413
0.14936706
0.1499173
0.15220991
0.15405974
0.16024628
0.1514768
0.15729596
0.15960903
0.16981868
0.1660918
0.1705514
0.17173399
0.17114271
0.16973534
0.15721817
0.16051361
0.15768091
0.16067956
0.16223362
0.16862407
0.16830552
0.16095419
0.16199444
0.16388571
0.17574982
0.17931038
0.18019612
0.1724299
0.16364935
0.1659981
0.16490275
0.17192933
0.17657436
0.18111907
0.17590965
0.17827436
0.16612367
0.16671103
0.16396318
0.1590721
0.15825464
0.15659665
0.15801908
0.15489307
0.1602886
0.1622442
0.16428237
0.17318317
0.17725399
0.1833953
0.18667811
0.19382347
0.1939457
0.18298604
0.16410477
0.16224498
0.15898764
0.1630866
0.16006012
0.16663015
0.16113411
0.17822947
0.19454575
0.20236573
0.20203273
0.18516095
0.17307375
0.178331
0.18627776
0.19040646
0.18089359
0.17974664
0.18986966
0.18703476
0.18376435
0.16612194
0.16729106
0.17633419
0.1861836
0.19371362
0.19736877
0.1921599
0.20686813
0.18843693
0.18741927
0.16925566
0.16881768
0.17701872
0.17670397
0.20716383
0.22797103
0.22364895
0.19937775
0.1964283
0.20797582
0.21552981
0.19890808
0.1931872
0.18589884
0.17542005
0.1799713
0.18756932
0.20040339
0.20349808
0.19376074
0.19099
0.18482186
0.194986
0.1946406
0.19126737
0.20061547
0.2046042
0.21221015
0.19135964
0.19579692
0.20289308
0.20524509
0.19597198
0.18421674
0.19113626
0.18711801
0.18587911
0.17872733
0.18330975
0.1905467
0.18955646
0.19385713
0.19799364
0.21503592
0.21931553
0.20721842
0.18734413
0.18845372
0.18174766
0.2000097
0.22264147
0.22381505
0.20867324
0.19492546
0.20778823
0.20255305
0.20395017
0.19589135
0.20504402
0.19733441
0.18766776
0.18599756
0.19178909
0.21036486
0.21422492
0.20608132
0.18761325
0.18022966
0.18901284
0.20704973
0.23003307
0.24260975
0.23818739
0.23019741
0.23174015
0.21740977
0.2133574
0.19261196
0.20033446
0.21078683
0.21313995
0.21276748
0.19812705
0.2032058
0.19947436
0.21937616
0.21015982
0.21074915
0.1963118
0.19718403
0.21848671
0.22397599
0.2404287
0.22315663
0.21266487
0.20887922
0.19941463
0.22595419
0.2150282
0.22703938
0.2245497
0.2321426
0.22499545
0.20855322
0.2082116
0.2623762
0.27064532
0.28389797
0.25330406
0.25940397
0.2364112
0.22718066
0.21108946
0.22520669
0.21758552
0.21281515
0.21005802
0.23055138
0.24120101
0.24230884
0.2107092
0.22032619
0.21436766
0.2249278
0.2148537
0.2330548
0.23369281
0.23141047
0.21597888
0.21958338
0.21519102
0.22183885
0.213917
0.21727689
0.21952279
0.21496113
0.21404375
0.23291308
0.2315186
0.23949519
0.21187565
0.2204236
0.21076287
0.2054546
0.20655988
0.20603241
0.22238643
0.2149501
0.22736967
0.22024763
0.23011385
0.21848539
0.2301538
0.22931738
0.22650954
0.22664554
0.23026867
0.23201576
0.22672589
0.23075023
0.23415664
0.23863125
0.22476241
0.2429906
0.22286466
0.23127073
0.21863623
0.22107162
0.20787351
0.20892337
0.20513184
0.21159129
0.20926294
0.21457988
0.21322465
0.21112686
0.21294655
0.22104017
0.23437707
0.25040036
0.23548962
0.24754186
0.24586967
0.27060735
0.27663136
0.2757639
0.25980446
0.24412923
0.24962172
0.25569606
0.2634422
0.26096138
0.267429
0.27100822
0.2655168
0.24839023
0.24281147
0.23446353
0.23616697
0.23016447
0.24708559
0.23834853
0.24232331
0.23878132
0.25016972
0.25449806
0.2671493
0.25756478
0.25337097
0.24074824
0.23189515
0.22872409
0.23199598
0.24352431
0.2457889
0.2385102
0.24917337
0.2513999
0.2693224
0.26844713
0.2825551
0.27233618
0.27830312
0.27663362
0.279095
0.28858536
0.27838314
0.26942307
0.26110393
0.26437
0.26289803
0.25421882
0.2445787
0.25541112
0.2582643
0.26858106
0.25439107
0.23518011
0.23642455
0.23311459
0.24321938
0.2516355
0.25438115
0.26314306
0.25992903
0.26461667
0.25626075
0.2503549
0.26616168
0.26071724
0.25568154
0.25007877
0.24826697
0.26225296
0.27760187
0.25974917
0.24466217
0.24380395
0.24784207
0.2506924
0.24006972
0.2395014
0.24726954
0.26016694
0.25434104
0.24759297
0.24529628
0.2573481
0.26629803
0.2779667
0.2801677
0.2842557
0.2777256
0.28495365
0.30128756
0.32475534
0.35317415
0.3438948
0.31537002
0.29635477
0.28616366
0.3018147
0.27832207
0.2669331
0.27143243
0.28588575
0.2879647
0.2824008
0.30098304
0.29393724
0.27136683
0.26632142
0.24887459
0.25471207
0.2781241
0.28487006
0.30580977
0.28499085
0.2890013
0.28457
0.28456783
0.29661086
0.28330392
0.2930243
0.30046797
0.31479847
0.30974874
0.28530553
0.29954705
0.3232199
0.31651977
0.29149914
0.26149505
0.2860294
0.2784992
0.2916864
0.26979968
0.2544185
0.25742686
0.265767
0.28516468
0.29273352
0.29622242
0.28559518
0.28599438
0.28240734
0.27795845
0.29444075
0.3295738
0.33849025
0.33544818
0.32724583
0.3289596
0.3086866
0.29710728
0.2922781
0.3124841
0.33041862
0.33445016
0.31609064
0.30494776
0.30526373
0.32352814
0.33002454
0.3268402
0.32507536
0.3344896
0.3371306
0.33736828
0.31279698
0.32109582
0.31827733
0.31642595
0.2980595
0.3000041
0.30168393
0.33162317
0.3227528
0.30238554
0.28484234
0.28951773
0.28924504
0.30617455
0.32664973
0.3077881
0.32897404
0.3476152
0.3507704
0.33245918
0.3284426
0.35403755
0.34641367
0.31949103
0.30631018
0.3332886
0.33848292
0.31786263
0.30133379
0.31395146
0.32233298
0.3175551
0.3183302
0.29732722
0.2929133
0.28176212
0.2915435
0.30890313
0.31578246
0.34203273
0.35322627
0.35335892
0.34140933
0.32031122
0.32673618
0.342732
0.34758314
0.36485687
0.3565203
0.3810578
0.36615422
0.36761606
0.34463674
0.37813967
0.37861067
0.36843607
0.3305116
0.33199075
0.32168743
0.32912165
0.34148052
0.37902346
0.3596863
0.33777454
0.35268483
0.3544984
0.3664807
0.35253564
0.35221878
0.33684877
0.37277046
0.39194793
0.39650345
0.39391303
0.3701256
0.35053995
0.33925605
0.32819927
0.33852574
0.3434626
0.35297006
0.37457088
0.4075953
0.3870483
0.35826188
0.40952617
0.44134152
0.45689675
0.3986141
0.38045332
0.37124074
0.35476828
0.34573027
0.34980595
0.35695067
0.34248996
0.345521
0.33806458
0.338938
0.3599057
0.36650464
0.48277575
0.46261448
0.44844636
0.41111428
0.34119874
0.34385255
0.3390737
0.3546754
0.38561955
0.41983163
0.4137904
0.41763222
0.367891
0.39920565
0.38453308
0.39386058
0.45263508
0.448312
0.44766772
0.41016537
0.38560614
0.384411
0.39856714
0.39280832
0.38629928
0.3888437
0.38249007
0.39191124
0.39214912
0.4396412
0.43257394
0.4595351
0.41886395
0.4289834
0.4004484
0.3955851
0.40155625
0.4074719
0.4368192
0.43851346
0.4559445
0.43419537
0.45881224
0.43481505
0.439723
0.44370115
0.4894106
0.52905685
0.5187944
0.4668842
0.44310236
0.44169945
0.4977033
0.5049349
0.5116844
0.46681166
0.4214479
0.39844903
0.39472473
0.36894605
0.40291783
0.42927378
0.3945899
0.39160997
0.4118978
0.3740717
0.4003762
0.4323023
0.44361758
0.457113
0.40075088
0.38974527
0.38670307
0.37439746
0.38548717
0.4233392
0.43559065
0.4543126
0.49095446
0.45198923
0.4664538
0.43434885
0.42280063
0.42179957
0.38249934
0.37175593
0.36309493
0.36161858
0.37845355
0.4062485
0.43788132
0.48242185
0.47624522
0.47935936
0.5110886
0.48468345
0.47591153
0.45555606
0.42531204
0.43401948
0.4407551
0.43666425
0.4545942
0.45959058
0.4730041
0.46132138
0.4652928
0.46700466
0.486641
0.5240048
0.4749941
0.46959302
0.44665802
0.42320827
0.43213102
0.424612
0.41136914
0.40172258
0.38187268
0.36357623
0.39273652
0.3814624
0.39308572
0.4192147
0.43474078
0.40197572
0.41107145
0.4098444
0.35832468
0.34323317
0.35475555
0.33922046
0.34520778
0.3733091
0.36957553
0.3586605
0.36828813
0.38776574
0.37706777
0.39663547
0.41401175
0.41576648
0.3966185
0.4086252
0.41878545
0.40472004
0.37829307
0.3854992
0.41183612
0.39638835
0.40447512
0.43092856
0.43549478
0.43094897
0.4481074
0.45459554
0.4726499
0.46611765
0.46169004
0.47781366
0.47030792
0.49514702
0.51068294
0.5169625
0.47385705
0.48512024
0.4604119
0.42890137
0.42945346
0.44919425
0.45760885
0.46039075
0.49953362
0.49902132
0.5381461
0.53352815
0.5403882
0.5383816
0.5259377
0.48971298
0.5007519
0.4623898
0.428255
0.43357128
0.43459275
0.42181665
0.4555215
0.4674563
0.4809461
0.5080993
0.5245898
0.5291223
0.52827936
0.5203985
0.49592087
0.4606547
0.45864946
0.4946154
0.48170298
0.49604556
0.51118934
0.5062281
0.48454306
0.4865669
0.5066112
0.49194115
0.5087766
0.5037937
0.47868025
0.49842203
0.48843879
0.47702152
0.48177776
0.51995176
0.52453256
0.4902899
0.511681
0.5107292
0.48192963
0.47946906
0.48675892
0.48464033
0.49900308
0.514389
0.5602074
0.55068135
0.5626704
0.58852535
0.5936806
0.55413866
0.55760276
0.5471722
0.54168874
0.53761286
0.5428736
0.53309906
0.55720574
0.5682047
0.63592046
0.6338667
0.6550062
0.6166259
0.5485975
0.51372117
0.4567956
0.4936512
0.52376634
0.59929246
0.6105677
0.6352281
0.6513345
0.6036382
0.5607793
0.519631
0.52813435
0.5068701
0.47354072
0.4670787
0.48403856
0.50823134
0.51269597
0.48672503
0.4974807
0.53214264
0.54005504
0.5380109
0.5020082
0.47744864
0.4546978
0.4539722
0.42848566
0.4432725
0.42199877
0.41588742
0.4548976
0.4732024
0.47235546
0.5068613
0.5538058
0.55221766
0.5115402
0.52891654
0.56552505
0.5920406
0.52861285
0.5304245
0.51792145
0.49919444
0.49383166
0.50029
0.49273887
0.49248347
0.46407956
0.47779915
0.4901748
0.52549744
0.5593805
0.62619865
0.6871535
0.69786894
0.7076778
0.67398405
0.70021254
0.7224117
0.7352513
0.706346
0.63848585
0.6446456
0.6423533
0.6995842
0.6932211
0.6845473
0.67637885
0.70326585
0.6852868
0.72752273
0.7223016
0.70275307
0.7321679
0.7211628
0.7436679
0.7158991
0.7066266
0.71653354
0.73630756
0.69457394
0.72895074
0.8072801
0.8494858
0.81899834
0.93781763
0.9643498
1.0386696
1.038769
1.0726618
1.1932621
1.0506765
0.9839953
0.9312777
0.979544
0.93404186
0.9194037
0.96197575
0.9277931
0.9202561
0.93017507
1.0209427
1.0824767
1.1096656
1.1862177
1.0880966
1.1850854
1.2246026
1.20801
1.2382917
1.1601188
1.1825606
1.2126076
1.156841
1.165977
1.2064669
1.2087771
1.1737036
1.1822613
1.1730309
1.6051592
1.752231
1.7672399
1.8967186
1.9690267
2.2161152
2.5897417
2.9445083
2.6991324
2.7068424
2.6712737
2.712673
2.6949432
2.6949432
2.6949432
2.6949432
2.6949432
2.6949432
2.6949432
2.6949432
