1211.6135
655.34656
297.03317
205.5641
155.0763
122.01692
99.02019
81.88802
68.946915
58.734272
50.329502
43.782642
38.3229
33.723057
30.272497
27.066408
24.456293
22.173018
20.272974
18.5475
17.111881
15.927555
14.846036
13.724211
13.02014
12.202356
11.578033
11.067574
10.495554
9.928107
9.506323
9.067386
8.758237
8.429645
8.132939
7.869682
7.5924525
7.417516
7.20783
6.975355
6.77161
6.6248274
6.4455085
6.282499
6.1667123
6.0716534
5.8615923
5.744266
5.688744
5.5476375
5.4206133
5.3677373
5.2600946
5.2033005
5.1038013
4.98902
4.957117
4.9230742
4.8390493
4.76734
4.7307515
4.723395
4.6688156
4.608376
4.592832
4.573565
4.5224423
4.4543266
4.442264
4.365117
4.3251123
4.2752023
4.271505
4.2454624
4.2232313
4.1395593
4.169277
4.0883203
4.061041
4.0272603
4.0015264
3.9467947
4.006749
3.9405148
3.9054458
3.8767111
3.8483267
3.8631177
3.8160696
3.776355
3.7391853
3.7178564
3.7492645
3.6909814
3.6969144
3.6381772
3.643968
3.6412842
3.63187
3.617623
3.6189582
3.577484
3.597725
3.5723596
3.5307457
3.500714
3.4952624
3.4837308
3.4597135
3.487193
3.4605198
3.3874524
3.3836493
3.3622165
3.3889878
3.3480787
3.3545074
3.2919366
3.2997026
3.2965546
3.2860398
3.2815497
3.246272
3.2633646
3.2700713
3.1887326
3.2313826
3.1956081
3.181263
3.170777
3.1903539
3.17345
3.1498601
3.1101887
3.1563232
3.1180267
3.1160076
3.0686808
3.0884724
3.0731738
3.0729408
3.054093
3.020383
3.037546
3.0544515
3.0337903
3.0107403
3.0291545
3.0467954
3.019769
3.001123
3.016823
2.960021
2.998972
3.0304093
3.0055628
2.966328
3.0275402
3.0054085
2.987688
2.9829566
2.9382374
2.9826927
2.9304044
2.9580271
2.896008
2.9031477
2.8583565
2.8682353
2.88524
2.8653924
2.8559499
2.864108
2.8771923
2.8678892
2.8583934
2.8653488
2.8601687
2.8177495
2.8358371
2.8170881
2.7858691
2.7800555
2.8268957
2.7856846
2.7750413
2.7901597
2.7641964
2.7473207
2.7169862
2.722345
2.7483275
2.7112215
2.7021356
2.6909971
2.6748958
2.7188303
2.7004092
2.631754
2.7170477
2.6349344
2.7067156
2.6388762
2.702637
2.6639512
2.6886759
2.6585069
2.6484413
2.640434
2.5899882
2.6050277
2.6025364
2.6441896
2.5617795
2.5915384
2.57674
2.537118
2.595727
2.596068
2.5664127
2.5851831
2.5461411
2.5380516
2.50995
2.5533156
2.4888914
2.4848673
2.5057015
2.5189414
2.477793
2.4974718
2.4795303
2.4454079
2.441988
2.458816
2.407052
2.4043586
2.3820574
2.390698
2.4063997
2.399993
2.3659837
2.3684986
2.3660514
2.3637145
2.346253
2.3300543
2.3216205
2.379758
2.3332045
2.3319967
2.3101025
2.2789557
2.2992487
2.293252
2.2982783
2.2889667
2.2766993
2.2847736
2.2420392
2.2787256
2.293678
2.262121
2.2568982
2.2543895
2.220377
2.2231114
2.2173376
2.1800191
2.2323909
2.1987906
2.2222667
2.1728115
2.195258
2.206695
2.1587536
2.1696248
2.1700268
2.1729724
2.1712804
2.1686504
2.1486156
2.1082659
2.1054366
2.1513963
2.06748
2.092126
2.0685594
2.0574858
2.058098
2.0468514
2.003589
2.0247273
2.046075
2.004702
2.0616758
1.9719299
1.97932
1.9935333
1.9506384
1.9463034
1.9777104
1.9619826
1.9597707
1.940163
1.9285028
1.921931
1.893715
1.9044987
1.9023341
1.8375406
1.9114972
1.8799621
1.8685164
1.8661673
1.8570546
1.8266045
1.8607512
1.8291998
1.806325
1.821331
1.8071392
1.7938783
1.797584
1.797275
1.7837586
1.7562339
1.7567792
1.7582625
1.7467467
1.7566383
1.7410837
1.7315233
1.7239985
1.6985649
1.7059473
1.7035108
1.6786803
1.6880652
1.6818045
1.7001505
1.6692793
1.6686238
1.6608292
1.6461579
1.6484308
1.631323
1.6385014
1.6025962
1.6134596
1.5805862
1.5927838
1.5996408
1.6033672
1.5556796
1.5687234
1.5580311
1.5480938
1.5335202
1.5744493
1.5141181
1.552539
1.5325192
1.5035096
1.4874939
1.4954045
1.5162766
1.5036956
1.5029815
1.4729447
1.4962138
1.4783758
1.4582282
1.4907312
1.4870394
1.4292442
1.4270786
1.4208752
1.4239613
1.4297953
1.425513
1.4275222
1.4194453
1.4322127
1.4237212
1.4043454
1.4401464
1.3804553
1.4020358
1.3757368
1.3868985
1.3902756
1.3728964
1.3422598
1.3234626
1.3483384
1.329354
1.3331574
1.3517486
1.3050197
1.3353384
1.3350891
1.3254356
1.30125
1.3153179
1.2880881
1.3280071
1.2686596
1.3051902
1.2976373
1.257249
1.2678903
1.2676619
1.2862741
1.2881211
1.2772702
1.2586037
1.262502
1.2462242
1.2409418
1.2563326
1.2316891
1.248876
1.2438563
1.2355748
1.2131166
1.2067279
1.1977454
1.2055019
1.2131537
1.2068704
1.1804452
1.189015
1.1634846
1.1970421
1.1806298
1.1658953
1.170361
1.1410125
1.1682903
1.15895
1.1759722
1.169041
1.1698539
1.1439186
1.1603423
1.1348114
1.1409667
1.1817583
1.161935
1.1520581
1.1449158
1.1444397
1.1261761
1.1324495
1.1475956
1.144983
1.1231426
1.1588924
1.1213725
1.1290181
1.1022213
1.1299686
1.1121131
1.0681427
1.088812
1.0791229
1.0778588
1.0671245
1.0798666
1.048388
1.0803783
1.0756031
1.0694656
1.0765746
1.0594488
1.0476497
1.0200919
1.0194138
1.0252968
1.021133
1.0048898
1.0284456
1.0123711
1.0184021
1.0247432
1.0142345
0.99498075
0.99517053
1.0101285
0.98801947
0.9893884
0.9744509
0.97423214
0.9719246
0.9559963
0.94733953
0.9555935
0.9526743
0.9160178
0.94339526
0.93338084
0.94071686
0.92458075
0.94600314
0.93182725
0.93877935
0.9234184
0.9204582
0.92353964
0.88202643
0.9200126
0.9351446
0.9038285
0.90692747
0.88698506
0.8890054
0.87121284
0.9032732
0.897003
0.8863887
0.898161
0.8615716
0.87169373
0.86746144
0.88619924
0.84789026
0.8809065
0.8544828
0.8722767
0.827037
0.8670896
0.86123896
0.8511099
0.8628542
0.8598543
0.83776176
0.8175895
0.8238075
0.8513122
0.8364807
0.8304978
0.853057
0.8122276
0.82477033
0.80109715
0.8145203
0.81519103
0.82426137
0.80125755
0.8104606
0.8106748
0.77763385
0.76317734
0.7885518
0.7937867
0.7726966
0.7921539
0.78669655
0.76318383
0.7648392
0.7710311
0.7580714
0.7702379
0.74819577
0.76546794
0.7610687
0.7376363
0.7487771
0.7700142
0.72592807
0.76066554
0.72716844
0.74361986
0.7525415
0.73939186
0.72739166
0.7433487
0.7183968
0.74327475
0.72141194
0.72355956
0.72852486
0.7405541
0.7099645
0.71048677
0.719215
0.7062225
0.70192707
0.69597
0.7028267
0.6854077
0.70019686
0.69311017
0.6864638
0.6919711
0.67157084
0.6803194
0.6893876
0.6891323
0.6695774
0.6714033
0.6824512
0.67719257
0.6681341
0.67122126
0.63271195
0.65916866
0.6455183
0.6652268
0.67118746
0.6298256
0.6672606
0.6521388
0.64244246
0.6434657
0.63959247
0.6280498
0.6352635
0.6285286
0.631529
0.6145831
0.60936934
0.6428326
0.61159813
0.6084411
0.5939458
0.6121775
0.609268
0.578343
0.62361735
0.597253
0.60390604
0.59052205
0.5899682
0.59578073
0.5623379
0.58575845
0.5753543
0.5903181
0.5787363
0.5923795
0.5720598
0.57215047
0.57131135
0.5899428
0.5665141
0.5757983
0.585235
0.5757997
0.5584781
0.5672939
0.5717476
0.56739694
0.55812865
0.55822337
0.56173885
0.56391084
0.5524398
0.5498301
0.56648785
0.57338774
0.560787
0.5681338
0.55905133
0.5364503
0.558196
0.5691109
0.5507987
0.5284625
0.53293705
0.52947444
0.5246098
0.5265224
0.5282197
0.53998584
0.5152366
0.5201365
0.51264316
0.5234878
0.5132909
0.52050024
0.5321157
0.5071355
0.50587463
0.50064796
0.50132847
0.50226337
0.5162009
0.49296778
0.4956707
0.4999141
0.49818304
0.49037185
0.48602274
0.49598905
0.4821537
0.48650536
0.47052976
0.4812646
0.47745866
0.4858823
0.45774558
0.4899695
0.46874994
0.45534593
0.48252475
0.48533773
0.48664433
0.4488666
0.46073657
0.45990813
0.45820644
0.4554783
0.4844516
0.46244404
0.45829242
0.45743352
0.45744032
0.44975793
0.46404916
0.43967587
0.4432896
0.44484445
0.44146934
0.44029826
0.4647304
0.43054458
0.4539508
0.43916577
0.43916568
0.43897012
0.4490328
0.45699593
0.45316666
0.4329121
0.44977334
0.43553245
0.4518063
0.44105932
0.42450982
0.4374415
0.40838102
0.4369955
0.43076634
0.41615182
0.4211934
0.41063935
0.44965264
0.425602
0.42427057
0.4153334
0.42337453
0.40766788
0.42865407
0.42434564
0.44042397
0.41212416
0.4125151
0.40042245
0.4180938
0.4146153
0.4028831
0.40228167
0.4028011
0.3943463
0.390963
0.4065257
0.39331955
0.402577
0.40069437
0.4095309
0.39990276
0.39169335
0.38158497
0.3914643
0.4258797
0.3993578
0.37527683
0.38200855
0.3850489
0.37831035
0.38646433
0.38259676
0.36818123
0.37289053
0.37279898
0.37842816
0.37967825
0.35942256
0.3701954
0.37111372
0.3620206
0.35856378
0.36139172
0.37552196
0.36204174
0.3472081
0.36407465
0.35916245
0.36784407
0.34716755
0.3492145
0.34599882
0.35512367
0.3549062
0.3684624
0.3528246
0.37658367
0.3426966
0.35788196
0.34661987
0.3418192
0.3315021
0.34275267
0.34170616
0.33822134
0.34001133
0.33558246
0.3519621
0.3327068
0.33739686
0.34066567
0.32893378
0.32901534
0.36032847
0.32147712
0.3465129
0.33888802
0.31935224
0.33618185
0.33746603
0.32646263
0.32094568
0.3245131
0.31718644
0.33036005
0.31266156
0.32107475
0.3114557
0.31864733
0.32006592
0.32147783
0.3134265
0.32625705
0.30592364
0.31342012
0.29759797
0.32891116
0.30817053
0.32277513
0.30153117
0.3089257
0.30517784
0.32380998
0.31272233
0.32233766
0.32314065
0.32541683
0.3082503
0.29497617
0.2979518
0.30247772
0.3025078
0.30153826
0.28980613
0.29989925
0.30954587
0.2859195
0.3007386
0.302247
0.29142132
0.28766748
0.27367553
0.28818277
0.2930347
0.29335895
0.29067943
0.30467942
0.28579834
0.2861571
0.28643027
0.29524902
0.28544942
0.2825192
0.28242135
0.29290453
0.29180974
0.29276186
0.29970658
0.29096338
0.2790261
0.2819631
0.28554204
0.29252583
0.3008626
0.28574795
0.29055324
0.26482278
0.27386075
0.29377246
0.26184538
0.27564397
0.27451843
0.2796502
0.26875627
0.2829896
0.28067753
0.2817655
0.27926034
0.2713656
0.28932235
0.27038866
0.2622962
0.24956636
0.27002394
0.27480787
0.24759679
0.2570913
0.26752043
0.26963893
0.255071
0.26552412
0.26808652
0.26002744
0.2513323
0.25307477
0.2750469
0.26148382
0.27751124
0.2571107
0.26542625
0.26241064
0.27096844
0.2500943
0.25064242
0.24290748
0.26210636
0.26323292
0.26367652
0.26700506
0.250503
0.26654541
0.26114982
0.25362846
0.25803775
0.2568152
0.24757643
0.24970089
0.24735838
0.24471688
0.2550443
0.25767124
0.25176314
0.27191833
0.25897592
0.24752305
0.24854574
0.24860427
0.25586584
0.24216193
0.2630586
0.2561755
0.23843992
0.24719894
0.261374
0.25636637
0.25654614
0.24567538
0.24079266
0.25035548
0.25090522
0.2497704
0.24867873
0.24969245
0.24515244
0.23499785
0.24300195
0.24551485
0.26639664
0.2586785
0.25242445
0.24375652
0.24435887
0.2529786
0.2575917
0.23663022
0.2356762
0.23985678
0.23030381
0.23974702
0.24066263
0.2509316
0.22288871
0.23160657
0.2501654
0.24054396
0.24029243
0.24500617
0.21919668
0.22681423
0.2381494
0.23718202
0.22864552
0.22607355
0.2344502
0.22580203
0.22502421
0.23506792
0.2368351
0.23395053
0.22337832
0.2260956
0.21876225
0.22619162
0.23539129
0.2295654
0.21339494
0.2134519
0.221093
0.21848328
0.22651605
0.21687622
0.22924371
0.22740996
0.22457133
0.22284743
0.19149263
0.22287716
0.22993617
0.22089243
0.23085031
0.22625008
0.20141786
0.21337774
0.21339746
0.21220416
0.21607928
0.21618962
0.2175933
0.21035874
0.21239705
0.19800295
0.20940277
0.20641388
0.21399917
0.2114357
0.21045414
0.20569281
0.21776423
0.20366496
0.21469744
0.21599591
0.2149419
0.2138162
0.20495488
0.21370614
0.22025459
0.21040958
0.21180083
0.20553108
0.20093364
0.20741518
0.22213078
0.19767362
0.21427369
0.21520934
0.21961746
0.20986481
0.19613265
0.20362885
0.20525818
0.20077315
0.20979312
0.19541225
0.20422545
0.21037376
0.2070234
0.20396261
0.21068935
0.19487295
0.19762003
0.19699104
0.1901623
0.2133093
0.18788904
0.19388707
0.19625437
0.19837846
0.18788227
0.17253882
0.2066914
0.18521099
0.18890736
0.17587973
0.18740907
0.18145208
0.19146769
0.181672
0.17772317
0.19257934
0.18754797
0.18040411
0.1918295
0.20671166
0.19269292
0.19094232
0.17829041
0.20208435
0.20174687
0.20128648
0.19160162
0.19691959
0.18559015
0.2085447
0.19679824
0.19110186
0.20867133
0.19676076
0.2035462
0.18751702
0.19276354
0.19433115
0.19384152
0.19397877
0.19405016
0.19708101
0.19374757
0.19204953
0.18985227
0.1900439
0.18617578
0.18781352
0.19740115
0.18852161
0.19568798
0.19277732
0.19562948
0.18140243
0.19241145
0.19714019
0.19504808
0.17698933
0.19404265
0.18613407
0.18971606
0.19498566
0.18249768
0.1975848
0.1805636
0.18773904
0.1828989
0.18559627
0.19452345
0.18666805
0.18959622
0.18889937
0.18312614
0.18233404
0.18310358
0.19335334
0.20540729
0.19089146
0.19887206
0.18664551
0.18836671
0.17988868
0.17914176
0.17750585
0.19246908
0.189143
0.17327455
0.17793314
0.18852945
0.18389945
0.18048632
0.17967105
0.17663543
0.17631164
0.17831174
0.17853314
0.17724825
0.17150734
0.18789043
0.18160939
0.17284314
0.17659852
0.19663647
0.17918305
0.1874926
0.17589939
0.17246383
0.18062527
0.18431465
0.1743197
0.17739931
0.18765107
0.17916396
0.16851744
0.17772155
0.17416541
0.21450625
0.17757839
0.17826131
0.17006533
0.17295146
0.17535408
0.1573917
0.17449768
0.17345192
0.1787411
0.19899353
0.17107283
0.17906053
0.18224606
0.17719343
0.17634681
0.1790645
0.18372881
0.18327065
0.17553969
0.17511581
0.17791228
0.18045165
0.1832272
0.16162312
0.17283483
0.17941386
0.17846888
0.18054602
0.17096697
0.18342996
0.18568388
0.17151736
0.17052697
0.17198232
0.19373325
0.17409599
0.17262702
0.17690161
0.18270859
0.1829616
0.17861995
0.17861272
0.17976125
0.18582332
0.19071078
0.18134494
0.19253685
0.18954642
0.19192968
0.20348603
0.21498574
0.20463592
0.21853267
0.2380864
0.2594685
0.3008798
0.28924084
0.3388856
0.3687448
0.3485899
0.37990892
0.36976793
0.34722885
0.30744928
0.25827762
0.21602678
0.21124333
0.19413866
0.20644781
0.20055272
0.19218245
0.19551419
0.19856118
0.18299784
0.1834539
0.17398909
0.17889482
0.17429303
0.18458915
0.16341354
0.16427529
0.16999657
0.17159702
0.1771187
0.16983426
0.16288643
0.15236978
0.16532236
0.15884729
0.15719284
0.16106343
0.1615019
0.16477256
0.17162822
0.1602085
0.16921365
0.16107811
0.17177418
0.18417938
0.16820191
0.1522273
0.1669361
0.17231417
0.16767171
0.15627229
0.16469975
0.1621265
0.14970976
0.15888749
0.17329876
0.15340081
0.13958733
0.15430938
0.18494257
0.14974354
0.14993462
0.15291442
0.1448115
0.15303087
0.14945243
0.15583739
0.14938605
0.15279323
0.15242758
0.16051036
0.15856305
0.16460422
0.16296512
0.15014823
0.14622954
0.15074126
0.15078096
0.16232993
0.15225746
0.16340147
0.15897217
0.15212648
0.13925935
0.15615663
0.15573421
0.16841818
0.1448601
0.14075698
0.16677605
0.15628496
0.15861739
0.14953505
0.15772079
0.1434305
0.15962939
0.15059376
0.14405455
0.15154381
0.14391895
0.1578481
0.14942303
0.1547084
0.14634103
0.16345486
0.13430823
0.15967195
0.1385388
0.15008816
0.14897878
0.13302915
0.16664092
0.15544535
0.14720482
0.15349934
0.13815777
0.15193947
0.15290923
0.16157602
0.14104666
0.15024878
0.16102688
0.14192334
0.152305
0.1418756
0.14447674
0.13662171
0.14027229
0.14916866
0.15516369
0.15501955
0.1408086
0.13428454
0.15312524
0.15025185
0.15074557
0.14685172
0.13984376
0.14215359
0.15082864
0.15039308
0.13750263
0.14993763
0.15457259
0.15728763
0.14590782
0.13880812
0.14780472
0.13812374
0.15248421
0.13961665
0.14670676
0.1409651
0.13405682
0.12916963
0.13884452
0.13178618
0.14490804
0.14283033
0.13342105
0.15765344
0.13114507
0.1412753
0.14592096
0.13682963
0.14510824
0.13784061
0.15135923
0.14061426
0.15089616
0.14044452
0.14317195
0.15409686
0.13717306
0.13681753
0.15100288
0.13826819
0.13154961
0.14249451
0.14279689
0.14865592
0.13624695
0.14437628
0.12899542
0.13901287
0.14427999
0.13962029
0.13778928
0.14100213
0.14275669
0.13625552
0.15052861
0.1309883
0.13408056
0.1326033
0.15513135
0.13089366
0.13816647
0.13700369
0.15162565
0.12409543
0.1452865
0.13254912
0.1406152
0.13640857
0.13672
0.13274524
0.14581847
0.13151585
0.12826316
0.14444005
0.14240935
0.14712642
0.13068275
0.1351149
0.13644214
0.1391489
0.1334569
0.14014108
0.14899372
0.1516698
0.13630685
0.15361677
0.13444836
0.13014793
0.13872577
0.12994696
0.14558886
0.13825163
0.14961581
0.1366095
0.13537918
0.13294326
0.1400082
0.12660716
0.14223768
0.13195537
0.14047515
0.13333043
0.13632436
0.13963035
0.14115055
0.13299301
0.13916521
0.14424418
0.14306726
0.13765645
0.14463422
0.13525435
0.14204107
0.1426389
0.12887113
0.13067837
0.13590561
0.13640194
0.13902396
0.13245821
0.13270004
0.1327743
0.13108373
0.15093757
0.18643442
0.13594793
0.13504413
0.12442637
0.14239883
0.1426302
0.14401318
0.13582556
0.14453155
0.13508822
0.1330576
0.13752884
0.15996067
0.13777
0.13632885
0.14098495
0.14288175
0.14629579
0.121492945
0.13400273
0.138934
0.1271075
0.15140778
0.14297868
0.13447365
0.15103745
0.13772984
0.15468593
0.14240333
0.1347919
0.12857881
0.13899532
0.12687214
0.12913331
0.13188319
0.1372869
0.13543352
0.13560602
0.13543057
0.13956341
0.12665366
0.1329107
0.1272043
0.12223896
0.14032988
0.12973729
0.13250144
0.14368802
0.1306623
0.14528133
0.13474107
0.14240633
0.12391009
0.13751143
0.14693087
0.13903764
0.13762964
0.13860677
0.14352709
0.12656035
0.13993335
0.12271693
0.12945238
0.14627503
0.14020036
0.13372603
0.13354596
0.13647798
0.15664735
0.14514896
0.1427991
0.15648678
0.13679336
0.13804859
0.126484
0.1436285
0.13089006
0.14154543
0.13246039
0.12529872
0.12435416
0.12962747
0.12500723
0.12895325
0.14165136
0.13660245
0.13132451
0.11900674
0.14331871
0.122102045
0.13586526
0.1235602
0.12475429
0.14053646
0.1405451
0.13678168
0.13940401
0.13334677
0.13948482
0.17544551
0.13498282
0.13038827
0.14443879
0.13042073
0.120676205
0.1410337
0.14244494
0.117461264
0.1227058
0.14575821
0.123211965
0.13193795
0.1422783
0.138203
0.14181718
0.13055962
0.13588163
0.12357032
0.1151332
0.12901767
0.13974072
0.12246243
0.13647336
0.12805241
0.13533063
0.14304632
0.1558257
0.12491135
0.1255239
0.12562282
0.12345967
0.13941863
0.1323992
0.14493208
0.1315637
0.12993114
0.1371448
0.13741834
0.13580689
0.13193272
0.12461963
0.1293766
0.13529874
0.14088553
0.15006733
0.13790303
0.12980951
0.14145948
0.14648198
0.14890145
0.14927916
0.15414579
0.13531172
0.13123088
0.13880059
0.13795048
0.14270987
0.12858081
0.14179227
0.13024509
0.1534529
0.1306986
0.14863503
0.12880005
0.1438927
0.1393193
0.1227464
0.12717132
0.15076795
0.12937304
0.13317654
0.14846599
0.12864585
0.14512552
0.13345379
0.13370529
0.1381624
0.15296383
0.13237755
0.13218749
0.1362966
0.13701302
0.12597136
0.13959366
0.13611467
0.15239221
0.13725951
0.11553738
0.14312576
0.13181186
0.12963387
0.13880447
0.13560572
0.12997594
0.1396666
0.13853341
0.12627521
0.14948423
0.12880564
0.14573118
0.13438028
0.13864349
0.13461241
0.13934886
0.14881259
0.13985549
0.14036429
0.137994
0.13094373
0.122589424
0.13309516
0.1536226
0.12787029
0.14081141
0.15244351
0.14652278
0.13307396
0.13795964
0.1419399
0.14269336
0.13155091
0.13284221
0.12163749
0.12921531
0.14511982
0.1383043
0.121395975
0.13018231
0.1362417
0.13321641
0.14666085
0.13203405
0.14513618
0.14151691
0.13307072
0.13969344
0.14729802
0.14103404
0.12019792
0.14064516
0.14567898
0.1339625
0.15279111
0.15546517
0.1369744
0.12791191
0.13940842
0.14612503
0.14119866
0.14026758
0.13299397
0.15659831
0.15574627
0.13376136
0.14541216
0.15357116
0.1469574
0.13170607
0.1333249
0.14551815
0.14584123
0.14887957
0.14954636
0.16437626
0.14154606
0.14310193
0.13674675
0.13816148
0.15455566
0.12563778
0.13043237
0.13443743
0.14183205
0.13881825
0.13957629
0.13702203
0.13836448
0.13493167
0.13962287
0.14129424
0.1360619
0.14985959
0.14767905
0.12391026
0.131047
0.13081892
0.14130746
0.124856435
0.11905901
0.13167219
0.14056545
0.14915048
0.13077807
0.1319012
0.12849487
0.14184706
0.118183956
0.15100369
0.16424283
0.12772933
0.12061121
0.123846404
0.136589
0.13478698
0.13196807
0.1289038
0.12692378
0.13178203
0.13072503
0.12502608
0.12952553
0.13672441
0.14665477
0.13596755
0.13338934
0.15076022
0.136285
0.13020866
0.1349856
0.15687336
0.14022882
0.122443855
0.12247363
0.12918904
0.12842402
0.13701174
0.13797292
0.14055242
0.12364708
0.12401338
0.12970114
0.12701921
0.13384075
0.12432021
0.13231331
0.12589526
0.12559721
0.123813294
0.14164205
0.13655308
0.14712416
0.13696647
0.14501955
0.13351484
0.12977469
0.13404799
0.12786147
0.13945621
0.13293497
0.13004437
0.13910662
0.13385402
0.145017
0.13766731
0.14113443
0.14609857
0.14728677
0.1286198
0.14720012
0.1334833
0.12721205
0.13928945
0.13172519
0.13594218
0.14242327
0.1301471
0.14312297
0.13174666
0.12941816
0.13274294
0.14270934
0.13221478
0.13226654
0.12827642
0.12926142
0.13754217
0.13391715
0.13381252
0.13565268
0.14108586
0.13563539
0.13317375
0.13107991
0.12959403
0.13711144
0.12430679
0.12089061
0.12688754
0.12865601
0.13542241
0.13684875
0.13215715
0.136006
0.1298045
0.12906417
0.12632449
0.12678297
0.13044807
0.13369775
0.13014339
0.12746789
0.12892582
0.13452817
0.12878907
0.14930572
0.13364224
0.124794945
0.122600526
0.12640798
0.13491759
0.13442086
0.14097331
0.13485885
0.13224202
0.13720703
0.12745161
0.12758303
0.13762797
0.13409415
0.1273806
0.12550189
0.1353392
0.1579982
0.14675818
0.14163162
0.13667552
0.1391438
0.14135927
0.16034319
0.13908143
0.17673825
0.13758892
0.13435775
0.13598238
0.13199818
0.1306535
0.13165672
0.13380732
0.13823342
0.13867205
0.14632073
0.13531967
0.14248678
0.13880713
0.14625062
0.1372334
0.14228714
0.13192883
0.12788601
0.12674156
0.12638517
0.13115264
0.14450245
0.14483276
0.13968652
0.15107636
0.13988751
0.13850908
0.1341363
0.13443898
0.13943022
0.14042819
0.14106287
0.13138977
0.12788591
0.13084225
0.13196531
0.13183261
0.13386975
0.13942781
0.14038558
0.14707713
0.13447587
0.12994705
0.13111125
0.12680162
0.12333032
0.12895314
0.1479047
0.1343543
0.12924345
0.12575068
0.12786528
0.12698023
0.12886669
0.12836182
0.13668215
0.1549417
0.1413715
0.13458253
0.12984996
0.13546129
0.14442872
0.14207107
0.1416052
0.13520992
0.1286712
0.13140373
0.13184683
0.14133179
0.13548511
0.13767272
0.14791806
0.13726777
0.13155673
0.1271655
0.12389374
0.122692235
0.12724552
0.13146417
0.1294834
0.12997952
0.13542533
0.14629172
0.14150657
0.1436632
0.1399729
0.14560749
0.15449832
0.1345021
0.13158026
0.14578357
0.13494484
0.13000515
0.13599809
0.14590041
0.14777356
0.14009616
0.13989075
0.14717974
0.13993746
0.1359264
0.14715289
0.16861394
0.14836708
0.13359089
0.12917835
0.12883271
0.13687241
0.1484316
0.14157952
0.1419834
0.14966527
0.14113006
0.13250037
0.13546601
0.14024664
0.15201434
0.15079388
0.14883342
0.15325554
0.14379567
0.14095005
0.14244817
0.1428927
0.14167728
0.13914923
0.14003381
0.14103226
0.1392345
0.13878852
0.136509
0.14089099
0.1442247
0.14296271
0.14498182
0.1524021
0.1444945
0.14138103
0.14580704
0.15283886
0.14752066
0.14443037
0.14153565
0.14445516
0.1545817
0.15497865
0.14713548
0.14277998
0.1401495
0.14248094
0.14623603
0.15319856
0.16800965
0.15535828
0.14733092
0.1477175
0.14333157
0.14473604
0.14244904
0.14008129
0.14039992
0.1350123
0.14581019
0.16187975
0.15078777
0.14636815
0.15013248
0.16344896
0.16839755
0.16181055
0.16426075
0.14545658
0.13729604
0.13962457
0.14083835
0.14166713
0.14109309
0.14564459
0.1467422
0.14563178
0.14206755
0.14439656
0.15123451
0.16072947
0.15425971
0.15972331
0.17715946
0.16359249
0.15414715
0.15167972
0.14616615
0.145971
0.14565836
0.14877898
0.14678273
0.14300881
0.14107442
0.13734464
0.13760704
0.14192311
0.14512248
0.1459935
0.14211203
0.14047715
0.1418092
0.14049709
0.14439996
0.14436612
0.14407307
0.13561094
0.1344312
0.124817386
0.12434781
0.12855771
0.1409369
0.15049301
0.14409815
0.14372204
0.14816782
0.14808096
0.14295278
0.14073266
0.14664085
0.14964199
0.13959013
0.13618417
0.1362334
0.15503493
0.18227224
0.15832745
0.14756638
0.14617527
0.15015328
0.14614445
0.14451523
0.14136523
0.14306782
0.14419852
0.14494948
0.14085029
0.13998461
0.13983776
0.14873612
0.1532009
0.15325367
0.14793758
0.14634521
0.14118876
0.14231935
0.13718271
0.14050445
0.1346262
0.14615445
0.15142453
0.15880285
0.14880994
0.14430675
0.14215262
0.13781244
0.15707918
0.20180236
0.16583005
0.1441891
0.14644943
0.14547569
0.15032761
0.13956068
0.14004186
0.13316843
0.14224623
0.13806279
0.13480648
0.13329586
0.13893065
0.15640746
0.15901402
0.16804105
0.17630857
0.16386235
0.17899747
0.16547127
0.17937915
0.15825808
0.1457937
0.15453573
0.14949352
0.14862879
0.14336096
0.14890923
0.14952499
0.15227954
0.1502086
0.15439251
0.14801717
0.14941052
0.14900276
0.15038325
0.15329696
0.15130386
0.14979395
0.14772618
0.14294174
0.1450954
0.14567792
0.14893979
0.14636561
0.15178484
0.15293567
0.15700708
0.14872478
0.14885214
0.15055367
0.14585914
0.1530548
0.14777634
0.15242602
0.15464018
0.1533037
0.15708649
0.14193663
0.14586975
0.13848825
0.14950676
0.15780269
0.16264743
0.15900053
0.16034116
0.1622899
0.17217098
0.16379231
0.16585302
0.15554164
0.15499969
0.15962149
0.16129687
0.15866339
0.144399
0.1491313
0.15823531
0.16615987
0.1597772
0.15573779
0.16301487
0.17381492
0.18029435
0.16721323
0.1631319
0.16008803
0.1624964
0.15514815
0.15088406
0.15149772
0.15824187
0.15925658
0.16275863
0.17081557
0.19207922
0.17935827
0.16937417
0.169092
0.15947728
0.15820248
0.16223207
0.1606063
0.16189043
0.15096864
0.156221
0.15264913
0.1564912
0.1531259
0.15563954
0.16257958
0.16404003
0.16587634
0.16759664
0.16380364
0.15851635
0.15038477
0.15520604
0.1534032
0.1553265
0.15084694
0.15522562
0.161777
0.16749753
0.16646583
0.16349694
0.16777466
0.17042698
0.16287409
0.1526192
0.15390189
0.15601262
0.157096
0.15905462
0.15441005
0.15858445
0.14759277
0.16193855
0.16627981
0.17075616
0.16699724
0.17863093
0.21090034
0.18177569
0.16526197
0.16412841
0.15418838
0.15478939
0.17175099
0.1719357
0.1890792
0.21467128
0.18801846
0.17033464
0.16368355
0.16029571
0.15818945
0.16255204
0.16583887
0.16475926
0.15602005
0.14619891
0.15380576
0.1594627
0.15802576
0.14578845
0.13677518
0.13959572
0.14528954
0.15055007
0.15305348
0.16716343
0.1684211
0.17157121
0.15760642
0.15342556
0.15444613
0.1581046
0.16305938
0.15456162
0.1460038
0.14988935
0.15710627
0.15665591
0.15340535
0.14590475
0.1501695
0.14689653
0.15880284
0.15521204
0.16309826
0.15965907
0.16640605
0.16511953
0.16291699
0.16557969
0.15603697
0.1555577
0.1532355
0.16162248
0.1634605
0.15604487
0.16243674
0.16018213
0.16610964
0.15776674
0.15969202
0.15919921
0.16819918
0.1686003
0.17087902
0.16251542
0.16754015
0.16603419
0.16804142
0.16178614
0.16870414
0.1692599
0.17183062
0.15941083
0.15448721
0.15630181
0.16064991
0.1573116
0.15470791
0.14965904
0.16252403
0.16305918
0.1752917
0.16696948
0.16508481
0.1656434
0.16197997
0.16455145
0.16084377
0.15726091
0.16336136
0.17086203
0.18884465
0.19194515
0.181885
0.17610008
0.1711391
0.17117625
0.16894343
0.16686852
0.16851798
0.17246543
0.17224453
0.18073
0.18580513
0.18293482
0.18126169
0.1756638
0.17851941
0.17506376
0.17604601
0.1776906
0.17932658
0.17987467
0.1694056
0.1590148
0.15707377
0.15693209
0.16595735
0.16606227
0.17265098
0.16879566
0.17075276
0.17098147
0.17264421
0.17213932
0.17495365
0.18096726
0.18930224
0.18712816
0.18461928
0.17430408
0.17760685
0.17245011
0.17396739
0.17499465
0.179467
0.18058796
0.17990097
0.18043473
0.17511985
0.16777532
0.16728011
0.17083561
0.16965863
0.17112468
0.17772496
0.18631743
0.18685065
0.18126483
0.18492311
0.18610926
0.19048105
0.18864444
0.1844633
0.17266308
0.16637972
0.16555013
0.16948304
0.16983384
0.17709315
0.18805133
0.19110923
0.18728696
0.17881057
0.17787485
0.17988771
0.18023553
0.17947267
0.17292273
0.16503528
0.16507296
0.17524834
0.18334624
0.18724729
0.17419468
0.1857288
0.17547314
0.17608485
0.1616597
0.1639423
0.16094773
0.16065818
0.16362889
0.16847564
0.1706845
0.17169724
0.17975847
0.17742983
0.17279121
0.16737357
0.1689645
0.1671306
0.16511786
0.15820274
0.16787879
0.16925964
0.1799702
0.1745022
0.18356335
0.17991585
0.17963134
0.17555726
0.17227939
0.17935152
0.17673977
0.17546839
0.16728525
0.16310567
0.16860053
0.1660984
0.16462973
0.16507266
0.18114223
0.18769173
0.18407238
0.17427571
0.17189622
0.17767283
0.17770231
0.18352374
0.17025985
0.17424074
0.17134547
0.18170968
0.16785054
0.16636728
0.15994245
0.1654058
0.16294728
0.16395913
0.16513142
0.16341408
0.1604602
0.16980074
0.1837156
0.19080205
0.18204491
0.16641864
0.16543423
0.16100225
0.16127111
0.16216433
0.15773636
0.15784219
0.15181726
0.15786028
0.15581152
0.15942056
0.16010372
0.15984294
0.1564185
0.15874004
0.15779589
0.16303363
0.16121827
0.1686968
0.17599805
0.18794538
0.17616
0.16924576
0.1571265
0.16172075
0.1630432
0.1688653
0.17337105
0.17795566
0.17647113
0.17981723
0.17079413
0.16142447
0.15892166
0.15436138
0.16400975
0.16126446
0.16772212
0.16523732
0.16128454
0.16276379
0.16010429
0.16360052
0.16747937
0.17542526
0.1679296
0.1653857
0.16391183
0.17696
0.19467273
0.20127341
0.20437972
0.21107005
0.19547832
0.19053087
0.16684084
0.17940955
0.19384031
0.20050915
0.19013953
0.18497881
0.18140036
0.18457627
0.18400308
0.1803956
0.19158274
0.18799074
0.18660831
0.18293764
0.1892925
0.19138888
0.18397596
0.17142181
0.17028728
0.16992153
0.17099983
0.17249256
0.17494696
0.17261647
0.17496774
0.18434742
0.19002083
0.19314025
0.19265416
0.19098935
0.19408186
0.1891597
0.20031568
0.19823
0.19368589
0.18974465
0.17257781
0.17513342
0.171182
0.18705429
0.19646864
0.19253726
0.20337066
0.1958617
0.2047513
0.18955593
0.19275825
0.18992575
0.19097857
0.21178752
0.20271151
0.20144677
0.18009391
0.18570384
0.19630699
0.19025528
0.19003707
0.1718666
0.17682451
0.17357735
0.18244922
0.18592025
0.1936397
0.19629844
0.19123225
0.21135458
0.21485277
0.21543235
0.18968491
0.18760213
0.18303548
0.18843168
0.18841459
0.20535243
0.21128663
0.21112059
0.19348936
0.18388748
0.1783403
0.1749222
0.17070088
0.1776517
0.17263027
0.18909535
0.18521671
0.19755897
0.17919406
0.17353928
0.17671399
0.18704529
0.18877499
0.18381795
0.184786
0.18731707
0.19890183
0.19779627
0.20618089
0.19894283
0.1926171
0.18183927
0.18551178
0.1859283
0.19039726
0.19241819
0.1940565
0.19747998
0.18876922
0.17672063
0.18029138
0.17527387
0.18674858
0.1800163
0.18930572
0.19876382
0.19938672
0.20463899
0.19143477
0.1768087
0.17303371
0.16986528
0.17676705
0.17670286
0.18578856
0.19381776
0.1772481
0.16859213
0.17219472
0.19266728
0.19547695
0.18653372
0.18816504
0.19122817
0.19388874
0.18950436
0.19424465
0.20192985
0.20283774
0.20147063
0.19746684
0.18444173
0.18061453
0.18960652
0.1990809
0.19955263
0.18990485
0.19038002
0.1904587
0.18768942
0.20088969
0.20003705
0.20381199
0.19389866
0.20557708
0.20775622
0.21037158
0.21296744
0.2040328
0.19004317
0.17196389
0.16869374
0.1683358
0.1644734
0.16648062
0.16688937
0.17172363
0.18154857
0.18087612
0.1866234
0.1751206
0.1826086
0.1820172
0.18919085
0.18435855
0.1796251
0.17282565
0.16960517
0.18119445
0.18349542
0.1841434
0.1809529
0.20228598
0.20076719
0.19669145
0.1778051
0.19205907
0.21221334
0.2191069
0.21000066
0.19771875
0.19031294
0.1883857
0.17898802
0.17443725
0.18360515
0.19885983
0.2031833
0.20487459
0.18840256
0.18971151
0.18054625
0.19661397
0.20621842
0.2120602
0.21814024
0.20594892
0.20557344
0.18494129
0.18935402
0.18606664
0.19084881
0.1907104
0.18278593
0.18032993
0.18472151
0.19600868
0.18442017
0.17636745
0.17782494
0.18574587
0.18629643
0.18714014
0.19694476
0.20099294
0.1998345
0.20312198
0.19551076
0.18900903
0.18678968
0.20378111
0.20598857
0.19954711
0.19442871
0.19087167
0.2026917
0.19942132
0.20928915
0.21889183
0.2160868
0.21502374
0.1897697
0.20628373
0.20510976
0.20697604
0.19663195
0.19740601
0.20340355
0.21441515
0.21621042
0.2081778
0.19130759
0.20488362
0.1987501
0.19281344
0.18130276
0.20455709
0.20551704
0.20772779
0.20738654
0.21804935
0.20922075
0.20287853
0.20191269
0.21432026
0.20377792
0.2005773
0.18464017
0.17721094
0.19229403
0.19563586
0.20976472
0.1860435
0.17635746
0.17101957
0.16957332
0.17376588
0.16673537
0.17778489
0.18129107
0.18084125
0.16880487
0.16795982
0.1763281
0.1950982
0.21090296
0.21170403
0.2158863
0.19669285
0.19053192
0.1674867
0.18112394
0.18614781
0.18688942
0.17677206
0.17021976
0.17594887
0.18571462
0.18546276
0.19211125
0.17948815
0.18105985
0.18451369
0.18084756
0.18610665
0.1789836
0.17236154
0.16412647
0.15619275
0.16406126
0.17386106
0.17292285
0.17434035
0.16992097
0.17444725
0.17710629
0.17841557
0.1706136
0.17408702
0.1704567
0.17833853
0.17648213
0.17781208
0.17863825
0.17141475
0.16797332
0.17447573
0.18453117
0.19231117
0.1952721
0.18966399
0.1792985
0.16778211
0.16176012
0.15340266
0.18224
0.19478865
0.21177457
0.20228861
0.20513725
0.20086887
0.18919595
0.17440782
0.18605049
0.17065892
0.16652857
0.16726409
0.16204886
0.16320944
0.16090275
0.16339216
0.17313935
0.17591257
0.17547819
0.18569052
0.18467641
0.17465162
0.16924213
0.15845637
0.15904011
0.16147222
0.16343462
0.16999762
0.1606945
0.16686776
0.1693216
0.18015254
0.17619886
0.18092984
0.18218438
0.18155712
0.18006411
0.16678524
0.17028122
0.16727614
0.17045727
0.1721059
0.17888522
0.17854728
0.1707486
0.17185217
0.17385852
0.1864446
0.19022182
0.19116145
0.18292265
0.17360778
0.17609945
0.17493746
0.18239161
0.1873193
0.19214056
0.18661414
0.18912275
0.17623267
0.17685577
0.1739407
0.16875198
0.16788478
0.16612591
0.16763489
0.16431865
0.17004251
0.17211711
0.17427932
0.18372175
0.1880403
0.1945553
0.19803788
0.20561805
0.20574772
0.19412114
0.1740909
0.17211793
0.16866238
0.17301077
0.16980013
0.17676996
0.17093946
0.18907513
0.20638429
0.21468012
0.21432687
0.1964284
0.18360567
0.18918283
0.19761316
0.20199311
0.19190136
0.19068462
0.20142365
0.19841623
0.19494683
0.17623082
0.17747109
0.18706451
0.19751328
0.20550151
0.20937909
0.20385326
0.21945651
0.19990374
0.19882414
0.17955524
0.17909062
0.1877907
0.1874568
0.21977021
0.24184357
0.2372585
0.21151032
0.20838138
0.2206316
0.22864528
0.21101208
0.20494308
0.19721119
0.18609475
0.19092293
0.19898334
0.21259838
0.21588139
0.2055515
0.20261216
0.19606867
0.20685133
0.20648493
0.20290641
0.21282336
0.21705481
0.2251236
0.20300429
0.20771159
0.21523957
0.21773471
0.2078973
0.19542673
0.20276731
0.19850454
0.19719027
0.18960328
0.19446455
0.2021419
0.2010914
0.20565377
0.21004198
0.22812133
0.23266135
0.21982811
0.19874445
0.19992155
0.1928074
0.21218073
0.2361897
0.2374347
0.22137147
0.2067871
0.22043261
0.21487886
0.21636097
0.20781177
0.2175214
0.20934264
0.19908775
0.19731592
0.20345987
0.22316603
0.22726098
0.21862182
0.19902994
0.19119704
0.20051469
0.21964915
0.24403109
0.2573731
0.2526816
0.24420543
0.24584205
0.23063964
0.22634068
0.20433281
0.21252526
0.22361368
0.22611
0.22571485
0.2101835
0.21557131
0.2116128
0.2327257
0.22294852
0.2235737
0.20825781
0.20918311
0.23178211
0.23760542
0.25505933
0.2367362
0.22560601
0.22158998
0.21154945
0.239704
0.22811313
0.24085522
0.23821403
0.24626897
0.23868692
0.22124414
0.22088173
0.27834237
0.28711468
0.30117378
0.26871818
0.27518928
0.25079733
0.24100511
0.22393472
0.23891102
0.23082608
0.2257654
0.22284052
0.24458092
0.25587863
0.25705385
0.22353132
0.23373352
0.2274124
0.23861516
0.22792801
0.24723671
0.24791352
0.24549231
0.22912167
0.2329455
0.22828586
0.23533823
0.22693431
0.23049867
0.23288123
0.22804199
0.22706878
0.24708635
0.245607
0.254069
0.22476874
0.23383684
0.22358826
0.21795698
0.2191295
0.21856993
0.23591913
0.22803028
0.2412056
0.23365018
0.24411678
0.23178071
0.24415918
0.24327184
0.24029315
0.24043742
0.24428104
0.24613443
0.24052267
0.2447919
0.24840559
0.2531525
0.2384397
0.25777712
0.23642646
0.24534407
0.23194072
0.23452432
0.22052306
0.22163682
0.21761456
0.22446708
0.22199704
0.22763754
0.22619985
0.2239744
0.22590482
0.23449096
0.24863943
0.2656378
0.24981968
0.2626053
0.2608314
0.2870744
0.29346496
0.29254472
0.2756141
0.258985
0.26481175
0.27125573
0.27947322
0.27684146
0.28370264
0.28749967
0.2816741
0.26350534
0.25758708
0.24873115
0.25053823
0.24417047
0.2621213
0.25285256
0.2570692
0.2533117
0.2653931
0.26998484
0.28340593
0.27323815
0.26878917
0.2553983
0.24600649
0.24264246
0.24611346
0.2583433
0.2607457
0.25302407
0.2643361
0.26669812
0.28571126
0.28478274
0.2997492
0.28890845
0.29523847
0.29346737
0.29607856
0.3061464
0.29532337
0.28581807
0.27699268
0.2804575
0.27889594
0.2696886
0.25946185
0.27095345
0.27398026
0.28492483
0.26987132
0.24949135
0.25081152
0.24730012
0.2580198
0.26694807
0.26986077
0.2791559
0.2757463
0.28071916
0.2718548
0.26558954
0.2823582
0.27658245
0.27124032
0.2652966
0.26337457
0.27821162
0.29449457
0.27555546
0.2595504
0.25863996
0.2629238
0.26594758
0.2546785
0.2540756
0.26231644
0.27599868
0.26981825
0.26265955
0.26022312
0.27300832
0.28250283
0.29488158
0.29721653
0.3015533
0.29462582
0.30229372
0.31962156
0.34451744
0.3746656
0.36482155
0.334561
0.3143886
0.30357733
0.3201808
0.29525858
0.28317657
0.2879497
0.30328253
0.305488
0.29958552
0.3192985
0.31182396
0.28788012
0.2825277
0.26401916
0.27021188
0.29504853
0.30220503
0.32441896
0.30233318
0.30658767
0.30188674
0.3018844
0.31466028
0.30054358
0.31085545
0.3187521
0.33395466
0.32859764
0.30266702
0.31777513
0.34288856
0.33578068
0.3092375
0.2774076
0.3034349
0.2954465
0.30943617
0.2862176
0.2699004
0.27309185
0.2819395
0.3025176
0.31054702
0.3142482
0.30297425
0.30339777
0.29959244
0.29487285
0.3123581
0.3496291
0.35908812
0.35586095
0.34715948
0.34897754
0.3274709
0.31518692
0.31006387
0.33149943
0.35052532
0.3548022
0.33532545
0.3235045
0.3238397
0.34321555
0.35010725
0.34672916
0.34485692
0.35484403
0.35764575
0.3578979
0.33183137
0.3406352
0.3376452
0.33568117
0.31619707
0.31826
0.32004207
0.35180315
0.342393
0.32078636
0.3021756
0.30713552
0.30684623
0.32480595
0.34652707
0.32651767
0.34899282
0.36876836
0.37211558
0.35269004
0.34842905
0.3755815
0.3674937
0.33893278
0.3249498
0.35356995
0.35908034
0.33720526
0.31967062
0.33305612
0.34194764
0.33687904
0.3377013
0.31542024
0.3107377
0.29890797
0.3092846
0.32770056
0.33499852
0.36284617
0.37472087
0.3748616
0.36218485
0.33980286
0.3466188
0.363588
0.36873433
0.3870592
0.37821534
0.404246
0.3884355
0.38998628
0.36560866
0.40115032
0.40164995
0.3908562
0.35062397
0.35219312
0.34126282
0.3491494
0.36226037
0.40208787
0.381574
0.35832885
0.37414646
0.37607038
0.38878188
0.3739882
0.37365207
0.35734674
0.39545438
0.4157988
0.42063156
0.41788352
0.39264855
0.37187108
0.3599005
0.3481709
0.3591258
0.36436304
0.37444907
0.39736435
0.43239838
0.41060105
0.3800629
0.43444672
0.46819812
0.4846999
0.42287067
0.40360475
0.39383155
0.3763567
0.36676872
0.37109244
0.37867188
0.36333123
0.36654672
0.35863656
0.3595631
0.38180673
0.38880727
0.5121537
0.49076557
0.4757353
0.43613148
0.36196145
0.36477673
0.35970706
0.3762582
0.40908533
0.44537932
0.43897048
0.44304606
0.390278
0.42349818
0.40793276
0.41782787
0.4801789
0.4755928
0.4749093
0.43512484
0.40907112
0.40780327
0.4228208
0.41671157
0.40980646
0.4125057
0.40576544
0.41575992
0.41601226
0.46639434
0.45889702
0.48749882
0.44435275
0.455088
0.42481658
0.41965732
0.42599183
0.43226746
0.4634006
0.46519798
0.48368976
0.46061713
0.48673198
0.4612745
0.46648112
0.47070134
0.51919234
0.5612511
0.5503642
0.4952951
0.47006613
0.46857783
0.5279896
0.53566134
0.5428216
0.4952182
0.44709393
0.42269555
0.4187446
0.39139724
0.42743626
0.45539603
0.41860154
0.4154403
0.4369627
0.39683476
0.42473996
0.45860884
0.4706127
0.48492932
0.42513746
0.41346213
0.4102348
0.39718038
0.40894493
0.44910032
0.46209732
0.4819585
0.52083015
0.4794938
0.49483854
0.46077994
0.44852898
0.447467
0.40577525
0.3943781
0.38519007
0.38362387
0.4014833
0.43096963
0.46452737
0.5117783
0.5052258
0.5085294
0.5421895
0.5141775
0.5048718
0.48327765
0.4511932
0.46043053
0.467576
0.46323624
0.48225725
0.48755768
0.5017875
0.4893938
0.49360693
0.49542293
0.5162542
0.5558917
0.5038985
0.4981688
0.47383812
0.44896144
0.45842716
0.45045054
0.43640187
0.4261683
0.40511048
0.38570064
0.41663542
0.40467522
0.41700584
0.44472483
0.4611957
0.42643684
0.43608603
0.43478432
0.38012952
0.36411968
0.37634322
0.35986277
0.36621445
0.39602578
0.39206502
0.38048577
0.39069927
0.41136214
0.40001318
0.4207716
0.4392053
0.44106677
0.4207536
0.43349093
0.44426948
0.42934814
0.40131304
0.4089577
0.43689725
0.42050946
0.42908832
0.4571515
0.4619956
0.45717317
0.4753757
0.48225868
0.5014117
0.49448195
0.4897849
0.5068897
0.4989272
0.5252778
0.54175913
0.54842085
0.5026923
0.51464087
0.48842898
0.45500097
0.45558667
0.47652873
0.48545536
0.48840654
0.5299313
0.52938783
0.57089347
0.5659945
0.57327205
0.57114327
0.55794215
0.5195131
0.5312238
0.4905272
0.45431527
0.45995507
0.4610387
0.44748512
0.483241
0.49590206
0.5102127
0.5390183
0.55651224
0.56132054
0.5604263
0.5520659
0.5260987
0.48868656
0.4865593
0.5247138
0.51101565
0.52623105
0.54229635
0.5370332
0.51402855
0.51617557
0.53743964
0.5218769
0.53973675
0.5344507
0.507809
0.5287521
0.51816136
0.50604934
0.511095
0.551592
0.55645156
0.5201251
0.54281795
0.5418082
0.5112561
0.50864583
0.5163793
0.5141318
0.5293685
0.54569066
0.59429723
0.5841915
0.5969102
0.6243384
0.6298074
0.5878592
0.5915341
0.58046883
0.5746517
0.5703278
0.57590866
0.5655393
0.5911129
0.6027812
0.6746176
0.67243886
0.69486475
0.65414894
0.5819809
0.54498225
0.48459262
0.52369094
0.5556387
0.6357607
0.6477221
0.67388314
0.69096965
0.64037085
0.59490395
0.55125177
0.56027246
0.5377143
0.5023567
0.49550146
0.51349336
0.53915834
0.54389465
0.5163433
0.5277535
0.5645247
0.5729186
0.57075006
0.5325565
0.50650245
0.48236716
0.4815974
0.45455995
0.47024658
0.44767833
0.44119507
0.48257914
0.5019978
0.5010993
0.53770494
0.5875061
0.5858213
0.5426685
0.5611023
0.59993845
0.6280676
0.5607801
0.56270194
0.54943806
0.52957153
0.5238824
0.53073376
0.52272314
0.5224522
0.49231985
0.50687426
0.520003
0.5574751
0.59341997
0.6643042
0.7289683
0.7403358
0.75074154
0.7149975
0.742822
0.7663721
0.779993
0.7493287
0.67733914
0.68387365
0.6814419
0.74215543
0.73540515
0.7262035
0.717538
0.74606115
0.726988
0.7717941
0.76625526
0.74551713
0.77672195
0.76504713
0.7889218
0.75946313
0.7496264
0.7601362
0.7811135
0.7368403
0.773309
0.8564049
0.9011789
0.86883616
0.9948859
1.0230327
1.101875
1.1019803
1.1379355
1.2658747
1.1146125
1.0438735
0.987948
1.0391514
0.9908803
0.97535145
1.0205141
0.9842514
0.97625566
0.98677826
1.0830693
1.1483479
1.1771913
1.2584016
1.1543097
1.2572004
1.2991223
1.28152
1.3136445
1.2307147
1.254522
1.2863975
1.2272373
1.2369293
1.279883
1.2823337
1.245126
1.2542046
1.2444123
1.7028366
1.8588582
1.8747804
2.0121381
2.0888462
2.3509707
2.747333
3.123688
2.8633807
2.8715599
2.8338265
2.8777452
2.8589363
2.8589363
2.8589363
2.8589363
2.8589363
2.8589363
2.8589363
2.8589363
