593.18567
131.39926
77.58707
62.53017
53.378307
46.62022
41.330933
37.0048
33.355915
30.14605
27.338673
24.948051
22.872557
20.931824
19.23277
17.75363
16.426405
15.214263
14.163822
13.162137
12.283158
11.470537
10.726788
10.06319
9.516285
8.900322
8.423551
7.992249
7.578368
7.1271353
6.7890186
6.4898095
6.1601753
5.8691716
5.628968
5.339191
5.1782336
4.884803
4.725244
4.5273347
4.332542
4.2372355
4.0434957
3.9284718
3.779762
3.6161466
3.5300355
3.4142087
3.3033595
3.2345078
3.1139774
3.0629098
2.949213
2.872081
2.8040924
2.7231603
2.6691558
2.5969808
2.5633335
2.4937513
2.434746
2.4034493
2.3287597
2.2629244
2.2467515
2.2062142
2.1502337
2.114875
2.0622277
2.054986
1.9894322
1.979098
1.9339274
1.8939102
1.8506496
1.8403496
1.8255631
1.7815708
1.7515644
1.7436966
1.7222719
1.6671687
1.656048
1.6535264
1.618235
1.59306
1.56326
1.5318055
1.5675539
1.5256771
1.5058603
1.485922
1.4596024
1.4572104
1.4392015
1.4147891
1.3895316
1.3903055
1.3797641
1.4178646
1.346775
1.3962944
1.3161249
1.309776
1.2992512
1.276303
1.2920718
1.2509565
1.2666976
1.2613728
1.2453043
1.2165928
1.205305
1.232515
1.208797
1.2153529
1.1876447
1.1732576
1.1717443
1.169473
1.1700109
1.127381
1.1437446
1.1374227
1.1133059
1.1212649
1.0903003
1.107238
1.0809356
1.0918617
1.1240702
1.0683737
1.0663382
1.0706111
1.0822273
1.0720754
1.0302433
1.0525484
1.0218855
1.0356343
1.0280799
1.0133977
1.017968
0.9942048
0.9965856
1.0137668
0.96679056
0.9633997
0.9797734
0.9717948
0.98895556
0.97054285
0.9978629
0.94368786
0.9759653
0.94275767
0.94239783
0.9469009
0.9333612
0.9415977
0.9155756
0.9363934
0.9164861
0.9106885
0.9210057
0.90032506
0.90518665
0.8968259
0.899559
0.8917381
0.89970595
0.8843046
0.90212613
0.8722991
0.8751533
0.89317375
0.87423927
0.8596634
0.86157703
0.85528076
0.8630522
0.8735247
0.85583144
0.8605098
0.8800743
0.87971705
0.8496994
0.83540875
0.8375838
0.8420871
0.8423436
0.8202428
0.8279538
0.8337324
0.8201408
0.8302424
0.821099
0.8011172
0.8232977
0.813493
0.81822747
0.8118412
0.8117356
0.79356927
0.8176221
0.7911157
0.7959224
0.8028532
0.789071
0.77804977
0.79526216
0.7746429
0.77616775
0.7821182
0.76995873
0.7588791
0.7828424
0.7681225
0.7628343
0.7573547
0.7824152
0.7750456
0.7580842
0.7462894
0.7505773
0.75046545
0.7347715
0.7466816
0.7382118
0.74586254
0.7451978
0.74764967
0.7410896
0.73166424
0.7374192
0.7272025
0.72368574
0.7382508
0.72140414
0.7318786
0.73575544
0.73437446
0.72532094
0.71756417
0.71119857
0.70008147
0.71364284
0.7315101
0.7111529
0.7129566
0.72466284
0.7129448
0.7132572
0.70863414
0.7218603
0.7224871
0.70328486
0.6930354
0.6978823
0.6915248
0.7161345
0.7091357
0.7105971
0.6979866
0.6915284
0.7116449
0.7345106
0.684822
0.70087373
0.6964713
0.6953476
0.67811644
0.67779195
0.68635976
0.68918574
0.6881765
0.68227035
0.6786433
0.6662578
0.6766037
0.6883312
0.68177265
0.67350316
0.67750597
0.67116934
0.6656567
0.66274416
0.67135346
0.6673004
0.66220397
0.66882783
0.6676722
0.666593
0.6740451
0.6706549
0.6630645
0.6560631
0.6652432
0.6622796
0.66026014
0.6649513
0.65899026
0.66527075
0.6650718
0.66143477
0.66585094
0.6603347
0.66377914
0.66716516
0.65226835
0.6593289
0.65576404
0.66156065
0.64668095
0.6438576
0.6486864
0.65257156
0.65503246
0.651813
0.6440193
0.64797443
0.6321793
0.63719064
0.6418077
0.6405499
0.63409185
0.6282321
0.6252588
0.63170964
0.6419217
0.63611794
0.6233006
0.62646264
0.62974215
0.63035774
0.63298327
0.62313455
0.6301965
0.6176552
0.62053245
0.6221529
0.627978
0.6348299
0.6239337
0.62678397
0.6329126
0.63360995
0.61695224
0.6303564
0.6184986
0.6260274
0.62655985
0.6127049
0.60947555
0.6139479
0.6153892
0.61533326
0.6142376
0.61411643
0.61133134
0.6084315
0.6171955
0.6125879
0.625678
0.60904765
0.6171071
0.6005747
0.609862
0.60168695
0.6127348
0.6082706
0.6129074
0.60310507
0.6027405
0.5977189
0.6063418
0.6137302
0.59995234
0.6049284
0.59740835
0.5882523
0.5846903
0.5859979
0.59775805
0.6002398
0.58817726
0.5928562
0.5886722
0.5885906
0.5921404
0.583291
0.58722585
0.5810309
0.57791346
0.59022963
0.5784619
0.5837663
0.5709782
0.59256405
0.5735809
0.58251405
0.57695484
0.57603747
0.57629776
0.5740039
0.57700133
0.58121455
0.58223176
0.57050097
0.5817722
0.57739544
0.5644789
0.57858217
0.56982356
0.5663526
0.5701969
0.55865616
0.56220996
0.56314236
0.5772326
0.57385194
0.5704382
0.5613962
0.5667196
0.5602435
0.56552976
0.57327783
0.5681924
0.56320155
0.5575586
0.55993617
0.5677785
0.55650586
0.55129457
0.5648977
0.5593409
0.55633986
0.55677944
0.56015915
0.56734306
0.55605906
0.556748
0.55153304
0.5551705
0.5636302
0.5595759
0.56767327
0.54726374
0.5551703
0.5355237
0.55462724
0.5454711
0.55279326
0.5459158
0.5587784
0.54175377
0.5500328
0.5409202
0.5570472
0.5398885
0.53533703
0.5433937
0.5460287
0.5488305
0.5410608
0.5486761
0.54476714
0.54008746
0.5367938
0.54906934
0.53988606
0.5405955
0.54104173
0.5418205
0.533739
0.5206898
0.5269208
0.5335567
0.5228298
0.52621573
0.53652185
0.53208995
0.52543515
0.5217112
0.52530384
0.52702254
0.528475
0.53022265
0.5288435
0.5301087
0.5216711
0.52536815
0.5215243
0.52875143
0.5189734
0.51804096
0.5222341
0.5245662
0.509043
0.5321758
0.52814674
0.51901144
0.51776236
0.51143503
0.5123816
0.51037997
0.51348656
0.5136129
0.51121765
0.5214256
0.52390033
0.5117611
0.5148115
0.5141402
0.5237176
0.5123253
0.5154578
0.5096237
0.5103308
0.51383996
0.51427996
0.5120322
0.5089437
0.51443523
0.5044884
0.5068101
0.49413463
0.5048461
0.5026118
0.5071216
0.49790493
0.5038602
0.50492
0.49958867
0.49712542
0.50067544
0.49926892
0.5018601
0.50619286
0.50671375
0.49140504
0.5026739
0.49152228
0.5029344
0.48600143
0.5046624
0.49342132
0.49953446
0.49946037
0.4897694
0.49826115
0.49757588
0.49588802
0.49950254
0.48785952
0.49974585
0.49451026
0.48943743
0.48969835
0.49877164
0.48996192
0.4964376
0.493162
0.48764735
0.49097186
0.48565793
0.48593292
0.49559394
0.47768554
0.49979421
0.48942342
0.481774
0.48931018
0.48015767
0.48117766
0.48294535
0.48781905
0.47600117
0.4806666
0.47931114
0.4755205
0.47119504
0.47463673
0.47717065
0.4658611
0.46861216
0.4683725
0.47364295
0.4633667
0.45852202
0.46405718
0.46276492
0.4631714
0.46858287
0.46674883
0.47615156
0.46187025
0.46290213
0.46460956
0.45473772
0.459143
0.4627748
0.4574421
0.46266812
0.4647893
0.4563554
0.45081693
0.45774296
0.45634994
0.45109686
0.45020223
0.45098323
0.46897647
0.46406138
0.44820073
0.45450392
0.4469261
0.4581197
0.45144978
0.4456842
0.45616156
0.4431411
0.450589
0.43960458
0.4498949
0.45162585
0.44726175
0.44397897
0.44558182
0.44230494
0.4509666
0.4323472
0.43868324
0.44174892
0.43856657
0.44168714
0.44040138
0.4279403
0.43800837
0.43029433
0.4404408
0.43575174
0.44011897
0.43328887
0.43329814
0.42917067
0.43656832
0.44693398
0.41405645
0.43714005
0.43011335
0.42896786
0.4313698
0.4432648
0.43573245
0.42564794
0.42669064
0.41928548
0.4319081
0.42989025
0.42953557
0.42666188
0.40833703
0.423414
0.4228517
0.42315277
0.4165399
0.4214948
0.4269024
0.4295389
0.42304167
0.4232254
0.4177462
0.41977054
0.41163656
0.41715413
0.4139364
0.4074233
0.40943855
0.41860893
0.4152533
0.420925
0.41321358
0.41393718
0.41127667
0.412607
0.41508013
0.41300327
0.4052094
0.4134434
0.41835096
0.4092858
0.41168275
0.4112854
0.40963066
0.41819715
0.40648812
0.40632784
0.40580013
0.39994332
0.40261465
0.40390813
0.4118104
0.39958382
0.41306016
0.40164265
0.40817145
0.39663345
0.40348795
0.4105411
0.406387
0.39928597
0.4030717
0.40317813
0.40748897
0.4005996
0.3974406
0.39956513
0.3993488
0.39579067
0.40243036
0.3959157
0.39342993
0.40050843
0.40773323
0.40196773
0.40301734
0.4016978
0.39547238
0.40385562
0.3977866
0.39264253
0.40266255
0.39143318
0.3874675
0.39303297
0.39105046
0.39207757
0.39825526
0.3907932
0.38657564
0.39091745
0.39340684
0.38436016
0.38774648
0.37981302
0.37882566
0.3791699
0.38900143
0.38297784
0.37410825
0.378152
0.38812768
0.37822247
0.37208268
0.37179914
0.38480145
0.37901178
0.378229
0.37424672
0.366548
0.36567232
0.3805944
0.36740932
0.37503377
0.3680856
0.374184
0.3638724
0.36246735
0.3679687
0.35822618
0.36945325
0.36733317
0.37206534
0.37414813
0.37273762
0.36407575
0.36365387
0.3674537
0.36319754
0.36687452
0.36904952
0.36375195
0.36614686
0.37018144
0.3675279
0.3537099
0.36435935
0.3625566
0.36941862
0.35706985
0.36416242
0.36355624
0.36278874
0.3623288
0.35416347
0.356127
0.35319838
0.35769436
0.35823983
0.35683292
0.34622762
0.35091844
0.3541863
0.36467713
0.35586044
0.34957892
0.35618252
0.3532144
0.35262477
0.36104563
0.35246515
0.34599438
0.34747317
0.3484293
0.35260877
0.34127825
0.3363881
0.35087013
0.34609538
0.34178227
0.34012777
0.34506112
0.34945202
0.34115818
0.33432576
0.34501895
0.33630505
0.35029027
0.33938926
0.32343745
0.3287962
0.33671218
0.33935484
0.32938984
0.3347461
0.3258299
0.32841393
0.32706738
0.33059162
0.32270366
0.33230522
0.32463548
0.3386618
0.32561812
0.335012
0.32843375
0.32708555
0.32568938
0.3338942
0.324656
0.32619017
0.32880327
0.32528362
0.31848451
0.32777795
0.33062473
0.32079002
0.32275748
0.31967252
0.32638702
0.31939423
0.32142696
0.31982425
0.31787637
0.31380805
0.3243468
0.31397644
0.31783256
0.30730116
0.31804815
0.3144113
0.31360412
0.31779373
0.31855738
0.30051696
0.3137581
0.30989826
0.3221153
0.3094438
0.31208917
0.31299022
0.310543
0.32106447
0.31279767
0.31565848
0.30569336
0.3064179
0.31319425
0.3072245
0.3080687
0.31800166
0.31010848
0.30574805
0.31216022
0.3124523
0.29869273
0.31551498
0.3071169
0.31940502
0.30585524
0.3221784
0.30390215
0.3248143
0.3033781
0.3109261
0.3015255
0.30398297
0.3048211
0.30875477
0.30699313
0.31492186
0.30759445
0.30120045
0.3061234
0.30902997
0.298778
0.29596993
0.29421878
0.29819974
0.29977357
0.30187976
0.29247192
0.2968422
0.3029987
0.29763657
0.2975057
0.3015859
0.29084212
0.29448596
0.2936017
0.2903909
0.29313114
0.29821315
0.2901225
0.29416633
0.2947537
0.2894017
0.2941258
0.29407522
0.2898006
0.3006557
0.2953951
0.29521665
0.29009092
0.29390737
0.29813504
0.29345322
0.28211704
0.29782215
0.2915272
0.28727692
0.29592702
0.2873746
0.2850648
0.29781646
0.3018324
0.29067492
0.28353402
0.29027155
0.29588085
0.29171523
0.2843924
0.29644448
0.29131815
0.2902077
0.2913958
0.28339738
0.2850974
0.29817644
0.29405895
0.28705987
0.28105325
0.2924009
0.28863934
0.27906016
0.28206688
0.295858
0.29038772
0.28902242
0.29113066
0.29034302
0.28810197
0.2849866
0.28642225
0.27633205
0.2872618
0.28351605
0.2815792
0.27934057
0.2821413
0.27837342
0.28482535
0.2770416
0.27952558
0.2756426
0.28523007
0.28161344
0.2820331
0.2863865
0.28253463
0.28475806
0.27432555
0.27972108
0.27800214
0.2813276
0.2774372
0.26947072
0.28246894
0.2784127
0.28062278
0.2771589
0.27403396
0.27281794
0.26681733
0.28680226
0.26928943
0.2727027
0.2756083
0.27662352
0.27964535
0.27591679
0.276072
0.27951485
0.2835964
0.27554855
0.270177
0.26502666
0.2686677
0.26746008
0.27849585
0.27372408
0.27840814
0.26024124
0.26829746
0.2635089
0.27331403
0.26930743
0.2794714
0.26895827
0.2609071
0.26852438
0.26971182
0.2723817
0.26276743
0.27528468
0.26763716
0.26251227
0.26636428
0.2690457
0.26624212
0.27250275
0.26723436
0.26498663
0.26894668
0.265469
0.2672243
0.263682
0.2653528
0.26980078
0.27205217
0.27232134
0.26866952
0.2615584
0.26832226
0.2670526
0.26259625
0.2709659
0.26861644
0.26067832
0.257484
0.26413536
0.2669166
0.2632095
0.27408755
0.26664335
0.26316747
0.2635587
0.26235795
0.25862122
0.26645526
0.26445898
0.26590714
0.25219747
0.25509492
0.2602008
0.26448384
0.2682057
0.25591654
0.24934234
0.26782468
0.25272745
0.2592903
0.26162893
0.25892305
0.2527258
0.26207787
0.257609
0.25307888
0.25871179
0.25072038
0.26510546
0.2502782
0.25683022
0.2501022
0.24848762
0.25463164
0.2469991
0.2532356
0.24820882
0.25018534
0.24750873
0.24999073
0.25154194
0.24331333
0.24734227
0.24603873
0.25613722
0.24535532
0.24848486
0.24524024
0.24553646
0.24282102
0.24720721
0.24958631
0.2550383
0.2451747
0.2502707
0.25517803
0.26009846
0.24276774
0.24762216
0.25204387
0.25062087
0.25177035
0.25147408
0.2434851
0.25025767
0.24481928
0.25302696
0.24822561
0.24565306
0.2468016
0.24185824
0.24160394
0.24857225
0.24239126
0.24934472
0.25304902
0.24818502
0.24141225
0.24337517
0.25096133
0.24551944
0.23613787
0.24508129
0.24202685
0.2464008
0.246697
0.25067106
0.24346346
0.2394491
0.24856766
0.24710414
0.24675667
0.23894872
0.23702121
0.24333324
0.24303399
0.23817386
0.24003008
0.23901552
0.23720948
0.24717568
0.2343285
0.24065875
0.24142994
0.23858367
0.22746004
0.24804561
0.23644052
0.23846877
0.23710029
0.2384991
0.23735917
0.23984998
0.23535606
0.23752007
0.24111784
0.2329627
0.23037241
0.24163674
0.24445966
0.23311894
0.22947451
0.241028
0.23583224
0.2420076
0.23859763
0.23262487
0.23418278
0.23994906
0.24177809
0.23867878
0.23661712
0.2386321
0.24167149
0.23793946
0.2501697
0.23063803
0.23725955
0.2308068
0.23377833
0.22921184
0.2362743
0.23151627
0.23700058
0.22717173
0.229885
0.22653858
0.22480662
0.22924553
0.24107042
0.23399055
0.22491215
0.22938754
0.22615506
0.22889017
0.22809277
0.23775856
0.21982242
0.22618331
0.23101309
0.23033205
0.22487098
0.22965296
0.22347836
0.22833666
0.23067237
0.22850527
0.22502106
0.22076495
0.21604884
0.21911442
0.2305439
0.22934993
0.22871096
0.22559313
0.22781491
0.22634076
0.22124964
0.21830665
0.22185129
0.2198645
0.22029535
0.22508831
0.22132875
0.2191641
0.21824177
0.22027306
0.21363305
0.22578242
0.21234438
0.2206993
0.22475626
0.216863
0.22228794
0.20938492
0.22059588
0.22081922
0.21637323
0.21178022
0.2138808
0.21389616
0.21542084
0.21420197
0.21953826
0.21358939
0.21289186
0.21702324
0.22056025
0.22236174
0.2191586
0.21634778
0.222143
0.21797065
0.21386966
0.20687163
0.21242154
0.21654616
0.2073017
0.2223403
0.21735817
0.22393
0.21623108
0.21742213
0.21274443
0.21591274
0.21161567
0.21757738
0.21746863
0.21215563
0.2119703
0.20853768
0.2108962
0.21059102
0.21347529
0.21563241
0.20553373
0.21017505
0.20838203
0.2108687
0.2080685
0.20683795
0.21226303
0.204727
0.21343622
0.20931125
0.21024875
0.21285498
0.20703223
0.20278794
0.20669249
0.2105139
0.21329765
0.2097236
0.21158466
0.20836373
0.20015714
0.21127555
0.20027962
0.20942444
0.20712163
0.21353291
0.2094478
0.20643054
0.21075171
0.20992006
0.20493412
0.20230469
0.2119077
0.20387197
0.20503697
0.2026146
0.2071329
0.20280302
0.2045288
0.2002437
0.20614123
0.20603883
0.20167707
0.20098758
0.20405188
0.20991808
0.20844826
0.20665537
0.20377848
0.1995454
0.20998861
0.20957553
0.20564964
0.20411251
0.20227674
0.20029487
0.20201637
0.20477466
0.1954673
0.20073958
0.20204481
0.19996288
0.19922507
0.19437331
0.19542854
0.20207702
0.19558921
0.19585688
0.1962325
0.19893341
0.20054443
0.19732475
0.20031254
0.19953963
0.19700812
0.19692579
0.19509502
0.19895788
0.19076127
0.19219697
0.18939109
0.2048145
0.1926438
0.20262268
0.19610167
0.1938907
0.18972977
0.19971444
0.19654779
0.20311037
0.20204313
0.19706066
0.1950434
0.19269639
0.19726452
0.19971383
0.19439349
0.19199783
0.19922473
0.19500157
0.19058588
0.19628127
0.18936618
0.19926137
0.19771528
0.19209714
0.18853712
0.18719038
0.19846398
0.19368945
0.19830094
0.1964584
0.18743059
0.19799052
0.19520347
0.19167638
0.1864457
0.19411424
0.18881546
0.18394046
0.18636803
0.19036646
0.1927995
0.18705523
0.18635742
0.19181329
0.19512694
0.18369447
0.18647031
0.18301885
0.19225796
0.19167314
0.18808825
0.18935528
0.18098508
0.19046266
0.1962467
0.18968607
0.18855453
0.1926771
0.19129008
0.19497585
0.20017645
0.18997936
0.18613553
0.1787825
0.1828786
0.1874957
0.19377056
0.18965784
0.17974162
0.18892227
0.19111598
0.18008696
0.19079103
0.19023919
0.18263194
0.1834602
0.18627806
0.18458703
0.19471326
0.18423481
0.17911638
0.18632263
0.18805249
0.18804821
0.18790743
0.1829296
0.18051037
0.19468607
0.18705487
0.18169193
0.18717742
0.18595569
0.18478416
0.18449934
0.18186325
0.18565959
0.18436855
0.18938665
0.18266933
0.18726525
0.1928777
0.18149602
0.18158032
0.18571402
0.18514986
0.18848349
0.18493795
0.18836762
0.1786796
0.1901184
0.18381403
0.19072182
0.19032721
0.18523748
0.18498719
0.18538527
0.18727809
0.18679145
0.18053967
0.19023283
0.18765922
0.19124977
0.18481866
0.18636787
0.18075569
0.19102995
0.1892191
0.20099562
0.18326233
0.18055445
0.18736489
0.18195058
0.18400744
0.18450525
0.18538345
0.18893172
0.18505459
0.18136217
0.17987312
0.17884372
0.18903208
0.18777418
0.18212314
0.17939493
0.17887051
0.18474364
0.18072271
0.18565461
0.18605724
0.17658298
0.17149514
0.18646903
0.17831467
0.18177147
0.17270845
0.1767503
0.17622879
0.18177234
0.17986405
0.17928632
0.17800836
0.18960811
0.17462562
0.17768686
0.17330554
0.18392423
0.17303492
0.17993805
0.17664608
0.17406648
0.18350664
0.17559344
0.17523372
0.17190826
0.16811168
0.1815464
0.18903995
0.17812079
0.18062986
0.17384301
0.18005595
0.17532995
0.17833567
0.18096648
0.18313362
0.16340968
0.17319654
0.1895753
0.16959342
0.17997774
0.17212796
0.17675802
0.1772692
0.17382419
0.1746383
0.18103875
0.17743535
0.16837579
0.16999702
0.17188622
0.16749017
0.17207366
0.1723572
0.17255777
0.16788623
0.17318541
0.16975385
0.17835695
0.17876641
0.174318
0.16794878
0.18275762
0.16802514
0.16334593
0.173837
0.16556956
0.17294927
0.17189166
0.17593503
0.17582455
0.17446117
0.17645463
0.1701487
0.17548862
0.17794196
0.16582307
0.1691922
0.16977352
0.17321894
0.17427152
0.17484906
0.16383813
0.16831599
0.16574597
0.1733036
0.1623537
0.17331108
0.16603245
0.1688202
0.1712327
0.16909143
0.17318778
0.1705709
0.1708741
0.16763529
0.16743577
0.16679989
0.16556764
0.16726531
0.1690604
0.16571936
0.16931045
0.17160425
0.16482216
0.16662271
0.16517614
0.16829085
0.16761394
0.17321745
0.17770743
0.16490498
0.16286471
0.166006
0.16095777
0.17336316
0.16870828
0.16149272
0.16425793
0.17134514
0.17258745
0.17262591
0.1698902
0.16978483
0.15961802
0.17064269
0.16791138
0.1671158
0.17306697
0.16798778
0.1596762
0.16398703
0.16631822
0.17657185
0.1597473
0.1633567
0.1837102
0.16107057
0.17182301
0.1743778
0.15729684
0.16763318
0.16857946
0.15552132
0.16310425
0.17181179
0.17174967
0.16601023
0.16651115
0.16931242
0.16750236
0.16656433
0.16261946
0.16884081
0.16677825
0.16737294
0.17361419
0.17130326
0.17028958
0.15691951
0.16550244
0.1645413
0.16233166
0.16416083
0.16593917
0.16280076
0.16007559
0.16637616
0.1588889
0.16167219
0.1591718
0.17260076
0.16435587
0.15982923
0.17680427
0.16099498
0.16621152
0.17365684
0.16137277
0.16927595
0.16622332
0.16027528
0.16259149
0.16675933
0.15863262
0.16073681
0.1613301
0.16746736
0.16788611
0.16539483
0.15844081
0.16317202
0.16377228
0.16579215
0.15422678
0.15446927
0.1699183
0.16134787
0.15993439
0.15952562
0.15933749
0.1609672
0.16070056
0.16360047
0.163826
0.16421421
0.16188951
0.15685928
0.16216989
0.16417792
0.15838727
0.15500604
0.16010916
0.15864536
0.16663817
0.16035599
0.16765082
0.16685851
0.15709183
0.15716226
0.1603607
0.1610227
0.15784533
0.16499706
0.16666515
0.15713349
0.15749234
0.1639002
0.16098997
0.16363928
0.16304313
0.15986758
0.15934111
0.16153297
0.16175024
0.16386816
0.16562103
0.15773931
0.16329417
0.15401107
0.17195852
0.15813619
0.1590776
0.16382323
0.15169016
0.16230965
0.15705925
0.16131602
0.1648104
0.16285561
0.15777525
0.15834801
0.16139439
0.16150361
0.15900216
0.16294591
0.16466741
0.15929425
0.15937905
0.15879339
0.1585105
0.16537006
0.1637212
0.1547553
0.15871352
0.1593021
0.16079903
0.16061828
0.16369149
0.16917183
0.16142091
0.1560579
0.15757994
0.1564368
0.1597016
0.15631391
0.15661411
0.15129866
0.1525454
0.15857844
0.1566349
0.15331773
0.16320994
0.15831669
0.15391102
0.16089417
0.15930955
0.16168495
0.15912557
0.15740992
0.15532711
0.1603132
0.15576851
0.16192667
0.16037178
0.15853874
0.15996206
0.15807167
0.15530507
0.15977539
0.15960807
0.15247709
0.15806152
0.16927095
0.15178353
0.1602166
0.1591744
0.16804303
0.15612507
0.1591939
0.16652949
0.16205122
0.16484839
0.15929766
0.15820426
0.15600048
0.16115367
0.1606203
0.15423498
0.1563422
0.15714388
0.16228417
0.1498541
0.16522373
0.15271899
0.15737335
0.15577175
0.15430456
0.15717115
0.15295605
0.1631735
0.1614174
0.15333495
0.15316331
0.15973671
0.16007097
0.15527603
0.15750915
0.14863548
0.16109218
0.16294116
0.15134917
0.16101547
0.1589306
0.15725115
0.15485388
0.15760757
0.15407659
0.16406837
0.15822807
0.15488356
0.16098203
0.15886168
0.15139528
0.15536395
0.1607413
0.15704793
0.15987356
0.15388615
0.1551078
0.14996707
0.15417394
0.15802455
0.15420131
0.1601894
0.15130185
0.16446553
0.1606215
0.16018894
0.15922162
0.15021488
0.14771421
0.15185805
0.15435797
0.15225308
0.15777487
0.15189324
0.15988258
0.15461463
0.15268776
0.15352625
0.15524063
0.15569516
0.1540117
0.15394232
0.14816423
0.15450327
0.15553434
0.1541637
0.1528473
0.14845303
0.15690596
0.15188164
0.14720368
0.15360135
0.15676197
0.14842722
0.1476521
0.15114288
0.15786853
0.15361
0.15489407
0.14800104
0.15624347
0.15860121
0.15171036
0.15435807
0.15909435
0.15983288
0.161143
0.15037906
0.15242368
0.15307207
0.14454207
0.15207818
0.16329686
0.15682457
0.15616554
0.15196876
0.15408817
0.1612498
0.15810758
0.15474121
0.16399148
0.15748554
0.15445228
0.15169887
0.1509881
0.14869396
0.15755464
0.15687081
0.15330482
0.1463138
0.15330094
0.15999925
0.14863348
0.15650056
0.15100071
0.14886153
0.15554519
0.15164061
0.15190452
0.15475813
0.15058218
0.14999
0.14640589
0.15279672
0.15611628
0.15019548
0.15065375
0.15516335
0.15720342
0.14665635
0.15002954
0.14558528
0.14942725
0.163697
0.14663728
0.15109533
0.151314
0.15018743
0.1526494
0.14510871
0.1545095
0.14707173
0.15202534
0.15017356
0.15073968
0.15152062
0.15466177
0.13935882
0.15910713
0.1555385
0.1537389
0.15576535
0.15100086
0.14978944
0.15001088
0.15354964
0.15169665
0.14953442
0.15080005
0.15489054
0.1530033
0.1550989
0.15233767
0.14739949
0.14864948
0.14045887
0.14476876
0.15748097
0.15350479
0.1451769
0.15050766
0.15059468
0.15558963
0.16127665
0.1641278
0.14923964
0.14854652
0.14782996
0.15217234
0.15129331
0.14023769
0.15574034
0.15292872
0.15578206
0.14523523
0.14864126
0.14001596
0.1449904
0.1490208
0.15175015
0.14409718
0.14151186
0.15245564
0.14870264
0.14517736
0.14494796
0.1532311
0.14975494
0.14873357
0.14677897
0.14660352
0.14547405
0.14640915
0.14264382
0.15835816
0.15011567
0.1536878
0.15106839
0.14958635
0.14115173
0.14430834
0.15282962
0.14682123
0.14878874
0.15008356
0.14801495
0.15231386
0.15091796
0.13915624
0.15108733
0.14557628
0.15077256
0.15076219
0.14651716
0.14089392
0.15601993
0.14392899
0.14304845
0.14305744
0.14766307
0.15055802
0.14777356
0.14841321
0.14161725
0.15287079
0.14627548
0.14570181
0.14162773
0.14616413
0.14740175
0.15755765
0.14150804
0.14083855
0.14673932
0.15238741
0.140279
0.1448448
0.14291744
0.14655173
0.14848045
0.14585595
0.13768509
0.15049668
0.13934934
0.14560084
0.15011308
0.14711528
0.14667414
0.15013848
0.14396262
0.14356728
0.14259212
0.14366491
0.14228533
0.14720097
0.14613988
0.14002576
0.14477046
0.15683427
0.14532566
0.14448096
0.14643006
0.14725146
0.1446086
0.14526655
0.144934
0.14494547
0.14415887
0.14728937
0.15068316
0.13652922
0.1514951
0.15034513
0.14564331
0.14739951
0.14627539
0.14497022
0.1471178
0.14216504
0.15128715
0.14378838
0.14992768
0.14791763
0.14139286
0.15317559
0.14013772
0.1503227
0.14734781
0.14572866
0.155549
0.15496585
0.1411065
0.14276178
0.14181104
0.14578785
0.14352962
0.14410444
0.15030882
0.14944497
0.14194302
0.14889087
0.14116603
0.13743806
0.14002492
0.15648974
0.144745
0.14046153
0.14777465
0.1410737
0.14608695
0.13727441
0.13791415
0.13841449
0.13812132
0.14244589
0.139264
0.14560927
0.15194824
0.15015773
0.1434621
0.14410777
0.14039114
0.14460479
0.14381741
0.1346508
0.13660339
0.13960388
0.14154747
0.14354211
0.14363948
0.14579897
0.13786243
0.14324667
0.1503852
0.149432
0.1543363
0.14632297
0.14093776
0.14333321
0.14295392
0.14532158
0.14448717
0.14808254
0.13551208
0.1525625
0.1413251
0.14925765
0.14402397
0.14683521
0.14991295
0.14198892
0.15071058
0.14678055
0.15192981
0.14480233
0.13795188
0.14752403
0.1447661
0.14475198
0.14835383
0.14631721
0.14965151
0.13887978
0.14546841
0.14157121
0.14896515
0.14385805
0.14399607
0.13719562
0.14746727
0.14934875
0.14612079
0.1385367
0.15202078
0.1428398
0.14459482
0.15047707
0.14900747
0.14979525
0.14614847
0.14013882
0.14386049
0.13605879
0.14868604
0.14739423
0.1437999
0.14250824
0.14806722
0.1502296
0.14614943
0.1479501
0.14159738
0.14809021
0.14604034
0.14831711
0.14922774
0.14699203
0.14340813
0.14807282
0.14646557
0.14215726
0.14373064
0.15595746
0.13639043
0.14777601
0.15115201
0.14787023
0.1531066
0.14312649
0.13942339
0.14954422
0.15088801
0.14623211
0.14380509
0.15123704
0.15139554
0.14420044
0.14262894
0.15155393
0.15186535
0.14838186
0.14371717
0.14454319
0.14696535
0.14005017
0.13947402
0.14272095
0.14172639
0.14343736
0.14679064
0.14639507
0.13999256
0.15289062
0.1498408
0.14053795
0.13257247
0.13636094
0.1474002
0.14587225
0.14161156
0.14136805
0.14793435
0.14565384
0.1447547
0.1467984
0.14521463
0.14153555
0.14562714
0.1506062
0.13983887
0.14236717
0.1374549
0.14335135
0.14839378
0.14023584
0.14932972
0.14437756
0.14258252
0.14405172
0.13977456
0.15375626
0.13639596
0.1430428
0.14190435
0.14561537
0.14638636
0.14395411
0.14488357
0.145639
0.14584592
0.144262
0.14944243
0.14059255
0.14267913
0.14414456
0.14316969
0.15098894
0.14517526
0.14551683
0.14557092
0.14640409
0.14469056
0.13890353
0.14128341
0.14417806
0.13929726
0.13647011
0.1459533
0.14328232
0.14622614
0.1453036
0.14189999
0.1423403
0.14668866
0.1375391
0.14825164
0.14632335
0.13626346
0.14377756
0.14776783
0.14993173
0.13642903
0.14042366
0.14339009
0.13164902
0.14043495
0.1380634
0.14265452
0.13798107
0.14916293
0.14469823
0.15147974
0.14402251
0.1436666
0.14297074
0.13605677
0.14315635
0.14205182
0.14476223
0.14143354
0.15279844
0.14329031
0.15269159
0.14614947
0.13722914
0.15273695
0.14191335
0.13913405
0.14293967
0.1479676
0.14701807
0.13675238
0.14557783
0.14479302
0.15030462
0.14739534
0.14223665
0.14302178
0.1419922
0.14312422
0.1423785
0.14161295
0.14382687
0.13634685
0.13787933
0.15975234
0.1449504
0.1426007
0.1398614
0.14660242
0.13306394
0.14133875
0.13900863
0.13507448
0.13892223
0.13949281
0.14520085
0.14207159
0.14687161
0.1453429
0.1455255
0.1433706
0.14199872
0.14673875
0.14280708
0.1416024
0.15142374
0.15129401
0.14361791
0.13286214
0.14273678
0.14653482
0.13678405
0.1413669
0.14112794
0.13454469
0.14590143
0.13949747
0.14246622
0.14409566
0.13780835
0.14284478
0.1510002
0.13609752
0.1440831
0.14373796
0.14145736
0.14709121
0.14092356
0.14552784
0.14492369
0.13583916
0.14586857
0.1377088
0.14858107
0.1419313
0.14305018
0.1417685
0.14584863
0.15304208
0.14449556
0.13709661
0.14431755
0.14626564
0.1438453
0.14796059
0.1404618
0.1447896
0.14776139
0.14785323
0.14639966
0.14845055
0.13907194
0.14926352
0.14319028
0.14522403
0.14831898
0.1478994
0.15181173
0.14460792
0.14613008
0.15541686
0.15165372
0.13901453
0.1476886
0.1427104
0.15429348
0.14169198
0.14739306
0.14808209
0.14900307
0.15533902
0.14846615
0.15066783
0.15794075
0.15308471
0.15064599
0.14650899
0.14667453
0.15527292
0.15104486
0.1444604
0.15706462
0.15314113
0.16325973
0.16774581
0.16403636
0.16756766
0.17182235
0.18340711
0.1772158
0.16687784
0.17408262
0.16299191
0.17155534
0.1696145
0.16258039
0.1650882
0.15984212
0.15514982
0.1588666
0.15015614
0.14203258
0.14097461
0.14110978
0.15626536
0.14436191
0.146667
0.1404001
0.1561957
0.14435264
0.13665143
0.1461074
0.14891642
0.13654517
0.14179541
0.14361642
0.14612922
0.14154658
0.13609539
0.13521108
0.14206721
0.1421157
0.14227416
0.14426336
0.13702214
0.14373688
0.13928479
0.14562216
0.16177982
0.14298308
0.13996081
0.13328996
0.14344005
0.14349087
0.13366775
0.1444249
0.1343474
0.14270464
0.1435326
0.1480918
0.1404958
0.13789359
0.1375915
0.13733676
0.14873254
0.14384459
0.14325263
0.14050318
0.13810126
0.14533368
0.1452811
0.14682424
0.1485266
0.13801812
0.14115186
0.14730592
0.14151147
0.14373665
0.14274889
0.13796876
0.14283317
0.15121756
0.13414297
0.14767687
0.14957169
0.14980179
0.14584011
0.13968347
0.14242885
0.14468853
0.14141496
0.14371933
0.14469847
0.14606015
0.14054982
0.14080182
0.13654725
0.14417508
0.14336972
0.14619711
0.13933839
0.13743898
0.14209847
0.1362933
0.13220386
0.14022367
0.1402195
0.13727704
0.14390658
0.1378646
0.13233683
0.1480698
0.14265387
0.1339622
0.1417044
0.13390432
0.13499755
0.13022684
0.14240018
0.137741
0.14338389
0.13712862
0.13647166
0.1523952
0.1328464
0.13712029
0.13868535
0.14923868
0.1410155
0.14572504
0.13727307
0.14157785
0.14374997
0.14354204
0.14318645
0.13867398
0.13500825
0.14189667
0.14471127
0.13225165
0.14258161
0.13679439
0.1320456
0.13768277
0.14049736
0.14157188
0.14259894
0.13506913
0.13857354
0.13473321
0.150531
0.14369981
0.13423459
0.13656396
0.13958369
0.138567
0.15252148
0.12743491
0.13697825
0.12948932
0.13345382
0.13419263
0.13031346
0.14290571
0.13767238
0.14199224
0.14216174
0.14714724
0.14274447
0.1272356
0.13467018
0.13450068
0.13981777
0.14105076
0.13055214
0.14572646
0.14286844
0.14365277
0.13615768
0.1329543
0.14072956
0.13245481
0.13109499
0.14156145
0.13466072
0.135301
0.13187855
0.14357765
0.13150993
0.13632433
0.14070168
0.12940888
0.13735333
0.13742065
0.13874574
0.13277248
0.12332978
0.13307616
0.13696724
0.13710628
0.14390072
0.13572237
0.13528708
0.121782966
0.127557
0.13243163
0.14093624
0.12973925
0.13197063
0.12765394
0.13379699
0.13736504
0.13615096
0.1352445
0.13380763
0.13200635
0.13166668
0.13535322
0.13612266
0.13634704
0.13136253
0.1313543
0.1344036
0.13570048
0.13585795
0.14288838
0.13103655
0.13784294
0.1303646
0.13531944
0.13774577
0.13742937
0.1329925
0.13363491
0.13689227
0.14237466
0.13824648
0.13822044
0.133651
0.12999795
0.13077277
0.13882063
0.13872764
0.12669921
0.13442305
0.129945
0.13883094
0.13835604
0.13764364
0.13197295
0.13520999
0.13905911
0.14488576
0.13491766
0.13634424
0.14312936
0.13986069
0.13296156
0.13735212
0.13898401
0.13117263
0.13998345
0.14120401
0.1298004
0.14339675
0.13550657
0.13974544
0.14040978
0.13755871
0.13916233
0.14578111
0.13047613
0.14345889
0.13651784
0.13813108
0.13931581
0.14309986
0.13846326
0.14308195
0.13731974
0.13761316
0.13988313
0.12677535
0.1343139
0.13986616
0.1305707
0.13862017
0.13962989
0.13075827
0.13972855
0.13748698
0.14580037
0.14728059
0.15400901
0.13342209
0.13746393
0.13919908
0.13566358
0.1353622
0.1320121
0.13517338
0.13537736
0.14095086
0.12733066
0.13832605
0.13499638
0.12478419
0.13856223
0.1367563
0.13295749
0.15125304
0.1367388
0.1311233
0.13670988
0.13284929
0.13471644
0.13492756
0.14387253
0.14003864
0.13519
0.13036294
0.13042504
0.13945231
0.13600323
0.13326177
0.13285705
0.12440219
0.13496014
0.132651
0.13637218
0.13767521
0.12402697
0.13120322
0.14164354
0.12580514
0.13688356
0.13278545
0.14398481
0.13571294
0.13033846
0.14689432
0.13679825
0.14171176
0.13575739
0.13942337
0.13196105
0.14466637
0.12769471
0.13496001
0.13399862
0.14262842
0.14045812
0.13330439
0.13367411
0.13800755
0.13741642
0.14366892
0.13594359
0.13975923
0.13982394
0.13572697
0.14466515
0.13652867
0.1453607
0.13279332
0.13266024
0.14577357
0.1355002
0.145327
0.13586254
0.14157459
0.13532278
0.1458382
0.1370331
0.13647416
0.1395334
0.13537376
0.13941516
0.14230916
0.1406136
0.13799861
0.13589552
0.1375928
0.13836871
0.13734537
0.13766214
0.15199506
0.1481394
0.1355163
0.13954373
0.14199303
0.13594174
0.13964507
0.1405897
0.14719464
0.13352124
0.138478
0.1345934
0.1463642
0.13251208
0.14541295
0.13066038
0.14182997
0.15238063
0.13807476
0.13666642
0.14000724
0.13774234
0.13862059
0.15348968
0.13467409
0.14556184
0.13706726
0.13609913
0.13864297
0.16207974
0.13607787
0.13892567
0.13684501
0.14168316
0.14420654
0.12852387
0.13238907
0.13571227
0.15306588
0.1302421
0.14101055
0.16112967
0.14456758
0.13695435
0.13577107
0.13537769
0.14161292
0.14232153
0.1601623
0.13880236
0.14769562
0.14773546
0.13948995
0.1484381
0.13733755
0.14653458
0.13692436
0.15393934
0.13798612
0.1463149
0.1293938
0.13541214
0.14268297
0.1395976
0.14606158
0.15863326
0.13188101
0.14094745
0.14274313
0.1433465
0.14506441
0.1435073
0.13310142
0.14167957
0.14080611
0.1358811
0.13668592
0.13848247
0.1358728
0.14370644
0.13845588
0.14453864
0.13101171
0.14012438
0.12907475
0.139519
0.1438162
0.13278952
0.13969451
0.13214548
0.1397216
0.13230017
0.13958155
0.13843842
0.14010398
0.1279081
0.1433656
0.13878576
0.12927927
0.1395321
0.13269582
0.14151078
0.1363343
0.1390976
0.1369742
0.13566092
0.13221386
0.1413888
0.1438811
0.13032554
0.13918066
0.14330219
0.14284818
0.12949547
0.1429075
0.13845791
0.1326118
0.13184446
0.1401118
0.13061874
0.13669986
0.13627872
0.13788536
0.13942365
0.13398635
0.12952486
0.1351477
0.1348522
0.13415277
0.12800142
0.12697311
0.13827735
0.13207552
0.13939583
0.14357738
0.15127909
0.15154256
0.1379726
0.14091393
0.13788094
0.14274648
0.13239752
0.13966489
0.12953447
0.14414413
0.1371844
0.14663793
0.13712075
0.1364028
0.13400275
0.13810435
0.14113928
0.13827936
0.13746898
0.13764864
0.1344358
0.13574524
0.13896188
0.13809198
0.13645755
0.1328361
0.13886519
0.13825646
0.1357677
0.14101008
0.13142271
0.13791293
0.13982709
0.13321732
0.12479469
0.13354608
0.14010738
0.13804892
0.13901892
0.12266419
0.13079695
0.13663015
0.12533864
0.1471962
0.13771787
0.14389132
0.14558236
0.13908517
0.1413868
0.13136917
0.14560546
0.12923808
0.13271467
0.14460242
0.13889742
0.13386722
0.13623269
0.1324777
0.13743843
0.13978663
0.1346597
0.13729694
0.13943
0.14069554
0.13817272
0.13843276
0.14367376
0.14125963
0.13710754
0.13815278
0.13334247
0.13419797
0.13707644
0.13959213
0.13110036
0.13348195
0.13100503
0.13789605
0.13143288
0.13504453
0.1396769
0.13944635
0.13290738
0.14278576
0.1462014
0.13724668
0.13731268
0.15043525
0.14036737
0.13694705
0.1367318
0.14347328
0.13934067
0.1393463
0.13906525
0.13219444
0.1471072
0.14003688
0.13409702
0.13658832
0.1325068
0.13181582
0.13281095
0.13695434
0.14087248
0.14432716
0.13133469
0.12878604
0.13805151
0.12818977
0.12478868
0.14207089
0.13498947
0.12709081
0.13210553
0.13401595
0.13002843
0.13698985
0.13794087
0.14600371
0.13276345
0.1443585
0.1374308
0.14068967
0.13264394
0.13832387
0.13137324
0.13354363
0.1500512
0.13874945
0.13936025
0.13930444
0.14196166
0.13686793
0.14159645
0.14452337
0.13389273
0.14353573
0.1315809
0.13819687
0.14241093
0.13699442
0.14123894
0.13438824
0.14156784
0.1354499
0.13871163
0.13445626
0.13805166
0.13338208
0.13498583
0.13987911
0.13780217
0.14071307
0.13892381
0.13514556
0.14396334
0.15126695
0.1341233
0.14077249
0.14311433
0.13648768
0.1407061
0.13634716
0.14135818
0.13657448
0.14652061
0.13170397
0.14182827
0.13767052
0.14194122
0.13676661
0.13971849
0.14377733
0.13400373
0.13174507
0.14032246
0.13614243
0.13693793
0.1464292
0.13219364
0.13178952
0.13687123
0.14127791
0.14670897
0.13480648
0.14673384
0.14465474
0.13796434
0.1306652
0.13265909
0.14629489
0.13747409
0.14939876
0.14140564
0.13990463
0.14482626
0.14050284
0.15726905
0.13894567
0.13723819
0.13924123
0.13733348
0.14664987
0.1355817
0.13563107
0.13778111
0.14447938
0.15488288
0.13270344
0.14594774
0.14238152
0.14402552
0.13158531
0.13938782
0.15067476
0.13568589
0.14074172
0.14336728
0.13573238
0.13939539
0.13960701
0.14631855
0.14805888
0.13608998
0.13816465
0.13635036
0.14301062
0.13314652
0.13877198
0.14207749
0.142617
0.13710214
0.13230509
0.13442223
0.14452413
0.1333103
0.13841069
0.14747247
0.14398658
0.14533636
0.14129001
0.14266777
0.13505825
0.15638694
0.13489893
0.13394524
0.13699561
0.13817883
0.13689648
0.13603978
0.14081793
0.13375889
0.13824925
0.14407866
0.13577466
0.1452947
0.13453533
0.1412379
0.13867144
0.1311298
0.14195026
0.14270893
0.14381959
0.14307486
0.1415825
0.1437885
0.138168
0.13612852
0.14071938
0.14005156
0.14913605
0.13286474
0.13855167
0.13515949
0.1508656
0.13729048
0.1550575
0.15159108
0.125174
0.1360016
0.14504346
0.14004695
0.1480954
0.14625555
0.14450237
0.1444426
0.13611369
0.13579747
0.13767622
0.14115246
0.13291365
0.14695287
0.14065221
0.13690275
0.14605717
0.13453226
0.13765845
0.14333592
0.14572877
0.14522943
0.13907579
0.15054458
0.14628705
0.14926963
0.14555876
0.14431402
0.14640933
0.15022358
0.14405109
0.14910115
0.14880131
0.14284837
0.15274344
0.14217849
0.14059545
0.14080176
0.14219998
0.14640583
0.14174832
0.14348434
0.1374497
0.14431992
0.14658739
0.14270256
0.1616576
0.14890079
0.14494412
0.14693858
0.13700184
0.13641764
0.13341406
0.14462534
0.15241893
0.14739712
0.14475027
0.14801095
0.13912715
0.1310928
0.14418407
0.14423853
0.1468983
0.15224636
0.1364008
0.13975306
0.14206478
0.16054645
0.14686294
0.14474143
0.13533218
0.15009235
0.1389515
0.14705677
0.1361135
0.14316352
0.13853489
0.14018989
0.1359127
0.14363328
0.14040084
0.14578606
0.14071447
0.15091734
0.14098385
0.13702877
0.14611033
0.13358243
0.13941903
0.1378127
0.13378048
0.13788378
0.15077871
0.1377378
0.14424333
0.14821623
0.14398558
0.13875787
0.14096087
0.1397464
0.14107797
0.14184129
0.15274034
0.13541667
0.14151023
0.13911198
0.13781069
0.14073643
0.14576165
0.15125492
0.13812383
0.14837259
0.14139347
0.13971424
0.1413907
0.14331071
0.14301112
0.139033
0.1493168
0.14489964
0.1401874
0.13361393
0.13431437
0.14051946
0.14057246
0.13114783
0.14353564
0.14221472
0.13664624
0.14209466
0.14183539
0.14122812
0.1454119
0.13350515
0.14471193
0.13169165
0.14230627
0.14631873
0.1402934
0.14426836
0.14032288
0.13420501
0.14824243
0.13434222
0.14395362
0.13767456
0.13498089
0.13935532
0.14766423
0.14408135
0.13779232
0.14397795
0.13380456
0.13969687
0.15459494
0.13509801
0.13789701
0.13517828
0.14150053
0.13650021
0.14221138
0.13242987
0.13970812
0.14904305
0.13926578
0.14192414
0.14069024
0.1405193
0.13455959
0.13479304
0.13544087
0.1516454
0.14519945
0.13566999
0.13707784
0.1428297
0.14666097
0.14483377
0.15086693
0.14320089
0.14056073
0.14544013
0.13624668
0.13779028
0.13602333
0.14008622
0.14013377
0.14561234
0.12775823
0.14585693
0.14430608
0.1358569
0.1414783
0.13882543
0.15219882
0.13302483
0.14011337
0.13084392
0.14755568
0.14191023
0.15177955
0.1505695
0.13822874
0.14302135
0.14356813
0.1430258
0.14320667
0.14386041
0.14269342
0.14908184
0.14963827
0.15129562
0.15110572
0.14659733
0.15695223
0.1588152
0.14199713
0.14383471
0.13629146
0.13429601
0.14300512
0.14533727
0.14239986
0.13506025
0.14223295
0.14048949
0.1345133
0.13343124
0.15004466
0.13929714
0.13385631
0.15503131
0.14903796
0.14469564
0.14674729
0.1385159
0.1472509
0.14734049
0.14639024
0.13742058
0.14389072
0.14317688
0.1476221
0.14052522
0.14884523
0.15627353
0.14408673
0.15477695
0.14802796
0.14081539
0.13993263
0.14345089
0.14701493
0.14019594
0.14166601
0.1398625
0.14344727
0.14403793
0.14775416
0.14436278
0.14654727
0.15065086
0.14751731
0.14138797
0.14705443
0.14275475
0.14231692
0.13377854
0.14092167
0.13850418
0.14911662
0.14481947
0.14512755
0.1455472
0.15227903
0.15455863
0.15239652
0.13550644
0.13794483
0.13713224
0.12732863
0.13946235
0.14257003
0.14148802
0.13126212
0.14149071
0.1479238
0.15058805
0.13650887
0.1519077
0.1362346
0.14255583
0.13840471
0.136781
0.1531015
0.14580645
0.14678761
0.15163408
0.14110573
0.14010398
0.14298493
0.13413839
0.1493967
0.1468972
0.13932315
0.14504303
0.13710685
0.14066394
0.13715973
0.13526416
0.13746004
0.13538791
0.13738386
0.14161877
0.13221698
0.14219771
0.13577056
0.13836929
0.13764785
0.14326295
0.13994116
0.14708553
0.16253312
0.14433825
0.1407752
0.15189832
0.14109068
0.13616684
0.13849966
0.13242804
0.14243366
0.13372631
0.13452506
0.1484328
0.13661225
0.14045231
0.13798977
0.1411065
0.1323539
0.13629644
0.13295332
0.13851948
0.13507389
0.12727027
0.13423502
0.13595791
0.12796168
0.13881515
0.1412732
0.13976854
0.13608144
0.13203712
0.14532094
0.13666089
0.14013565
0.13569112
0.13694505
0.13450979
0.14304388
0.12995686
0.14195675
0.1318004
0.13721825
0.13511652
0.15272829
0.14443263
0.13892034
0.14452334
0.13482249
0.13245906
0.13951619
0.13322547
0.13438863
0.151019
0.13632612
0.13338679
0.13314067
0.13268772
0.1434475
0.13680153
0.13345456
0.13405916
0.1376729
0.13232224
0.14019893
0.13849624
0.14069866
0.15126905
0.14122687
0.14819582
0.13241184
0.13335094
0.13676
0.13790669
0.15100347
0.14366175
0.14538634
0.13509078
0.14549537
0.14026289
0.15046586
0.14512503
0.14525113
0.14598432
0.14304109
0.13441166
0.15654832
0.13978595
0.13939844
0.13651526
0.13569078
0.1505128
0.14156419
0.13845582
0.14070523
0.13730705
0.1336381
0.14563634
0.15400809
0.13006599
0.13740394
0.1513863
0.14898476
0.13665114
0.13416347
0.13636725
0.1461021
0.15158802
0.1393723
0.14217381
0.14085738
0.15184157
0.14331613
0.14093281
0.14805003
0.14529857
0.14413086
0.13361943
0.14330259
0.14718775
0.15008439
0.14835362
0.15089841
0.1403537
0.13102548
0.13764833
0.14631182
0.14301592
0.14728177
0.1395539
0.1460669
0.13452896
0.15133573
0.13336934
0.14423734
0.14623079
0.14249551
0.15312807
0.1367554
0.13069797
0.15404476
0.15583447
0.14318319
0.14880307
0.15911688
0.13592751
0.15813868
0.14316319
0.14659578
0.13926646
0.14612661
0.15014537
0.13742156
0.15110193
0.13570005
0.14780974
0.13919187
0.14724374
0.1442402
0.1437709
0.1388033
0.14115869
0.13900065
0.1421581
0.16369462
0.14205934
0.14248894
0.14076313
0.14606711
0.13227063
0.14610344
0.1399866
0.1429838
0.1445076
0.1435062
0.14761408
0.15219334
0.14702156
0.1468874
0.13815439
0.148878
0.14375827
0.13711657
0.13998671
0.13904314
0.14053383
0.13917463
0.14415725
0.14440088
0.1389186
0.14266172
0.1532571
0.14368193
0.13974494
0.1379376
0.14145385
0.14953853
0.13941708
0.14357139
0.14610341
0.15010591
0.14229459
0.13857846
0.13936606
0.14891624
0.15128168
0.15886688
0.1512718
0.1536696
0.1301244
0.13984628
0.13431643
0.14667372
0.13903634
0.13236682
0.14191262
0.14402887
0.14744842
0.13977818
0.13768214
0.14429344
0.153402
0.1404368
0.14019957
0.13815261
0.1393472
0.14530304
0.12959722
0.14252694
0.13948393
0.14243299
0.14668468
0.15033999
0.14634404
0.13898121
0.14506118
0.14269407
0.13657306
0.14915898
0.14166358
0.13635843
0.13208115
0.14491153
0.15478924
0.13896474
0.136465
0.14885618
0.14052387
0.14498687
0.13676919
0.14722168
0.144635
0.15121552
0.1287442
0.15200013
0.15526466
0.143373
0.13769779
0.13866311
0.15059142
0.14575717
0.13631721
0.13646977
0.1535779
0.14012747
0.13297659
0.14539486
0.14032546
0.13006033
0.1402787
0.14603117
0.1665903
0.15160257
0.14165518
0.14406283
0.1370674
0.14373367
0.14575069
0.13461998
0.14180715
0.13270636
0.14217132
0.14121869
0.13755886
0.14383519
0.1447101
0.14310418
0.14754055
0.15008922
0.1370878
0.15239573
0.14725304
0.13774969
0.14739855
0.14620322
0.14817762
0.1366313
0.13377365
0.14029658
0.14300562
0.14729686
0.14261073
0.14126556
0.14375244
0.14512804
0.14490038
0.1449558
0.14005806
0.15281495
0.14635563
0.13785912
0.14208412
0.14652336
0.1443727
0.14737797
0.15089014
0.13320485
0.14347495
0.1471771
0.14288548
0.14810611
0.14536121
0.1451871
0.15036295
0.14268611
0.1364028
0.14496636
0.1566157
0.13859692
0.14791508
0.14696383
0.14455014
0.13156964
0.14448355
0.13622475
0.13330902
0.13475019
0.14157821
0.14959498
0.13663356
0.14216644
0.1416931
0.14236334
0.14008002
0.13666022
0.14227055
0.13631852
0.14347824
0.14034683
0.13988903
0.14178474
0.1312085
0.1384815
0.12807174
0.1366851
0.14386669
0.13192576
0.13352926
0.1395367
0.1408391
0.14713599
0.13816918
0.14055167
0.14087881
0.14837283
0.15301636
0.13647734
0.14906871
0.14107165
0.14866962
0.14722723
0.14793427
0.14136505
0.13859755
0.1362428
0.1490597
0.12968661
0.1417494
0.1520502
0.14625694
0.1443232
0.13620338
0.14424993
0.14363897
0.14637446
0.14427233
0.14396408
0.13112035
0.15295552
0.13480635
0.14362076
0.14723459
0.15104355
0.14697015
0.14948359
0.14133768
0.14611685
0.13742228
0.15766889
0.13886619
0.13731083
0.14104675
0.13486065
0.1352746
0.14175655
0.14902249
0.13623893
0.14645354
0.15934433
0.14906204
0.13576715
0.1473188
0.14523356
0.14779866
0.1506504
0.13647802
0.13512689
0.14789975
0.12958662
0.13199055
0.13582572
0.15046129
0.14301528
0.14520623
0.15252449
0.1424317
0.13065736
0.14762211
0.15422937
0.13831246
0.14362109
0.16027333
0.14879464
0.15079544
0.15300323
0.14371611
0.15257604
0.14727046
0.15010926
0.13212742
0.1463445
0.14462534
0.14730881
0.15395367
0.14004326
0.15012185
0.14861219
0.14273714
0.15045792
0.14790104
0.14457844
0.13703051
0.15018603
0.13759403
0.14550002
0.1542576
0.13308094
0.15895493
0.14737274
0.15249343
0.1465218
0.15548028
0.15123771
0.14245045
0.1396838
0.14927413
0.14382061
0.15011121
0.1435772
0.14330763
0.14635292
0.15379126
0.15564857
0.14214757
0.14573786
0.15057443
0.14056057
0.15200172
0.15010001
0.14952987
0.15856944
0.14629006
0.14668284
0.14902973
0.14931208
0.15563081
0.15679294
0.13770328
0.13919069
0.1446411
0.14435442
0.13971063
0.14950289
0.14934613
0.1434567
0.14952473
0.14876704
0.14159663
0.13451295
0.15371704
0.14447111
0.14653824
0.1422774
0.1505988
0.1527093
0.15533108
0.14952892
0.15419014
0.14205657
0.14194801
0.15187454
0.13708863
0.14691745
0.15662625
0.14246134
0.13912058
0.14968719
0.14897612
0.13872828
0.15887308
0.14647046
0.14257407
0.15114613
0.14893603
0.14971799
0.14567247
0.14593232
0.14334394
0.15181988
0.15293837
0.14712414
0.16431543
0.15228672
0.14886202
0.15746143
0.1545743
0.1470166
0.15172984
0.15762088
0.1564116
0.15356852
0.15534362
0.14139318
0.14718764
0.14623657
0.14337207
0.15692587
0.15047637
0.1456047
0.14940982
0.14935465
0.15007038
0.16343087
0.14830486
0.14161012
0.1479675
0.1479336
0.15747435
0.1344897
0.15573293
0.14682506
0.14583415
0.1547648
0.14588484
0.13991207
0.16053389
0.14607632
0.15509333
0.14529343
0.15003319
0.15450887
0.15093374
0.15287046
0.15201409
0.15610196
0.15532625
0.15159075
0.1460205
0.167108
0.14083466
0.14406009
0.15367982
0.14973444
0.15561992
0.14865121
0.149778
0.14783059
0.15132229
0.15344144
0.15581611
0.15058376
0.14749908
0.14998898
0.15919882
0.1415917
0.16448446
0.14874905
0.15817793
0.15928979
0.14077072
0.1542075
0.15793176
0.15211983
0.15747721
0.13761471
0.14422223
0.15913966
0.14416237
0.14308798
0.1437517
0.13795471
0.14786768
0.1572975
0.1477689
0.15370443
0.14454153
0.15657027
0.15173404
0.15378638
0.14600429
0.13876015
0.14305367
0.15231386
0.14970966
0.14224526
0.15851393
0.14744973
0.15944351
0.1540909
0.14876549
0.14218949
0.13525707
0.14984284
0.16711336
0.15621275
0.16386463
0.14471376
0.1506939
0.17882365
0.14869833
0.13418683
0.15471531
0.15058862
0.14682068
0.1374151
0.14827067
0.13648267
0.14590614
0.14045894
0.14584064
0.1486465
0.14877969
0.13574004
0.14583538
0.14261883
0.14307489
0.17246254
0.13908082
0.14062828
0.14386979
0.14800282
0.13897663
0.13807367
0.15317667
0.15850379
0.15362222
0.14668462
0.14220726
0.1845583
0.14138848
0.13929963
0.15171528
0.14814073
0.13415848
0.14095984
0.13784212
0.13957354
0.14169176
0.14136161
0.14370623
0.13670285
0.14304756
0.14620495
0.13552555
0.150618
0.15030259
0.13653474
0.13494295
0.14885898
0.14784974
0.14605984
0.139041
0.14878917
0.15132324
0.15136008
0.14683126
0.15466736
0.14351651
0.14738402
0.1442887
0.14937158
0.14911333
0.14746019
0.15605181
0.14568244
0.14460425
0.14972995
0.14931908
0.14089829
0.14234649
0.13725403
0.1442005
0.14652984
0.14424925
0.13896488
0.14945361
0.14073229
0.14387684
0.1311272
0.15394604
0.15087469
0.15778925
0.15030324
0.14623883
0.1382998
0.13000965
0.1388654
0.13103504
0.14802797
0.13964872
0.15700668
0.14996807
0.1517441
0.16944085
0.14368919
0.14041398
0.14615145
0.1370809
0.14499442
0.1416808
0.13646033
0.13181008
0.14552075
0.14153846
0.13797554
0.13636553
0.14174278
0.13527709
0.13800445
0.15712482
0.13235593
0.1473528
0.129703
0.1471747
0.13668104
0.13283731
0.13742287
0.13878946
0.150692
0.14104196
0.12712805
0.14188884
0.12543802
0.14703321
0.14644273
0.14704952
0.15115732
0.13751277
0.14188191
0.13496082
0.14973713
0.14582549
0.15003659
0.15402919
0.12723087
0.1486694
0.15092416
0.15348801
0.14075923
0.14375733
0.15491699
0.14144981
0.14484234
0.13995703
0.13799654
0.14086702
0.13491042
0.1440502
0.13940164
0.14474024
0.12683526
0.14589877
0.14351042
0.14646232
0.15766063
0.16121675
0.1514078
0.13867624
0.14864092
0.14446273
0.14246196
0.14289181
0.15529399
0.13890147
0.13948822
0.14280745
0.13983484
0.16086185
0.13599226
0.13678634
0.13786569
0.13732448
0.1460979
0.1368738
0.14234082
0.15265778
0.15020491
0.16932257
0.14812161
0.14100406
0.14789613
0.16366628
0.14022978
0.13843824
0.14593206
0.14953142
0.17332058
0.14722498
0.1604977
0.15349299
0.14913501
0.1494916
0.14913312
0.16521321
0.15269813
0.1492759
0.15427981
0.1326534
0.14866598
0.15884125
0.15217243
0.15035854
0.15256537
0.14878415
0.15154135
0.14466065
0.14156638
0.16930199
0.14755954
0.16629393
0.15937892
0.142571
0.1521256
0.1435811
0.15909503
0.15104087
0.13279222
0.14443152
0.14642492
0.14596239
0.15500623
0.15973662
0.1490291
0.14609829
0.13649179
0.14972144
0.13880594
0.15214258
0.15292577
0.14410126
0.1558189
0.14380635
0.15652066
0.14745225
0.1610349
0.14065117
0.14761004
0.14818515
0.16124758
0.15222049
0.13940509
0.14810988
0.14933826
0.15516172
0.1540829
0.13540046
0.14547408
0.1536099
0.15915306
0.15688246
0.13667566
0.14943403
0.14599237
0.16295654
0.15328746
0.15122895
0.1525598
0.15070598
0.14299487
0.14322028
0.15873575
0.1406705
0.15108442
0.15328693
0.17145531
0.1491571
0.15634601
0.14403392
0.1506675
0.16004951
0.14088656
0.15405805
0.15337442
0.15143004
0.14904854
0.14718118
0.14312598
0.15093045
0.15231541
0.1425562
0.14471047
0.15420228
0.14771238
0.14340426
0.14840879
0.14210548
0.15578955
0.1501348
0.15331002
0.15515412
0.14656854
0.15201017
0.16036326
0.15675011
0.15097472
0.12588418
0.15161689
0.14446658
0.14325984
0.15064214
0.14509486
0.14914258
0.14804663
0.13878848
0.15773074
0.14057124
0.16484913
0.1504005
0.1394353
0.14621659
0.14521289
0.14741425
0.15303357
0.16659212
0.14108565
0.162024
0.15800837
0.16356061
0.14474815
0.14548576
0.14189038
0.15388098
0.15676619
0.14885052
0.15005156
0.15427095
0.15510723
0.149112
0.14707163
0.1573441
0.1541802
0.13887748
0.14281212
0.15333772
0.14759655
0.16531089
0.15204617
0.14705218
0.14425315
0.16152775
0.15108737
0.15820692
0.15240721
0.15319222
0.14955392
0.14068526
0.15802532
0.14066331
0.14834675
0.15440537
0.1487231
0.13472629
0.1430044
0.14989778
0.1333907
0.13461158
0.1526228
0.15747711
0.13577124
0.14249912
0.13801152
0.15223548
0.15089059
0.15707937
0.15301372
0.15089199
0.1479964
0.15630989
0.14986932
0.14542948
0.1504761
0.15854567
0.13815264
0.14208795
0.15826039
0.14683227
0.152786
0.15422565
0.15333377
0.1539917
0.15521897
0.1451539
0.15566212
0.13935617
0.15473531
0.15663972
0.14806384
0.13832065
0.15624595
0.159839
0.14579563
0.1402833
0.15007988
0.14811645
0.13451655
0.13213262
0.14528243
0.15775456
0.1451894
0.143549
0.15036213
0.17242922
0.15314274
0.17673852
0.14546071
0.14935765
0.15243722
0.14623657
0.13786733
0.14088038
0.1451139
0.15175824
0.14863625
0.14296314
0.14715956
0.1407894
0.14735611
0.14139892
0.16427104
0.15571009
0.15085272
0.16256562
0.15571013
0.14596824
0.15316968
0.14963295
0.15205649
0.14953458
0.13546325
0.16558336
0.15326108
0.14249504
0.13597706
0.14398243
0.14958924
0.15166557
0.14668863
0.15434828
0.1467858
0.14510019
0.14513803
0.15701222
0.14300041
0.13348512
0.1660243
0.1391186
0.15576789
0.14022475
0.15401152
0.15015474
0.15113844
0.14132498
0.14708653
0.15526783
0.14636762
0.15017484
0.15594697
0.15564366
0.15087852
0.1356656
0.14184912
0.15316486
0.13740323
0.13912848
0.13935399
0.14718905
0.13571894
0.13993655
0.13883984
0.16808537
0.14747092
0.13506183
0.13724357
0.14375824
0.15143569
0.15760563
0.15501338
0.16086139
0.15144277
0.15509792
0.14693768
0.14583355
0.1458268
0.15415093
0.14251225
0.13409618
0.14804539
0.1459377
0.16081126
0.1561573
0.16166052
0.15304996
0.14907913
0.14761002
0.13450998
0.1443551
0.14185482
0.13746871
0.14490627
0.1439648
0.14483118
0.144482
0.1511463
0.13262713
0.14078048
0.19502561
0.14182644
0.14856414
0.156198
0.14494947
0.14508541
0.13355671
0.14491987
0.14889279
0.18367778
0.14123377
0.13815682
0.16242477
0.15954557
0.14428504
0.13949262
0.13915674
0.1541027
0.14730519
0.14521928
0.14112094
0.1410752
0.15537888
0.16269843
0.15101327
0.13648649
0.14041162
0.15488611
0.14861818
0.14740002
0.1545236
0.15612994
0.14696285
0.19441557
0.1643197
0.14423147
0.14967337
0.14433183
0.16567038
0.14830287
0.1434285
0.14473394
0.15481363
0.17782809
0.1581072
0.14179626
0.15341622
0.15012626
0.14444546
0.1458726
0.15835167
0.16554438
0.14090618
0.1713361
0.14271171
0.16488831
0.16278014
0.14948983
0.1541442
0.16186817
0.14515619
0.16020063
0.14561832
0.14277205
0.14512336
0.17164323
0.1557975
0.15031146
0.16121382
0.14732099
0.15115578
0.14891951
0.15583082
0.1508496
0.15727891
0.13141239
0.17076558
0.16094899
0.16424371
0.15541613
0.16569309
0.15816015
0.1592241
0.15919673
0.1466246
0.15313867
0.15671629
0.15921412
0.15526642
0.14796999
0.14379038
0.15368979
0.16022219
0.15255705
0.15181263
0.16586915
0.14375803
0.15740846
0.14966506
0.15462594
0.15844359
0.15834665
0.1776007
0.14600202
0.15513267
0.1689019
0.17457429
0.16157226
0.16493782
0.16034657
0.14217192
0.15037131
0.17287438
0.1477325
0.17192297
0.1532297
0.15856157
0.15327728
0.17689942
0.16925013
0.15393902
0.15978251
0.15833522
0.17947678
0.16263445
0.1654154
0.16516592
0.1519263
0.15750869
0.15597841
0.16498728
0.1663211
0.15826344
0.16534056
0.14736326
0.15145582
0.16944881
0.15470201
0.14952637
0.15363069
0.15223391
0.1635786
0.17263292
0.15268964
0.16536985
0.1514323
0.16256246
0.16899501
0.16214795
0.15430547
0.15848002
0.15000978
0.15780069
0.15960778
0.15870835
0.15774253
0.15065184
0.14630926
0.160341
0.16062453
0.16801065
0.14817026
0.15451369
0.1567072
0.16602117
0.1407711
0.15506147
0.14753707
0.15144435
0.17434739
0.15190066
0.15989842
0.14695245
0.15697153
0.15518282
0.16567348
0.14760299
0.16487901
0.15954028
0.17032331
0.15127015
0.18004622
0.15190428
0.15920669
0.15872577
0.16913605
0.16032796
0.14145872
0.15574853
0.16475853
0.16278617
0.15907937
0.16701296
0.15288867
0.17538966
0.16251032
0.15571399
0.16415681
0.14941451
0.14537199
0.16389915
0.14958905
0.1613326
0.16229889
0.15127592
0.15947999
0.16623536
0.1587079
0.15269957
0.16494207
0.15152358
0.153169
0.1507034
0.13469593
0.157614
0.15839317
0.15634017
0.16041711
0.14905077
0.15304707
0.14482656
0.17834726
0.16673794
0.14434285
0.14590228
0.14642304
0.16642763
0.16132444
0.16198632
0.1588477
0.18937273
0.15534724
0.16731545
0.16257885
0.16092959
0.1598774
0.16673097
0.14553699
0.16343386
0.15188606
0.14851715
0.16439967
0.15066803
0.14933753
0.14558335
0.15118879
0.15937115
0.14166473
0.15125461
0.19270849
0.15161322
0.15256879
0.13813013
0.17902651
0.15026785
0.14979865
0.15085931
0.15769796
0.15188663
0.16861059
0.15632509
0.16765654
0.14340742
0.14500579
0.1557825
0.15890846
0.14676885
0.15873915
0.15143377
0.1554587
0.14327464
0.16454367
0.15127493
0.15198907
0.14457817
0.14449485
0.13381846
0.14411843
0.15359671
0.16295235
0.13468151
0.13481121
0.15296936
0.14109053
0.15485643
0.14791049
0.14201553
0.15861702
0.15370122
0.14364481
0.1403184
0.14613901
0.1469575
0.1537449
0.1494793
0.15099628
0.13695125
0.16013686
0.1329004
0.14146894
0.14235298
0.14611316
0.14945091
0.14134952
0.13992661
0.13847971
0.1327517
0.13700645
0.13608801
0.12938908
0.13964805
0.13722825
0.14051597
0.13621914
0.13839974
0.1414022
0.13726078
0.1475258
0.13511874
0.12922613
0.14285222
0.1445222
0.13382371
0.1511181
0.12927808
0.14319187
0.1437573
0.15457448
0.14665349
0.15082756
0.13573828
0.15124355
0.15788813
0.1467821
0.14074606
0.13691485
0.15474845
0.13826844
0.13084778
0.14693435
0.13799338
0.13582043
0.14628318
0.1376465
0.14572464
0.13800451
0.14337863
0.13909835
0.14453901
0.14093873
0.15179697
0.14544107
0.14335006
0.13575658
0.1390244
0.14439099
0.14023496
0.14304917
0.13764097
0.13544148
0.14665955
0.15519963
0.16477974
0.15523717
0.161681
0.14451183
0.15457365
0.13466568
0.14855629
0.16106908
0.14852963
0.1456717
0.14823855
0.1398845
0.13883169
0.14676937
0.14322841
0.14173356
0.16471973
0.15103142
0.141826
0.13641147
0.14957047
0.1521911
0.1411355
0.15863092
0.15722972
0.15078424
0.14941552
0.14826243
0.13964126
0.14535585
0.14992419
0.14530331
0.16898388
0.13787493
0.14253639
0.1472505
0.1418912
0.1445453
0.13517378
0.15809077
0.1531797
0.14523588
0.15736246
0.1402872
0.14681356
0.15139057
0.15012705
0.14811845
0.14457475
0.15135728
0.14297286
0.15649495
0.14973615
0.140783
0.14268836
0.14181688
0.14286856
0.14522615
0.1748658
0.15231462
0.15086102
0.13874291
0.14137626
0.14710505
0.153747
0.14709878
0.15549518
0.14556399
0.1405027
0.1650261
0.15507977
0.15418555
0.17326859
0.14983249
0.14552361
0.16658553
0.1538784
0.14588733
0.16018957
0.1493625
0.14513116
0.14949226
0.15601487
0.15481165
0.14437878
0.13900293
0.1535746
0.14924817
0.15854481
0.14935212
0.14700082
0.15044357
0.14755237
0.15441507
0.14977773
0.14770049
0.15641724
0.15201712
0.1449309
0.1512232
0.14847559
0.14563315
0.15209594
0.16134375
0.14064902
0.15000536
0.1422546
0.14525077
0.15002608
0.14948319
0.15215667
0.14272691
0.14471112
0.14192079
0.15531242
0.16086493
0.15681437
0.14170316
0.15817538
0.15790631
0.16323268
0.16187918
0.14666596
0.15573038
0.15132496
0.15464963
0.15461548
0.1486054
0.15045042
0.1564799
0.16571638
0.1534513
0.14317504
0.15088576
0.14738733
0.15086162
0.15100764
0.15480751
0.15036249
0.15887326
0.14816959
0.15604083
0.16417308
0.16967182
0.15141255
0.15390396
0.15115425
0.15789981
0.15064213
0.14943586
0.1547819
0.14975566
0.15731512
0.14870389
0.14805798
0.15989472
0.15757306
0.14945437
0.14861369
0.14986052
0.14697817
0.14767705
0.14365178
0.14314075
0.14615047
0.17118815
0.14630519
0.15580972
0.14650814
0.14257592
0.14047024
0.13864884
0.1399697
0.14799818
0.16040674
0.14910954
0.14477806
0.14502487
0.14985858
0.15402254
0.15517479
0.14891341
0.16957608
0.15112169
0.15263025
0.14585173
0.146741
0.15531254
0.14793879
0.1527435
0.16432457
0.15647526
0.14846922
0.15584652
0.15477642
0.16297336
0.16439515
0.15292
0.15212883
0.17044906
0.15900715
0.15990214
0.14466551
0.14312823
0.1553165
0.14814672
0.14445657
0.14383233
0.1450274
0.14950578
0.17171584
0.1627829
0.15023312
0.14711304
0.15344079
0.17945291
0.15878741
0.15653233
0.16141836
0.16091177
0.14907527
0.14424442
0.14576404
0.14623007
0.14977188
0.15706539
0.15204388
0.14999326
0.15232639
0.15672135
0.14664553
0.15387101
0.15100689
0.15514429
0.15566003
0.16024373
0.15581529
0.1544986
0.16401596
0.14943884
0.14214168
0.14750467
0.15605855
0.16079141
0.15115426
0.14628284
0.15360615
0.17262128
0.15897615
0.15674523
0.15287076
0.16473892
0.16489942
0.15612331
0.14884329
0.1497211
0.14739084
0.14784652
0.14235523
0.1406853
0.13911276
0.14348713
0.14297673
0.14958972
0.15955389
0.15013804
0.14571026
0.14649229
0.14852472
0.1513744
0.14792684
0.14808793
0.14616552
0.14468946
0.14388001
0.14122537
0.1429186
0.14354317
0.14415437
0.15143014
0.16282387
0.15344284
0.1520383
0.15862626
0.1510058
0.14898069
0.15216364
0.15209709
0.15717778
0.16781546
0.1455485
0.1416336
0.15237111
0.14696768
0.1485465
0.1608661
0.14866965
0.14421429
0.14415753
0.15286599
0.16628382
0.15545921
0.17030892
0.15387262
0.14254485
0.1469635
0.14572373
0.14867756
0.14728391
0.14953667
0.14899413
0.14374597
0.13802159
0.1435525
0.15444769
0.16554323
0.14528772
0.13550356
0.13525096
0.1378252
0.13267957
0.12911043
0.1385492
0.16336228
0.13839658
0.13295707
0.13581894
0.14649686
0.1448357
0.14159289
0.13417351
0.13412273
0.1361772
0.14308555
0.14256983
0.14066449
0.135212
0.13498265
0.13774964
0.14181456
0.14173567
0.14093055
0.1364609
0.13833152
0.1404534
0.13741855
0.13123019
0.13346858
0.14010505
0.14366733
0.1423087
0.13779724
0.13246296
0.12883918
0.13233851
0.14004728
0.14264426
0.14046735
0.13719288
0.13105653
0.1322497
0.13841227
0.14522064
0.14604746
0.13658652
0.13324086
0.13225287
0.14372851
0.1499507
0.14966533
0.14834495
0.1397643
0.14370291
0.14284122
0.14815554
0.1488306
0.1485382
0.14135137
0.13854818
0.13856041
0.14345105
0.14255181
0.14322312
0.14515589
0.14447418
0.13638143
0.15043731
0.1831801
0.14920951
0.13940945
0.14855446
0.1533221
0.14880294
0.14358802
0.14058788
0.14119573
0.13421771
0.13154075
0.13490358
0.14156976
0.14192522
0.13003166
0.1283982
0.12844254
0.13782658
0.1436696
0.15252604
0.14678074
0.14091153
0.13258511
0.13580467
0.1415307
0.14304358
0.14305714
0.14342335
0.14433233
0.14648794
0.14074753
0.14005654
0.14313975
0.14127405
0.14291066
0.13891424
0.14286041
0.13775398
0.1372785
0.13502982
0.1384105
0.14612448
0.14923462
0.1499133
0.1432115
0.14437328
0.14837886
0.14812383
0.14607953
0.1435507
0.14122371
0.14071438
0.1362384
0.14100401
0.1401629
0.15110356
0.14541657
0.1446546
0.13619797
0.14076847
0.13888468
0.13445434
0.13064803
0.13354006
0.14130962
0.14258239
0.14273828
0.13524044
0.13738409
0.13773255
0.14751078
0.14642495
0.14488511
0.14337723
0.1452478
0.14355996
0.13449557
0.13642831
0.14492676
0.14786194
0.14488667
0.13973771
0.136705
0.14219685
0.14558819
0.1506122
0.14445059
0.14392526
0.14737968
0.14283632
0.14784841
0.1439905
0.14591712
0.13780119
0.13887236
0.14539397
0.15066808
0.16156046
0.16099133
0.15850292
0.15000775
0.1487352
0.1504453
0.15710914
0.16064471
0.16314968
0.15749553
0.15547498
0.15314822
0.15710235
0.156876
0.1510594
0.1401759
0.14169814
0.14799625
0.15251903
0.14477713
0.14751434
0.14719737
0.14965425
0.14667434
0.14905822
0.15673812
0.1503636
0.14681326
0.14609475
0.15196942
0.16222964
0.15928915
0.1588282
0.14653489
0.14724056
0.14976013
0.15109536
0.14279552
0.1437266
0.15062931
0.16055633
0.15920664
0.16171946
0.15873931
0.15515743
0.1495417
0.1513758
0.14913905
0.15388665
0.15275615
0.15062065
0.1505998
0.15286146
0.15791781
0.14824381
0.14500321
0.14985147
0.16361283
0.17145984
0.16985251
0.15701059
0.1530286
0.14954412
0.15079175
0.14500573
0.15013054
0.15240464
0.15878858
0.15373375
0.15000334
0.15069509
0.15431431
0.15976979
0.15268436
0.14907157
0.14497423
0.14491469
0.14007759
0.14646892
0.14748833
0.15683554
0.1567401
0.16328607
0.15878524
0.15673645
0.1500466
0.14996623
0.15653731
0.16152985
0.16040425
0.14932501
0.14692478
0.1531882
0.15952434
0.1585014
0.15128785
0.14903873
0.15107448
0.14812943
0.15479927
0.15445763
0.1541273
0.15288948
0.15458788
0.16234766
0.15735207
0.15359177
0.1507288
0.1531166
0.15049642
0.15474312
0.146167
0.15219286
0.15650307
0.16373564
0.15891694
0.15339403
0.14980024
0.15213765
0.15209827
0.15079531
0.15745609
0.15755357
0.16735923
0.16531663
0.16282597
0.1499996
0.13945796
0.14370373
0.14613944
0.15260826
0.16613421
0.1673621
0.17331775
0.15464392
0.15592797
0.1594569
0.16335334
0.1715399
0.16359691
0.16532944
0.16009934
0.16148335
0.15545101
0.15170163
0.1404704
0.13778454
0.13537134
0.14583991
0.15732193
0.17175677
0.17961472
0.17716625
0.17202976
0.16678391
0.16734198
0.16576156
0.16396755
0.16242048
0.16662225
0.17300875
0.16699879
0.16781761
0.16384949
0.17398217
0.17164925
0.16609052
0.16741137
0.16183083
0.17697191
0.17994364
0.17870645
0.16724232
0.16113493
0.1643091
0.15763657
0.16116245
0.16204774
0.1697691
0.16845292
0.17323583
0.17737104
0.17408204
0.1686749
0.1678174
0.16510929
0.16998453
0.16960807
0.16370726
0.16329432
0.1593413
0.16047813
0.16258778
0.15838659
0.17222016
0.16492611
0.16565868
0.15804325
0.15613966
0.16136125
0.16179428
0.16223845
0.15635727
0.15880388
0.15621018
0.15898041
0.15855427
0.15962729
0.15770751
0.14543423
0.1450103
0.15484679
0.1605916
0.16213508
0.14483371
0.1423399
0.1388651
0.14823784
0.1528572
0.15150437
0.14857458
0.14694664
0.15002939
0.15547666
0.15735874
0.1534798
0.14350446
0.13600567
0.13341135
0.151915
0.16508041
0.17313936
0.1547427
0.14378366
0.14142233
0.14938222
0.14784439
0.1461748
0.14368257
0.14652826
0.15134907
0.14782333
0.14169356
0.13812235
0.13861512
0.13848755
0.13287859
0.12948303
0.13534763
0.14280567
0.14323263
0.14472549
0.14551818
0.14592165
0.14458124
0.14616548
0.14835115
0.14391819
0.14005396
0.1346972
0.14222048
0.14199238
0.14415812
0.14200328
0.1415005
0.144807
0.13484772
0.13405564
0.13132955
0.13720852
0.13581641
0.13309434
0.13721228
0.13441002
0.1285164
0.13119772
0.13551283
0.14026788
0.13357392
0.1373989
0.14654887
0.14436896
0.13143016
0.12595999
0.13073179
0.13866398
0.1332398
0.13138205
0.126245
0.12742159
0.12154033
0.12751816
0.1357044
0.13721097
0.13384677
0.12777577
0.13096032
0.14095607
0.14116187
0.14625524
0.13680539
0.13340123
0.12963046
0.12811963
0.13088037
0.12553263
0.14060466
0.13811906
0.14361209
0.1368507
0.14316182
0.13860363
0.12577954
0.12218961
0.13008942
0.13739583
0.14170739
0.1317781
0.12962456
0.122568846
0.14356026
0.14602196
0.15470558
0.14046274
0.13499385
0.13735029
0.13717395
0.13862108
0.12533726
0.12601702
0.12112038
0.13160992
0.12732914
0.13950045
0.13259345
0.13650969
0.13042106
0.13530052
0.14093792
0.14229795
0.14296055
0.13376425
0.13026294
0.13251649
0.13519587
0.13615663
0.12520316
0.12368706
0.12000206
0.12031754
0.1143217
0.114800155
0.12096268
0.1253868
0.12229437
0.11288117
0.106014974
0.107522614
0.10853148
0.11367773
0.110619396
0.11176671
0.107704915
0.117255725
0.12008695
0.12024529
0.114570476
0.10702578
0.106588244
0.11313553
0.11598142
0.12152998
0.11488365
0.11571503
0.11493983
0.11934504
0.12073683
0.11841243
0.11273346
0.11954455
0.11959721
0.12047465
0.11172066
0.11107489
0.11108363
0.11037567
0.11362803
0.1137098
0.113333315
0.109768495
0.11273223
0.11665047
0.11480604
0.11640676
0.12018683
0.12071677
0.114760324
0.114761196
0.11367273
0.118755184
0.11258235
0.1166004
0.11597678
0.11504554
0.12069829
0.11914075
0.12780236
0.12346163
0.12170424
0.11260536
0.11135472
0.11455922
0.120941676
0.11898563
0.12065838
0.11523799
0.118164845
0.11356214
0.11898037
0.12338698
0.12796251
0.12537397
0.11635257
0.11399006
0.11608223
0.11927068
0.124642275
0.12722488
0.12277145
0.11463395
0.10979685
0.113505125
0.116365395
0.112222426
0.11370176
0.113533735
0.11875462
0.116358526
0.11149958
0.116630524
0.11510481
0.1177362
0.1152816
0.11891361
0.12475318
0.12387984
0.12155188
0.11999312
0.115988955
0.1212047
0.115475774
0.12121836
0.12341613
0.13069364
0.12837918
0.12112749
0.118332244
0.12393325
0.13068588
0.1273955
0.124850586
0.12404565
0.12727456
0.124760814
0.12645026
0.13281852
0.13537146
0.13194531
0.12632062
0.11956258
0.12133272
0.11523601
0.118787885
0.11514696
0.12553383
0.12963265
0.13145003
0.12824899
0.117540136
0.11423774
0.10989206
0.10947166
0.11562424
0.12031823
0.124076575
0.121864416
0.12310127
0.12188066
0.12285827
0.11939923
0.12582618
0.126921
0.12388521
0.11785625
0.1142979
0.11166708
0.11845057
0.12020468
0.12635787
0.12354791
0.12287642
0.11863259
0.12363041
0.12308073
0.1288679
0.12322376
0.12650841
0.13242562
0.13824011
0.13574058
0.1319215
0.1291481
0.12991661
0.12558992
0.12380459
0.12580623
0.12782031
0.12941241
0.12492353
0.12553678
0.12723601
0.12438668
0.12510827
0.11944289
0.12358763
0.12526534
0.12434473
0.12402128
0.12218769
0.1387993
0.13858646
0.14002118
0.1307039
0.13566472
0.13254225
0.1245504
0.1285137
0.12849532
0.13355263
0.1287374
0.13583125
0.1301758
0.12794057
0.12527321
0.1287972
0.130576
0.12511902
0.13022536
0.1352137
0.1403499
0.1357074
0.13213864
0.1310761
0.12838268
0.12504718
0.121525645
0.12747142
0.12978107
0.13657252
0.14111741
0.13578539
0.13699815
0.13644534
0.14983398
0.14463675
0.1397393
0.13443321
0.12502137
0.12035823
0.118424244
0.12995014
0.13317977
0.13034238
0.12554772
0.13483968
0.13605964
0.14102013
0.14077494
0.14485654
0.13722706
0.12684476
0.12729211
0.13037303
0.1354828
0.13346745
0.13443126
0.1361068
0.12965384
0.13263635
0.12755364
0.13076527
0.1321132
0.12883858
0.1246023
0.121284515
0.12888144
0.13254507
0.13255022
0.13240844
0.13493681
0.1327737
0.13189365
0.14259578
0.14868198
0.1472114
0.13265608
0.12522522
0.118644476
0.12520444
0.12724951
0.13349508
0.12514405
0.12482621
0.12603648
0.12796971
0.13131958
0.12487228
0.11814207
0.12479317
0.13043304
0.14281324
0.13775945
0.13967708
0.1403446
0.13414651
0.13103889
0.12477012
0.12280853
0.12003504
0.119971976
0.12306291
0.124237716
0.11958725
0.121007174
0.11954329
0.13035753
0.1328862
0.13008031
0.13146828
0.13277677
0.13375732
0.12983513
0.11938313
0.12535834
0.122477695
0.12527213
0.11350281
0.112156466
0.12870033
0.14297998
0.14186968
0.12267692
0.12097308
0.12306707
0.1299564
0.12673584
0.121998094
0.11361971
0.11242165
0.1216765
0.12403043
0.12454356
0.121679306
0.12393724
0.122589014
0.11360208
0.11730312
0.114542514
0.11788575
0.11104594
0.11227906
0.1123202
0.11980566
0.120050006
0.12571608
0.11949992
0.12456279
0.12154678
0.12230049
0.12084027
0.12173526
0.12128914
0.116215564
0.11570007
0.119774
0.11964712
0.120572925
0.1151794
0.11815459
0.118589014
0.11420392
0.10744274
0.10729979
0.115440175
0.116541505
0.11348573
0.11975074
0.12460578
0.12461555
0.12543388
0.12523429
0.12304979
0.12182242
0.12287525
0.12538679
0.12764221
0.12411018
0.12880841
0.12357215
0.13493091
0.13537754
0.13236064
0.12675463
0.12187402
0.12637493
0.13106172
0.12799372
0.1249107
0.11415747
0.117273465
0.12042391
0.12901378
0.1354178
0.1263372
0.12804997
0.12715204
0.13461323
0.13453329
0.13188048
0.13250817
0.12633392
0.13861135
0.13561484
0.14143126
0.12655486
0.13463129
0.13376646
0.13748036
0.13483891
0.13530627
0.13544926
0.13968118
0.1438761
0.14565764
0.1414659
0.13589384
0.1336546
0.13461813
0.14079054
0.1449241
0.14583771
0.1459483
0.14609851
0.14394644
0.14763784
0.1467024
0.15067737
0.1418037
0.14048147
0.13936462
0.1517087
0.14903794
0.1431175
0.1286002
0.1337275
0.13701229
0.13647391
0.13769622
0.1344841
0.1354631
0.13964714
0.14853168
0.14893958
0.14861843
0.13997823
0.15179187
0.15138842
0.1528976
0.14324717
0.1373033
0.14093879
0.13605289
0.14153498
0.14218831
0.15466762
0.14536627
0.14729409
0.14254856
0.14911708
0.14694549
0.14603692
0.15058178
0.14810649
0.15565029
0.14563362
0.14720073
0.1438288
0.15351897
0.14978962
0.14356923
0.14160915
0.15288715
0.15547316
0.15665087
0.14930177
0.14849067
0.15019542
0.14576952
0.1475182
0.13278885
0.13983917
0.13932177
0.14840814
0.14305994
0.14802065
0.15436864
0.15589903
0.14652424
0.14030984
0.14492387
0.14450227
0.14302169
0.13601676
0.13648736
0.13707605
0.14431915
0.14860559
0.14312553
0.13947625
0.13261247
0.14264967
0.14455639
0.15229765
0.14429222
0.13808864
0.13129683
0.1312995
0.13064906
0.13271588
0.12921368
0.1328808
0.14218464
0.14728744
0.15265235
0.1519536
0.15053354
0.14425781
0.1367731
0.13693619
0.1445803
0.14844073
0.15276836
0.14846434
0.14666031
0.14403248
0.14268094
0.14106087
0.14076085
0.13956383
0.14477405
0.14876898
0.15312925
0.14975531
0.14505118
0.14243121
0.13914523
0.13482231
0.14138946
0.13774502
0.14272504
0.13806371
0.14513655
0.1491062
0.14632674
0.149686
0.14871787
0.1492886
0.14481437
0.14182556
0.13547641
0.13499153
0.14610411
0.15540425
0.14480948
0.14251274
0.14704382
0.15815791
0.14500953
0.14075878
0.14189106
0.1459098
0.14235654
0.13565168
0.13822642
0.139859
0.14899537
0.15856186
0.15307617
0.15284543
0.14312282
0.15137027
0.15255705
0.15111335
0.14015287
0.13917485
0.13095291
0.1379845
0.1286422
0.13622443
0.13516414
0.14828625
0.1486508
0.14932826
0.14123513
0.14697346
0.14474446
0.15247709
0.14963108
0.15522261
0.15063637
0.14402522
0.14191481
0.14306967
0.14591822
0.14389814
0.14156145
0.15153109
0.15310764
0.15671748
0.15745819
0.16154905
0.16561686
0.1597957
0.15442447
0.15041082
0.15192471
0.14966823
0.14860563
0.14892116
0.15584573
0.15546831
0.15705107
0.15740253
0.15534078
0.16017143
0.15751189
0.15916026
0.15443714
0.15218756
0.16062135
0.15917373
0.16071875
0.14641757
0.14761741
0.14444266
0.15793392
0.1492997
0.1625601
0.1541647
0.15856661
0.14305036
0.13999172
0.13565579
0.1463521
0.15034756
0.16259305
0.16993412
0.17249285
0.16340238
0.16001855
0.16967632
0.16920908
0.1619591
0.14977117
0.16560075
0.16812122
0.16101916
0.15681201
0.15691994
0.1596066
0.15658498
0.15516739
0.16255584
0.15828826
0.15779963
0.1578879
0.15919405
0.15806676
0.15908906
0.15801515
0.15805207
0.15551755
0.15282823
0.15334497
0.14739455
0.1493032
0.14429383
0.14258622
0.14644364
0.15494338
0.16428757
0.16898108
0.16835935
0.17059499
0.16638894
0.16586366
0.17349654
0.18116695
0.17760053
0.16807169
0.15941082
0.15642716
0.15668948
0.15153454
0.16273452
0.16419783
0.1746644
0.16844365
0.16614863
0.15392059
0.15205719
0.14699374
0.15334415
0.16206104
0.15666476
0.1626834
0.16085495
0.16111706
0.15872613
0.16198166
0.17148368
0.17081627
0.1554412
0.15469691
0.14746916
0.15395273
0.15892187
0.16758715
0.16788267
0.16860294
0.16339979
0.17217872
0.17341344
0.17211564
0.16392307
0.1691524
0.17372887
0.17716548
0.16927965
0.16611728
0.17433125
0.18646128
0.19208154
0.19070481
0.16786577
0.1650188
0.16083936
0.18660566
0.19373745
0.18990211
0.18593083
0.17825611
0.17896318
0.17292428
0.17071562
0.16610898
0.15962996
0.1606381
0.16276114
0.1714512
0.16747071
0.17153591
0.15677448
0.1602768
0.16651276
0.17195228
0.17059423
0.15738301
0.15958391
0.1563536
0.14846668
0.13756794
0.14491628
0.15710424
0.16787174
0.16204031
0.1593288
0.1625465
0.17577761
0.17646155
0.17151193
0.16448127
0.1688879
0.16889964
0.16764468
0.171721
0.17336951
0.16937749
0.16966881
0.163826
0.16282973
0.15318814
0.15899934
0.15656696
0.16475113
0.15945008
0.15997276
0.14666519
0.15864085
0.15631683
0.17158936
0.16737293
0.18014057
0.18119591
0.19746876
0.19624865
0.19655406
0.18164402
0.17717178
0.16912058
0.15961614
0.15955848
0.16317649
0.16574727
0.19169833
0.19056164
0.18455268
0.15930222
0.15408446
0.15949687
0.15822257
0.16462675
0.16230169
0.16032112
0.15115666
0.1554502
0.15873905
0.16618848
0.16216737
0.16214415
0.15306953
0.16623168
0.15059629
0.15683053
0.15217601
0.16160417
0.1599573
0.15470149
0.15032081
0.15513816
0.15818095
0.16811077
0.17478858
0.16682914
0.16632229
0.15993461
0.17064507
0.16510013
0.15674412
0.15007369
0.16094702
0.15865883
0.1615577
0.1580205
0.16685982
0.16703328
0.16954346
0.17212436
0.17069086
0.16781454
0.1665437
0.16881944
0.18128878
0.18279165
0.17572583
0.16020258
0.15518676
0.15686402
0.15520781
0.15861261
0.17222106
0.16497982
0.15727109
0.15198438
0.1619986
0.1697493
0.17229162
0.16903067
0.17090864
0.16891928
0.172221
0.16026534
0.15996481
0.16377959
0.17507651
0.16921484
0.16569382
0.1582448
0.1533661
0.15362476
0.15285818
0.15475659
0.16330479
0.1559203
0.15941007
0.16029122
0.16895577
0.1697269
0.15772979
0.15708606
0.15674685
0.15772784
0.15320653
0.15575144
0.15607563
0.15683073
0.15719453
0.15821834
0.15729657
0.16058214
0.16589592
0.17084086
0.17224948
0.16541065
0.16040683
0.16196492
0.17278348
0.17295977
0.17208964
0.17345168
0.16201715
0.16150068
0.16011432
0.17728946
0.18710084
0.18402256
0.18448173
0.18067381
0.1757656
0.1657922
0.17161503
0.16898865
0.17126307
0.16493794
0.17619233
0.16933058
0.17063281
0.17344996
0.17815974
0.18009992
0.17415631
0.18303478
0.18090983
0.18040821
0.17037714
0.16435677
0.17536336
0.18226744
0.18428868
0.17240289
0.18109176
0.1745211
0.18536352
0.17868781
0.18054594
0.16744813
0.1671218
0.16405876
0.16798815
0.16673611
0.17276524
0.1752817
0.1847822
0.19030322
0.18919171
0.1870596
0.19179848
0.18452752
0.18039481
0.20078093
0.19746704
0.1960252
0.16974837
0.16880247
0.18254809
0.19268508
0.2023304
0.19345324
0.1954911
0.18603113
0.19540757
0.1933543
0.20674187
0.20820881
0.20652132
0.20090069
0.1869235
0.1840539
0.19579786
0.203246
0.2023245
0.1882977
0.18665549
0.18624133
0.18737048
0.18519238
0.19366096
0.2150823
0.21511088
0.21138577
0.19582303
0.2020059
0.2040926
0.20061968
0.19330393
0.1849654
0.18788458
0.1969353
0.20596851
0.20436479
0.19770941
0.19315675
0.18883568
0.19019383
0.19284189
0.18942064
0.19451466
0.19608921
0.206564
0.19891882
0.19273855
0.19281201
0.19601935
0.18813178
0.18293437
0.18318433
0.18807235
0.18169165
0.18145914
0.1793477
0.18164225
0.18832704
0.17788021
0.18746378
0.18085891
0.19342548
0.20019904
0.19488032
0.18746682
0.1891303
0.18306828
0.18323374
0.19585219
0.19589439
0.20157863
0.19552024
0.20318544
0.20666197
0.2085714
0.1948664
0.18115781
0.18657948
0.19800836
0.2062078
0.19702487
0.19659923
0.19364712
0.19523947
0.23637477
0.22599143
0.22767617
0.1886103
0.19184868
0.18878356
0.1908553
0.19070911
0.198111
0.22846499
0.20734787
0.20153037
0.2003152
0.19529659
0.20421837
0.21366292
0.20866932
0.21199018
0.19990467
0.19997819
0.19850092
0.19604386
0.18880543
0.1980075
0.19753675
0.1914265
0.19318736
0.19757576
0.20145893
0.19369632
0.194185
0.19955935
0.19624017
0.18978699
0.1766751
0.17958158
0.17834206
0.17495292
0.1806551
0.18347438
0.17882195
0.17998327
0.18453398
0.18216686
0.19193955
0.20070535
0.20497456
0.20845455
0.20482215
0.19340351
0.18861638
0.19150607
0.1942254
0.19216903
0.19936182
0.19437768
0.18642507
0.18653773
0.17832452
0.17950262
0.17590256
0.17833322
0.1769918
0.17672992
0.18096451
0.1839223
0.18216176
0.18814623
0.19478427
0.1976548
0.20236145
0.19466439
0.195609
0.19416255
0.19040221
0.20486318
0.20163724
0.20467426
0.19596587
0.19592017
0.1791298
0.18105514
0.18410558
0.18972932
0.19120248
0.2041078
0.20877506
0.20119008
0.2091958
0.21075761
0.20866886
0.20622897
0.1974958
0.18958794
0.19763839
0.20321508
0.2158311
0.20977812
0.1991104
0.19848032
0.18989843
0.18456542
0.18599565
0.1871501
0.17966719
0.1791872
0.18165843
0.18110222
0.17968722
0.1787265
0.18283048
0.18984465
0.20355184
0.21788864
0.23346472
0.22261241
0.22302815
0.21328373
0.21456228
0.2093064
0.20941503
0.21663783
0.21817389
0.22391403
0.21351501
0.22011578
0.21574213
0.21566091
0.20360251
0.21635124
0.23010351
0.21911103
0.23801441
0.2348194
0.25910488
0.25221974
0.23845762
0.2234427
0.22268218
0.22056831
0.22094604
0.22182244
0.23205133
0.23103048
0.22949846
0.23841293
0.26254803
0.24645068
0.24062756
0.22980505
0.22734393
0.22500676
0.2260524
0.229041
0.23331147
0.23885082
0.22818093
0.22488634
0.2399862
0.2534245
0.24251367
0.265176
0.24163567
0.22855017
0.22541071
0.22820984
0.22616719
0.24301037
0.24290232
0.24586223
0.24106075
0.25044662
0.24069333
0.23652343
0.23330282
0.22909513
0.23581447
0.24995995
0.2563895
0.2573341
0.26386908
0.25871065
0.25434092
0.24946643
0.25535092
0.25431353
0.24386704
0.23547786
0.22885294
0.22044286
0.21378002
0.20687981
0.21686141
0.22688928
0.24668062
0.25089893
0.26110503
0.24477936
0.25329024
0.23991995
0.23634459
0.23165244
0.23176216
0.23977546
0.23163149
0.22379449
0.21586934
0.21136262
0.21298218
0.20553619
0.20199144
0.21149106
0.20408243
0.19622573
0.20223744
0.20976688
0.20949139
0.21853563
0.22339156
0.22461711
0.22059718
0.22023974
0.22118996
0.2136944
0.19817041
0.19889258
0.20570835
0.21062095
0.21612142
0.22706127
0.23152365
0.22491308
0.21009634
0.21057555
0.20908645
0.20122214
0.20166501
0.21430224
0.21959662
0.22429712
0.23329432
0.23706801
0.22661984
0.22196999
0.22010392
0.2078858
0.20071235
0.20854467
0.21462616
0.21355228
0.21897475
0.20991422
0.20465204
0.20388773
0.20639296
0.20470117
0.20687354
0.20946714
0.204953
0.21174742
0.20721565
0.22454095
0.22327247
0.22797479
0.2199759
0.2194514
0.22575165
0.22151871
0.21280004
0.2003009
0.19584648
0.19028592
0.20146364
0.20563023
0.21818356
0.22027843
0.21500714
0.21261078
0.22124732
0.21798865
0.22529733
0.23083372
0.2204034
0.2094601
0.21545662
0.21072143
0.19421805
0.19708285
0.20111562
0.19663382
0.21293521
0.21450353
0.21603672
0.21827513
0.22793321
0.20801327
0.21459956
0.21309122
0.2126443
0.20474346
0.21643433
0.20718427
0.21080863
0.20688003
0.19897589
0.19174945
0.19003583
0.18624456
0.18793462
0.19054575
0.19435774
0.19541731
0.20239128
0.19542502
0.19822802
0.21200174
0.2194826
0.21196368
0.22172245
0.2290718
0.21823306
0.21144094
0.21742088
0.2118756
0.20418954
0.19908024
0.19349465
0.19022204
0.18559742
0.2060908
0.20246527
0.21935445
0.21411058
0.21590522
0.19734749
0.20062102
0.19301867
0.19141045
0.19617945
0.18728724
0.19135499
0.18922143
0.18964279
0.18737082
0.18598798
0.18998195
0.18493368
0.19041337
0.18715654
0.19541171
0.19522826
0.18854743
0.18762171
0.18728705
0.19178078
0.1880322
0.17889832
0.17428903
0.17015934
0.16726619
0.16212855
0.15884511
0.1647538
0.16525787
0.17205548
0.17166662
0.17735107
0.17313245
0.18321195
0.18318406
0.1929705
0.20159538
0.20296432
0.21373738
0.22412509
0.21634378
0.20159708
0.19636941
0.19432634
0.18500322
0.17056441
0.17497809
0.18281785
0.18421431
0.18236263
0.18007225
0.18877664
0.19355759
0.19040222
0.18838598
0.18424343
0.18369237
0.18697236
0.18225841
0.18575042
0.18694963
0.18604918
0.19898619
0.20497055
0.20492332
0.20071302
0.19680995
0.19827618
0.20033465
0.18717313
0.18731378
0.22715251
0.23524466
0.23925073
0.24554063
0.2407612
0.23529947
0.22707294
0.19170414
0.1784704
0.17600508
0.19080283
0.20331974
0.19361062
0.1903522
0.19203007
0.2044068
0.20012225
0.19003825
0.18869628
0.20055275
0.20052513
0.19902535
0.1913009
0.18765922
0.20177332
0.19585384
0.19514473
0.19633618
0.19164324
0.19193693
0.19275227
0.1809236
0.18101795
0.17382622
0.17290254
0.18070257
0.19054592
0.19777378
0.20112127
0.20258905
0.20857598
0.21302147
0.21006693
0.20513724
0.20117258
0.19478358
0.1980049
0.19172004
0.19476297
0.18987794
0.19511999
0.1948332
0.20349339
0.19767341
0.20139527
0.19347788
0.20138223
0.19813228
0.19912145
0.19240062
0.20146155
0.21338476
0.21448453
0.2109623
0.2361402
0.25627854
0.25933278
0.24251941
0.24696624
0.25760236
0.2565876
0.23532131
0.23161541
0.24230893
0.23502623
0.231486
0.22849339
0.23573416
0.23687065
0.23070607
0.22321863
0.22877914
0.22053044
0.2131141
0.1998791
0.18987538
0.19187137
0.19290893
0.19556428
0.2074402
0.2008255
0.19749562
0.19868322
0.19783753
0.19847135
0.18940432
0.1878771
0.17363949
0.17908844
0.17923822
0.18079028
0.17578928
0.17545137
0.1767691
0.17467608
0.17569771
0.18177417
0.18154745
0.18481258
0.18400624
0.18395396
0.17775065
0.17327148
0.17333815
0.1774235
0.1718635
0.16619003
0.16170444
0.16156946
0.1681869
0.17128904
0.1776548
0.18195803
0.18260361
0.19102694
0.20085663
0.20945925
0.19875394
0.19387598
0.19495693
0.1952083
0.19382869
0.18921353
0.18917817
0.18324357
0.19493249
0.20451124
0.20781754
0.21043041
0.21327084
0.21908489
0.21404265
0.21899858
0.21700566
0.20645988
0.20018491
0.19965415
0.19662897
0.19598828
0.19335085
0.19585468
0.19621079
0.1894142
0.18417886
0.18607135
0.18859996
0.18980512
0.19030254
0.1944725
0.18815637
0.1909551
0.20214377
0.21284282
0.20693128
0.20016503
0.19703937
0.18827501
0.18900451
0.18430841
0.18086927
0.17828618
0.17005822
0.16922054
0.17540874
0.17908469
0.18474309
0.18885124
0.19459514
0.19528623
0.19765258
0.20146973
0.20580703
0.20380679
0.20175356
0.21484464
0.2171659
0.21875536
0.22040354
0.2191793
0.21714023
0.22688225
0.23198752
0.23557095
0.22686525
0.22110862
0.2151309
0.21441926
0.22522151
0.2332686
0.21365668
0.21827956
0.21326427
0.21414208
0.2174298
0.22474073
0.23190792
0.22741035
0.22971323
0.23953225
0.23351388
0.23883906
0.24435407
0.24303602
0.24084008
0.24077018
0.23688255
0.23634838
0.23056965
0.22799855
0.23854084
0.22994854
0.23738961
0.2426345
0.2396161
0.2466947
0.25140843
0.244231
0.26332828
0.25027087
0.25375322
0.26165557
0.2676144
0.28106835
0.29635713
0.318015
0.31110144
0.32200947
0.33007655
0.3161605
0.31473976
0.32552102
0.33365148
0.325114
0.33335268
0.3472314
0.35773414
0.37451062
0.36774576
0.34725973
0.3335087
0.33746624
0.33443013
0.32313117
0.32818404
0.32251558
0.32016283
0.33540308
0.3228623
0.3121251
0.31744087
0.30640465
0.3143739
0.30641058
0.30499133
0.3153564
0.3012217
0.32937032
0.34858137
0.38114506
0.39466918
0.41017553
0.43255654
0.4336955
0.46984974
0.43862852
0.43891513
0.39303207
0.3947371
0.40433046
0.39694062
0.3987751
0.44240075
0.42316037
0.43276262
0.436073
0.44885218
0.4447104
0.42448068
0.41860715
0.38983032
0.43677026
0.4648321
0.43917528
0.41356936
0.40560976
0.41056234
0.4248098
0.45124894
0.41572946
0.40872976
0.42191502
0.42279714
0.42845544
0.44490635
0.47522166
0.5056415
0.5049836
0.48006728
0.49686688
0.4942667
0.5114196
0.48861402
0.46541387
0.4433017
0.47236684
0.46126276
0.45398882
0.4921602
0.50462765
0.55209297
0.53574616
0.52264917
0.52950513
0.5267389
0.540377
0.5032556
0.46242788
0.45249557
0.45539206
0.47040093
0.46761444
0.44821954
0.4496998
0.45514807
0.4942115
0.500126
0.4857636
0.47031048
0.46752167
0.49150252
0.49197868
0.50860435
0.5515233
0.5329204
0.5458203
0.52910227
0.5815984
0.6419271
0.6286331
0.6570041
0.676595
0.6426321
0.6355288
0.7062994
0.6971022
0.6832476
0.60698307
0.63422614
0.62067926
0.6006574
0.6587546
0.6671453
0.68070513
0.66242635
0.6789873
0.75775737
0.8028553
0.8417291
0.7955047
0.72585803
0.8187158
0.85370195
0.8614685
0.841459
0.79456574
0.77720696
0.8079678
0.80470234
0.79669523
0.7749863
0.7105572
0.7053587
0.65695125
0.6451246
0.6440422
0.6355771
0.6279168
0.60729724
0.5940798
0.6322968
0.60768986
0.59437674
0.573446
0.57108897
0.54436165
0.5413087
0.53572875
0.5674294
0.59920305
0.58846277
0.61968994
0.59013206
0.58373
0.576513
0.56379575
0.54811954
0.5953841
0.5895085
0.5866508
0.565694
0.5653231
0.5851175
0.59234107
0.591931
0.6147512
0.6249617
0.63369715
0.6294502
0.6190218
0.63412076
0.61267716
0.60692835
0.6002986
0.6160251
0.5894038
0.6210553
0.6536156
0.6467737
0.6572097
0.64916223
0.65056175
0.6496838
0.6496838
0.6496838
0.6496838
0.6496838
0.6496838
0.6496838
0.6496838
0.6496838
0.6496838
0.6496838
0.6496838
0.6496838
0.6496838
0.6496838
0.6496838
0.6496838
0.6496838
0.6496838
