7333.1147
2764.6519
1277.3143
871.2463
678.962
545.88336
458.49646
393.9711
345.44983
308.2217
277.54437
251.84703
231.05956
212.57259
196.5498
185.23787
175.32977
164.7559
156.76009
148.36354
141.30177
135.25722
131.8693
125.08294
120.32497
116.11944
112.84697
108.994865
106.46734
104.05469
101.167046
97.87951
95.34138
92.71492
90.355545
88.39093
86.70492
85.08319
83.66499
81.74001
80.032326
79.229256
77.30053
76.50499
75.21743
74.41587
73.18907
72.09747
71.02007
70.48291
69.27808
68.42167
67.724075
66.56051
65.32667
64.42189
63.506214
63.203773
62.47092
61.215096
60.39469
59.437855
58.79135
57.959064
57.123196
56.199078
55.92163
55.45481
54.874992
54.007336
53.585587
52.81365
52.535072
51.474865
51.306202
50.752975
50.159084
49.57674
49.022217
48.6462
48.2542
47.86134
47.326427
46.391754
45.991566
45.920807
45.322315
44.9913
44.562542
43.681995
43.29336
42.388523
41.85964
41.73328
41.160316
40.849743
40.580315
39.744793
39.62316
39.52009
38.97577
38.76509
38.574276
37.810143
37.08921
36.674915
36.232384
35.969227
35.603996
35.45363
35.01441
34.73631
34.28227
33.586926
33.473602
32.767418
32.437668
32.457317
31.885784
32.006973
31.459436
31.340485
30.4967
30.31074
30.031084
29.596973
29.43562
29.700237
29.449413
29.077766
28.776243
28.59716
28.009619
27.749731
27.551607
27.1435
26.71734
26.769247
26.346561
26.027107
25.819443
25.584703
25.41549
25.288107
24.937298
24.66897
24.511524
24.400393
24.091805
23.902218
23.98851
23.938234
23.72759
23.68568
23.281706
23.134077
22.82622
22.798622
22.77929
22.449413
22.231768
21.91157
21.52321
21.140936
21.124426
20.581892
20.537676
20.181753
20.186804
19.842985
19.677675
19.427017
19.207705
18.826534
18.752235
18.770357
18.551334
18.54103
18.44495
18.235706
18.157122
17.947004
17.657578
17.532995
17.38264
17.359152
17.443422
17.240355
16.909805
16.771215
16.75076
16.494257
16.382704
16.11399
15.8946
15.651757
15.662134
15.567585
15.3350525
15.24483
15.084607
14.979656
14.989588
14.915319
14.722754
14.509053
14.435216
14.573417
14.247612
14.248143
14.131992
13.817092
13.715137
13.509848
13.409068
13.499038
13.291519
13.321832
13.178926
13.320348
12.90373
12.853001
12.898307
12.673958
12.424153
12.407557
12.3527
12.273247
12.221532
12.114592
11.968398
11.935509
12.197498
11.72495
11.611813
11.627794
11.522538
11.510083
11.535156
11.198697
11.175642
11.05943
11.01606
11.048527
10.906678
10.964746
10.759186
10.619387
10.560628
10.681621
10.312477
10.314022
10.418829
9.9647455
10.039183
10.001206
9.927474
9.880093
9.711178
9.625419
9.468863
9.4308605
9.467553
9.626348
9.471842
9.358887
9.209665
9.142716
9.009632
9.030115
9.53337
8.957775
8.989603
8.862726
8.807045
8.883898
8.583412
8.351621
8.4775915
8.45017
8.432688
8.230366
8.203104
8.172088
7.9913845
7.9909544
8.000177
7.999892
7.88934
7.9305077
7.8387065
7.7010865
7.541536
7.658435
7.5407896
7.57883
7.5948944
7.516436
7.432708
7.2767696
7.1781964
7.186599
7.1931205
6.983955
6.924888
7.051561
6.8820705
6.8809233
6.7942867
6.863463
6.7086387
6.718239
6.6653924
6.50419
6.4634323
6.4007525
6.538805
6.3845954
6.3581853
6.317845
6.2630167
6.198682
6.214084
6.106318
6.069843
6.055994
6.071886
5.8694153
6.039649
5.876742
5.850495
5.7455997
6.151185
5.8203206
5.661535
5.633161
5.569231
5.5453258
5.5801606
5.557867
5.4637623
5.3784013
5.4002547
5.3246326
5.297755
5.2217903
5.1596913
5.129819
5.1192775
5.0662513
5.1322503
4.96408
5.0520597
4.8986816
4.848821
4.8269053
4.7729945
4.822516
4.8507085
4.7635574
4.956942
4.9749136
4.765865
4.6695967
4.739198
4.7304683
4.6542416
5.059282
4.6511574
4.567658
4.5031896
4.445435
4.5040693
4.505285
4.5096498
4.5688353
4.4557557
4.563375
4.3014402
4.3428316
4.4870152
4.242945
4.3232656
4.228293
4.10181
4.1139164
4.2247763
4.123113
4.2939854
4.18159
4.2394533
4.118696
4.09648
3.9732778
3.998739
3.952034
4.0795884
3.8690135
4.0351586
3.8287184
3.8368335
3.6981337
3.7566276
3.6956303
3.7271364
3.8125238
4.0399985
3.7484567
3.6778395
3.6969862
3.6528218
3.5561028
3.6045847
3.5677352
3.4510026
3.4963267
3.4460936
3.5896645
3.3941407
3.455234
3.4043057
3.37116
3.3612442
3.3924851
3.2656245
3.369918
3.3935978
3.246996
3.392161
3.739979
4.083996
3.4792843
3.3083954
3.3419597
3.274624
3.1733065
3.1423032
3.203108
3.0929296
3.1491988
3.1396723
3.1124551
3.1062884
3.0758195
2.995254
3.202713
3.0201364
3.0345929
3.1570807
3.073858
2.9144924
2.95124
2.9832768
2.9714653
2.8951852
3.0028322
2.897394
2.8697333
2.8345945
2.7479515
2.8470254
2.7820787
2.7265832
2.814523
2.8316488
2.818188
2.7254207
2.806622
2.9256554
2.8153496
2.7406175
2.7045877
2.7531915
2.718767
2.6404924
2.8658228
2.7039273
2.7148454
2.8753674
2.849821
2.6936114
2.7351968
2.7748961
2.6298566
2.6817262
2.5765004
2.647493
2.5899465
2.538682
2.4957213
2.580993
2.4701343
2.5478566
2.4519703
2.4613807
2.440962
2.4055486
2.4568522
2.7955072
2.8675313
2.6047091
2.559225
2.5259032
2.4629054
2.3944557
2.4825144
2.5283382
2.3409646
2.4239697
2.3042498
2.3535147
2.4845421
2.3941185
2.3029687
2.281113
2.3565474
2.3222845
2.4143634
2.269178
2.2753446
2.1674192
2.2629793
2.1946466
2.3110833
2.1946878
2.2867534
2.6249669
2.6486435
2.2925725
2.3812292
2.462652
3.0689707
2.3774993
2.3560855
2.2183344
2.3627849
2.3143053
2.1935008
2.2378223
2.170841
2.2739437
2.2298763
2.3035862
2.9939156
2.348742
2.1053843
2.2122524
2.0692158
2.0314198
2.1659408
2.153891
2.0453715
2.1494105
2.3031344
2.2193422
2.2053916
2.176927
2.306634
2.1414053
2.074491
2.2444746
2.0912306
2.2097106
2.3213003
2.413799
3.4504218
2.0198314
2.1438112
2.0692146
2.0215595
2.2183735
2.1117754
1.9507184
2.144192
1.8273442
1.9626919
1.9757206
2.0183036
2.0263348
1.9593914
2.0080569
1.8736984
1.8776159
1.9492837
1.9640924
1.8649089
1.9958076
2.777034
2.418074
2.1713135
1.9723202
1.9886827
2.040917
1.9260955
1.9106737
1.8854748
1.84786
1.7784891
1.8413731
1.9087597
1.8470255
2.138297
2.089498
1.8131559
1.9901068
1.9316831
1.7760667
1.6630105
1.7080235
1.7397032
1.7023677
1.6892283
1.7437313
1.7323903
1.7500699
1.6690116
1.7542359
1.8695195
2.0943227
1.7415626
1.6433493
1.6284443
1.5907899
1.7240815
1.6235089
1.597356
1.6111141
1.5435967
1.6919518
1.6107318
1.5738727
1.5767665
1.5201895
1.6105797
1.548334
1.6281183
1.636647
1.6342673
1.7424382
1.5108464
1.5803001
1.5177771
1.5967003
1.7586122
1.568009
1.6214675
1.5355821
1.7783616
2.1196384
1.6287677
1.5774992
1.5296973
1.5983578
1.4669546
1.582103
1.6298776
1.5970345
1.6060985
1.508905
1.4428492
1.5300298
1.4170951
1.531494
1.453532
1.5794514
1.5069221
1.5711921
1.7367151
2.1838055
1.5379984
1.5568931
1.4864881
1.4534478
1.4573792
1.3781455
1.434627
1.3546554
1.4203216
1.3900565
1.5357683
1.3956419
1.3560021
1.3427513
1.3374393
1.3348142
1.2562017
1.4758766
1.4385628
1.3985412
1.5253626
1.5199854
1.4875335
1.7922926
1.6068724
1.6157669
1.5512389
1.717205
1.4468803
1.6015204
1.4377965
1.309235
1.3193923
1.4218794
1.2790538
1.374624
1.292924
1.3754195
1.2740626
1.3272426
1.426137
1.3162675
1.2850052
1.2517686
1.3829439
2.204818
1.4026849
1.6240181
1.2853394
1.4695122
1.2778789
1.3241134
1.314913
1.3352561
1.3228571
1.2069637
1.3102318
1.4359326
1.3148652
1.2096784
1.344602
1.3300115
1.8721265
1.5401708
1.2966158
1.3776324
1.2811234
1.2856946
1.3497267
1.2127633
1.2707239
1.1314973
1.3407135
1.2934927
1.2094878
1.1991324
1.1490905
1.2167538
1.2608955
1.0950851
1.1816517
1.155365
1.1425782
1.120981
1.1090574
1.2236978
1.2764633
1.2418247
1.2251216
1.1144205
1.1987273
1.2280757
1.1892596
1.648211
1.2381725
1.3314155
1.3002514
1.229863
1.3611621
1.264961
1.2934111
1.1828511
1.1580298
1.2394899
1.4624985
1.2874305
1.2183557
1.3011283
1.2958647
1.7409705
1.4748139
1.4593803
1.3178884
1.1341683
1.0935283
1.4770565
1.1865574
1.3235435
1.1826135
1.1717821
1.38597
1.1445365
1.2799927
1.3054239
1.0806265
1.3451366
1.2456174
1.4152223
1.356011
1.4928571
1.5210209
1.3030832
1.2518986
1.8719568
1.4561775
1.1807438
1.3413861
1.2123027
1.2995573
1.2758868
1.4496058
2.0309086
1.5086067
1.3118054
1.3010767
1.3487842
1.549511
1.4525063
1.3433849
1.7354947
1.4994706
1.2174196
1.2747751
1.1140065
1.2529839
1.2216411
1.1723652
1.2086917
1.1947585
1.4451908
1.213757
1.1669374
1.0237559
1.2060001
1.0704793
1.1021646
1.0081067
1.0702918
1.1450787
1.2677249
1.1916751
1.118317
1.1557497
1.0999434
1.154162
1.3348984
1.3002559
1.1223992
1.269284
1.4553884
1.2979462
1.2358769
1.3180908
1.5477747
1.486787
1.3583325
1.2467906
1.4048202
1.3508638
1.2893677
1.3882704
2.178489
2.2404344
1.4465376
1.2000313
1.3231535
1.2744179
1.4817511
1.2976233
1.6490383
1.3653316
1.2053869
1.2152513
1.2953486
1.1789851
1.5148299
1.5280204
1.3416387
1.2974658
1.3010066
1.2686224
1.0958401
1.3046756
1.1242604
0.97862136
1.1710294
1.253152
1.2734902
1.0288818
1.0426344
1.0482475
1.0372691
1.1183215
1.3445671
1.3283848
1.2959131
1.2067299
1.1312596
1.1187713
1.0104288
1.0781574
1.1547974
1.1156907
1.240322
1.3295108
1.2378998
1.0313224
1.0879409
1.1788346
1.1950222
1.2817357
1.080218
1.2533988
1.2890898
1.213339
1.2519882
1.0207386
1.1570611
1.0732887
0.9957199
1.29352
1.0248121
1.1260982
1.0124317
1.2836227
1.2991812
1.2342018
1.198564
1.2294505
1.4675367
1.2561179
1.1723394
1.2104596
1.3744409
1.3048404
1.4087327
1.1663413
1.2018915
1.1366603
1.0715283
1.5741278
1.2509485
1.0707285
1.0636959
1.0963095
1.1092551
1.2950202
1.2314389
1.3597082
1.0523399
0.9270423
0.94453627
0.9406245
1.0034685
1.1789453
1.1129985
1.0480493
1.0260937
1.0581814
1.0818064
1.0527201
1.0449822
1.0262574
0.9856785
0.98228157
0.96800894
1.0246009
0.95601964
0.98698795
1.037156
1.0901766
1.0811682
1.0446216
1.0866503
1.0334185
1.0183294
0.9632419
1.0788432
1.0488129
1.0587034
1.0374799
1.0728338
1.0871881
1.0358539
1.0584906
1.0312568
1.1373638
1.3578293
1.7662178
1.8764522
2.4924545
1.74751
1.5305638
1.3711003
1.368548
1.2603415
1.2096798
1.066987
1.0994625
1.0729638
1.0814154
1.1236246
1.1087228
1.0992782
1.0123602
1.0034293
1.0304817
1.0377635
1.0901456
1.1603239
1.1999162
1.2018694
1.1036681
1.243814
1.2066375
1.2068005
1.0452014
1.184242
1.2269233
1.6204293
2.2660105
1.8368653
1.4576187
1.3642776
1.1945812
1.1921445
1.1727543
1.2752932
1.4528806
1.3937265
1.3030839
1.1543587
1.2130606
1.1764982
1.1359905
1.0976341
1.1662308
1.2564679
1.2784952
1.1153113
1.0353903
1.0242356
1.0823698
1.0918703
1.0847192
1.060736
1.0205187
1.1099825
1.3141395
1.3874617
1.2357534
1.1003172
0.95405334
1.0692123
1.0199255
1.0956808
1.1348897
1.1488261
1.1344348
1.0224495
1.0185816
1.0870042
1.2042505
1.1894578
1.1407257
1.0572041
1.1402706
1.184153
1.3207597
1.3287848
1.3479651
1.1976358
1.8619934
3.2820482
2.211542
1.6183052
2.0806346
3.4936485
2.2744756
1.4413602
1.0992302
1.1275419
1.0294832
1.1061927
1.1286799
1.0915985
1.1319373
1.0385936
1.0187947
0.9875203
0.99382544
1.0213654
1.1004263
1.142605
1.0837628
1.0640488
1.0507199
1.0314635
1.0406736
1.1160007
1.078011
1.0483141
1.0830643
1.0302562
0.9687496
1.0023571
1.0129439
0.9617821
0.9342014
0.99243957
0.9837175
0.9712418
0.93912184
0.9540879
0.9066075
0.9716923
1.0434372
1.08735
1.0658346
1.0916831
1.0654637
0.97107923
0.9864792
1.0732026
1.0892026
1.0525185
1.1187048
1.0663998
1.0111402
1.0156882
1.0210644
0.9777952
0.9431609
0.9543613
0.9567579
0.9390588
0.9133573
0.9209236
0.9737696
0.98575526
1.0014482
1.0088179
1.0064775
1.002775
0.9938893
0.9181127
0.919773
0.9180748
0.93039405
0.99473226
1.0173634
1.0960003
1.1773143
1.2141024
1.2962908
1.3904755
1.2634249
1.2105501
1.1711661
1.1860331
1.1877306
1.0857861
1.1424059
1.0637139
1.1134062
1.162855
1.1361982
1.1224649
1.1266471
1.1767235
1.2654313
1.3608844
1.3649871
1.3601182
1.5200446
1.46342
1.4582908
1.3828753
1.3790622
1.2774451
1.3030875
1.2516783
1.15433
1.1850313
1.1344212
1.1287601
1.1034439
1.1270487
1.195947
1.3698497
1.3900521
1.59486
1.8437457
1.9898686
1.9616638
2.1446388
2.2874393
2.7244005
2.804592
2.782021
2.5336332
2.4694974
2.2539227
2.206255
2.1086383
2.2141125
2.1221673
2.0774827
2.1871676
2.3972027
2.4252782
2.569037
2.8791807
2.8791807
2.8791807
2.8791807
2.8791807
2.8791807
2.8791807
2.8791807
2.8791807
2.8791807
