4311.141
952.46844
432.46805
288.7365
219.48595
176.89676
149.3624
127.83919
112.45064
100.00111
90.078224
81.695656
75.13656
69.35332
65.23921
60.77603
56.47845
53.7091
50.61924
47.75229
45.981102
43.91238
41.94833
40.222107
38.542004
37.036545
35.816017
34.56585
33.233944
32.45192
31.475405
30.489763
30.003057
28.96204
28.361536
27.507711
26.991997
26.448019
25.625206
25.222315
24.728819
24.338694
23.69351
23.26585
22.878584
22.614874
22.22866
21.872168
21.432901
21.091307
20.804564
20.404602
20.238539
20.155186
19.830238
19.686247
19.173456
18.901525
18.633366
18.432617
18.188898
18.040657
17.815641
17.624157
17.569004
17.46862
17.35208
17.209187
16.90515
16.787062
16.573753
16.826075
16.466875
16.202408
16.119492
15.928909
15.773379
15.7518215
15.5431385
15.462577
15.228281
15.136815
15.075305
15.1047325
14.898625
14.582142
14.562625
14.468826
14.496864
14.428066
14.320177
14.128778
14.405377
14.146533
13.955511
13.815235
13.72275
13.6490135
13.553915
13.529391
13.667309
13.415429
13.424496
13.202557
13.145532
13.0306
12.996664
12.769231
12.820032
12.687081
12.486135
12.4011755
12.395369
12.477694
12.228294
12.303258
12.265442
12.152154
11.957074
11.915928
11.963249
11.869672
11.74851
11.738659
11.74766
11.9963255
11.550493
11.582285
11.478429
11.51404
11.426212
11.328577
11.14909
11.0413265
11.037148
10.852014
10.774371
10.758286
10.766365
10.680515
10.6535845
10.531995
10.615111
10.473085
10.377515
10.401553
10.351906
10.236784
10.234506
10.188811
10.107768
10.02134
10.005218
10.004781
10.060226
10.025785
9.872021
9.8203125
9.769625
9.762004
9.574516
9.661486
9.547862
9.429319
9.400437
9.433562
9.346718
9.234102
9.225576
9.259435
9.270166
9.131102
9.137276
9.13238
9.108017
9.104279
8.996297
8.974411
8.966419
8.975825
8.916321
8.975295
8.996638
8.942519
8.833648
8.857251
8.7112055
8.709488
8.738062
8.653146
8.616607
8.537195
8.43409
8.451399
8.452465
8.391859
8.375669
8.262507
8.2669325
8.273116
8.228625
8.174161
8.2256565
8.160608
8.078775
8.124238
8.240958
7.979307
7.8831
7.982103
7.8997126
7.9019313
7.887216
7.829124
7.863193
7.8463583
7.74102
7.7487354
7.7328205
7.6556287
7.563575
7.548024
7.461917
7.493848
7.4719086
7.4439588
7.325025
7.319049
7.125756
7.198687
7.102438
7.1095386
7.106448
7.040858
6.9425797
6.9454246
6.9342303
6.894974
6.9040904
6.8701344
6.8743277
6.838363
6.807718
6.679674
6.676793
6.7358985
6.6616993
6.6657257
6.523709
6.57081
6.496373
6.4617105
6.4577203
6.479095
6.808827
6.451213
6.4412622
6.400559
6.3974047
6.3047996
6.3084726
6.3703904
6.614751
6.299449
6.2338977
6.2450833
6.2434387
6.12597
6.131693
6.095904
6.138085
6.0244684
5.984539
5.98918
5.9609957
5.927367
5.9501705
5.9916387
5.9387097
6.0820146
5.8664737
5.9611354
5.829536
5.7602
5.7671113
5.7251525
5.675663
5.6819625
5.6745973
5.6591473
5.538945
5.646837
5.5959764
5.547045
5.5323834
5.5222178
5.458157
5.4496393
5.367905
5.4134445
5.359952
5.387901
5.367646
5.364713
5.285998
5.2620587
5.199623
5.2104287
5.162504
5.211609
5.1846604
5.1510496
5.202426
5.1780467
5.1367946
5.0345287
5.0826397
5.016043
5.0715747
4.9997497
4.9828534
4.9696465
4.9264817
4.8940873
4.8777432
4.863061
4.880336
4.855081
4.8627996
4.8621917
4.895726
4.8492107
4.8334336
4.7710376
4.782882
4.7627845
4.723574
4.7047625
4.7278595
4.6762323
4.6301317
4.6551805
4.6364226
4.6290264
4.6517987
4.5873713
4.60047
4.6198316
4.587343
4.564435
4.545964
4.5462503
4.585763
4.5277896
4.446957
4.4521294
4.4273024
4.3755198
4.403842
4.354577
4.3090916
4.321637
4.2930408
4.303603
4.2557964
4.2332287
4.2386556
4.2231703
4.1547017
4.20972
4.2049713
4.1733465
4.1377187
4.1151505
4.1786594
4.1061997
4.062973
4.0887337
4.097281
4.0465493
4.069168
4.055394
4.051298
4.063118
4.0497465
3.9671361
3.9726555
4.071643
3.9478872
3.8676665
3.8928628
3.9192433
3.8504934
3.8498924
3.961036
3.7833443
3.893622
3.7596757
3.8840072
3.7242184
3.8434668
3.8869548
3.8186204
3.7664587
3.7070754
3.7158403
3.7177548
3.6296809
3.6337094
3.588511
3.5715797
3.5533772
3.5647874
3.532496
3.5496619
3.550057
3.5113132
3.577399
3.5107703
3.495331
3.5037706
3.5303907
3.4936707
3.4268765
3.5127957
3.4692576
3.420383
3.3856294
3.416689
3.4235804
3.3837662
3.366215
3.4115016
3.3197634
3.3787508
3.3339849
3.3588507
3.2939692
3.3379066
3.3936284
3.336094
3.3730173
3.357446
3.3706307
3.290779
3.3812118
3.31849
3.2957878
3.2630813
3.27953
3.3678055
3.2992954
3.2822652
3.307108
3.295635
3.2640584
3.2436686
3.2737632
3.2259116
3.2184896
3.2301676
3.1549864
3.1593509
3.2941682
3.1687644
3.1434362
3.1278043
3.077663
3.0755138
3.085381
3.106734
3.0920732
3.264812
3.0899441
3.0723267
3.0701637
3.047789
3.0131671
3.015253
3.0316973
3.028229
2.9729939
2.9744024
2.9966493
2.9859717
2.9691684
2.9496245
2.9655602
2.9417644
2.8680594
2.9301817
2.8671615
2.8913376
2.8670127
2.8205774
2.9297361
2.8538516
2.8833869
2.883217
2.8086658
2.8640468
2.838212
2.7838805
2.8188956
2.7894619
2.7964966
2.753808
3.0171258
2.7728097
2.7535272
2.7479515
2.7592409
2.7765617
2.8864977
2.7057323
2.745865
2.7363453
2.6961844
2.7036746
2.7096446
2.7062213
2.7036211
2.7157986
2.7518015
2.7038505
2.7374535
2.7000966
2.7311141
2.6594465
2.6327267
2.7777097
2.637089
2.7091985
2.642669
2.657392
2.6652915
2.6737292
2.6759944
2.626534
2.647584
2.7525578
2.5994842
2.6798294
2.5601385
2.602779
2.5597255
2.58407
2.6394923
2.5877762
2.8161082
2.5533338
2.6078022
2.5598516
2.5479622
2.5396435
2.5175679
2.5338473
2.567145
2.5238674
2.4892898
2.551043
2.5574143
2.5165792
2.519839
2.535395
2.5024614
2.5328672
2.5444016
2.5137823
2.5926566
2.4761653
2.4711418
2.4900713
2.454979
2.4188175
2.500249
2.507971
2.517284
2.4083908
2.4337347
2.3783214
2.4127092
2.422713
2.38752
2.373111
2.3602312
2.3577116
2.3855896
2.345541
2.3919625
2.3694546
2.4081266
2.4390593
2.4021714
2.3853724
2.3293023
2.3675401
2.3104656
2.3326054
2.3654218
2.2954414
2.3462868
2.2926114
2.2480829
2.2832608
2.3501952
2.290068
2.3165665
2.3793423
2.2940052
2.3068259
2.3267543
2.2597997
2.244292
2.2672987
2.2942886
2.297275
2.2733066
2.335221
2.2901728
2.3096237
2.302399
2.3228393
2.3013883
2.2903469
2.2309825
2.3107514
2.2121546
2.2834609
2.315158
2.2414176
2.3071964
2.3601532
2.279053
2.2865503
2.27009
2.338646
2.3420641
2.3502126
2.352036
2.3987484
2.5536027
2.4263022
2.5143695
2.340957
2.3410046
2.2624435
2.284747
2.3248017
2.3118658
2.224841
2.2791836
2.2107203
2.3357675
2.2010553
2.3353865
2.177991
2.1787705
2.1778615
2.1795216
2.1735191
2.1407022
2.1589718
2.1745849
2.1402457
2.1628573
2.109327
2.164166
2.072012
2.0914536
2.0862179
2.1155713
2.0818408
2.0484934
2.2578394
2.066532
2.080124
2.0734606
2.04333
2.122142
1.9441944
1.9852322
1.971323
1.9783556
1.9711665
2.0026844
1.9860497
1.9709018
1.9672806
1.9819673
2.0434272
1.9530543
1.9302024
1.9202348
1.970569
1.928291
1.9123403
1.8919857
1.9107745
1.9355365
1.8981786
1.8754978
1.8926544
1.9343129
1.9097961
1.9047822
1.9067003
1.8176564
1.9037224
1.8786173
1.8583683
1.8830656
1.822119
1.9435716
1.8303899
1.7946436
2.0602884
1.810041
1.7606801
1.8024502
1.784276
1.7654141
1.7891442
1.7436231
1.7736578
1.790716
1.7769692
1.7434767
1.8513757
1.718171
1.7911435
1.8080249
1.7736955
1.7622554
1.7610822
1.7630514
1.780757
1.7526048
1.7537816
1.7359546
1.7663031
1.7103297
1.7176919
1.7113769
1.6820517
1.6671996
1.6665099
1.6312495
1.6688049
1.6871716
1.6413566
1.7570357
1.6433879
1.63065
1.617866
1.6462252
1.6265694
1.6060516
1.6236562
1.6494186
1.652491
1.6766279
1.600287
1.6121149
1.599316
1.5897876
1.6204683
1.612128
1.6458427
1.635437
1.628165
1.6304698
1.5978234
1.5967908
1.6130784
1.5843383
1.6415489
1.5592889
1.5382118
1.518371
1.5159131
1.5631995
1.6076833
1.722625
1.5300294
1.5164623
1.5486759
1.5043072
1.4926935
1.5066044
1.5159553
1.5108511
1.5607474
1.4980304
1.4844925
1.4945307
1.54365
1.5466512
1.5492207
1.517318
1.5107567
1.5173749
1.5166377
1.5032166
1.4918686
1.4648407
1.5184927
1.4720712
1.4803755
1.5705907
1.4865524
1.4450129
1.4455824
1.470693
1.4697324
1.4677753
1.43298
1.460957
1.456804
1.4387568
1.4399736
1.3720298
1.4096534
1.4092062
1.4134519
1.3673421
1.3762478
1.388082
1.3984398
1.396327
1.4657532
1.4653856
1.3558555
1.3391973
1.44428
1.391408
1.4228178
1.3370225
1.3449069
1.3174002
1.3300457
1.3187345
1.342882
1.2817329
1.2974485
1.3101679
1.3436666
1.3644782
1.337558
1.3191732
1.319004
1.3421243
1.2725294
1.2772198
1.267162
1.2952644
1.2714715
1.2885736
1.2939764
1.2801352
1.284414
1.283789
1.2633114
1.2208408
1.2430918
1.2606131
1.2504342
1.2528653
1.2111034
1.2565465
1.3214405
1.2086676
1.2253038
1.2209952
1.2259852
1.2255776
1.2127999
1.2296536
1.2336683
1.2965235
1.2138162
1.206642
1.2021934
1.219708
1.2611575
1.2325914
1.2757478
1.2026849
1.1895809
1.2098113
1.1732267
1.2188048
1.2130904
1.1968902
1.2010511
1.1654141
1.1412568
1.1352588
1.2184263
1.1745884
1.1720761
1.2145952
1.2044874
1.1529981
1.1158125
1.12278
1.1075947
1.1181173
1.0764753
1.1362741
1.1197801
1.108139
1.1273174
1.1359333
1.1079084
1.0720866
1.1040586
1.0601838
1.108263
1.0902131
1.0502411
1.1055474
1.1460894
1.06632
1.08424
1.163165
1.0775639
1.0730174
1.0693377
1.1025325
1.0935774
1.0808442
1.0468217
1.0081894
1.0441799
1.034232
1.0617542
1.3480393
1.0137901
1.0218818
1.0375785
1.0210457
1.0325041
0.9922996
1.0217435
1.0789531
1.0224162
1.0151461
1.0118431
1.024249
1.0406296
1.0266184
0.989677
1.069662
1.0036393
0.98842704
0.9910198
1.0321501
0.97219366
0.9943704
1.012199
0.9352116
0.94239986
0.97726595
0.9530195
0.95580435
0.96938473
1.0228121
0.9619642
0.95629346
0.95739335
0.9470267
0.9208502
0.9702192
0.9369997
0.989129
0.9508711
0.932888
0.9350762
0.93708295
0.8994656
0.93611616
1.0956624
0.9347912
0.92393386
0.9292244
0.9374575
0.93992007
0.94278204
0.91927606
0.91804487
0.91143906
0.929131
0.93839836
0.9811884
0.98142743
0.9430607
0.96584123
0.9906257
0.9162555
0.9594001
1.1173929
0.9490893
0.9151713
0.9053002
0.88759094
0.9097969
0.8755577
0.8654243
0.857969
0.8902638
0.9085742
0.9016144
0.86682546
0.8717503
0.8683564
0.8641823
0.8873357
0.85969067
0.9628493
0.8557951
0.83311045
0.83511347
0.83982277
0.85464776
0.8679147
0.852773
0.84693176
0.95423573
0.85095257
0.8349928
0.86491627
0.8310827
0.81930137
0.8261638
0.83523786
0.8477339
0.8128195
0.8193897
0.8522561
0.85490775
0.8317261
0.8440169
0.8261806
0.8376027
1.1077998
0.85851926
0.8219137
0.81875205
0.7862851
0.78185946
0.80858254
0.7793647
0.80636996
0.783413
0.78228754
0.78602535
0.76575285
0.9967332
0.79199976
0.796107
0.8364058
1.3710512
0.8256013
0.84888643
0.8113571
0.9856065
0.9001182
0.795351
0.8111862
0.81462187
0.79641604
0.8021869
0.7789862
0.74838537
0.7567475
0.763647
0.76759034
0.7569164
0.9711925
0.7656374
0.7460525
0.78337586
0.83170855
0.73313093
0.7714023
0.73095
0.7555573
0.73260385
0.7722074
0.76193786
0.7484683
0.7375334
0.7304163
0.73766047
0.7029122
0.75719666
0.72926044
0.74710536
0.74540883
0.7339477
0.75675243
0.74665433
0.7768788
0.74374694
0.75731343
0.7154493
0.77439356
0.7461345
0.7729876
0.7343295
0.72955865
0.7253144
0.72241855
0.6998107
0.7122885
0.72072
0.7162141
0.7207068
0.7112013
0.7446234
0.7078989
0.73426396
0.73046786
0.71791965
0.8458267
1.1220036
0.7438102
0.69439936
0.6791496
0.72753024
0.69557136
0.68542624
0.7181376
0.71839184
0.7509836
0.719917
0.6763739
0.72155297
0.7243157
0.69627684
0.69241816
0.6956138
0.6975347
0.66523474
0.72470725
0.72112566
0.69148666
0.7005281
0.7342247
0.69252217
0.69208354
0.68991446
0.65095854
0.67347306
0.67049545
0.6788234
0.7563637
0.666629
0.6258601
0.6679176
0.7257939
0.6599027
0.64139414
0.65263164
0.67320585
0.6740798
0.60974073
0.6946078
0.6916179
0.6325664
0.6453702
0.6307756
0.66667634
0.6518398
0.6640637
0.66077524
0.65443414
0.66461784
0.6438433
0.66133875
0.7113289
0.66206694
0.64238495
0.68219316
0.67737705
0.6550607
0.6553877
0.66901594
0.66241395
0.6619579
0.636747
0.95160276
0.6751912
0.6297855
0.63361394
0.5899044
0.63921136
0.6136711
0.6493254
0.6043763
0.58404654
0.6283512
0.6190825
1.1753484
0.65594906
0.62797207
0.62691635
0.61592835
0.6280338
0.6313344
0.64223343
0.61286974
0.60406494
0.6015068
0.6093828
0.6156415
0.56751615
0.61257076
0.60318923
0.57676643
0.6259912
0.6093806
0.6089264
0.5869389
0.61106706
0.5998441
0.60888445
0.612713
0.63585156
0.55238503
0.568164
0.5993044
0.5774852
0.5582811
0.59530556
0.582813
0.5923551
0.5748743
0.5785944
0.57641447
0.54351306
0.58737767
0.59044343
0.598804
0.54399973
0.5563549
0.53881145
0.56200546
0.5504629
0.5667689
0.56060976
0.5718808
0.53350234
0.5294095
0.5774192
0.56464493
0.5363091
0.54129016
0.49096826
0.511165
0.50554156
0.51883614
0.5465893
0.5410826
0.554361
0.52492315
0.5401537
0.525872
0.52729625
0.5769382
0.5251204
0.55648327
0.54202396
0.6345287
0.55374265
0.54061323
0.5377803
0.54544026
0.48481998
0.5243153
0.53429955
0.57732314
0.4956445
0.5097763
0.5114267
0.49149936
0.48786753
0.5233091
0.5376889
0.5381813
0.5159634
0.47618356
0.5241622
0.52185947
0.53102046
0.5223457
0.5262489
0.50441223
0.5216066
0.51061296
0.51581365
0.4866566
0.6574823
0.50699747
0.48761246
0.4878165
0.49064273
0.49725977
0.5357814
0.47652116
0.4982122
0.48537657
0.52801216
0.53373265
0.48481476
0.48686343
0.6180571
0.5480989
0.4838404
0.5121711
0.48694968
0.521567
0.5478892
0.48700514
0.50858915
0.52834874
0.60542285
0.48284093
0.49015996
0.46584395
0.47667667
0.49207532
0.47592658
0.44045934
0.49804863
0.46356323
0.48801288
0.51829123
0.49367148
0.48802507
0.48701203
0.5069237
0.45254883
0.6366374
0.48654878
0.4350447
0.48221874
0.5042141
0.4743618
0.4664504
0.46397924
0.57888377
0.5072511
0.4593105
0.48700416
0.47032934
0.4876155
0.48258397
0.42996055
0.53744745
0.49566257
0.47382924
0.48379785
0.47361627
0.4755019
0.44874954
0.47165588
0.49221593
0.5278428
0.46342838
0.47724032
0.46327645
0.48594728
0.45277053
0.4687149
0.5105011
0.47726154
0.41969743
0.47872183
0.5034531
0.5263791
0.45519754
0.45639136
0.4723473
0.42307377
0.43978423
0.42240018
0.49794987
0.46530893
0.5117871
0.44156533
0.45647597
0.43586797
0.4496344
0.44017863
0.4663129
0.47351077
0.4622434
0.43464154
0.43759036
0.4297917
0.48053846
0.41306028
0.43822291
0.4546084
0.4596596
0.43320808
0.43036452
0.4437653
0.5106868
0.46787414
0.44146824
0.44007167
0.43567556
0.41008666
0.42552254
0.5227364
0.45750546
0.47956514
0.43092418
0.42624393
0.42503905
0.49137875
0.42805743
0.46057492
0.41453484
0.46829513
0.4139579
0.45655474
0.40452778
0.4303203
0.44757795
0.44179246
0.49276966
0.43774748
0.47267836
0.50172764
0.5985957
0.51310027
0.45425034
0.45278043
0.4567573
0.4599862
0.43963054
0.43866828
0.4071513
0.447605
0.43488932
0.43955085
0.39562455
0.42866072
0.44062886
0.40587342
0.45024586
0.41154894
0.41424283
0.43049607
0.42821032
0.39947823
0.40750086
0.4624688
0.45037434
0.42641887
0.4280003
0.40138498
0.41782779
0.43651068
0.398018
0.40332267
0.4224782
0.41064537
0.46893996
0.4195123
0.42943567
0.45719585
0.57625496
0.3988435
0.4140368
0.41367254
0.40684545
0.4064872
0.4551918
0.44632232
0.4360767
0.37991354
0.4259876
0.38278162
0.47978276
0.52816135
0.38768426
0.40888876
0.41715539
0.41589257
0.44229856
0.40549543
0.42900547
0.38914192
0.435262
0.40084276
0.4114307
0.36743984
0.4262158
0.43334183
0.3932144
0.37473226
0.42648497
0.41998604
0.37281755
0.3831418
1.2265444
0.40794948
0.5057359
0.4301028
0.39757895
0.4086395
0.3931832
0.38848844
0.3891611
0.43965214
0.39989918
0.42453444
0.41799623
0.40401784
0.41350517
0.4102879
0.41177878
0.38646674
0.4313114
0.3971184
0.4300132
0.41085905
0.40868574
0.4496236
0.42078567
0.44795278
0.40026724
0.45233175
0.43028134
0.41129184
0.41086832
0.4303144
0.42707142
0.48662928
0.4131918
0.39744708
0.39785832
0.41457504
0.4417397
0.45557004
0.41913503
0.40913075
0.41661385
0.3971531
0.3894724
0.37858453
0.3879286
0.38994956
0.4328133
0.49657482
0.41582015
0.37774414
0.37070984
0.36852998
0.36915746
0.38195708
0.3925876
0.385583
0.37158212
0.3755036
0.38312364
0.3749612
0.38293526
0.3875053
0.4068481
0.39004347
0.39711285
0.38508883
0.3871056
0.42398378
0.5329929
0.44939917
0.39757714
0.38408846
0.37586278
0.37277493
0.37095878
0.38378668
0.39356038
0.3952368
0.38747954
0.38465288
0.37855816
0.36911336
0.35546833
0.3823396
0.38207364
0.39465427
0.37028584
0.36309674
0.36769202
0.37819698
0.3854153
0.37447476
0.3709181
0.36878547
0.39741263
0.3878326
0.40549174
0.3854228
0.39206564
0.37760553
0.37435728
0.37442917
0.37420955
0.38018352
0.43599313
0.53573817
0.46901083
0.42406815
0.41068366
0.38750204
0.37935454
0.37753123
0.37067434
0.3656883
0.35550007
0.3876583
0.40566403
0.4089357
0.38537255
0.38293862
0.38522685
0.38127342
0.3863773
0.38904
0.3820512
0.35958564
0.35649642
0.3526982
0.34549302
0.3430499
0.3458799
0.35738027
0.37821493
0.3862652
0.38662487
0.3755584
0.388317
0.4211597
0.4207534
0.42608517
0.3939627
0.3863033
0.40634125
0.41676924
0.41738263
0.35643134
0.34412554
0.3434427
0.36721882
0.35692468
0.3537657
0.3376714
0.35412008
0.35472745
0.37622097
0.36071298
0.35871398
0.34218994
0.3415471
0.35086653
0.35668796
0.36870033
0.34965664
0.3469919
0.33640274
0.3743844
0.39793307
0.41274542
0.36566037
0.3614719
0.35310525
0.37164563
0.33737317
0.34028822
0.3334606
0.33552688
0.31967768
0.30764002
0.30711105
0.30653685
0.31216377
0.33440802
0.31185934
0.32332233
0.30487671
0.31844217
0.31335935
0.32357028
0.35330325
0.36578414
0.35691023
0.3214458
0.2985535
0.2836782
0.29061872
0.28786677
0.3213388
0.31872687
0.3174722
0.28552738
0.30726722
0.31457925
0.35084292
0.33421636
0.3422478
0.31771582
0.3229093
0.32051125
0.33239004
0.32770458
0.32116786
0.3094085
0.29560181
0.3003779
0.30993134
0.2877851
0.28264993
0.29214266
0.31551728
0.32747647
0.31107572
0.29969323
0.28675073
0.2932645
0.2953441
0.3040545
0.29359958
0.28853303
0.27557987
0.27945662
0.295412
0.30972636
0.34151915
0.340347
0.30337888
0.29600143
0.28936058
0.29193082
0.3220735
0.31364116
0.3028036
0.29127494
0.28368682
0.2806369
0.27236947
0.2634471
0.266295
0.2736062
0.2708087
0.2711141
0.29699674
0.30789423
0.30939195
0.33817258
0.3194458
0.3007035
0.30388176
0.2987332
0.2831535
0.28452402
0.28672254
0.26558143
0.2564409
0.26551417
0.2696747
0.28330615
0.28335503
0.2860159
0.2752818
0.2765634
0.27551094
0.28472233
0.29463878
0.31100795
0.30744252
0.30942586
0.30963528
0.31634212
0.32088968
0.3207102
0.31394666
0.31744218
0.3069393
0.29958946
0.30408564
0.28524768
0.28411785
0.290578
0.27481502
0.27893126
0.2897272
0.2857305
0.27838987
0.30382645
0.29499277
0.30624154
0.3081742
0.34554312
0.34809864
0.377283
0.4200125
0.36663222
0.32882085
0.32308453
0.3057382
0.31799772
0.32825178
0.34946364
0.35531667
0.3406546
0.33869082
0.3259182
0.3143318
0.3013597
0.3034881
0.28967735
0.2880585
0.29283562
0.28577876
0.2850198
0.30641335
0.29797766
0.28184605
0.29606465
0.30418244
0.29555988
0.30472454
0.30009335
0.3000503
0.3413983
0.3375638
0.34519506
0.36131024
0.3638537
0.32492295
0.3193772
0.31065142
0.31444862
0.29968786
0.2978732
0.29779065
0.2911996
0.2841248
0.28664988
0.2885585
0.304035
0.34111243
0.33803093
0.34555748
0.3302268
0.32765064
0.3018194
0.29330447
0.2875501
0.2948505
0.30749646
0.3127493
0.31604528
0.30754018
0.3080432
0.28982252
0.2883166
0.28386387
0.29041478
0.30520153
0.2990456
0.29123
0.29058713
0.28682047
0.28429484
0.27194315
0.27927387
0.2861246
0.2830676
0.27928683
0.28726885
0.29588374
0.29646033
0.30071014
0.30335617
0.33147618
0.31933376
0.307824
0.3089968
0.31622994
0.30693367
0.2961503
0.30294055
0.30985522
0.30519956
0.3130344
0.32506308
0.32273626
0.32656908
0.3336278
0.32017273
0.30752814
0.28719115
0.2887461
0.28480288
0.27848148
0.28971237
0.29205003
0.3222379
0.33903745
0.34173563
0.36747614
0.3839148
0.394669
0.35567695
0.35078418
0.31958607
0.30540246
0.2829836
0.270995
0.27177873
0.27066386
0.28681427
0.2939737
0.2902361
0.29258797
0.30642042
0.31427458
0.309167
0.30496955
0.32798547
0.3360496
0.34454173
0.34205776
0.3431759
0.34753907
0.35140064
0.33216444
0.32533228
0.3299855
0.32906502
0.32838517
0.3371394
0.32696196
0.33147243
0.35252282
0.34308738
0.3457467
0.344076
0.33814067
0.43659106
0.45143566
0.467045
0.46028462
0.44906956
0.45244655
0.4138036
0.32535306
0.33800516
0.3504911
0.38311467
0.3844551
0.39706874
0.40297487
0.40012267
0.38880584
0.3834799
0.35223
0.34967238
0.3349198
0.33807877
0.3478105
0.34917673
0.35641682
0.37710872
0.39160934
0.4000058
0.39437485
0.38013688
0.36471957
0.3560678
0.36223257
0.36442643
0.36922237
0.38348046
0.39027613
0.41867968
0.44155762
0.44228762
0.44475067
0.45165318
0.44490266
0.4605193
0.44626966
0.42412764
0.4048251
0.39362976
0.40206593
0.4162291
0.43574965
0.43410927
0.46132237
0.47496158
0.47083122
0.45736265
0.44749716
0.4212956
0.4420155
0.40762138
0.40632483
0.3950182
0.40735367
0.42475522
0.4266414
0.4314009
0.43876114
0.42830622
0.4378745
0.45570937
0.44589302
0.42075384
0.40700114
0.40515822
0.40359822
0.41250315
0.41624075
0.40545663
0.406508
0.42842007
0.44919607
0.4421116
0.4496652
0.46115243
0.46039537
0.45588782
0.462668
0.48922795
0.51613253
0.5264643
0.5470234
0.55947465
0.577576
0.5858118
0.5960262
0.5716871
0.54726934
0.5332505
0.5175721
0.5155445
0.5277331
0.5407161
0.5496581
0.56981814
0.6032969
0.629567
0.65422684
0.6889645
0.6985091
0.7034652
0.6887359
0.67955303
0.6499411
0.62336993
0.6074752
0.56559384
0.55384934
0.5678467
0.60815084
0.6325512
0.6527327
0.6814411
0.73268366
0.77518463
0.85101604
0.8966001
0.8605353
0.8808418
0.89674944
0.89882106
0.92306167
0.8766013
0.8442462
0.7977979
0.80864275
0.8025362
0.81503594
0.86178315
0.890646
0.9371831
1.0030524
1.0983518
1.1542743
1.202962
1.2591748
1.2480482
1.2359753
1.2135409
1.1946101
1.2254993
1.1959344
1.1613499
1.1008232
1.1117252
1.0848207
1.0703458
1.0446514
1.044707
1.0460018
1.0544062
1.0701562
1.1226609
1.196679
1.2839227
1.3742559
1.4332764
1.4964428
1.5647999
1.5943239
1.6755599
1.7467902
1.7433531
1.7842582
1.8187993
2.1634896
2.359112
2.8063936
3.3361409
4.0953403
5.0869765
5.8913784
6.3499217
6.8594685
7.186691
7.2097845
7.227461
7.698093
8.186409
8.819282
9.948035
11.665423
12.97181
17.62264
23.252056
33.551144
56.67833
298.4167
497.53116
1104.6022
