8701540.0
8325598.0
3716464.0
2434238.0
1813045.8
1433480.2
1182778.1
997690.8
866924.25
754776.44
676637.25
612723.0
548398.06
496022.56
451448.38
413645.75
388808.62
362326.56
330370.2
312139.03
289967.9
271651.03
259555.55
247742.47
231467.78
219445.62
210954.19
205444.67
194059.47
184068.7
178540.06
171662.8
164118.39
156943.75
150148.92
148135.47
139223.48
138201.42
131749.58
129621.4
126828.05
126632.87
119841.516
115928.73
113179.27
108332.46
108047.555
106587.7
102293.766
99403.37
97723.31
94390.125
93540.664
94095.73
92208.0
88880.49
87573.41
85733.914
84701.38
84558.23
83173.23
81469.734
77776.72
78896.87
76686.23
77056.13
74157.85
73774.62
70987.76
71104.49
68114.305
69060.2
69293.16
66763.75
66368.74
63951.797
65359.527
64734.207
63436.227
61086.17
61605.16
61378.29
62159.17
61224.695
57337.3
57893.68
56382.46
55914.48
54218.344
56003.246
54530.234
54435.707
54907.133
53216.832
52737.63
52377.61
52187.973
53355.707
49956.453
49823.453
51121.785
50685.02
48148.33
49915.92
48317.156
48731.605
47480.004
47420.7
46742.438
47478.887
46351.777
46570.652
46821.33
45826.48
44246.953
45716.01
45568.637
44672.965
43811.367
44495.254
43290.79
43584.438
43440.82
42117.527
43032.91
43028.15
40997.69
41268.81
41570.53
40391.055
40969.45
40278.93
41550.184
41503.832
40432.258
41060.164
40461.484
39550.36
40840.98
39998.5
39452.477
40281.426
39107.855
41139.633
38109.35
38758.793
37790.086
37170.207
36609.53
37489.887
37927.65
37733.156
38442.223
36692.086
36369.14
38134.523
37370.94
37642.914
37484.56
36418.188
35307.73
35438.945
35278.055
35854.887
34402.28
33946.02
34240.71
34501.023
34920.98
34481.094
33991.113
34005.09
34364.918
34377.91
33922.984
34101.535
33471.17
32057.467
33269.957
32383.889
33373.098
31446.777
32924.797
31315.166
31438.994
32675.031
32292.13
32618.291
30929.969
31156.549
31083.89
30735.209
31121.795
30248.71
30449.066
30324.908
30366.88
30763.518
29587.582
29445.988
29877.959
29758.92
31728.111
29134.824
30661.389
28694.682
29321.5
28964.816
28973.46
28686.412
28129.729
28961.74
28366.771
29104.97
27616.244
28579.85
28485.17
27965.34
28392.31
28311.488
28184.379
28036.89
28251.025
27876.47
28348.41
27299.264
28520.168
27812.531
26852.213
27630.129
26103.066
26336.623
26620.344
27102.875
26821.432
27323.502
26341.64
27303.861
26284.559
26114.87
26032.178
26214.969
26468.785
26083.74
25622.53
25575.057
26705.469
25812.281
25827.64
25238.309
25395.4
25675.418
25901.396
25900.78
25238.91
25307.37
25318.43
25915.115
25425.604
25423.246
25777.523
24261.842
25451.088
26054.736
25044.387
24491.393
25380.402
25048.363
24221.426
24556.291
25137.66
24106.324
24776.102
24142.02
23223.316
23754.078
23585.076
23660.23
24118.955
23517.648
23754.57
23488.36
23957.256
23992.312
24284.775
23956.17
23138.736
24656.16
24772.645
23788.299
23791.906
22651.047
23824.844
23499.504
23079.004
22834.293
22658.525
22280.633
22132.658
21956.059
22772.836
22934.13
22756.877
22084.762
22290.994
21873.63
22425.975
22001.412
22144.117
21700.744
22366.145
22026.887
21117.164
20950.57
21298.047
20481.043
21803.977
20792.71
20848.996
20886.033
20933.268
21315.527
20834.055
21045.168
20476.363
20789.273
21181.79
20994.53
20513.734
20401.791
20467.568
20963.719
20908.992
20233.25
20367.264
19872.246
20357.2
20546.223
20306.408
20159.174
19826.414
20183.691
19907.164
20393.93
20685.885
20060.771
20123.613
20288.043
19759.426
20046.96
20052.129
20072.82
19825.324
19992.305
19437.49
20701.3
20169.402
19693.164
19325.486
19455.035
19657.312
19271.541
19544.229
19342.463
18569.336
18950.152
19175.092
19424.934
19780.29
18980.652
18748.855
18698.729
19961.012
18814.197
19425.816
18208.566
18832.742
18329.406
18523.96
18549.527
18162.07
18481.838
18335.168
18126.797
17960.943
18000.861
18183.248
18476.4
17982.215
17927.545
17955.525
17727.678
18207.316
17619.893
17854.824
17917.531
17932.713
17823.357
17988.988
17588.873
17874.0
17362.146
17610.232
17826.965
17445.9
17614.387
17758.916
17382.281
17500.09
17240.584
16859.271
16963.64
16580.408
16696.584
17011.945
17142.988
17026.062
17010.227
16558.951
16387.094
16926.965
16900.61
16893.781
16219.573
16767.69
16607.58
16744.115
17072.953
16691.69
17339.07
17306.814
16923.57
16172.843
16963.572
16195.892
16538.605
16550.316
16561.846
16674.28
16339.948
16237.31
16384.883
16222.8125
16000.865
16568.0
16456.7
16263.301
16422.803
15892.891
16297.457
15766.247
16608.393
16141.896
16269.14
15807.347
15817.687
15713.716
15565.522
15520.19
16020.772
15748.726
15860.66
15540.753
14919.873
15121.892
15130.316
15083.172
15813.826
15888.219
15275.946
15430.16
15065.245
15275.46
15067.423
15192.448
14936.278
15173.387
15071.659
15044.523
15356.52
15668.877
15133.77
15026.112
15216.926
15319.751
14935.39
14483.02
15026.963
14663.625
15144.342
14876.982
14974.678
14642.184
15249.277
14565.364
14439.767
14528.274
14637.434
14084.517
15005.063
14396.751
14931.23
14685.396
14832.042
14452.577
14867.676
14392.347
14791.717
14604.381
14441.23
14330.054
14504.805
14170.832
14577.171
14147.234
14171.137
14315.257
14660.58
14140.064
13806.774
14668.811
13958.681
14245.501
13959.582
14043.053
14121.328
14202.6875
14048.198
13861.02
13877.547
14031.363
13449.306
13967.223
14028.989
14140.1
13654.765
14034.118
13836.023
13644.231
13688.528
13771.341
13557.246
13684.792
13838.922
13408.901
13545.98
13597.186
13450.443
13382.736
13502.627
13020.283
13076.286
13257.982
13602.949
13375.495
13045.225
13233.621
13123.968
13656.628
13752.656
12757.744
12963.908
12989.922
12804.74
13249.164
12956.092
12867.629
12842.4
12723.108
12984.565
12784.316
12693.905
12928.297
13124.365
13028.602
12844.787
12988.093
12669.595
13013.755
12851.429
12843.881
12731.238
13071.204
13097.158
14108.965
13156.159
13052.128
12941.55
12686.175
12783.784
13028.11
13249.711
12752.377
12698.047
13045.701
12984.374
12942.823
12833.007
13032.992
13165.283
12572.224
12709.162
12729.74
12836.099
12656.919
12194.7705
12660.067
12582.149
12380.208
12209.135
12708.595
12470.364
12588.02
12529.108
12386.416
12650.876
12287.927
12409.066
12529.321
12864.6455
12743.782
12694.168
13185.519
13303.589
13177.989
13038.579
12838.888
12741.489
12829.996
12776.257
12815.177
12747.397
12119.779
11984.025
12434.413
11698.205
12054.21
12530.526
12158.353
11871.507
12307.849
12294.753
12050.41
11757.745
11608.242
11684.005
12284.052
12644.846
12118.978
11635.238
12100.928
11925.117
11648.321
11624.943
11825.606
11946.096
11840.895
11596.981
11465.833
11756.589
11981.888
11491.931
11425.365
11718.043
11431.646
11340.413
11489.135
11791.668
11383.369
11288.222
11552.829
11329.855
11238.706
11104.758
11276.403
11670.735
11144.2295
11081.466
11083.172
11274.211
11227.914
11338.318
10628.217
11439.716
11170.522
11360.825
10992.209
11458.1045
11108.971
11247.208
11342.078
11557.812
11150.694
11247.417
11019.135
11604.033
10916.972
11142.674
11640.002
10703.997
11534.084
11767.191
11392.847
11253.904
10720.401
10667.89
11113.966
11013.079
10654.303
11152.382
11020.343
11028.113
11372.591
11817.187
11055.057
11359.803
11173.088
11625.433
10422.325
10887.334
11315.846
11125.387
10651.533
10869.255
10657.959
10263.495
10931.999
10732.993
10713.745
10659.489
10667.059
10057.156
10465.686
10136.218
10809.596
10331.209
10491.983
10019.051
10651.474
10543.601
11010.507
10609.968
10267.92
10389.215
10437.327
10379.315
10390.5205
10220.607
10241.331
9992.442
10053.387
9455.667
10438.355
10351.229
10505.667
10295.713
10270.526
10028.77
9929.3125
10097.691
9664.525
9913.248
9998.836
9940.515
10385.593
10227.737
9721.353
10449.951
10001.17
9943.266
10261.858
10181.746
10073.31
9904.263
10088.908
9870.424
9587.546
9971.006
10296.142
9800.929
10145.376
9927.82
10768.053
9920.0205
9829.388
9736.316
9834.836
9812.109
9407.365
9904.895
10037.487
9613.685
10061.621
9675.888
9831.779
9807.258
9908.54
9573.894
9422.173
9825.323
9542.794
9890.517
9516.858
9799.83
10107.241
9863.708
10091.095
9595.995
9510.887
9289.554
9233.262
9445.655
9370.632
9291.287
9598.891
9501.081
9556.678
9311.554
9997.778
9463.336
9316.483
9175.209
9300.296
9060.808
9130.151
9293.05
8822.982
9140.186
9274.376
9423.084
9139.763
8925.354
8361.437
11479.396
9269.339
9075.318
8822.069
8793.117
9049.853
8969.327
8632.853
9050.873
8785.379
8842.098
8879.31
8747.878
8799.557
8897.708
8850.368
8361.566
8905.713
9346.964
8944.406
8956.585
8891.105
8905.049
9144.971
8520.014
8695.937
8699.374
8620.542
8826.164
9031.498
8934.614
9280.554
9091.941
8617.293
8457.3
8885.424
8243.14
8416.051
8543.08
8936.768
8542.013
9034.642
9175.624
8933.113
8861.254
8865.766
8676.314
8648.719
9144.373
9007.629
8545.621
8815.506
9238.707
8716.402
8754.736
8588.086
8440.6045
8372.722
8488.844
8374.466
8665.467
8281.178
8382.35
8346.782
8305.163
8399.963
8231.613
8445.041
8756.268
8497.237
8451.099
8188.3047
8105.179
8334.688
8552.901
8237.646
8213.15
8582.097
7999.997
8043.3896
8432.705
8147.954
8367.959
8199.486
8716.3
8754.771
8130.5312
7763.3203
8325.644
8506.491
7838.3633
8486.984
7955.849
8325.594
8301.53
8194.774
7924.4375
8122.6807
7960.1636
7845.4995
7739.094
8167.1113
8046.893
7904.341
8090.0923
7750.6416
7756.5156
8004.4434
7674.136
8085.8154
8017.34
8421.72
7853.015
7740.954
7857.8076
7079.7407
7703.9507
7600.446
7592.0947
7772.442
8004.7075
7862.8394
7763.341
7952.0083
7462.4644
7766.269
7674.1313
7781.452
7988.99
7924.99
7596.2275
8077.167
7902.105
7930.075
7933.348
7678.096
8188.626
7795.3013
7696.276
7298.9346
7410.6577
7544.2427
7717.5454
7548.272
7650.477
7701.0786
7760.07
7213.475
7190.3247
7122.7354
7299.9937
7288.2085
7077.5996
7554.335
7388.0166
6997.4146
7149.853
7275.0005
7218.2295
7820.5156
7337.742
7423.084
7587.336
7492.566
7661.888
7224.7217
7538.9785
7299.256
7419.3623
7340.044
7161.056
7391.854
6839.2637
7209.5654
7131.0815
7398.4424
7019.076
7199.4478
7174.973
7405.8438
7429.1333
7016.5547
7581.513
7193.4985
7413.8076
6978.845
7632.381
7390.607
7034.5967
7343.447
7322.833
7116.509
7347.102
7230.734
7196.9473
6855.2104
6697.472
7028.935
6748.5703
7037.692
7049.2925
6521.9717
6930.0107
6478.639
6940.177
6681.821
6988.0435
6702.618
7167.3853
7031.633
7586.926
6980.5527
6558.878
6950.3525
6856.327
6900.524
6966.0537
6621.365
6450.1543
7054.3687
6985.738
6663.35
6847.6377
6835.3286
7149.638
7108.7017
6801.444
6878.629
6755.6816
7101.4673
7100.247
6595.357
6649.3467
6848.254
6704.37
6778.7495
6531.7646
6732.918
6940.0044
6573.106
6923.4316
6585.229
7079.3213
6811.1973
6618.029
6528.205
6645.3804
7016.103
6682.625
6798.05
6940.627
6588.027
6752.175
6522.945
6886.6113
6752.8687
6184.2705
6713.818
6776.1426
6945.1924
6489.7593
6570.3325
6394.8887
6349.5713
6547.543
6170.937
6139.0796
6263.782
6550.47
6116.98
6494.861
6389.5537
6035.141
5920.072
6463.851
6289.8936
6219.322
5900.3765
6278.136
5852.497
5797.451
5947.075
6093.826
6223.0107
6096.139
6120.0527
6138.465
6451.63
6259.8345
6346.3193
5992.7114
5865.485
5917.355
5856.776
6323.8745
5993.2695
6244.8916
5736.903
6133.368
6131.3203
6113.1855
5906.8647
6535.2397
5879.06
6056.0464
6842.6826
6022.3955
6086.5903
6247.664
5764.522
6586.2217
6408.931
5823.0977
6225.9146
5962.018
5752.7065
6073.856
6040.0103
6225.3887
5917.5303
5951.2144
6230.444
6506.956
6056.4116
5877.949
6325.2188
5856.809
5764.9395
6125.9844
5813.78
6184.556
6115.2812
6392.154
5916.805
5807.11
5844.969
6037.3467
5912.5947
5881.396
5703.936
6073.566
5856.837
6229.871
6170.641
6206.221
6388.9604
5978.4556
6137.8887
5701.613
5802.2207
6558.216
5899.5337
5760.4927
5834.4995
6199.135
5683.558
5851.6895
6070.2
6183.887
5886.6626
5954.3223
6250.706
6302.6514
6046.1123
6113.177
6008.094
5684.1914
5647.449
5446.887
5577.302
5878.5806
6227.834
5879.0205
5871.7246
5729.4644
5820.6353
6053.1284
5672.534
5377.5454
5799.4004
5452.841
5922.386
5777.4067
5737.8794
6183.559
5838.122
5620.47
5665.9155
5973.781
5702.934
5844.211
5396.4307
5684.9253
5864.3545
5730.4253
5577.9326
5594.2393
5288.284
5409.8564
5258.8403
5466.793
5364.7617
5307.8237
5543.6113
5410.7637
5427.7354
5618.55
5248.2954
5381.953
5468.4893
5634.63
6148.561
5572.6963
5449.505
5561.6187
5232.734
5203.309
5453.5337
5282.0596
5725.825
5361.631
5575.7773
5253.978
5103.8916
5278.207
5516.691
5255.882
5342.6655
5537.698
5793.75
5110.3457
5532.139
5209.2896
5352.8887
4997.5044
5184.6875
5204.455
4976.084
5460.8564
5422.2046
5566.446
5078.277
5383.434
5167.026
5442.9985
5367.361
4997.4
5234.4683
5477.592
5041.34
5198.044
5621.4526
5123.1577
5470.665
5451.458
5353.8203
5076.503
5290.3833
5167.4917
5008.416
4972.8003
5319.6084
5864.1978
5008.571
5300.6353
5052.1875
5178.4565
5160.2715
5061.2944
5034.6787
5106.0796
5400.099
5115.582
4879.8057
5268.3296
5423.4355
5255.136
5045.0317
5499.614
4783.58
4981.5493
5074.58
4796.84
5335.517
4873.572
5438.693
5266.05
4859.9487
5371.1484
5023.5474
4929.0537
4882.6562
5129.955
5135.012
5128.256
4915.558
5507.3926
5374.2563
5066.0796
4908.4556
5001.5776
5518.1187
5142.837
5088.896
5184.3555
5119.891
4907.767
5112.579
5064.2305
5314.018
5086.0347
5361.7007
5049.302
4939.9375
4830.5723
5023.15
4733.592
5215.542
4822.6333
4789.4604
5068.993
4880.059
4944.455
4944.294
4791.0894
5398.771
4964.2627
4958.469
4936.8438
5349.0806
5163.3003
5048.315
4917.1045
5170.0444
4709.624
5997.5737
5287.7393
4933.302
4948.1953
5041.724
4612.741
5065.138
4952.9126
5140.3223
4888.5137
4762.674
4726.968
4864.816
4522.534
4994.8057
4760.776
4884.032
4662.0566
4955.032
4872.0464
4651.0913
4867.5806
4660.8794
4945.8257
5009.776
4604.583
4981.608
4606.999
4428.518
4711.5063
4395.6313
4846.9062
4358.5303
4561.214
4519.5493
4387.221
4217.6084
4377.655
4274.6055
4729.1504
4358.4575
4306.256
4695.559
4688.2783
4733.213
4631.33
4814.053
4332.579
4276.7236
4419.488
4755.883
4296.573
4307.0044
4433.6636
4465.5386
4853.8833
4449.6685
4765.948
4805.769
4521.616
4318.2793
4635.784
4515.324
4886.674
4839.911
4973.477
4277.888
4251.822
4433.406
4442.5522
4799.8003
4374.437
4436.3086
4965.3335
4935.0645
5076.884
4586.345
4544.801
4871.558
4308.751
4572.0825
4769.4395
4645.141
4773.88
4295.9873
4674.583
4369.669
4335.7236
4682.443
4340.341
4412.478
4421.722
4477.642
4641.609
4819.739
4325.196
4195.4453
4435.335
4404.3706
4508.909
4322.2183
4416.1006
4394.824
4442.5376
4580.786
4381.291
4567.2075
4514.2163
4524.28
4583.434
4465.9683
4710.346
4389.558
4305.2085
4362.386
4446.1875
4548.851
4510.6973
4595.1123
4632.0815
4581.5474
4285.601
4090.1282
4753.854
5234.6665
4441.742
4458.1865
5184.582
4459.852
4517.2153
4457.8877
4567.695
5257.8667
4658.623
5116.242
4507.174
5387.176
5197.856
4841.8633
4780.141
4910.7305
5033.1943
4468.395
4652.6445
4802.909
4544.254
4653.89
4578.6816
5016.434
4805.633
4436.555
4260.622
4458.6997
4304.1694
4778.7095
4847.3
4462.6787
4319.7085
4346.3735
4371.784
4394.211
4095.7722
4336.141
4250.53
4173.362
4250.83
4348.6455
4201.4507
4244.6655
4285.113
4394.8354
4141.486
4305.1104
3971.5117
4626.645
4099.817
4219.2617
4108.695
4063.765
4260.787
4028.983
4216.218
3981.9475
4425.699
4175.977
3965.599
3943.275
4013.1003
4160.255
4236.048
4174.0103
4225.288
4114.55
4524.5957
4067.193
4447.023
5101.475
4094.6863
4107.018
4320.9004
4160.541
4312.3755
4269.3022
4104.3975
4051.0225
4229.061
4210.229
4048.324
4131.185
3941.0247
4338.4736
4200.368
3842.8584
3897.8591
3972.9995
4477.51
3901.5742
3875.9014
4042.2449
3779.0574
4205.12
3737.946
3908.442
3849.37
4023.8208
3850.652
3964.771
3756.4497
3947.9863
3939.2314
3701.6106
3598.3083
3724.2043
4192.238
3824.4717
3915.4163
3749.0828
3632.6584
4090.7832
4001.6196
3849.0479
3517.081
4029.8762
4316.107
3706.926
4032.748
3391.069
4081.5718
4415.3496
3873.8381
3613.4219
4037.2134
3461.9739
3846.315
3827.4797
3709.2168
3546.8198
4115.7544
3677.5212
4062.3425
3684.78
3923.2532
3634.568
3805.1794
3700.093
3577.337
3663.8196
3669.264
3888.402
3620.818
3871.4807
3743.4365
3941.973
4651.067
3689.338
3951.453
3814.0134
3781.583
4491.3887
3700.1123
3643.3298
3766.3684
3623.5493
4360.9307
3994.2124
4039.287
4301.591
3630.7878
3962.2102
4302.7983
3851.7815
4180.795
3903.7815
3816.2952
3364.2927
3607.378
4104.264
3941.2786
3848.5693
3561.0684
4116.147
3897.6318
3566.754
3688.347
3479.1587
3434.7585
3484.6902
3534.4207
3599.5466
3379.6262
3845.6345
3495.3777
3889.9763
3480.3938
3619.4727
3698.1116
3597.4158
3467.7922
3704.3267
3310.5276
3464.1963
3096.0542
3343.7505
3449.5857
3583.7195
3376.8835
3618.9788
3168.0671
3294.5808
3397.7603
3316.1353
3292.9807
3632.8093
3747.3762
3423.7034
3477.0283
3460.1978
3519.04
3655.0112
5194.7964
3299.3308
4482.63
3287.3647
3449.6912
3395.1467
3352.978
3286.3638
3245.7122
3104.2207
3288.0986
3417.7034
3309.0242
3595.7686
3268.3896
3448.7822
3252.3025
3057.9897
3313.7183
3420.7922
3316.485
3233.9321
3299.1833
3519.334
3382.9912
3295.9622
3552.4597
3550.976
2864.9263
3341.6458
3100.912
3570.8057
3032.8672
2963.0815
2997.1833
2950.5137
3144.4172
2881.0757
3228.2974
3437.8474
3058.3833
3336.3633
3218.9863
3172.1018
2941.634
3199.438
2680.9158
2884.3145
2917.379
2863.4116
3078.0996
3055.2878
3308.8752
2853.4197
3012.0469
2807.6885
2886.1775
2863.8823
3435.5562
3206.1477
2579.2808
2685.6746
2676.7366
2955.9265
2713.1838
2935.8257
2801.6516
2674.0288
2834.988
3083.508
2780.2502
2616.003
2874.1897
2721.3967
2603.6775
2941.5605
2711.9802
3088.355
2640.2158
2802.4053
2910.9438
3138.1174
2941.6902
2901.8943
2751.1282
2657.536
2790.1543
2854.6895
2348.0215
2808.2192
2699.1208
2707.2468
2799.0952
2873.5024
2946.5747
2975.6436
2824.7427
2763.6914
2827.852
2774.9963
2548.6213
2479.1077
2475.8306
2647.9336
2927.6292
2869.512
2723.4597
2820.6765
2440.1877
2608.6035
2957.0908
3222.9526
3395.2031
2809.3696
3348.1633
2736.9915
2688.5774
2882.0034
2892.0894
3009.9546
2435.764
2611.313
2601.3083
2956.9626
3288.4482
2696.6707
3140.0115
2663.789
2883.3174
3090.039
3183.6536
2602.8752
2569.9065
2587.1323
2522.953
2332.9348
2329.3293
2839.0564
2448.983
3636.1199
2396.5647
2689.0122
2478.985
2532.5264
2800.602
2259.2332
2357.0903
2305.1885
2491.3027
2487.9211
2329.388
2334.9453
2407.5361
2421.8025
2889.001
2449.3708
2626.475
2519.968
3207.493
2356.6353
2472.2468
2308.9785
2311.7559
2594.476
2378.0596
2103.7222
2463.4924
2738.8335
2648.0427
2267.1316
2444.1982
2701.0237
2311.0154
2371.3018
2414.3599
2395.9546
2509.2717
2205.1094
2269.52
2823.646
2369.3025
2291.979
2556.0251
2430.3486
2561.3801
2539.0457
2472.7483
2276.4204
2541.1377
2629.9688
2658.2039
2437.4385
2431.0884
2421.4026
2302.2822
2591.72
2195.4534
2489.1272
2363.32
2152.879
2291.9377
2333.5093
2886.6074
2234.9897
2513.882
2049.9204
2372.3599
2318.4006
2289.8467
2688.422
2396.716
2610.5269
2142.3567
2241.8945
3258.497
2074.4465
2228.7046
2050.3447
2359.4749
2084.5488
2457.7295
2116.0542
2263.455
2144.8005
1997.7219
2142.96
2018.4036
2008.1631
1810.9642
1889.6421
2334.4836
3406.4858
2048.6335
2377.754
2337.691
2456.5537
2257.1333
2090.525
2127.9497
2122.5203
2310.2332
2176.529
2454.2515
1935.9747
2310.9138
2057.493
1919.2875
1938.8827
1698.7793
2035.901
3024.0847
1807.9902
2186.654
2157.7996
2288.8518
2216.369
2045.1995
1958.8218
3083.113
2076.782
2305.7334
2089.936
2375.6016
1812.4011
1739.8477
1816.2373
2039.6189
2021.4347
1863.4308
1826.5746
1983.9734
2054.6255
1842.8088
2366.8071
1960.513
1758.467
1982.9717
1681.1235
2059.86
1784.4447
1968.3123
1850.2543
1972.641
2282.6023
2001.4148
1951.9979
2107.9111
1952.516
1647.3612
1997.0955
1865.1869
2190.4255
1891.6177
2084.7632
1913.2035
1977.1124
2072.7183
1865.6482
1824.1604
1943.0634
2359.0413
1742.75
1911.5459
1851.0066
1618.6692
1993.1729
1959.5726
1850.9663
2114.1973
1999.7135
2146.4988
1803.0631
1761.6598
2018.2551
1831.3812
1965.928
1666.6064
2018.7733
1714.7384
1828.0236
1765.4333
2135.7986
1866.3763
1880.8492
1783.1958
1725.748
1845.7964
1978.8293
1877.6653
1874.0172
1513.6123
1778.492
2401.136
1900.8215
1881.8779
1523.8741
1744.7307
1761.0503
2009.3254
1666.6045
1787.6975
1700.1058
1742.1025
1510.9587
2212.1943
1641.7312
1719.8458
1678.703
1689.6263
1517.348
1904.7838
1791.5521
1445.0612
1687.4834
1865.9187
1995.8385
1645.9318
1415.9701
1669.1431
1737.1979
1965.7048
1859.139
1814.6881
1380.8164
1444.4722
1567.9344
1238.059
1756.388
1491.066
1792.8871
1707.0472
1963.0984
1661.1234
1567.1742
1738.2291
1646.52
1663.0493
1632.9348
1654.4336
1582.294
2109.5808
1643.5635
1884.7896
1427.7134
1456.768
1883.7572
1319.5466
1845.0002
1276.6198
1828.6764
1627.7529
1741.1157
1710.8762
1541.1035
1417.9329
1239.6212
1420.1945
1520.3761
1588.591
1522.4977
1795.4497
1751.1956
1188.7804
1510.2687
1357.3368
1916.6451
2351.0176
1283.1702
1705.008
1190.0402
1530.2242
1572.6066
2843.4248
1778.0948
1560.2491
1807.6613
1527.5588
1715.7621
1341.7441
1880.9542
1419.2184
1327.9669
3830.2334
1867.5468
1734.8623
1445.6177
1090.8773
1312.9978
1076.2236
1440.5752
1555.4785
1638.3536
1786.9811
1380.945
1555.2422
1267.2751
1321.5833
1283.5046
1374.1873
1485.7051
1082.1793
1875.9269
1150.971
1347.3047
1353.1047
2154.0583
1243.202
1409.6266
1247.7877
1472.1133
1436.893
3156.2756
1220.1528
1378.4667
1276.9855
1686.1897
1371.3408
1294.0831
1331.831
1140.8743
1308.3398
1344.9546
1579.6661
1739.8652
2180.3252
1230.6792
4398.255
1389.5269
1232.006
1190.7072
1818.9801
1603.7946
1019.62195
1309.3135
1462.2196
1401.2512
1167.6182
1320.3823
1160.3088
1003.0827
1168.9448
1069.9487
1360.068
1135.0635
1280.961
1243.3677
869.5624
1082.8157
1401.7607
1045.3495
1387.8245
1478.895
1323.2817
1226.9924
1135.2537
1334.0128
1117.2968
1171.5955
1137.6674
1699.173
1359.113
1248.7252
1093.4861
1202.3146
1460.3256
1353.2373
1026.7023
1376.8175
1158.0046
1112.3036
1408.643
1444.9088
1275.4165
1074.614
1454.5872
1167.2902
1174.7678
1672.9592
1356.3899
1314.6542
1164.9906
1095.2605
1407.0239
1245.5994
1111.4781
1111.5176
1185.4303
1359.1176
1590.4293
1663.6113
1039.7554
2545.8867
1382.6587
1249.0962
1279.777
1603.8878
1343.5757
1446.2413
1239.0436
1140.298
1386.8253
1197.5281
3240.4844
1440.1571
1001.7277
1209.9946
1081.6562
1949.8004
1147.1245
1431.9899
1148.1775
2502.4695
1354.0487
1498.8042
1149.616
985.89325
1319.9102
1140.8247
956.4231
1226.2313
1580.3999
1188.2279
1100.034
1386.4568
1389.7905
1083.8777
1096.3988
1332.9808
1215.231
1381.5724
850.20544
1442.9875
1698.4938
1364.9156
1058.9486
1610.6938
942.23035
1128.4921
1007.3388
1356.4928
1139.4911
812.36053
1393.8763
880.3719
870.9808
1107.3484
1213.8602
1398.7041
1385.324
1313.0266
1158.4521
1107.0256
941.7472
1273.342
759.3637
999.93646
1093.7356
1215.2603
937.899
785.8738
2298.7827
1099.7921
861.88947
1477.4568
828.0081
1483.9438
1631.7424
846.62683
812.38904
830.82635
841.6355
1174.5029
1990.4137
1125.5232
1180.1285
817.4267
1129.6188
1247.2201
1498.4215
1194.0314
1139.6024
833.77997
1006.5739
1443.8163
855.3122
1105.5228
1008.9337
631.3998
1116.8557
1597.2456
1169.2576
1605.8966
889.5688
2816.1077
1073.638
1646.575
831.076
1077.5276
824.42426
1130.7932
1214.7627
1248.9574
588.2256
1283.7222
837.497
1698.881
1061.455
1505.7212
838.3499
1121.2134
891.4901
1061.2039
1182.5599
1159.077
1003.73987
1086.6849
978.72473
1012.85394
1016.6518
658.1465
1158.843
764.27747
960.40424
769.65784
1513.2593
1147.2439
1115.9377
1157.7969
1031.3181
900.47186
944.43225
637.417
908.31635
705.77094
842.8559
789.54626
1603.3989
829.967
1601.1206
984.63696
1307.4044
953.9226
813.1726
1667.0106
964.8821
920.94714
1383.0325
783.6047
1080.3413
1027.5752
1431.6259
764.20355
745.15393
1007.0339
791.0451
866.21277
713.89136
1500.6796
970.20544
1507.091
968.08984
887.07605
951.3702
1011.63403
1249.0702
1317.578
976.91656
685.2324
900.1168
1133.2429
1176.5879
894.15454
1178.4501
789.64624
1042.1921
1102.3004
1331.164
946.22076
904.9955
1146.2538
912.5305
1306.9459
760.0386
782.0111
992.84424
984.08026
527.4684
1167.8413
748.959
1022.60126
671.25525
1160.3167
899.3149
838.754
1204.7115
1085.7506
837.9031
1469.2163
1060.873
1445.9246
1090.3715
632.71014
1164.0258
1119.0282
934.20526
1366.5087
1039.4346
1090.6959
994.69977
1104.5834
802.8828
1282.9591
1429.2762
1003.99603
1040.9886
890.58594
1052.9146
1054.3171
1399.8557
1866.4779
1303.5522
841.8085
1162.0321
940.1702
686.1728
778.9522
908.68634
1370.3634
951.08954
1117.2781
873.99005
1463.6735
942.6341
933.7775
1041.994
935.09955
997.0458
922.7245
701.189
928.0802
967.61444
2052.099
758.8508
2344.643
1029.4569
714.3223
1715.8967
821.0317
655.1255
813.71515
745.7877
1028.9523
1575.7769
788.4749
1259.7498
1064.9115
852.322
1208.0579
858.44385
1641.4719
916.4616
1085.5978
983.5768
1304.8096
2520.2886
812.9735
938.1474
1093.0494
920.18134
884.32227
963.02527
1451.3379
977.85266
900.72107
1016.3596
958.31793
822.5539
619.19965
819.21405
846.09894
1284.3417
712.85944
1382.0591
1001.5666
834.556
1244.4076
1034.9705
483.90863
723.1326
1004.45917
1250.0251
900.76447
558.92725
655.7173
659.3
1291.4382
1024.2258
819.1243
723.0304
1471.7535
724.5753
460.4692
802.5187
967.21967
726.90643
922.7208
566.6163
734.65027
583.8305
1002.05396
1240.836
684.896
903.9349
845.9066
713.81067
1005.00134
793.266
1335.963
962.27856
1089.8632
662.7016
885.7793
1088.1545
553.35693
962.377
1033.9957
811.4031
1180.0247
1165.6254
1583.8573
1066.6938
932.399
674.6397
709.1626
695.2368
1070.7719
1130.4681
1067.542
957.81305
455.03482
1050.96
740.71747
988.1793
830.69055
521.8628
877.55585
1063.707
1344.0587
518.92
1113.506
747.0812
1298.529
1175.1149
691.5564
1056.0054
2013.4996
959.6727
607.76276
628.97406
834.801
1034.5294
1136.5542
760.2549
830.5528
1027.853
667.0329
752.73944
513.18317
661.81244
667.44507
1102.3472
903.79846
1492.7628
1349.177
815.2987
616.22394
572.37787
657.79
1091.0126
787.0434
906.3834
767.12445
317.3455
920.20135
731.67255
1511.6222
1454.8271
958.51984
369.48697
741.40564
737.60626
1482.4382
504.3097
425.0904
760.1157
670.27704
1015.9344
482.68814
668.924
861.7517
966.6772
1207.8457
751.70935
1167.908
1592.2098
548.02625
1271.8315
327.07126
1226.3956
734.8972
750.5674
859.1486
569.30817
1147.605
537.7441
803.2203
524.1777
755.2607
880.866
961.5035
591.61005
977.4225
770.12946
389.4514
675.0145
810.0046
529.786
890.09186
585.20435
594.91754
461.89914
1161.4973
1005.0777
1148.4843
371.07114
1117.6326
1279.5161
629.4592
992.298
1493.4482
721.57153
912.2196
349.34586
406.57095
605.7954
389.62082
1038.453
399.77673
861.4086
564.3762
666.77527
361.11758
640.2126
1097.1628
554.7655
1275.7897
532.11536
1215.0731
508.0624
761.5722
600.0106
862.93225
629.3706
656.83795
855.7608
1026.9502
560.4922
342.15375
398.28256
1254.6309
779.9979
655.7041
696.2902
399.26782
220.7347
680.75287
349.11426
570.4082
636.2328
697.7553
546.57117
482.2627
339.58536
871.5702
1013.18304
1581.1857
649.3815
489.299
296.09744
1173.6478
1391.1471
577.2317
312.6323
253.14555
361.57404
757.6511
654.3748
724.93066
386.60345
813.328
331.91827
562.7866
340.8701
451.5107
300.17343
229.70396
1385.1808
698.4192
422.39838
667.6039
149.38234
565.2369
657.4396
495.38718
1079.3129
1317.4922
522.89856
611.8781
548.1418
666.2527
886.48145
377.64407
681.13025
1067.3065
301.85693
492.75403
584.66205
212.7676
790.9114
860.8521
358.59814
198.11897
318.99185
319.5441
593.157
797.85547
220.73274
1541.8799
443.85593
523.3065
486.20245
526.20465
265.05692
410.1332
650.4569
177.04175
1660.7375
775.9824
494.29654
699.34216
509.64847
755.42993
1447.8707
1390.2983
402.46832
172.06343
177.66467
176.78003
644.5756
1014.00824
691.6909
2613.509
691.69574
334.4677
401.0645
445.6952
999.84863
597.92377
1180.7411
592.338
142.33455
302.91525
543.94617
769.5608
555.7873
1776.2603
241.6607
201.46458
1785.813
278.6926
404.5343
175.73772
774.0812
362.92804
183.46303
275.60718
933.8918
506.70013
753.50665
770.6097
1169.6913
804.37994
501.76257
377.71667
905.08057
5604.7354
162.69145
594.463
619.3469
1265.4363
303.0275
132.23788
573.23846
1010.6301
183.26733
75.09571
270.43478
203.742
338.04755
4309.088
1051.2382
274.89307
471.46448
641.88184
367.5667
91.12429
548.2479
396.9634
473.1463
177.7387
310.2968
2213.7695
636.3126
149.4398
105.788284
379.2311
113.29428
127.437996
127.649895
613.57227
988.8741
1264.6528
447.0943
319.2283
286.91263
167.24817
985.74335
162.7499
111.764145
582.54785
74.46531
64.78979
681.0751
181.32782
1066.3773
361.63135
176.19742
358.8364
410.56235
31.776367
258.57086
543.3354
212.83096
66.176796
217.85027
190.97234
378.60342
697.281
2098.2383
790.71344
119.762375
332.2014
678.45953
70.10583
294.05875
887.4581
159.997
241.54785
762.73596
274.7482
43.64097
3173.7068
585.45575
654.6832
898.05896
144.80864
153.41505
19.18607
1410.8712
844.00604
182.7992
138.9676
618.88336
350.11145
430.76938
171.61452
337.246
134.04086
63.87156
485.49893
301.35007
610.92786
2526.256
619.4993
627.1945
1079.416
1717.0365
139.03569
228.28552
255.3105
241.11115
324.34747
733.84106
394.8524
372.47433
816.5492
416.88474
278.74518
273.3162
36.16135
194.68106
41.434498
751.07086
501.495
35.421646
806.46796
447.35837
534.48785
100.079285
372.10104
124.00897
2997.1558
115.02605
301.6664
908.2593
103.909065
258.89633
298.57074
38.012268
5204.0635
156.35794
122.22727
283.35083
176.31242
245.41862
217.56361
731.1181
381.03336
174.5656
176.74509
158.6974
435.47668
580.6072
668.74426
84.61375
551.83655
1320.7821
442.33737
103.458824
311.85446
1542.2501
939.1633
235.77835
727.6475
284.29904
118.44443
69.98369
319.3403
236.00714
213.31744
241.56042
562.4496
3872.5828
115.417595
1738.7064
688.1721
572.6569
84.3141
240.87085
200.84671
362.30844
264.95975
141.80644
159.89775
801.3378
329.27548
908.9197
6008.724
426.47235
311.08673
526.7593
298.52316
134.58185
45.11551
34.8595
105.17953
571.5673
191.63014
25.207563
76.06753
397.7823
400.27557
153.37721
549.9651
460.22626
205.20142
153.50777
660.3434
203.34987
607.06757
258.09357
164.42929
202.68065
322.4118
153.96112
138.28363
46.395813
64.48684
61.179504
184.7621
1665.7941
559.0165
124.85468
377.12955
126.57682
334.26462
1009.80634
338.97256
256.44064
86.63894
261.7867
134.55287
140.99658
47.34444
28.617085
20.593317
57.759453
53.91941
76.063416
127.74753
386.21344
329.1433
329.58344
662.22974
885.7704
894.1263
548.33966
749.7186
208.74875
280.18237
94.17895
90.01245
272.34537
1115.663
557.83453
1464.5427
1026.147
1615.2317
13250.217
543.94434
235.05771
157.6851
1527.5759
187.84567
177.58842
346.4299
363.57236
748.18774
2200.0925
2853.0332
6401.016
2876.2869
2184.8223
960.60046
681.31757
279.69473
152.13701
968.6896
326.44485
131.30556
398.3427
440.2794
928.5202
313.10565
190.07355
22.087826
37.256573
113.13277
38.176487
41.50739
30.911682
93.92396
794.9386
2741.7153
7518.6777
7866.997
2658.2546
1617.105
1171.3436
924.05994
767.0063
720.79877
74.66534
92.64032
120.94143
171.9636
291.1553
887.554
300.7014
183.42784
133.24055
105.4183
87.76451
75.588394
198.92937
155.39655
187.11557
233.09482
305.56967
436.35352
742.0978
2272.6746
773.6764
474.29727
346.31232
275.4757
230.63081
199.79556
177.37947
160.42409
147.21777
136.70222
128.18846
121.209305
115.43743
110.6373
106.63575
103.30338
100.54228
98.27782
96.453026
95.02472
93.9607
93.23793
92.84117
92.76222
92.76222
92.76222
92.76222
92.76222
92.76222
92.76222
92.76222
92.76222
92.76222
92.76222
92.76222
92.76222
92.76222
92.76222
92.76222
92.76222
92.76222
92.76222
92.76222
92.76222
92.76222
92.76222
92.76222
