3.7383696E7
2.3830524E7
9569591.0
6089892.5
4448321.0
3371736.5
2707440.0
2228881.5
1887080.9
1637040.4
1463191.5
1276200.0
1162793.8
1047997.7
944843.1
882102.56
820378.6
773693.94
716637.2
684248.9
635181.3
610855.2
585080.8
559535.5
542173.7
508471.78
496704.25
480135.94
452551.97
441666.2
422445.72
417604.4
406806.7
395083.06
373223.72
365934.7
363270.78
350502.56
345311.97
335652.88
328218.62
322266.0
315513.88
308719.03
306051.94
300288.25
300557.56
299117.9
285535.8
280826.62
277877.2
267353.78
270536.3
273080.2
262188.5
258640.11
255111.48
260441.17
253093.89
244280.83
240392.8
239503.97
246107.8
241362.23
235283.73
231058.88
220707.28
228376.62
226970.05
223384.48
224206.39
217494.81
210613.23
210425.84
207394.88
207555.45
203984.16
202476.19
197468.03
200185.36
191452.19
195845.12
192819.88
188042.38
182568.14
184436.31
184922.02
179974.22
184869.72
180673.42
184180.3
179288.16
174832.44
173541.69
176371.55
178934.05
172652.94
167057.2
168937.72
164949.45
164921.03
166091.78
163541.05
163907.77
166452.48
168271.73
158311.08
159332.62
161403.58
156298.67
155917.73
153755.34
154699.23
154295.73
155486.38
175454.2
148733.28
151956.73
147060.06
143065.78
145078.61
144723.05
145789.47
139591.56
142223.8
135231.03
136559.5
136558.36
135680.42
138073.05
134394.81
133793.62
133512.66
131839.67
131603.47
133151.12
127911.56
129697.95
131150.55
127884.984
128879.164
128126.64
129232.484
125585.586
124516.32
125751.12
123057.94
124966.62
120437.58
122103.73
121018.51
120193.95
118688.43
117135.375
115472.73
117242.586
115417.5
113347.44
114849.305
115893.56
114162.47
113077.914
113478.055
111661.84
109427.89
107588.375
108188.7
108120.914
107832.25
105524.41
106156.81
109746.03
109720.73
106288.98
104402.13
106272.93
104196.17
106229.445
104955.9
103591.3
103539.94
102620.76
101261.8
100895.3
99354.18
99488.24
95921.02
99804.43
98370.97
96866.73
96463.164
96150.72
98037.23
97819.77
94586.516
95502.49
96289.445
94891.63
94094.64
93648.516
93368.695
95646.016
95663.53
92418.14
93830.52
91952.98
91497.766
89919.33
91181.05
90701.35
89269.83
90477.05
88277.04
89059.49
88722.49
87099.84
88694.55
86393.87
86261.234
86497.14
84099.5
85239.22
85420.86
85028.305
83236.41
82916.11
83165.984
81074.39
82091.01
83612.8
81817.56
82341.11
82028.81
84136.51
83791.58
82555.4
83867.016
81326.625
83546.55
81790.71
82632.56
81298.266
79616.305
81023.17
79042.48
79591.125
79188.73
79751.75
83939.445
82648.734
83722.38
82623.51
82512.445
80273.164
75832.0
78200.66
77521.09
76897.9
76136.91
78079.18
76472.445
74829.67
76695.375
74241.85
74953.7
75006.3
73009.9
73930.85
72272.164
72212.64
71726.98
70926.56
72209.25
72293.016
71015.57
71825.29
72501.96
72377.07
71611.68
71448.24
73028.72
72635.63
69942.23
71246.32
71227.65
72580.37
73012.6
69422.586
69884.32
69372.89
68322.36
69854.266
68516.3
66164.805
67146.78
67083.12
69254.266
66084.03
66372.87
64718.156
63832.16
65131.68
66228.59
66216.1
63030.473
64205.254
65282.156
64910.086
64264.51
63402.633
63983.816
63121.477
65554.6
65327.977
62523.55
62666.74
63853.812
62878.12
62345.277
62291.25
62020.18
62793.73
63398.562
60782.67
59918.24
58773.918
61865.887
60910.906
61570.785
58631.348
57919.8
58476.62
58061.316
71765.65
57019.05
58312.27
56366.15
58024.21
55522.445
56781.438
57038.074
57109.457
58234.17
55373.184
55474.285
58032.125
56899.55
55111.746
54405.812
56536.094
56080.18
56403.29
57598.04
55435.516
55938.773
56295.707
53126.605
54029.18
53068.91
53419.78
54170.582
54411.742
52579.047
54524.53
52403.2
53566.977
53688.85
55200.387
52109.125
53615.87
52699.83
52832.566
51007.65
50716.68
51831.395
50958.043
50308.73
52161.562
50374.816
49670.43
48933.836
49181.832
49961.3
49682.707
50102.945
51533.027
50026.848
50461.824
51330.344
47840.3
49431.25
48759.54
47626.652
46687.75
47810.168
46519.203
46272.188
47956.254
48336.55
48020.24
47193.53
47029.242
45589.11
45466.977
46140.043
46945.47
45467.496
48217.418
48589.594
46281.836
46019.68
45324.723
43886.42
45318.34
42246.125
44186.066
44053.25
45420.54
42673.305
45295.195
43681.574
43543.445
42772.938
43929.2
44065.242
45518.562
42669.7
42539.332
44553.05
42806.73
44193.633
42607.453
44916.96
42778.047
42155.77
42098.035
43206.617
42773.234
41214.1
40846.434
40022.785
40689.305
39417.56
40195.29
39233.414
37532.8
39023.85
39419.027
40413.074
38766.77
38475.47
37878.598
40493.32
38585.016
38425.84
38839.492
42215.797
40733.984
39706.76
39000.508
38528.566
38500.39
40077.223
38566.523
37911.32
39182.875
39626.492
37450.113
37560.703
38886.797
38158.375
39877.52
38208.926
38512.11
37749.562
37848.836
38954.81
39144.57
38036.703
38044.59
36866.863
36735.88
39579.156
38160.03
35597.88
36736.727
37378.754
37636.86
37204.992
36160.31
36256.688
35547.055
33960.1
36127.945
33806.043
35621.23
33833.63
36784.562
34783.44
34119.88
34618.945
35253.12
34122.06
33840.297
35303.52
35653.984
34135.85
33979.766
33327.082
33894.992
33572.473
34351.54
33478.273
34296.793
34579.496
34188.668
33126.92
32231.432
35131.766
32785.613
32410.922
32443.924
33078.047
33953.62
32460.861
31846.95
31706.988
34653.78
32458.842
32627.326
32629.95
32847.305
35105.395
32300.275
34826.695
33086.15
33324.547
33486.11
32307.191
31488.549
32961.438
32476.773
31789.377
32160.549
31509.553
32661.668
32110.02
32754.639
33142.234
30889.764
32445.525
32758.686
30268.96
31417.08
30736.271
31041.756
30176.666
30789.422
30099.248
28905.953
28855.89
28903.482
28830.062
29381.184
28898.523
29302.303
28592.402
28857.076
28553.742
29819.297
29720.693
28830.93
29041.146
29938.297
28507.49
30543.91
29415.662
30109.0
31158.094
29628.06
30533.969
30242.047
28793.16
28669.936
28436.223
30554.156
27960.6
27526.785
28409.895
28512.662
28034.523
29655.512
28673.303
28682.838
29697.645
29679.244
27370.158
31216.598
33672.348
31240.766
30646.426
33233.434
32598.73
31427.82
31235.771
30191.832
31067.1
28952.643
29102.246
29849.361
28424.73
28353.436
27211.912
27422.36
28965.805
28996.451
27094.012
32614.508
26723.912
26019.219
27656.59
26568.469
26558.777
25779.646
27164.184
27539.059
29587.514
25993.072
26983.404
26270.387
27011.533
26769.43
26074.742
28276.754
24342.545
25389.943
24917.84
24450.627
25590.656
23938.434
25368.98
25550.873
23944.07
26700.438
25227.3
25385.242
28430.348
25017.656
23672.42
24433.535
24549.314
25683.984
24918.328
24078.309
23361.271
24993.906
26475.752
30234.455
25308.146
24630.234
24389.074
28607.432
25626.105
25997.637
25628.629
23103.496
23795.654
24266.77
23801.574
23471.578
22509.562
23008.227
25650.705
23196.717
22594.799
22286.768
21961.934
22313.1
21430.98
21959.56
23176.975
23280.172
22888.582
29437.43
25026.23
21509.0
21655.105
21306.08
21953.586
20947.246
21462.836
21204.906
22158.086
22315.22
20747.26
21612.53
20533.104
19586.906
20584.451
21052.352
18509.201
18762.098
20453.807
18712.17
18678.809
17976.576
19762.871
18624.678
17770.322
17874.293
18406.902
18584.3
17327.953
18788.355
17673.305
22675.023
18044.197
18666.602
16872.691
17640.29
18708.895
17894.754
16666.566
17298.81
17090.215
18762.373
16617.719
19458.768
18120.385
17169.424
17351.182
20043.94
18470.86
18418.383
20141.844
18043.0
16473.81
17469.582
16044.559
23283.691
17591.25
16014.753
15574.848
16317.415
15889.178
15660.204
18481.299
15813.378
14996.924
15759.432
17298.639
15882.357
15085.17
14938.406
15131.102
15543.847
16315.663
15953.924
15642.223
16138.55
14689.051
17831.424
15262.194
15343.755
18561.627
14667.186
16249.644
14874.889
18279.67
14126.248
14030.833
14976.536
14458.118
12947.506
12702.921
12559.903
14781.112
14265.315
13468.486
15276.952
13002.81
13322.144
12383.596
14231.224
14498.961
14241.869
13926.876
14948.502
12709.54
11717.406
12605.21
12085.426
13522.031
11811.079
12287.306
11822.013
16392.43
12536.287
12710.744
13687.688
12414.216
12860.763
12071.116
13261.324
12231.101
12580.095
12335.751
13107.614
12602.88
11898.005
11722.995
12240.682
11657.305
11928.93
11977.828
11832.641
11794.784
10829.567
11183.813
11292.982
11381.294
11392.19
10948.46
12040.582
10781.121
11528.252
11487.25
12363.41
10814.142
10044.231
9742.8955
11800.419
10446.422
10504.236
10003.42
10997.817
12833.625
9603.648
9946.767
10559.758
12392.959
9743.011
10842.299
10561.792
9918.45
11529.539
9521.47
14641.2705
11053.174
10239.852
10651.166
9165.309
30821.953
8749.058
7980.922
10741.183
11068.586
9437.87
9678.4
8810.7295
9694.255
10799.3955
9104.362
15730.948
8297.276
13171.694
10126.278
7729.3203
13590.073
17843.059
9873.573
10036.025
9040.832
9285.964
7831.1567
8080.269
7657.779
7961.238
8018.7637
9175.179
9051.502
7930.2593
8350.146
9334.862
9243.183
7569.612
8950.335
8232.898
8087.115
7835.4336
10823.417
8185.583
8469.911
8139.4785
9313.513
14064.792
8210.44
9803.731
8824.777
9338.351
9904.731
8357.488
10957.013
14438.7295
7992.6567
8347.765
7053.475
8925.335
7735.5146
8993.563
7954.2197
7010.0347
9906.488
8012.8696
8665.286
7639.918
7443.0093
6912.0674
8180.3765
7648.56
7111.4146
7631.2676
5734.503
11164.594
8635.189
8881.429
6169.4507
7446.3926
6734.57
8535.0625
7010.203
7722.9556
7447.831
6068.79
7417.0093
11343.658
6198.7993
8127.0186
7357.277
6658.0117
6415.65
6650.059
7068.2837
7381.575
6819.261
7632.492
6079.348
5804.4375
9542.979
6993.645
7936.437
5638.1665
4710.496
7540.1787
7679.313
6602.848
6577.561
5826.7456
6713.33
6294.514
6186.0347
6484.3325
11709.084
5771.565
6603.5605
7476.756
5274.8633
7476.3574
7815.0527
6797.0327
7004.8184
7262.168
5513.451
5947.0596
6436.156
6399.7817
5964.1226
7758.616
7106.799
7627.8267
5667.0034
8462.891
6763.04
6830.668
6450.6597
7565.1543
8089.585
7583.671
5445.171
6410.9395
7671.265
7572.921
7882.6704
5550.0576
6721.67
7243.1743
8672.886
6832.0083
6195.639
7658.0405
6202.24
6833.3623
5796.3594
5591.453
7911.5557
4860.272
8260.805
7571.4927
8918.62
6089.461
6010.514
6192.5205
6364.2305
6770.326
5356.094
5713.7275
4679.3687
7366.9946
6202.9956
4431.881
5019.3877
4260.9683
5290.3315
6048.373
5345.3467
6217.707
7297.3574
5423.583
5701.538
6199.596
7415.93
9046.882
5291.72
6202.2715
5947.8726
6480.573
5822.735
6429.5166
5935.614
6905.436
6478.958
6675.6123
5354.15
6889.947
6231.602
6103.1934
4177.328
5724.151
7090.422
4405.0337
5588.0674
5269.9604
6044.719
6512.1206
4882.1323
5778.3066
4319.1084
4398.9873
4651.7534
8380.542
6700.3174
8977.81
7161.183
4885.513
5936.0156
5108.7383
4862.0483
4503.398
5537.5454
4365.664
4691.706
5956.329
6665.4326
5746.2363
5771.106
5069.3013
4604.602
3582.4348
4385.183
3708.4165
4688.6323
5143.692
5772.717
4561.9688
6562.8706
4236.348
4003.2441
3919.9265
5550.4526
3675.317
3777.7021
3377.6355
4828.8203
6279.257
5549.9463
6462.2866
4173.183
7349.2803
4885.972
3739.7861
3578.734
3192.947
4975.9175
2002.2496
4501.3467
7901.552
5014.507
5216.416
4332.2373
3219.1223
2421.3533
4612.5034
3769.6335
4776.2905
5591.0337
2985.3699
3509.1418
4278.9565
6372.287
3432.6099
8375.442
1410.7191
4149.497
6027.321
2461.4329
7149.4365
5837.8457
3403.931
6787.981
3583.154
3959.2
2795.446
2143.6765
4164.1772
3588.4812
6498.0527
5309.0215
2180.2256
3008.499
3697.4329
3320.6501
2009.0063
5222.4985
4373.2734
2698.1758
2118.2034
2836.2522
8835.565
2582.5222
903.90204
2297.3352
9647.744
2154.0417
1856.8716
3054.2148
1094.6368
2472.8843
2606.3765
3125.6997
590.64014
1743.335
4536.98
12018.427
2680.5957
2145.453
2552.9634
4105.473
7788.656
8304.275
2464.2405
4792.8765
2521.7542
2099.0718
1764.6278
1225.2244
3643.0354
6095.513
4974.669
754.5384
3404.6023
5430.8325
3193.3518
1180.6375
383.75323
4019.8955
1986.6173
1025.543
5274.3066
6218.7876
964.9364
13486.976
8210.6045
1305.3049
2528.8662
2146.966
2418.2012
2686.486
3986.4006
1916.5725
5280.831
2513.634
1092.3452
1775.54
8610.552
2069.0574
5517.2456
1389.5913
1993.7622
1139.3181
15534.009
3013.4277
1374.8802
2170.5906
201.7091
1700.042
1121.0356
3593.57
1685.6165
5296.4966
1616.7256
468.76965
730.68567
1360.2567
3394.481
832.0704
915.7041
1264.113
760.5471
562.58374
537.3379
1058.7925
1409.2069
3621.2173
3065.794
632.19934
2044.7054
1777.688
6368.585
66542.8
2549.382
5221.1816
2172.7678
5111.6187
10967.458
9136.307
7030.0728
2930.4563
1610.7594
3522.6194
445.05377
152.98724
1893.8079
5870.8047
70081.77
24194.898
15054.604
452.98218
785.1691
2453.6536
853.4447
535.3426
909.6656
748.3316
1312.8624
4157.398
1467.3169
935.4145
712.6968
593.91394
523.30884
479.69974
453.5343
440.19507
437.62082
437.62082
437.62082
437.62082
437.62082
437.62082
437.62082
437.62082
437.62082
