1530.646
791.42126
340.41574
221.98413
164.23618
129.91946
107.161766
90.84092
78.25378
68.79211
61.14412
54.795372
49.71667
45.487923
41.91486
39.01198
36.783165
34.423157
32.86361
30.800404
29.395506
28.124575
26.909208
25.80628
24.547134
23.471245
22.224577
21.629353
20.899105
20.37409
19.613249
18.955482
18.46777
18.241014
17.622408
17.33811
16.837435
16.487934
16.059074
15.6414585
15.238102
14.8955765
14.694438
14.420289
14.187831
13.830836
13.6135
13.444153
13.122527
12.937643
12.609378
12.51525
12.183228
12.093576
11.8523
11.6647835
11.40555
11.244529
11.15729
11.068072
10.918019
10.791365
10.58128
10.605114
10.294338
10.115783
9.921741
9.749922
9.692541
9.503752
9.443777
9.399021
9.325279
9.127587
9.093687
8.953201
8.912923
8.8933115
8.798063
8.755978
8.574275
8.499383
8.517924
8.310082
8.269452
8.058236
8.1271515
8.047671
8.049222
7.905126
7.771439
7.7913065
7.807291
7.8172174
7.691799
7.737383
7.6464477
7.5455575
7.5234933
7.4662924
7.4722075
7.272587
7.3461375
7.2341814
7.1050715
7.0198174
6.9579134
6.9127245
6.817421
6.6948195
6.7267227
6.5485234
6.560084
6.5192294
6.5088406
6.4876747
6.4845715
6.341427
6.3375998
6.326491
6.2507663
6.2603936
6.211881
6.236714
6.161058
6.191115
6.080449
5.9772077
5.9181347
5.9310265
5.9508033
5.881303
5.848111
5.7586846
5.6611156
5.6949415
5.6811585
5.6231365
5.6875896
5.5963116
5.609722
5.5135593
5.4886136
5.4245067
5.417139
5.3492017
5.4045153
5.3347087
5.3117995
5.328085
5.329456
5.256576
5.244998
5.2261014
5.163482
5.1083326
5.0947933
5.1159024
5.0348096
4.9772964
4.9964027
4.9546824
5.0072756
4.983423
4.971915
4.872234
4.955953
4.932668
4.895034
4.793704
4.7700324
4.8288875
4.679805
4.7080736
4.6083927
4.6281495
4.5688477
4.530802
4.5213547
4.4796863
4.439624
4.3815136
4.4747715
4.3808556
4.356095
4.3140235
4.28326
4.2669415
4.197089
4.1972775
4.162054
4.1404343
4.1502547
4.172467
4.1354017
4.1240826
4.10952
4.044731
4.0089984
3.9671059
4.0076504
3.9772382
4.020694
3.9546165
4.0139947
3.9704313
3.9326313
3.863813
3.84155
3.8057418
3.8620026
3.8257763
3.9020343
3.8006272
3.766697
3.7884276
3.7662532
3.7758648
3.7632883
3.7225907
3.746402
3.7242758
3.744928
3.6606793
3.600768
3.5914872
3.569838
3.563812
3.5338674
3.5992434
3.55256
3.5742288
3.5386832
3.4807732
3.461541
3.4693396
3.446115
3.4169807
3.4429612
3.390947
3.3947546
3.3546746
3.2969024
3.2752721
3.2538102
3.2598286
3.219712
3.2558613
3.2520788
3.1817865
3.1930783
3.1888025
3.243824
3.1722083
3.1907125
3.1806054
3.1376433
3.1451037
3.1360307
3.134207
3.138803
3.101006
3.0937588
3.1320431
3.1316416
3.086469
3.0520759
3.0586393
3.0767608
3.095769
3.029596
3.0293515
3.000061
2.9620445
2.9244492
2.911982
2.8620732
2.889095
2.8275647
2.8347008
2.8264263
2.8373122
2.8170533
2.837186
2.755501
2.7454975
2.7608933
2.764428
2.7896986
2.739229
2.7183864
2.7235153
2.734455
2.7122092
2.679255
2.6785953
2.6913123
2.726229
2.6830964
2.711754
2.6738093
2.6321857
2.6560943
2.647733
2.632956
2.6209028
2.5803645
2.598098
2.5829804
2.5510511
2.5666928
2.5537188
2.567072
2.5287366
2.485953
2.4994397
2.4795408
2.4909146
2.46365
2.4574623
2.4194012
2.3927686
2.3580585
2.385625
2.3585334
2.3673337
2.4045837
2.3542235
2.313275
2.357123
2.2977707
2.3818257
2.3796232
2.3238747
2.322082
2.3003132
2.3312607
2.302863
2.3003044
2.291443
2.2753065
2.235121
2.273609
2.2270138
2.2758193
2.2288377
2.2164347
2.1789277
2.1640155
2.1690624
2.1506052
2.1370265
2.1028965
2.118959
2.1253054
2.1243296
2.111349
2.094016
2.0574903
2.0513809
2.0095606
2.0882833
2.0627525
2.04286
2.0575013
2.032159
2.0182247
2.0135217
2.0219104
1.9779547
1.9979715
1.9876435
1.9713979
1.9754599
1.9761978
1.9428614
1.9475595
1.9240811
1.919821
1.9872549
1.9391242
1.8994908
1.9033321
1.939651
1.9277674
1.9247574
1.8949481
2.0062318
1.9982148
1.877564
1.8783734
1.861108
1.827628
1.8639406
1.8726225
1.7964498
1.8041307
1.796718
1.8123136
1.8160633
1.808807
1.8210566
1.828114
1.7572563
1.7947363
1.7770166
1.753772
1.7629791
1.7563637
1.7510026
1.7538038
1.7436817
1.7010636
1.7135284
1.6845672
1.6837391
1.6721227
1.6937115
1.6504523
1.9614171
1.6437097
1.623248
1.6634891
1.6431428
1.669687
1.6634938
1.6307994
1.6134007
1.6223713
1.6190133
1.6478184
1.6117074
1.6163862
1.6288201
1.6199383
1.611373
1.5966586
1.626497
1.6189533
1.6112136
1.5599865
1.5560509
1.5516069
1.5348513
1.5409318
1.5475954
1.533326
1.5432576
1.5087729
1.5344877
1.5080051
1.5347027
1.5417393
1.523433
1.5965564
1.4606404
1.4978921
1.4959265
1.459936
1.4971278
1.4770588
1.4509454
1.4578867
1.4558997
1.4471066
1.4462283
1.4261172
1.4204856
1.428167
1.4401172
1.4133111
1.444328
1.4449501
1.427638
1.4725772
1.4668978
1.448489
1.466233
1.4219086
1.4203426
1.4364767
1.4048194
1.3875304
1.3807455
1.404191
1.4012204
1.3953921
1.440996
1.3886161
1.4266638
1.3998977
1.3912296
1.3812608
1.3762249
1.3750532
1.3489048
1.3413173
1.3095151
1.3032124
1.2959032
1.3093895
1.3220536
1.3261164
1.3114082
1.276836
1.2667769
1.2947694
1.2604538
1.2824485
1.2820847
1.249357
1.2875663
1.2548296
1.2704093
1.2780327
1.2526581
1.2360156
1.2518345
1.2541876
1.2700242
1.2609107
1.2098427
1.2125465
1.2709893
1.248367
1.2194633
1.2302289
1.2144449
1.2538098
1.1862198
1.2020284
1.2026976
1.2019178
1.2186984
1.1992934
1.1596314
1.1468916
1.1656234
1.1723661
1.1776351
1.1525134
1.1469208
1.1569393
1.1419487
1.1188884
1.1266491
1.1463141
1.1531283
1.1199535
1.1583369
1.1529137
1.1201963
1.1278999
1.1306927
1.1298844
1.1062354
1.0969769
1.0901004
1.146217
1.1176782
1.06194
1.0878874
1.073061
1.1196623
1.0844337
1.0799303
1.1290077
1.0857985
1.0921508
1.1125007
1.1081856
1.0963814
1.1231023
1.1140097
1.0996046
1.1259505
1.1071191
1.0960388
1.1190878
1.0816222
1.0587674
1.0811547
1.0568633
1.0701498
1.0414501
1.0532775
1.0496897
1.0012113
0.99421144
1.0281433
1.0262005
0.99747556
1.0142338
1.010906
1.0233507
0.99649316
0.9904884
1.019618
1.0151421
0.9945332
0.9798462
0.9764455
0.98876274
0.981773
0.9910111
1.0076363
0.96811044
0.96102923
0.97287095
0.9661662
0.9398725
0.96716607
0.94647986
0.949701
0.9715285
0.95053506
0.96501076
0.94914204
0.91963094
0.96306443
0.945864
0.9313532
0.92346865
0.9255826
0.9640958
0.9186711
0.94651955
0.9518255
0.8988546
0.9324426
0.9065108
0.90751827
0.9422159
0.92442214
0.9235306
0.89983875
0.93135494
0.92275906
0.93782383
0.91288227
0.91626465
0.9233007
0.9382367
0.8906275
0.8905089
0.8893466
0.8991386
0.8860941
0.89903545
0.87594914
0.8580012
0.88289636
0.8646241
0.87506753
0.8558639
0.8554094
0.8620746
0.8651711
0.86301786
0.8569539
0.8692554
0.8404983
0.8440015
0.85444015
0.85915005
0.8713975
0.86969566
0.88349825
0.85102725
0.8190256
0.8461768
0.8403489
0.8413278
0.82756764
0.81466764
0.8171735
0.81753075
0.8258876
0.82450324
0.82461274
0.7897246
0.7942719
0.7812042
0.80808
0.7782641
0.7818809
0.78717864
0.8144228
0.7763297
0.8154612
0.773077
0.7909022
0.7689056
0.7606327
0.77129036
0.7663341
0.7714402
0.79708654
0.75589883
0.7749265
0.7725567
0.76430416
0.76593816
0.78108364
0.7864162
0.813981
0.80867183
0.80962646
0.8028957
0.76725227
0.7717322
0.7809066
0.777047
0.7641073
0.7726046
0.78667665
0.7981638
0.7613297
0.7449875
0.73310953
0.731077
0.748773
0.7389734
0.71662414
0.727818
0.74635136
0.7331121
0.71570665
0.7176915
0.74318326
0.7328407
0.70903444
0.71811044
0.71104753
0.70650274
0.69835275
0.7242935
0.705344
0.70948905
0.68170303
0.6924617
0.6980206
0.70495605
0.7105352
0.7156569
0.70601106
0.71443754
0.70748824
0.68305254
0.6955655
0.6966517
0.6794825
0.65171987
0.654908
0.6623779
0.6929713
0.66974884
0.6928878
0.66749996
0.65868944
0.64519656
0.6835857
0.66749763
0.6218448
0.6431143
0.6483292
0.6325374
0.6351692
0.626684
0.6492829
0.63853014
0.6203255
0.6784074
0.6458059
0.65669936
0.62727463
0.6196488
0.606174
0.6266299
0.61999476
0.6100973
0.6254795
0.5981068
0.6004214
0.6237487
0.63720196
0.62291443
0.6365576
0.6135278
0.62472093
0.5992869
0.6005522
0.5871895
0.59788966
0.5924648
0.5910685
0.6075183
0.58059967
0.60124385
0.6062527
0.59050614
0.6058726
0.6041905
0.63862664
0.5782527
0.5801252
0.58291084
0.56664485
0.56936985
0.57699555
0.60547894
0.59003836
0.5668007
0.56749564
0.58478254
0.5619803
0.58024096
0.5633988
0.560687
0.5904233
0.5804694
0.5567504
0.56614053
0.56721306
0.5591788
0.5549144
0.5794942
0.57711
0.55527645
0.5830752
0.5579886
0.5641549
0.5554047
0.5935144
0.53583676
0.55648005
0.5406967
0.5442463
0.5548463
0.5396022
0.5411875
0.5305422
0.5412694
0.56290114
0.5636055
0.5341117
0.56486225
0.5607097
0.5454672
0.5456717
0.5182382
0.5296057
0.57819206
0.5374162
0.5296745
0.5138772
0.5124926
0.552041
0.55380684
0.5531258
0.51216024
0.5175581
0.5125328
0.5230308
0.5169289
0.516546
0.5215128
0.52562225
0.5198883
0.53228384
0.5394407
0.51728046
0.51645494
0.5788022
0.5196714
0.50345147
0.5147094
0.5344335
0.5335506
0.53578645
0.5193228
0.49976242
0.5101864
0.52027434
0.5281699
0.507448
0.51906675
0.5196533
0.50058377
0.48674065
0.5159092
0.50010574
0.5003435
0.50440216
0.5152308
0.50030977
0.50435555
0.48269594
0.48748443
0.48827016
0.5037975
0.4792255
0.49677163
0.49087068
0.47886932
0.48998928
0.49746203
0.49598956
0.5022619
0.48919073
0.46352503
0.4811974
0.4777368
0.47920313
0.49178496
0.48336017
0.4962697
0.4691878
0.48320425
0.47980386
0.49002597
0.43077794
0.4613148
0.4480748
0.49587914
0.47322485
0.45020413
0.47021365
0.4797995
0.4641334
0.4653639
0.46119902
0.4768382
0.47497857
0.47899815
0.45880365
0.49590945
0.46693686
0.46726295
0.48849854
0.453832
0.46259588
0.47474876
0.47110015
0.46003586
0.45584017
0.44305187
0.4605195
0.4540634
0.44868252
0.45027906
0.50848025
0.47896227
0.44876033
0.47051507
0.47057813
0.45065513
0.4577477
0.44899616
0.43980062
0.4617672
0.44430912
0.46161246
0.46087256
0.460674
0.46128097
0.54473335
0.48368454
0.43846604
0.4516641
0.44826263
0.44228834
0.44468573
0.43771514
0.4317872
0.46080452
0.4564417
0.4294612
0.438365
0.41929662
0.4539017
0.45294285
0.443837
0.47988015
0.43354082
0.42760524
0.41859904
0.44520918
0.43269736
0.4215736
0.4346081
0.44076592
0.44052806
0.41466057
0.4151365
0.41220143
0.4126919
0.419125
0.41613388
0.430339
0.41267836
0.41813025
0.41312957
0.41107947
0.42936012
0.4408889
0.4099358
0.41877443
0.42140484
0.41872358
0.43712765
0.42608067
0.44300053
0.4018582
0.4368321
0.43214804
0.41719958
0.42673558
0.42536452
0.4291123
0.4142243
0.41728285
0.3979833
0.3945442
0.401475
0.38743177
0.410964
0.41423923
0.38448226
0.3714041
0.4233433
0.39669418
0.4077129
0.40252283
0.40337974
0.40820393
0.39759693
0.3881172
0.38144988
0.39910343
0.3910624
0.394679
0.41458577
0.4125701
0.38663894
0.40969113
0.3770704
0.41173074
0.36999536
0.38242313
0.38088587
0.38581324
0.41362372
0.3888497
0.3899464
0.3878529
0.40749717
0.40754297
0.4110041
0.4002284
0.38013124
0.38617957
0.4197169
0.38499045
0.38229242
0.38173565
0.38174328
0.38655823
0.38744363
0.40068352
0.51690376
0.37473664
0.3631622
0.37320966
0.36873198
0.3971173
0.36654308
0.35308993
0.3645811
0.356803
0.36927357
0.3578252
0.35044965
0.3468921
0.3645916
0.3706646
0.3651988
0.34736452
0.35273796
0.36456695
0.36795262
0.3455484
0.35554558
0.35785443
0.36671877
0.37735912
0.35861763
0.3733818
0.36025575
0.36757672
0.35140887
0.35305113
0.34348795
0.3487335
0.3472844
0.35980296
0.3524728
0.38519484
0.36209208
0.34647134
0.3727359
0.33361545
0.33236384
0.35800347
0.33121338
0.35827672
0.33901805
0.38127276
0.3539217
0.35007834
0.34503126
0.35335234
0.35479832
0.35566342
0.33639383
0.33731356
0.34376281
0.36416072
0.3343333
0.3618819
0.32988733
0.34971148
0.33355942
0.34899208
0.37072733
0.34967044
0.34565213
0.33954772
0.34840786
0.33404776
0.3513733
0.33101737
0.35600424
0.37291205
0.35541216
0.3448009
0.34735656
0.36395738
0.35355633
0.3369184
0.3635938
0.3527732
0.36193267
0.48394445
0.36940348
0.40010545
0.38054106
0.3417045
0.33571312
0.33798608
0.3360082
0.31120008
0.3388494
0.33574894
0.31944647
0.3202154
0.32327926
0.33896452
0.30613303
0.35351562
0.30896744
0.32097158
0.33304143
0.319319
0.3112625
0.33783063
0.31238
0.31463727
0.31683782
0.32610866
0.3468716
0.33514336
0.32557616
0.32297283
0.47718263
0.34222007
0.34110832
0.33656764
0.31837502
0.32271105
0.33113703
0.39258012
0.32889366
0.34167385
0.31529716
0.32365674
0.3516381
0.31191272
0.32290897
0.3152558
0.30417007
0.30648193
0.31694847
0.32790434
0.32202658
0.36116037
0.30557767
0.34167865
0.32427952
0.32020655
0.31134573
0.32317173
0.3288627
0.31059122
0.32196966
0.32434607
0.35086602
0.33544424
0.33637062
0.30487728
0.30863425
0.31091228
0.31718522
0.307522
0.33455592
0.3117208
0.29421687
0.30885977
0.31045902
0.3045939
0.32153085
0.2909494
0.323465
0.30526453
0.3150989
0.33550018
0.30479264
0.30733952
0.28738624
0.29483232
0.30835313
0.30144605
0.30852053
0.29870987
0.301737
0.28099015
0.29994127
0.30347288
0.28281426
0.27709013
0.27216738
0.29730386
0.2861142
0.29462764
0.306147
0.29403234
0.2915649
0.2970209
0.2965189
0.3001001
0.3089363
0.29657775
0.28727823
0.30007485
0.27099648
0.27338892
0.28032273
0.29351044
0.29896352
0.3235704
0.30411866
0.29646644
0.2750217
0.30028138
0.3042087
0.29772142
0.28776327
0.29343554
0.29855257
0.29260996
0.30281097
0.2856711
0.3034911
0.30878773
0.3465865
0.35865822
0.3218455
0.33444324
0.33139002
0.28759998
0.31027135
0.29944322
0.28333998
0.31203398
0.3030401
0.31258854
0.2774423
0.25929868
0.27488264
0.28211358
0.26844722
0.28229776
0.26936162
0.28139982
0.26763284
0.28668147
0.263889
0.25172126
0.2505944
0.2762077
0.26595983
0.2820449
0.25486556
0.2593978
0.27066165
0.26319924
0.27539125
0.2601426
0.2825912
0.2637913
0.2670355
0.2530985
0.29082805
0.27117875
0.27377853
0.24994925
0.27046824
0.24938777
0.25028554
0.25639233
0.2531755
0.26042292
0.24523649
0.27069747
0.27743557
0.24016301
0.25851613
0.25103065
0.25491476
0.26919714
0.26285154
0.28210756
0.25491035
0.24955334
0.25971678
0.25272304
0.2547813
0.2702226
0.24350978
0.26268405
0.24244414
0.2468316
0.2666884
0.2456707
0.23548527
0.24112448
0.5538654
0.2637406
0.23689157
0.25195754
0.24220644
0.27018085
0.24655727
0.24609463
0.24393804
0.24056852
0.2489277
0.23408078
0.23527989
0.25206003
0.23768042
0.229942
0.24300252
0.26321688
0.24158338
0.25862035
0.22606634
0.2313742
0.25500998
0.23947136
0.2541271
0.2557595
0.2426867
0.2851295
0.23261967
0.23256744
0.24093044
0.2325911
0.2465043
0.24286282
0.23176646
0.24685022
0.21269765
0.23798122
0.20877412
0.27356362
0.24551278
0.24783494
0.21220618
0.22894421
0.23742254
0.2557687
0.22344215
0.21876703
0.24249874
0.23227274
0.23376183
0.21872297
0.22742717
0.21474491
0.21780731
0.22398607
0.23011735
0.24332617
0.24291474
0.21655221
0.23995614
0.2408504
0.21033967
0.2314016
0.22092824
0.23569988
0.23617877
0.21408588
0.23370335
0.20606084
0.20158061
0.22301857
0.21234414
0.24135353
0.22862281
0.25974256
0.20944875
0.22860438
0.22718093
0.22032852
0.21656412
0.23910332
0.20299964
0.2089585
0.25899863
0.264045
0.21714702
0.21855229
0.21441093
0.22018649
0.21631952
0.19126306
0.21036129
0.20564666
0.20870191
0.22519349
0.21403296
0.20834742
0.20385155
0.19776139
0.22478351
0.20724218
0.20825663
0.23024617
0.20493531
0.21676122
0.21202886
0.21435685
0.2036614
0.2107817
0.21134748
0.19884983
0.20713952
0.20504065
0.20649551
0.20425898
0.28895074
0.21488951
0.20336917
0.2075682
0.1991847
0.2080548
0.20037407
0.21328677
0.21250634
0.21546063
0.18578339
0.21594955
0.20361632
0.24248956
0.20649639
0.19667852
0.2053313
0.21577756
0.2124244
0.21089827
0.23570731
0.22277406
0.21427318
0.20768508
0.19105831
0.20544808
0.23897466
0.19024569
0.21018395
0.19422378
0.19148271
0.19364232
0.19646554
0.19031076
0.19372073
0.20055217
0.22102308
0.20037761
0.19325408
0.18502139
0.18472207
0.19226328
0.20825979
0.19002527
0.1819702
0.19087708
0.20664342
0.20014387
0.19907689
0.1897383
0.18913579
0.19731663
0.18373954
0.17869543
0.18505238
0.18868755
0.18709624
0.18930888
0.18274908
0.18759294
0.19035776
0.2024628
0.19573961
0.19626091
0.20406689
0.19961154
0.20234652
0.20394357
0.19437777
0.18425477
0.19890797
0.23178244
0.214101
0.19688375
0.19127867
0.18804006
0.18723094
0.18505919
0.19092841
0.18761835
0.17883371
0.17452687
0.18150659
0.19321807
0.202262
0.21071161
0.19179599
0.17891906
0.18303043
0.18524508
0.1893344
0.18878375
0.18742849
0.18356995
0.18503472
0.18450461
0.1831474
0.17925583
0.1774137
0.18432134
0.18043591
0.17789246
0.18075185
0.1837714
0.1907401
0.1840715
0.18980052
0.18649568
0.18324335
0.16897336
0.16862653
0.16797589
0.17657627
0.17900743
0.18006803
0.17688532
0.17593445
0.17269854
0.17308702
0.17196521
0.18491466
0.20018052
0.20597558
0.20021953
0.18195058
0.1696985
0.1687423
0.16925906
0.1715814
0.16920556
0.16643274
0.16951019
0.16740654
0.17006937
0.16813411
0.17210421
0.18215069
0.18259971
0.18246087
0.171045
0.16740376
0.16548266
0.16987124
0.17147323
0.17924067
0.18278137
0.18048534
0.16909958
0.16204847
0.16153733
0.17317614
0.17266935
0.17362466
0.1589306
0.1656586
0.16102616
0.16704091
0.16861916
0.17893796
0.17494217
0.16284902
0.16245867
0.1748841
0.18081336
0.17419827
0.16570026
0.16212966
0.16544372
0.15898834
0.16243802
0.16214855
0.16841394
0.16775061
0.16143377
0.15711983
0.15787956
0.15900221
0.1570772
0.15485883
0.15665856
0.16200605
0.17044927
0.16898559
0.16783406
0.16324963
0.17402904
0.17646106
0.1800671
0.17229441
0.16903515
0.15844902
0.1612289
0.1598271
0.15730405
0.15167122
0.15485175
0.1601729
0.16284251
0.16267814
0.16690286
0.17608808
0.16927317
0.17034723
0.15859623
0.15996787
0.15380812
0.16490828
0.17756082
0.17851119
0.17120743
0.16282083
0.1557156
0.15610883
0.15875094
0.16235267
0.15627114
0.1521368
0.15395263
0.15294647
0.15195245
0.15490988
0.1564864
0.15823248
0.156132
0.16499479
0.1682472
0.17944272
0.17489639
0.1780575
0.16520162
0.17276509
0.17477114
0.17532147
0.1645213
0.16255258
0.17048763
0.17570284
0.17454475
0.17435932
0.17262982
0.1778123
0.17706053
0.17925209
0.17372732
0.17517364
0.1728741
0.16247998
0.15890573
0.1603933
0.16935377
0.16318089
0.15603687
0.14772828
0.15357503
0.18105799
0.18824331
0.18446986
0.16243654
0.15751684
0.1586514
0.16267298
0.15933366
0.15329628
0.1423276
0.14924562
0.15042092
0.15449487
0.16475132
0.19260478
0.20193219
0.19112507
0.16903746
0.16367628
0.17301312
0.17387553
0.17933558
0.1700712
0.16803436
0.15714803
0.15998597
0.14987159
0.14750704
0.14222382
0.15438715
0.15855278
0.16091241
0.16094089
0.17048196
0.16562495
0.17184135
0.1758321
0.17662933
0.16803963
0.15386009
0.1668067
0.16787577
0.16969587
0.163403
0.16321407
0.16314743
0.15553452
0.16093169
0.15729856
0.17035581
0.16360243
0.16684908
0.16232507
0.15670605
0.1614077
0.15938234
0.15921533
0.15414698
0.15426514
0.16124235
0.16246623
0.15617795
0.15337913
0.15408035
0.16183175
0.16285817
0.16393729
0.16498242
0.16600555
0.1661868
0.15911815
0.16190857
0.15637651
0.15652142
0.15550043
0.15758824
0.16553186
0.15440278
0.1561574
0.1430771
0.15699463
0.15465769
0.16213168
0.16301587
0.1651409
0.16491258
0.15091284
0.15003674
0.14872585
0.16407782
0.16778705
0.17492348
0.17082317
0.17301187
0.16765071
0.15907817
0.15251927
0.15899386
0.1706131
0.17808484
0.18102515
0.17684947
0.16941707
0.1643773
0.173507
0.17827293
0.18226089
0.169101
0.16506673
0.15962324
0.16485955
0.16064829
0.15593593
0.14852835
0.1491892
0.1633017
0.17480692
0.1983431
0.18405771
0.17436972
0.15061884
0.15464947
0.15782104
0.17742008
0.17724241
0.17671661
0.17400803
0.1765877
0.18360287
0.18209055
0.18157303
0.18566093
0.19375123
0.18614048
0.18632014
0.16875234
0.17737241
0.16690777
0.1605123
0.16920167
0.1713065
0.17916723
0.1656263
0.1648734
0.16222325
0.16059509
0.16527463
0.16392177
0.17749225
0.18379319
0.18891379
0.1777218
0.17295936
0.17301519
0.17080359
0.16075554
0.14875339
0.15155609
0.1536757
0.16503353
0.16127564
0.15992488
0.1475082
0.15333524
0.15664108
0.16252936
0.15188678
0.14948446
0.14750607
0.16738749
0.17288753
0.1867177
0.17456552
0.19289374
0.18722066
0.19063477
0.16483563
0.1612704
0.15122287
0.15861301
0.17885154
0.18636371
0.1683298
0.16226046
0.15050279
0.15609665
0.15893474
0.16205248
0.16382998
0.16567321
0.17303172
0.17700695
0.16157185
0.1524839
0.1516583
0.1480359
0.15413459
0.14940664
0.14802651
0.1535468
0.15858503
0.1651031
0.17855336
0.17122357
0.15821876
0.15550512
0.14978668
0.15438578
0.16278099
0.16615488
0.15930687
0.15723537
0.14937747
0.15220664
0.15367
0.14446273
0.14595167
0.14634873
0.13803355
0.14319095
0.14538932
0.14055231
0.13937436
0.14441928
0.14309739
0.14561866
0.14715895
0.15240926
0.155867
0.14874378
0.14779398
0.15212105
0.14762573
0.13882607
0.14837012
0.15317364
0.14658785
0.1461247
0.1454615
0.145627
0.13713796
0.17408535
0.19936159
0.19019943
0.18878359
0.16726089
0.13085978
0.13040555
0.14422333
0.14560063
0.15124604
0.15925801
0.16250992
0.14915827
0.16457823
0.1653569
0.16057403
0.16005439
0.164207
0.15009415
0.14861098
0.14312683
0.14078133
0.15027177
0.14151815
0.14205587
0.14373006
0.13684821
0.123333044
0.12294514
0.12123192
0.13078128
0.13927984
0.14832233
0.15183635
0.14854294
0.13817897
0.14016382
0.1352427
0.13237415
0.12993869
0.13468896
0.12726845
0.13068081
0.1315199
0.13561739
0.13152085
0.13475879
0.13308907
0.12780361
0.12771656
0.12761588
0.152511
0.16215582
0.16148195
0.17407092
0.17814107
0.17421944
0.1426347
0.14450295
0.1420484
0.14608027
0.15005265
0.15183903
0.14998735
0.15332644
0.1538409
0.16567998
0.20272763
0.2026464
0.19569907
0.18734676
0.17085677
0.15753104
0.19223379
0.2116543
0.27700275
0.28993306
0.31584293
0.2423088
0.14719075
0.14773875
0.1495233
0.146945
0.134749
0.14613412
0.15236837
0.1407534
0.13780674
0.1330698
0.13862397
0.14802554
0.13931172
0.15062247
0.15148619
0.1423622
0.13921699
0.13477102
0.13029745
0.13722439
0.1381554
0.14052702
0.14320359
0.14513992
0.14467953
0.14426497
0.13041301
0.12429708
0.12427371
0.12798369
0.122009434
0.13839453
0.14396751
0.14398172
0.14809522
0.14798382
0.1491573
0.15092951
0.13514502
0.13612516
0.13915542
0.14410372
0.14145453
0.13147356
0.1320239
0.13640344
0.13176481
0.12734675
0.12545462
0.12654579
0.13080218
0.13135871
0.1272328
0.12099809
0.11913512
0.12566744
0.124154784
0.121726155
0.1222374
0.122841194
0.123640776
0.13087544
0.1353702
0.13071555
0.13514386
0.13941292
0.13805412
0.13781485
0.13777272
0.13851833
0.14136404
0.14036323
0.1372777
0.1372276
0.1282436
0.12643924
0.13322091
0.13457942
0.13213275
0.12665467
0.1264821
0.1230165
0.13082641
0.12986639
0.14104964
0.18781148
0.19946124
0.23990385
0.24813582
0.24241096
0.24389026
0.21809196
0.17854765
0.18754625
0.12434258
0.12016154
0.11730656
0.11624574
0.12154668
0.12511708
0.13052301
0.13120271
0.11550395
0.1142252
0.12178026
0.12660384
0.13412896
0.13720444
0.13259709
0.13371506
0.1278741
0.12856516
0.12368367
0.12086189
0.12040513
0.11739101
0.11278072
0.115434766
0.11330265
0.11532654
0.120536596
0.117177024
0.11671251
0.117858276
0.118339516
0.11623235
0.113206334
0.11249293
0.115441754
0.11266777
0.10663706
0.10225213
0.10106035
0.10597423
0.106663
0.1059567
0.1026994
0.107401155
0.10857434
0.10800761
0.10349536
0.10359778
0.1056092
0.10417571
0.10821142
0.10967468
0.101324044
0.10054714
0.10159815
0.10435773
0.10451967
0.10073738
0.101382725
0.10355292
0.103659354
0.10004973
0.09792737
0.0980396
0.0959021
0.09322351
0.095667355
0.095792025
0.093357205
0.09060425
0.09085172
0.09132478
0.091461256
0.091392785
0.091565
0.0937524
0.09449904
0.09432131
0.093819775
0.09441619
0.0935744
0.09109572
0.09115165
0.087959036
0.08834863
0.09078888
0.09206448
0.092152625
0.09111568
0.08803612
0.08837292
0.08932955
0.08830654
0.08926992
0.09374071
0.0923806
0.09151163
0.09554196
0.096963465
0.10072172
0.100990176
0.101389155
0.10154943
0.10486619
0.1047785
0.10335905
0.101885006
0.103118904
0.101149164
0.097085185
0.097644575
0.09446019
0.099801145
0.10054809
0.10081787
0.100048564
0.10036626
0.10035613
0.0979991
0.09668613
0.09577437
0.09580937
0.09723612
0.111014955
0.11446743
0.12212915
0.117266685
0.118448675
0.11423009
0.11302101
0.11056108
0.1102867
0.11021064
0.11312442
0.11396106
0.11242777
0.115208894
0.11947052
0.120481715
0.119844265
0.105356246
0.10916611
0.10858339
0.1066557
0.10697179
0.10523334
0.10372985
0.10522553
0.10490944
0.10355115
0.10313144
0.10535429
0.10608625
0.106363274
0.104386225
0.10453802
0.103108145
0.10273369
0.10457749
0.10123218
0.097815774
0.09538504
0.09824975
0.10051903
0.10315053
0.10217794
0.1020937
0.10513604
0.10439388
0.103680946
0.10431302
0.1044215
0.105790764
0.11474495
0.11514461
0.11573095
0.117118634
0.12037024
0.1251495
0.12518059
0.122989915
0.12101654
0.12434488
0.12661009
0.12073333
0.11965534
0.116397135
0.119404465
0.11768542
0.11629622
0.11517241
0.11470313
0.11476305
0.11289892
0.11225584
0.103065215
0.102694616
0.10315417
0.10224476
0.10239439
0.10468617
0.10520271
0.10355533
0.105317034
0.102931865
0.10483165
0.10308257
0.105075866
0.10570474
0.1072108
0.10916427
0.107713036
0.11053419
0.11434596
0.115889095
0.11685232
0.1173605
0.12119315
0.12241818
0.118464276
0.118378736
0.11518112
0.11834025
0.11806194
0.1173611
0.1170897
0.11615553
0.114914104
0.11334422
0.1124436
0.11322269
0.11043712
0.111809224
0.110705726
0.11450452
0.115082376
0.11559955
0.12016326
0.11482372
0.11587914
0.113372386
0.12221986
0.120185226
0.12388049
0.12229167
0.12318805
0.11882424
0.11737691
0.115538485
0.11465547
0.11753059
0.11862257
0.113397375
0.113837935
0.11311294
0.11357996
0.1136838
0.11515995
0.11668952
0.114896856
0.121543586
0.121308245
0.11977721
0.11614153
0.11397066
0.113598965
0.11295115
0.10638569
0.10346861
0.105420016
0.10506809
0.10704288
0.10882393
0.100375734
0.10018907
0.10040068
0.0998726
0.10298544
0.10579113
0.10579751
0.10843705
0.10903921
0.109043896
0.1120516
0.11723543
0.116436236
0.115054704
0.11561105
0.11878307
0.11989252
0.12038758
0.12022265
0.12325886
0.12549384
0.12411838
0.12498841
0.12618065
0.12711073
0.12814087
0.12869087
0.12682079
0.12641072
0.12751797
0.13403982
0.13721883
0.13797368
0.13392311
0.13492066
0.13566719
0.13527313
0.13658799
0.13824539
0.13854912
0.1439905
0.14516744
0.14394745
0.1463769
0.14600904
0.14974414
0.149214
0.15249598
0.15469648
0.15214227
0.14955917
0.14705606
0.1507746
0.15402986
0.15519974
0.15580687
0.15569097
0.153949
0.15332498
0.15164405
0.15026064
0.15055989
0.153427
0.15284461
0.15278007
0.1520142
0.1541863
0.16491129
0.16357337
0.1690148
0.1704247
0.17186132
0.17370147
0.1765182
0.17638014
0.18018255
0.19519016
0.1968343
0.20120354
0.21176822
0.21124463
0.22264537
0.22669064
0.23907512
0.24448039
0.24545145
0.24424034
0.24531356
0.2451795
0.2451795
0.2451795
0.2451795
0.2451795
0.2451795
0.2451795
0.2451795
0.2451795
0.2451795
0.2451795
0.2451795
0.2451795
0.2451795
0.2451795
0.2451795
0.2451795
0.2451795
0.2451795
0.2451795
0.2451795
0.2451795
0.2451795
0.2451795
0.2451795
0.2451795
0.2451795
0.2451795
0.2451795
0.2451795
