2.3103658E7
1.3840296E7
5883885.0
3750239.2
2686904.5
2036888.0
1608867.2
1330697.8
1106787.1
962393.7
853206.3
733849.8
655235.06
590461.94
539138.94
493990.97
453323.75
417548.16
384550.66
360423.4
341144.66
318350.53
303208.22
288541.53
276556.4
259941.53
248175.0
240890.75
232996.34
223310.02
215673.83
207883.05
197948.77
190146.89
187570.08
184080.69
207436.42
175336.48
170479.69
166881.33
162678.11
161303.11
156881.61
155409.03
153277.42
150033.11
147166.33
143243.94
141492.86
139615.28
137755.89
133492.62
132167.67
129282.945
128117.34
126023.56
123624.27
122978.65
121842.61
120632.37
121748.234
117475.99
117476.62
116370.7
114542.7
112684.44
112539.484
112411.17
111313.164
109932.305
108725.55
105509.43
105990.21
105284.42
105029.15
104328.74
103101.95
103223.93
102180.516
100895.914
100999.12
101124.4
100172.77
98062.36
97797.13
98329.55
97693.88
96665.64
98004.52
97812.1
97164.57
97086.96
97406.66
95204.15
95154.26
94201.19
92962.125
92086.73
92620.336
93081.586
92429.266
92245.44
92334.234
91577.12
90440.695
90812.12
90778.01
90672.22
89563.18
88192.94
88999.98
88749.7
87452.96
87351.04
86176.7
86180.164
86787.12
86165.4
85408.14
85994.34
87909.19
85846.56
85666.72
83871.63
84210.05
82003.11
82590.04
81243.305
82211.74
80866.32
81427.69
81446.06
81121.67
80866.19
79693.375
80424.664
80527.914
79993.98
79352.16
78551.16
75912.93
77762.77
77480.875
77574.99
77078.59
77436.44
76842.82
74627.11
75133.11
74791.59
75982.625
74933.05
75314.984
74982.03
74975.61
75005.0
73766.75
74695.32
75628.04
74798.12
76142.73
76030.35
78765.79
79557.695
77380.75
76405.57
76149.414
76373.664
75987.74
73282.21
70718.93
71376.75
69771.26
69177.516
70306.71
69905.36
70389.336
69281.52
68834.79
66660.336
66945.26
67875.07
67366.61
67829.24
67409.84
66927.84
66276.336
66850.52
65444.492
65831.8
64346.02
65227.05
64814.633
64381.375
63231.49
64160.97
64912.832
65128.434
64064.13
65021.137
64516.96
66945.97
65742.33
65263.355
65857.55
64516.61
65316.65
64416.617
65380.54
64305.664
64278.383
65494.605
63589.75
62562.484
62909.89
62334.97
60984.895
59962.09
60011.926
60686.38
60337.555
59830.75
60798.004
61603.324
59935.926
59463.383
59076.1
58994.43
59399.844
60014.312
58719.35
57684.56
57952.953
57849.715
58991.84
59526.117
58882.062
59952.156
59242.613
60190.594
63222.555
65629.88
63412.92
61159.906
58481.06
58311.633
56666.105
55327.7
55133.297
55312.98
54318.227
54700.727
54164.117
54650.66
52584.68
52844.04
52274.977
51183.293
52213.2
51711.555
50976.203
50694.785
50453.797
50804.164
49667.69
49434.598
49210.11
50545.703
49391.418
49726.38
50019.027
49456.133
50304.71
49545.934
47832.83
48423.434
49648.023
48973.086
47682.715
48402.934
47676.355
47926.07
47566.234
47299.918
49301.594
47252.523
47595.46
46879.473
47131.125
46178.824
46419.17
46289.99
46009.246
46416.75
45203.992
45838.05
46461.86
46834.523
45252.137
44797.543
46073.293
44537.945
44800.51
45087.84
44859.918
46007.98
44065.3
43447.86
43291.434
43567.113
42693.95
43063.43
43356.73
43797.19
43362.547
43001.406
43603.535
43009.113
42912.03
42384.05
43230.54
43060.836
42603.742
42189.99
42543.945
43142.574
42222.953
41564.59
40156.785
40031.64
41671.957
40776.137
40188.656
41223.164
41208.1
40607.055
40847.453
40846.453
40621.44
41246.457
40733.59
39408.492
40002.664
40419.227
40795.152
39763.76
39628.69
39932.223
39478.164
39008.85
39421.16
39662.43
39980.047
38669.734
39528.523
38784.527
39196.074
39032.61
38345.87
38565.37
38886.54
38163.094
37734.863
38266.555
36967.637
38086.348
36848.883
37412.586
37201.67
37830.016
37491.8
38591.4
38182.566
39195.418
38243.23
38829.516
37878.234
36831.387
36252.21
36333.086
36465.516
36548.79
35439.914
36360.62
37055.9
35019.04
36466.812
34880.9
35435.812
36228.93
34847.01
34913.113
35878.926
33976.88
35707.598
35131.395
37147.414
34948.098
35376.656
35559.41
36255.38
37071.676
37059.73
36734.67
35984.1
37168.65
34705.38
33177.25
34033.402
34657.844
34903.973
36561.074
34036.96
33885.48
33784.805
34660.09
33732.293
33452.438
33819.668
33327.836
33746.004
32739.387
32969.695
33088.035
32291.592
31635.785
33157.832
31964.023
30984.182
31254.234
31377.201
32013.23
32197.523
31818.6
32050.361
31446.143
31683.434
31631.744
30982.244
30769.166
31087.902
31907.094
30872.998
30271.95
30135.043
28422.74
28955.027
28564.127
29691.67
29313.24
29421.012
28896.713
29467.229
29449.008
29608.463
29343.365
29531.83
27670.176
28397.484
28262.18
27707.58
27500.87
27607.35
27905.037
28050.86
27146.293
27801.223
27423.111
26835.97
25170.053
27050.104
26742.547
28025.924
26882.373
27501.914
27333.672
25933.373
26519.148
24821.447
25524.441
26246.51
25986.06
26026.47
26403.617
25685.27
26320.844
25623.107
24404.793
25007.742
24605.723
24963.828
25234.893
23532.799
22320.133
24233.373
23683.516
23357.756
24779.943
24584.41
24423.111
25024.1
23573.814
25515.47
23686.957
24498.443
23901.965
24606.262
23414.771
23866.277
22996.139
23236.408
22968.234
22519.748
24848.982
23011.236
22580.32
23283.65
24032.885
24378.922
23095.752
25106.057
23533.111
22062.025
23155.377
21713.863
21625.264
22401.6
23406.94
22525.584
24536.494
23305.062
20917.066
23559.89
21018.94
21548.184
23043.916
21947.062
21499.855
21844.38
22252.553
22293.734
23294.395
23361.184
24126.807
21576.688
22400.426
21096.027
21611.219
20132.594
21792.475
20825.713
21125.754
22251.96
21885.262
21966.977
22016.766
21025.963
21212.96
19177.74
19475.322
19624.0
19785.14
19761.875
21244.168
19937.273
18990.191
20893.592
17663.467
17860.742
18111.04
20466.69
19033.23
17653.602
18469.92
17574.588
16188.622
18261.957
18820.082
16088.257
15694.941
17206.963
16092.962
14895.973
15921.102
14973.223
15356.936
16147.743
15661.689
13646.956
14337.409
15731.893
16329.749
15529.269
13870.987
14752.448
14017.657
15160.364
16632.75
15950.218
13975.669
14756.598
14405.027
17184.572
11721.426
14185.53
15999.718
14487.147
14649.242
13638.282
13998.653
15205.878
13357.355
13735.896
15212.476
15004.146
17972.447
16326.101
13972.165
14453.101
11796.125
11232.6045
13782.153
13144.238
11935.3955
12105.53
11745.812
10853.942
13734.023
15744.484
11082.256
13633.072
8033.7725
10233.937
11854.31
10568.477
11860.502
10639.249
10223.5205
12141.317
9009.729
9709.649
9923.89
9778.168
9969.347
10442.56
11059.245
10660.343
9864.19
11376.183
12475.3955
9548.35
10745.764
10408.827
10650.054
9475.9
8084.73
12563.499
7776.917
7398.9077
8171.5537
7130.4043
26484.547
6751.527
6303.58
6751.966
8935.995
7901.975
8530.953
6800.674
10707.059
6047.2495
8645.793
6130.657
6216.679
7068.539
5913.367
7220.431
5039.9688
5685.8735
6978.871
6933.706
6276.959
5715.5137
6217.7876
8636.1875
6433.464
6849.2173
6682.4507
6857.9087
5665.406
5526.8237
5022.356
6852.77
7153.065
9113.592
8206.315
6134.0503
6599.915
8159.26
5947.77
9023.179
10439.062
7062.4375
5939.1675
7147.5947
5511.8706
8562.929
6500.696
6590.4033
6549.2744
8078.9097
5118.359
6412.319
8695.824
8902.408
7317.079
5333.449
6207.507
6617.5967
6297.4424
8649.025
7238.9517
6952.8716
7648.8945
7234.5225
7139.7344
8275.245
9249.055
9911.153
7547.076
9055.648
9760.27
11294.114
6475.2817
8461.483
10076.737
12020.388
6263.5957
14669.706
6874.802
11154.011
8702.097
9647.906
9562.648
10166.09
10465.574
9541.08
13177.383
13283.739
8086.753
12831.952
10237.951
18732.578
25687.908
11481.588
11568.541
14004.721
9515.659
28711.201
17465.025
19256.338
19094.795
25367.836
26703.951
64062.33
