187.03221
235.53346
110.485565
72.80055
53.963833
42.82983
35.333107
29.959276
26.124945
22.9565
20.587494
18.548704
17.021809
15.7676525
14.5703
13.672071
12.787817
12.116054
11.389637
10.777189
10.312244
9.891216
9.48011
9.12587
8.752319
8.370588
8.131074
7.845539
7.638855
7.360193
7.1443124
6.975016
6.771777
6.597452
6.488069
6.340523
6.2474446
6.1000752
5.9361057
5.822735
5.72737
5.6111765
5.590011
5.42139
5.3315115
5.25199
5.1580334
5.1253657
5.0317187
4.9085684
4.8308887
4.7508
4.686125
4.6466246
4.5569167
4.4788795
4.450753
4.4241204
4.3387303
4.309427
4.264786
4.2215834
4.15307
4.1447296
4.1106863
4.072261
4.016552
4.038849
3.9205883
3.9006305
3.8753834
3.8573158
3.8220239
3.797056
3.7774606
3.754657
3.7120922
3.6893258
3.6659849
3.6560266
3.5851636
3.6295803
3.5669725
3.5273592
3.4623592
3.455736
3.4462636
3.4053142
3.383694
3.356988
3.3451638
3.3481991
3.3196132
3.2973266
3.2681181
3.250363
3.250395
3.2276633
3.2486486
3.2015517
3.167929
3.1641238
3.1355124
3.1456497
3.1082566
3.1131272
3.0941145
3.1068585
3.069949
3.054312
3.056711
3.040047
3.0103269
3.0356972
2.9949229
3.0023215
2.9911654
2.9860067
2.9539099
2.943145
2.9829051
2.9197264
2.9082685
2.9224193
2.8908234
2.8761492
2.8514962
2.8917167
2.876191
2.8654122
2.8337498
2.7868783
2.7970192
2.8201227
2.7804224
2.7615921
2.76699
2.782713
2.7283144
2.714316
2.7250288
2.709255
2.7712576
2.7018697
2.6853006
2.682363
2.6759632
2.6542513
2.6377225
2.6334476
2.641242
2.6244593
2.5830107
2.593557
2.5922236
2.5828366
2.5620475
2.5292957
2.547667
2.5491998
2.5300658
2.5001774
2.518393
2.5049417
2.4825926
2.4784703
2.487576
2.4621687
2.466383
2.4682965
2.4634411
2.447431
2.5160286
2.4371417
2.430226
2.4533348
2.465142
2.434898
2.4030735
2.412652
2.3825912
2.3729818
2.3748617
2.401525
2.371273
2.372629
2.363555
2.358439
2.348778
2.3685656
2.337028
2.3501444
2.359526
2.3391469
2.3580165
2.3366551
2.339558
2.3238626
2.3259544
2.3688297
2.3263524
2.3043272
2.316806
2.3168447
2.3083377
2.2963097
2.2917643
2.2893243
2.2890813
2.2654507
2.2650144
2.2459989
2.2528517
2.2560217
2.2109318
2.2100613
2.2184684
2.252996
2.219177
2.1823611
2.2035017
2.201385
2.2079797
2.1877418
2.1837914
2.1802676
2.2102516
2.1703455
2.1572711
2.164104
2.136014
2.1655247
2.1487737
2.1482737
2.1429362
2.1274102
2.139255
2.1300673
2.1144753
2.1230967
2.126321
2.096276
2.1047192
2.1070104
2.109935
2.1130242
2.102815
2.087163
2.1197436
2.0748675
2.085666
2.0913236
2.0862617
2.0678446
2.0575593
2.0750625
2.0445461
2.0492332
2.0546885
2.053049
2.037655
2.0498204
2.0288954
2.0307884
2.0398314
2.0578027
2.056804
2.036269
2.031564
2.038293
2.0356038
2.0333154
2.0271897
2.0360372
2.0103989
2.0563753
2.012033
2.0088694
2.004868
2.0049465
1.9920657
2.0369396
2.0009537
1.9954911
2.014495
1.9799812
1.9754362
1.9738953
2.001668
1.97444
1.9794004
1.9747475
1.9885813
1.991107
1.9894274
1.977516
1.9730282
1.9692231
1.9826597
1.9694568
1.97601
1.97691
1.9928021
1.9765958
1.9722191
1.980647
1.9848055
1.9963887
1.959326
1.9893602
1.9864401
1.9804455
1.987003
1.9695395
1.9875902
2.0076182
1.9871944
2.0234601
1.9918035
1.9861183
1.9737979
2.0015259
1.9891782
1.9853913
1.9689392
1.984728
1.9623545
1.9646026
1.980396
1.9619168
1.9506395
1.966029
1.9563457
1.9503033
1.9340014
1.9281129
1.9511793
1.9263701
1.9653878
1.9379512
1.9499972
1.9419376
1.9381503
1.9643846
1.9465925
1.9346131
1.9499549
1.9455928
1.9414948
1.9354693
1.9457344
1.9589657
1.9455805
1.9216933
1.9515462
1.971106
1.9370875
1.9286605
1.9397777
1.944853
1.9382799
1.948371
1.9423138
1.9612329
1.942761
1.9346235
1.9545839
1.9389005
1.9633976
1.9420967
1.9315876
1.9336877
1.9438021
1.9216647
1.9172018
1.919747
1.9028575
1.9196001
1.9246284
1.9233621
1.9262903
1.916402
1.9064921
1.9202802
1.9044758
1.8883895
1.9051784
1.9147325
1.8991758
1.9169958
1.9154772
1.9082686
1.9253838
1.9262059
1.9335258
1.9166148
1.9151222
1.9283634
1.916765
1.9118723
1.9186951
1.9292594
1.905826
1.9155173
1.9184144
1.9358295
1.9286178
1.9341273
1.9164343
1.9282123
1.936153
1.9134505
1.9326514
1.8867387
1.9179575
1.9186821
1.9125187
1.9317187
1.9178044
1.9108236
1.929863
1.9034196
1.9052364
1.9091672
1.8955852
1.9096342
1.9094137
1.8997104
1.9135747
1.8955806
1.8854579
1.8980983
1.9151748
1.9244757
1.9218389
1.9136322
1.9181548
1.9100014
1.9197911
1.9254664
1.9058244
1.9067438
1.9161482
1.9295158
1.9270523
1.9321762
1.9435239
1.9245132
1.9073284
1.9494886
1.9273568
1.9389282
1.9353849
1.9349806
1.933674
1.9359468
1.9043092
1.9308758
1.9172719
1.9101065
1.9156878
1.9059931
1.9393617
1.8987257
1.9088703
1.9112537
1.9028578
1.9079138
1.9249321
1.9037828
1.9345032
1.9176733
1.9254727
1.9116575
1.9129524
1.9105734
1.92016
1.9246014
1.940665
1.919627
1.9289999
1.9472102
1.9410444
1.9463766
1.9341977
1.9383037
1.9268255
1.9366541
1.9535654
1.9413811
1.9190992
1.9658529
1.942063
1.9550354
1.9235556
1.942769
1.9419603
1.9374895
1.9547815
1.935694
1.9327002
1.933229
1.9385856
1.9278351
1.951999
1.9312859
1.9445833
1.9234904
1.9366696
1.9555367
1.9458182
1.9609541
1.9535306
1.9438782
1.9349359
1.9351302
1.9274294
1.9587795
1.9683756
1.9654866
1.9394794
1.9503593
1.9629608
1.9425472
1.9790095
1.9514469
1.9530866
1.951346
1.9692851
1.9799314
1.9919034
1.9840186
2.0164192
2.0053916
1.9925857
2.0076196
2.0007076
1.9918035
1.9940345
2.0133636
2.0019534
2.0162191
1.999173
1.987362
2.0043886
1.9987855
2.0043695
2.006425
2.0084248
2.0055203
2.0062068
1.9957722
1.9859782
1.9735147
1.9837083
1.9971551
1.9964205
1.9692038
1.9637668
1.971248
1.9934111
1.9938979
1.9962205
1.9714637
1.9897134
1.9907386
1.9657737
1.9783367
1.9924518
1.980979
1.9880174
1.9785864
1.9667437
1.9900454
1.9773859
1.9871305
1.9781026
1.9703348
1.9517615
1.9809427
1.9734538
2.0015872
1.9601429
1.9717218
1.9441475
1.9535265
1.9612699
1.9770336
1.9504932
1.9459428
1.9509631
1.9538004
1.9775324
1.9634868
1.9305416
1.982856
1.9561708
1.9509935
1.9598922
1.9607964
1.9698794
1.9521929
1.9868927
1.9746919
1.9748968
1.967327
1.9732437
1.9661103
1.9456415
1.9912152
1.9417212
1.9558864
1.9449756
1.9500397
1.948962
1.9455528
1.9470662
1.9411275
1.9144413
1.9340852
1.9175186
1.9154208
1.9239446
1.9248896
1.9165627
1.9308946
1.9185517
1.9061697
1.9181812
1.9196717
1.9001602
1.912798
1.9004862
1.9136349
1.9065055
1.8919935
1.9066428
1.8849645
1.9205565
1.8791674
1.8941448
1.8924718
1.8761436
1.8809526
1.8826244
1.8780079
1.8580782
1.8543814
1.8697428
1.8758028
1.8603737
1.8450875
1.8430686
1.857527
1.8599231
1.8418198
1.8478988
1.8631071
1.8775998
1.8532484
1.8490939
1.8341796
1.8482491
1.856411
1.8379959
1.8443078
1.8395739
1.8281114
1.835192
1.8057169
1.8450729
1.8297902
1.828697
1.820512
1.8043079
1.8174453
1.8075455
1.7887444
1.7952026
1.807379
1.7727045
1.7810191
1.7915093
1.7753834
1.7674525
1.7665259
1.7764955
1.7596245
1.7695174
1.7655016
1.7626659
1.7445635
1.7558218
1.7617321
1.7438738
1.7521079
1.7431126
1.7658796
1.7273043
1.7242948
1.7389585
1.7356932
1.7458893
1.7452945
1.721843
1.7269828
1.7048186
1.703864
1.7110032
1.6918229
1.7105644
1.7104961
1.7082866
1.6932669
1.6944383
1.693994
1.6715912
1.6833878
1.673382
1.6722765
1.6601007
1.676968
1.6752063
1.6599244
1.6371057
1.6427394
1.6438771
1.6384511
1.6553409
1.6410099
1.6375672
1.6484072
1.6266841
1.6588961
1.649817
1.6465304
1.6599522
1.6462723
1.6240008
1.6333023
1.6100515
1.6420175
1.6316364
1.6023177
1.5914048
1.5935427
1.5949113
1.5849837
1.5742944
1.580787
1.5765522
1.559737
1.5747576
1.5744234
1.5730497
1.5538405
1.5560912
1.567824
1.5539402
1.5474253
1.5552258
1.5460361
1.5358688
1.5414757
1.5310832
1.5516118
1.5531304
1.5070317
1.5366007
1.5281459
1.5430089
1.5320437
1.542257
1.5127131
1.5301735
1.5111762
1.4967706
1.5192214
1.4967008
1.5098752
1.4850914
1.4974099
1.5220952
1.4840508
1.4874734
1.4839991
1.4967326
1.4870319
1.4936782
1.4700935
1.4854916
1.4696767
1.4584109
1.4630919
1.4513505
1.4671894
1.463665
1.4564369
1.446319
1.452714
1.4517852
1.447632
1.4667138
1.4639136
1.4446895
1.4413301
1.4324148
1.4362824
1.4511099
1.4507916
1.431466
1.4260193
1.4226764
1.4093736
1.4134918
1.4226773
1.4180187
1.4070134
1.409601
1.3852
1.4039785
1.3779471
1.3834467
1.372249
1.375248
1.3556701
1.3628411
1.3773599
1.3847967
1.3537456
1.3784307
1.3464751
1.3544638
1.3397851
1.3423179
1.3666244
1.3432399
1.3322974
1.341694
1.3308882
1.3444008
1.3292669
1.32332
1.3353063
1.3182037
1.3311317
1.3089603
1.2973849
1.3164123
1.2899376
1.2952542
1.296423
1.3116033
1.2782158
1.2647069
1.2699854
1.2764809
1.2836183
1.2832999
1.2583427
1.2676712
1.2662754
1.2483144
1.2573279
1.2538111
1.2412715
1.2456671
1.2386471
1.22352
1.2288755
1.2342161
1.2176701
1.2244703
1.2302395
1.2229973
1.2014835
1.2093751
1.2062333
1.2252294
1.2284268
1.204799
1.2176663
1.1948783
1.2202437
1.2079533
1.205977
1.2098714
1.1969625
1.18638
1.2003859
1.2012137
1.1847097
1.208967
1.1984491
1.2035184
1.1893653
1.2037568
1.2036617
1.1871531
1.1924775
1.2115707
1.2131997
1.2099428
1.1936333
1.1951787
1.2107584
1.191235
1.1923904
1.1743141
1.1766623
1.1610756
1.1690978
1.1829914
1.1659436
1.1647925
1.1450108
1.1660364
1.1484932
1.1607774
1.1541746
1.1741245
1.1417755
1.1570795
1.1446733
1.1534592
1.15709
1.1538131
1.1625562
1.1517524
1.1483785
1.1310102
1.1375537
1.1439404
1.1249547
1.120258
1.125971
1.1089801
1.1142238
1.1102374
1.1011513
1.125489
1.1097397
1.1040212
1.1062878
1.1183506
1.0971242
1.0911274
1.0961547
1.0850506
1.0965546
1.0867175
1.0779477
1.0796176
1.0813993
1.0891275
1.0943002
1.0861225
1.0727344
1.078946
1.0761629
1.0775679
1.0739939
1.056261
1.0647116
1.0667818
1.045968
1.0663353
1.0624733
1.065905
1.0497036
1.0318553
1.0468386
1.0557457
1.0448737
1.0472612
1.0329323
1.0410972
1.0430741
1.0384064
1.0412326
1.0485837
1.0435537
1.0453287
1.0427961
1.025568
1.04175
1.0324314
1.0426459
1.0246438
1.035249
1.0155921
1.0155042
1.0133958
1.0068562
0.99863917
1.0117196
1.0140494
1.0090648
1.0106206
1.0066072
1.0092094
1.0034249
0.99986947
0.9668449
1.0027219
1.0064778
1.0061554
0.9955324
1.0170105
0.99426293
0.98923916
0.9977205
0.9784139
0.97500813
0.9889231
0.98411536
0.9894024
0.9837071
0.9798251
0.981209
0.97997284
0.9813529
0.9915916
0.9776772
0.9621584
0.9625911
0.9666662
0.96515375
0.9713718
0.9483059
0.95314604
0.9545777
0.9377051
0.9523908
0.9355146
0.96618986
0.9697538
0.95804095
0.95667607
0.96789646
0.95433134
0.96810085
0.9446401
0.9512031
0.9363797
0.950851
0.9297338
0.9549879
0.932587
0.9196242
0.9325825
0.94389427
0.931253
0.94734305
0.93992215
0.93000036
0.93284094
0.93768024
0.94971824
0.9517044
0.9286237
0.9354106
0.94285035
0.92168677
0.91890883
0.9239158
0.921752
0.9256896
0.9260883
0.9309777
0.9184744
0.90895313
0.929155
0.92022264
0.925577
0.8994592
0.9104657
0.90320385
0.90320516
0.9052586
0.89496785
0.89603716
0.9118873
0.8969201
0.90479475
0.90048707
0.8884408
0.8940896
0.892454
0.8902029
0.8901421
0.9021413
0.88495135
0.87573296
0.8828521
0.89092565
0.8829298
0.8897932
0.875971
0.8784667
0.8637566
0.855913
0.87910694
0.8715985
0.8708687
0.87850964
0.8530649
0.862515
0.87959415
0.8462985
0.8513374
0.86697733
0.84903055
0.86777854
0.8549403
0.8768584
0.84934455
0.8646952
0.8642512
0.84167093
0.86584973
0.8629895
0.8311337
0.8523547
0.84836197
0.8672769
0.8498951
0.8448686
0.85946244
0.85644627
0.8517175
0.8546357
0.84452367
0.83816683
0.85059845
0.83617157
0.8272629
0.83492434
0.8551574
0.84150964
0.8358983
0.8265825
0.83982736
0.826945
0.8195368
0.8156294
0.82495373
0.81689185
0.833868
0.8128483
0.82318
0.8072538
0.8207349
0.81858975
0.8061736
0.8162681
0.81850857
0.802715
0.8221579
0.811324
0.813896
0.82351786
0.8199574
0.80876654
0.80417967
0.81086683
0.8079817
0.80484563
0.7891041
0.7866822
0.8024382
0.7957901
0.80392945
0.79693127
0.80583787
0.7832381
0.7893158
0.78244805
0.7896197
0.7874921
0.808928
0.788492
0.7918889
0.77955925
0.7931278
0.7898989
0.79437095
0.77445936
0.7822665
0.7817863
0.7828942
0.78036076
0.77855015
0.78606254
0.7942405
0.7856284
0.77336806
0.79088324
0.77786297
0.76660293
0.7897283
0.7817645
0.76899815
0.78937745
0.7807251
0.7773497
0.78470826
0.7877956
0.78312826
0.78081864
0.77473223
0.7635684
0.77348477
0.77935976
0.7743546
0.7726957
0.7731658
0.7613044
0.7825887
0.76801485
0.7622269
0.7680513
0.7599569
0.7573511
0.74139947
0.7489164
0.7490194
0.7500949
0.7352839
0.74693984
0.73655874
0.74478984
0.72509176
0.73248976
0.7307797
0.7306038
0.72573483
0.73755825
0.7311137
0.7322179
0.7326559
0.71629375
0.70657086
0.72149354
0.713703
0.7207254
0.71330047
0.7113676
0.72089463
0.71018744
0.72089446
0.7119835
0.69600654
0.7096347
0.7004198
0.7258453
0.7119542
0.7069832
0.7088332
0.70616233
0.7096973
0.7043635
0.7034332
0.68860537
0.68573666
0.6972133
0.6952861
0.69285077
0.69840515
0.6872979
0.6909322
0.6919366
0.69838876
0.68119305
0.68934417
0.68980354
0.68416566
0.6981564
0.6916227
0.6812942
0.68789923
0.68537015
0.68023735
0.69775295
0.6812416
0.66969717
0.6805631
0.6816763
0.66101915
0.6683572
0.6776116
0.65618545
0.67614084
0.6710415
0.6757112
0.6756513
0.66787183
0.6626081
0.6661698
0.68615377
0.67008895
0.66625273
0.6651446
0.6544208
0.6551788
0.65978336
0.6459727
0.6576446
0.64229655
0.6570796
0.672042
0.6428791
0.6615619
0.6429062
0.6514577
0.65046895
0.64905983
0.6503382
0.65561384
0.6492336
0.66426593
0.6469616
0.64636445
0.6499166
0.65742797
0.64614034
0.6403102
0.6437622
0.6385933
0.6495119
0.63523734
0.63399684
0.63321054
0.627993
0.64305353
0.6206937
0.6377473
0.62790614
0.6106926
0.6205242
0.6300843
0.6345966
0.6143665
0.61387557
0.61806273
0.6118264
0.6070142
0.62014157
0.60832185
0.6108985
0.6070629
0.6125469
0.60207224
0.62085205
0.6219705
0.6128693
0.62008864
0.6081812
0.62210304
0.5951922
0.6066061
0.6019833
0.6135152
0.6163639
0.6141001
0.60404795
0.60989666
0.6055744
0.60841954
0.60508096
0.5974561
0.60354763
0.59381133
0.5914534
0.5906492
0.59683424
0.59313315
0.5845873
0.5817028
0.5825774
0.5825797
0.5768278
0.5785883
0.58166444
0.5726741
0.5775199
0.58023036
0.5701297
0.58721644
0.58700764
0.5712813
0.5684797
0.58545184
0.5782558
0.5534524
0.569586
0.56290656
0.55838734
0.57171905
0.5639357
0.5591234
0.5507643
0.564488
0.5626124
0.5597964
0.5685081
0.55899405
0.55194783
0.54554576
0.5526764
0.55520564
0.5405872
0.5737016
0.56035763
0.5576111
0.5330838
0.5527534
0.5513665
0.5612837
0.5476661
0.5385595
0.53878367
0.5310017
0.5448557
0.52680314
0.5423825
0.53545874
0.5301678
0.54178363
0.52236867
0.5179114
0.524878
0.51728857
0.52882606
0.5292211
0.52375746
0.52276355
0.53170794
0.5227643
0.52853805
0.52653277
0.5072729
0.5205975
0.5197887
0.5335499
0.53024304
0.5347
0.5182495
0.508231
0.5186154
0.51281667
0.52111113
0.5216407
0.5212644
0.5121308
0.511452
0.5112008
0.51866037
0.5131034
0.5155867
0.5115346
0.5119109
0.5137909
0.5006366
0.5127192
0.5098233
0.50386614
0.49682143
0.48915088
0.48320258
0.5032128
0.50268084
0.49461234
0.50412357
0.4837533
0.49744597
0.49847555
0.49055395
0.5059782
0.51047945
0.49231425
0.5011018
0.48257002
0.49845812
0.50188273
0.48726624
0.49271873
0.4874288
0.48458678
0.49217072
0.50430846
0.48775014
0.4706761
0.48758346
0.4901953
0.49325368
0.47143942
0.4842257
0.47754332
0.4827003
0.48836696
0.47881702
0.48627883
0.4864231
0.485825
0.48792192
0.47314453
0.47123885
0.4677075
0.4717902
0.48512074
0.4779005
0.4926607
0.48284227
0.48329738
0.46573082
0.46098548
0.4667728
0.45408127
0.47436416
0.46272063
0.46445188
0.47943047
0.4571785
0.4604434
0.4586793
0.45722607
0.4498577
0.46749783
0.46116298
0.44969139
0.4529719
0.441763
0.4515964
0.45413816
0.4496689
0.45047286
0.4538723
0.45207167
0.45971617
0.44981122
0.43899837
0.4403178
0.4460014
0.4464235
0.44776222
0.44209194
0.43993247
0.43108338
0.43259156
0.42912027
0.4288962
0.43574718
0.4253173
0.42826888
0.42921957
0.42576146
0.4309483
0.4258186
0.41855067
0.41794175
0.4310692
0.42486748
0.4321257
0.42262316
0.4233501
0.4191133
0.4234167
0.4169218
0.42586455
0.4284603
0.44485804
0.41852558
0.41102037
0.42352
0.42380124
0.42830756
0.42545834
0.4087112
0.41929767
0.42374635
0.41809687
0.41249797
0.42152798
0.4225433
0.4030966
0.4174886
0.3960541
0.40231395
0.40105265
0.40328497
0.3991877
0.39481562
0.40373966
0.40725285
0.40621552
0.39350662
0.40196043
0.40558428
0.39583632
0.40148473
0.38166744
0.38680488
0.39314592
0.38647076
0.39720184
0.3882058
0.39577878
0.3854767
0.38532943
0.38971448
0.37260145
0.3866073
0.38744593
0.3925668
0.37797505
0.3918892
0.39117682
0.39749342
0.39205712
0.37941697
0.38729325
0.37043563
0.39046174
0.39052
0.3750696
0.3823597
0.40413505
0.38277256
0.38163885
0.37490866
0.37775862
0.36987087
0.37336722
0.38101205
0.38229862
0.36392757
0.37146276
0.37013903
0.37899467
0.38184333
0.37420017
0.36893794
0.36881799
0.37608844
0.36128005
0.36499426
0.36164984
0.37115133
0.3819493
0.37249413
0.37428084
0.36947352
0.36757642
0.3744363
0.36919516
0.36686134
0.3581604
0.38040182
0.37220538
0.35793966
0.36928713
0.36984238
0.35977444
0.36405912
0.36530998
0.35760984
0.35814142
0.35518503
0.35046306
0.35599816
0.3594879
0.34907806
0.3633768
0.35310385
0.35785002
0.351996
0.35372964
0.3638278
0.345356
0.34364957
0.348865
0.3438367
0.3608684
0.34379238
0.3541618
0.34539413
0.342847
0.34975997
0.35148764
0.35479745
0.34615645
0.3529589
0.35132357
0.34656477
0.351149
0.3494852
0.3499987
0.35249382
0.35015026
0.34981257
0.34579006
0.34011567
0.33760896
0.34110165
0.3469156
0.3484083
0.34083563
0.3436576
0.33581707
0.34000143
0.33467895
0.32989922
0.3396924
0.34718463
0.34289524
0.34215042
0.33807516
0.34353128
0.34788272
0.32416043
0.3250345
0.3345508
0.3367823
0.33992708
0.327409
0.33034834
0.33082867
0.32153422
0.32818112
0.32739943
0.3301885
0.3297655
0.32672825
0.32673278
0.31872907
0.32992938
0.32790753
0.3277132
0.32524824
0.3228014
0.3229742
0.32905316
0.3300569
0.3203263
0.31556296
0.32285225
0.31461522
0.31905252
0.31564373
0.3134047
0.3233655
0.31356627
0.31832665
0.31721368
0.33108076
0.31735045
0.31997323
0.31640628
0.33181694
0.31169915
0.3153507
0.3139449
0.3071511
0.30568418
0.30294168
0.30457294
0.30861908
0.3142995
0.31051067
0.32700565
0.31169426
0.31010127
0.31876466
0.30542985
0.3107494
0.31577823
0.30984363
0.31198588
0.31227496
0.30803198
0.3097226
0.31699574
0.31607634
0.32421228
0.3131757
0.30438855
0.3257616
0.3106165
0.3136766
0.30775172
0.30131608
0.30734223
0.30794612
0.31409135
0.30734888
0.31174672
0.30722117
0.32379505
0.30767232
0.30249876
0.3132671
0.31697163
0.29851264
0.32351395
0.31667942
0.31101686
0.297572
0.30723608
0.30983815
0.3065061
0.3039166
0.30245996
0.29581013
0.301249
0.2908706
0.29357126
0.2890504
0.2887001
0.27689064
0.29556045
0.29762682
0.28385264
0.2905836
0.29895332
0.29266697
0.30613953
0.28368008
0.28557056
0.29636323
0.2874081
0.2920669
0.3136631
0.28729036
0.29477164
0.2900958
0.2976808
0.29434043
0.28032768
0.2888274
0.2971687
0.28671974
0.29803494
0.2941299
0.30212402
0.2893868
0.27932972
0.27902967
0.29467353
0.28693813
0.2981464
0.28225696
0.28873393
0.278623
0.29041678
0.28397733
0.27375466
0.2801771
0.28851002
0.28614926
0.27891344
0.2874314
0.28549823
0.28825542
0.29061455
0.2858957
0.28036976
0.28545552
0.2818686
0.27730876
0.27803233
0.2684052
0.28228652
0.2777815
0.2790878
0.27117822
0.27027518
0.28148556
0.26903024
0.27226698
0.2750112
0.27066728
0.26694244
0.27972588
0.2714572
0.26637796
0.2619141
0.2699236
0.2736779
0.2683411
0.26746723
0.27377144
0.2623258
0.25766748
0.26627696
0.26294184
0.27499896
0.26519766
0.26758206
0.26453647
0.26480755
0.26721364
0.2634556
0.27287945
0.26167178
0.26520926
0.26892892
0.2713352
0.25781465
0.25922024
0.26174814
0.26950055
0.26368755
0.2613643
0.26218647
0.27181563
0.26760688
0.26501572
0.26846078
0.26646534
0.2704702
0.26504543
0.27423853
0.27121514
0.26826862
0.25875217
0.26261425
0.25755942
0.2590756
0.25824583
0.25746217
0.2611488
0.26760745
0.2706815
0.27044094
0.26424357
0.2639795
0.25971106
0.26905343
0.2624862
0.26463607
0.25995663
0.2644413
0.26871875
0.2660563
0.27102438
0.27377668
0.265174
0.2637809
0.26484466
0.2643318
0.26668045
0.25618452
0.2631361
0.27130774
0.27131465
0.2737751
0.2678647
0.2620457
0.25344998
0.2607922
0.24448943
0.26026008
0.2530913
0.25233102
0.25232774
0.25356847
0.2585813
0.2611548
0.2515511
0.261343
0.261292
0.24881336
0.2443259
0.24763858
0.26183996
0.24808982
0.24595636
0.2546498
0.25010097
0.24784738
0.24194749
0.25240546
0.25343275
0.24754003
0.25122902
0.246791
0.25120834
0.24632801
0.24578607
0.24706616
0.25760913
0.25272474
0.25503007
0.2529906
0.24111012
0.24392095
0.2562698
0.24970639
0.24753912
0.25288895
0.24810211
0.25108382
0.2508262
0.2468485
0.23423
0.24499784
0.24726956
0.24513784
0.24793726
0.24096882
0.24045077
0.24014328
0.24094027
0.2427483
0.24036428
0.25126952
0.24710931
0.24103501
0.23489365
0.23419738
0.2334759
0.23509097
0.23817103
0.23308218
0.24644819
0.22417618
0.2323825
0.23307404
0.23147652
0.22540455
0.22113945
0.22770141
0.21710816
0.22157699
0.22241992
0.22020409
0.21200097
0.22594352
0.22134574
0.22264974
0.22605261
0.21563539
0.22750656
0.22368486
0.22266653
0.22088775
0.22233194
0.22078444
0.2358883
0.2136416
0.2152986
0.2189719
0.20951045
0.20832826
0.21773028
0.20968138
0.20133063
0.2092744
0.21450758
0.2216021
0.20620367
0.20890608
0.20955767
0.21114717
0.2116468
0.20628597
0.20757428
0.22118095
0.22015446
0.21322706
0.21140628
0.20821439
0.20976073
0.20223737
0.2097818
0.20507471
0.20320965
0.20688869
0.2040902
0.20547454
0.21098673
0.1983952
0.21254037
0.20648205
0.20414169
0.20307215
0.20349492
0.21381953
0.20317942
0.20594084
0.20480338
0.19974986
0.19879068
0.20435505
0.20008126
0.19993411
0.20698066
0.18860912
0.19614607
0.20451377
0.20079006
0.21724777
0.20197736
0.20600654
0.19846985
0.21501276
0.21054827
0.20337397
0.20022894
0.1995843
0.20460676
0.20200005
0.20255178
0.20042586
0.20239662
0.19989239
0.19319102
0.19689442
0.19410664
0.19377269
0.19686332
0.1974909
0.20071448
0.19851983
0.20358711
0.19768693
0.19965653
0.19551279
0.20668648
0.20458905
0.20296817
0.19400741
0.20241202
0.30934468
0.19108367
0.19411127
0.19258659
0.19711809
0.19799186
0.19636796
0.20521377
0.21205305
0.19729108
0.196804
0.19663815
0.1910514
0.2005899
0.19533528
0.20089628
0.20124605
0.1965916
0.19412689
0.20070018
0.19569646
0.20302545
0.20607385
0.20145258
0.18993033
0.1920249
0.1900294
0.18926966
0.19293891
0.18994892
0.19067295
0.1912219
0.18410607
0.18393296
0.18928537
0.18636562
0.18726096
0.18449569
0.18526053
0.18672568
0.18707322
0.18652478
0.18553168
0.18483922
0.19577588
0.18408264
0.18111227
0.19179256
0.17689338
0.19243097
0.19042927
0.18704599
0.18161653
0.18293379
0.1881814
0.1866929
0.18829736
0.18861538
0.17924106
0.19024666
0.18785574
0.18556231
0.17922844
0.1821842
0.19150698
0.19226344
0.19234133
0.18977402
0.19875713
0.18567504
0.18371166
0.19528025
0.19104522
0.1829328
0.17984188
0.18588705
0.18381251
0.18494599
0.17933835
0.18030185
0.18021254
0.18353893
0.17958406
0.18476045
0.18521294
0.18944432
0.18103203
0.18731216
0.18208568
0.1894034
0.18297562
0.18482004
0.18707038
0.18753788
0.186359
0.178507
0.18083553
0.1829033
0.18429661
0.17592132
0.1782464
0.18181248
0.18620914
0.18242565
0.18255283
0.18179472
0.16873159
0.17931847
0.17593725
0.1841977
0.18286686
0.18408038
0.18610124
0.18159397
0.18651485
0.18830177
0.18196689
0.18071678
0.18511684
0.19196896
0.1779727
0.18343939
0.17520599
0.17727955
0.18596953
0.17930771
0.18767388
0.1736424
0.17778122
0.17744033
0.17477949
0.18646418
0.1782287
0.17707701
0.17758425
0.18275972
0.17927021
0.18178177
0.17539847
0.1831476
0.1798877
0.18010849
0.18391822
0.18290009
0.1775217
0.17704035
0.17124005
0.17595492
0.17510554
0.18114187
0.18075056
0.19344562
0.17404433
0.18887527
0.17972577
0.1767732
0.17395784
0.17397054
0.17465356
0.18046685
0.16996802
0.17201066
0.16562593
0.17110652
0.17523806
0.1597903
0.17005578
0.16263564
0.16816826
0.17253727
0.16607837
0.16442822
0.16400889
0.1657144
0.16855328
0.16527316
0.16533865
0.1619657
0.16394693
0.16879347
0.16007626
0.17307527
0.16392168
0.17112364
0.17128795
0.16297083
0.1615104
0.171609
0.1614552
0.16936609
0.16560078
0.17076059
0.1659503
0.16409554
0.16620083
0.16227816
0.16508698
0.16809769
0.15993412
0.16444728
0.16983172
0.17016968
0.16662546
0.16042662
0.15845671
0.1681849
0.1606884
0.16333315
0.16499163
0.1736443
0.16286671
0.16085602
0.1598585
0.16715609
0.16243753
0.16688979
0.16901287
0.16093478
0.16780284
0.16631347
0.16340289
0.16189127
0.15941688
0.15740487
0.15758806
0.15705925
0.1552
0.16000526
0.15636405
0.1664981
0.15593234
0.15943284
0.16175044
0.16098957
0.15421574
0.14832358
0.15764691
0.15785137
0.15211084
0.15423766
0.15996459
0.15507607
0.15849029
0.15337318
0.15340996
0.15427896
0.15845363
0.15487501
0.15693533
0.15960559
0.15807205
0.15264189
0.15771775
0.15259357
0.16050762
0.15335922
0.15861481
0.15465869
0.15789333
0.1589081
0.15697609
0.15317482
0.15194474
0.16218539
0.15246321
0.1648973
0.1549177
0.15280434
0.15462838
0.15846579
0.15267524
0.1567229
0.1445159
0.1587539
0.15761654
0.15251423
0.15039839
0.15508193
0.14832142
0.15420191
0.154705
0.15506135
0.15627788
0.15632068
0.14795113
0.14921066
0.14847839
0.14799221
0.14359574
0.15064126
0.145005
0.1422035
0.15354772
0.14982025
0.1504793
0.15041502
0.15106772
0.15230213
0.15441754
0.15290332
0.15642636
0.15725823
0.14972974
0.1448831
0.14837022
0.14237031
0.14645801
0.15162393
0.16295132
0.14489874
0.14472386
0.15385258
0.15199004
0.14619339
0.14679438
0.15316707
0.14472094
0.14787099
0.15421732
0.1517982
0.14598975
0.15120313
0.14605369
0.15566504
0.14578812
0.14430201
0.14470495
0.14923248
0.14617954
0.1482747
0.1454878
0.15465848
0.14299588
0.15856041
0.143233
0.14796214
0.13956748
0.14633407
0.14423469
0.1512961
0.15989338
0.15382518
0.150036
0.14255819
0.14828959
0.14881364
0.1489466
0.14174463
0.14947428
0.14927956
0.1431808
0.14522128
0.14867976
0.14537528
0.14696485
0.14270924
0.14474344
0.13883504
0.14582339
0.13495822
0.14848083
0.14407806
0.13876916
0.14033076
0.14539076
0.13712868
0.13502735
0.14185475
0.14159927
0.14084281
0.1468421
0.14055975
0.14349808
0.14171477
0.14190787
0.14974464
0.14315271
0.13958272
0.14726877
0.1437991
0.14726566
0.14000982
0.14104868
0.14625795
0.14511004
0.15060356
0.14534535
0.15412275
0.1562854
0.1590886
0.14700015
0.16200183
0.16138466
0.1560946
0.15398271
0.1569491
0.16362011
0.15466166
0.1555242
0.14242642
0.1448653
0.14514925
0.14341398
0.14125358
0.14133754
0.13663241
0.13877378
0.13782284
0.14524187
0.13773195
0.13804156
0.13804834
0.14295757
0.14410415
0.14101484
0.13795143
0.14775601
0.13739733
0.13865562
0.14015646
0.14452143
0.14056921
0.12910154
0.14138965
0.12868968
0.13732763
0.13282089
0.13865574
0.1331832
0.13418637
0.13732976
0.13265534
0.13036904
0.13439207
0.13355587
0.13074583
0.13480991
0.13108878
0.13332982
0.12823139
0.12756214
0.13595422
0.12308343
0.122787915
0.1274643
0.12935176
0.12716104
0.13286501
0.12610283
0.13062353
0.12626755
0.13290241
0.12480237
0.12791386
0.124628685
0.13043325
0.12252149
0.12721157
0.1328402
0.13281487
0.12806846
0.12798446
0.12482933
0.13049453
0.12759462
0.13129915
0.13021606
0.13034713
0.12652057
0.13039373
0.121774115
0.12733209
0.13202882
0.13240199
0.12919012
0.12918094
0.12229573
0.12254179
0.13193911
0.13531333
0.122843914
0.12595358
0.12469871
0.1191297
0.13086376
0.121256515
0.1205693
0.12591602
0.12627333
0.12202137
0.12648721
0.12296769
0.11723856
0.11663123
0.115150034
0.11031206
0.120537125
0.11973227
0.11996527
0.13186093
0.117651924
0.11866026
0.11632395
0.13532528
0.12167877
0.12656529
0.11735642
0.12111044
0.12410635
0.12968233
0.13022698
0.1237938
0.115684204
0.1212963
0.11843115
0.11652827
0.121391624
0.123363905
0.120930865
0.13113678
0.12945554
0.11844627
0.12248249
0.1144951
0.11787796
0.11756839
0.11712045
0.11419876
0.12267777
0.11575882
0.11963432
0.121562906
0.11169543
0.119280614
0.12016915
0.12106475
0.12690215
0.11747371
0.11466187
0.11686372
0.12456492
0.10945113
0.11386364
0.11336365
0.11966636
0.1168196
0.1228212
0.1218756
0.12004947
0.11821471
0.1224109
0.115220726
0.12349777
0.12074248
0.11550177
0.120429605
0.105537936
0.113095485
0.11658629
0.12316638
0.11878006
0.11932054
0.11791787
0.126767
0.118574254
0.114949256
0.11349217
0.12133181
0.112384215
0.11883865
0.12085289
0.11183381
0.11115156
0.110589944
0.115783766
0.112328745
0.11281946
0.114348486
0.10336975
0.11227967
0.11288618
0.119051844
0.11008684
0.113084815
0.11205435
0.10857473
0.10887789
0.11252123
0.11651533
0.11164097
0.1074672
0.11504917
0.105119124
0.11387013
0.110404074
0.11097029
0.10371742
0.11382569
0.11434138
0.10907939
0.11049219
0.11154074
0.112173334
0.110727385
0.10752103
0.1138661
0.1090962
0.1086654
0.114401214
0.111328356
0.1111184
0.106535286
0.10480111
0.10571152
0.10822402
0.11558929
0.112304054
0.107931755
0.10797141
0.11007057
0.10849172
0.10862645
0.11743151
0.11181226
0.10133428
0.11126014
0.10246221
0.1010971
0.11918441
0.102467865
0.10543689
0.10934803
0.10387422
0.10900521
0.110767424
0.108457975
0.104439974
0.10195911
0.11510323
0.10741339
0.11221498
0.1056203
0.10057417
0.109956205
0.103240006
0.11268334
0.11601894
0.11058004
0.108129844
0.11403648
0.11651378
0.108244844
0.11010776
0.107025266
0.11889197
0.113446556
0.1048277
0.11110562
0.111643024
0.10453712
0.10215088
0.11015277
0.111628234
0.10268498
0.10504663
0.10745662
0.110187836
0.105824545
0.102785155
0.11182091
0.10978954
0.111464605
0.10975043
0.10800515
0.10814163
0.11309107
0.10997041
0.10420691
0.110966444
0.11813224
0.1173027
0.10699057
0.11178694
0.113583885
0.10950118
0.114609264
0.10478183
0.105029136
0.11574889
0.10109363
0.10674298
0.10516394
0.110522844
0.10580655
0.10854175
0.10424963
0.11095401
0.10795573
0.11456493
0.12052507
0.110647
0.106161766
0.10322978
0.10849507
0.09620558
0.098465174
0.10114291
0.09902602
0.1021867
0.10380312
0.097153775
0.11113179
0.11124774
0.09631644
0.100981265
0.10490642
0.102673985
0.09964709
0.108172536
0.10097967
0.11017112
0.107946984
0.107237965
0.11030935
0.09911785
0.098715305
0.09729296
0.101757206
0.10359518
0.11267862
0.10294226
0.10558697
0.10217738
0.11014619
0.10416175
0.10487699
0.09699093
0.10888129
0.104592025
0.106850386
0.10115208
0.10559151
0.1089036
0.099164836
0.10119872
0.10299026
0.103978954
0.10188774
0.10130152
0.10432681
0.10582777
0.10609625
0.10402237
0.10655947
0.1052398
0.10984473
0.105771944
0.10418017
0.10751886
0.10487767
0.10938592
0.10624065
0.10747808
0.09716904
0.09889941
0.10846843
0.09742018
0.10176615
0.10578307
0.104050145
0.10305865
0.11224955
0.10212583
0.100767955
0.0996328
0.10979033
0.10128252
0.10607075
0.09841209
0.10129606
0.09355083
0.0960754
0.092532516
0.10403139
0.10116632
0.10007528
0.10200051
0.1045733
0.09688892
0.0984921
0.09733679
0.10602309
0.1052266
0.099117264
0.09200279
0.10010078
0.10073888
0.10380387
0.09258361
0.09572758
0.10197171
0.09951425
0.098632134
0.09586783
0.09581315
0.09906177
0.0958274
0.10393804
0.10116683
0.10996722
0.108518794
0.10249953
0.11102718
0.11064759
0.110345446
0.10254276
0.10409763
0.10641671
0.105434455
0.105616234
0.1037703
0.09710149
0.10142455
0.10126593
0.10588811
0.100687556
0.101239234
0.10638037
0.103071414
0.096088134
0.10238795
0.10505274
0.105423644
0.10654413
0.10750715
0.09865995
0.107944205
0.10914987
0.10212044
0.09953533
0.106033154
0.10375889
0.11439838
0.11560151
0.11185347
0.10564398
0.106319696
0.09931627
0.105988964
0.106942244
0.09686704
0.09564528
0.10303309
0.09882196
0.1060431
0.1084937
0.0976881
0.09851793
0.105049215
0.10006134
0.10091847
0.0987798
0.10203829
0.10003703
0.10052046
0.10458437
0.099032946
0.10131501
0.09610731
0.10276699
0.10010296
0.101122364
0.10465831
0.09928455
0.102011636
0.09894226
0.10948602
0.09831934
0.0963137
0.09179325
0.10064496
0.103572145
0.10007994
0.09942155
0.10065196
0.10239965
0.10220646
0.09743845
0.09683509
0.09980661
0.09777786
0.1054242
0.1011994
0.101964936
0.10077781
0.10056663
0.1018243
0.10465782
0.09493108
0.10368556
0.09735144
0.10683448
0.09815059
0.10267095
0.09984187
0.105703786
0.100006685
0.09602031
0.09790538
0.09357428
0.100888334
0.10438756
0.104740165
0.1054275
0.10142088
0.09621182
0.099012494
0.09786302
0.104745425
0.09681967
0.09954435
0.09537133
0.10588059
0.09824496
0.098518856
0.09829153
0.100101635
0.09921894
0.10179426
0.10789335
0.1023789
0.09891775
0.09803297
0.10390292
0.09517123
0.10316796
0.096006595
0.10261075
0.100873925
0.10365957
0.0916066
0.10126512
0.097901836
0.09010938
0.101164244
0.09350343
0.09776685
0.1016223
0.09885482
0.10150505
0.09277505
0.09609782
0.096226946
0.09781192
0.093421824
0.0963114
0.09915378
0.09849601
0.09575218
0.09713971
0.09208253
0.102085315
0.10519406
0.09580047
0.09968839
0.095600195
0.09898921
0.089497924
0.09863683
0.09094286
0.09701554
0.10178078
0.10383524
0.09715078
0.09635365
0.09358186
0.09771286
0.0981127
0.09637642
0.09794558
0.09458725
0.096370675
0.092146546
0.0874317
0.088605136
0.09355029
0.09214331
0.093287684
0.096081376
0.08656765
0.09280933
0.089868486
0.08948757
0.09471915
0.087185085
0.092061125
0.08718611
0.08984002
0.08980316
0.08841863
0.09472243
0.092491925
0.098902225
0.10316973
0.09077065
0.09290958
0.09211286
0.09428513
0.09687856
0.09332668
0.10077209
0.10041451
0.09073783
0.08930963
0.09598222
0.092173085
0.09297103
0.09814751
0.09746939
0.09264368
0.09480384
0.08751725
0.09279863
0.09335888
0.09644868
0.086174436
0.08936828
0.08582066
0.09420515
0.09135547
0.09086274
0.09738189
0.0922204
0.091143064
0.09981314
0.0912124
0.099660575
0.08648716
0.0922222
0.093058206
0.09883306
0.09432571
0.09189261
0.09252785
0.089508496
0.096674725
0.08708384
0.09712927
0.0911139
0.093564406
0.09262027
0.09313197
0.09462167
0.0925253
0.10357268
0.095349476
0.08676083
0.09072726
0.09749522
0.093559474
0.10435577
0.092586756
0.0972562
0.09183664
0.09536352
0.09065658
0.09164971
0.091779955
0.088239916
0.09458379
0.09711457
0.09679738
0.09109533
0.095574886
0.09243165
0.094153024
0.09053156
0.09797697
0.094415665
0.09158873
0.08972708
0.090537764
0.08822724
0.08061606
0.09790937
0.09423852
0.09346921
0.09788633
0.093265966
0.08761706
0.105630726
0.0947417
0.10212395
0.09870505
0.095226474
0.09720581
0.09239128
0.09045294
0.09156332
0.10070877
0.09418402
0.10310746
0.09660258
0.09517273
0.10592438
0.09491836
0.09406766
0.10129493
0.10120832
0.09711124
0.092377715
0.10199396
0.094940655
0.09588576
0.09240327
0.09129181
0.09515392
0.09038033
0.09792913
0.09344065
0.091777265
0.086622685
0.088306315
0.09437782
0.095260695
0.09732375
0.09142859
0.096523106
0.086048625
0.095885344
0.09265343
0.0913631
0.091501124
0.08677884
0.100352645
0.09067244
0.08853792
0.08685067
0.10564789
0.08683218
0.08682024
0.086873926
0.0905213
0.08393893
0.086261384
0.09269403
0.09260537
0.08994314
0.09459035
0.099031925
0.08691189
0.09703459
0.09316365
0.09564683
0.09566324
0.09155771
0.09701086
0.09391823
0.094409324
0.08933321
0.08975465
0.087844856
0.097843744
0.09054091
0.095427625
0.095448755
0.090222225
0.090904325
0.09963769
0.09662182
0.092630364
0.09780587
0.098798424
0.097932965
0.088708445
0.095923066
0.09270279
0.08997564
0.098984964
0.08238375
0.09772893
0.08733423
0.08998463
0.092296846
0.09154478
0.09731884
0.09112154
0.09527095
0.09041027
0.091765895
0.09574723
0.0972778
0.09623492
0.08847632
0.0957682
0.097070545
0.09580653
0.098757744
0.0975708
0.09350924
0.09304604
0.099171
0.09269503
0.108591706
0.10732664
0.09961113
0.092697784
0.09267989
0.09515035
0.09672462
0.10229682
0.09600638
0.091735095
0.103510685
0.096036226
0.09466409
0.096338935
0.10368691
0.10140479
0.093066886
0.09638433
0.106444456
0.095381774
0.10034221
0.09769464
0.09902436
0.09753758
0.09682883
0.09871975
0.096734
0.099247746
0.09619191
0.11161432
0.09456048
0.09676972
0.098325714
0.09774339
0.098195165
0.103755735
0.09269921
0.100756645
0.09941439
0.09299602
0.094409905
0.09614683
0.093887076
0.09526106
0.095457055
0.09577332
0.09546086
0.095151275
0.09542531
0.087089665
0.0974006
0.09136983
0.09111911
0.09116472
0.09718039
0.10193576
0.09210602
0.10282974
0.093447156
0.08323395
0.0862963
0.08612069
0.08860403
0.09191294
0.09049461
0.08562336
0.090065755
0.09477321
0.105957
0.09424733
0.10072736
0.093740806
0.096640535
0.0960814
0.09799504
0.09045008
0.09582083
0.09780295
0.09289161
0.096408635
0.09584139
0.08998312
0.09222159
0.095317066
0.088319935
0.0951378
0.09168156
0.105085984
0.08998477
0.08878833
0.09215898
0.09281
0.08634001
0.084331416
0.096046574
0.08213133
0.08641656
0.083646335
0.10076674
0.0903058
0.087598726
0.09434987
0.09091738
0.090307206
0.093977384
0.094395675
0.09368771
0.08899583
0.094020516
0.093779854
0.090436615
0.09115391
0.08790171
0.09131618
0.09052049
0.08700583
0.08528976
0.08951679
0.09440259
0.089686766
0.09008868
0.089004666
0.086940885
0.09010089
0.09612891
0.08732107
0.096075065
0.0907369
0.096034944
0.09062826
0.09686425
0.09362765
0.092110574
0.09699552
0.093353264
0.097847015
0.09413494
0.08809407
0.09417433
0.09534684
0.098248065
0.09554592
0.09280465
0.08659028
0.0941227
0.0959182
0.09823899
0.100391954
0.09880899
0.09723782
0.09462371
0.09680547
0.10271252
0.09370752
0.099743605
0.10218369
0.09711811
0.09404651
0.09526922
0.10213703
0.0896255
0.1015972
0.093599275
0.09047066
0.10300134
0.09840857
0.09950391
0.09595899
0.09772377
0.09883731
0.09735254
0.09184686
0.10157653
0.097643435
0.09779257
0.09437797
0.08977678
0.091278106
0.09636199
0.09621425
0.099806584
0.098206006
0.09551203
0.09330369
0.096712604
0.09839106
0.10261805
0.094283186
0.09830143
0.11038634
0.10243648
0.09239636
0.09768533
0.104637854
0.098827355
0.09116126
0.10154126
0.09650783
0.09917938
0.09576773
0.10331968
0.104736514
0.09534873
0.10548217
0.10341989
0.11258615
0.10644225
0.105929755
0.09745008
0.104935445
0.09664183
0.10083432
0.09986449
0.10211671
0.09482827
0.09512233
0.09902223
0.103753015
0.0989263
0.09542122
0.10368305
0.09806078
0.09036033
0.09960427
0.09821174
0.1037961
0.09747621
0.09355337
0.102938645
0.10706717
0.102287084
0.10379164
0.10106731
0.09348335
0.08945966
0.093903385
0.09551885
0.09881263
0.0930704
0.0942289
0.09119396
0.1014668
0.09692432
0.093439125
0.10159728
0.09267573
0.08793943
0.097180694
0.09598807
0.088434726
0.08612962
0.08497092
0.09346369
0.08913611
0.08472335
0.090470776
0.09681386
0.092036806
0.09308919
0.08468377
0.09157301
0.095747225
0.084259085
0.09086524
0.0920773
0.09413178
0.097918265
0.088821985
0.08865106
0.09473917
0.08921872
0.08092742
0.08462186
0.09152852
0.088256516
0.08987481
0.08670859
0.09143698
0.097170345
0.08938752
0.09805841
0.08879932
0.087690845
0.08841661
0.09713917
0.08843413
0.09126579
0.09787872
0.08873261
0.100765824
0.09512588
0.098059535
0.094697386
0.09653529
0.10353342
0.0942858
0.08364208
0.09115839
0.094142735
0.0894515
0.089171335
0.09084861
0.08575765
0.09167693
0.08319297
0.09257584
0.08744833
0.09095922
0.091196984
0.090060934
0.08742128
0.0896445
0.085343994
0.09000641
0.09288279
0.082992494
0.09357203
0.09516887
0.08969733
0.09060163
0.08370338
0.086998455
0.09279142
0.09008939
0.086117566
0.07740169
0.084665604
0.084641844
0.080157116
0.09186355
0.08543878
0.085827544
0.0788282
0.07451016
0.086989745
0.083304405
0.088074625
0.08514724
0.07899245
0.08038961
0.08838575
0.09264143
0.08874751
0.08272173
0.09073422
0.0798102
0.08698039
0.083547644
0.08461409
0.082838774
0.08168214
0.087042004
0.090837725
0.086414136
0.102455236
0.07889339
0.092920765
0.08750821
0.092905864
0.09052204
0.08640015
0.08965361
0.09658408
0.08973235
0.08828902
0.08898502
0.08893366
0.08533535
0.09001557
0.081846006
0.08656503
0.0859876
0.08134952
0.08392122
0.08753137
0.080275245
0.08252071
0.07918766
0.088377684
0.0893436
0.08255644
0.07971389
0.0791245
0.07942988
0.07498667
0.088905774
0.09170961
0.073915035
0.07180128
0.08180623
0.08513304
0.08411832
0.082665294
0.08886727
0.08593258
0.08109607
0.08355435
0.076140754
0.08495794
0.091090605
0.08175179
0.08039112
0.08197773
0.075059064
0.07538011
0.08979041
0.08781694
0.08749017
0.0846155
0.08201288
0.088539235
0.08761889
0.0858929
0.08259848
0.08353577
0.09693214
0.10368967
0.087999016
0.08466975
0.0886256
0.07814879
0.082132995
0.0791701
0.10604196
0.087810695
0.07724787
0.08738432
0.09251305
0.08774417
0.08800689
0.084038615
0.09062789
0.08137725
0.0761317
0.08300857
0.08399963
0.091320775
0.08643144
0.08283211
0.08126021
0.08101533
0.08535474
0.07946841
0.08043706
0.08324763
0.08895704
0.08776651
0.07812793
0.07692438
0.08513741
0.086571135
0.078576535
0.07972341
0.08353114
0.085035026
0.08733818
0.084558316
0.09538361
0.08246286
0.08663396
0.08502826
0.0813358
0.08794571
0.08619444
0.08464203
0.09030913
0.08752856
0.08582876
0.08270983
0.082050644
0.08292564
0.08406199
0.08783508
0.083819516
0.07744853
0.084905215
0.08985867
0.08445745
0.08471024
0.08026321
0.08817767
0.08054943
0.080573745
0.088215075
0.08302817
0.10053917
0.09167151
0.09570343
0.08274048
0.08726861
0.08611059
0.08464988
0.08937174
0.08852189
0.094725475
0.08660351
0.07526744
0.08434162
0.087758705
0.08356333
0.079759024
0.08289169
0.088617116
0.090748794
0.08663693
0.079830706
0.072031185
0.08533986
0.08624945
0.084120214
0.08556315
0.094336204
0.086611696
0.0981005
0.0842704
0.08986603
0.08431831
0.08807616
0.08976386
0.08535242
0.09176568
0.0890806
0.0905151
0.09248864
0.094896995
0.094874874
0.086698845
0.09379731
0.08935861
0.090940595
0.08453613
0.085918754
0.093486406
0.091122426
0.089778155
0.08508028
0.0807291
0.0875082
0.0901851
0.088055365
0.08560389
0.0804931
0.08951171
0.083046
0.09218877
0.08238268
0.088883534
0.08519434
0.08485734
0.08818741
0.09036987
0.09256519
0.09288244
0.087273784
0.094358034
0.09811234
0.09222075
0.089794725
0.085800454
0.090692654
0.09993226
0.086525805
0.09236819
0.08603039
0.0978801
0.09066955
0.08954296
0.09669748
0.091538705
0.08903698
0.081175506
0.08937561
0.083311975
0.09658553
0.08494401
0.08647842
0.09406036
0.08748858
0.08739379
0.09096662
0.089806944
0.090218835
0.08198844
0.091639265
0.094018266
0.089441806
0.088326216
0.088405944
0.0918283
0.08771037
0.09545714
0.09332642
0.08443996
0.089846075
0.10029477
0.08429289
0.09145267
0.09414188
0.08789497
0.08786781
0.08938578
0.09814502
0.09020842
0.09147187
0.08563284
0.0824084
0.08675412
0.088126
0.08304705
0.09501115
0.08605351
0.09258455
0.096501574
0.09332457
0.08897123
0.07851196
0.08312243
0.08775752
0.08517785
0.07953916
0.08113324
0.08033662
0.07480721
0.07996908
0.08127865
0.085093416
0.080179356
0.08678308
0.08576988
0.09388381
0.082840964
0.084725626
0.09430047
0.086211465
0.08567776
0.083949834
0.08554363
0.0929084
0.08835149
0.08358522
0.08364481
0.10017962
0.08430329
0.08505384
0.088469334
0.08524319
0.08643234
0.09762386
0.077621765
0.09338961
0.083747774
0.08971594
0.07650571
0.0825695
0.07748403
0.08520174
0.08639012
0.076906964
0.08110359
0.08546153
0.08979894
0.07723912
0.08889811
0.08639696
0.08298407
0.0855199
0.07970549
0.07990429
0.07538027
0.08570428
0.084632814
0.08612128
0.09161344
0.08549238
0.08342911
0.08839612
0.080145806
0.08910375
0.0913424
0.08758283
0.08600872
0.091859415
0.092734784
0.08588667
0.098646685
0.09573426
0.0824568
0.090037495
0.08368006
0.08633898
0.08424993
0.08667494
0.08969476
0.09217007
0.0785891
0.09096063
0.07736185
0.08687273
0.081143014
0.08640434
0.0915513
0.093395226
0.08228978
0.091935165
0.09103833
0.088756174
0.09573159
0.09249987
0.089026496
0.090568036
0.09176792
0.09421865
0.08690224
0.08800743
0.09283173
0.09195617
0.08882389
0.089391746
0.090569064
0.08575868
0.09443987
0.106419384
0.08879168
0.092214905
0.07957342
0.08798387
0.09049933
0.08757889
0.08325771
0.08304971
0.091154374
0.09000398
0.08951645
0.08903107
0.08174541
0.104722865
0.09594232
0.09472979
0.09821505
0.09053159
0.088887036
0.09228272
0.0845559
0.09500237
0.087211944
0.08240231
0.088634185
0.080554456
0.10016753
0.08688409
0.08881957
0.08819362
0.08019834
0.08839859
0.088312164
0.08518067
0.08543614
0.081564695
0.08890862
0.082910135
0.09140381
0.09089413
0.09509677
0.08791221
0.08824457
0.102005854
0.09644244
0.08448744
0.08020356
0.08884883
0.08462966
0.09593955
0.09052144
0.0915494
0.09533569
0.08866159
0.08980047
0.09165454
0.08741259
0.082721986
0.08307718
0.08446018
0.0832645
0.09410653
0.09456236
0.08850439
0.09651521
0.08668095
0.088160485
0.08898751
0.08713578
0.08916933
0.0910094
0.09117923
0.0962585
0.0867948
0.09018529
0.09473383
0.09127114
0.09482716
0.09195707
0.0964723
0.093621105
0.09076092
0.09441933
0.08888999
0.09584272
0.09622189
0.08862257
0.089320086
0.089455046
0.09230006
0.09362678
0.09729453
0.08086415
0.096597105
0.09514536
0.089107685
0.09022353
0.096060015
0.095002666
0.092718005
0.09632579
0.09153361
0.09976719
0.094252676
0.097525775
0.095917344
0.08434617
0.093507946
0.084666096
0.09635135
0.09643626
0.096154824
0.09522113
0.09931128
0.09853717
0.096681565
0.09293594
0.087571055
0.092315115
0.09470233
0.08810558
0.104929715
0.09604608
0.09057054
0.098955475
0.082568176
0.09234237
0.092065044
0.09476984
0.094595924
0.09036155
0.09206737
0.0927155
0.09174032
0.09072371
0.09090858
0.09433222
0.086885475
0.08998224
0.091801755
0.095757134
0.09522531
0.09594268
0.088604525
0.08701924
0.085028715
0.09146663
0.08513552
0.08571886
0.096120946
0.09853368
0.097956456
0.09912781
0.09493766
0.09728605
0.09713189
0.092183076
0.09543418
0.09173488
0.1005215
0.1051823
0.097997814
0.09022181
0.09584938
0.11248782
0.10613899
0.09586419
0.100038275
0.09559435
0.09998433
0.10061655
0.09529802
0.10749489
0.09806611
0.09275592
0.09636004
0.098129295
0.100912645
0.09507041
0.08948619
0.10044085
0.0957927
0.08961931
0.096376285
0.09254637
0.09639659
0.102417514
0.08419279
0.09733612
0.094267786
0.09251149
0.093294956
0.09432642
0.08676289
0.091206476
0.09189808
0.09995944
0.09143871
0.1074756
0.101708844
0.09783949
0.091511175
0.09131763
0.09671838
0.105562754
0.0902305
0.087312825
0.08668724
0.093364514
0.08898707
0.093795106
0.092707925
0.10185584
0.098048
0.09384268
0.096073404
0.099316716
0.098705925
0.09709463
0.101451054
0.10361229
0.10293988
0.09586779
0.102233045
0.09401969
0.098209895
0.094108514
0.08821796
0.09768982
0.09579088
0.10828188
0.10553251
0.09150099
0.0941117
0.0914418
0.08745022
0.09882036
0.09528799
0.09450786
0.09567101
0.10319084
0.09807493
0.09688158
0.10079848
0.09410028
0.093335085
0.09761123
0.094382234
0.09193814
0.09930111
0.09931691
0.09323564
0.102067165
0.09593691
0.089676626
0.0980559
0.0928303
0.09271728
0.09294133
0.08682468
0.08376289
0.10402841
0.09410235
0.08734626
0.09221794
0.09057692
0.104235016
0.10164206
0.09727283
0.09526741
0.09765028
0.10275506
0.10137567
0.09416999
0.089116484
0.10335594
0.098286055
0.10248641
0.10008481
0.10192057
0.090865076
0.09968998
0.09332733
0.09959183
0.10219056
0.10254173
0.100863114
0.09545552
0.10592085
0.10109274
0.09572996
0.09587855
0.094752006
0.10939447
0.102790885
0.10749001
0.0937454
0.10520151
0.10274376
0.106771596
0.10305015
0.11153037
0.11290434
0.10434731
0.101287104
0.09680078
0.091199525
0.10746495
0.09413796
0.098198354
0.09735139
0.103732124
0.09202171
0.10230307
0.09332948
0.09796037
0.113509625
0.09283716
0.09853076
0.086168334
0.097975016
0.08819763
0.097327635
0.09672366
0.103650995
0.11276807
0.098988384
0.08410155
0.09387345
0.09474193
0.09404067
0.090600014
0.08905797
0.087012984
0.085898176
0.09177129
0.09171294
0.08549532
0.09064181
0.100317836
0.09686916
0.09250856
0.09455215
0.100170925
0.08433266
0.096247345
0.0879904
0.086123094
0.08480127
0.10495529
0.096714936
0.105435446
0.09007119
0.08896877
0.10193863
0.0935729
0.09535046
0.09418507
0.09504672
0.09810233
0.09760417
0.09996242
0.09203113
0.09635053
0.0882648
0.12025284
0.103900775
0.10860688
0.10183677
0.096426405
0.10372611
0.1023419
0.0956433
0.089454696
0.103674494
0.09601638
0.10842192
0.08688488
0.10200533
0.091293246
0.118457936
0.09417776
0.10767505
0.105042875
0.090946466
0.111976735
0.102012284
0.09833607
0.088784374
0.099065356
0.09633497
0.10098539
0.08783131
0.090720885
0.092641145
0.09434362
0.09409665
0.09743325
0.09195697
0.09966442
0.093117855
0.10676978
0.103332914
0.093976885
0.11138189
0.0969238
0.10202828
0.08987987
0.10053921
0.103316665
0.10778358
0.094093114
0.098344356
0.093689635
0.091208115
0.10024547
0.09353101
0.09879568
0.104090564
0.092613176
0.1078218
0.09414327
0.10156708
0.102028616
0.118726745
0.10317861
0.09856207
0.100460574
0.10334631
0.09733449
0.10606
0.093993515
0.09986243
0.09518913
0.093849
0.09603298
0.09609938
0.091662765
0.09646833
0.09643641
0.09987076
0.09491026
0.0995214
0.09435016
0.090923406
0.09110127
0.09535276
0.08512193
0.08665157
0.094186805
0.08880655
0.09668177
0.08811096
0.09429617
0.087148756
0.090175584
0.101562895
0.0971248
0.10434589
0.09665682
0.09848554
0.09052225
0.095619544
0.09590824
0.090863064
0.09460179
0.09443271
0.1009312
0.099022746
0.106543615
0.099250264
0.10232164
0.14168884
0.09080656
0.09975068
0.091533825
0.096100256
0.09903221
0.08934877
0.09966931
0.09538055
0.10377161
0.109926626
0.100722626
0.10174807
0.107635416
0.116953954
0.109166056
0.09312238
0.094396845
0.099568315
0.1008053
0.09709381
0.11224111
0.10035511
0.10660729
0.10106084
0.095379256
0.1020453
0.09809165
0.09807846
0.11138294
0.10423679
0.095395826
0.10568778
0.09296868
0.09038469
0.09649106
0.098234534
0.092003696
0.09313063
0.08853013
0.0946888
0.092743315
0.092530176
0.101978905
0.09554599
0.094973184
0.09578044
0.09425722
0.09130719
0.09257845
0.08762851
0.1048124
0.11690773
0.10494756
0.09915645
0.103824936
0.104893714
0.11350383
0.12023056
0.11146328
0.104878515
0.109044865
0.10316195
0.101562604
0.11225244
0.10744875
0.10246028
0.09977928
0.11475649
0.10435965
0.11087545
0.09964785
0.09977044
0.11120653
0.09933222
0.11092335
0.107492544
0.10988752
0.1003
0.117549255
0.10159734
0.10431698
0.116500735
0.101560585
0.11146768
0.09830754
0.12364027
0.10450545
0.10256452
0.11085181
0.10969487
0.0975422
0.114258714
0.1130642
0.09758222
0.09752232
0.10339708
0.11538344
0.11372065
0.10434723
0.08997971
0.112650216
0.10722117
0.08997357
0.10607535
0.10661738
0.11482605
0.100527264
0.10109789
0.09199698
0.097979486
0.10816718
0.11064225
0.09647659
0.109359875
0.107909404
0.10025942
0.10312248
0.104779385
0.104433365
0.11119008
0.10146743
0.10411242
0.12077269
0.10482927
0.11913596
0.11049548
0.111805566
0.103580676
0.11558095
0.110099636
0.10934849
0.11329496
0.1006051
0.103408255
0.11886654
0.12485466
0.103388116
0.10818876
0.119134404
0.11013128
0.10761173
0.11387143
0.118573576
0.11465474
0.11351627
0.107745804
0.11572192
0.10951866
0.11792121
0.10398731
0.11696179
0.11566693
0.1272821
0.11140358
0.1057518
0.11188848
0.11361122
0.109798744
0.11049154
0.121959105
0.11088465
0.10921173
0.11914957
0.10147107
0.109522745
0.10840081
0.11500481
0.11090425
0.10903185
0.12326813
0.111577734
0.12058098
0.11565876
0.117368124
0.12001046
0.108420186
0.11388432
0.11915031
0.12167169
0.120076075
0.13067032
0.11740428
0.12317255
0.11844371
0.11630266
0.12600355
0.10859056
0.1510762
0.12053186
0.119880065
0.12079854
0.10955791
0.12301663
0.13382682
0.112624675
0.1145643
0.13004941
0.10660065
0.110766165
0.13074736
0.1204663
0.12537812
0.12463546
0.124351814
0.12114515
0.12907875
0.12533249
0.12956616
0.113244474
0.11959743
0.11574691
0.12325312
0.11629461
0.11665444
0.117038146
0.11990588
0.10709665
0.11590712
0.11833007
0.12008954
0.12044752
0.12390319
0.114665896
0.121687874
0.115702644
0.1184735
0.11947184
0.12676977
0.13408652
0.11931062
0.1160274
0.11071449
0.11781557
0.107672445
0.11651894
0.11919186
0.10066484
0.11004598
0.11756216
0.11678512
0.12259748
0.11907325
0.1263511
0.11848312
0.108086
0.11806137
0.117930286
0.1090849
0.10896525
0.110412024
0.10868786
0.12526731
0.118587814
0.10649008
0.116447985
0.12484243
0.12399706
0.12569831
0.12006448
0.11593107
0.11172439
0.10997298
0.117816396
0.12090101
0.111949705
0.10811074
0.107766226
0.11948583
0.11800579
0.10921083
0.11279616
0.11323739
0.10994352
0.114696346
0.11618812
0.11740901
0.10556138
0.118346065
0.12139607
0.114457116
0.113374144
0.10361088
0.11483533
0.10675121
0.110797115
0.10917499
0.121579945
0.1221622
0.11956377
0.11841246
0.122215346
0.11585955
0.11138386
0.104621544
0.120641194
0.109365955
0.123473234
0.124803625
0.104543306
0.118726596
0.11487614
0.12151077
0.108485214
0.11261604
0.11636219
0.12064767
0.10671159
0.11920444
0.111612715
0.11719788
0.11955932
0.1104804
0.118161954
0.1219253
0.1134639
0.11520987
0.11539641
0.11623229
0.10882249
0.1185521
0.114055656
0.11684322
0.11888183
0.11724923
0.119335115
0.12612122
0.10959369
0.108629964
0.11554133
0.12750082
0.122713424
0.114995554
0.121807195
0.1181634
0.114108995
0.10848989
0.10563623
0.11942146
0.11330632
0.10993153
0.117566444
0.11914812
0.1078186
0.10752704
0.11117798
0.11085481
0.106659085
0.112514555
0.12679377
0.109161034
0.110155575
0.1204561
0.12533496
0.11429825
0.11673771
0.13447621
0.11888886
0.110399395
0.13163625
0.12979455
0.1043477
0.1064851
0.11674317
0.11288044
0.118385084
0.12145801
0.11105282
0.121399924
0.119626895
0.13024223
0.12800318
0.12240686
0.12478641
0.13213259
0.12071804
0.13001089
0.123801924
0.12774312
0.12548304
0.124458835
0.13535053
0.12902308
0.12201864
0.13428214
0.13104048
0.12602863
0.12591076
0.119740225
0.12202721
0.12979123
0.11259104
0.123209
0.11725192
0.12839487
0.117016435
0.13282283
0.11200653
0.114409074
0.11736436
0.12328684
0.10821491
0.12113926
0.118663296
0.12355003
0.124714896
0.12414053
0.12770009
0.11978729
0.108997166
0.13783903
0.12334952
0.1284251
0.13032903
0.1068551
0.11361885
0.11752574
0.11620754
0.12579706
0.12463313
0.11015031
0.121804774
0.122435145
0.1173285
0.11254439
0.11140178
0.1373235
0.11058859
0.11603164
0.11059405
0.11726248
0.12358477
0.120950624
0.13215478
0.11972349
0.111643754
0.11958661
0.12331358
0.121171765
0.10967861
0.113362946
0.11773547
0.12709284
0.11316812
0.13053785
0.11288617
0.11484546
0.12594825
0.11629972
0.11677221
0.12223638
0.11528666
0.1168543
0.12657778
0.118518926
0.115192816
0.11647513
0.136632
0.11060555
0.13606551
0.11947358
0.14580254
0.109684035
0.1266236
0.119928844
0.12428171
0.12510696
0.11139968
0.117543705
0.112618074
0.12080035
0.11083227
0.12525807
0.11455158
0.11525614
0.11584927
0.123366185
0.11793328
0.11943473
0.120927565
0.113587044
0.1155464
0.12558883
0.122093275
0.113775745
0.13353296
0.1213439
0.11308531
0.12893206
0.11392928
0.129546
0.13591528
0.13033131
0.12863605
0.12933213
0.12388484
0.12481891
0.11743633
0.1140629
0.13646704
0.1293705
0.13038449
0.11634471
0.12960063
0.12084504
0.11769533
0.12870225
0.13071524
0.14098321
0.12905028
0.13197778
0.13578708
0.13080099
0.12884794
0.13129622
0.1467404
0.13033667
0.116879344
0.12886558
0.11378848
0.13612188
0.1141697
0.118877895
0.11799255
0.11147891
0.12824817
0.11018182
0.13642712
0.118459456
0.13593306
0.12862086
0.11566346
0.108942494
0.11482595
0.11322548
0.11301477
0.1207644
0.116220996
0.13460335
0.110026374
0.116325356
0.10946719
0.12663184
0.1045541
0.112058915
0.11363408
0.1203882
0.10924085
0.12753916
0.103522
0.10847846
0.1269805
0.10535234
0.107667185
0.11397392
0.10685258
0.12286372
0.11004782
0.11005592
0.1141575
0.10923381
0.109379
0.11698254
0.10752543
0.14351444
0.113120824
0.115500174
0.11577027
0.12527032
0.10678565
0.11044949
0.12179241
0.105768666
0.124845155
0.12174939
0.119979784
0.12492961
0.11496905
0.1197212
0.11912669
0.11791128
0.11963475
0.11992985
0.13197896
0.12722659
0.12935513
0.12720636
0.11137906
0.11959498
0.12495086
0.11484846
0.119429596
0.120287
0.12856019
0.11863414
0.12851878
0.11749634
0.12368887
0.12507807
0.12701792
0.117088236
0.1099714
0.11076332
0.112564735
0.11264253
0.124462135
0.11333247
0.13099767
0.11543188
0.12066608
0.12780625
0.12662506
0.12899876
0.123814896
0.11202593
0.12337416
0.13256504
0.12614182
0.11887015
0.124026194
0.11351063
0.13333808
0.12274367
0.12199714
0.115775526
0.13801105
0.11957603
0.11754531
0.12686045
0.123321295
0.12535495
0.13798986
0.13373123
0.12763526
0.1299223
0.11695289
0.12260321
0.11191419
0.13333122
0.11825202
0.13786262
0.12295342
0.13843603
0.12245941
0.12019139
0.13110492
0.13215429
0.12965277
0.13618144
0.13273092
0.12703632
0.1391038
0.11590526
0.13069186
0.13073333
0.12415142
0.12013199
0.13429545
0.12273857
0.11745467
0.120855644
0.13913624
0.1307167
0.1262668
0.11768215
0.11895486
0.12031355
0.1173807
0.122897334
0.11997602
0.13484798
0.12585375
0.11262059
0.11465251
0.12292998
0.13205926
0.12831
0.12951805
0.11353
0.12910903
0.12063366
0.12768875
0.12512425
0.12116461
0.12845556
0.12342673
0.12420703
0.114884146
0.1268605
0.13146167
0.12956798
0.121976845
0.11416663
0.122239344
0.1281159
0.11624162
0.1216714
0.13182862
0.12739223
0.12909237
0.12097527
0.115966834
0.120653786
0.12192613
0.12908499
0.13174076
0.11870999
0.14206357
0.118299104
0.14043966
0.11660047
0.12588379
0.1248211
0.12225112
0.124740735
0.13812935
0.14078312
0.13378678
0.13216653
0.13882512
0.13105519
0.13547507
0.15046304
0.1431377
0.1390382
0.13238505
0.14330178
0.17655173
0.13971257
0.12926209
0.15124042
0.14886568
0.14778762
0.1381378
0.13027261
0.15312898
0.1379625
0.14401484
0.14167087
0.13040438
0.1290612
0.13823125
0.14817114
0.13263987
0.13935278
0.13858187
0.14938238
0.14633423
0.13395274
0.1328921
0.13798386
0.14200117
0.14629504
0.12569113
0.13377197
0.13826993
0.13634223
0.13236764
0.13314128
0.14358114
0.13000157
0.13231122
0.13421364
0.13214354
0.13466394
0.12701422
0.12380877
0.1216186
0.1254676
0.12238046
0.1334976
0.12517692
0.1226613
0.12881273
0.12762545
0.12990475
0.1528909
0.13843867
0.14251041
0.1370759
0.14073293
0.1288288
0.12888153
0.12474145
0.12735972
0.13173655
0.1310742
0.1236274
0.12556215
0.121057525
0.123604655
0.12366575
0.13256398
0.12720151
0.12271097
0.13546535
0.121142216
0.121172704
0.13669744
0.13920864
0.13775901
0.12243235
0.14253317
0.12892972
0.12631953
0.1260524
0.118168466
0.11666975
0.12156842
0.118638955
0.11819441
0.12320943
0.1311289
0.12186441
0.1249583
0.13670936
0.1304111
0.1344048
0.121821135
0.13015638
0.13146678
0.13185816
0.12762268
0.12438997
0.13691379
0.14131908
0.1220915
0.1351645
0.13985135
0.13253677
0.12871623
0.13389914
0.13007295
0.12498279
0.13163179
0.1285955
0.13702804
0.12943844
0.121934935
0.12339524
0.13383678
0.1317449
0.13412982
0.1258745
0.1376134
0.12578984
0.12464531
0.12458235
0.12660418
0.12841453
0.12947665
0.12579627
0.12559856
0.12536636
0.12545747
0.13095513
0.13926172
0.13093923
0.1387369
0.13456622
0.14328206
0.14127035
0.13175306
0.13713518
0.12762928
0.12598193
0.13409857
0.13029689
0.1268402
0.12849838
0.12293509
0.12224672
0.12644294
0.13377649
0.12814435
0.13415341
0.15308706
0.15171774
0.13438609
0.13061602
0.13231938
0.14530604
0.13762718
0.12969984
0.13685927
0.13102442
0.1293987
0.15153033
0.13010035
0.15141448
0.14719154
0.14826865
0.13667056
0.12752008
0.12792714
0.13791099
0.13267587
0.13146815
0.13573523
0.12555751
0.12799288
0.14306688
0.13803376
0.13224424
0.15004456
0.13647726
0.13716143
0.13881522
0.13801208
0.138364
0.1329977
0.13963735
0.13533872
0.140518
0.13050994
0.13006371
0.13674954
0.1268373
0.12426947
0.13264984
0.15306926
0.13038704
0.14938323
0.13711216
0.13198437
0.1302146
0.13103269
0.13785313
0.15286392
0.13225569
0.12514065
0.1309931
0.1498398
0.12947339
0.119327486
0.123055525
0.12029543
0.11718664
0.12023975
0.13147287
0.13180716
0.1317816
0.13518052
0.12614375
0.12682591
0.13724726
0.12872823
0.12262052
0.11895692
0.12030674
0.12278315
0.12950975
0.13391991
0.1443469
0.13096692
0.12666991
0.12947875
0.13369715
0.13637471
0.13806881
0.14402005
0.12817691
0.12337644
0.12777655
0.13183537
0.13443626
0.14214002
0.13143046
0.1357419
0.122694485
0.12462234
0.14155725
0.12660554
0.118951246
0.12418785
0.13939898
0.13063729
0.1266781
0.12982948
0.1326465
0.13882276
0.13696472
0.14556178
0.13565041
0.14985831
0.1355909
0.13074133
0.1328397
0.13980362
0.14810666
0.13608474
0.12792122
0.13315038
0.14276773
0.1325728
0.13377713
0.14640532
0.13684654
0.13796061
0.13822539
0.14177135
0.13923512
0.14765443
0.1359299
0.13931414
0.1306209
0.12518151
0.13217117
0.15189002
0.13894807
0.13474992
0.13931473
0.13171472
0.13584594
0.15173408
0.13731208
0.13383934
0.14133985
0.12605877
0.11913858
0.12067835
0.1284425
0.13311444
0.13451487
0.13644065
0.14183953
0.13756995
0.1339249
0.12962256
0.13676602
0.15605995
0.14592066
0.13751967
0.13846509
0.14877768
0.14130719
0.13778451
0.13877317
0.14216621
0.14004627
0.14679468
0.13376379
0.12958351
0.14043687
0.15569822
0.16031717
0.1883835
0.15416509
0.13852651
0.13666007
0.13646348
0.1353133
0.13839678
0.14377622
0.14946869
0.16378728
0.14874348
0.14117374
0.13647461
0.1357056
0.13475683
0.1306971
0.13092013
0.122275025
0.13202702
0.1517425
0.13968405
0.13845421
0.1480777
0.13951413
0.146096
0.13792367
0.13261957
0.12557258
0.12610875
0.12441601
0.12779783
0.13553484
0.15183035
0.13386855
0.12966025
0.13321212
0.13900316
0.14332001
0.15219817
0.14134939
0.14172202
0.15334202
0.14108437
0.13388367
0.13683075
0.13536768
0.138636
0.1408447
0.15243539
0.14784636
0.15039252
0.13317564
0.13062492
0.1374145
0.14261208
0.14945923
0.14448115
0.14144085
0.14136906
0.13960126
0.14305854
0.15072456
0.14546902
0.14178278
0.14146322
0.13914354
0.1454204
0.15851615
0.1557324
0.1777039
0.14892411
0.13818206
0.14073232
0.1503659
0.16576505
0.15492713
0.15557808
0.14223282
0.1349016
0.13444309
0.13411444
0.14211756
0.15762596
0.15268865
0.14759113
0.14398338
0.1369369
0.13804457
0.13675894
0.14223862
0.14754449
0.15824297
0.14457287
0.1336015
0.13523623
0.15287356
0.1439489
0.14294466
0.14754419
0.14901312
0.14369969
0.14350423
0.1370927
0.14413057
0.15505202
0.14665686
0.14134538
0.14327088
0.14316975
0.14279489
0.13814431
0.13780461
0.1407765
0.15019536
0.16178577
0.14570165
0.14118981
0.14120321
0.13616197
0.13566293
0.13489728
0.14405493
0.14969335
0.16374622
0.13912925
0.1243059
0.12981428
0.13269848
0.14151762
0.13806656
0.14316168
0.1393856
0.1380972
0.13423355
0.13877523
0.14358413
0.13809983
0.13066651
0.12400074
0.12849171
0.13750641
0.14190085
0.14917807
0.1439516
0.14149669
0.1352355
0.13462125
0.13560733
0.13805354
0.13094781
0.13295679
0.12991413
0.14249921
0.14227341
0.13994794
0.14050533
0.14080092
0.13848165
0.13604724
0.14042649
0.15142798
0.1531696
0.15204567
0.15142803
0.14965865
0.14600933
0.15164404
0.1683332
0.14734152
0.14417568
0.1490995
0.14920384
0.1444994
0.14938943
0.14972474
0.16365872
0.18660606
0.16041888
0.15404512
0.16753605
0.15144378
0.14149669
0.1704383
0.22689542
0.16690238
0.13958775
0.1436988
0.1480224
0.14826621
0.1469159
0.14323659
0.14312793
0.13969047
0.14545015
0.14614785
0.14393267
0.14666514
0.1404997
0.14419596
0.14292538
0.1493341
0.14929917
0.1459126
0.1436915
0.14728457
0.14935504
0.15558757
0.153524
0.15063721
0.14943352
0.15392141
0.15732463
0.16042994
0.15922412
0.16008247
0.15449862
0.15885937
0.17078768
0.16011475
0.15426326
0.15814137
0.17156379
0.17776619
0.16888472
0.17393963
0.18689653
0.17472292
0.16331837
0.15963274
0.16554838
0.17434186
0.16563593
0.15940103
0.16079372
0.1664742
0.17571984
0.16286755
0.15752354
0.16150111
0.16346097
0.15910472
0.16470823
0.18686934
0.16937013
0.16345912
0.16059211
0.16398956
0.15854809
0.15688416
0.1531169
0.15501994
0.1575744
0.16240467
0.154726
0.15174481
0.15683964
0.18078153
0.15542318
0.14062504
0.1520383
0.15440491
0.15983172
0.15019034
0.15139638
0.15146227
0.16054477
0.15385109
0.15596363
0.15730202
0.15657397
0.15114899
0.14016914
0.13974398
0.1431632
0.14586233
0.1474104
0.14638028
0.14163418
0.13530898
0.1389685
0.1374857
0.14744548
0.13927075
0.14409277
0.14443433
0.14367396
0.13381569
0.122831374
0.11746786
0.1235903
0.1240949
0.13195951
0.12821402
0.13121584
0.1334048
0.13630143
0.1379802
0.13165309
0.13490966
0.14028569
0.14383578
0.1417532
0.13561329
0.14051968
0.13933997
0.13606708
0.12503757
0.123676665
0.124457695
0.12832426
0.1248554
0.13550906
0.13483565
0.14095658
0.13174008
0.13444495
0.1334724
0.13860053
0.13671002
0.1384041
0.13435692
0.13518357
0.1366567
0.14275809
0.14241728
0.14118226
0.14272596
0.13855812
0.14788893
0.14256015
0.14299822
0.13645412
0.13604604
0.1456752
0.14523642
0.14730668
0.1475542
0.15465675
0.14769961
0.14161284
0.13672571
0.14622608
0.14731735
0.14688332
0.13887943
0.14719409
0.14720298
0.15877718
0.14796577
0.14700355
0.14034835
0.14867255
0.13930467
0.14055936
0.13534254
0.14626035
0.14744507
0.14983551
0.14961591
0.14981262
0.15009256
0.14795564
0.14522812
0.14593442
0.15546845
0.15787433
0.15306967
0.1402426
0.1467638
0.14857662
0.15468001
0.14539908
0.14950901
0.141279
0.14364456
0.14094457
0.14802699
0.15429708
0.1528217
0.15011394
0.14433978
0.15374024
0.15293558
0.14782195
0.13727133
0.13347375
0.13462825
0.13238105
0.13451236
0.13227631
0.1369204
0.13964178
0.14700557
0.15153992
0.14351434
0.14171413
0.15119751
0.16538559
0.16365741
0.14467183
0.1443853
0.13955466
0.15247257
0.13957094
0.15135735
0.1561121
0.16043153
0.15752167
0.14122106
0.14382195
0.13285424
0.13562465
0.13483979
0.13829933
0.13735583
0.14137602
0.14063084
0.13964292
0.14032531
0.15067416
0.1536278
0.15216613
0.14887722
0.14424275
0.14091311
0.13938048
0.14180626
0.1439619
0.13459931
0.13680689
0.1327278
0.13471791
0.13057445
0.12600823
0.12795049
0.120585516
0.12872507
0.13116616
0.1312238
0.12467076
0.12657146
0.13676731
0.14118078
0.1380892
0.13203365
0.13208514
0.126328
0.13338493
0.1347807
0.13947135
0.12957837
0.12785093
0.12812427
0.1347545
0.13963453
0.13980125
0.14214566
0.14086448
0.14903913
0.1488933
0.14080273
0.13920109
0.14109695
0.15597318
0.15363166
0.15577115
0.14933556
0.14548588
0.13946664
0.14355242
0.14529915
0.14561746
0.13816898
0.14632739
0.15414286
0.179396
0.2132388
0.16749518
0.14040975
0.14429687
0.1516923
0.15441419
0.14939633
0.15191294
0.1547982
0.15565687
0.14120084
0.1437471
0.14749819
0.14652222
0.14756279
0.1509758
0.16061127
0.1571527
0.1488224
0.14383669
0.1426467
0.14557095
0.15070474
0.15370621
0.15950324
0.16054326
0.16356921
0.15531223
0.15214388
0.15095538
0.14579977
0.14933726
0.14263894
0.1449593
0.14264193
0.14984377
0.14784311
0.14524394
0.1454263
0.14749251
0.14687309
0.14047599
0.13819052
0.14134349
0.1466805
0.1496339
0.1557746
0.15022302
0.15506123
0.1473841
0.14686187
0.14352752
0.14525752
0.14031775
0.14299764
0.14773652
0.14750627
0.15186074
0.14401321
0.14800271
0.14519833
0.147677
0.14595336
0.15328635
0.14784369
0.14992735
0.1412436
0.14641038
0.14887416
0.15016319
0.14703529
0.15354694
0.15589441
0.16913477
0.15690137
0.15159966
0.1402708
0.14342025
0.1445851
0.14503448
0.15184282
0.15073015
0.15553814
0.15846947
0.16224405
0.1637949
0.16426304
0.16275685
0.16465648
0.15821548
0.16871908
0.17108746
0.17210355
0.16250044
0.16401473
0.17118426
0.18012008
0.16773179
0.16101451
0.15926449
0.17112297
0.1729932
0.17321892
0.16480765
0.17103124
0.17418553
0.17944388
0.17528653
0.16741727
0.16638447
0.1650614
0.17573422
0.16783507
0.1723926
0.16912831
0.17850663
0.18680488
0.17777543
0.18499896
0.17387037
0.17682408
0.15801035
0.16059805
0.16127169
0.17888707
0.18038225
0.1827201
0.17887016
0.18071666
0.18313363
0.18439193
0.17843783
0.18364738
0.1780633
0.18826331
0.18371978
0.19546387
0.19285488
0.18665254
0.17927493
0.1799472
0.17911492
0.19030663
0.18983804
0.19634509
0.1834408
0.1752034
0.1791514
0.18371041
0.18798278
0.1813772
0.18526118
0.18843475
0.19204454
0.18759939
0.18525997
0.18709524
0.18808939
0.19288835
0.1991622
0.19124393
0.19028741
0.17654067
0.17636572
0.1672059
0.16813616
0.17027555
0.17091015
0.17260107
0.16745292
0.16439547
0.16029428
0.170808
0.17989095
0.17810939
0.1756563
0.16393112
0.16201659
0.16397995
0.16664895
0.18216142
0.17741546
0.17730947
0.16803312
0.16265883
0.16777217
0.16444515
0.1658799
0.16177414
0.1656823
0.16960423
0.17686577
0.17313658
0.17440039
0.17187253
0.1761163
0.17469199
0.17354278
0.17568897
0.18570697
0.18933919
0.18824357
0.18057857
0.18184379
0.17406584
0.16174284
0.16172726
0.162242
0.16976914
0.15761882
0.1710579
0.17668916
0.18237972
0.17309757
0.17906538
0.17607136
0.17344558
0.1641133
0.16664712
0.15821642
0.1540727
0.14518298
0.1493627
0.14654978
0.15467362
0.14982666
0.14810562
0.14239615
0.16172543
0.16063815
0.15770334
0.14024463
0.14122522
0.15610017
0.1538806
0.1531875
0.14185305
0.15135367
0.16073196
0.15846899
0.15379284
0.1476772
0.15150623
0.1491505
0.14996494
0.14545605
0.15120938
0.1510287
0.15251851
0.15009725
0.14756152
0.14949782
0.15399177
0.15744585
0.15751554
0.15630297
0.1526924
0.15958531
0.1564502
0.15466586
0.15383127
0.14794587
0.15859187
0.15409984
0.15549898
0.14507225
0.14953871
0.15717565
0.17123915
0.17583603
0.1726643
0.16181156
0.15453668
0.15159121
0.15654463
0.16998516
0.18190709
0.18430819
0.16888766
0.16907485
0.16678473
0.17129073
0.15848903
0.1524253
0.14934133
0.1494652
0.15294029
0.15452635
0.1645219
0.16803816
0.16080257
0.15749209
0.16229768
0.17567067
0.18201923
0.17103255
0.16351013
0.1573883
0.16339563
0.16774994
0.16730605
0.17132583
0.17737368
0.18380564
0.18438558
0.18459733
0.1877124
0.18169162
0.18029313
0.16929935
0.16799816
0.16514303
0.19663066
0.21014182
0.21108201
0.18708104
0.1846902
0.19316614
0.19724883
0.19252361
0.18161306
0.18089044
0.1851051
0.18959016
0.18544854
0.18024977
0.18174848
0.19029167
0.18878718
0.18989605
0.18631615
0.18544604
0.17733555
0.17213151
0.17345823
0.17218325
0.17422275
0.18469203
0.19369358
0.18769567
0.17879964
0.17988543
0.19390269
0.20685591
0.22737518
0.21794043
0.21666482
0.19443518
0.20645155
0.19395806
0.2004124
0.19884898
0.20315933
0.18825153
0.1797747
0.17824525
0.19318058
0.20047179
0.20023102
0.19357705
0.1855306
0.1841928
0.18649766
0.18569735
0.19380102
0.19633642
0.20055425
0.19642873
0.19254844
0.1974318
0.1995025
0.19542193
0.18968429
0.18516299
0.19205853
0.19837515
0.20737988
0.20593578
0.20464373
0.19818053
0.19958374
0.21125583
0.21360321
0.21907727
0.22207765
0.22229803
0.20751986
0.18587548
0.19086117
0.19307488
0.19162452
0.1853889
0.19179323
0.20298319
0.19897757
0.20443605
0.19608012
0.21775742
0.21878189
0.23587395
0.23190051
0.22466646
0.21141647
0.21569778
0.23056394
0.23773031
0.22261494
0.22372791
0.22467104
0.22944589
0.2261643
0.21888633
0.23322901
0.23064907
0.23243077
0.22820759
0.23536159
0.23590063
0.22230151
0.20973602
0.21371363
0.22885485
0.23201093
0.23317881
0.21689457
0.21950382
0.2190328
0.22964405
0.23388542
0.23555069
0.22885725
0.2234587
0.21948515
0.21864522
0.21822585
0.2299282
0.23444943
0.23993179
0.23552823
0.2395645
0.24400164
0.24400409
0.23835234
0.22050613
0.22717312
0.24103966
0.2506984
0.23052828
0.22042789
0.2253221
0.22718658
0.21378992
0.21253702
0.21198925
0.22519246
0.21464416
0.2199515
0.21311149
0.2152835
0.22322237
0.22234276
0.22541817
0.21099123
0.21702693
0.22483748
0.22226782
0.23262566
0.22896966
0.24421194
0.22827248
0.21333823
0.20739041
0.20339113
0.23727335
0.29324773
0.23828624
0.21386646
0.21931307
0.23722994
0.23360465
0.24000008
0.22309436
0.22466858
0.20647398
0.2161853
0.21887812
0.21886878
0.2138749
0.21432017
0.22374912
0.2159098
0.21726967
0.2137224
0.22913052
0.22463919
0.2274267
0.2166925
0.2186463
0.22345789
0.22978908
0.23172481
0.23790956
0.24186249
0.24782088
0.23018262
0.218036
0.20643558
0.22293508
0.23888819
0.24479078
0.23196924
0.22840817
0.22259262
0.2297389
0.22025725
0.22053564
0.21477686
0.21838424
0.23037933
0.23711632
0.24739699
0.2362184
0.23317769
0.2246872
0.23057899
0.23111963
0.23516452
0.23825455
0.24522832
0.2588137
0.2591779
0.25761178
0.2517113
0.250895
0.25782654
0.24636588
0.25285307
0.2544677
0.26935568
0.27560908
0.26239446
0.26084778
0.26932856
0.27567345
0.28148484
0.26020682
0.25843266
0.24919136
0.25352186
0.2598351
0.25238428
0.2571674
0.24719505
0.25078687
0.24141264
0.24129543
0.23956048
0.2355101
0.23139976
0.23003502
0.23620667
0.24037687
0.23179986
0.23317428
0.23157968
0.23610035
0.23210515
0.2280914
0.23892017
0.24169745
0.25644973
0.24485542
0.25441822
0.2487304
0.26627475
0.27506956
0.27227518
0.26473093
0.2582235
0.26373136
0.26443636
0.25645038
0.2532085
0.25802365
0.25350103
0.2689064
0.25886914
0.2607759
0.24739364
0.24849543
0.25175366
0.24845369
0.25803047
0.25771412
0.2672792
0.25650248
0.2607144
0.24944836
0.26914713
0.25914335
0.2573106
0.24752088
0.25092056
0.25008816
0.24653202
0.24577644
0.24373698
0.23513065
0.24068604
0.24383543
0.25278214
0.25322694
0.26214403
0.2601975
0.25891763
0.26092106
0.2670784
0.2671186
0.26429835
0.25245142
0.25430432
0.2436572
0.26157227
0.260526
0.2720987
0.26029724
0.25178093
0.25438073
0.24659193
0.25318605
0.26277903
0.27481198
0.28053036
0.25601807
0.24928527
0.24274051
0.24502596
0.24803093
0.24570419
0.24494319
0.25131434
0.26544073
0.26310864
0.2541904
0.25731355
0.26174012
0.26001924
0.23372555
0.23898949
0.23337515
0.24420239
0.25267622
0.25922775
0.26054445
0.26231158
0.26643178
0.26875585
0.2533028
0.26555926
0.26142326
0.2624261
0.24826434
0.2502294
0.24294591
0.24024867
0.22972955
0.24694426
0.26077187
0.27068004
0.2535917
0.24421112
0.23724563
0.24691617
0.24304868
0.25178474
0.25828454
0.2506254
0.26112714
0.26956257
0.2921989
0.28932652
0.2788707
0.28052574
0.27567568
0.27152526
0.2560682
0.25597677
0.25772718
0.25689167
0.25596383
0.24805348
0.23718886
0.2385001
0.25461018
0.26940346
0.25606686
0.25509778
0.25732416
0.26380014
0.2569656
0.26107782
0.25555125
0.25941807
0.2448207
0.23290497
0.22934805
0.22760318
0.24010628
0.23667842
0.24983875
0.25166798
0.2546849
0.24233353
0.24990995
0.25348076
0.26094243
0.25764516
0.25357977
0.2618095
0.2610588
0.26483166
0.24465685
0.24598621
0.2343285
0.23980531
0.24331386
0.25325793
0.26522824
0.26501882
0.2772195
0.28733197
0.27417138
0.25714406
0.24406758
0.25823426
0.2618029
0.25951415
0.2505445
0.24909885
0.2727514
0.27491832
0.28699398
0.26215917
0.26554868
0.25755647
0.2593052
0.25467467
0.25204968
0.2607963
0.25372222
0.26925406
0.27043378
0.2809264
0.2632255
0.26157847
0.26381746
0.26778245
0.25253576
0.25913453
0.25934622
0.26781616
0.26600334
0.2741059
0.27266407
0.26581058
0.2703357
0.26973793
0.2729174
0.25184104
0.25079483
0.24465358
0.24491808
0.26403806
0.2781459
0.29432863
0.2861544
0.2779937
0.2722827
0.2583039
0.24972972
0.23933086
0.2687501
0.26908326
0.28800887
0.2757246
0.29060882
0.28644192
0.2768219
0.2765494
0.2606581
0.25392777
0.25206694
0.26259553
0.26823696
0.2641192
0.27676758
0.28961277
0.30597425
0.2978673
0.2909973
0.2817637
0.2818152
0.3092199
0.3109384
0.3093225
0.27765507
0.2675387
0.2654428
0.26405817
0.26711667
0.25638026
0.25310865
0.24437685
0.25892472
0.26762196
0.2848939
0.29257494
0.29324806
0.28140944
0.27726716
0.2808073
0.28391305
0.27465954
0.26815197
0.27142474
0.28017792
0.2807164
0.27206153
0.2848383
0.2864634
0.28370604
0.25980774
0.26424602
0.26178458
0.28075486
0.27567384
0.290058
0.28179982
0.28123474
0.27104893
0.27360448
0.27176034
0.29556936
0.290661
0.29899326
0.29663876
0.3042494
0.3098891
0.3000522
0.29067993
0.2872542
0.3001692
0.31033948
0.30743945
0.2948108
0.30143136
0.30386478
0.32109532
0.32198563
0.32760143
0.3121688
0.30909875
0.31452012
0.30659637
0.30184957
0.29038844
0.3073042
0.30316284
0.29049152
0.29293206
0.30249694
0.3227543
0.312826
0.30652758
0.30417526
0.2991414
0.28037497
0.26386857
0.27172616
0.28838602
0.30735365
0.3056609
0.3026328
0.30481046
0.3145334
0.3190094
0.31301725
0.29604807
0.28636286
0.2726958
0.282719
0.2859901
0.29919586
0.2909394
0.29761386
0.27878
0.28280756
0.28084502
0.29819834
0.29004896
0.28554162
0.2949612
0.31029385
0.3091801
0.3047334
0.29362854
0.30419147
0.30177006
0.31169707
0.29880708
0.28234676
0.28546372
0.3013493
0.34111744
0.34077716
0.33056128
0.3139249
0.31450236
0.316917
0.3310224
0.3298386
0.3279415
0.30356014
0.32564953
0.336506
0.3350757
0.2961244
0.29082447
0.2977769
0.29586875
0.28747857
0.2837725
0.29480934
0.29031616
0.28879264
0.2903043
0.30507722
0.30069786
0.282248
0.2745447
0.28053564
0.29825273
0.3032959
0.3212404
0.33179018
0.34463865
0.31858245
0.3262674
0.31405333
0.3133351
0.29162872
0.28123936
0.2936726
0.28860983
0.30860886
0.30376452
0.32176822
0.32631266
0.3369435
0.33684227
0.3101162
0.29533923
0.31072888
0.32211578
0.3197223
0.2971579
0.28678033
0.29162633
0.28855214
0.30668542
0.30279386
0.30027542
0.2921392
0.3124747
0.3162026
0.31287017
0.30213267
0.28841153
0.27898026
0.2676088
0.28312457
0.3077231
0.3168858
0.3192847
0.29377
0.28745967
0.2903074
0.30309156
0.30658516
0.30484924
0.29480025
0.30284536
0.293306
0.30388224
0.29991263
0.30584565
0.29888532
0.27656284
0.26176834
0.25934717
0.2588787
0.26848632
0.26815265
0.2781963
0.2876819
0.30177283
0.30016506
0.28873852
0.27169037
0.28759995
0.29150242
0.2981197
0.29082522
0.28885558
0.28973013
0.280286
0.28016773
0.28508005
0.32519966
0.31874004
0.302415
0.26233098
0.26705945
0.2585861
0.28752998
0.28567725
0.2897397
0.2511795
0.2383373
0.2652216
0.27452552
0.277635
0.26060712
0.2580203
0.26290113
0.24887529
0.25954196
0.2741675
0.2877018
0.2761824
0.25301543
0.2632301
0.27220604
0.2785512
0.26330978
0.26386836
0.26961952
0.28506178
0.28707835
0.3141034
0.31260714
0.30019495
0.2932402
0.28550053
0.30521142
0.275473
0.28027284
0.25481278
0.26252612
0.26208672
0.2736172
0.28394008
0.2806609
0.2921056
0.3231504
0.3343407
0.3472209
0.3339919
0.33288845
0.3241428
0.31222615
0.32182455
0.3193607
0.33190957
0.33541968
0.34617665
0.34456623
0.3498279
0.3396096
0.32526052
0.31785634
0.31599706
0.32415974
0.34243456
0.3584032
0.36656445
0.35598603
0.33743185
0.3377262
0.33186
0.3321634
0.33525395
0.32194683
0.3252186
0.30914518
0.34479576
0.34962767
0.34505078
0.32361037
0.31993538
0.3180388
0.3085632
0.32507697
0.33658943
0.34165025
0.32748097
0.344185
0.39138836
0.39604664
0.36669764
0.33635888
0.34451303
0.36824554
0.38727495
0.39900878
0.4039526
0.36868697
0.3567301
0.35186273
0.3638489
0.3647232
0.3683287
0.35210133
0.35464007
0.3491457
0.350771
0.3648784
0.3591271
0.3549927
0.3376046
0.34333315
0.364414
0.35765633
0.35182136
0.34430188
0.34781137
0.33974794
0.32906598
0.33914715
0.35143933
0.38405693
0.3853269
0.39658803
0.3660433
0.3464337
0.33072835
0.3387334
0.33462024
0.33509645
0.33410072
0.3299596
0.32665536
0.35102183
0.37726974
0.39646533
0.37947625
0.35891905
0.34123752
0.32779863
0.32983863
0.3409424
0.32853127
0.33673167
0.32880998
0.34907624
0.3257424
0.31330627
0.29725742
0.32705906
0.3179276
0.30056682
0.29947674
0.29745963
0.31696117
0.298978
0.31879103
0.33375007
0.34089953
0.34150907
0.34069467
0.34780535
0.33803603
0.31733418
0.31404057
0.31239316
0.31376368
0.2956839
0.31031638
0.33886236
0.35458547
0.353407
0.33650485
0.3323911
0.34731153
0.3636978
0.40651873
0.37893394
0.37236348
0.32353246
0.3362912
0.3225641
0.33316755
0.3188463
0.3471434
0.3402567
0.34302798
0.31088212
0.33949265
0.3614038
0.37702453
0.3481895
0.35473946
0.36381277
0.3914088
0.36992127
0.3562926
0.36062133
0.35991
0.38337106
0.35757715
0.39803532
0.39151746
0.4246836
0.3949169
0.38513336
0.37820646
0.3726997
0.36826435
0.33316255
0.35052997
0.3445567
0.35674426
0.35005814
0.3529566
0.36621907
0.36450732
0.34704277
0.33304235
0.32168505
0.32637584
0.32320094
0.31325203
0.31607255
0.32402086
0.34637797
0.35681236
0.34531403
0.31899676
0.32693118
0.30894265
0.3176847
0.32123813
0.34679434
0.35231474
0.31814528
0.32259098
0.31669238
0.32870024
0.31183222
0.29729226
0.2976723
0.31167826
0.3333641
0.3502631
0.34519786
0.34134582
0.32486516
0.3337849
0.32616904
0.3216121
0.29322267
0.2731217
0.25573406
0.27149734
0.29703707
0.30751684
0.2874269
0.26833794
0.2756602
0.26966506
0.2591677
0.25070074
0.25086904
0.27940875
0.27201822
0.29388264
0.2788583
0.3017419
0.29531518
0.29443043
0.29139584
0.27119184
0.26828563
0.26179326
0.2725921
0.2658003
0.25495878
0.2501317
0.26901698
0.28141165
0.30672324
0.3021271
0.2730687
0.29495597
0.29409197
0.290716
0.28084216
0.26445606
0.27655438
0.29555753
0.32212546
0.3202558
0.3179678
0.29439518
0.3101523
0.34032246
0.33624992
0.32863262
0.30732352
0.31936198
0.33255687
0.31814444
0.31322083
0.3143953
0.34555176
0.35539898
0.36028588
0.3726004
0.37088028
0.37832415
0.36742008
0.40732336
0.41194233
0.3947351
0.3632409
0.34181756
0.34999165
0.34160256
0.36610892
0.3771377
0.4010388
0.39489195
0.39109066
0.38026366
0.3393871
0.33181274
0.33228192
0.34680673
0.3489283
0.32761508
0.3428249
0.34261575
0.34070104
0.30790195
0.29113504
0.31536105
0.32541096
0.32608104
0.3080066
0.31579167
0.31489336
0.3122424
0.30366442
0.31562418
0.30686167
0.32180968
0.360931
0.37110767
0.36519957
0.3160118
0.3270499
0.30962628
0.30151498
0.30259356
0.28873092
0.29864308
0.30492514
0.33025527
0.43158424
0.45657274
0.41616
0.35686925
0.31499627
0.32470983
0.3352584
0.36124572
0.36727822
0.32099932
0.32654166
0.3399168
0.36332187
0.35585427
0.3509489
0.3326313
0.33553055
0.34512576
0.37438118
0.35169902
0.33895317
0.3205634
0.34166387
0.33915678
0.33698744
0.31026265
0.30737787
0.3029942
0.30281988
0.31560796
0.3289123
0.360924
0.35647067
0.35616073
0.33747685
0.3225532
0.3306301
0.32602492
0.32745042
0.3458579
0.35182637
0.35946983
0.36821088
0.37231788
0.38328335
0.37690783
0.37691945
0.42326185
0.43421623
0.4436293
0.39890376
0.39221016
0.39887995
0.3875127
0.41179413
0.38112372
0.39719853
0.36312503
0.38385487
0.3729775
0.35555506
0.37258545
0.41699502
0.4553851
0.428471
0.3710004
0.36418197
0.34828335
0.32357818
0.33431712
0.3381184
0.3369461
0.34069702
0.36150417
0.3568474
0.35587284
0.35112992
0.34138426
0.3274482
0.33937272
0.3548421
0.3692797
0.41928664
0.400189
0.38810745
0.37356117
0.3763287
0.38600764
0.39526886
0.41854885
0.40026838
0.40132475
0.4022148
0.40811515
0.40231192
0.4013501
0.37551355
0.3889611
0.40707994
0.43029004
0.49561957
0.47238344
0.45652282
0.42862955
0.42874366
0.44053826
0.4377609
0.46622235
0.46791697
0.525402
0.50097907
0.48592165
0.43167716
0.4180225
0.40310696
0.39572585
0.3912605
0.386299
0.37982398
0.37821254
0.36947381
0.34474322
0.3375894
0.33474648
0.345109
0.35383967
0.37118936
0.37787387
0.3812524
0.3764195
0.37058073
0.37055495
0.40607315
0.40205285
0.39030084
0.3846137
0.38798538
0.37623918
0.37851906
0.40049845
0.40334368
0.39367786
0.38886067
0.3994686
0.41295868
0.43707302
0.46088117
0.4804248
0.46088198
0.44093812
0.4309595
0.4377086
0.43395376
0.43924132
0.4372418
0.43438393
0.4316785
0.41742608
0.42892548
0.43616262
0.4332458
0.4254403
0.45258108
0.4673172
0.5144396
0.527873
0.46440533
0.4458764
0.40388098
0.3773062
0.36922136
0.358102
0.33618724
0.32436606
0.31961146
0.3216186
0.34159297
0.3475618
0.3463898
0.34336457
0.44215998
0.433427
0.43965787
0.45426282
0.44296515
0.3320394
0.4282431
0.4289218
0.43289778
0.467605
0.50060767
0.42565006
0.4449141
0.44010037
0.41521037
0.38215142
0.369083
0.3703827
0.3721674
0.37297925
0.37681904
0.38381135
0.3974433
0.3975973
0.41253543
0.4177846
0.43800956
0.4234611
0.4339025
0.4568273
0.45470664
0.43268955
0.41099548
0.40846008
0.40128335
0.4132492
0.4154019
0.47339
0.46130246
0.45631233
0.48709914
0.50012976
0.47171634
0.4855215
0.46862438
0.43886483
0.44835496
0.45380333
0.45228615
0.4541729
0.46339607
0.4461156
0.43323508
0.4201532
0.41693482
0.43202555
0.42296547
0.47708073
0.47840214
0.5261468
0.53154325
0.5304972
0.48106027
0.47478446
0.4508274
0.44442898
0.4790928
0.5042455
0.52613187
0.53325534
0.53341365
0.5576366
0.5557135
0.5544659
0.55667686
0.58278584
0.5748533
0.5361781
0.508673
0.5210776
0.5006644
0.5256194
0.5376742
0.5770931
0.59464514
0.65209293
0.6553574
0.6684303
0.6872926
0.6964304
0.6870229
0.659078
0.66066915
0.626186
0.59838253
0.5549905
0.56208295
0.57507986
0.58594835
0.5874936
0.632759
0.6333386
0.6072787
0.5747993
0.5469308
0.5508276
0.5285566
0.52751297
0.5449351
0.59980863
0.65592486
0.68775547
0.67725205
0.64354247
0.6675906
0.61678994
0.5872081
0.58808184
0.6076531
0.6565223
0.6562372
0.6781263
0.71354127
0.6865416
0.6751437
0.67549497
0.68823826
0.6940785
0.7991373
0.86696327
0.8793373
0.94171774
0.96527225
1.0472621
0.9154163
0.9580935
1.0092183
1.0294334
1.0282414
1.0111623
1.0167439
0.94466215
0.99640924
1.0158312
0.9835124
0.9476151
0.9767577
0.9111387
0.89083475
0.94369537
0.95803416
0.91080004
2.0300293
2.4633563
3.5511158
9.150704
3.6041894
2.4417071
1.9321047
1.6371559
0.6265503
0.5993039
0.6427934
0.6838482
0.70902437
0.68954486
0.7193709
0.73218244
0.8053815
0.8551583
0.8806616
0.8922489
0.90204984
1.1851678
1.4005784
1.3668778
1.4110786
1.5007143
1.5366205
1.5241184
1.3736426
1.4506156
1.422956
1.4731201
1.4583877
1.4750289
1.591493
1.6455376
1.6987364
1.697293
1.6923697
1.8557916
1.7106503
1.6791543
1.6368629
1.6446098
1.6758403
1.5734631
1.561939
1.523859
1.4381701
1.246359
1.1658878
1.117715
1.1549318
1.141507
1.0430549
1.0276663
1.0152097
1.0460912
1.041751
1.0583513
1.0394521
1.0634859
1.1161011
1.1672426
1.2431483
1.3177223
1.4927106
1.4994318
1.5679842
1.602476
1.5677571
1.6161022
1.5989926
1.6731057
1.6608769
1.6608769
1.6608769
1.6608769
1.6608769
1.6608769
1.6608769
1.6608769
1.6608769
1.6608769
1.6608769
