863.9792
414.507
274.21564
220.5024
187.61745
163.46379
144.78897
129.52328
116.46361
105.30408
95.56177
87.24483
79.634995
72.96189
67.06845
61.68418
56.834473
52.655823
48.783943
45.268627
42.12798
39.23261
36.713223
34.444874
32.227215
30.298563
28.466005
26.822483
25.401056
23.892956
22.694687
21.475466
20.44632
19.390875
18.558884
17.668802
16.853725
16.173168
15.466512
14.814309
14.225949
13.712528
13.148219
12.681187
12.197035
11.735273
11.290544
10.941708
10.627209
10.251374
9.956405
9.665283
9.374896
9.135639
8.873635
8.62586
8.402622
8.243928
7.969362
7.83031
7.6175256
7.418618
7.298914
7.141449
7.0006127
6.8366494
6.7293034
6.527868
6.3963127
6.2746015
6.1592593
6.043804
5.9387126
5.8149357
5.730096
5.625116
5.4886713
5.443315
5.4254093
5.2779408
5.2784557
5.1107607
5.008557
4.9508133
4.9083343
4.8177705
4.7031627
4.69085
4.6009097
4.5246305
4.5109076
4.421866
4.37109
4.3414617
4.3086977
4.2413926
4.2024965
4.12752
4.0898647
4.0503163
4.043879
3.975826
3.939943
3.888447
3.8369489
3.7847476
3.7533433
3.744375
3.6674266
3.6427407
3.6621737
3.6091285
3.5556638
3.5396917
3.5006313
3.4720643
3.4307084
3.410355
3.3941426
3.3768277
3.3206885
3.318941
3.290167
3.261992
3.2350912
3.2292428
3.1935534
3.1449842
3.1484857
3.0781715
3.14972
3.0511491
3.034489
3.0084977
3.0033996
2.9627943
2.9594111
2.9516351
2.9295645
2.9214833
2.8752306
2.88805
2.8479197
2.8277261
2.8018603
2.78003
2.7905655
2.7460673
2.8079324
2.7080996
2.6875274
2.7473629
2.6712787
2.6751292
2.6643486
2.620924
2.6236403
2.6107762
2.6238227
2.60423
2.5701632
2.5509114
2.537851
2.5467842
2.5706856
2.54498
2.542551
2.5205574
2.5544202
2.4528785
2.4687703
2.4432592
2.451122
2.4315007
2.4282393
2.4214284
2.4251435
2.4177775
2.383017
2.3751016
2.3848948
2.3892367
2.3445752
2.414847
2.3212852
2.325767
2.3108463
2.3200893
2.3024588
2.2927194
2.282633
2.270452
2.2714434
2.2523081
2.2646668
2.259994
2.2519422
2.225481
2.2288034
2.185734
2.2472277
2.2057407
2.1955638
2.1831038
2.180519
2.194275
2.1637528
2.1590707
2.1538963
2.149512
2.1302533
2.1298454
2.1411178
2.0922465
2.1319609
2.0840557
2.0915728
2.0917983
2.0553658
2.031864
2.0825372
2.1183338
2.0609262
2.0325694
2.019783
2.0342355
2.0244467
2.0131767
2.032819
2.0091512
1.9931937
1.9795148
1.9797792
1.990097
1.9762108
1.9805636
1.9598664
1.9675575
1.9603087
1.9535308
1.9586256
1.961474
1.9918339
1.9369135
1.9465436
1.9382402
1.9096433
1.9567711
1.9155605
1.9224303
1.9009534
1.9095751
1.9245442
1.9195698
1.896241
1.897436
1.8822109
1.8794966
1.8780861
1.8717945
1.8601824
1.874632
1.8800801
1.8748426
1.893568
1.8597842
1.8668184
1.846395
1.8900347
1.8536803
1.8548117
1.8332622
1.8190931
1.9000642
1.8213042
1.83183
1.8184639
1.8188182
1.8235629
1.8132329
1.800722
1.8227091
1.7970781
1.7793617
1.7772398
1.7923791
1.7906594
1.802363
1.7873796
1.7808522
1.7754363
1.7892617
1.7666893
1.7699462
1.7677906
1.7682574
1.7552589
1.7690197
1.7523714
1.7654996
1.7491218
1.761911
1.7650921
1.770715
1.7713267
1.7455655
1.7653058
1.7521392
1.7428881
1.749291
1.7522949
1.756128
1.7342306
1.726718
1.7460724
1.7085667
1.7306541
1.7195823
1.7152146
1.7224115
1.6957359
1.6950803
1.7050575
1.7026349
1.691134
1.6725463
1.6853747
1.6701968
1.6796699
1.6693394
1.6585995
1.6769972
1.6746551
1.651939
1.666396
1.6327868
1.6555822
1.6428597
1.6444162
1.6545298
1.6407458
1.641761
1.6644734
1.6499488
1.6546526
1.6484276
1.6470771
1.6576376
1.6481035
1.6293362
1.6364256
1.6380403
1.6462469
1.6479019
1.6364439
1.6390126
1.6426098
1.6383387
1.6139799
1.6159366
1.6073637
1.6176323
1.6205399
1.6070094
1.6056329
1.6025299
1.5951419
1.6058115
1.5972857
1.5885785
1.5783657
1.5937086
1.5897623
1.564018
1.5624056
1.5853928
1.5656581
1.5576422
1.5587653
1.5771694
1.5708938
1.5532907
1.5682799
1.5556341
1.5423745
1.5526218
1.5476197
1.5531206
1.5463684
1.5478845
1.5261003
1.5311177
1.5376321
1.5385
1.543117
1.519662
1.5142344
1.53817
1.5236723
1.5130858
1.5102406
1.5246475
1.4994441
1.5205786
1.5165148
1.5275037
1.5145231
1.5036452
1.4949797
1.4970075
1.4901998
1.4820017
1.4871025
1.5091217
1.4892453
1.4884682
1.4756784
1.4801606
1.4822628
1.4850825
1.463452
1.4833788
1.4660965
1.4766932
1.4720027
1.4669799
1.460961
1.4639826
1.4522611
1.4560478
1.4594407
1.4582893
1.4553078
1.4611145
1.4603227
1.4477756
1.4675436
1.460078
1.4518002
1.4606969
1.4632608
1.4584005
1.4482161
1.4469101
1.453981
1.4695463
1.4554155
1.4636073
1.4466873
1.4484348
1.4611002
1.4456289
1.4674239
1.4460366
1.4395757
1.4358526
1.447226
1.4194375
1.4240574
1.4292583
1.4212271
1.4131907
1.4325006
1.4154294
1.4244374
1.3971311
1.4056724
1.3975173
1.4048051
1.407802
1.3938857
1.4015487
1.3998591
1.4077667
1.3897551
1.3989284
1.3908647
1.3754686
1.401536
1.3866273
1.3851801
1.378616
1.3897402
1.3962764
1.3879676
1.38759
1.3799762
1.3838238
1.3987993
1.3771261
1.3797029
1.3696315
1.3738871
1.3702607
1.374837
1.3702456
1.3556893
1.3609297
1.3766931
1.3744277
1.3466579
1.3561871
1.3710304
1.3550293
1.3332127
1.3496206
1.3610297
1.3389943
1.3576401
1.3405966
1.3517016
1.35772
1.3434404
1.3487942
1.3323709
1.3305609
1.3322903
1.3416502
1.335524
1.3384311
1.3502805
1.3193727
1.3339874
1.3268051
1.3315958
1.3238477
1.3411652
1.324567
1.3273952
1.3245382
1.3183137
1.3001416
1.3157822
1.313988
1.3152665
1.3173822
1.3124
1.3014683
1.312384
1.3131661
1.3033267
1.296463
1.3052995
1.2969749
1.2955868
1.303927
1.2973815
1.3002892
1.2817479
1.3054067
1.3089279
1.290161
1.3020121
1.2951667
1.2872003
1.2814382
1.2839502
1.282884
1.2812403
1.2907084
1.2983549
1.2832036
1.2751305
1.2721784
1.2858716
1.2853459
1.2662644
1.2919766
1.2757536
1.2672166
1.2685714
1.2688817
1.2867292
1.2804517
1.2633716
1.2565453
1.2558403
1.2553864
1.2648864
1.2471606
1.2581981
1.2514281
1.24408
1.2401099
1.2358341
1.2232206
1.2275754
1.2262003
1.2231017
1.2290431
1.2099885
1.220387
1.2050893
1.2129974
1.2083571
1.2097914
1.1976966
1.2041953
1.2063546
1.2072486
1.2006403
1.2081386
1.2143415
1.1957062
1.2164764
1.1962566
1.2073001
1.1868404
1.2056963
1.1930591
1.1694478
1.1719182
1.1790732
1.1721016
1.1675934
1.1811378
1.1765413
1.1659653
1.166347
1.1641331
1.1783637
1.1639763
1.1840444
1.1629428
1.141523
1.1564467
1.1648538
1.15441
1.146707
1.1503111
1.1407259
1.1397749
1.1380899
1.145179
1.1395719
1.1277163
1.1271161
1.1334016
1.1433877
1.1250631
1.1302099
1.1133866
1.1389729
1.112944
1.1306096
1.1203566
1.1262537
1.125389
1.1293266
1.1193713
1.106983
1.1133654
1.1030575
1.1085707
1.1188506
1.121889
1.1151375
1.1102272
1.103282
1.1096363
1.1099541
1.1035293
1.1094401
1.1084924
1.1114694
1.100984
1.1021425
1.0862634
1.0817555
1.0805337
1.0876061
1.079547
1.0841323
1.1024661
1.082341
1.0743753
1.0662384
1.0779091
1.0700282
1.074867
1.06258
1.0901921
1.0598763
1.0668327
1.0512093
1.0603368
1.0577495
1.0477335
1.048513
1.0563799
1.0282474
1.0489942
1.04775
1.0605618
1.0405183
1.0424181
1.0434617
1.0366931
1.0431598
1.0324929
1.040134
1.0321981
1.0360358
1.0225188
1.0233213
1.0212642
1.023234
1.0513467
1.0291644
1.0312039
1.0465704
1.0193439
1.0181085
1.0337512
1.0136269
1.017471
1.0122823
1.0054512
1.0060415
1.0184792
1.0041168
1.0239725
1.0064262
1.0143071
1.0134574
1.0081444
0.998857
1.0111408
0.9978794
1.0135528
0.99987656
0.9943484
0.99992204
0.99774015
0.997908
0.99936503
0.99871683
0.98301864
0.9865374
0.99669933
0.98163193
0.97959054
0.99411327
0.9788332
0.96974087
0.97545767
0.99266446
0.9680128
0.963292
0.963368
0.95093036
0.9643378
0.9585137
0.96667105
0.94823724
0.97128755
0.96858567
0.9589099
0.9546999
0.9447967
0.9492767
0.93633157
0.93364483
0.94233686
0.9476836
0.944054
0.93714684
0.92230004
0.93454534
0.93330187
0.9344298
0.92450494
0.93063223
0.9228647
0.9205814
0.91900533
0.9107524
0.9314816
0.92545766
0.91943336
0.91316
0.9119605
0.9133078
0.9151666
0.9035673
0.90799004
0.90946466
0.9014246
0.8921147
0.8982866
0.90938866
0.9035351
0.8987965
0.9014461
0.8921222
0.8846114
0.89872336
0.8908609
0.8894655
0.8784576
0.88304645
0.8870129
0.8927993
0.8808684
0.8698158
0.88161796
0.8679258
0.8625795
0.8565511
0.85719275
0.86841893
0.85416055
0.8622434
0.8578125
0.85510397
0.8594609
0.8481104
0.85449874
0.8445403
0.8367396
0.84259933
0.83422166
0.83379
0.8387313
0.83294433
0.8252083
0.8306524
0.8149005
0.8274422
0.8357023
0.811274
0.8199588
0.8250825
0.8088929
0.8207593
0.8165333
0.81554353
0.8268715
0.7989298
0.8201712
0.8072298
0.8018466
0.80589056
0.814852
0.80796826
0.8001662
0.8049288
0.80479157
0.8000194
0.7992933
0.7934345
0.7905671
0.79143685
0.777581
0.7749657
0.8018034
0.7759406
0.7899545
0.77808857
0.7720546
0.78146684
0.7723917
0.77643365
0.7725057
0.7719881
0.7826698
0.7622287
0.7635391
0.77197397
0.765741
0.7648566
0.76061326
0.7693095
0.7706868
0.76457524
0.7823911
0.76423436
0.77053654
0.76747495
0.76768196
0.767286
0.762599
0.7657732
0.76134723
0.7552402
0.7570309
0.75753284
0.77851826
0.74311364
0.74658
0.75430316
0.76321393
0.75750065
0.75112575
0.74635124
0.7451832
0.75333333
0.7600165
0.747463
0.74871796
0.7515509
0.7359024
0.7483977
0.74940324
0.73956054
0.7556549
0.7468488
0.75088775
0.7427261
0.7496348
0.7375052
0.7435829
0.72867453
0.75182265
0.7327786
0.72902834
0.7283225
0.7301272
0.70967275
0.7297173
0.7206414
0.73047817
0.72858834
0.7228383
0.7133594
0.7317581
0.71942824
0.7131349
0.7131922
0.71196896
0.7175492
0.70442307
0.727003
0.71610737
0.717501
0.69902897
0.695708
0.7112736
0.7051427
0.70066845
0.70549506
0.70467377
0.7068418
0.7113791
0.7074491
0.7027901
0.7061498
0.69365174
0.71215385
0.7169367
0.6845013
0.69872457
0.7099276
0.69685096
0.7077194
0.6999258
0.6916539
0.6941989
0.6974356
0.7058687
0.71030843
0.69067407
0.6955386
0.7051885
0.69675535
0.6871845
0.6829419
0.68608344
0.675524
0.68137705
0.683684
0.6845152
0.688516
0.6899761
0.6796888
0.6745861
0.6694768
0.6727585
0.66253555
0.6878096
0.67995816
0.679376
0.6767726
0.67998475
0.685609
0.67964166
0.6816842
0.67236215
0.6797141
0.66692686
0.6707016
0.66827285
0.663392
0.6692815
0.6677687
0.6730732
0.6743643
0.6557361
0.66665643
0.676506
0.6520794
0.6625261
0.6493334
0.6723133
0.65308887
0.6547124
0.6514716
0.6636064
0.66601115
0.6546761
0.65537757
0.6563452
0.64612937
0.6530279
0.6549397
0.65200466
0.652607
0.6362606
0.64286673
0.6494403
0.6440795
0.6529738
0.65427136
0.64902544
0.6541673
0.642557
0.6379926
0.6277809
0.6276943
0.632272
0.6190751
0.6239156
0.63547444
0.627479
0.6345095
0.6301507
0.6336756
0.629197
0.6252716
0.632972
0.6363714
0.6289607
0.62946105
0.6251091
0.6218831
0.62130755
0.63890916
0.62000936
0.62505305
0.6248487
0.62434936
0.6237671
0.62671125
0.6157477
0.6271103
0.62363565
0.63073575
0.61904293
0.6170018
0.61504894
0.6181058
0.62427723
0.61956656
0.6194059
0.62856984
0.6161941
0.60918397
0.6192478
0.62213194
0.61117154
0.6196447
0.6088271
0.5991111
0.59546244
0.60626674
0.6091522
0.6056516
0.5992292
0.6050389
0.6081313
0.6060508
0.5978638
0.6027932
0.6109615
0.5864076
0.6062544
0.59993607
0.60297966
0.59936017
0.5911256
0.6006039
0.5957531
0.6037169
0.60186005
0.59074014
0.5914176
0.60636294
0.5962882
0.59853715
0.5890269
0.57801664
0.5736849
0.59198767
0.58781517
0.5835353
0.5730551
0.59052575
0.5724536
0.5838108
0.5802563
0.5765982
0.5830503
0.57671213
0.57589227
0.5764987
0.5739023
0.57488716
0.5763229
0.57547545
0.5663722
0.5766891
0.57031107
0.56987405
0.5738583
0.568551
0.57068235
0.57386184
0.5741827
0.5814385
0.5888374
0.56845003
0.5624982
0.58357644
0.57200855
0.5619618
0.57911634
0.5726592
0.56932896
0.5761319
0.5755418
0.5725245
0.56571394
0.55657643
0.5714533
0.5656257
0.57127964
0.56764334
0.5692836
0.55404216
0.5614003
0.5632748
0.56540394
0.5663171
0.56110334
0.5631164
0.55752546
0.5606241
0.5527172
0.5599539
0.5712461
0.55094886
0.5547379
0.5628732
0.55624044
0.56709576
0.55950516
0.5520281
0.5525174
0.539058
0.5589909
0.5496997
0.54543936
0.5475841
0.55721134
0.5424503
0.5556376
0.53564584
0.5467688
0.5464426
0.54602474
0.542061
0.52922994
0.5498753
0.54761374
0.53647065
0.53791326
0.5327661
0.5333327
0.5397189
0.5350945
0.5272339
0.5367378
0.52573276
0.5322857
0.5260812
0.53407806
0.5359404
0.528772
0.5357144
0.53288054
0.5270833
0.53062695
0.5294595
0.5286166
0.5276761
0.53197026
0.53041625
0.525569
0.52826583
0.53877056
0.5257641
0.5224354
0.5261625
0.52645785
0.51273763
0.5149352
0.52566105
0.5192226
0.51818377
0.5082007
0.51395494
0.52563775
0.5130227
0.5253598
0.5084254
0.5156464
0.5075014
0.5093561
0.5034953
0.5211404
0.511186
0.51382923
0.510608
0.510431
0.51091737
0.5040743
0.5087602
0.49354702
0.49184522
0.50503784
0.49443674
0.48856425
0.50451344
0.49615955
0.48697743
0.48979455
0.49279258
0.4813622
0.48304126
0.49181637
0.49526238
0.48446566
0.4870748
0.48478952
0.48889637
0.48168188
0.48806453
0.47861397
0.47952977
0.47383884
0.47386134
0.4688655
0.48127657
0.469807
0.48520142
0.47084168
0.4830954
0.4710018
0.48038664
0.4797144
0.47364926
0.484331
0.4737135
0.46767467
0.46453893
0.47120717
0.47059318
0.47468242
0.47837102
0.46547177
0.4687947
0.47912297
0.4589108
0.45597625
0.46097815
0.48272154
0.46578372
0.47547296
0.46598154
0.45291242
0.45790368
0.46887997
0.4559616
0.4641254
0.45674047
0.4673073
0.4715066
0.4534134
0.46658787
0.45937765
0.46010134
0.4599586
0.4587379
0.45543146
0.45744556
0.46175194
0.44922072
0.46188414
0.4604638
0.46092758
0.45941797
0.45472872
0.4532234
0.4511199
0.4579358
0.4595948
0.45094284
0.46195862
0.44689107
0.45758614
0.45250887
0.44516212
0.4371237
0.45125967
0.4439943
0.4517872
0.44610447
0.445919
0.44418737
0.43546063
0.44766626
0.43175334
0.4416245
0.4481924
0.4490963
0.43998942
0.441847
0.43773925
0.43944356
0.43496487
0.4346961
0.44331524
0.42992592
0.42986533
0.44411558
0.43077847
0.423895
0.43195578
0.42761827
0.4331465
0.42778838
0.43534544
0.4427972
0.43219393
0.43022278
0.42677075
0.44384772
0.42182955
0.42588273
0.42812574
0.43663004
0.42929706
0.4260483
0.43083924
0.42613322
0.42472994
0.42435327
0.42930245
0.421324
0.4266198
0.42991194
0.42438295
0.42106494
0.42783773
0.41780773
0.4187913
0.421086
0.4032087
0.413658
0.41519302
0.4210515
0.41649404
0.40890482
0.41455358
0.41577572
0.4229719
0.42030653
0.40266952
0.41600537
0.40882042
0.4121746
0.42405826
0.4066895
0.40602556
0.4137631
0.41344535
0.40124825
0.4029769
0.40915853
0.39822185
0.40458772
0.4062181
0.41179135
0.40176493
0.40091154
0.39916703
0.4063838
0.40581322
0.39299285
0.39743802
0.3970956
0.39678812
0.40843636
0.399686
0.40296832
0.40206724
0.3949358
0.3938643
0.4083307
0.40430468
0.39970928
0.40269887
0.3887339
0.40878522
0.3942367
0.3878048
0.39216465
0.3900393
0.39314914
0.3960846
0.39142376
0.4006253
0.3904213
0.38285843
0.38706815
0.39546856
0.38777092
0.39201432
0.3932009
0.40494582
0.3954975
0.39014953
0.40103373
0.38434628
0.3989428
0.40010113
0.38445386
0.39326733
0.3971804
0.39154992
0.3834484
0.39102665
0.3883211
0.39213523
0.39271152
0.3978049
0.39354745
0.38022682
0.38207215
0.39211303
0.3878061
0.38775203
0.40506953
0.3880631
0.38205653
0.38673043
0.3870456
0.38196376
0.37548652
0.3848754
0.3806721
0.3798937
0.37559664
0.38713688
0.38208804
0.38025153
0.38074666
0.3836031
0.3768222
0.3835808
0.38165474
0.3890335
0.3695856
0.37755418
0.37803966
0.38616613
0.37108022
0.36968252
0.37105036
0.37747097
0.372588
0.36984622
0.3707268
0.37377164
0.3737183
0.3768463
0.36614996
0.36391637
0.37954947
0.37968463
0.3704316
0.38710365
0.3799354
0.37377203
0.3736564
0.3777486
0.36570358
0.38096422
0.37493688
0.37006068
0.38329107
0.37657604
0.37694108
0.37553322
0.36453068
0.37885407
0.3583291
0.36258733
0.36944985
0.36978465
0.37236184
0.36709222
0.36450303
0.36217582
0.3610296
0.37099385
0.35924593
0.3611245
0.35699517
0.36255166
0.36629972
0.36548802
0.35643578
0.35772094
0.3549795
0.3622031
0.37104073
0.3581934
0.35563308
0.3526116
0.3622331
0.3586687
0.354954
0.34778816
0.34906343
0.36752853
0.34991696
0.34600878
0.34552002
0.35587958
0.35927525
0.35465467
0.3428169
0.3629673
0.34762147
0.3472167
0.3419353
0.34343502
0.3435358
0.34869397
0.35044643
0.34323937
0.35092288
0.35133952
0.35065764
0.34496832
0.3449162
0.33776426
0.35233626
0.3380222
0.34237847
0.3451075
0.35020187
0.3468409
0.34743562
0.34297362
0.3403169
0.3407371
0.33889818
0.3458191
0.33432025
0.33757672
0.33268836
0.3388089
0.33788285
0.34187594
0.33955047
0.3350443
0.3395779
0.3307627
0.33466434
0.33547634
0.3383436
0.3354373
0.33882406
0.32871464
0.3331504
0.33695278
0.3249685
0.3241213
0.33396772
0.32482463
0.33091187
0.33066267
0.32988265
0.32649487
0.3400107
0.32352728
0.32715392
0.3324723
0.3338058
0.32590085
0.32684594
0.31902626
0.33197176
0.31386837
0.31905895
0.32533738
0.33126
0.31809404
0.3231337
0.32659477
0.32012182
0.3323169
0.32807755
0.32067096
0.32742652
0.33209923
0.31749
0.32139188
0.31816423
0.3285022
0.31389707
0.32835767
0.325479
0.31591892
0.31983522
0.33013722
0.320238
0.3244881
0.3287468
0.3288206
0.31576174
0.32241428
0.32432052
0.32601413
0.32002708
0.32746655
0.3187846
0.3258162
0.32489595
0.3195144
0.3159215
0.3122078
0.32119304
0.31825912
0.32433406
0.3132553
0.3193529
0.3173881
0.32325152
0.31682125
0.31840357
0.32090843
0.31816313
0.31920788
0.3161377
0.31444886
0.3181029
0.31232083
0.31703416
0.30925852
0.32020262
0.31528646
0.31465715
0.31206402
0.32264668
0.3205589
0.32520658
0.3176024
0.31658977
0.30234218
0.3261427
0.32683524
0.3081805
0.31359807
0.31881663
0.3222351
0.31385404
0.32069534
0.32580814
0.31710157
0.31153253
0.32158726
0.3048287
0.31525165
0.31734627
0.31671217
0.30824083
0.31741044
0.3197983
0.31487343
0.3136696
0.32030937
0.30929497
0.30740014
0.31191763
0.31064048
0.30824018
0.30593452
0.30617067
0.3034014
0.31369254
0.30832905
0.2998525
0.31967
0.31664604
0.31394547
0.31484723
0.30030885
0.30922455
0.30993944
0.315668
0.31048524
0.31860685
0.3176792
0.30529845
0.30112922
0.30888656
0.3064812
0.31344143
0.30802357
0.3030738
0.30336395
0.30059695
0.29851112
0.30551615
0.29973927
0.29759023
0.3070895
0.29798725
0.31532523
0.3030931
0.30288464
0.2985744
0.30146623
0.30601183
0.3026384
0.29763746
0.3010435
0.30591825
0.30459407
0.29910123
0.3000167
0.30734447
0.30411676
0.29719412
0.30909014
0.30742735
0.30570427
0.30747592
0.29951888
0.3068865
0.30845824
0.30746698
0.2982972
0.30063027
0.30133736
0.31419367
0.2960426
0.30142698
0.30446258
0.30277914
0.29751047
0.3058317
0.29563305
0.3004944
0.29928312
0.30221683
0.2988173
0.2929079
0.29691824
0.30373284
0.30524465
0.30849013
0.30782643
0.29838473
0.30471036
0.30213958
0.2960866
0.29617617
0.30015236
0.30218273
0.3134254
0.30317882
0.29884312
0.29652485
0.29926476
0.2931429
0.29984036
0.2977902
0.30879587
0.30536783
0.2963174
0.29576665
0.28559303
0.30215862
0.29535958
0.29954094
0.2827
0.30708674
0.2901208
0.2975592
0.28712296
0.2994524
0.29015985
0.2831451
0.28907079
0.2948035
0.2817991
0.28223595
0.3021524
0.29162157
0.2989112
0.28835645
0.3007523
0.29328766
0.29729643
0.2887606
0.28315437
0.2922806
0.29188746
0.28427094
0.28711727
0.28821918
0.28682145
0.29340917
0.28791425
0.28586757
0.28829706
0.28166217
0.2936694
0.28095832
0.29701722
0.29056066
0.29120812
0.28853983
0.29315412
0.28965232
0.28490108
0.2893412
0.28642577
0.2885581
0.28611514
0.28022113
0.28421307
0.29050368
0.29943073
0.28925496
0.28686443
0.29254952
0.2959273
0.28800112
0.28921047
0.29254186
0.28066036
0.2877586
0.28635922
0.2873403
0.28549242
0.28141543
0.28693467
0.28266242
0.28642184
0.28843915
0.2887722
0.27353972
0.28439614
0.27368695
0.28016356
0.28046414
0.279909
0.2844613
0.2719554
0.2830028
0.28178826
0.27588037
0.2756438
0.27083883
0.29844758
0.26921114
0.2903511
0.27511996
0.27193215
0.2800805
0.27719566
0.27851304
0.2724832
0.27759233
0.2814252
0.27884987
0.28143582
0.2817253
0.28171632
0.29176068
0.27893966
0.27845192
0.2793475
0.27649984
0.27546206
0.27586308
0.27167097
0.27008197
0.28109124
0.27544466
0.2718434
0.28196564
0.26965284
0.27663034
0.2722432
0.27236983
0.27861845
0.27516836
0.27613822
0.2780553
0.27085313
0.26798007
0.2767026
0.26940352
0.26877308
0.2745648
0.27576882
0.2805682
0.27764007
0.27408153
0.2726139
0.27336085
0.2815409
0.27970752
0.27037525
0.27595165
0.27878273
0.27663854
0.2766715
0.26103774
0.27701497
0.2772125
0.27864665
0.28197843
0.27145246
0.27259275
0.28168964
0.26983872
0.27894932
0.2747403
0.2725667
0.27908304
0.2737088
0.27724117
0.2800475
0.27086592
0.27349877
0.27670026
0.27748057
0.27586746
0.27773583
0.26725698
0.26992238
0.27219728
0.27460372
0.2736345
0.26866084
0.27028027
0.27643123
0.26727498
0.26558083
0.2770899
0.27379718
0.2646312
0.27452233
0.26909938
0.26438615
0.27449042
0.2741746
0.26774085
0.2631063
0.27551764
0.26272205
0.2675544
0.26190132
0.27019122
0.26938075
0.26596648
0.26866496
0.2811941
0.2632961
0.270393
0.26884148
0.2587878
0.2637177
0.26743415
0.25272956
0.27909622
0.28222656
0.27219316
0.25698054
0.2672792
0.26364583
0.2550282
0.26986405
0.27783114
0.25941998
0.26795954
0.26882818
0.27339464
0.2675153
0.27843097
0.26905397
0.272562
0.26594234
0.26785284
0.27082032
0.26007566
0.26972714
0.27857828
0.28283858
0.2688099
0.26979467
0.2662298
0.2718972
0.268925
0.27316195
0.27708235
0.27538943
0.2613628
0.26881328
0.27233356
0.26247528
0.26698765
0.2650613
0.26361555
0.2563032
0.263961
0.25991127
0.25849557
0.25589505
0.26850453
0.2646237
0.2544655
0.2675048
0.2569336
0.25972646
0.2611928
0.26095253
0.251395
0.25831413
0.25915205
0.26092786
0.25255275
0.2521547
0.25888187
0.2656758
0.25287953
0.2574864
0.25125673
0.25000075
0.25783658
0.25516972
0.25573543
0.2522606
0.25364625
0.25359833
0.2534402
0.2584071
0.25907445
0.25199777
0.25653622
0.2514061
0.25592688
0.25328976
0.25929418
0.261402
0.25800744
0.2609541
0.26076254
0.24096069
0.2547236
0.25438088
0.25131854
0.25047684
0.24675786
0.25122222
0.25084767
0.2606171
0.25750124
0.25394228
0.25874552
0.24752375
0.24909973
0.25075167
0.25802636
0.25647554
0.24241804
0.2562175
0.24964142
0.2565496
0.24252638
0.25836357
0.25036004
0.24874744
0.25929362
0.24685219
0.24304919
0.2559392
0.2550956
0.25089264
0.25197208
0.24480283
0.24492173
0.24552506
0.24166827
0.2508566
0.23827246
0.24410757
0.23720153
0.24525267
0.244543
0.24900782
0.24924165
0.24621747
0.24587826
0.24318935
0.24339792
0.25784394
0.2471016
0.2518691
0.24771269
0.24992554
0.2582715
0.2404765
0.24222802
0.25066248
0.23993358
0.25261185
0.24585289
0.24890599
0.26169544
0.24304174
0.25250566
0.24345633
0.24745238
0.25551265
0.24601555
0.24704838
0.24502264
0.24311191
0.24710096
0.24978787
0.23690243
0.23711428
0.25002065
0.25421855
0.23799945
0.2460532
0.2375129
0.24945916
0.2384838
0.25154197
0.23784575
0.24924253
0.24485692
0.24663574
0.2428088
0.23976861
0.24284804
0.23177114
0.2447446
0.23309988
0.23587225
0.24920358
0.23669598
0.250448
0.24176902
0.23018253
0.25126562
0.2338871
0.24110477
0.24064651
0.24412553
0.23767726
0.24522181
0.24739225
0.23163198
0.2309902
0.23109049
0.24477682
0.22965641
0.24093997
0.24447955
0.23190525
0.24463522
0.25278276
0.23628512
0.23486406
0.24078774
0.24318872
0.23913506
0.24361005
0.24456766
0.24139184
0.2418771
0.23427208
0.2542682
0.23826696
0.24401762
0.25844404
0.251165
0.24315523
0.248726
0.2407436
0.2496067
0.2505211
0.24326241
0.25356495
0.24197404
0.25091386
0.24868648
0.24612758
0.2445937
0.25214472
0.24728326
0.24854596
0.24341567
0.2427772
0.24656671
0.24990916
0.24838145
0.25512305
0.25747973
0.24525969
0.24517158
0.24702796
0.2415146
0.24494042
0.24406517
0.2569286
0.2542363
0.24557678
0.2458372
0.25415602
0.25144452
0.2475581
0.23802358
0.24369684
0.2553265
0.24534445
0.24155138
0.2570443
0.2527025
0.25563055
0.25069976
0.25295886
0.23919661
0.2497135
0.2601989
0.24188879
0.25142506
0.24371955
0.25880364
0.24977566
0.25398058
0.25075677
0.25098127
0.2548241
0.24619056
0.25266388
0.25408968
0.2540681
0.25105157
0.24801375
0.25048247
0.2545097
0.25754637
0.25565156
0.24115866
0.24441342
0.24907231
0.2465561
0.24646021
0.25869623
0.24923784
0.24631354
0.24587445
0.25093025
0.248678
0.24301837
0.25153083
0.24949421
0.24426591
0.24812445
0.23699433
0.25672325
0.24560486
0.24111289
0.24075621
0.24795802
0.25063786
0.25429088
0.24412937
0.24377747
0.2477081
0.24836747
0.2423665
0.24115504
0.25221393
0.24626689
0.23760852
0.23973288
0.23690595
0.2468259
0.24385524
0.24835148
0.24681936
0.25600746
0.2411688
0.24072464
0.25131088
0.25591695
0.2423011
0.24828722
0.24221933
0.25122693
0.2473308
0.24446368
0.2453166
0.25328657
0.24408291
0.40342438
0.24512435
0.23594752
0.24292657
0.2435517
0.25165078
0.23975332
0.2457615
0.2425635
0.24580333
0.24444069
0.24767634
0.24281839
0.24732004
0.24534279
0.24390942
0.25302964
0.23783039
0.24154273
0.24311803
0.2502305
0.23611243
0.23330547
0.23370823
0.23986137
0.23248282
0.23904002
0.23537105
0.23350671
0.2381263
0.23439826
0.23251851
0.23626505
0.22864126
0.23608853
0.23097011
0.23108374
0.24101217
0.23559289
0.24287492
0.23279375
0.23475547
0.23405315
0.23218118
0.24897465
0.25332016
0.23626547
0.23181269
0.2323194
0.2407322
0.23894031
0.23822889
0.24001583
0.24961832
0.24636598
0.2434577
0.24354175
0.23646364
0.25413704
0.2456593
0.23825666
0.24074243
0.24188775
0.23677766
0.24586295
0.23493665
0.22816303
0.24074832
0.2300654
0.24154338
0.23208235
0.23547876
0.24179855
0.23947695
0.2328826
0.24486978
0.23762809
0.24183628
0.24478315
0.24235344
0.23976079
0.22411759
0.24629578
0.23801702
0.23567316
0.23996523
0.23582694
0.24800165
0.24361104
0.22810674
0.24437329
0.23549429
0.23822747
0.23954293
0.23007789
0.2343392
0.23685043
0.24547254
0.2403681
0.23621202
0.23769252
0.23691502
0.2375246
0.23953305
0.2416575
0.2341066
0.24624595
0.23672754
0.24403243
0.24360502
0.23834187
0.24154134
0.22745806
0.23911306
0.23394209
0.24226536
0.23686893
0.24073917
0.23779146
0.23843151
0.22774534
0.23614757
0.22941162
0.25187907
0.24411823
0.22854902
0.23838857
0.24554239
0.23661372
0.22598368
0.24153075
0.24556908
0.24367392
0.2574036
0.24594127
0.24088053
0.23448762
0.24529934
0.23737149
0.23194596
0.24001189
0.25079352
0.2405541
0.23371162
0.24783386
0.2494313
0.23751426
0.24401613
0.24986862
0.2455893
0.24906904
0.24323831
0.24927403
0.24823967
0.2407592
0.25267327
0.24944952
0.24398454
0.24491802
0.24492
0.24724187
0.25029922
0.25279897
0.24784753
0.25298038
0.24638443
0.24977627
0.25370827
0.24531789
0.26981044
0.25452763
0.2599942
0.264114
0.26437065
0.28041893
0.28569397
0.29028064
0.29591152
0.2996483
0.30423698
0.30152142
0.3113104
0.32663822
0.34941152
0.3446442
0.3610392
0.3594311
0.35679242
0.3424316
0.339188
0.33350423
0.32381225
0.32533643
0.2982108
0.2978856
0.2770914
0.2697159
0.25770193
0.26875052
0.24230245
0.2512129
0.25360593
0.25242
0.24728878
0.25462687
0.25122067
0.2498643
0.24916668
0.24120937
0.23613515
0.23399316
0.245775
0.24927145
0.24812259
0.23231901
0.23382907
0.23460878
0.2376666
0.23606445
0.23278469
0.22663425
0.22794122
0.23338842
0.2288047
0.23539618
0.23358499
0.22522093
0.23567857
0.23423615
0.23245046
0.23386002
0.23405412
0.2302049
0.22508489
0.23269007
0.2295687
0.23313203
0.23032248
0.24332884
0.22826023
0.23359461
0.23603764
0.23878254
0.23645125
0.23612535
0.23734254
0.23879713
0.23076683
0.23175706
0.23399279
0.23148014
0.22585338
0.22891872
0.22525358
0.22749068
0.22908212
0.24192636
0.23322518
0.2258876
0.23027125
0.23703815
0.23336798
0.22268228
0.22834195
0.22655576
0.23509055
0.22901608
0.23340373
0.23372833
0.23229136
0.2288484
0.23377573
0.22813539
0.2301208
0.22117928
0.23900956
0.24366471
0.23596005
0.2231536
0.22886415
0.22725235
0.22025236
0.21712367
0.2238555
0.21770084
0.21723902
0.22391252
0.21804087
0.22111402
0.21063812
0.21920133
0.21772116
0.21520068
0.24829707
0.21979384
0.21932569
0.22040778
0.2228903
0.21724913
0.22919449
0.22905748
0.22416648
0.22844373
0.22575863
0.2325798
0.22648747
0.2247006
0.22633186
0.22226985
0.23210889
0.22389716
0.23453668
0.22714855
0.22157857
0.22350211
0.2293576
0.22601788
0.23333214
0.22418979
0.21537833
0.22120264
0.22643876
0.21986051
0.21471769
0.22516555
0.23688206
0.21481942
0.22197397
0.22525822
0.2171298
0.22159363
0.21689482
0.22175848
0.21819395
0.22043265
0.22249933
0.21871094
0.21916443
0.22762477
0.21886228
0.22579391
0.22098812
0.2392004
0.21994652
0.21888882
0.21811157
0.22159329
0.22873484
0.22805558
0.22228836
0.219662
0.21612556
0.22014044
0.22137795
0.21747908
0.23169108
0.2192616
0.2253782
0.2167637
0.21828543
0.22624248
0.23057199
0.22322027
0.22148232
0.21494977
0.2182414
0.22363421
0.21374992
0.22094744
0.2178283
0.21838462
0.2198143
0.2153844
0.2133808
0.22253016
0.21593386
0.22115259
0.21142231
0.21304804
0.21215764
0.20968156
0.21357028
0.20692295
0.21414483
0.21007866
0.21564531
0.20703468
0.2103465
0.21361454
0.21318482
0.21104415
0.21207856
0.2150566
0.21022323
0.2356094
0.22632311
0.2070368
0.21305592
0.22589925
0.21215935
0.21703112
0.21484852
0.22974713
0.2119851
0.21628994
0.22278143
0.20938334
0.21585764
0.2131692
0.21405728
0.21438847
0.22591572
0.21415865
0.21287416
0.22201934
0.21206497
0.21560253
0.21329217
0.21001866
0.21779118
0.22116359
0.2267426
0.21273331
0.21613003
0.21031998
0.20906435
0.21220675
0.2178884
0.21866055
0.21196115
0.20710222
0.21467274
0.20705052
0.22543353
0.22348356
0.21574944
0.208104
0.22208363
0.216938
0.22445802
0.21620436
0.21846934
0.22163819
0.21552217
0.22821099
0.2215583
0.21011047
0.22684197
0.2300987
0.21648793
0.21342498
0.21821441
0.21340127
0.22430505
0.22524834
0.22634438
0.22296537
0.21719083
0.22352819
0.21950825
0.23256385
0.22359428
0.21366385
0.22611092
0.2304539
0.2154945
0.22027203
0.21999173
0.21983157
0.22379547
0.20865038
0.22007121
0.21582155
0.22722831
0.21774185
0.22134909
0.21610947
0.2219328
0.21053444
0.21983492
0.20337577
0.22824103
0.22538713
0.22677259
0.22636646
0.21955974
0.21982086
0.22055629
0.21774672
0.23410681
0.22479986
0.22690956
0.22113523
0.21813023
0.21851839
0.21534885
0.22110194
0.21293308
0.21995983
0.21414992
0.20657247
0.212661
0.21108
0.21419242
0.21598893
0.21396473
0.2184995
0.22009547
0.21337229
0.22401279
0.20801596
0.22403383
0.2222917
0.21807808
0.22368968
0.2232088
0.22179924
0.211012
0.2148669
0.21155329
0.22280726
0.21760774
0.21870819
0.21418029
0.22705069
0.21151005
0.20849456
0.21571502
0.22613564
0.21334761
0.20467067
0.21269329
0.21505205
0.21223266
0.20769718
0.21298525
0.22494411
0.21604724
0.21917774
0.21876013
0.20675918
0.21343127
0.2228426
0.22579879
0.21951322
0.22135055
0.22090411
0.21082614
0.22038679
0.21518832
0.22177373
0.2316739
0.21989715
0.22291546
0.23242357
0.22249652
0.22579719
0.21772727
0.22453792
0.22613382
0.22365025
0.22344372
0.22460532
0.2211712
0.21628767
0.21620767
0.21202436
0.2064523
0.22913074
0.21281165
0.22548153
0.22145662
0.22276744
0.22475377
0.21852191
0.21129279
0.2241253
0.21947585
0.21065338
0.21592869
0.21747425
0.2171556
0.21270724
0.21550933
0.21768963
0.2159503
0.22342715
0.22152326
0.21461844
0.21916147
0.21638057
0.2111728
0.20760164
0.21513861
0.21570154
0.21377547
0.2248865
0.22209154
0.21665882
0.21875894
0.21649212
0.22554453
0.22361211
0.2350228
0.21820863
0.21675867
0.21973018
0.22853716
0.22294585
0.2184755
0.22000714
0.2253147
0.22074904
0.22206934
0.22981265
0.22690684
0.2184881
0.21779414
0.21636328
0.2240146
0.22414783
0.22454828
0.2256875
0.2192258
0.21323732
0.24053963
0.22630055
0.22062664
0.22372368
0.21378596
0.2220387
0.22121106
0.22286186
0.22199191
0.21734342
0.2194662
0.22085075
0.22308168
0.22299838
0.21734972
0.21787721
0.21625036
0.2203606
0.20872654
0.22190833
0.21171007
0.21812595
0.21415606
0.23208341
0.2187932
0.22163524
0.22219692
0.21991219
0.2134553
0.22630899
0.22766098
0.21527079
0.21656105
0.21973266
0.21631368
0.2207072
0.21807612
0.21326827
0.21474093
0.22128922
0.2249843
0.22817
0.2121138
0.21751796
0.2155706
0.22341557
0.21392575
0.21498325
0.2125606
0.22871882
0.2145999
0.21618669
0.22995797
0.20642526
0.21880798
0.21059011
0.21409486
0.1992834
0.22282317
0.2116544
0.22335717
0.21441644
0.21842802
0.20344108
0.21195558
0.20940325
0.22066207
0.20792888
0.20662291
0.22041705
0.22361566
0.20537554
0.2163337
0.20733255
0.21197243
0.21665992
0.21334897
0.21333107
0.20557924
0.22355907
0.21752416
0.20522116
0.2212348
0.21947913
0.21502993
0.21496415
0.2289648
0.21067326
0.21506862
0.20575778
0.21647784
0.20509958
0.22777869
0.2270938
0.21796316
0.21225667
0.21451153
0.21958093
0.2359954
0.20434862
0.20867315
0.2095392
0.21253687
0.21271057
0.2060114
0.20885648
0.21791777
0.2027191
0.22306578
0.2153216
0.21009594
0.22244151
0.20627853
0.21460445
0.2306872
0.21072572
0.22328348
0.21301077
0.22874558
0.21548495
0.21364711
0.21604002
0.21206123
0.20663244
0.22958073
0.21348763
0.21603836
0.2125914
0.20577931
0.20300712
0.22172719
0.20803605
0.23050457
0.2067102
0.22549741
0.2273556
0.21149066
0.2121925
0.21041252
0.19931856
0.20823434
0.21405153
0.216479
0.21348408
0.21128125
0.23132163
0.21534021
0.20619899
0.20535876
0.21078673
0.21551779
0.21682286
0.21185559
0.2140195
0.21302782
0.21899828
0.20883596
0.21618734
0.21496731
0.23286027
0.22078441
0.22121233
0.2107657
0.21237023
0.20666474
0.2027099
0.22128162
0.2132802
0.22258703
0.21115552
0.21457493
0.20769921
0.212953
0.20247816
0.2051778
0.22190365
0.21792176
0.21467873
0.21257196
0.21571904
0.21368425
0.22295128
0.20183589
0.21607259
0.2045651
0.20725086
0.21009736
0.20758644
0.22430892
0.209935
0.21448572
0.21840468
0.20870176
0.2192599
0.21795708
0.2141752
0.20245674
0.21212855
0.2131647
0.20503058
0.22497274
0.22338234
0.21048656
0.21056432
0.21413979
0.21794742
0.21451673
0.21085502
0.2261777
0.22206333
0.22022234
0.22382006
0.21599233
0.21321817
0.2279064
0.21697615
0.22137463
0.22241902
0.23146027
0.23648906
0.2232427
0.21090369
0.21322767
0.23107214
0.21816233
0.22764064
0.21599752
0.22174259
0.21974051
0.22740579
0.22051741
0.22141017
0.21952702
0.21991527
0.22910671
0.215578
0.21817961
0.22013192
0.22123852
0.22393145
0.22109066
0.22389793
0.23301284
0.21996386
0.2269748
0.2163898
0.21928348
0.22619338
0.22848175
0.21863437
0.21266192
0.22607821
0.22214481
0.22623171
0.22842586
0.21919426
0.22442442
0.21898119
0.21890976
0.23003384
0.2172379
0.22567813
0.2215288
0.22451232
0.21937694
0.22957835
0.23233435
0.21852782
0.22386782
0.21355122
0.23145966
0.22588049
0.22360562
0.21527769
0.21628493
0.22738981
0.22293165
0.21976155
0.22517528
0.23738681
0.22205052
0.2153027
0.21331996
0.21942379
0.23055345
0.22740985
0.21769533
0.22081853
0.2150743
0.21273883
0.22438309
0.2242525
0.22339104
0.22143765
0.21576352
0.22556031
0.21124873
0.20925109
0.21889924
0.21920742
0.22352283
0.21862525
0.22218911
0.21681647
0.22524562
0.20517161
0.237164
0.21768321
0.21123348
0.22484122
0.21260513
0.21714632
0.211935
0.21916449
0.22083044
0.21398793
0.20735136
0.2140739
0.22582874
0.21893099
0.22282086
0.2296058
0.2136787
0.23670413
0.22128753
0.20284651
0.21516593
0.21619372
0.21776406
0.21616928
0.22152352
0.21819775
0.21944658
0.22123246
0.23658621
0.21546866
0.2190305
0.2149985
0.21938433
0.21508479
0.2216239
0.21531822
0.22670586
0.22652051
0.23032576
0.21309064
0.22719686
0.22572184
0.22066595
0.22621506
0.2334276
0.23371455
0.2423174
0.21904871
0.22606543
0.21982187
0.22223613
0.2215382
0.2250477
0.2282255
0.21974085
0.22858274
0.24774554
0.23916957
0.23359929
0.22588292
0.23207992
0.22675112
0.2260268
0.217665
0.2197553
0.22370748
0.2261356
0.2181188
0.23713623
0.22530352
0.22240701
0.22909397
0.22106944
0.22665377
0.22852787
0.23966376
0.22887352
0.21752423
0.23520221
0.2270452
0.23327714
0.22867909
0.22575666
0.21907096
0.22263454
0.22471382
0.22993268
0.23632997
0.22042693
0.22953959
0.22735281
0.21690416
0.21663481
0.22407396
0.23716517
0.23321813
0.2293677
0.22585872
0.23492582
0.22903915
0.2311775
0.23151745
0.23544644
0.23851205
0.22268778
0.23336245
0.23184781
0.2282279
0.22498143
0.23616867
0.2319956
0.22296906
0.23937243
0.21883368
0.23517385
0.23624024
0.22648837
0.23759063
0.2249568
0.23502505
0.23523897
0.21982887
0.2241123
0.21476649
0.22545479
0.22782624
0.2405581
0.23365206
0.226315
0.22365847
0.22159673
0.21978617
0.21666081
0.23289387
0.21801354
0.22814712
0.22450379
0.22981872
0.2217334
0.21755643
0.21793678
0.21869671
0.23255898
0.2325859
0.2162194
0.23549157
0.22495364
0.22516224
0.22275808
0.22401701
0.22676782
0.22035708
0.23729865
0.21900418
0.23479931
0.22350532
0.22512466
0.2154276
0.243418
0.22447895
0.22134663
0.22342724
0.22648804
0.22765227
0.22326769
0.22843295
0.21678738
0.22422753
0.22707705
0.22241557
0.21885093
0.23519705
0.21782234
0.21293339
0.23278186
0.2230079
0.21113208
0.23229285
0.22376812
0.21920688
0.22327265
0.22790739
0.21979469
0.22314163
0.2250157
0.23269439
0.216402
0.23212235
0.22049856
0.21698138
0.22711518
0.22786635
0.22322248
0.22507164
0.24037966
0.20920825
0.22615977
0.21711984
0.22283798
0.23399954
0.23243904
0.22339705
0.21761273
0.22448227
0.21986327
0.22196963
0.22725108
0.2133454
0.2307347
0.21942781
0.21975033
0.2400552
0.22176957
0.21497896
0.22138642
0.23099142
0.22734958
0.2281717
0.22885364
0.23811935
0.2276678
0.2362765
0.23153211
0.22018972
0.23114426
0.22984199
0.2386587
0.22870131
0.23255323
0.22354506
0.23230541
0.22861993
0.22579756
0.22100754
0.21430989
0.23380846
0.22120267
0.23288445
0.23409271
0.2433043
0.22867571
0.23156281
0.23565347
0.2218516
0.22320643
0.2163818
0.22488967
0.23179065
0.2261878
0.22088814
0.22339585
0.2359753
0.2408061
0.22531301
0.23754172
0.22874919
0.21570182
0.22773314
0.24187937
0.22796504
0.2259604
0.22492793
0.2308108
0.2230489
0.22688276
0.25850666
0.22919288
0.21860388
0.21767928
0.2318074
0.23937555
0.23383844
0.23943931
0.22471139
0.23899007
0.23175965
0.23998466
0.23450835
0.2234873
0.23548317
0.2286487
0.23013486
0.22053252
0.2262648
0.2251253
0.23811515
0.22318336
0.23419105
0.24292636
0.22831795
0.23704527
0.22871079
0.23377122
0.22847494
0.22761118
0.22505097
0.21602905
0.22959007
0.23645215
0.21573026
0.22654885
0.22585106
0.2172522
0.23698848
0.23145416
0.22527328
0.21799122
0.22411343
0.2244712
0.23363099
0.21893415
0.21937987
0.24599676
0.21959159
0.2213206
0.20881997
0.2203293
0.23856832
0.2255669
0.22132964
0.22375575
0.23249891
0.2385179
0.23812868
0.22220565
0.2275374
0.22019024
0.220401
0.22190237
0.2158563
0.218161
0.23105848
0.2217191
0.21762994
0.23809628
0.22882868
0.21195565
0.21507317
0.20471695
0.22647439
0.22536816
0.23216972
0.21939948
0.22703174
0.22618477
0.22152191
0.2234884
0.2290708
0.22482875
0.21541658
0.2116239
0.22175217
0.22908537
0.21178064
0.2227425
0.22797395
0.21612714
0.21853906
0.21970223
0.21556565
0.23172754
0.23935056
0.2386739
0.21477793
0.21894066
0.20702027
0.2159232
0.22100312
0.227744
0.23196009
0.21691315
0.21040808
0.2181066
0.2129563
0.22197483
0.23926087
0.22126666
0.21595939
0.20480676
0.21911675
0.20680879
0.20468779
0.21070567
0.214751
0.20307964
0.20861316
0.211592
0.20938113
0.2157904
0.21281968
0.21636969
0.20844547
0.2164056
0.21163115
0.21720167
0.21594392
0.21936113
0.21696368
0.20690368
0.2100308
0.21211572
0.21106067
0.21322626
0.22047605
0.21628451
0.21984649
0.20485732
0.22647212
0.212915
0.21488608
0.2097258
0.21207604
0.21840699
0.21645653
0.21440087
0.21600719
0.21466275
0.21646394
0.21495652
0.20914608
0.21327838
0.20988671
0.2083316
0.20808384
0.21022162
0.21573891
0.22131965
0.22138387
0.21666092
0.21737844
0.2140517
0.20911928
0.21804075
0.21995126
0.21901321
0.20996079
0.22192828
0.20860578
0.20009884
0.21980584
0.20956072
0.21001975
0.21325035
0.20701644
0.20441428
0.1998176
0.2337711
0.21434328
0.21046354
0.21990713
0.21608968
0.24171871
0.20797901
0.2161147
0.21879311
0.21047723
0.20507531
0.22156474
0.21445255
0.21834548
0.199267
0.21646273
0.2179596
0.21140492
0.2190943
0.2257945
0.21807949
0.23539753
0.21224925
0.21190052
0.22246371
0.22577123
0.21547422
0.2261575
0.22294356
0.2140156
0.22945243
0.23406155
0.21253692
0.21559963
0.21507217
0.21658054
0.22348614
0.22403865
0.21631688
0.22938702
0.2195452
0.23652339
0.21556151
0.2380477
0.2361192
0.22408943
0.2232279
0.23140237
0.21784222
0.21028171
0.22332987
0.22574988
0.21687293
0.21587247
0.22256008
0.19978443
0.23209128
0.22944354
0.22318949
0.21386053
0.20499502
0.22725587
0.22513644
0.22657904
0.233881
0.22880886
0.21991584
0.23056994
0.22112945
0.23777637
0.21930823
0.2274395
0.22358748
0.23479164
0.22850634
0.22001867
0.23361178
0.23685877
0.22773415
0.24833496
0.23772755
0.24378084
0.23655416
0.22358868
0.22819367
0.23723753
0.22190116
0.23941159
0.22968368
0.23352207
0.22722255
0.22747377
0.23893979
0.21966556
0.21942453
0.22456214
0.23104899
0.23435862
0.22567706
0.23832828
0.2307882
0.23362644
0.21975009
0.23698486
0.22449164
0.21894945
0.22926791
0.2246774
0.22506025
0.21078177
0.22053263
0.23140173
0.23251617
0.247008
0.24190731
0.21936579
0.23203248
0.2421763
0.22934096
0.21633928
0.22235149
0.23711224
0.22431603
0.22307268
0.22846113
0.22216098
0.21869071
0.23318796
0.23098724
0.21705519
0.23119062
0.21806891
0.23242165
0.23032269
0.2206043
0.2177039
0.23052263
0.2110139
0.22781406
0.22673655
0.23073241
0.23392239
0.22811443
0.2347461
0.23637733
0.23581909
0.22690305
0.24206363
0.23347418
0.22350918
0.22829725
0.26045623
0.22736551
0.25308877
0.22535785
0.22543801
0.22094315
0.228044
0.2415118
0.22355188
0.2258352
0.22563842
0.2328852
0.23274657
0.23117836
0.22605957
0.2239671
0.2401547
0.21399984
0.23328
0.24338579
0.24329165
0.22024496
0.23404343
0.23885757
0.2312067
0.22772235
0.22572485
0.24085414
0.2246391
0.23429106
0.21648179
0.22835581
0.22868589
0.22398669
0.23893131
0.2342041
0.2207293
0.22232017
0.22522424
0.22566602
0.22318366
0.2204117
0.23072928
0.23250522
0.24979544
0.2311666
0.2213981
0.23626393
0.23082805
0.23205616
0.24405281
0.23623006
0.2391289
0.23463896
0.23381388
0.24151953
0.22727126
0.23164664
0.23194896
0.22876115
0.22441246
0.2318148
0.22482638
0.23502623
0.22113761
0.25794923
0.23097458
0.22738554
0.24158642
0.21633512
0.23145261
0.23946103
0.219774
0.22283098
0.23478334
0.2275006
0.22644964
0.23973167
0.23237011
0.23302792
0.22668321
0.23310697
0.21927741
0.22341895
0.21453846
0.20869118
0.22937758
0.22221226
0.21336061
0.21801433
0.21955884
0.22328342
0.221364
0.21643452
0.22168587
0.22448991
0.22155544
0.23489265
0.22890104
0.22462444
0.2153979
0.22357105
0.22159888
0.22837244
0.21609281
0.23044053
0.23126954
0.22672573
0.22758086
0.22161396
0.2195831
0.2213665
0.2290752
0.21485668
0.21197021
0.23395321
0.21451959
0.22209895
0.21898694
0.2189294
0.22353469
0.21978419
0.21554796
0.22637776
0.22856231
0.21336296
0.2176706
0.22611426
0.22340219
0.20945457
0.21309002
0.20669715
0.22215688
0.22363688
0.21973169
0.20965722
0.2167471
0.2230318
0.20763259
0.22108856
0.217175
0.2148658
0.22139765
0.2164216
0.22239615
0.20558886
0.22001296
0.20702511
0.21714488
0.2280449
0.22694002
0.23159745
0.22850263
0.22347143
0.21663381
0.23140822
0.20543239
0.2300474
0.24480338
0.23006661
0.23089369
0.22949442
0.23875722
0.232034
0.2184136
0.22353992
0.21387126
0.23542228
0.22463274
0.22310427
0.21636868
0.22342269
0.20992665
0.23908801
0.21892297
0.21980605
0.23139228
0.22519854
0.2285158
0.22896703
0.22848015
0.21621485
0.2224773
0.23094167
0.23112363
0.2210216
0.22280218
0.23215966
0.22884892
0.21970098
0.22731698
0.21665817
0.2396535
0.23758462
0.2317467
0.22843306
0.2268072
0.24266681
0.2400736
0.23772858
0.23288058
0.22461565
0.23201531
0.23729189
0.24400038
0.25406253
0.22547598
0.23381151
0.23277329
0.2314565
0.24113195
0.23271054
0.24332382
0.23203936
0.24156708
0.23588169
0.24499713
0.2210188
0.23169985
0.24124798
0.24887516
0.23361784
0.2349448
0.22285652
0.22926684
0.23550785
0.23133129
0.2203366
0.23894304
0.23712014
0.22821796
0.23678641
0.22756515
0.23054463
0.23074411
0.23556453
0.23677297
0.24881648
0.23633498
0.22417448
0.24981757
0.23201899
0.21803
0.22558531
0.23261729
0.25083977
0.23884472
0.24425201
0.2375254
0.22739606
0.22218186
0.23749603
0.23054625
0.24686885
0.23438023
0.24281289
0.23457447
0.23638587
0.23825353
0.22988337
0.24868004
0.23050013
0.24290164
0.24174763
0.24215406
0.23758122
0.23811142
0.22766687
0.24133047
0.2300697
0.23569268
0.23435181
0.25192603
0.22747268
0.2348338
0.2362188
0.22973907
0.22958215
0.22908987
0.22375135
0.23109871
0.23965383
0.2472333
0.24177034
0.23194563
0.25655106
0.25042233
0.24830692
0.25548306
0.23770073
0.2486991
0.24597284
0.24599157
0.23526372
0.24526815
0.24512844
0.24872012
0.23740277
0.23970288
0.23752305
0.24648954
0.23845649
0.2429978
0.24770124
0.24195571
0.23745656
0.24685356
0.25023112
0.22478978
0.24473633
0.23459473
0.23623855
0.2432655
0.2427983
0.26686114
0.23318818
0.23280641
0.24234867
0.2411438
0.22967666
0.22684583
0.2360295
0.24353841
0.27117077
0.24177557
0.22999267
0.24139646
0.22271395
0.23230593
0.25420478
0.23350047
0.2483925
0.23958872
0.24141076
0.24072126
0.23966734
0.24550296
0.22836898
0.2401794
0.24726611
0.25312242
0.24055015
0.24253137
0.24012196
0.24626495
0.25824827
0.2447921
0.25366277
0.24666844
0.24576421
0.2413483
0.24126263
0.23836634
0.25852093
0.25204962
0.24889268
0.26146886
0.2523093
0.24803269
0.25282213
0.28290173
0.24789822
0.25035593
0.24006853
0.25905648
0.23473136
0.254255
0.25119114
0.261048
0.24947035
0.24439056
0.25423488
0.2553492
0.24935274
0.24313149
0.24549955
0.25236017
0.24350263
0.23954818
0.22676437
0.25938
0.25582933
0.27028462
0.24700741
0.23817319
0.24682882
0.2369126
0.2410833
0.24149077
0.2476663
0.23830192
0.26230946
0.24804743
0.25229868
0.2513412
0.23651746
0.26665178
0.22666483
0.23749861
0.2496135
0.24509695
0.2340789
0.23579912
0.26468003
0.23092298
0.25180855
0.25083232
0.235547
0.25622106
0.24159203
0.25105208
0.25032318
0.22887152
0.2546065
0.2464012
0.25225633
0.2408004
0.2751593
0.2638643
0.25087866
0.26020363
0.24500167
0.23431073
0.25696522
0.23773436
0.25106728
0.25346464
0.24750477
0.24863225
0.24688064
0.2450656
0.23046634
0.23157214
0.25714147
0.24581173
0.24690855
0.23105651
0.2593766
0.25175714
0.24694908
0.24037498
0.24224839
0.24217252
0.239034
0.22246547
0.25992507
0.24699228
0.24374864
0.24280539
0.2435751
0.22467485
0.24226074
0.22875401
0.24778037
0.22959113
0.22788231
0.2266597
0.24273469
0.23455752
0.24164425
0.22198968
0.2223125
0.21365674
0.22892277
0.24210064
0.2314009
0.22469234
0.2418165
0.2376075
0.2361784
0.23834395
0.23065065
0.23722333
0.23965886
0.23822275
0.24539636
0.23632203
0.23682989
0.23169032
0.21809776
0.2443465
0.22631471
0.23195255
0.23851839
0.22935964
0.23417936
0.23704578
0.23517554
0.23639035
0.24826942
0.23767063
0.2338594
0.24097688
0.2363478
0.24600595
0.2555481
0.23911811
0.22873303
0.22930397
0.22543985
0.2268971
0.23426986
0.22518417
0.23951444
0.22937863
0.24001345
0.24328713
0.22500746
0.23560901
0.23819414
0.23834214
0.22147082
0.22719711
0.2321979
0.23872192
0.23255707
0.23821706
0.23182316
0.2309942
0.23530883
0.24073999
0.22836831
0.22752044
0.23938021
0.2164483
0.24119459
0.22870484
0.21991687
0.23709005
0.24559668
0.23673946
0.24919292
0.21991168
0.22974564
0.23966618
0.22871181
0.22786455
0.2177675
0.23726997
0.22316836
0.23623872
0.24588843
0.22926877
0.22738919
0.24591288
0.23264803
0.23653333
0.22917828
0.22541542
0.24567336
0.22941448
0.2344416
0.23027094
0.2218338
0.2535132
0.22127332
0.2298977
0.2863466
0.22982812
0.226232
0.2384362
0.23891264
0.24162626
0.23905547
0.23021024
0.24935678
0.23043461
0.23786584
0.23000513
0.22611624
0.24164541
0.22823064
0.24303639
0.21910545
0.24420953
0.23417293
0.23025276
0.23595022
0.2239399
0.22949181
0.2261124
0.23240775
0.22543947
0.22616841
0.23173277
0.24076024
0.24275815
0.22393747
0.24379948
0.22507982
0.24918015
0.22893992
0.26095682
0.24224827
0.2409051
0.2402175
0.2361875
0.24549302
0.22264302
0.23566379
0.24416599
0.25228277
0.24559578
0.24927267
0.25977516
0.23569568
0.22840315
0.23823947
0.2597764
0.25881153
0.27263647
0.24795115
0.24595946
0.26009518
0.2422667
0.24501246
0.23226024
0.23930293
0.24285565
0.2412271
0.24700469
0.24407421
0.24773681
0.23341745
0.24252255
0.23666783
0.24715662
0.22462185
0.23950371
0.23879613
0.23987766
0.24945882
0.22980629
0.23631045
0.23335493
0.23730537
0.23802654
0.23187165
0.25364283
0.2360648
0.2533032
0.248934
0.23989768
0.24779958
0.24887098
0.24709591
0.23688653
0.2318472
0.23935735
0.24891874
0.23617323
0.23262449
0.25198847
0.2565462
0.24345522
0.2516426
0.25422952
0.23379062
0.25005928
0.24162102
0.24676506
0.24009445
0.25011978
0.24491316
0.24692342
0.24640873
0.24221648
0.2552034
0.24697612
0.24514969
0.2514273
0.25471973
0.25261903
0.25531423
0.26210254
0.23807652
0.2483176
0.24201775
0.25177696
0.24677594
0.2492335
0.25740808
0.23565517
0.2477656
0.22498119
0.23297276
0.23857935
0.25125107
0.24425513
0.25468186
0.23801832
0.24749467
0.23669201
0.23307262
0.24294041
0.24592882
0.2314768
0.24570821
0.23704498
0.25654975
0.23757264
0.22345005
0.23811863
0.23654808
0.23038091
0.25346112
0.24491264
0.2530996
0.22169752
0.23242311
0.23699921
0.23572068
0.2293618
0.23968168
0.23713663
0.2563899
0.24793555
0.23366077
0.2387641
0.23586854
0.2553362
0.25739425
0.25048164
0.2587398
0.24869436
0.25509474
0.2578494
0.25044408
0.26001763
0.25247076
0.23603794
0.24018289
0.25021046
0.2414795
0.25771996
0.24592535
0.25833288
0.24461599
0.25914565
0.24820665
0.2621045
0.2543194
0.26244956
0.29722705
0.24361458
0.2509884
0.25917885
0.24513306
0.23666938
0.24612229
0.23839033
0.23582721
0.26007468
0.25860333
0.261166
0.2497553
0.25124946
0.2549868
0.23260993
0.24776423
0.24833736
0.25559986
0.23576832
0.25076765
0.25668758
0.25930056
0.24729316
0.25549012
0.2361357
0.24494357
0.23043725
0.23944862
0.23715477
0.241244
0.23522657
0.23863974
0.26334432
0.25139168
0.25460148
0.25084782
0.2332801
0.25028533
0.25439653
0.23418945
0.24057184
0.25275204
0.25294104
0.25050938
0.24889135
0.2486527
0.24877632
0.2539808
0.26698655
0.27710426
0.23675448
0.23280385
0.23436257
0.264181
0.25227153
0.24565239
0.23444521
0.26243007
0.24487275
0.2391984
0.24031201
0.22857955
0.24665548
0.25124663
0.23293652
0.23653325
0.2373313
0.24048808
0.24460527
0.24028464
0.23779167
0.23333482
0.23827569
0.23786508
0.23810434
0.24392925
0.24537878
0.23464537
0.24463151
0.23777424
0.23699905
0.2397868
0.24012114
0.24372129
0.24088141
0.24538842
0.25323692
0.2425253
0.24281836
0.2451141
0.2663668
0.23975256
0.24195543
0.2517341
0.2661933
0.23095769
0.25275403
0.2422714
0.24593915
0.2675364
0.243899
0.25634554
0.24839064
0.2550193
0.25554973
0.2423277
0.2563938
0.2584766
0.26600817
0.27692673
0.27003238
0.2631871
0.26348534
0.24774863
0.247614
0.23835152
0.24898785
0.24174616
0.2454481
0.24439733
0.24897066
0.25720868
0.25687382
0.2487233
0.2441985
0.24367464
0.25198954
0.25503552
0.24653183
0.23547162
0.25386465
0.25651178
0.22927918
0.23995401
0.22390291
0.24902259
0.24255386
0.2320452
0.2399795
0.24639718
0.2707041
0.25000662
0.2504169
0.24445489
0.24014877
0.24121107
0.25644413
0.23371725
0.25473803
0.23458543
0.24658725
0.23176709
0.24083374
0.24034558
0.24995059
0.25071552
0.24026456
0.24879925
0.262366
0.24655682
0.2431878
0.24901664
0.24886422
0.2507526
0.24698836
0.24565898
0.25265253
0.24391308
0.24638183
0.2461367
0.23955305
0.24027704
0.24546419
0.24795806
0.24720825
0.25504684
0.23078045
0.23960876
0.22887646
0.2652384
0.23470038
0.26398018
0.26044258
0.25222334
0.24580729
0.24403268
0.2556249
0.2512145
0.25148684
0.2384555
0.23783363
0.26419625
0.25028718
0.25527725
0.2539234
0.25730693
0.27118677
0.25044936
0.252228
0.25112286
0.2515111
0.2433101
0.24389078
0.24047084
0.26217094
0.2929284
0.2469375
0.25952843
0.27029613
0.2555359
0.251382
0.24303225
0.2652235
0.2563879
0.24656545
0.26132035
0.2552976
0.2535849
0.2605285
0.25939038
0.25635794
0.2662939
0.25451192
0.25610343
0.25363868
0.26883954
0.2530368
0.27537706
0.27568316
0.2628154
0.256941
0.26691607
0.2707236
0.26248658
0.26493126
0.27857292
0.2677464
0.25864798
0.29141542
0.26631248
0.2801098
0.2813526
0.27176005
0.26549214
0.2575285
0.2713962
0.253807
0.26949817
0.3123775
0.26446006
0.27510872
0.27589712
0.27022034
0.27835754
0.27073777
0.25845242
0.2545101
0.25716087
0.25815523
0.25613573
0.25835818
0.2722698
0.27363
0.2730194
0.2661488
0.27544674
0.25167203
0.25659254
0.29332927
0.2684875
0.2806713
0.27565995
0.28064677
0.27587593
0.284782
0.3004767
0.2755574
0.27375782
0.26267305
0.26845726
0.2932723
0.28178924
0.25892136
0.2678725
0.27966288
0.27396485
0.2723096
0.26561084
0.2753098
0.24397066
0.26959547
0.2758126
0.28770253
0.2783825
0.2693015
0.2881451
0.26142344
0.26735082
0.29170188
0.26873583
0.29386276
0.28176188
0.2682074
0.27417803
0.26563022
0.26322326
0.27335355
0.26954934
0.28392118
0.27450436
0.26306647
0.2696608
0.27785912
0.2602741
0.2890965
0.27465397
0.282137
0.26899898
0.26118073
0.26636234
0.2989862
0.24928612
0.2629169
0.26476428
0.27480525
0.2762885
0.29605958
0.28514332
0.29020718
0.26706347
0.26650035
0.25198418
0.2826505
0.2707905
0.27769217
0.28086594
0.27509108
0.26692733
0.2518649
0.26771104
0.26164055
0.26994988
0.26437238
0.27073404
0.2643329
0.2733793
0.25712517
0.27588814
0.27977085
0.26935887
0.29904026
0.25250122
0.30938601
0.2635672
0.30112374
0.28755832
0.2899729
0.2785306
0.268013
0.27210477
0.2790287
0.2728452
0.26058844
0.27522323
0.26200932
0.25541964
0.2520819
0.27757135
0.27772796
0.3036833
0.24899846
0.26000905
0.2648001
0.26179075
0.27313036
0.26094297
0.25375882
0.24495763
0.28508458
0.26277366
0.28123632
0.27890486
0.26854727
0.27202213
0.2844073
0.26832947
0.2425605
0.25813773
0.26554087
0.26421872
0.26282376
0.2735503
0.2617033
0.26408738
0.2817589
0.2465082
0.2458649
0.27041993
0.26959348
0.26755524
0.24433886
0.26135287
0.25683373
0.26175684
0.26072413
0.26371846
0.25884113
0.26179627
0.2663629
0.27076843
0.26377445
0.25117296
0.2749237
0.26209435
0.26273063
0.26515383
0.28005263
0.27723303
0.2553195
0.2684649
0.2671725
0.25477102
0.27238455
0.26585642
0.25584817
0.26589742
0.264843
0.25792798
0.25642994
0.261663
0.25693431
0.2615512
0.2668774
0.26563886
0.26999664
0.25459278
0.2526057
0.25593483
0.25965384
0.25950888
0.2714584
0.24687083
0.27136514
0.24914378
0.26781717
0.260136
0.24798344
0.25073022
0.27315798
0.25724897
0.25505313
0.25040007
0.24088125
0.25368112
0.23997556
0.23188764
0.24270177
0.26306725
0.24443577
0.25347963
0.26198897
0.23499374
0.24601945
0.25977376
0.25251254
0.25191653
0.26170734
0.2373296
0.25246584
0.22262609
0.2375854
0.2334759
0.24075855
0.24807015
0.23645867
0.25584278
0.23710307
0.23712268
0.24057996
0.24429981
0.23921672
0.23129654
0.23446143
0.2369744
0.23360439
0.22266693
0.22630118
0.2518056
0.23365968
0.2342959
0.22721641
0.2406158
0.21950705
0.22882842
0.25029978
0.23804827
0.22851726
0.2348929
0.25347224
0.23093554
0.23181406
0.24425457
0.2212419
0.22235672
0.2389952
0.24423721
0.2614578
0.22726995
0.2315747
0.23547307
0.2477301
0.23890752
0.23327078
0.23804535
0.22647582
0.23344535
0.23350458
0.23753501
0.23124392
0.24950656
0.24652322
0.23737969
0.26950958
0.24608944
0.26012468
0.27650848
0.23892972
0.25080094
0.24929789
0.25362167
0.2576637
0.25942183
0.24244508
0.24367331
0.23337287
0.25905362
0.24046156
0.27183527
0.23544057
0.24694663
0.23807402
0.25412205
0.24586678
0.25710574
0.2366543
0.271336
0.2277375
0.23391657
0.2691726
0.23984253
0.2497082
0.24486287
0.26373783
0.21948813
0.25107777
0.25452057
0.2504711
0.23586689
0.23724714
0.24460505
0.25788417
0.26342624
0.2537614
0.25977546
0.25377315
0.24360383
0.25064597
0.2476853
0.28515983
0.25756606
0.24692354
0.2502638
0.28797865
0.25798285
0.26273355
0.25549033
0.24737176
0.2569782
0.23867477
0.24787079
0.2589643
0.2623747
0.23242083
0.2402202
0.25260168
0.24546285
0.24729802
0.24789874
0.25330248
0.26105154
0.25260934
0.23434299
0.27512327
0.24885508
0.24166356
0.23949881
0.25591958
0.255729
0.24752526
0.24152875
0.2659064
0.26108614
0.271724
0.24704604
0.25068775
0.26513362
0.25198922
0.25910127
0.2497369
0.2715539
0.2618722
0.25191337
0.2460505
0.257247
0.27365914
0.2792318
0.23604394
0.25679618
0.2520039
0.2727511
0.25944617
0.2691849
0.27326724
0.2668607
0.2548688
0.26980826
0.2547962
0.25688583
0.23948863
0.2667203
0.25786865
0.27014706
0.257946
0.2737382
0.25764844
0.2616086
0.26700053
0.25853735
0.2528109
0.25625965
0.25346208
0.25098523
0.24790058
0.25592893
0.24514969
0.28255978
0.25429854
0.2722647
0.25970817
0.27360493
0.2660521
0.2683082
0.24471815
0.2757614
0.2644428
0.27709824
0.26394346
0.28523633
0.28114462
0.27528256
0.28212768
0.3036507
0.2759907
0.25929025
0.26481554
0.27187327
0.26547128
0.2661748
0.2748598
0.2746614
0.27795064
0.25753078
0.26895463
0.25990224
0.2549197
0.2597579
0.28041342
0.25248966
0.25596303
0.27188927
0.26752812
0.25455713
0.261723
0.2602007
0.2682332
0.25938132
0.26699874
0.25399637
0.26647055
0.2785838
0.2607056
0.28758255
0.25024304
0.24552284
0.25573745
0.23745085
0.24191537
0.25339565
0.25899598
0.23630188
0.25017133
0.26344016
0.24432375
0.23950823
0.270414
0.26646593
0.25905338
0.2659379
0.25606644
0.274052
0.2487057
0.25641096
0.26693678
0.25710917
0.2651188
0.24823955
0.24590388
0.25834805
0.2600594
0.25390032
0.26966733
0.26161468
0.2676664
0.28830573
0.2734274
0.27223867
0.25160798
0.26405388
0.2545514
0.2611152
0.26122868
0.26182163
0.23786639
0.26023123
0.2564445
0.24424021
0.26814538
0.25619155
0.2424674
0.23497738
0.23894712
0.2548507
0.23115183
0.25146464
0.26994896
0.25365546
0.27911025
0.2476729
0.25068662
0.25092202
0.26283038
0.27329084
0.2845185
0.25650787
0.25518647
0.2719728
0.26906717
0.2546429
0.26280043
0.2574209
0.25155333
0.27041808
0.2619101
0.260829
0.2684714
0.29158667
0.25336638
0.25605646
0.26781026
0.26500064
0.24487594
0.25455505
0.24954733
0.25143266
0.23701602
0.2649751
0.24863791
0.26374668
0.26874843
0.26843187
0.28951424
0.24349116
0.25898242
0.2570534
0.24878396
0.25173753
0.2517816
0.2475899
0.22949427
0.25299475
0.24646857
0.23925935
0.23585363
0.24495813
0.266741
0.27347037
0.28032494
0.2609484
0.26040563
0.24605821
0.25228146
0.24581309
0.27023333
0.25026727
0.24579884
0.2383012
0.26525646
0.2810005
0.25833523
0.2578535
0.27154478
0.2665317
0.23920815
0.2770604
0.2425781
0.2708887
0.2644471
0.24473819
0.27293333
0.26659647
0.2359461
0.26908344
0.2707977
0.26409432
0.25521648
0.27099743
0.26783878
0.25198668
0.23939633
0.24248636
0.2559602
0.24453273
0.25140572
0.24208078
0.25065285
0.26856005
0.25948343
0.25061625
0.2471414
0.2526771
0.24350849
0.2515655
0.23815319
0.25933444
0.25493196
0.23508328
0.24408063
0.25049236
0.2450076
0.24056362
0.23675168
0.25707266
0.2316576
0.2508234
0.23755431
0.24751894
0.23567402
0.22998872
0.263629
0.24322833
0.24197176
0.22167027
0.24282958
0.23081824
0.23345543
0.22915475
0.22421193
0.23813982
0.23425978
0.23966867
0.24157466
0.2364102
0.20936608
0.25104228
0.23837455
0.22111088
0.23321629
0.2400358
0.25727606
0.22252688
0.24455489
0.23165554
0.2591403
0.21402054
0.24495724
0.2553233
0.20758325
0.244778
0.23497978
0.2250101
0.22933495
0.21890566
0.23913825
0.2296477
0.23702149
0.22515371
0.25515652
0.21947068
0.23216671
0.26457605
0.23553225
0.23441431
0.21688393
0.23920122
0.27350014
0.2565146
0.22339419
0.24595642
0.23806007
0.2548875
0.2454001
0.24512143
0.2537178
0.2441203
0.24661177
0.24021886
0.24369371
0.2530573
0.22883058
0.22965772
0.23014675
0.20643152
0.21772827
0.24365553
0.2360489
0.23998041
0.268769
0.23149098
0.23607856
0.24304888
0.24375919
0.22864048
0.23624934
0.2627415
0.23414093
0.2362139
0.23101819
0.2402143
0.23006561
0.2470939
0.22760616
0.25296187
0.21542688
0.23809381
0.23889281
0.24355567
0.24322405
0.23948723
0.24276341
0.2277534
0.23923245
0.24765016
0.25369444
0.25072855
0.24518047
0.2435914
0.24265982
0.25277367
0.24066669
0.2617269
0.24562308
0.23507431
0.24971268
0.2292121
0.24258651
0.2384948
0.23819546
0.23837148
0.25628158
0.25576323
0.26989856
0.24119788
0.251873
0.26731512
0.23676398
0.23983288
0.23921348
0.25559267
0.23209015
0.23368533
0.24718776
0.26579022
0.2465603
0.242653
0.25455835
0.2509647
0.25614613
0.2716628
0.24021159
0.2555882
0.24167193
0.24142697
0.25340426
0.27267018
0.23673517
0.25586277
0.26326874
0.24338388
0.24926986
0.26294744
0.25966716
0.24826607
0.23069699
0.26461166
0.2671053
0.24848813
0.2582167
0.2791423
0.26712638
0.29001144
0.26150316
0.27098048
0.24994394
0.24682233
0.262981
0.25377938
0.27522442
0.260349
0.28028417
0.24680711
0.27572292
0.31682965
0.2783417
0.24263893
0.28227392
0.2764105
0.29044008
0.2843733
0.27037495
0.23992635
0.26805773
0.27058527
0.28522152
0.27890638
0.24246444
0.26433766
0.25216782
0.24632275
0.2757783
0.2794771
0.27248484
0.2684507
0.25945634
0.27168113
0.27212662
0.25634402
0.2521245
0.2594703
0.29549003
0.24335714
0.3182464
0.27049002
0.23891029
0.2884077
0.28591397
0.2599592
0.27771148
0.26134512
0.2630563
0.2667559
0.29188454
0.25923046
0.28518698
0.25460005
0.25322387
0.2795535
0.27214152
0.26424825
0.26677594
0.2673262
0.27092052
0.26174048
0.2556749
0.23351543
0.2627741
0.2767831
0.2729547
0.25293723
0.2911967
0.23514974
0.25109553
0.24681795
0.26375195
0.2900768
0.28685623
0.27457398
0.2602902
0.26011252
0.273162
0.24808884
0.25521794
0.2729331
0.27801722
0.27026832
0.30403447
0.27662572
0.27719545
0.2631633
0.2693478
0.2877047
0.28765225
0.2816924
0.3016635
0.28541318
0.27638367
0.30804324
0.26888338
0.3189451
0.28196555
0.26360655
0.2693295
0.27607372
0.30914694
0.28896603
0.2727569
0.29946905
0.30426022
0.27981162
0.24433999
0.2555616
0.298703
0.2558845
0.33507794
0.29883936
0.25949165
0.29456657
0.2761367
0.30069193
0.27537122
0.2933501
0.27960306
0.3002626
0.2918402
0.3044597
0.2995579
0.26734212
0.3209199
0.28857237
0.29035866
0.28874192
0.27365574
0.25343037
0.30027065
0.27175367
0.3008337
0.3001941
0.30083743
0.32098186
0.2985916
0.28194848
0.3011393
0.2770705
0.30986556
0.29155084
0.28532803
0.2911532
0.30643997
0.29964426
0.31768695
0.2954319
0.2934586
0.3429344
0.31026408
0.29161423
0.30431068
0.329563
0.28324783
0.3193384
0.30997053
0.3401057
0.3370156
0.3499428
0.29728842
0.33727825
0.32533124
0.29890943
0.32871372
0.32998496
0.30728993
0.3187003
0.30158544
0.31556883
0.32855156
0.3526621
0.3342228
0.31700268
0.3232423
0.36882105
0.32305735
0.35717243
0.33455476
0.33795372
0.34359175
0.32383877
0.3845007
0.31290197
0.33656415
0.3447878
0.34106824
0.3363268
0.33366
0.33218864
0.34175292
0.3234444
0.34156877
0.33889747
0.3168891
0.33585835
0.30638415
0.3269841
0.2882373
0.32273877
0.3247562
0.33898485
0.32479846
0.33434483
0.33080003
0.28290403
0.32221648
0.28947297
0.28870937
0.30327478
0.29995286
0.2909233
0.27395013
0.30437577
0.28661546
0.30625454
0.29614365
0.31272647
0.30454832
0.31258222
0.27668494
0.27625936
0.31240785
0.29360104
0.2693613
0.28363997
0.26282808
0.28642705
0.2788648
0.28442496
0.25104678
0.30908197
0.28865612
0.2728139
0.28058398
0.26358202
0.35823968
0.25018045
0.26616386
0.26249456
0.26123312
0.26548353
0.26839834
0.26986662
0.3385424
0.25421795
0.2485841
0.28835538
0.28108117
0.26921093
0.3052207
0.28547922
0.29192045
0.27586594
0.25400215
0.3243916
0.26690683
0.28989443
0.25389528
0.29815552
0.25658923
0.2614081
0.28441665
0.2568554
0.26350063
0.2558405
0.23615555
0.32757595
0.26955754
0.23431651
0.26180348
0.2606117
0.25260812
0.27849954
0.2510009
0.25655627
0.250037
0.27987558
0.23136747
0.22849967
0.27129993
0.28253904
0.26078424
0.26075935
0.26606852
0.2176897
0.23572195
0.24929002
0.24528171
0.23949088
0.23904464
0.23749256
0.24160911
0.23623057
0.26163018
0.24216238
0.27215487
0.25296497
0.23434702
0.24402739
0.25661185
0.24403006
0.27200392
0.25256065
0.27069366
0.2630019
0.24298854
0.24412149
0.25712216
0.25583497
0.26087877
0.23366393
0.252298
0.26355284
0.22778092
0.24482189
0.2695542
0.28607276
0.26203763
0.2166673
0.2489505
0.25113696
0.23974323
0.22805052
0.28116354
0.2466276
0.24656086
0.2280515
0.24232712
0.28857103
0.28476077
0.2672225
0.35284212
0.2822848
0.26402467
0.23199794
0.2680553
0.3144016
0.24453643
0.3299406
0.24137121
0.27929765
0.23511234
0.25264955
0.28577748
0.3358449
0.31099513
0.25388098
0.28734088
0.26546398
0.23790412
0.2788629
0.2461133
0.2323918
0.22457418
0.23623867
0.22502078
0.22359477
0.21611251
0.20583107
0.20585088
0.2162051
0.20158243
0.19452928
0.19104995
0.19674239
0.19738232
0.19583537
0.1874736
0.19352959
0.20654236
0.2188932
0.20830771
0.20789282
0.21766497
0.21774103
0.22962049
0.20822693
0.208009
0.22900106
0.2112843
0.19945414
0.19374608
0.20044349
0.21395332
0.23406033
0.21315241
0.20532781
0.20073615
0.20619403
0.20944566
0.22037533
0.21760121
0.2264342
0.22110823
0.22228406
0.21259342
0.22350535
0.21560477
0.20658064
0.19981582
0.19793797
0.19883716
0.2024121
0.19974543
0.20120583
0.20368554
0.20800926
0.20909427
0.21040478
0.2017265
0.19696327
0.19646195
0.19938906
0.2236729
0.26535073
0.23116234
0.21516068
0.20684107
0.20026067
0.20117883
0.20227537
0.20567724
0.2044159
0.19875717
0.20838185
0.2303464
0.21938226
0.21341124
0.20852423
0.20150973
0.19918767
0.20758206
0.20458595
0.20693995
0.20340635
0.20546754
0.19808628
0.19627886
0.20058626
0.20456925
0.20665115
0.20687944
0.20818353
0.20887743
0.20951462
0.22920242
0.2653496
0.22775201
0.21911275
0.21301666
0.21666287
0.23549956
0.2214439
0.23130745
0.23528665
0.21921833
0.21030335
0.21229705
0.21604039
0.23512459
0.26582614
0.23708871
0.2230603
0.22817083
0.23610106
0.21590267
0.21527882
0.23426288
0.22047524
0.22228476
0.23971811
0.25130618
0.22828327
0.22823498
0.25120065
0.2160311
0.20465429
0.21287914
0.2363874
0.22151482
0.23085989
0.23189522
0.23067538
0.23062935
0.24542072
0.22417185
0.21917851
0.23046878
0.2167619
0.20710759
0.2225375
0.25228703
0.23014206
0.21408397
0.21335381
0.21527302
0.22170348
0.22269836
0.22460847
0.23715034
0.23081954
0.22999325
0.23468107
0.22693834
0.21863568
0.22350532
0.2357792
0.23164877
0.23519583
0.23239636
0.23544455
0.22674344
0.2215509
0.22389996
0.22635764
0.23488677
0.23668145
0.23629557
0.22859259
0.23123972
0.24425516
0.24147178
0.24764422
0.24181297
0.274603
0.23602179
0.2981804
0.25005424
0.2629141
0.23959497
0.26373234
0.2421403
0.23570143
0.24444257
0.23583293
0.23380533
0.23837145
0.25504225
0.24829414
0.27013788
0.24523364
0.24021079
0.2551047
0.24235383
0.24123317
0.24673223
0.24271117
0.2321043
0.22470966
0.23055711
0.24062835
0.24500339
0.24239928
0.25660282
0.23831798
0.22966914
0.22469096
0.23307411
0.251762
0.24586555
0.252821
0.24633953
0.2526486
0.28549942
0.24985316
0.22878788
0.23292123
0.24219704
0.26491758
0.25045466
0.2554842
0.25589967
0.24592179
0.25511244
0.25168115
0.29144812
0.2515983
0.24590187
0.24534902
0.24648845
0.264265
0.25592336
0.24213876
0.23857217
0.24524228
0.24683194
0.25436458
0.25296727
0.26979926
0.25054196
0.24296768
0.24709783
0.27248448
0.26164064
0.25297466
0.2530079
0.23287833
0.23513998
0.25983414
0.25178707
0.2519968
0.24047112
0.23930426
0.24851531
0.2542934
0.24080268
0.23331243
0.2305255
0.22495198
0.22890589
0.23734921
0.24600725
0.2507044
0.25150624
0.25635192
0.24188209
0.23704949
0.23835684
0.23129132
0.22386299
0.22337404
0.22874956
0.2354086
0.22914141
0.23157907
0.22951639
0.25117457
0.27947512
0.2458276
0.22646947
0.21756838
0.2246296
0.26181066
0.26219305
0.23719147
0.22822009
0.23319736
0.22960871
0.22633173
0.22555555
0.2260717
0.21820554
0.20733245
0.21134995
0.22174288
0.2213247
0.21775429
0.21581447
0.21665795
0.21806723
0.21791933
0.22263528
0.22896774
0.2288556
0.22327395
0.21234427
0.2105036
0.2147028
0.21990247
0.22174561
0.21793073
0.21683322
0.21816847
0.23138851
0.23093584
0.23334879
0.22813459
0.22703378
0.21781604
0.21347287
0.2158862
0.2164784
0.21961543
0.21376634
0.22008622
0.21952234
0.21574846
0.20607631
0.20663624
0.2034452
0.2024205
0.19900042
0.21133079
0.21054286
0.21514872
0.23535196
0.2842509
0.24184331
0.22440769
0.21607623
0.22285895
0.21519646
0.22553165
0.22135074
0.23639004
0.23784481
0.23695238
0.22449744
0.22275801
0.22594777
0.22586192
0.23004816
0.2221871
0.22180535
0.21647388
0.2156778
0.22442432
0.22383273
0.22702226
0.21844354
0.2260806
0.22748645
0.23306137
0.22573902
0.23876646
0.24073794
0.2404624
0.2309382
0.22469778
0.24029213
0.27506042
0.26629978
0.26656392
0.25189546
0.24092571
0.2420188
0.24786773
0.24642603
0.23453031
0.23633836
0.24021405
0.24785697
0.2427281
0.24233705
0.23221967
0.23629259
0.24648646
0.27035788
0.27834317
0.25698885
0.24816343
0.25027198
0.2400273
0.24094832
0.25361738
0.2699156
0.28597125
0.2621325
0.25307885
0.25653127
0.2580164
0.25122732
0.247692
0.2512182
0.25971645
0.25794724
0.26175755
0.26072997
0.27346492
0.2886022
0.2805038
0.27915597
0.27902722
0.27286956
0.2859875
0.2871784
0.2621558
0.2579222
0.2689848
0.28429487
0.29782063
0.28545886
0.27968878
0.28361377
0.2868314
0.3012874
0.28064904
0.26660222
0.2882549
0.32968247
0.2887677
0.2823232
0.29887888
0.2823135
0.28849128
0.31782347
0.29154035
0.2837943
0.29148626
0.28733325
0.29050362
0.28080273
0.2740773
0.27809793
0.28717715
0.30046543
0.2863466
0.28619257
0.26427734
0.25779054
0.26134664
0.26696002
0.2732162
0.2855459
0.2727902
0.26310262
0.2618016
0.2561216
0.27030012
0.29905596
0.28038526
0.26467857
0.27326593
0.28935388
0.2716197
0.26141858
0.2703068
0.29434258
0.28244686
0.26785043
0.26535332
0.26433587
0.2666412
0.2721287
0.27015245
0.27895385
0.27681798
0.28252894
0.2925189
0.28571692
0.2874341
0.28277364
0.28922072
0.30679923
0.28781834
0.30103236
0.29137385
0.30525234
0.29047692
0.29462287
0.31747225
0.30835095
0.29195908
0.2816892
0.29363593
0.29185486
0.29890287
0.29033384
0.29320166
0.2898749
0.308351
0.29188874
0.28094417
0.27964157
0.27739748
0.28672856
0.30353892
0.2809921
0.28146133
0.3049972
0.29328245
0.29676333
0.29682672
0.30799228
0.29830626
0.307432
0.30805865
0.32776573
0.32104817
0.28954393
0.2730057
0.26886335
0.28879467
0.31942737
0.2955531
0.2902299
0.30349904
0.288083
0.2784319
0.2859954
0.28636077
0.29011035
0.2922233
0.29973742
0.28912127
0.28895384
0.29925856
0.29025206
0.30714637
0.3114138
0.28506312
0.2826455
0.30421478
0.30326685
0.29118565
0.28433517
0.2845968
0.28311464
0.28693312
0.2943852
0.30330184
0.29296955
0.31172502
0.30879527
0.30061117
0.33231857
0.30500415
0.32109115
0.33936572
0.3113776
0.2980322
0.3034689
0.31253988
0.29808012
0.29424265
0.296329
0.30248326
0.3109417
0.31418383
0.32161865
0.32972598
0.30160055
0.2916768
0.29948977
0.31294456
0.29116666
0.2795584
0.28548965
0.2837684
0.29283103
0.2932454
0.29376325
0.29470187
0.31516722
0.34829307
0.31099302
0.30502856
0.3304726
0.30466387
0.29382342
0.29349682
0.31260687
0.34141764
0.31979454
0.31119722
0.3177831
0.29933244
0.3036936
0.33092007
0.31692335
0.30390027
0.29369926
0.30122155
0.31564033
0.35391518
0.33606973
0.30980352
0.29628658
0.30401063
0.30681226
0.3188366
0.3316239
0.32415298
0.36010513
0.3224203
0.3190039
0.3273725
0.33504146
0.36030656
0.3237767
0.3213841
0.31846014
0.33634275
0.33751512
0.32087022
0.31629995
0.3238332
0.34005532
0.3170776
0.31196845
0.32477087
0.33034214
0.3453948
0.3324829
0.35021907
0.33968952
0.37524855
0.33574945
0.3273532
0.35013524
0.38371652
0.32851192
0.36248
0.3360446
0.3269168
0.32995436
0.34518692
0.38056678
0.34878975
0.3502514
0.34048238
0.3382534
0.35518909
0.33887964
0.3401119
0.33454493
0.32909018
0.32994854
0.3371356
0.32257453
0.32590252
0.34716377
0.33107254
0.34695095
0.38028744
0.3483684
0.34474823
0.33827657
0.35843217
0.3393133
0.3622729
0.33969647
0.36840698
0.35552523
0.38175055
0.3374786
0.35979918
0.34041163
0.33722717
0.33741066
0.34401417
0.32359898
0.32601073
0.3513069
0.3393488
0.3242527
0.3316925
0.36172503
0.35868165
0.34477502
0.33053347
0.32060722
0.3376381
0.37947857
0.35993403
0.368787
0.34425882
0.3276412
0.31478944
0.32081574
0.31673247
0.3299477
0.3453645
0.34268853
0.34617317
0.3446535
0.34667224
0.36226746
0.34436235
0.33357912
0.32082263
0.31877023
0.3228903
0.33179155
0.32539368
0.32001984
0.32457
0.33742082
0.35066208
0.3184209
0.30528754
0.32941353
0.3673494
0.33388057
0.31924903
0.31708503
0.30727044
0.33217764
0.39833304
0.34749454
0.3142021
0.31347024
0.30598658
0.3027814
0.29936343
0.31262976
0.35892984
0.42781773
0.37361637
0.36017182
0.3306844
0.30390823
0.31159055
0.30914605
0.32367727
0.31614053
0.33477288
0.3305328
0.34974843
0.3850437
0.34662676
0.32667
0.3346967
0.36725205
0.35753876
0.34874588
0.34607056
0.33943218
0.33276972
0.33327433
0.32862812
0.3337981
0.33559057
0.33753946
0.32359853
0.3212416
0.3180181
0.33237517
0.32898661
0.33614644
0.32862148
0.3269195
0.32531032
0.33547544
0.3213939
0.31828362
0.30720562
0.32201815
0.32243878
0.3280649
0.3279014
0.32527965
0.32109338
0.31217593
0.29959533
0.29232082
0.30213407
0.31164005
0.31310236
0.30225345
0.31485364
0.3299125
0.33814302
0.33443612
0.32742175
0.31500572
0.3051453
0.29999566
0.31539747
0.31447506
0.3153869
0.32130527
0.32176015
0.30332315
0.28745967
0.29314166
0.31364316
0.33027482
0.34126458
0.32881024
0.31610537
0.28989974
0.2990063
0.2985425
0.3139945
0.3220296
0.33002335
0.33225387
0.3324361
0.32358035
0.3214553
0.31535238
0.31541413
0.31756702
0.30631325
0.318281
0.32307792
0.3511971
0.3328706
0.3256869
0.29853207
0.31072488
0.3187368
0.33267048
0.3193105
0.31193873
0.31736287
0.32852492
0.32275513
0.31105304
0.29961938
0.30406943
0.30855563
0.31152168
0.31904453
0.31807256
0.31978223
0.29135472
0.30045655
0.31056267
0.33045465
0.3276982
0.3188489
0.31024677
0.30696362
0.31164914
0.31357595
0.30685413
0.31189543
0.32035935
0.33844012
0.33468682
0.32280514
0.30601296
0.30413458
0.32146505
0.32438624
0.32832336
0.32525906
0.3294346
0.3276554
0.32680723
0.3266124
0.34515414
0.35230792
0.36684814
0.34975755
0.34229237
0.32098094
0.31207687
0.3288091
0.33800828
0.3649978
0.35071495
0.34005088
0.3389828
0.35131338
0.36632434
0.34450263
0.33589008
0.3397339
0.35648286
0.360613
0.35880947
0.34323713
0.3424846
0.34064138
0.35173365
0.3538504
0.34973276
0.36115652
0.35531205
0.37075546
0.36010498
0.35291737
0.35071114
0.36198625
0.3676574
0.3483205
0.3419429
0.3483033
0.36350897
0.3700746
0.37294492
0.37435427
0.3841977
0.37897065
0.38313648
0.36701936
0.38594
0.3970591
0.40447584
0.3952197
0.3731982
0.38121194
0.38101587
0.39535964
0.3984818
0.42330018
0.40922174
0.3979498
0.39652058
0.41295448
0.4450138
0.41323468
0.3938784
0.3962436
0.40065846
0.4203833
0.44617844
0.42670545
0.43368566
0.40406215
0.40527627
0.43742725
0.41854784
0.40765503
0.42064315
0.4354641
0.450403
0.439356
0.4554536
0.40804413
0.39017802
0.39422652
0.41282263
0.4135877
0.39148828
0.38532546
0.37676024
0.40198672
0.3897538
0.40464136
0.39865267
0.41172442
0.42205176
0.45428059
0.44611806
0.41879538
0.40046117
0.39149368
0.38997293
0.40868288
0.44734117
0.41318157
0.40342063
0.40503073
0.4097665
0.40383992
0.395525
0.38892463
0.40582398
0.45116124
0.43442357
0.42865458
0.42196634
0.41231593
0.3921851
0.3861312
0.39649552
0.41326377
0.4175633
0.4205556
0.4062483
0.42729232
0.4711238
0.44706023
0.45124832
0.48378468
0.4381896
0.42438853
0.4221693
0.42300373
0.42673066
0.42852786
0.43465742
0.42873397
0.44799295
0.442586
0.4429359
0.42410916
0.41936517
0.41334316
0.43045577
0.42114618
0.42321342
0.42494366
0.43413088
0.42067102
0.40364832
0.40758967
0.43466046
0.46200994
0.4829154
0.46456397
0.43013114
0.41276658
0.40661746
0.42585525
0.44478765
0.44902503
0.4529935
0.44003436
0.43456244
0.4252394
0.42431134
0.4265076
0.42643303
0.42652583
0.42249304
0.43090048
0.42709747
0.4229715
0.40159962
0.4000746
0.40682662
0.429729
0.4573055
0.49533138
0.44028315
0.417158
0.42441335
0.4225928
0.42928192
0.43077332
0.41907564
0.40070438
0.40571854
0.42757806
0.4422781
0.45724353
0.4915146
0.4587988
0.4690738
0.5224984
0.4311548
0.39646062
0.3895356
0.42570007
0.422159
0.41878188
0.3977127
0.39203405
0.41520095
0.41720706
0.42837113
0.42553744
0.41996238
0.42173785
0.407929
0.39704064
0.3816184
0.3738994
0.38704923
0.39129663
0.41299203
0.41068977
0.4213901
0.4114747
0.39143926
0.383795
0.38911292
0.41390416
0.4148509
0.4214792
0.43616408
0.43874386
0.41775948
0.41060534
0.413618
0.43540552
0.41894853
0.4041614
0.37722147
0.38814184
0.40132096
0.43238986
0.42689377
0.43637797
0.41751894
0.42370528
0.3974495
0.39778873
0.3956872
0.4043643
0.40893045
0.41562825
0.41465515
0.40252894
0.39969194
0.40422443
0.42176542
0.42897052
0.42211267
0.40089658
0.38374633
0.3899153
0.41509846
0.43945065
0.4436569
0.43380585
0.4335083
0.4420462
0.46111366
0.45575318
0.43834564
0.41539893
0.4069042
0.38952005
0.39729303
0.40645704
0.43120968
0.42241308
0.4123596
0.43050238
0.44464025
0.4444334
0.4218465
0.42009303
0.42348656
0.43853042
0.4225919
0.43901572
0.44586992
0.46700737
0.45666122
0.47038984
0.4847659
0.4920179
0.48741376
0.49020776
0.48882008
0.4838744
0.47012177
0.48761848
0.5220077
0.580194
0.5310539
0.49760428
0.48217586
0.48160058
0.48824292
0.5039376
0.48889825
0.48060748
0.47615564
0.48984188
0.5127786
0.51429737
0.49954465
0.48038468
0.45646244
0.46906546
0.47536695
0.5035142
0.49921575
0.49820623
0.47986728
0.47644868
0.47222665
0.5015746
0.5290084
0.52880377
0.54175466
0.5895648
0.5285529
0.5055578
0.5039706
0.5158394
0.5123854
0.52232724
0.51236266
0.5049737
0.48952186
0.49283996
0.502142
0.5116519
0.52729523
0.5057175
0.4921861
0.48385292
0.51040584
0.52900714
0.5033523
0.5017645
0.47453865
0.48602623
0.4637391
0.47996572
0.49119094
0.4908295
0.49181983
0.47015065
0.48383245
0.5021953
0.5169585
0.48373362
0.45345476
0.43840393
0.4629119
0.46457568
0.46415228
0.46809775
0.4666721
0.46790913
0.4902768
0.49736884
0.4927094
0.46574986
0.46361354
0.46529642
0.47444844
0.48234898
0.48783717
0.45168123
0.4160159
0.4094554
0.41998577
0.44027323
0.42984867
0.42454967
0.43088868
0.40791672
0.4102846
0.4003449
0.44603035
0.4634093
0.465902
0.5182957
0.50569904
0.50087994
0.41816178
0.41539356
0.42735398
0.46848044
0.50693756
0.4877246
0.45107418
0.40804112
0.40968004
0.4091459
0.42581028
0.44929513
0.45111296
0.44049892
0.4512652
0.45037603
0.48051724
0.45805374
0.4771443
0.46458998
0.47346547
0.5068978
0.49324918
0.49380285
0.4665455
0.47175792
0.47511563
0.46305946
0.45445916
0.45438254
0.45255986
0.4716474
0.4601349
0.5011168
0.47748494
0.46608955
0.44816667
0.45417956
0.47043127
0.46858332
0.47541693
0.48538783
0.46311027
0.48427638
0.4889319
0.49830323
0.49508488
0.46466842
0.48573557
0.48558688
0.51058
0.49247482
0.48092994
0.46647066
0.46461672
0.45462888
0.4500352
0.45477065
0.49741015
0.5123308
0.49751884
0.46274048
0.4540121
0.4716853
0.45519388
0.4458318
0.44142756
0.44340208
0.45140284
0.43978125
0.42453468
0.4110226
0.41273
0.4086585
0.3824125
0.3728119
0.36905
0.38984513
0.3742515
0.3646835
0.38012803
0.38166025
0.42312634
0.39727277
0.38689986
0.37680516
0.37441158
0.40061283
0.3889755
0.39034918
0.39145282
0.40920928
0.40450093
0.37756205
0.35783207
0.36070767
0.3680571
0.38427854
0.397923
0.39278278
0.3817945
0.35546234
0.34761783
0.35615143
0.35929322
0.3765401
0.3599121
0.38112345
0.37725532
0.36206624
0.37334377
0.45583868
0.4821727
0.47756273
0.37899566
0.37071678
0.3481937
0.37317207
0.3647814
0.409624
0.40153033
0.39606705
0.3687736
0.3746511
0.39600793
0.39058873
0.3858356
0.3791735
0.3897882
0.37452513
0.36081898
0.36757448
0.36119443
0.39415053
0.39476073
0.42117527
0.41494912
0.38340816
0.37500438
0.34668115
0.35836554
0.37316808
0.38103253
0.39073431
0.37582853
0.39535555
0.40027335
0.42290753
0.45034412
0.44663176
0.44538182
0.4370746
0.42557412
0.40890947
0.3907396
0.3993071
0.42800015
0.42064866
0.42409137
0.4080503
0.41711605
0.42584476
0.41088778
0.40444022
0.38825536
0.3860737
0.3651133
0.36377856
0.37748566
0.39202133
0.39397377
0.4077356
0.38046014
0.3736611
0.36944783
0.4028584
0.41911888
0.3899935
0.37317577
0.3631852
0.38170817
0.39377463
0.39641464
0.39472565
0.3938455
0.3867357
0.38616088
0.37383538
0.35995927
0.36598626
0.38470688
0.39861155
0.4644421
0.46688297
0.48089442
0.432257
0.436607
0.42777467
0.49167693
0.4638708
0.47026816
0.3894219
0.41883034
0.49045226
0.48509347
0.49906757
0.42223918
0.42387697
0.45464328
0.45050278
0.458977
0.41404662
0.42542258
0.4079501
0.41257787
0.41180724
0.41288993
0.42903912
0.42312518
0.4327111
0.43164495
0.45154345
0.43629587
0.40059102
0.41559932
0.46104136
0.4803904
0.45317557
0.4376561
0.42719093
0.445643
0.44808218
0.50634104
0.50274414
0.48770887
0.45572057
0.45199063
0.48393604
0.48060197
0.48243642
0.45470268
0.46368834
0.46437696
0.45246068
0.43754107
0.4511421
0.45063686
0.42360368
0.40901917
0.40904307
0.42187524
0.39115736
0.37630343
0.41666338
0.43605152
0.4973323
0.52390724
0.46546543
0.4004812
0.42226857
0.4012376
0.4266698
0.40021446
0.38781148
0.36911473
0.3500515
0.34576038
0.36316046
0.3827791
0.41614082
0.38844803
0.38805386
0.3711901
0.37395296
0.3923176
0.3690195
0.38440627
0.39888492
0.39906514
0.4351223
0.39844587
0.37899286
0.3737478
0.35409513
0.35088316
0.35716462
0.347032
0.3465104
0.35786763
0.36069086
0.36656806
0.3608675
0.37129757
0.35356548
0.3771188
0.39186
0.3943056
0.38254148
0.38512096
0.3745375
0.3388838
0.34496236
0.3387248
0.35438898
0.34059876
0.36292177
0.36156753
0.36788243
0.36305574
0.4084433
0.39187017
0.3879626
0.3801191
0.37947348
0.33037895
0.3437725
0.34256583
0.36146718
0.35355216
0.36978456
0.36284286
0.377795
0.3589763
0.37697268
0.37312546
0.3712382
0.37743518
0.42083988
0.42282113
0.41536096
0.4267936
0.4211679
0.3775985
0.3644949
0.37692624
0.36885643
0.37106752
0.4412085
0.47225523
0.52839524
0.51578194
0.48657417
0.42188653
0.40696177
0.42940024
0.41269785
0.4221524
0.44909212
0.46023288
0.44673842
0.42657375
0.42390364
0.49085605
0.516819
0.5539384
0.566345
0.52535397
0.45936766
0.46614385
0.47616893
0.47896007
0.48075667
0.46867642
0.45463774
0.42994133
0.42854574
0.4049866
0.40454704
0.41960365
0.443618
0.43483868
0.44490537
0.4560555
0.45317966
0.430747
0.44073242
0.4460326
0.42779574
0.4215409
0.45634553
0.42352158
0.42128286
0.43816707
0.4275618
0.4198886
0.45622122
0.47140494
0.4880105
0.527791
0.52603626
0.53615016
0.564427
0.62096834
0.67543817
0.7092181
0.67218703
0.626751
0.5379731
0.49401075
0.5216514
0.51269585
0.53355575
0.5596745
0.61494374
0.62547386
0.6503251
0.7790705
0.81554705
0.77200556
0.7100629
0.70597523
0.71202326
0.6615135
0.70835173
0.6677651
0.7072641
0.68816227
0.692066
0.7365451
0.8081717
0.77747357
0.7558437
0.741208
0.73681724
0.70899373
0.716192
0.704869
0.72778267
0.75581926
0.83063006
0.8413315
0.80643237
0.8747998
0.9074564
1.0122346
0.9266748
0.967672
0.9039723
0.9522424
0.97176313
1.0696571
1.0237114
1.0256302
0.8862557
0.90990525
0.8691447
0.9338821
0.9818782
1.1122732
1.1179544
1.1076603
1.0970072
1.059817
1.0078068
0.9062223
0.9812049
1.0224211
0.9944115
0.9993429
1.0325576
1.111967
1.05078
1.0268439
1.0724205
1.141078
1.2136965
1.2027875
1.2002478
1.1699936
1.1432614
1.1409616
1.1068113
1.0938402
1.0396806
1.0701599
1.0352197
1.0225196
0.9870408
0.9689162
1.0667177
1.128737
1.2747123
1.3079964
1.126645
1.1826848
1.1157466
1.3197527
1.2477984
1.3246909
1.220158
1.1736239
1.1977692
1.3636118
1.3834292
1.4099061
1.1162689
1.361596
1.3296185
1.6236919
1.4965018
1.5528493
1.3984451
1.3153225
1.2603033
1.2450466
1.180832
1.2698406
1.2725731
1.5438347
1.6165366
1.6216414
1.558558
1.537167
1.8139063
1.7822064
1.7896901
1.4369367
1.516773
1.5737653
1.591755
1.8222818
1.8109782
1.9984945
1.7988439
1.9038155
1.6501712
1.8636066
1.8936962
2.2560515
1.9913172
2.2111914
2.14548
2.2017183
2.1131332
1.8726696
2.1009717
1.8908871
2.376514
2.0029655
1.9250718
1.9560212
1.8256179
1.7368435
1.7926195
1.6712422
1.6495088
1.7349013
1.6436286
1.6775026
1.6848782
1.5945846
1.4993618
1.5274045
1.4541106
1.4961948
1.6544999
1.7423506
1.8556032
1.9401319
1.9516536
1.753533
1.7682041
1.7701724
1.6992826
1.6199001
1.650051
1.6762158
1.6479075
1.5439683
1.5414137
1.7059871
1.877261
1.9338006
1.922401
1.8576796
1.8291762
1.8360878
1.7939639
1.6680369
1.8564502
1.899984
1.8609599
1.9692584
1.92416
1.8504827
1.9576433
1.9276704
1.86851
1.8400184
1.8821688
1.7911837
1.9132404
1.9020802
1.9419354
1.8513235
2.0399222
2.1599596
2.1938722
2.3425565
2.348856
2.5507836
2.5010407
2.4200454
2.435963
2.4761496
2.4033217
2.3892672
2.3892672
2.3892672
2.3892672
2.3892672
2.3892672
2.3892672
2.3892672
2.3892672
