383.45847
271.5919
118.50632
83.05769
65.376144
54.21428
46.013676
39.807503
34.797417
30.891672
27.502201
24.733845
22.353067
20.24022
18.507254
16.905096
15.570126
14.278136
13.295733
12.244851
11.384323
10.611127
9.929466
9.233424
8.675135
8.114901
7.611148
7.192889
6.860293
6.477081
6.110167
5.7830324
5.5753207
5.2496405
4.9940886
4.776155
4.573466
4.3542414
4.2500725
4.081967
3.8518987
3.765896
3.5635746
3.4479032
3.3607483
3.2062013
3.0827374
3.032919
2.9306908
2.8360307
2.7528257
2.710115
2.6391022
2.5502741
2.4666083
2.4344995
2.3570604
2.2910452
2.242889
2.1990092
2.1452885
2.0771904
2.0508606
2.0225127
1.9595381
1.941816
1.8980353
1.8893309
1.837133
1.8080273
1.7776731
1.7389233
1.7045673
1.6902043
1.6712748
1.6510892
1.6296506
1.5833334
1.5703562
1.5526851
1.5119336
1.5211438
1.5067724
1.4680864
1.4730538
1.4333633
1.4126318
1.3992351
1.3931183
1.374538
1.3626589
1.3358648
1.3236843
1.314006
1.2998168
1.2861568
1.2715585
1.2570533
1.244934
1.210501
1.2293077
1.2280512
1.2004592
1.1948997
1.1869622
1.1809014
1.1714277
1.1555372
1.161974
1.1247268
1.1361418
1.1036847
1.1140574
1.1050222
1.1011121
1.0950755
1.090911
1.0793104
1.1159171
1.1147666
1.0654355
1.0512171
1.0617934
1.0614913
1.0380453
1.0532143
1.0342379
1.0423725
1.0225042
1.0195113
1.0281463
1.0321336
1.0104165
1.0062631
0.99857926
0.9999845
0.99840254
0.9982886
0.98652107
0.97221285
0.97591317
0.9515744
0.96757084
0.95786506
0.9652478
0.9330849
0.9612082
0.9550987
0.9500235
0.9481747
0.932761
0.92403877
0.9347233
0.9222289
0.91674954
0.9092003
0.91053283
0.9045341
0.90777236
0.8891399
0.89194345
0.8965861
0.87877333
0.8968389
0.9092728
0.8924351
0.87983084
0.87969667
0.8802001
0.86517656
0.87471116
0.8574439
0.87424225
0.8747436
0.87420744
0.8949277
0.87548566
0.8542123
0.8450883
0.8418249
0.8503583
0.84339565
0.82892275
0.8431555
0.84656566
0.841052
0.81663156
0.8227244
0.820323
0.81969273
0.8265632
0.825843
0.814425
0.8076724
0.80304056
0.8302492
0.8117338
0.8127934
0.822712
0.8088768
0.80473435
0.81944335
0.8322612
0.807386
0.8092188
0.80374134
0.80585986
0.80620015
0.78587925
0.79878324
0.7783252
0.7855421
0.7881326
0.77012306
0.78280014
0.7702554
0.7879628
0.7770199
0.7813245
0.7762377
0.7720856
0.77263623
0.7547984
0.7614561
0.7583299
0.7527589
0.7578953
0.75324255
0.7519954
0.7629251
0.7452267
0.75399834
0.7538455
0.7506554
0.7417552
0.7286648
0.73818815
0.7339256
0.7377513
0.7333383
0.7460901
0.7320537
0.74638593
0.74001396
0.7218657
0.7326286
0.73316
0.74162364
0.7284234
0.7112089
0.7037498
0.7209918
0.70878404
0.73040533
0.70439714
0.7309229
0.71413195
0.71397007
0.7173748
0.71979094
0.7143144
0.7207211
0.70854086
0.70723146
0.7066737
0.6908166
0.708479
0.6932111
0.7059966
0.7053815
0.68700635
0.7077773
0.69236606
0.6993325
0.68458605
0.68775666
0.6709239
0.7038016
0.68872654
0.67491204
0.6891282
0.69562304
0.7001333
0.6839514
0.67458785
0.6824308
0.67898387
0.69370115
0.6837494
0.68539023
0.68562865
0.6735685
0.66991925
0.6775828
0.678023
0.669505
0.6791294
0.6654584
0.68367404
0.67277074
0.68608165
0.6589164
0.68530357
0.6796804
0.677469
0.6593079
0.6689784
0.6772114
0.6741376
0.68071395
0.67308235
0.66140974
0.66644114
0.6673286
0.6871863
0.66724163
0.67503506
0.67413676
0.66884077
0.6675552
0.66605073
0.65756893
0.6589374
0.6699619
0.665588
0.65799695
0.6667934
0.6523406
0.67167443
0.6552779
0.6474409
0.65636885
0.6483267
0.63761854
0.64536643
0.6310365
0.6453805
0.6460525
0.6443251
0.642253
0.63154364
0.6556942
0.6400146
0.6458724
0.6303964
0.6352926
0.6411228
0.651284
0.6448943
0.64068985
0.6506159
0.63290554
0.6373204
0.64689755
0.6301089
0.6394492
0.6218869
0.63159275
0.6338959
0.628639
0.6385559
0.6374965
0.61916
0.63346124
0.6235457
0.6229037
0.62451243
0.62547934
0.62074804
0.61524636
0.63039285
0.6259932
0.6139501
0.6215569
0.6143295
0.6111475
0.61697006
0.6198743
0.59532714
0.6136611
0.6026978
0.6071643
0.61290956
0.60712844
0.6155879
0.59534466
0.6075329
0.60869855
0.60611993
0.5979245
0.60103774
0.59603876
0.6083186
0.61252296
0.60621136
0.59439856
0.58793765
0.6034923
0.60563207
0.60128576
0.5986739
0.59373003
0.59959555
0.60131186
0.59572417
0.58875495
0.6011583
0.6073819
0.5906183
0.5942271
0.59730476
0.5851918
0.5883265
0.5947745
0.5914615
0.5868468
0.59516275
0.5810614
0.5680259
0.58589494
0.5801293
0.58458865
0.5769488
0.59027755
0.58558613
0.58364695
0.5679757
0.58352995
0.5773
0.58420813
0.5673755
0.5740212
0.56934965
0.57931393
0.5749013
0.58229274
0.576161
0.57765347
0.5725326
0.57518554
0.5661281
0.57822114
0.5662788
0.5670871
0.5707387
0.5680057
0.5532609
0.57425654
0.56814826
0.5651817
0.5619326
0.55014
0.55264705
0.55801225
0.5601095
0.5583194
0.5616091
0.55094486
0.55201614
0.55092174
0.55565965
0.55773675
0.5470713
0.5431627
0.539944
0.54913723
0.54152554
0.5461898
0.5478974
0.5330662
0.53989226
0.5372295
0.5298686
0.5350463
0.52580416
0.5347512
0.52976453
0.52809054
0.5335679
0.5318176
0.5342446
0.543098
0.5271376
0.52431077
0.5319093
0.5275746
0.52641076
0.520547
0.5273197
0.524941
0.5223479
0.52946603
0.51014334
0.5256333
0.51671183
0.526462
0.52977836
0.5121779
0.5195893
0.5273059
0.5254235
0.5045507
0.50262886
0.5169246
0.51426375
0.5088642
0.504998
0.5151766
0.5126797
0.50956005
0.51434344
0.52061576
0.49938354
0.51319385
0.5036357
0.51013005
0.50530297
0.50955766
0.49856606
0.5030789
0.50540805
0.5109792
0.5107868
0.49699137
0.49977064
0.5055161
0.5037484
0.50183934
0.4967235
0.4984557
0.4935644
0.4840521
0.49280396
0.49747527
0.49197212
0.49090698
0.47863716
0.48559442
0.4946907
0.49180233
0.4934106
0.49418443
0.48868954
0.4982386
0.48836192
0.48229432
0.49084148
0.48318675
0.49108103
0.47614357
0.4900993
0.4768748
0.48423877
0.47774282
0.4832341
0.48348787
0.48374805
0.4774953
0.48109207
0.48778412
0.47541046
0.4755325
0.47729424
0.46238527
0.4755729
0.46704757
0.4641852
0.4798076
0.4806262
0.46238166
0.4646606
0.4676907
0.4674632
0.46439683
0.4506067
0.45709503
0.45835993
0.45750028
0.45345908
0.4577443
0.45166284
0.4593341
0.4426563
0.45073026
0.4528079
0.4393045
0.45698744
0.44702733
0.44337872
0.4534176
0.45713392
0.45111376
0.43592
0.44218248
0.4399681
0.44415215
0.44997206
0.436829
0.4385179
0.44753477
0.4259065
0.43865168
0.4523391
0.4433568
0.44706932
0.42483708
0.44288072
0.427092
0.43509784
0.4323731
0.4316717
0.42269406
0.4342289
0.4284002
0.42047805
0.41965854
0.4176826
0.4171242
0.42603526
0.41299063
0.40784332
0.4222673
0.42384946
0.41314355
0.41249096
0.4167822
0.41230258
0.41737968
0.40846583
0.4242162
0.40872127
0.40590498
0.40049297
0.40811923
0.41564125
0.41608334
0.4038039
0.40280384
0.39953506
0.4052008
0.3997304
0.40362903
0.39608353
0.39922747
0.3986454
0.41048592
0.4028877
0.40137377
0.40355396
0.40145546
0.39568007
0.3890304
0.38764206
0.39350218
0.3931068
0.37826547
0.39585304
0.39410028
0.38031572
0.38763624
0.39180616
0.3954421
0.3910515
0.3852496
0.38538367
0.39409196
0.38575995
0.38188156
0.37328535
0.3702286
0.37988168
0.3851009
0.3724347
0.374006
0.3744088
0.3764743
0.36684528
0.37980995
0.36894462
0.36354515
0.40056935
0.37837824
0.3674237
0.37266284
0.36926645
0.3678026
0.370891
0.36607143
0.35966545
0.3617643
0.37200612
0.3598722
0.35740656
0.36213985
0.36260495
0.3698297
0.35216153
0.35490024
0.36113253
0.34876356
0.35075182
0.35540655
0.35722953
0.35232028
0.36055115
0.3503871
0.35324237
0.3525678
0.34528872
0.33728763
0.3506466
0.35260636
0.34080413
0.34195966
0.35740408
0.33885714
0.33993608
0.34417444
0.3491032
0.33681762
0.34350166
0.3486605
0.34173512
0.33600527
0.3397887
0.34078866
0.33295053
0.32844275
0.3313573
0.33561978
0.3288099
0.34061277
0.3376525
0.3361733
0.33770746
0.33368465
0.3419335
0.32464653
0.3264987
0.32612577
0.33184677
0.34158933
0.3267185
0.3329324
0.31837398
0.32175913
0.33068156
0.3361389
0.32461736
0.322275
0.31562072
0.30827245
0.3194962
0.3201213
0.3140563
0.31754315
0.31619498
0.31789467
0.32563066
0.30308935
0.3218731
0.32414994
0.31217313
0.32255432
0.3133298
0.3213622
0.31860992
0.31989008
0.31220424
0.32472673
0.31119117
0.31532323
0.3159028
0.31378472
0.31095344
0.30915305
0.3092927
0.30881533
0.30278236
0.30678406
0.3086932
0.30832714
0.31556937
0.30925354
0.30415726
0.3059812
0.3037616
0.29555097
0.2942418
0.30133313
0.29142627
0.30241537
0.2947959
0.29805607
0.289211
0.30700335
0.30168885
0.29469702
0.2920325
0.29710197
0.29470232
0.29489514
0.2988655
0.29145405
0.29244328
0.29726002
0.293287
0.281732
0.30204704
0.29020765
0.28452355
0.28325042
0.29961142
0.29194793
0.28577733
0.28333834
0.28569028
0.29214588
0.28574145
0.2897225
0.2761813
0.28096738
0.282216
0.2853595
0.28120697
0.28369704
0.29028273
0.28746954
0.28891397
0.2815283
0.2853227
0.28427258
0.2822663
0.2768003
0.27980357
0.28360578
0.2705163
0.27999768
0.28108633
0.27853766
0.27186903
0.2867895
0.2712462
0.28259978
0.27857724
0.27732715
0.28070903
0.27070495
0.27677578
0.27053532
0.27183914
0.26482815
0.2694105
0.2650624
0.2668827
0.25962165
0.27329487
0.27517673
0.2756749
0.27270323
0.27148128
0.26549435
0.2643295
0.26190653
0.2724229
0.26539466
0.2596672
0.25626367
0.26838803
0.26289037
0.25971642
0.2673943
0.25524166
0.2619282
0.25841108
0.2572758
0.2564122
0.25469312
0.26627812
0.26130384
0.2558996
0.2526561
0.26685354
0.26125672
0.25911495
0.25960433
0.25861725
0.25853312
0.25748613
0.25665495
0.2608858
0.2590552
0.24909648
0.25295216
0.25164914
0.2578722
0.25936404
0.2557462
0.25986108
0.2621483
0.25486144
0.25387308
0.25827128
0.25896484
0.2565707
0.24810043
0.25337303
0.25769362
0.2577894
0.25954053
0.25230268
0.2530748
0.25789487
0.2585218
0.25012326
0.262097
0.25467274
0.2561239
0.24643837
0.2517711
0.25576597
0.24023637
0.24036638
0.25153327
0.2528332
0.24566625
0.24910559
0.24466808
0.23542269
0.23730205
0.24607591
0.23930183
0.24775524
0.2373589
0.24311519
0.24437144
0.23574255
0.23893462
0.24159862
0.23374447
0.24104874
0.23342542
0.24033019
0.24583443
0.23824698
0.24063061
0.23985797
0.23797365
0.23769422
0.24065597
0.22922356
0.23114893
0.22882776
0.23241124
0.22395132
0.23119523
0.23902923
0.22668897
0.22813314
0.2258455
0.22633395
0.2307197
0.22122957
0.229339
0.22935453
0.23103483
0.22198011
0.22468609
0.22712591
0.22454931
0.23454663
0.22953114
0.22051086
0.22564687
0.2170729
0.22299387
0.23182027
0.21796837
0.22656149
0.22402994
0.22527336
0.22200793
0.22644009
0.21961184
0.2218787
0.21032873
0.23982893
0.21437457
0.21988471
0.21542981
0.21546821
0.22057566
0.2169241
0.21456304
0.20909132
0.21291631
0.21634649
0.20059024
0.21200684
0.20528369
0.2140217
0.21074247
0.20836727
0.21228056
0.21036518
0.20571677
0.21067216
0.20150925
0.20950504
0.21030018
0.20689103
0.20631716
0.21576078
0.2094711
0.2034025
0.20896679
0.20563622
0.20668809
0.20792857
0.20377487
0.20144847
0.19931976
0.20403856
0.20183295
0.2081589
0.2045796
0.20956086
0.20213236
0.2039686
0.20310202
0.200509
0.20878115
0.19952206
0.19820023
0.19724156
0.19322127
0.20210154
0.19749728
0.19689114
0.20673703
0.20102653
0.19532982
0.20130125
0.19875243
0.1931378
0.18952131
0.19119455
0.19208933
0.19192605
0.19509701
0.19729973
0.19351023
0.19507445
0.19287789
0.19989987
0.1921152
0.18624558
0.19588038
0.19380438
0.19111688
0.18468316
0.18931912
0.19090919
0.1932974
0.1933646
0.18828452
0.18618688
0.19093549
0.1955962
0.19377518
0.18320875
0.1967767
0.18689978
0.18402196
0.18359618
0.18095584
0.18494643
0.19026272
0.18840176
0.1892465
0.18425263
0.18648884
0.1801542
0.18396147
0.19587083
0.18859282
0.17985277
0.17608438
0.1864139
0.1859403
0.17700441
0.18242939
0.1803105
0.17401221
0.18155915
0.18040042
0.18487002
0.1821457
0.1812685
0.18240406
0.17654683
0.18745807
0.1757507
0.174874
0.17409447
0.16991182
0.16750625
0.17526658
0.1765949
0.1715475
0.172501
0.170416
0.16888633
0.17773972
0.17733224
0.17596157
0.17148943
0.17350438
0.16908114
0.16787894
0.16618297
0.17238037
0.16657348
0.17223714
0.16791597
0.17227924
0.170617
0.1701264
0.16776894
0.16482142
0.16931891
0.16749425
0.16627958
0.17155604
0.15948237
0.16653892
0.1719435
0.1679171
0.17119399
0.16855384
0.15954365
0.16725858
0.17329794
0.16662754
0.1643576
0.16107646
0.16981076
0.16718245
0.16795474
0.16980068
0.16436663
0.16771014
0.15969141
0.17151111
0.16078813
0.1674392
0.1568271
0.16145183
0.16722266
0.16401012
0.15981042
0.15897422
0.1672928
0.15807669
0.1625176
0.16644171
0.16252263
0.16441065
0.16404986
0.15402788
0.15713258
0.15645678
0.1641593
0.15857866
0.15552856
0.15591878
0.1518812
0.16659808
0.14779317
0.16357304
0.1602138
0.15139435
0.15428607
0.1563259
0.15801957
0.14937992
0.15305977
0.15502052
0.15435044
0.14810327
0.15865946
0.15574202
0.14630197
0.14939804
0.14641415
0.15428174
0.15805387
0.14878072
0.15167286
0.1566926
0.1472212
0.1514345
0.15154342
0.14822362
0.15513155
0.1534498
0.14588048
0.14441001
0.14957161
0.14696537
0.14944465
0.14498241
0.14320001
0.14006221
0.1521068
0.13933004
0.14100242
0.15080695
0.14481424
0.14871812
0.1525267
0.14401644
0.1432563
0.14174472
0.1498533
0.14603993
0.14887813
0.14167878
0.13983804
0.14594729
0.14199224
0.14418149
0.14283918
0.14584059
0.14731865
0.14117481
0.14406967
0.13534537
0.14330828
0.13985132
0.14053689
0.14248241
0.1336235
0.13764836
0.13402168
0.13273545
0.14513522
0.14063916
0.13889925
0.13663849
0.12984118
0.12969875
0.13733906
0.13279673
0.13736501
0.14034529
0.12989865
0.13088061
0.1294022
0.13447565
0.13925609
0.13694906
0.13154334
0.13329725
0.1357585
0.14146054
0.1394625
0.13436358
0.12905261
0.1332491
0.14201944
0.12614916
0.13184862
0.13022733
0.12926173
0.13448273
0.12681827
0.12792899
0.13216633
0.12879238
0.12855597
0.13333607
0.12912728
0.13135593
0.12451774
0.12866646
0.13260087
0.13176815
0.12700883
0.13058229
0.12791486
0.13430712
0.13046232
0.12754117
0.1282084
0.123349905
0.13017334
0.1280788
0.12698689
0.12677254
0.12348402
0.124828264
0.12366923
0.12300201
0.12967753
0.12688173
0.12893862
0.119605154
0.12571846
0.12710351
0.11704726
0.12563552
0.12098982
0.12770341
0.12282383
0.12403188
0.12663198
0.12165927
0.1282666
0.12540445
0.12318924
0.12686002
0.1288404
0.12329985
0.1253244
0.1304855
0.12510014
0.12774456
0.121418186
0.12788178
0.12456001
0.12504902
0.12767838
0.12154862
0.123118006
0.13393602
0.1267617
0.122251436
0.11684675
0.113914594
0.12031426
0.114259936
0.116413124
0.12570502
0.11825086
0.115252495
0.11734257
0.121747084
0.11266365
0.123780586
0.11834357
0.12796897
0.11411224
0.11258538
0.11278058
0.11825368
0.11509467
0.11341467
0.12743734
0.12077649
0.11646579
0.12043121
0.1163958
0.112726495
0.12030968
0.113266416
0.1134483
0.11172308
0.11200661
0.112398416
0.11284444
0.11489646
0.111415595
0.113433495
0.11786383
0.11393681
0.11125699
0.113891155
0.10860459
0.1093579
0.10949784
0.11362978
0.109009914
0.109362535
0.10880498
0.10681365
0.109452814
0.11830177
0.108627945
0.115410455
0.10489927
0.10692847
0.10549959
0.1147568
0.11155638
0.10615618
0.10619756
0.10624687
0.10708404
0.10511405
0.10911449
0.104994036
0.108341485
0.11026333
0.0967007
0.10728175
0.10883392
0.10980467
0.105127655
0.10481773
0.09837726
0.11225302
0.106814764
0.11147274
0.106900565
0.104185306
0.11009006
0.09695172
0.105054624
0.102037795
0.10741347
0.10219444
0.10005959
0.11020666
0.09993557
0.10429307
0.1013625
0.10328317
0.10931964
0.104126796
0.102806
0.100248404
0.10331665
0.101578005
0.10344508
0.10047891
0.104255445
0.09696555
0.102272734
0.10606238
0.10116442
0.10287929
0.09812585
0.100999154
0.10083633
0.10020958
0.09883808
0.10448789
0.09577459
0.096979976
0.09787801
0.09608338
0.10111523
0.10207247
0.09435952
0.096129455
0.10224193
0.107611954
0.100409254
0.09536984
0.09563663
0.098453134
0.098412074
0.101414286
0.09657003
0.10771532
0.09747469
0.10387057
0.10357116
0.100140065
0.09421589
0.10151253
0.09614902
0.10156091
0.09627321
0.10117481
0.10140512
0.09885642
0.101621404
0.097652584
0.09374813
0.09421005
0.09416596
0.09361821
0.090024725
0.0931744
0.100479096
0.091871314
0.09937252
0.093021154
0.0962736
0.09231485
0.092712246
0.0962075
0.09280275
0.09098023
0.10329861
0.09761817
0.091647215
0.096957296
0.09296273
0.09599375
0.08811622
0.097046375
0.09315855
0.092714086
0.08512975
0.09763601
0.09242846
0.094974495
0.0969547
0.09506772
0.09431982
0.090075925
0.09129887
0.092664085
0.089421794
0.093453124
0.08767465
0.09499009
0.09246399
0.09408846
0.09639411
0.091328
0.08901861
0.08706826
0.0916124
0.09400105
0.08554212
0.090936296
0.090265244
0.08799863
0.08592715
0.08920571
0.089680076
0.08935367
0.08578792
0.09273811
0.09029955
0.08946031
0.090784386
0.09247533
0.09323658
0.08607757
0.09098887
0.09197134
0.08958027
0.08342464
0.084549315
0.08230725
0.094417974
0.08628135
0.09261136
0.093889095
0.088160284
0.09272229
0.08532711
0.08425782
0.08442017
0.08509916
0.08776391
0.097117215
0.091576
0.085552596
0.08531629
0.091227524
0.0884616
0.08288461
0.08364946
0.08033405
0.085801974
0.08523713
0.090651415
0.08292826
0.081917986
0.08530171
0.08547069
0.08431563
0.081093684
0.07941984
0.08232663
0.083228655
0.082871355
0.08051398
0.07994075
0.08094209
0.08010055
0.07827562
0.080886714
0.0866028
0.08425525
0.08374468
0.07833559
0.08030413
0.07697298
0.07906382
0.08000871
0.081317164
0.07489528
0.08570235
0.08357466
0.07602739
0.07808115
0.07844406
0.075900845
0.075600594
0.07584078
0.08053821
0.07780154
0.08430033
0.077139065
0.08226782
0.07855538
0.07814718
0.08165885
0.075457305
0.086141795
0.080539756
0.075486846
0.07585251
0.075841606
0.08098879
0.076461956
0.07658734
0.08011667
0.08128578
0.06948567
0.07422496
0.0776292
0.077568814
0.0776922
0.0730012
0.077672265
0.072730124
0.08004784
0.075137496
0.0743842
0.07679784
0.07757925
0.077293776
0.0714869
0.075843714
0.07331719
0.079559594
0.07653092
0.08106999
0.06883275
0.076202914
0.07715059
0.07843421
0.08077878
0.079155095
0.067769244
0.079895474
0.07753204
0.06975786
0.07266166
0.07509683
0.07023192
0.07231902
0.07525888
0.07368935
0.074027345
0.07542616
0.07286042
0.074698634
0.06939669
0.07118987
0.072219156
0.06872314
0.074696496
0.07338188
0.075247034
0.069075145
0.06925752
0.0789317
0.07119823
0.069672145
0.070467465
0.069688
0.07320203
0.07224949
0.075861745
0.07439309
0.070790865
0.06920622
0.07324564
0.06469564
0.071830824
0.07273975
0.07186879
0.0687995
0.06733855
0.068191245
0.073250845
0.065812446
0.07129101
0.07042161
0.07007482
0.06896825
0.07027673
0.0701929
0.06472884
0.06941842
0.070248075
0.07011215
0.06852348
0.07020401
0.07574044
0.06789281
0.069833905
0.07074397
0.07669526
0.07032053
0.07124029
0.07357293
0.071214765
0.065170705
0.06843184
0.06719542
0.06610707
0.06850863
0.072654106
0.06713956
0.06744099
0.07116946
0.068089314
0.06696217
0.06637044
0.06785479
0.06519811
0.06356525
0.0685308
0.06855184
0.072012514
0.061701678
0.06787299
0.06766999
0.06838446
0.07092124
0.07138846
0.06318573
0.068355836
0.06336572
0.066215016
0.0640398
0.06367212
0.060753465
0.07449657
0.069406606
0.06632387
0.06410054
0.06888955
0.062376585
0.06335582
0.071981736
0.06827554
0.06313494
0.067900725
0.06599636
0.06548291
0.06765929
0.06418414
0.06478153
0.066523954
0.06147117
0.06785796
0.06660393
0.06268957
0.062362462
0.06423587
0.06737772
0.06522099
0.06550872
0.06848855
0.06506897
0.06773401
0.06733196
0.066696726
0.07522401
0.06609547
0.064432316
0.06335737
0.06621556
0.06440471
0.06327312
0.061269037
0.06623738
0.06434514
0.069550745
0.06898429
0.06576
0.06196164
0.06728233
0.06487802
0.060162105
0.060560632
0.058095787
0.07114891
0.06564035
0.06874842
0.05949625
0.062750846
0.058750995
0.063287854
0.06151574
0.06259868
0.061799087
0.06285938
0.057509232
0.06382465
0.060780693
0.061202075
0.066431604
0.06777673
0.059983302
0.06344223
0.06685924
0.05941209
0.061300606
0.06513878
0.06187825
0.06586395
0.059583217
0.064486735
0.06034646
0.05705668
0.06184455
0.054502044
0.05834841
0.0589689
0.067202136
0.06621807
0.059498347
0.05290344
0.05626867
0.061169066
0.058945976
0.061050076
0.060130984
0.06082804
0.056741904
0.06010708
0.05932229
0.06470222
0.058816317
0.059042774
0.06438287
0.056445666
0.061873727
0.055476177
0.058203336
0.053167194
0.06020272
0.058580067
0.062331725
0.055374082
0.06193767
0.06311404
0.060578115
0.056088004
0.05848246
0.059840836
0.05799148
0.063073285
0.056207217
0.06566408
0.060088873
0.056949247
0.05910205
0.05593239
0.05903179
0.0553368
0.053511556
0.061731227
0.060518745
0.058207512
0.058901977
0.05861643
0.06061798
0.059267517
0.06072298
0.060394228
0.056248292
0.061357487
0.06225195
0.059446312
0.05463766
0.05710123
0.058861382
0.061079916
0.058641475
0.06011209
0.05648693
0.055556964
0.05505265
0.058943115
0.05999479
0.05671385
0.055830535
0.052348666
0.054098666
0.057672713
0.056002118
0.059951175
0.059288494
0.056560356
0.055108376
0.064404644
0.06473672
0.06032576
0.059726525
0.058799233
0.05571169
0.055002715
0.054292746
0.05799178
0.06017944
0.059311323
0.054426212
0.051609334
0.053500902
0.063278936
0.061292503
0.054374147
0.060261883
0.051838018
0.053702954
0.05499869
0.054748207
0.058271073
0.06147708
0.0559553
0.061023448
0.05758333
0.052535046
0.05878388
0.05585527
0.058152273
0.05122653
0.053106226
0.05938594
0.056730535
0.055615548
0.056499228
0.055487774
0.05635931
0.053024743
0.057794057
0.056077268
0.05624849
0.054816503
0.053635787
0.056242775
0.05448076
0.05561661
0.055056356
0.058460746
0.058224484
0.055422828
0.05824952
0.058151226
0.058497306
0.061870065
0.057368975
0.053498376
0.051031165
0.057795003
0.05887285
0.062338874
0.05589965
0.053568617
0.053342156
0.052528474
0.05568791
0.052041866
0.056023654
0.05349152
0.053870127
0.05284911
0.055175494
0.056476507
0.051900834
0.051414844
0.058952946
0.057185378
0.05176397
0.05055357
0.05601897
0.053868596
0.054511048
0.055632703
0.056977835
0.053857576
0.05326613
0.053067524
0.05898812
0.05189649
0.051084287
0.050287496
0.051357035
0.05396522
0.05225485
0.05077833
0.05426436
0.052697726
0.049404938
0.049748924
0.05472491
0.04756585
0.05365421
0.051392324
0.052710723
0.05106759
0.050321363
0.05456073
0.05281738
0.056051265
0.058458872
0.050300535
0.054380707
0.05381371
0.04822237
0.048122827
0.055052817
0.053058263
0.04702531
0.049755488
0.04719867
0.056044143
0.04821354
0.055520702
0.050857473
0.052693944
0.048276346
0.0492974
0.053374913
0.048917476
0.0510924
0.04692104
0.04834295
0.052065488
0.054325845
0.051561695
0.04808361
0.044831675
0.05610827
0.053763382
0.05135104
0.052779656
0.052750085
0.054137427
0.04525304
0.045910932
0.04141224
0.045889683
0.047303278
0.056854837
0.049746737
0.049304605
0.05021975
0.050683904
0.05366411
0.047999553
0.05327776
0.04774947
0.0462947
0.048339866
0.0500439
0.04579995
0.048150998
0.048054863
0.051527545
0.04554592
0.05098979
0.05021568
0.04848683
0.04890634
0.04951775
0.047650073
0.05144518
0.05022337
0.04767845
0.05055812
0.04450006
0.046252757
0.049510997
0.042843595
0.048058297
0.047228478
0.04728976
0.049257692
0.045716494
0.05614308
0.045885716
0.045933947
0.044043057
0.04723724
0.058469463
0.047507558
0.048237383
0.04397224
0.04977162
0.05012375
0.04892484
0.049950935
0.04656727
0.0520876
0.04555858
0.0433381
0.04681063
0.05352712
0.04942242
0.048678644
0.050339557
0.048564237
0.04607721
0.046490707
0.046087213
0.05258666
0.045217417
0.044051602
0.046345208
0.047558855
0.043098073
0.04444276
0.052397046
0.045347445
0.048915837
0.047025375
0.048954815
0.04681268
0.05008805
0.046027895
0.13049093
0.04496168
0.048945703
0.045651644
0.047087714
0.04529736
0.047423344
0.045759078
0.048422206
0.046817657
0.0477604
0.048051618
0.042777028
0.0493704
0.045643166
0.048238337
0.041928183
0.049406063
0.044149097
0.04800954
0.04812338
0.046825282
0.0488749
0.047209356
0.050142158
0.046166036
0.044710126
0.043578763
0.04237674
0.046689954
0.04854786
0.046582
0.042775586
0.043984294
0.04659126
0.04249403
0.044281986
0.042109355
0.0444845
0.045885667
0.04565358
0.043640777
0.04179584
0.04512217
0.042635746
0.04306263
0.04086113
0.04327662
0.051773313
0.047936253
0.042372487
0.043399584
0.042854086
0.04343794
0.040911876
0.037348647
0.042733997
0.04447667
0.038764574
0.047779936
0.044778053
0.043582946
0.040994
0.03943714
0.048146702
0.04084294
0.042645495
0.04645745
0.040923256
0.043290444
0.04262062
0.046077605
0.044870686
0.04404822
0.05029531
0.042156316
0.043878894
0.051122338
0.043893613
0.04321739
0.03946376
0.04660572
0.046614815
0.04575688
0.04453093
0.046062253
0.047095437
0.046466786
0.040798
0.044472367
0.04857772
0.03974446
0.042611595
0.048429817
0.045261852
0.046019014
0.04295986
0.0445675
0.043171905
0.046512805
0.047992907
0.048755456
0.041630995
0.04274659
0.0469039
0.051709767
0.04322995
0.03553807
0.044392627
0.043510336
0.044667896
0.044707485
0.042103812
0.043293998
0.045563795
0.042709548
0.044042133
0.043831643
0.045456994
0.045521185
0.0430235
0.045922104
0.04274491
0.042964593
0.045854624
0.037958015
0.045265988
0.045649834
0.041800685
0.043630306
0.04155049
0.042003233
0.047469657
0.048077565
0.040823866
0.045655563
0.044194
0.04199231
0.04838674
0.04230666
0.043755606
0.04432852
0.041536637
0.046501387
0.041885868
0.04174707
0.043103326
0.04613726
0.0436535
0.044216327
0.04033589
0.04478371
0.04626987
0.041106835
0.041316923
0.045502264
0.045260612
0.04494032
0.042552065
0.043331005
0.039841365
0.043094866
0.044080753
0.042087156
0.041550793
0.039763976
0.041356664
0.041480627
0.042796195
0.040814426
0.042256307
0.044178773
0.043348417
0.043377407
0.043701753
0.040621765
0.04207295
0.042805757
0.046485566
0.042486787
0.039444856
0.037465055
0.042324644
0.042991925
0.045470934
0.04955605
0.04311761
0.04465219
0.04495528
0.042574245
0.043607365
0.04478905
0.043787193
0.04087395
0.046532262
0.04161441
0.043298833
0.04402144
0.041847296
0.04017491
0.042076763
0.039050866
0.04150787
0.044676542
0.044984333
0.046131082
0.043034535
0.04254956
0.042189423
0.038774095
0.04268865
0.040917918
0.047019325
0.042462226
0.043480754
0.041564576
0.04348676
0.044788614
0.040320896
0.04208657
0.040528405
0.040308397
0.04003269
0.04209471
0.04350569
0.038190197
0.04263231
0.042284936
0.04121199
0.036265932
0.045986526
0.04063642
0.04405031
0.03729722
0.045500126
0.045079023
0.042132262
0.03670865
0.038791966
0.03994019
0.04133824
0.04175121
0.0442569
0.04120276
0.039746415
0.04397361
0.039453786
0.040891636
0.039766666
0.040781412
0.041513782
0.045633566
0.03985365
0.042435583
0.041635863
0.037907124
0.037094943
0.04159649
0.043651726
0.04300978
0.04179247
0.03845105
0.03770765
0.03902582
0.039686784
0.039664745
0.041279264
0.04088494
0.041401986
0.046217564
0.04379389
0.04003401
0.039789718
0.040522125
0.042356715
0.040855758
0.03830504
0.0403091
0.042182412
0.039578427
0.035677876
0.0350628
0.041241918
0.041634247
0.039830614
0.038862597
0.040486123
0.043503925
0.041415047
0.042081613
0.037605517
0.041898027
0.03951359
0.041808587
0.04102474
0.042999465
0.040363293
0.038347352
0.040526856
0.041282874
0.0381394
0.04224267
0.047059167
0.041305717
0.041805506
0.038207363
0.039131667
0.04532785
0.039513726
0.0404445
0.04258465
0.040020507
0.040339515
0.041412488
0.040552735
0.039701387
0.03885288
0.037623577
0.040186528
0.038471863
0.040714063
0.039024398
0.03724432
0.043184645
0.041510243
0.041143775
0.04094833
0.042907394
0.040052343
0.039579313
0.04027714
0.04029311
0.03957781
0.035258424
0.03807806
0.03922503
0.03696903
0.046743974
0.046580832
0.04463679
0.037770424
0.036293585
0.040886365
0.039898332
0.03886556
0.040026464
0.044020705
0.043257702
0.0750917
0.042638965
0.04043087
0.043130524
0.036907814
0.04314505
0.040922295
0.049275406
0.040057566
0.04072415
0.04469707
0.04528728
0.04374475
0.040717974
0.045531377
0.04043803
0.042465445
0.044602063
0.043328095
0.04155107
0.046373706
0.04425127
0.049101815
0.05403931
0.044834036
0.052229386
0.04585328
0.050736155
0.054538503
0.060360275
0.05738342
0.06403329
0.0755965
0.07004531
0.06331087
0.06971484
0.072877966
0.08658231
0.08572808
0.0788542
0.076312885
0.086657844
0.08878173
0.083459005
0.08068762
0.08207629
0.08340731
0.0766777
0.06933997
0.06758739
0.059880506
0.050205894
0.05024763
0.045171447
0.04728655
0.05058299
0.040189765
0.044949558
0.04874095
0.045783304
0.04671466
0.0399066
0.04684087
0.04277951
0.0491493
0.04215958
0.047114678
0.043851927
0.043236084
0.040781442
0.04553682
0.03906795
0.039174557
0.0400127
0.040953934
0.03755764
0.038470797
0.043588128
0.04021362
0.040057328
0.035913847
0.042047612
0.041338902
0.03849101
0.036980703
0.039148886
0.036980465
0.040270433
0.040422413
0.034061324
0.039838303
0.044820577
0.035346564
0.037954636
0.033252675
0.037776023
0.040469192
0.04005787
0.035662573
0.035407893
0.03600858
0.034206748
0.038297232
0.034260664
0.04028524
0.037597794
0.039354596
0.041118667
0.035980165
0.04236954
0.033317674
0.035125975
0.035544608
0.03907812
0.034688063
0.038642585
0.039287202
0.040017184
0.04169984
0.041146196
0.04236054
0.035684276
0.036463454
0.042992257
0.041265026
0.036649812
0.039896306
0.037036475
0.040269274
0.036133606
0.038169064
0.037636265
0.036594033
0.040610146
0.037460342
0.03618476
0.03835048
0.035705734
0.03679416
0.04023131
0.035724964
0.044964902
0.03460448
0.033733223
0.035127223
0.03343812
0.034911953
0.03999925
0.044767648
0.03709539
0.034734562
0.035464764
0.03336974
0.03460005
0.03915984
0.035793047
0.035930287
0.035150703
0.036427993
0.035468627
0.03957293
0.037947137
0.03508681
0.034863044
0.037726913
0.034605943
0.03385618
0.035480596
0.036813293
0.035467923
0.036216665
0.0386963
0.036453597
0.035811227
0.03790852
0.03891236
0.03484667
0.035540413
0.034785382
0.035979666
0.034988016
0.034778584
0.03584792
0.037546
0.036975782
0.03616768
0.038293004
0.034676474
0.03784898
0.038435146
0.034585323
0.036984168
0.034567226
0.035110395
0.038617432
0.033963986
0.032998085
0.035724405
0.036242597
0.0360431
0.037788406
0.03471651
0.039153494
0.03785341
0.035551038
0.034180935
0.035127036
0.037358258
0.0350348
0.037557364
0.037115894
0.041103862
0.038156293
0.0352319
0.034774825
0.036788225
0.04007809
0.034569763
0.03268281
0.034355525
0.037702248
0.03844486
0.0354893
0.0331181
0.033682834
0.035933003
0.033665054
0.033811495
0.036375433
0.036177546
0.039026134
0.03508294
0.03473058
0.036141638
0.035260912
0.035319645
0.036685612
0.040588003
0.03508709
0.031488407
0.032776684
0.03594895
0.038120873
0.03600801
0.03443612
0.03386523
0.032596894
0.03252692
0.03392241
0.037612166
0.034395266
0.03574655
0.03811586
0.039143562
0.04056985
0.035903145
0.036792677
0.035249695
0.036956996
0.03626111
0.037282307
0.03737732
0.035231944
0.033739485
0.034373835
0.03728289
0.035856176
0.034332983
0.035036057
0.037509166
0.03499689
0.034950115
0.03737207
0.03694505
0.032444235
0.03163629
0.033352025
0.037513513
0.034218166
0.032495525
0.032379072
0.03310513
0.032490857
0.033799745
0.037230775
0.034282967
0.03421257
0.037023384
0.03537
0.035570707
0.03762795
0.03516014
0.03276443
0.031850547
0.031294137
0.032047328
0.03326209
0.033298783
0.034341607
0.03469338
0.03511161
0.03522819
0.036180254
0.03344403
0.03252568
0.032274567
0.033522375
0.033379726
0.033420272
0.034663253
0.037022598
0.03367282
0.031456567
0.034289505
0.03811552
0.036103003
0.03587085
0.037421446
0.03662391
0.03711252
0.03427021
0.032087073
0.032891165
0.0324853
0.033195958
0.032711096
0.03342378
0.03379509
0.03358313
0.03202426
0.031682175
0.032188546
0.032927085
0.03357892
0.033885907
0.032456096
0.031481825
0.030774867
0.031754848
0.03302025
0.031612556
0.031677574
0.030610833
0.03327995
0.03340064
0.033878792
0.032482706
0.032195836
0.032508217
0.034475632
0.036968857
0.033836164
0.03263907
0.03127774
0.032063417
0.03212378
0.032468632
0.03317331
0.033453617
0.03384361
0.033130478
0.032292277
0.03195498
0.033054233
0.03551395
0.0392719
0.038209725
0.038952835
0.03485943
0.032058544
0.031593777
0.031588007
0.0323335
0.034317527
0.038168043
0.034999214
0.032215156
0.031224506
0.03238951
0.033683542
0.032982025
0.0324624
0.033282913
0.032272648
0.031583957
0.030177321
0.032495644
0.033287447
0.033781443
0.03264311
0.033036407
0.03238277
0.031412516
0.031454843
0.032266375
0.032180946
0.031012744
0.030555688
0.031869248
0.03354905
0.035865754
0.039484955
0.034627303
0.032178897
0.033040356
0.03251728
0.03219424
0.030954912
0.03163244
0.03142254
0.03366709
0.033708498
0.03409688
0.031572297
0.03322601
0.038552236
0.0343319
0.03154525
0.03218778
0.03257239
0.033820048
0.033654373
0.03161603
0.0322099
0.031472668
0.031261664
0.031526033
0.032844834
0.033991538
0.031879194
0.030197592
0.030896356
0.03094466
0.032258015
0.031917494
0.03198759
0.03290297
0.03202303
0.034061
0.032453336
0.032111682
0.029948853
0.031317372
0.031748924
0.03272453
0.03129241
0.032502096
0.031626903
0.03213767
0.031996433
0.032192707
0.032193217
0.0328254
0.0338612
0.03408772
0.0315401
0.029897928
0.03065441
0.03203988
0.03362396
0.032314137
0.032845393
0.03414411
0.035069466
0.035477497
0.03351868
0.03332188
0.034313697
0.035473373
0.035913058
0.03450975
0.034369957
0.03483025
0.034926567
0.034399185
0.033589307
0.034622222
0.03381241
0.032473106
0.031271875
0.030608833
0.031715214
0.03158129
0.032689825
0.03293821
0.032278024
0.031610884
0.0340409
0.039987005
0.03478451
0.0335207
0.033019193
0.033437278
0.032088235
0.031275444
0.0314338
0.03059193
0.031967483
0.030726362
0.031434402
0.03183931
0.032126233
0.03214003
0.032292496
0.032236863
0.031285305
0.029818276
0.0305819
0.032242164
0.03254543
0.03235698
0.03194207
0.03165321
0.03218929
0.030582853
0.031752944
0.030989874
0.033509906
0.033933256
0.03529776
0.033688527
0.03227511
0.031802077
0.03282579
0.03295163
0.032676846
0.03134294
0.03226095
0.03269493
0.03241729
0.03278619
0.031953238
0.033121537
0.031197917
0.030148927
0.029353667
0.032398794
0.032209612
0.032059737
0.03152683
0.032219354
0.032401863
0.030856207
0.0325271
0.033422235
0.032796852
0.031980217
0.03261185
0.032452766
0.033787522
0.034284063
0.036811646
0.037983418
0.035534296
0.034970395
0.03434981
0.035272293
0.033033907
0.02947494
0.031363264
0.033267368
0.034229442
0.032980237
0.032520127
0.03367114
0.03295596
0.033910275
0.03549135
0.03527146
0.033799335
0.031150438
0.030852867
0.031891167
0.03273195
0.03293097
0.033997126
0.03428201
0.03488277
0.03349948
0.03302549
0.031874828
0.03133331
0.03202227
0.033970453
0.0342423
0.033281125
0.03263244
0.03140327
0.029778278
0.029182035
0.030302763
0.033494342
0.03406846
0.034153458
0.03179947
0.031696986
0.032012537
0.034282442
0.03583949
0.03366066
0.03339423
0.031603005
0.035602044
0.033431508
0.0345113
0.03352848
0.034141768
0.034368876
0.032416645
0.03337365
0.031472083
0.031017503
0.032367256
0.033804312
0.03409468
0.031336453
0.029567286
0.028648507
0.03059536
0.03230502
0.03416754
0.031733178
0.031461217
0.03107354
0.032532502
0.032677736
0.03223604
0.032739326
0.03204078
0.033362515
0.03192479
0.03125404
0.0298482
0.029865654
0.030055784
0.030133566
0.031093063
0.030788714
0.030328149
0.030546874
0.030713165
0.031216389
0.03128438
0.03194755
0.034156673
0.034812734
0.034969434
0.032060526
0.031449325
0.031471416
0.033451747
0.031977627
0.031695906
0.030921144
0.032170556
0.032476217
0.03188062
0.033122953
0.0335229
0.034799572
0.03262068
0.032510046
0.03104705
0.03276101
0.03292911
0.0331031
0.032817543
0.0333575
0.033219725
0.032214124
0.030743223
0.03187075
0.030904952
0.03129604
0.030450396
0.0299676
0.029863566
0.031778865
0.033954736
0.03466538
0.032259326
0.033040717
0.03242391
0.03291805
0.031389758
0.03196732
0.032995846
0.03424593
0.03681041
0.03599587
0.035958253
0.03361361
0.034709852
0.036439527
0.03634683
0.03608007
0.032834906
0.03218218
0.03191845
0.0310503
0.03254615
0.03305239
0.034912936
0.03245989
0.031127362
0.030705791
0.03412396
0.033225667
0.03321581
0.02984206
0.029646289
0.02867612
0.028940918
0.030965826
0.030696884
0.030334145
0.03036386
0.03134147
0.031756986
0.032015495
0.032767795
0.034237776
0.03293605
0.03184989
0.031193638
0.029596074
0.029993296
0.029714892
0.03132198
0.03096102
0.032136023
0.03298241
0.033262912
0.030102946
0.028771909
0.028487979
0.029988442
0.031536236
0.0323319
0.032043397
0.033065684
0.03303104
0.033480182
0.033451267
0.033125434
0.033234335
0.030612573
0.031079741
0.031512227
0.035770174
0.03768584
0.036895573
0.03243077
0.031763643
0.03230965
0.035252824
0.033938043
0.034518726
0.03229717
0.03117006
0.03011043
0.0310251
0.03327036
0.0336895
0.032885853
0.030065365
0.03053834
0.02950748
0.030524654
0.030905094
0.033417627
0.031779934
0.031334616
0.03020969
0.031248944
0.032716192
0.032864913
0.035179514
0.03279096
0.03349659
0.031583827
0.03242813
0.03192568
0.031309694
0.030077845
0.029469348
0.02898948
0.02833168
0.027938291
0.028715095
0.029791133
0.031723052
0.03213509
0.031130902
0.030569864
0.029895974
0.032044873
0.030823555
0.03165733
0.03473524
0.034615774
0.034983534
0.033454243
0.035836015
0.035560507
0.03380099
0.030892447
0.028754981
0.029117184
0.029841753
0.03168202
0.030857336
0.03256111
0.033433832
0.03439346
0.03299691
0.033825904
0.034031715
0.03390887
0.03217173
0.031999495
0.031875502
0.03105437
0.031855687
0.033201814
0.034414705
0.034518335
0.03366878
0.03364863
0.032744367
0.03131663
0.031238798
0.028958512
0.030546485
0.030171745
0.033131626
0.03415766
0.034255616
0.033390377
0.031849634
0.033799693
0.03258298
0.032439418
0.030295977
0.03019947
0.03144108
0.03239541
0.03397003
0.035374835
0.033876345
0.03218085
0.032562986
0.03263909
0.03576982
0.034259252
0.035211552
0.032474987
0.031773586
0.031478647
0.031237066
0.03658263
0.049029365
0.03968467
0.03558556
0.03546068
0.032877974
0.034285083
0.03381765
0.034731172
0.033751767
0.034696937
0.035285614
0.034988526
0.034317065
0.033226416
0.033054445
0.033274826
0.03319296
0.031960055
0.032421354
0.03339968
0.032804653
0.031863004
0.029669655
0.029686628
0.029642252
0.03098649
0.031502903
0.03315156
0.03358609
0.033186924
0.03191772
0.032342434
0.03306289
0.03238082
0.032868102
0.031860698
0.03350458
0.03134758
0.032054562
0.03133258
0.032203544
0.032603122
0.03523345
0.035775103
0.03695105
0.03425946
0.03503271
0.033164266
0.033164646
0.031669687
0.035067644
0.034872156
0.034842268
0.031137452
0.030957181
0.031408653
0.03175367
0.0341522
0.033212364
0.03287057
0.032442324
0.034199897
0.032127373
0.030360764
0.027635513
0.029832263
0.033222053
0.03433522
0.03532476
0.03291994
0.0314174
0.029950822
0.0329714
0.03392335
0.034263924
0.029796777
0.03139683
0.032431804
0.033986047
0.033274952
0.033671517
0.032006584
0.031205337
0.030422883
0.033022337
0.03270451
0.032691244
0.030854546
0.032562304
0.03601402
0.03537222
0.03608001
0.0349417
0.034764614
0.034001537
0.032102484
0.033451952
0.034060568
0.032623738
0.03609005
0.035268724
0.035722967
0.032896973
0.032451343
0.032456897
0.031265896
0.03117877
0.03198245
0.031175341
0.030570943
0.030904729
0.032748282
0.035311952
0.03515049
0.033935294
0.03262848
0.032875907
0.032664835
0.032113984
0.033575628
0.03580517
0.038349368
0.036135405
0.03415649
0.032412667
0.03183299
0.035000138
0.03454243
0.034730908
0.03329447
0.033882696
0.034373265
0.033345036
0.030729428
0.027934238
0.028539749
0.03056622
0.034456167
0.034345347
0.035020027
0.034118548
0.032692023
0.031203043
0.03175098
0.032703757
0.032168146
0.03197845
0.029590173
0.031268008
0.030949438
0.034223888
0.034762226
0.03316307
0.033822823
0.03365425
0.03339118
0.032942966
0.03120862
0.032679442
0.030469675
0.031412702
0.032673817
0.033695474
0.034776952
0.032970354
0.0323147
0.02955863
0.029613124
0.029840436
0.03265971
0.03322433
0.033799857
0.031919446
0.03171078
0.03309273
0.035877377
0.037035607
0.036444113
0.035148367
0.03391631
0.030996626
0.030741885
0.031647667
0.033270244
0.03391558
0.03311108
0.03469178
0.03587449
0.038698096
0.03701514
0.03539864
0.032055415
0.03514177
0.037230514
0.04039563
0.036780607
0.033733927
0.031886965
0.033887364
0.035338346
0.034662124
0.03350333
0.03655144
0.036329918
0.035147853
0.031536885
0.031112488
0.032254424
0.033181548
0.034052532
0.035032403
0.032658294
0.034762964
0.033141866
0.036129292
0.037064217
0.039379638
0.03729105
0.03520893
0.032595824
0.033086434
0.03308756
0.035497956
0.03393755
0.033558488
0.03366364
0.03662638
0.03483261
0.032108918
0.030960688
0.030938871
0.030218758
0.029794862
0.029990416
0.033501375
0.033592235
0.037957333
0.037045453
0.036755435
0.032897834
0.033654004
0.032662276
0.033354037
0.031675313
0.032230888
0.03244945
0.03295039
0.03247851
0.03205288
0.031565234
0.032678567
0.033618852
0.033885375
0.034807198
0.03538191
0.034838106
0.03381005
0.0301834
0.030530563
0.030873442
0.0317365
0.031803314
0.03184291
0.032392543
0.031287733
0.029316839
0.028463306
0.028890429
0.029534964
0.030622989
0.030756464
0.031845413
0.032722138
0.034202173
0.03281885
0.033713162
0.031396892
0.030461699
0.028442608
0.029324226
0.031641424
0.03218205
0.031828016
0.028760124
0.031160947
0.029443683
0.03429495
0.031203
0.033307936
0.03156044
0.02967199
0.027400479
0.027169496
0.028634218
0.032012705
0.031761244
0.03327578
0.032885715
0.032332145
0.03294385
0.03111384
0.030777138
0.030685129
0.03183679
0.031311706
0.03117616
0.031225132
0.031220676
0.03034996
0.031493384
0.033213217
0.031976126
0.030488878
0.03171773
0.032902554
0.033967625
0.032583356
0.031613953
0.031121772
0.032083753
0.034430496
0.035756364
0.03453618
0.033426546
0.03102083
0.030479237
0.030211091
0.030205349
0.033476982
0.033378657
0.035277873
0.031712472
0.030096378
0.02965643
0.028625544
0.029243201
0.029717859
0.03166494
0.03222001
0.031255223
0.031594865
0.033122733
0.033786673
0.033500392
0.03264389
0.032427154
0.031498894
0.029682335
0.027981248
0.028620504
0.029085353
0.02963456
0.028131211
0.028621612
0.02954962
0.031299427
0.03166455
0.031510938
0.030911403
0.030366475
0.03076253
0.030911913
0.03142016
0.030110681
0.030754818
0.030215785
0.031176638
0.030821547
0.031697586
0.031608168
0.032576382
0.03151779
0.029987305
0.030450722
0.03200063
0.033149466
0.030262435
0.030949293
0.028895663
0.031033752
0.029465182
0.03240983
0.0306848
0.0310687
0.031672098
0.034086056
0.034088694
0.03328983
0.030335017
0.031881083
0.0328376
0.03369891
0.032417003
0.031849362
0.03433385
0.033533107
0.03374141
0.03226562
0.03357061
0.036253214
0.039165832
0.037942365
0.035242096
0.032444857
0.03190584
0.032552335
0.033195797
0.03584454
0.036364507
0.034850884
0.031419065
0.030798607
0.032240283
0.03584146
0.034347933
0.03333557
0.03235693
0.031268924
0.03324664
0.032819893
0.03349369
0.031877566
0.032579057
0.034114122
0.032096807
0.032171827
0.030515596
0.031579923
0.030618494
0.032183975
0.03376212
0.032937013
0.032478154
0.032463163
0.032052737
0.031817928
0.031333204
0.03334254
0.03244446
0.03151907
0.030716823
0.03302483
0.032870367
0.033400044
0.032142818
0.031354617
0.030169979
0.030827625
0.034825463
0.035211552
0.034239803
0.03209299
0.031517398
0.032826368
0.03159292
0.031080898
0.030478457
0.030823423
0.032399155
0.032285962
0.03206154
0.03059325
0.029873615
0.03007342
0.031464703
0.030353572
0.030523513
0.029136496
0.030443206
0.033097506
0.033608187
0.03257196
0.030138716
0.030642262
0.03202654
0.032869022
0.03184694
0.030862665
0.03146227
0.030497028
0.030067688
0.029004954
0.030905625
0.03084509
0.03127347
0.030977473
0.032928787
0.033660658
0.032715566
0.0306104
0.02811109
0.02816594
0.029055323
0.029027825
0.030279623
0.029745864
0.03173674
0.032409873
0.032802004
0.03530341
0.034918576
0.033862207
0.02888774
0.02792477
0.029044995
0.029213501
0.029249275
0.02909082
0.030379143
0.03237852
0.03089999
0.032256115
0.033039335
0.033565577
0.033742726
0.0316559
0.031670537
0.030435994
0.031402543
0.03217883
0.032426346
0.029958965
0.030683102
0.031048123
0.033041526
0.032397088
0.031506475
0.030585742
0.031972606
0.031255957
0.029497746
0.027615929
0.027847782
0.031246783
0.033542242
0.035950724
0.037192978
0.036077667
0.03490584
0.031565882
0.030360177
0.03007759
0.030808311
0.032866895
0.032817274
0.033587128
0.03396836
0.03592086
0.034781154
0.035850685
0.03665761
0.03926499
0.035798613
0.03337884
0.030746998
0.033115655
0.03191532
0.032848723
0.031780936
0.032851286
0.031725436
0.031418327
0.031377822
0.031158915
0.03163687
0.03119275
0.032932717
0.033939652
0.033726685
0.035287995
0.034473643
0.033407908
0.029453816
0.029986706
0.030469187
0.033179596
0.03134824
0.034166124
0.034678143
0.035400268
0.033281125
0.030997574
0.030844111
0.032550693
0.031692058
0.031561196
0.030598704
0.031497773
0.03257151
0.03283699
0.033309143
0.031529635
0.030597974
0.032153953
0.032816365
0.034328304
0.03475664
0.03372965
0.032685887
0.030046487
0.031828865
0.033003297
0.033306707
0.03313359
0.031876493
0.03263518
0.031270087
0.03151472
0.029500691
0.030703202
0.03089405
0.034144927
0.035251483
0.03433573
0.0344399
0.03363416
0.033227034
0.030471614
0.031737637
0.03090732
0.031127926
0.030548895
0.032079022
0.03191745
0.030707147
0.030604007
0.032248847
0.036077518
0.03471453
0.035437092
0.032764092
0.033940114
0.0330652
0.031832393
0.03213647
0.031047083
0.030526172
0.029310232
0.029312456
0.031711657
0.032122318
0.032345798
0.027959377
0.02962166
0.02805247
0.02972535
0.02950558
0.032031287
0.03230475
0.0313299
0.030196378
0.030084679
0.031978555
0.03191832
0.032206297
0.029822
0.030158574
0.031584874
0.033944685
0.033100702
0.031394288
0.028779533
0.03082329
0.033394933
0.035049338
0.03414903
0.03464319
0.033488687
0.033725098
0.034235552
0.034198433
0.03577583
0.031547945
0.031027585
0.029729199
0.03329547
0.034316454
0.03585421
0.035768863
0.034307316
0.031808577
0.029640341
0.03087315
0.031688195
0.031248322
0.030204883
0.030613218
0.031230317
0.0336436
0.031221563
0.031636357
0.033548616
0.033974927
0.033699375
0.03207251
0.03433653
0.035071086
0.0328374
0.031034915
0.029950563
0.030566908
0.030045684
0.029706724
0.029120762
0.028861208
0.028682215
0.029824825
0.031492103
0.034189843
0.033610024
0.03265909
0.029872047
0.028669935
0.02954125
0.030210538
0.033456445
0.033082627
0.032826252
0.030860826
0.031846594
0.033885933
0.034629688
0.033637516
0.031125814
0.03117159
0.03377239
0.038003597
0.038994752
0.035912983
0.033318307
0.031262703
0.032175973
0.031856112
0.033183232
0.0329654
0.032074697
0.030832099
0.030192759
0.030663181
0.03321661
0.0365407
0.039896924
0.03975911
0.039024144
0.033940483
0.032908563
0.029387534
0.033492666
0.031442877
0.036765955
0.033105772
0.03504223
0.031153062
0.0332664
0.03196893
0.035509218
0.03702379
0.037514273
0.0341171
0.03358823
0.033238426
0.0339252
0.031785667
0.029850608
0.029243914
0.028808683
0.032745276
0.03356476
0.034915723
0.03340912
0.034205366
0.040754978
0.041471373
0.039510034
0.034212492
0.03428358
0.033866256
0.031784546
0.030747486
0.0314269
0.030377135
0.029306201
0.03259383
0.034076687
0.037271194
0.034950595
0.037667472
0.036500733
0.03571024
0.03506029
0.03577355
0.037252452
0.036621924
0.035294585
0.034225926
0.033071786
0.034621358
0.034353692
0.033298705
0.032583237
0.034384996
0.034596782
0.033411533
0.03197258
0.033042185
0.03496388
0.033743814
0.033448353
0.03277727
0.033935342
0.032852374
0.031632707
0.03195912
0.032626577
0.032575075
0.034726165
0.03545661
0.034936436
0.033025455
0.032601066
0.03255199
0.03326976
0.034054983
0.039710436
0.037920248
0.036112133
0.030906498
0.032627568
0.034390338
0.033850033
0.033411663
0.034398977
0.035283454
0.03769543
0.035573512
0.036529794
0.035162374
0.035299204
0.034380097
0.032933045
0.035726815
0.037371755
0.038895585
0.037579086
0.03835833
0.03519448
0.03314868
0.031320494
0.034321148
0.034361083
0.0337321
0.03393079
0.03473088
0.036289014
0.03409163
0.03469615
0.034136724
0.032645125
0.033234607
0.03214592
0.03728139
0.03794701
0.03872733
0.039474864
0.038335606
0.037793707
0.033425666
0.03237735
0.034519162
0.034723956
0.03620544
0.034064062
0.032855377
0.031943943
0.032675944
0.03313228
0.03375453
0.03351647
0.035745155
0.036038242
0.0387061
0.03765583
0.03612607
0.033289455
0.03305861
0.034411438
0.036573347
0.03798677
0.039990548
0.039186925
0.037693765
0.044469494
0.045862526
0.048011854
0.037546307
0.033752717
0.031554215
0.03286715
0.033618264
0.033966947
0.033302467
0.034391873
0.033418134
0.033218738
0.031204777
0.03311485
0.03495857
0.0369543
0.03535931
0.034409292
0.033845715
0.03416742
0.032960918
0.03054465
0.031162528
0.033433333
0.037412126
0.03725253
0.036857214
0.041065194
0.039836876
0.04042666
0.034785565
0.036587197
0.039409637
0.04391576
0.043104656
0.041093655
0.03683789
0.03905531
0.036883637
0.036073305
0.03462435
0.03496703
0.03558564
0.034024265
0.034560043
0.033799782
0.03550075
0.033907913
0.035370313
0.03633304
0.035344783
0.037070073
0.034160323
0.034614522
0.031896017
0.032198586
0.032277666
0.031513512
0.03126431
0.031797525
0.033853527
0.035856996
0.036686722
0.033755913
0.032204974
0.031846303
0.034710836
0.033900265
0.035208307
0.03315026
0.034263566
0.033531457
0.034735676
0.034274656
0.033044986
0.03262121
0.032536678
0.033536125
0.031936526
0.03314745
0.02971845
0.03056832
0.028832247
0.030483132
0.03019232
0.028801039
0.028884148
0.029175386
0.032692827
0.034600437
0.0359286
0.03427041
0.033361394
0.033633713
0.033990815
0.033838693
0.033843603
0.037257873
0.03924768
0.038377043
0.036759183
0.03372702
0.03234514
0.032167383
0.033189796
0.035629362
0.03600909
0.03677914
0.033904105
0.03415831
0.032295626
0.03283259
0.030375602
0.031695444
0.032616902
0.036387336
0.039414678
0.04150486
0.038647182
0.034907945
0.033384103
0.03406916
0.03664165
0.04300698
0.04379297
0.040467117
0.034957107
0.034382775
0.035013452
0.03428693
0.03253993
0.03309044
0.032633007
0.033937458
0.033658206
0.033913314
0.03270349
0.032135196
0.032730043
0.033254784
0.033454306
0.03453817
0.034131605
0.035720058
0.034055986
0.035480596
0.034705184
0.034862775
0.03498231
0.033427995
0.032078
0.032972712
0.035137985
0.03845082
0.03763097
0.035446722
0.031774458
0.03079425
0.032193374
0.035846975
0.035209756
0.039626326
0.036673035
0.036981188
0.031117616
0.030921519
0.035084665
0.03780416
0.04026336
0.036591366
0.036218237
0.035846017
0.034390375
0.0326158
0.031314507
0.03397399
0.035255387
0.03267288
0.029806927
0.031224744
0.03589883
0.037240364
0.03681595
0.035717886
0.034846745
0.03330472
0.030985177
0.032781195
0.03390394
0.03568671
0.033597037
0.033974454
0.038334943
0.038506914
0.03644179
0.032949947
0.03557894
0.037927914
0.034970425
0.033051632
0.032273337
0.03409452
0.034368567
0.031679686
0.030447911
0.032969814
0.03523049
0.037632044
0.034805823
0.03497301
0.037359998
0.040782865
0.039891645
0.03839419
0.03674078
0.04238846
0.039346818
0.036380447
0.033071265
0.035177007
0.035963997
0.035280474
0.035111584
0.036032986
0.033974018
0.03382319
0.034545626
0.033804893
0.034745052
0.033427715
0.04066872
0.038167324
0.037843037
0.0332419
0.033636626
0.034321293
0.033151764
0.03503754
0.035353586
0.036113206
0.033829574
0.036424134
0.036203235
0.03929612
0.036436684
0.03627516
0.034292657
0.03407165
0.03477492
0.03502909
0.034731887
0.03650242
0.03607773
0.037389375
0.035150602
0.034742955
0.035082925
0.040543847
0.042847864
0.042080387
0.037288036
0.0380896
0.0358923
0.035911623
0.032302614
0.034018468
0.033813294
0.033055466
0.034371108
0.035225186
0.03638778
0.035346586
0.03326084
0.036382448
0.038189393
0.04168981
0.03805697
0.0353149
0.03272222
0.034620132
0.03557176
0.035868257
0.03601115
0.036103785
0.037904337
0.03443494
0.032763567
0.03489879
0.03628395
0.03788403
0.0351182
0.035688646
0.03418158
0.03582318
0.037911642
0.04009263
0.036901306
0.033903785
0.034703888
0.035544015
0.03490468
0.031545285
0.031647693
0.034290038
0.034018148
0.03456778
0.035620924
0.039964363
0.040413015
0.038495228
0.036739312
0.035258714
0.03784014
0.039763913
0.04039895
0.03783689
0.034945834
0.037054267
0.036658637
0.03746557
0.03690428
0.03694187
0.038275898
0.036907468
0.038604725
0.036765903
0.03612808
0.036280487
0.04078489
0.04381652
0.042076223
0.03943171
0.03519794
0.034277726
0.031941805
0.03392745
0.037401862
0.039200746
0.040228207
0.03972742
0.038660116
0.037073266
0.035784576
0.036304954
0.03754192
0.039929308
0.04041182
0.03952637
0.037071895
0.037793886
0.042035025
0.0418257
0.040035475
0.03668313
0.036226418
0.038587645
0.039821208
0.04315302
0.03991801
0.038516004
0.034264926
0.036176458
0.032819424
0.03623515
0.036392365
0.038566697
0.038322374
0.03825591
0.03927667
0.040419824
0.03951924
0.041588046
0.039551716
0.039436195
0.035704564
0.039178252
0.04160983
0.042604312
0.040052753
0.03948876
0.040881716
0.03871304
0.03793367
0.036792785
0.03851403
0.038343217
0.040518533
0.04037651
0.038433116
0.038694657
0.037943196
0.03811304
0.034187403
0.03318565
0.03473157
0.03603094
0.036118124
0.035473753
0.036825396
0.03942399
0.038367238
0.035677116
0.03490112
0.038981277
0.040701192
0.04176046
0.03966127
0.040136475
0.044703893
0.044829015
0.044163533
0.0383634
0.03618135
0.03624981
0.035050657
0.035188515
0.0362674
0.037388604
0.037914652
0.03585775
0.035365473
0.035589952
0.0370112
0.03837846
0.03859197
0.039119765
0.03794978
0.03852908
0.03895143
0.040752083
0.043144587
0.042870585
0.03976545
0.03806995
0.036610454
0.042064708
0.042241864
0.043248594
0.039755758
0.040049445
0.039173074
0.03667522
0.03351693
0.033802822
0.037594154
0.03856911
0.039320692
0.038689304
0.03844837
0.036653876
0.03556487
0.03735216
0.03725793
0.03688503
0.036874607
0.036032777
0.033688452
0.033647727
0.036135554
0.041186295
0.041563634
0.041051492
0.0385696
0.037717506
0.038851038
0.042611882
0.04760346
0.04725852
0.04203079
0.037057247
0.0375124
0.04014396
0.04052084
0.037747823
0.035614
0.03641714
0.041015808
0.041676003
0.040467374
0.03636787
0.043450925
0.045806035
0.048556197
0.041488513
0.03771189
0.04194563
0.043568384
0.046334855
0.040536787
0.0370392
0.037306078
0.036350317
0.03651253
0.035755154
0.037590507
0.0408765
0.040087815
0.039041642
0.03934721
0.03788893
0.038998865
0.036559183
0.0385641
0.036354817
0.034815967
0.033604633
0.033704385
0.036506776
0.038439766
0.03942142
0.03965006
0.038987134
0.035727452
0.03247302
0.032620817
0.031845454
0.037626233
0.036573943
0.039156213
0.03436274
0.03375873
0.03665786
0.03740621
0.03677912
0.0335435
0.035517845
0.042782053
0.044383448
0.041714024
0.037721403
0.036298003
0.03768302
0.036718853
0.03428726
0.033696067
0.033917885
0.03722934
0.037397448
0.039316066
0.03889301
0.03917114
0.036905836
0.036353555
0.03532736
0.035416257
0.035887845
0.03606229
0.03957409
0.03890464
0.03911118
0.03407526
0.033290394
0.034543566
0.03701335
0.03619756
0.035853714
0.035104305
0.035808627
0.036254477
0.037197858
0.040014923
0.03871782
0.035905603
0.036640078
0.03792107
0.03944896
0.037183512
0.039495297
0.03930823
0.041724313
0.055388164
0.0548559
0.05199995
0.035412133
0.03795928
0.037200358
0.036036767
0.032680146
0.033482302
0.034332648
0.03692611
0.042458627
0.04258848
0.044293758
0.03965541
0.039321773
0.035614107
0.037003383
0.039100755
0.04106288
0.037936676
0.03802378
0.03804875
0.038680937
0.037602354
0.03681502
0.03752731
0.037707787
0.038520608
0.037498236
0.039817546
0.03955028
0.03984518
0.04052195
0.04116366
0.040345866
0.036920205
0.03836586
0.03901025
0.038629387
0.036791876
0.038422085
0.040070493
0.040941108
0.04177612
0.038470194
0.040155377
0.040115837
0.04343015
0.041560147
0.039954856
0.03687292
0.033791155
0.034926094
0.037200086
0.040286083
0.038088102
0.03985958
0.037531577
0.035284285
0.035509225
0.03700411
0.03922316
0.03729622
0.036651354
0.038095932
0.037472744
0.038846362
0.040171415
0.040518526
0.039492477
0.03660937
0.037431616
0.03648105
0.03644142
0.035358224
0.03689736
0.03914194
0.038823724
0.03856535
0.038157444
0.03758886
0.04072739
0.039654512
0.037933983
0.035465416
0.037232887
0.04433067
0.04593089
0.04561846
0.04602064
0.04441887
0.043998383
0.040301256
0.039127894
0.040073864
0.038664214
0.04001206
0.03896917
0.03974432
0.038780745
0.043681633
0.04241908
0.042564217
0.039507065
0.041157614
0.04153638
0.041584447
0.040486064
0.041220635
0.03872714
0.041636214
0.043661088
0.044956584
0.044210758
0.04470115
0.04458652
0.041746747
0.041677874
0.040099613
0.043501068
0.042500008
0.046590507
0.04190979
0.04049217
0.040281575
0.043187995
0.044929188
0.04331485
0.047483098
0.04420141
0.043672033
0.039433863
0.040432595
0.038441364
0.035860162
0.03506832
0.035382763
0.03636108
0.038767464
0.039781895
0.038575884
0.03983579
0.039039817
0.039886653
0.03725954
0.040202018
0.038688388
0.039461404
0.03849832
0.041673
0.040952217
0.04410705
0.0409872
0.0406411
0.038338494
0.042448793
0.043454684
0.045030423
0.04527039
0.045797534
0.04521808
0.043036338
0.046215877
0.043205492
0.04218942
0.038488247
0.04237159
0.041690834
0.04095197
0.038022697
0.04169848
0.041089043
0.04112201
0.03984146
0.041949216
0.0434786
0.04268049
0.041920822
0.040995676
0.040382415
0.040432222
0.042754162
0.04255745
0.044725668
0.041928176
0.041515905
0.039344765
0.03984624
0.039596338
0.040333208
0.039642714
0.039810028
0.039452564
0.037381306
0.03795658
0.039294284
0.043792617
0.04686167
0.048821926
0.046354428
0.0436902
0.04060403
0.04295895
0.043183845
0.04141755
0.042362016
0.044069167
0.04685931
0.048550244
0.04392505
0.045106377
0.041057102
0.044173248
0.040098798
0.03877754
0.03869005
0.038232192
0.036675397
0.036335547
0.038322143
0.039264627
0.039174724
0.03887143
0.04244892
0.04413575
0.0484215
0.049311984
0.04973505
0.04526733
0.042567346
0.044349726
0.046394944
0.04526871
0.04096103
0.040201645
0.04049285
0.041161254
0.04248569
0.043811746
0.042123884
0.04383446
0.044865794
0.047984034
0.043789215
0.042575665
0.03826685
0.036636185
0.038794417
0.039522387
0.045269407
0.047068924
0.04716695
0.044456683
0.045485534
0.04215877
0.03894643
0.038167603
0.04240492
0.04971787
0.0442713
0.039330892
0.03973536
0.038503695
0.04143832
0.039835595
0.03957044
0.03798186
0.037392814
0.037888728
0.037306644
0.037599254
0.038071275
0.039084807
0.040518112
0.041398007
0.044308715
0.041774895
0.04058584
0.039411217
0.043760315
0.044044618
0.042307906
0.04048087
0.039454877
0.039342646
0.040114466
0.04277459
0.040394858
0.041845694
0.03796536
0.040682342
0.03926308
0.038367968
0.03792383
0.03713828
0.040833212
0.041689277
0.043708984
0.04489009
0.038965117
0.044525094
0.04332999
0.04544908
0.039618026
0.048222262
0.049216766
0.04902623
0.040072527
0.039994255
0.04252128
0.04543413
0.04356985
0.041326076
0.039338335
0.042805746
0.043769967
0.044646062
0.03849755
0.036786653
0.0363957
0.036356904
0.039506204
0.04015885
0.04008124
0.039104417
0.03736213
0.038550526
0.038985003
0.040352143
0.040638335
0.040398657
0.050059754
0.053587224
0.056775723
0.04687679
0.04629294
0.044068925
0.044433065
0.041352633
0.04206876
0.04136906
0.044901237
0.04278801
0.042912222
0.04094985
0.040859535
0.040949684
0.0407093
0.039392337
0.042239916
0.046764888
0.047548205
0.044075597
0.03943319
0.03943981
0.039021153
0.03894
0.039070398
0.040530715
0.036917992
0.03537248
0.035423473
0.039374106
0.044636928
0.04363384
0.044815496
0.04034797
0.03866338
0.040241886
0.04078594
0.044189166
0.04132077
0.04214513
0.04132434
0.04775753
0.04962638
0.04522954
0.043364905
0.040764976
0.043531332
0.04035032
0.039648548
0.04007965
0.041263543
0.040496346
0.03842555
0.03666514
0.03607934
0.03678728
0.03696423
0.035711646
0.038116273
0.038433094
0.03765785
0.041021895
0.037165135
0.035608336
0.03477969
0.033682782
0.03423927
0.036427576
0.035659418
0.034781925
0.035741877
0.037212066
0.035902992
0.03674291
0.03856113
0.03939018
0.0377307
0.037717428
0.03972037
0.038804077
0.040442534
0.038993742
0.03994643
0.03987972
0.04248178
0.041037004
0.041742295
0.04351331
0.04528527
0.043576047
0.04043948
0.04097348
0.03856419
0.040944505
0.042142943
0.038318995
0.03733027
0.03804806
0.038644437
0.042697072
0.041782983
0.04030862
0.041478053
0.041640915
0.045292605
0.04554818
0.043113463
0.04140359
0.041371472
0.04165556
0.038582694
0.03709409
0.039376028
0.03825643
0.041120708
0.038510412
0.038244996
0.036503162
0.038155448
0.03804686
0.03925918
0.038716916
0.038096868
0.037248906
0.038815927
0.03759041
0.038590163
0.038486272
0.036901597
0.0355111
0.035682924
0.03723918
0.037084233
0.03882014
0.04088109
0.042400315
0.043830168
0.041736547
0.03980758
0.038542964
0.03784339
0.039327916
0.040771343
0.043808047
0.044498194
0.046114262
0.047529504
0.04684097
0.04515588
0.046285376
0.046350557
0.04697191
0.04812825
0.04774956
0.04550245
0.042943195
0.041459702
0.039593797
0.0391053
0.040673044
0.041375164
0.04149097
0.045934815
0.046053678
0.046546284
0.044719376
0.0426745
0.042998724
0.04070713
0.043274324
0.04673079
0.04498296
0.046852805
0.045783527
0.04319131
0.044317305
0.046218555
0.04675326
0.047745883
0.04747677
0.043929428
0.045399576
0.045089375
0.045922026
0.043904267
0.04423346
0.050925113
0.047763385
0.047813766
0.04441281
0.039454263
0.039152935
0.038913764
0.039266482
0.039640006
0.03952727
0.042430334
0.041701853
0.04059626
0.0419004
0.043315344
0.042214416
0.044377908
0.041958112
0.042726025
0.041532468
0.040484678
0.041672852
0.043952875
0.044234134
0.043710418
0.047074962
0.045429677
0.048618767
0.0438255
0.04411956
0.044960886
0.045442495
0.045673568
0.04691154
0.044778403
0.04496399
0.044253882
0.050736416
0.053058896
0.050795447
0.044806775
0.04392053
0.041933503
0.04317962
0.041755762
0.040593624
0.04055303
0.040980652
0.041303035
0.04443026
0.046678998
0.0452211
0.049858
0.045861844
0.045495752
0.043255214
0.042111117
0.043454632
0.04326345
0.045516808
0.045000125
0.044464555
0.04613199
0.046680152
0.04690107
0.05341373
0.06050793
0.056359004
0.046964355
0.050852895
0.050146025
0.05215108
0.048266906
0.04565539
0.040515635
0.041408665
0.04268315
0.043064494
0.04328905
0.045565065
0.04663188
0.04948432
0.047069684
0.044373162
0.044472344
0.04208525
0.041654542
0.04231429
0.041945636
0.040409856
0.04039616
0.040684115
0.042850014
0.045698922
0.048785362
0.049089164
0.051292174
0.04723319
0.049222343
0.047464278
0.045925558
0.047071747
0.049957458
0.05268231
0.052588202
0.053316094
0.048034456
0.0476808
0.04509437
0.044599243
0.044018395
0.04318889
0.044526413
0.045459606
0.043619532
0.045347407
0.04634996
0.0457142
0.048283994
0.05138192
0.050925672
0.049986597
0.04741038
0.04259741
0.042304553
0.042083845
0.040696617
0.041718174
0.04132554
0.040276762
0.038994864
0.039509863
0.038480386
0.042640716
0.043124128
0.04195103
0.042924803
0.044974823
0.043822676
0.04899304
0.045485586
0.045263667
0.043208692
0.04061994
0.04195924
0.04099494
0.038794976
0.039554533
0.04232804
0.044147883
0.048310816
0.049186736
0.04581913
0.04350492
0.042627946
0.042559545
0.043091293
0.042087916
0.04846843
0.0498532
0.051219586
0.054476786
0.05257145
0.05031854
0.049854472
0.04947081
0.04681228
0.043026797
0.04094833
0.040922724
0.042932883
0.04285926
0.04479852
0.046751827
0.04594815
0.04463564
0.048442338
0.04946041
0.04924572
0.046929616
0.04708874
0.04247676
0.043721918
0.043912772
0.041525286
0.03957887
0.039245903
0.039879255
0.040721636
0.039990515
0.042020526
0.043336656
0.0429758
0.042376276
0.04697886
0.048301283
0.0473383
0.049814142
0.05004534
0.048970178
0.04950025
0.04862485
0.046786647
0.045338936
0.043787733
0.04126663
0.03904599
0.038826898
0.03921284
0.038406562
0.038529508
0.038955245
0.038614888
0.04040651
0.044729695
0.050014153
0.047563102
0.047417674
0.045197
0.040616155
0.041130524
0.038026683
0.045119148
0.05170394
0.05264371
0.05782963
0.05183319
0.045191713
0.043870457
0.042031035
0.043633193
0.046449512
0.046831768
0.052285563
0.050437804
0.046974562
0.04459457
0.04497963
0.046982285
0.04459394
0.048023064
0.04876863
0.0483544
0.045780823
0.047300752
0.045737438
0.0460738
0.045821574
0.0448698
0.043362513
0.041398007
0.04101834
0.03890211
0.04350429
0.043710887
0.045958515
0.046756253
0.048352998
0.045579296
0.046120767
0.04621556
0.0456108
0.046724208
0.044702996
0.044365037
0.04437133
0.045356985
0.044059772
0.04765363
0.047116384
0.047405038
0.045281306
0.04639848
0.045563307
0.04750091
0.048154183
0.048062153
0.0483342
0.049909145
0.04826549
0.046321295
0.048850443
0.04853816
0.04730569
0.047806013
0.04647
0.044877514
0.042089377
0.040343855
0.039630592
0.03978722
0.0420488
0.042803876
0.041197937
0.04149815
0.041933242
0.038693246
0.042902503
0.042903233
0.04184867
0.04507421
0.045742374
0.043514542
0.044394046
0.044937808
0.043255117
0.043147795
0.041177325
0.04169301
0.0434272
0.04120545
0.04245119
0.042762656
0.04312995
0.041017655
0.041278597
0.039839506
0.03931395
0.03933067
0.038145803
0.038920198
0.038735285
0.03926689
0.040224716
0.044435363
0.04409073
0.045018323
0.044215787
0.0428225
0.04143012
0.045131195
0.04803264
0.054515854
0.04860124
0.047171105
0.04378226
0.04089971
0.04127814
0.04374835
0.04788088
0.05046762
0.0558878
0.05560398
0.052592628
0.048781715
0.047601826
0.04405187
0.043924183
0.04307379
0.04525529
0.044108756
0.04451452
0.042657714
0.042518415
0.03845121
0.03864569
0.038037896
0.042488325
0.04267408
0.047355685
0.047172252
0.049411014
0.045145035
0.04714105
0.04512625
0.043650128
0.043714665
0.045147996
0.04443628
0.044505797
0.044361457
0.045245208
0.046122782
0.04501948
0.046102148
0.049503073
0.049407575
0.050049156
0.051175933
0.050384454
0.048833672
0.04907303
0.046726048
0.04504243
0.04382731
0.045088325
0.04315013
0.043415383
0.043162063
0.046113994
0.044916783
0.04499977
0.045318175
0.045570586
0.04143966
0.04299943
0.043042526
0.04380803
0.04383479
0.047768414
0.04588582
0.04426788
0.04247413
0.04309127
0.042548824
0.042240296
0.043910224
0.04373761
0.045413606
0.042618107
0.045866385
0.047579892
0.050191894
0.04943783
0.049340755
0.045988027
0.04885444
0.047126856
0.04512789
0.048538905
0.049817577
0.045861505
0.04731224
0.047711074
0.0454713
0.044918064
0.04602291
0.04505585
0.04960947
0.04977688
0.04876017
0.047418527
0.04855435
0.049431447
0.05021628
0.050358687
0.052489344
0.05289014
0.047389172
0.047474235
0.04835335
0.04800717
0.046139162
0.050647363
0.048868325
0.04942852
0.048135478
0.04693551
0.043851994
0.04390533
0.0458663
0.049699575
0.05441472
0.06155481
0.05530625
0.051940627
0.047236368
0.044840526
0.045173228
0.044632196
0.046229884
0.04766054
0.04783645
0.046556138
0.050086103
0.053235233
0.050685607
0.046902683
0.050334655
0.04434996
0.045023285
0.051833395
0.05497167
0.061871655
0.05191936
0.04588844
0.04036093
0.0540325
0.065441474
0.06780141
0.06928299
0.0593572
0.042826403
0.045935392
0.056060154
0.06382786
0.068689406
0.07398901
0.063243985
0.051046155
0.050410423
0.043488782
0.042905062
0.044604987
0.04913185
0.050486136
0.051944993
0.049436837
0.04890731
0.044499572
0.04263801
0.0408891
0.041717492
0.038926877
0.040615767
0.041107077
0.044199992
0.04541352
0.048362415
0.04731979
0.04629854
0.045000132
0.042832643
0.040361915
0.04101047
0.043089867
0.041248344
0.041479442
0.040877603
0.04219725
0.039632067
0.039813522
0.040607978
0.041865602
0.043096405
0.04529156
0.044050932
0.042606935
0.042227045
0.04165679
0.03992823
0.039125003
0.041458104
0.042854495
0.04594475
0.046551775
0.048123624
0.04972254
0.049212616
0.04923701
0.048685655
0.04793332
0.049091753
0.047522422
0.04663563
0.045616046
0.042715333
0.039519414
0.039918933
0.044152994
0.041986983
0.043802086
0.045973733
0.046475846
0.04233454
0.045446135
0.044004444
0.04086435
0.039635587
0.04170649
0.042277094
0.041950654
0.0450955
0.046938524
0.047359873
0.047549576
0.046294264
0.048050765
0.050595686
0.048368327
0.04739791
0.04833448
0.04580072
0.043098364
0.043250155
0.04374566
0.04358019
0.04514782
0.043438476
0.042171355
0.039610177
0.039282095
0.037607867
0.03429568
0.036769655
0.03848597
0.04002201
0.041161828
0.043056455
0.04232971
0.04088166
0.03918315
0.037496176
0.037764415
0.038342196
0.03927669
0.04077043
0.041715
0.042306215
0.04283552
0.04042154
0.04008902
0.04151274
0.04042417
0.040998258
0.0414132
0.044242423
0.04685825
0.04786985
0.0485445
0.048481837
0.047861114
0.04500727
0.045157034
0.04375655
0.042072106
0.040727235
0.040826447
0.041011456
0.03994469
0.042267486
0.041014556
0.041793823
0.04280463
0.042936306
0.04351476
0.04377723
0.04640439
0.04276484
0.040858343
0.039246388
0.0378624
0.03820484
0.03619814
0.03569969
0.039815385
0.03986002
0.039936315
0.04123431
0.04644598
0.051455993
0.04915984
0.046496574
0.051679414
0.053190183
0.047451533
0.046394024
0.049208798
0.046541624
0.0446833
0.043109454
0.04166647
0.043608237
0.042113088
0.039708003
0.03804322
0.038360238
0.03705994
0.03908684
0.03643255
0.037968837
0.03979587
0.039720297
0.039762456
0.03990257
0.039133597
0.039388556
0.03857653
0.038393106
0.04004982
0.038735427
0.039429165
0.04028822
0.041650746
0.042456936
0.04333324
0.04561465
0.045929518
0.044468362
0.04204937
0.04028767
0.039118182
0.03766999
0.037340928
0.036027864
0.03663072
0.03798058
0.037734635
0.038391765
0.03794068
0.037802294
0.038430516
0.038294975
0.037367012
0.037272654
0.037321445
0.038014475
0.03807631
0.03897099
0.039973166
0.04026551
0.04110135
0.04148335
0.042417813
0.042995095
0.04233034
0.042290762
0.042472642
0.04199749
0.043638647
0.043609373
0.04212495
0.04368909
0.042978972
0.04196156
0.041824616
0.040159725
0.039425068
0.04184927
0.039753564
0.04073383
0.041282196
0.04244548
0.04215899
0.041703105
0.040599626
0.04145219
0.04112158
0.041605234
0.04070424
0.043395374
0.043672238
0.04413267
0.045253035
0.045752134
0.046460174
0.045305934
0.042777814
0.04210811
0.042163994
0.041464534
0.04136836
0.042439304
0.042517375
0.04300377
0.04291347
0.04508249
0.046304557
0.045143872
0.044699535
0.04383064
0.043309133
0.045723494
0.043802675
0.042202476
0.042402335
0.041397244
0.04079627
0.040181138
0.040183913
0.040962875
0.040736813
0.040436234
0.041774508
0.04098657
0.04146886
0.03961998
0.036994807
0.03925366
0.039306384
0.03828788
0.040171526
0.039886877
0.040102433
0.04106016
0.041383315
0.041310806
0.042463608
0.04175928
0.043087024
0.04484606
0.04634123
0.047100764
0.047176998
0.049902625
0.050111566
0.04994528
0.049062375
0.051496163
0.051637977
0.048505697
0.047270294
0.04335852
0.04286435
0.041532516
0.04117873
0.0414355
0.04090857
0.042048983
0.04210371
0.042226017
0.04154105
0.040276755
0.041289054
0.041787922
0.044185523
0.04684753
0.047675166
0.05030113
0.05234817
0.055274136
0.053313415
0.052419674
0.04850989
0.047485333
0.045703985
0.044810917
0.043688785
0.044322226
0.04504085
0.044393823
0.04621392
0.046354547
0.04570396
0.047760073
0.045368314
0.04854623
0.048352335
0.05254538
0.04844109
0.04812994
0.049214974
0.04642393
0.04177104
0.038242485
0.042755
0.043118667
0.043495122
0.04499
0.04916689
0.05135489
0.053194754
0.05649377
0.05612788
0.05360058
0.0528761
0.053224064
0.049094524
0.049795743
0.049339887
0.047048207
0.046483625
0.044310134
0.04248095
0.039868582
0.040736176
0.043245014
0.04448061
0.044438593
0.047648393
0.04896903
0.052278876
0.05144296
0.06783095
0.06821195
0.06473954
0.063295454
0.06125405
0.060370047
0.049483437
0.05132976
0.051205464
0.053311586
0.054420605
0.053119108
0.051566444
0.05133802
0.04891359
0.04831283
0.04350206
0.04281802
0.042358465
0.042871963
0.042942062
0.045228835
0.04579823
0.049314827
0.052823633
0.050976653
0.05369413
0.050444186
0.05045477
0.049417555
0.048119783
0.04732422
0.04717106
0.048583884
0.04844185
0.046788126
0.04794453
0.050375335
0.047609653
0.047266126
0.048289783
0.050525263
0.050164048
0.05159563
0.05157521
0.050195247
0.049911756
0.050512735
0.047318436
0.04973301
0.051963896
0.052643135
0.050760146
0.049114544
0.045529306
0.046107832
0.044591844
0.044372573
0.046048846
0.044499684
0.04630172
0.046531007
0.048975755
0.047308736
0.047081996
0.046040595
0.046803255
0.04666381
0.047966033
0.045600656
0.04783894
0.047169525
0.05043933
0.051460367
0.052652955
0.05471219
0.055624757
0.05897489
0.054785706
0.051852778
0.049275246
0.0481361
0.046663426
0.0431161
0.042080022
0.043355733
0.044397242
0.04526869
0.046993144
0.047614295
0.052262764
0.058893956
0.06221146
0.061028786
0.05855328
0.05818252
0.05668521
0.054791912
0.054775454
0.05631213
0.053602923
0.05128959
0.052483622
0.053229667
0.049531676
0.047859628
0.048973463
0.049292892
0.047777608
0.04611403
0.045331426
0.045697846
0.047894187
0.047457367
0.04992448
0.05314778
0.053920317
0.05576526
0.054909185
0.054318894
0.05102397
0.04871552
0.046274457
0.04711494
0.045323495
0.046692666
0.048481632
0.05186036
0.054770313
0.05494396
0.05690198
0.05887376
0.06018587
0.057387672
0.06093363
0.06089674
0.0605073
0.060612645
0.06063191
0.061682563
0.06719542
0.06433041
0.06323127
0.06429527
0.0596966
0.056409013
0.05877943
0.05809265
0.057858486
0.057491217
0.05488403
0.051709622
0.0504844
0.048957165
0.048922874
0.049522743
0.05126405
0.051097594
0.051259894
0.05260028
0.053848032
0.0513946
0.050428428
0.050950315
0.05142561
0.050668754
0.049832486
0.049190685
0.05227451
0.05434573
0.05374993
0.05523873
0.057998758
0.06499162
0.061924897
0.06192968
0.060212146
0.056126826
0.056729086
0.05343868
0.054484654
0.052681074
0.055071186
0.05688998
0.059165392
0.058579385
0.055972155
0.057946835
0.05694919
0.055480782
0.05205067
0.0515302
0.05320574
0.05045086
0.052691042
0.05516091
0.05651991
0.05546056
0.057707127
0.05807541
0.06430353
0.057594296
0.062092107
0.061253365
0.06634888
0.060619347
0.064402506
0.06541487
0.06379394
0.063257694
0.05744815
0.05946314
0.057079438
0.058625657
0.05767144
0.061971735
0.059468307
0.05931295
0.055463884
0.054305702
0.05319448
0.05241826
0.05446028
0.057093292
0.057234466
0.055249177
0.058004774
0.05734308
0.056354586
0.05587043
0.051938355
0.05389426
0.055544395
0.05914492
0.05616227
0.0548847
0.0554985
0.056436688
0.056116812
0.057751223
0.05926718
0.057857163
0.058343776
0.055808872
0.054627523
0.053760625
0.054025225
0.055002086
0.052611742
0.053607155
0.052089658
0.053078726
0.052516792
0.05128258
0.05053326
0.051801495
0.052871846
0.053647008
0.05400899
0.054659493
0.053318612
0.055722345
0.055213235
0.05641846
0.058359392
0.058934137
0.05897268
0.059711058
0.06007989
0.059582718
0.059103962
0.059213117
0.061727952
0.058111392
0.054453347
0.05191531
0.052241568
0.053180784
0.051522084
0.050159942
0.05298222
0.052172832
0.058461245
0.05601285
0.054859024
0.05605248
0.056352977
0.05619646
0.058047365
0.05324271
0.055404436
0.0547559
0.053276844
0.055793256
0.05753509
0.057118785
0.059068117
0.060679965
0.06332558
0.06086814
0.061369706
0.06370066
0.06381974
0.062099267
0.06245883
0.062447872
0.06483908
0.064740986
0.06339578
0.06595983
0.064365946
0.06089365
0.059384264
0.054743607
0.055660654
0.056089543
0.057252295
0.05682938
0.05586337
0.05744589
0.05697959
0.058153164
0.05731695
0.058115996
0.05683352
0.05629493
0.053953942
0.053941675
0.052619588
0.053530786
0.0514378
0.05499384
0.055164155
0.05491004
0.053901963
0.054843266
0.051370118
0.053968284
0.051542055
0.052784737
0.05499581
0.054616503
0.05574766
0.057036262
0.0577056
0.058626376
0.05845448
0.05871656
0.06255459
0.06324884
0.06212549
0.061491035
0.06367469
0.062702484
0.061137322
0.061432183
0.061763488
0.06449856
0.06593047
0.07047398
0.06730543
0.06553441
0.07087082
0.06784135
0.06590597
0.06814258
0.06706306
0.06605641
0.06392125
0.06373138
0.06652445
0.06672323
0.06868752
0.0663299
0.06584854
0.065126896
0.06485668
0.06793774
0.06844358
0.06802472
0.0653737
0.06551819
0.06333314
0.05913138
0.05941535
0.060442332
0.06071573
0.059315685
0.059994444
0.061730813
0.06287601
0.061601333
0.061925553
0.06012452
0.061473716
0.060845964
0.0592507
0.059035573
0.06178634
0.06319431
0.06295744
0.0627869
0.06534698
0.06842045
0.06559035
0.06637708
0.06877987
0.06769732
0.065805055
0.061422702
0.060178418
0.058491398
0.058315706
0.05821084
0.056423854
0.057778466
0.05980886
0.059748404
0.060952302
0.06279982
0.061623868
0.063345544
0.064679965
0.066569164
0.067061886
0.066597
0.063700765
0.06592641
0.06829227
0.070041746
0.069576934
0.06992642
0.06973467
0.06708057
0.07107559
0.07200833
0.06854441
0.06847139
0.0705988
0.070676245
0.06908071
0.06947052
0.06764877
0.06828004
0.067513674
0.06965459
0.068860896
0.0716359
0.06947201
0.069107674
0.065572426
0.063014425
0.06304738
0.06282878
0.060550664
0.062420137
0.06413474
0.062622234
0.06474143
0.061335687
0.060625084
0.063492894
0.05906557
0.06060191
0.059377555
0.05646408
0.055539194
0.056101467
0.0582921
0.060809854
0.061032727
0.06289014
0.06507536
0.06905464
0.06977042
0.066942625
0.069593064
0.07113438
0.06953117
0.06821245
0.06359316
0.06567174
0.06426271
0.060616903
0.062257193
0.06634982
0.065812
0.06590454
0.06476353
0.0643485
0.06508588
0.065163374
0.060929034
0.058734674
0.059735637
0.061591323
0.06315503
0.06419589
0.06326664
0.06294929
0.06168359
0.060513485
0.061151333
0.0614631
0.059741553
0.058041602
0.060715415
0.06484788
0.065579206
0.062728114
0.059684303
0.057903226
0.061828513
0.06258519
0.06013249
0.06076008
0.06085411
0.061264325
0.06285031
0.061353575
0.060452018
0.061689142
0.06103363
0.062344816
0.06380839
0.06761727
0.0702491
0.069583535
0.072320856
0.06962258
0.072355285
0.07267768
0.07266338
0.06967229
0.07295382
0.07273994
0.07508088
0.07363558
0.079688214
0.081625834
0.08260947
0.080583334
0.08283759
0.087252304
0.08276739
0.08122699
0.07956789
0.07434938
0.07829127
0.07412862
0.073526464
0.078359164
0.08132658
0.079423286
0.07332598
0.07113965
0.07117532
0.06944989
0.07373943
0.07746453
0.07769952
0.078215376
0.07831328
0.07323612
0.07650595
0.07258583
0.0728528
0.06980864
0.06859073
0.068112016
0.069729395
0.062724315
0.061290175
0.062144354
0.063600704
0.06330026
0.068830326
0.07063479
0.071623616
0.07443971
0.076387934
0.077772744
0.07846694
0.07516635
0.07077084
0.07141899
0.06986779
0.07055308
0.07002006
0.070248485
0.07041066
0.07429979
0.074530326
0.0712997
0.07060384
0.07074938
0.07355737
0.07513117
0.077012494
0.08453849
0.085153915
0.08485787
0.08210708
0.07917117
0.076522514
0.075611584
0.07585989
0.07420336
0.07608257
0.07902734
0.07843322
0.07425897
0.069973655
0.06804372
0.06647814
0.06590398
0.06741252
0.068054125
0.06838218
0.07221956
0.07335576
0.074303076
0.0706606
0.06917402
0.07141964
0.06891674
0.0657939
0.06537674
0.06442074
0.070750326
0.07036254
0.070683934
0.0728791
0.07093121
0.07367442
0.075729325
0.07282195
0.07347088
0.07490457
0.07309163
0.07525452
0.0768887
0.07544552
0.077137366
0.07783091
0.0821895
0.08876998
0.087222934
0.09001232
0.09029294
0.08885176
0.081233345
0.084003344
0.083758645
0.082539305
0.08419957
0.07750869
0.077420875
0.07611773
0.07455195
0.07291717
0.07236808
0.078135855
0.08186128
0.0818737
0.08220042
0.08531145
0.08512084
0.07942535
0.07888739
0.076038346
0.077425875
0.07776765
0.07899588
0.08455942
0.08156122
0.079074
0.079825535
0.0844068
0.08394988
0.08840909
0.08461679
0.09274617
0.09609726
0.08910683
0.08959243
0.09128724
0.0919069
0.08673722
0.08283854
0.08490909
0.086458914
0.079560935
0.07760838
0.07459033
0.075288005
0.07202204
0.07010854
0.06981245
0.07679811
0.080061585
0.07802681
0.07862369
0.0794726
0.07584075
0.0759001
0.07080289
0.06554859
0.06481605
0.064496204
0.06423164
0.06827074
0.07156626
0.07309412
0.07655767
0.07822445
0.08334369
0.08349909
0.081386596
0.08365409
0.08528347
0.088451974
0.08811832
0.08385076
0.08480745
0.086374596
0.08262329
0.08129936
0.08343726
0.08830396
0.09106142
0.088501036
0.08862142
0.08032621
0.08140765
0.07778981
0.074700825
0.076976925
0.077614315
0.078526646
0.080004096
0.074370556
0.07287283
0.07362375
0.07392102
0.07342282
0.074975744
0.07715229
0.08020723
0.081312045
0.08068217
0.07967309
0.079405256
0.077129595
0.07153475
0.07221002
0.07041942
0.06851158
0.07172962
0.06868673
0.07078514
0.07882005
0.08118258
0.08151321
0.08096499
0.077247955
0.08573778
0.088658564
0.088813394
0.09178465
0.09225453
0.09247628
0.08717322
0.08515845
0.08407519
0.07982457
0.08462547
0.09030335
0.0969055
0.097991265
0.09684241
0.098937556
0.09699053
0.09382657
0.08956576
0.09348707
0.097651266
0.0972149
0.0955735
0.09931666
0.10190629
0.09692247
0.08662145
0.08806837
0.08853488
0.08708164
0.08890069
0.09286141
0.09716322
0.09016601
0.08850584
0.08739605
0.08899468
0.08341961
0.07787347
0.08014608
0.08296377
0.08008465
0.08458704
0.08403745
0.08694768
0.088816136
0.089119606
0.08744744
0.08662204
0.08298807
0.08615673
0.08657368
0.086976185
0.08859513
0.086612985
0.086398326
0.08517811
0.080637455
0.079799265
0.08236289
0.08148524
0.0837248
0.09022768
0.0924795
0.091710895
0.09395038
0.097244866
0.10049772
0.09792161
0.09679026
0.10078272
0.09120528
0.08929641
0.08698894
0.08658478
0.08372013
0.08229748
0.084811
0.087097555
0.08704547
0.08590644
0.08466655
0.09405025
0.09421068
0.09692183
0.09915221
0.09719222
0.10155227
0.092509724
0.086181186
0.08337485
0.08591655
0.09259121
0.09438099
0.10425443
0.10579621
0.10945792
0.10609495
0.107234076
0.09653381
0.09027219
0.09627216
0.09752201
0.09677078
0.090040945
0.08703944
0.08413829
0.094458885
0.10712038
0.1139213
0.11516154
0.11549979
0.11248437
0.10382274
0.09754388
0.07712395
0.08200088
0.0821579
0.088789195
0.090693176
0.0890438
0.09220829
0.09375698
0.099735886
0.09616165
0.09215114
0.09150963
0.094407514
0.09352349
0.09203162
0.079951115
0.08907183
0.09388321
0.09488663
0.09286468
0.08909437
0.08626184
0.09093432
0.08571871
0.08487838
0.095441245
0.10112669
0.11383884
0.1114331
0.109286495
0.11313011
0.11447747
0.1113159
0.103676684
0.112263046
0.11141348
0.10801897
0.09813079
0.09384512
0.102282725
0.11113226
0.11133517
0.11384354
0.107586026
0.11449068
0.106419556
0.0947895
0.08528187
0.08735954
0.090232156
0.0884091
0.09068875
0.089517266
0.09353946
0.09489945
0.0940784
0.09281695
0.09114464
0.096130244
0.09573034
0.097794496
0.09539086
0.09785127
0.09909904
0.10090817
0.10285618
0.10904884
0.11721908
0.11343653
0.10795959
0.110090785
0.112640336
0.1078718
0.10325727
0.10364708
0.102673665
0.10246525
0.097777784
0.09628138
0.097046964
0.09884428
0.09265772
0.093990415
0.09971205
0.103288405
0.101058155
0.09765717
0.09606412
0.10767782
0.10781256
0.10729123
0.10955172
0.11987006
0.124977864
0.11398647
0.1172934
0.114427306
0.11176779
0.11164306
0.111921914
0.12219655
0.123205185
0.12139844
0.12822826
0.13144238
0.124453604
0.12105354
0.11956436
0.11735264
0.11191004
0.10521859
0.11445775
0.11184716
0.1179152
0.117137454
0.12438396
0.12641275
0.12371216
0.11562542
0.113760486
0.10423523
0.09982626
0.10011699
0.104609504
0.094701484
0.09480159
0.0972597
0.10051692
0.10157684
0.10400707
0.10188606
0.105364114
0.10416314
0.09994088
0.09851157
0.09586103
0.09097762
0.09252307
0.08818936
0.08868996
0.08944592
0.09173647
0.09309375
0.10070276
0.10423551
0.10450852
0.10793247
0.10715803
0.10614301
0.10355098
0.09428503
0.09439566
0.09334938
0.09858517
0.09970813
0.10007925
0.10234091
0.10058846
0.102747545
0.10694793
0.10893952
0.10285129
0.10682753
0.111345924
0.12180951
0.12111959
0.11381095
0.11183565
0.120398894
0.11129731
0.10963673
0.106390595
0.10567472
0.10688358
0.11017223
0.10180434
0.09772501
0.09926643
0.092319146
0.086953856
0.088789724
0.08797849
0.07983932
0.0850451
0.097374104
0.09640492
0.10463387
0.11003144
0.11285051
0.116134055
0.12767671
0.12555145
0.11553203
0.118733354
0.11551403
0.11686964
0.120853804
0.11963036
0.12186305
0.11404541
0.10914108
0.113239154
0.11909178
0.11170948
0.10749317
0.1069113
0.11338584
0.115451045
0.120018415
0.10844968
0.11630302
0.12599681
0.12523481
0.13006718
0.13385265
0.12711138
0.13489251
0.12785353
0.12294374
0.12000716
0.11483612
0.106944695
0.11113936
0.10823936
0.109297685
0.1055963
0.11294516
0.11279207
0.11669695
0.12128283
0.10867903
0.10898121
0.10939826
0.10514985
0.10029502
0.10148275
0.100770935
0.0988925
0.10016971
0.09598771
0.09674071
0.09683415
0.09639312
0.09480052
0.08861054
0.08875225
0.08787066
0.08918898
0.09086462
0.09256896
0.093073204
0.09499675
0.09774205
0.1009954
0.100359425
0.10332584
0.107090004
0.10677835
0.10185291
0.09869185
0.098200865
0.09456439
0.09631414
0.09645728
0.09492605
0.09000542
0.08763284
0.08553224
0.08734703
0.090755135
0.09408589
0.09344919
0.09084902
0.08797162
0.09029128
0.09540843
0.09345669
0.092613004
0.090886675
0.087672815
0.08587347
0.086403266
0.085100785
0.09111019
0.09230539
0.09276687
0.09225025
0.09325121
0.09258541
0.105232306
0.10251473
0.103241764
0.10484543
0.099632636
0.10189239
0.10362095
0.10366542
0.108960606
0.09930942
0.10065744
0.09601386
0.09221817
0.09733089
0.096246324
0.097878866
0.0972434
0.096945725
0.09915958
0.10182
0.10453901
0.10789721
0.11306952
0.10633709
0.10839353
0.10816075
0.11016833
0.11008926
0.1094076
0.11384494
0.11607923
0.119579084
0.117143765
0.12010214
0.117813274
0.11652391
0.11645546
0.118770406
0.12075139
0.12391808
0.11616507
0.1257862
0.13233028
0.13723202
0.13778414
0.13496137
0.13363098
0.12644951
0.11995164
0.12262793
0.11846601
0.11033993
0.1100269
0.110203624
0.10695807
0.108492754
0.106925644
0.111897215
0.1084056
0.113788135
0.11776442
0.119429044
0.12286128
0.12609936
0.12827753
0.1277363
0.13043503
0.13122086
0.13021752
0.13373762
0.136277
0.13471663
0.14091234
0.13999084
0.14172845
0.14711626
0.14602093
0.1419316
0.13195728
0.13124068
0.13278522
0.1298821
0.12431687
0.11348912
0.11220625
0.11528593
0.11254338
0.11529762
0.11317636
0.11500223
0.113872945
0.11728252
0.119052656
0.12029315
0.1202433
0.11980624
0.116691545
0.11583116
0.11799018
0.11635133
0.12315526
0.124755755
0.12400666
0.12738776
0.12538557
0.12302262
0.12500268
0.12166958
0.12193099
0.11646134
0.11357333
0.111994684
0.11089632
0.11352044
0.11477225
0.114580356
0.11201652
0.114368364
0.11177285
0.11291567
0.117844716
0.11547862
0.119851805
0.11940686
0.113377154
0.12020612
0.122147314
0.12344201
0.12574118
0.12829058
0.12643293
0.12663406
0.12716497
0.13406628
0.13403134
0.1247241
0.11723968
0.114167444
0.11454356
0.11310906
0.115166225
0.11582102
0.11068223
0.10723966
0.10912059
0.114611596
0.117855
0.12154623
0.122023515
0.11725655
0.1178027
0.116118684
0.115529716
0.119800605
0.11823176
0.11591613
0.115061656
0.11240502
0.11237532
0.11330646
0.11581688
0.11545994
0.11594784
0.114433326
0.11731979
0.11675841
0.1255817
0.12723726
0.13839848
0.14055024
0.14349982
0.14445615
0.16146158
0.16810125
0.16102149
0.16663665
0.16596843
0.16862552
0.16162293
0.16059135
0.15759456
0.15062225
0.1357015
0.13302092
0.13581768
0.13540518
0.13373551
0.1353368
0.13164625
0.12851733
0.1333952
0.13617262
0.13120979
0.13085963
0.14109617
0.15131529
0.14956506
0.14552866
0.13886663
0.16666663
0.17073414
0.19576623
0.22080646
0.19406468
0.1756718
0.16662055
0.16209719
0.16040906
0.15858333
0.15873344
0.13786031
0.14533404
0.13580084
0.13148704
0.13754609
0.14505732
0.14040895
0.146491
0.1479066
0.14992154
0.15301283
0.15078147
0.14494918
0.1401912
0.14012548
0.13324583
0.13293068
0.12857273
0.12844448
0.12415941
0.12641294
0.11975766
0.11017955
0.11081975
0.11055333
0.108403206
0.10973017
0.111777164
0.11345048
0.11507225
0.11535649
0.11440903
0.11399313
0.11638941
0.116211526
0.12092467
0.12337007
0.13032699
0.13099667
0.13218585
0.13405016
0.13279082
0.12811725
0.11769376
0.11366357
0.111556165
0.119653
0.122308835
0.115654565
0.11408746
0.109611325
0.10641899
0.11044358
0.107760385
0.10428196
0.10270711
0.10167182
0.09903375
0.10577758
0.11125838
0.11138943
0.11640021
0.116093524
0.117305666
0.11389273
0.14173156
0.14875826
0.15071084
0.1488088
0.15635753
0.16462858
0.16513106
0.17941985
0.16558146
0.16236092
0.16064745
0.16752292
0.18643197
0.19738314
0.18645595
0.17425174
0.14290093
0.14765124
0.1403076
0.1352642
0.13189258
0.13290355
0.13421841
0.13308358
0.13069296
0.13245599
0.13202548
0.12565589
0.115788445
0.11934504
0.12182797
0.12785088
0.13282664
0.13260153
0.13671839
0.13853829
0.14384148
0.1487576
0.15230432
0.16179834
0.20116547
0.2059134
0.23180825
0.2342412
0.22342965
0.22294562
0.21515578
0.2010007
0.19781701
0.19811963
0.21916643
0.20786625
0.20572612
0.21016018
0.19794004
0.19897093
0.1609612
0.16295654
0.16595548
0.16451378
0.16058837
0.16180976
0.17040285
0.17363231
0.17348704
0.16942908
0.1663884
0.16404283
0.18256149
0.18419845
0.18821813
0.18861546
0.17851612
0.17570946
0.17451736
0.18345782
0.1862258
0.18326329
0.17945501
0.17881693
0.17899363
0.18530312
0.18661723
0.1890234
0.19998324
0.20002288
0.18852049
0.1732421
0.17598613
0.17418495
0.17820057
0.18148187
0.18078104
0.17962137
0.17318858
0.18032707
0.17256853
0.17428724
0.17922261
0.18050121
0.18127017
0.17459342
0.1886593
0.17879727
0.20190378
0.21560982
0.22284359
0.22701071
0.22921476
0.24108893
0.24688913
0.23591155
0.25016388
0.2693609
0.27551943
0.27337182
0.25721732
0.2480454
0.23933737
0.23070753
0.2282747
0.22895923
0.22473963
0.2285775
0.22374658
0.2251373
0.22691257
0.22300331
0.21479838
0.21871842
0.22938326
0.23359613
0.23779042
0.24761929
0.24830282
0.24518731
0.24982126
0.28420937
0.2983528
0.30351055
0.32751232
0.332424
0.34396613
0.3512297
0.34096283
0.33269557
0.29233432
0.33011737
0.33446383
0.36115563
0.34747374
0.3232158
0.33951202
0.33118102
0.3362711
0.37053508
0.37590712
0.35108054
0.34158993
0.31822968
0.3077674
0.2990777
0.29204315
0.30128554
0.30211732
0.3053054
0.30736881
0.29888782
0.2912081
0.27202484
0.27785838
0.28223544
0.27620238
0.31681183
0.32776743
0.41485456
0.38371772
0.41474763
0.40169787
0.4028278
0.40950415
0.44599405
0.475977
0.5038214
0.5337754
0.51626915
0.5746271
0.6243684
0.6985307
0.66736543
0.6426482
0.62784946
0.63294363
0.6083049
0.5986493
0.601668
0.6224305
0.6214959
0.6214959
0.6214959
0.6214959
0.6214959
0.6214959
0.6214959
0.6214959
0.6214959
0.6214959
0.6214959
0.6214959
0.6214959
0.6214959
0.6214959
0.6214959
0.6214959
0.6214959
