8899.882
2709.25
1174.9458
801.13586
622.93896
516.1528
442.54834
388.23462
346.41232
311.71457
283.26956
259.3067
239.18004
221.14458
205.38089
191.52649
179.32803
168.0732
158.1436
148.87294
140.78525
132.8506
126.0252
119.8844
113.913345
108.36963
103.83656
99.688194
95.83024
91.465645
87.23497
83.44491
80.19129
77.24039
74.416954
71.11736
68.8914
66.153755
64.0747
61.688812
59.66941
57.819447
56.053207
54.052887
52.5103
50.9023
49.52748
47.878178
46.6149
45.25621
43.91415
42.658447
41.686726
40.49929
39.813198
38.61557
37.529182
36.716087
35.74393
34.813335
34.136993
33.279816
32.45174
31.728508
31.032873
30.493925
29.76005
29.221823
28.559462
27.964397
27.599361
26.877684
26.335106
25.889902
25.364515
24.919035
24.508589
24.041508
23.626558
23.21755
22.933704
22.48622
22.179804
21.781267
21.439518
21.073374
20.791546
20.440552
20.136023
19.94102
19.534931
19.280136
18.906141
18.706623
18.538462
18.209
17.915953
17.676409
17.47025
17.255884
17.010994
16.835041
16.540892
16.355173
16.17477
15.965736
15.785125
15.511349
15.384921
15.2202835
15.0107565
14.891726
14.754456
14.614374
14.413162
14.238306
14.080505
13.898285
13.845753
13.659883
13.492087
13.398161
13.208914
13.074898
12.954171
12.91045
12.7506275
12.6024
12.485578
12.344789
12.260329
12.302396
12.085239
12.091176
11.881877
11.772916
11.658822
11.532131
11.497231
11.400272
11.300763
11.209675
11.05333
10.994492
10.889085
10.845383
10.889354
10.6356
10.584249
10.508729
10.399343
10.320509
10.258124
10.17233
10.106986
10.000058
9.989819
9.878116
9.823706
9.759402
9.718251
9.609647
9.534657
9.450077
9.400455
9.403267
9.319085
9.187901
9.151371
9.116837
9.047097
8.981629
8.923376
8.861647
8.799064
8.76313
8.708837
8.647498
8.670038
8.602652
8.4770775
8.52415
8.470606
8.345931
8.312442
8.310276
8.241895
8.228959
8.1161175
8.107891
8.028509
7.997596
7.9731326
7.9008503
7.8612356
7.8097777
7.7740445
7.7247095
7.738493
7.680886
7.657876
7.6266418
7.5727096
7.553555
7.4962597
7.472997
7.4029927
7.4022884
7.3449574
7.2952156
7.2810297
7.235393
7.2184796
7.2172656
7.1859994
7.114323
7.114476
7.0604215
7.0358996
7.006235
6.9904246
6.9450684
6.9230695
6.903628
6.8875213
6.869675
6.8389854
6.813062
6.7793183
6.7712092
6.748481
6.703962
6.660316
6.679786
6.636693
6.6184564
6.5710797
6.536308
6.5336018
6.503095
6.483311
6.4687066
6.452667
6.4167585
6.380352
6.350859
6.315264
6.287682
6.283368
6.257421
6.2203684
6.2097597
6.176272
6.1473236
6.1317415
6.104496
6.0762677
6.0512185
6.0292106
6.046953
6.0292077
5.96707
5.9703383
5.956702
5.929245
5.90902
5.871487
5.8672895
5.8785734
5.839702
5.815521
5.8212914
5.7974925
5.7921634
5.771144
5.7633862
5.7543344
5.737526
5.7031245
5.705834
5.6658664
5.695568
5.699727
5.6636147
5.659951
5.6285563
5.607064
5.6051455
5.591115
5.5638947
5.5439076
5.5250177
5.521926
5.503131
5.4582777
5.495551
5.4602795
5.4681516
5.460425
5.41837
5.430389
5.391813
5.378426
5.3655224
5.3637557
5.3456407
5.327768
5.325906
5.303682
5.2872314
5.2760143
5.2639027
5.265297
5.2414703
5.252224
5.2334166
5.221752
5.2339854
5.204068
5.193029
5.1919017
5.186109
5.171205
5.1598516
5.147932
5.1519103
5.129605
5.1199703
5.097679
5.0967073
5.108776
5.0867395
5.0658307
5.0445485
5.037632
5.0327787
5.0194035
5.01325
5.007625
4.983999
4.9778976
4.975247
4.954741
4.950071
4.9439864
4.950308
4.9247923
4.9199376
4.9078794
4.884797
4.8854275
4.880943
4.871393
4.8561873
4.859728
4.842892
4.827678
4.8253555
4.814615
4.7966127
4.783732
4.769996
4.7850647
4.748829
4.76492
4.7782774
4.748312
4.7514706
4.719395
4.728205
4.6938405
4.701614
4.6823993
4.6605053
4.669814
4.6391115
4.6289835
4.6291914
4.63368
4.6341467
4.628002
4.613836
4.605219
4.5946627
4.6030846
4.588355
4.5833645
4.5816407
4.587376
4.5707955
4.5724144
4.57352
4.5758123
4.559524
4.553077
4.5463324
4.530695
4.544097
4.5288334
4.526971
4.510947
4.5209017
4.507928
4.503734
4.487809
4.491724
4.500422
4.481024
4.4698772
4.4666715
4.45871
4.4487653
4.4477925
4.419358
4.4453616
4.4402027
4.4110394
4.4122047
4.4183216
4.396205
4.4128933
4.397781
4.394983
4.3949456
4.376388
4.3833523
4.3650355
4.3879647
4.350005
4.369162
4.344474
4.337144
4.3306656
4.33832
4.320319
4.352775
4.3364105
4.3070097
4.296299
4.297918
4.303377
4.2954826
4.299165
4.2889514
4.300855
4.2817044
4.282625
4.274657
4.2865934
4.2701025
4.2710876
4.269852
4.2671847
4.2579875
4.2370496
4.2622023
4.253443
4.2612934
4.2521152
4.2385736
4.243663
4.241895
4.2480187
4.23667
4.217136
4.199172
4.229645
4.197381
4.2113137
4.1995606
4.1944294
4.202716
4.181833
4.1801944
4.171396
4.1816673
4.1657085
4.156282
4.156045
4.1555963
4.164585
4.1639576
4.1558375
4.150453
4.148307
4.161457
4.1397295
4.150034
4.184935
4.1516004
4.1645412
4.159233
4.136984
4.13466
4.1440997
4.144883
4.1424174
4.15015
4.140083
4.1569896
4.1272244
4.1395
4.152476
4.153145
4.142655
4.127428
4.1352997
4.1699953
4.128766
4.14753
4.13295
4.1155767
4.119451
4.1167984
4.1239457
4.1248007
4.12095
4.12134
4.183464
4.12651
4.1102242
4.104366
4.107616
4.1318827
4.098411
4.1107926
4.102989
4.162935
4.1104145
4.0951157
4.1103716
4.105008
4.097889
4.0843496
4.0868335
4.097537
4.075691
4.0692024
4.089645
4.0725613
4.0811963
4.0601087
4.093371
4.0831943
4.0691667
4.108597
4.0824513
4.0665483
4.087547
4.0720725
4.0957456
4.0770254
4.074024
4.090351
4.098734
4.085226
4.0754485
4.1033144
4.1021347
4.1002674
4.095518
4.1097445
4.096655
4.109614
4.113041
4.090388
4.1170053
4.1202106
4.117825
4.113856
4.1214395
4.127191
4.1344585
4.1128435
4.119171
4.120322
4.120108
4.1152143
4.101831
4.1294103
4.105956
4.127198
4.1692715
4.110338
4.114196
4.0862246
4.0900273
4.103355
4.0884323
4.110116
4.100412
4.1251435
4.103022
4.0932984
4.0887227
4.1063056
4.0909
4.1002207
4.0987835
4.098414
4.0860887
4.0927806
4.0824823
4.095846
4.113542
4.0790854
4.0953746
4.081972
4.079123
4.1080494
4.099761
4.106395
4.1085215
4.0870266
4.0877314
4.1022377
4.0894785
4.1024947
4.0854216
4.092944
4.08931
4.102029
4.070537
4.082846
4.0788574
4.095083
4.087858
4.0996947
4.0879917
4.0777006
4.0712805
4.1020412
4.0938334
4.08007
4.082086
4.0558662
4.101333
4.074638
4.1008625
4.0849495
4.104252
4.0783005
4.073063
4.091884
4.0890217
4.0844727
4.094852
4.099997
4.0973616
4.0696964
4.0843587
4.09735
4.085281
4.076224
4.0915656
4.0733085
4.088453
4.0805154
4.087111
4.06483
4.100547
4.079989
4.099995
4.0820656
4.0845165
4.0800576
4.080266
4.0891976
4.0922027
4.1011987
4.05757
4.075778
4.0896597
4.093775
4.0752087
4.0962396
4.1126356
4.077757
4.0858474
4.1228895
4.100182
4.1126504
4.116978
4.101466
4.1151495
4.099559
4.1193924
4.1146464
4.1213117
4.112649
4.1520724
4.1405864
4.110724
4.122942
4.1431875
4.136301
4.1353407
4.138735
4.1368794
4.132069
4.146138
4.141435
4.1429996
4.1418653
4.136725
4.1528277
4.1500177
4.157773
4.1625657
4.1637845
4.150125
4.1496944
4.1597834
4.1501
4.141311
4.164033
4.1555715
4.1536365
4.162144
4.155853
4.1551123
4.1488748
4.1595497
4.1531177
4.143413
4.1524005
4.1410465
4.1506205
4.1673183
4.1613703
4.1602287
4.1777387
4.169475
4.158659
4.1721544
4.1758614
4.150985
4.1785836
4.186271
4.1729717
4.17197
4.181537
4.17823
4.1947565
4.1685114
4.167377
4.1824822
4.178793
4.1570425
4.1754103
4.161822
4.17936
4.1906238
4.189688
4.1934304
4.187061
4.184641
4.1878815
4.175531
4.1778274
4.1824045
4.1651793
4.188674
4.19997
4.1996465
4.1923966
4.1832314
4.170604
4.1733932
4.1919603
4.1802382
4.181743
4.182126
4.204177
4.176028
4.156692
4.1837654
4.181708
4.180754
4.185684
4.2052507
4.1626534
4.184444
4.1912575
4.1851535
4.176404
4.1824317
4.1950765
4.18187
4.175045
4.197767
4.1858907
4.1763625
4.185314
4.186007
4.1664553
4.1700587
4.1664786
4.168618
4.151997
4.1591706
4.162576
4.1691422
4.138525
4.1622157
4.1770797
4.1606297
4.172613
4.1573043
4.1743774
4.178851
4.1703835
4.1715646
4.165419
4.1627603
4.1677055
4.163689
4.1700497
4.1692376
4.1821303
4.1650577
4.170403
4.1616907
4.1594133
4.1655183
4.1616745
4.160515
4.1591773
4.1714916
4.179953
4.152353
4.165645
4.158287
4.1648827
4.1655374
4.167258
4.1691947
4.1667395
4.152045
4.1637745
4.159264
4.173342
4.150904
4.144712
4.160444
4.146428
4.1246395
4.143396
4.1432524
4.145788
4.1366057
4.149922
4.1309004
4.1373134
4.127769
4.1257396
4.119613
4.113311
4.132539
4.1483436
4.118054
4.1538367
4.142738
4.122773
4.1376038
4.1245584
4.1434107
4.116223
4.1357846
4.128791
4.112994
4.121246
4.1425
4.1362247
4.113687
4.109858
4.1126804
4.1030245
4.122992
4.115729
4.132973
4.1148124
4.114321
4.1118703
4.1169
4.1289325
4.1312623
4.125663
4.1155357
4.113531
4.0803614
4.11193
4.0971093
4.1125503
4.1047015
4.118466
4.097649
4.085195
4.1160727
4.0893536
4.0822754
4.1048107
4.0971994
4.07932
4.0763307
4.089522
4.0697827
4.0748315
4.059865
4.073766
4.067947
4.0621047
4.068077
4.075831
4.075553
4.073753
4.0617814
4.039596
4.0511885
4.029286
4.0370526
4.0221076
4.0158443
4.032056
4.029993
4.0164895
4.0156765
4.0351043
4.01525
4.008556
4.0127487
4.010988
4.0070243
4.028647
4.0129533
4.007435
4.0077505
4.0114846
4.0125213
4.012084
4.0047636
3.9851036
3.9978368
4.0024366
4.0059047
4.001771
3.9997156
3.9789708
3.9770203
4.0069966
3.9796424
3.999143
3.9760883
3.987098
3.9711826
3.9528954
3.9683874
3.976771
3.9696076
3.9661102
3.9808035
3.9700527
3.9696207
3.9558353
3.950075
3.9368262
3.9232793
3.9522817
3.9491339
3.9419625
3.915322
3.9330266
3.9374776
3.9418077
3.9321117
3.9306424
3.9323084
3.932224
3.917906
3.9161801
3.9476318
3.92911
3.9155316
3.9019032
3.9198537
3.905287
3.9184783
3.915246
3.910152
3.9053547
3.9144456
3.9006999
3.8929098
3.9178426
3.9035423
3.8918598
3.8904192
3.8930666
3.8793266
3.8772209
3.8740163
3.8808322
3.858831
3.86036
3.8983219
3.8772094
3.872643
3.8748164
3.8548064
3.862662
3.8704739
3.8569903
3.8644376
3.8588715
3.8578603
3.8672457
3.8516738
3.8694944
3.8634694
3.860128
3.8800087
3.8822718
3.8864112
3.8659337
3.848414
3.8562386
3.845497
3.8493388
3.8440657
3.8524737
3.849104
3.8387077
3.8561077
3.8433716
3.841587
3.8424218
3.829157
3.8389323
3.8256297
3.8168159
3.8329558
3.8317568
3.8331876
3.822157
3.8329475
3.8237612
3.8279946
3.8120496
3.8172457
3.82805
3.8047743
3.8067942
3.8123617
3.808836
3.8055801
3.7936404
3.8053393
3.7863138
3.8019297
3.772788
3.797912
3.7867155
3.7796884
3.7956712
3.774459
3.7773082
3.7725952
3.768339
3.7783618
3.7730656
3.7739103
3.7761414
3.7810135
3.7454412
3.7420375
3.7648413
3.749949
3.725179
3.7501423
3.7405577
3.7408972
3.7329993
3.724937
3.7416701
3.7231066
3.766456
3.7426162
3.7247238
3.7088394
3.71139
3.714082
3.713848
3.694408
3.7122574
3.7164059
3.7097037
3.7059686
3.7025945
3.7137768
3.702976
3.6743267
3.688851
3.6917841
3.672719
3.6834612
3.6838698
3.6627438
3.7004879
3.6689515
3.6655416
3.674312
3.701685
3.6554859
3.6754353
3.6585727
3.685967
3.6522934
3.656689
3.6351757
3.6395516
3.6644924
3.6414618
3.631277
3.6253831
3.6267881
3.620586
3.6158373
3.617693
3.606131
3.622828
3.630718
3.5995076
3.728853
3.5755124
3.585389
3.5859966
3.5943646
3.5855396
3.6275756
3.605644
3.6056774
3.6037781
3.6310954
3.5713658
3.5695038
3.5812583
3.566191
3.5610096
3.5551476
3.5551813
3.5556333
3.560707
3.5774229
3.5576425
3.5542848
3.5392292
3.5736563
3.531756
3.548902
3.5435255
3.5326915
3.5296345
3.5854814
3.5393205
3.5278876
3.5176837
3.506144
3.5011454
3.5140588
3.53173
3.551626
3.4949949
3.4916883
3.5010524
3.5453782
3.467867
3.50445
3.4892566
3.469985
3.4735358
3.457651
3.4531977
3.4769516
3.453962
3.5132663
3.4538891
3.4406712
3.4436667
3.456315
3.4474769
3.5011609
3.4425533
3.4517548
3.4282632
3.4325607
3.4396837
3.5095963
3.436471
3.438654
3.4244492
3.4141045
3.4465053
3.399757
3.422694
3.3829093
3.4146614
3.3851402
3.3878362
3.3796186
3.39145
3.4154928
3.3821113
3.3685317
3.3839717
3.3738632
3.407666
3.3768888
3.35918
3.352348
3.3469853
3.3989959
3.344236
3.347594
3.3752072
3.349321
3.3798203
3.3268166
3.3259668
3.3305414
3.3435943
3.342681
3.3475018
3.366824
3.3237102
3.3126225
3.3268619
3.3309634
3.3315675
3.324389
3.308
3.3065996
3.317691
3.3105516
3.3075852
3.3115532
3.3157487
3.3135743
3.3029525
3.3177743
3.3335903
3.3033135
3.3113072
3.296084
3.2968113
3.2970867
3.2997682
3.3081038
3.3048265
3.3133512
3.3028808
3.3236833
3.311357
3.3225427
3.2952404
3.2953107
3.288858
3.285645
3.2898843
3.2976394
3.2833629
3.2887654
3.2954588
3.2864032
3.2650971
3.2766964
3.2753947
3.2701254
3.2579973
3.2600114
3.2694893
3.2536807
3.2668812
3.2527833
3.260022
3.2376027
3.248439
3.2454147
3.236013
3.2248282
3.2249892
3.231005
3.258295
3.2644079
3.2216759
3.2238357
3.212558
3.2111368
3.2307992
3.2200673
3.2175152
3.2079837
3.2172256
3.2100325
3.198968
3.2118866
3.2106345
3.2116728
3.2098513
3.2060893
3.2088492
3.196295
3.1899142
3.1955447
3.1813817
3.1783226
3.173825
3.191593
3.162347
3.1753669
3.1804745
3.1613772
3.1601746
3.159672
3.1501079
3.171548
3.1666224
3.1531007
3.1440573
3.1632404
3.1425028
3.153415
3.1360695
3.1294768
3.1320465
3.148232
3.1371176
3.1519349
3.1473894
3.127606
3.1192338
3.1269267
3.134138
3.1045172
3.126204
3.131559
3.1157033
3.115433
3.1057076
3.111646
3.1055253
3.1005576
3.0889673
3.0953596
3.0989897
3.0970912
3.0782995
3.0915225
3.0734844
3.0819557
3.0908175
3.0806289
3.082121
3.0910518
3.0626953
3.0526557
3.0849206
3.0656161
3.0624807
3.071343
3.0591617
3.0608807
3.0587735
3.0498276
3.0616887
3.0681057
3.0670395
3.0577781
3.0927784
3.0620782
3.0579264
3.0614026
3.0565867
3.0520036
3.0491843
3.0471613
3.0573683
3.0437896
3.033891
3.044398
3.0384257
3.0437644
3.0256925
3.0203028
3.0297241
3.0258565
3.0209098
3.0264814
3.0192065
3.0265675
3.0205758
3.0073698
3.0121984
3.0179772
2.992322
3.0052931
3.004163
2.9988902
3.0052207
2.9951437
2.9939544
2.9853518
2.9890225
2.9929955
2.983674
2.9970663
2.972811
2.983706
2.9863355
2.983836
2.9810338
2.9804971
2.980077
2.9737363
2.9682567
2.9526892
2.9567723
2.974332
2.9679925
2.958251
2.9692364
2.958822
2.9628558
2.9445233
2.9572418
2.9690602
2.962717
2.9671733
2.961102
2.9420094
2.9333408
2.9357398
2.9377282
2.9325542
2.9472117
2.9271054
2.9256136
2.9565248
2.928849
2.9567585
2.9483442
2.9448829
2.9332309
2.9323394
2.9368553
2.9375286
2.934269
2.9221513
2.9277647
2.9039881
2.9759731
2.906909
2.9017644
2.9231074
2.914741
2.8934999
2.894278
2.9017227
2.8779414
2.895458
2.9219654
2.8687449
2.8868332
2.898618
2.8870246
2.8842087
2.8635387
2.8921313
2.8785913
2.8761904
2.8730752
2.8569994
2.8775222
2.8770585
2.8554537
2.856265
2.8630514
2.855335
2.853402
2.8565037
2.8668604
2.8459039
2.8350525
2.866448
2.8332968
2.828994
2.8311634
2.8314815
2.8458269
2.8349657
2.8304543
2.826565
2.823909
2.8191066
2.8250363
2.8011897
2.799867
2.8262787
2.8166757
2.8176563
2.7997873
2.8038976
2.8076923
2.8250484
2.8116698
2.7822754
2.8000422
2.8006318
2.8544643
2.7805207
2.799183
2.7728028
2.788408
2.8254461
2.7606363
2.802056
2.7977073
2.7591598
2.7602806
2.7776399
2.7596595
2.7734575
2.756493
2.7493935
2.7469575
2.7428446
2.74859
2.7397218
2.7601376
2.7398171
2.7271767
2.7322865
2.7333655
2.735287
2.7281938
2.7363014
2.7162042
2.7295682
2.7268262
2.7369258
2.730268
2.7103133
2.7165945
2.7143824
2.711005
2.7337632
2.71795
2.7250886
2.7179995
2.7076964
2.7114453
2.6918344
2.7051342
2.6947365
2.7012763
2.7332077
2.6959429
2.6904652
2.6821058
2.7012918
2.6803987
2.682694
2.6954322
2.6811614
2.6839309
2.6760628
2.6706748
2.6774507
2.6604202
2.665565
2.6686714
2.6507335
2.6590054
2.659822
2.6577287
2.6525607
2.6401956
2.6424513
2.649336
2.6575193
2.649167
2.6313586
2.6508198
2.6302521
2.6356266
2.645134
2.6550136
2.6210535
2.627024
2.634421
2.6408322
2.6430488
2.6332114
2.628317
2.6277316
2.6396816
2.628474
2.6272666
2.6368637
2.642452
2.618669
2.6313212
2.6180642
2.6175187
2.6331325
2.6145504
2.6143513
2.6167803
2.6216824
2.6054533
2.6165702
2.6260443
2.6016765
2.592537
2.6059146
2.5940197
2.6051888
2.6013377
2.5906837
2.5960417
2.5970526
2.5818455
2.5884585
2.5890908
2.5777662
2.5773954
2.5647607
2.5779254
2.5699432
2.5728817
2.5671394
2.576005
2.5675402
2.5788233
2.5753157
2.5685854
2.556528
2.566594
2.5588324
2.5597844
2.5524256
2.5541582
2.5475335
2.5464194
2.5540016
2.5510576
2.546352
2.5597107
2.5284483
2.5322957
2.5360122
2.526286
2.5087721
2.5324264
2.5395792
2.5392032
2.543548
2.523144
2.5356796
2.5237043
2.51596
2.5358014
2.5211241
2.524152
2.5270877
2.5272393
2.524693
2.5118704
2.494017
2.5145013
2.4949641
2.4864433
2.4842055
2.4911466
2.5073218
2.4806247
2.4950144
2.4910784
2.4831192
2.4894805
2.4865868
2.471723
2.4649596
2.4880936
2.4675481
2.4673061
2.4654639
2.4661126
2.456856
2.466017
2.452316
2.4404283
2.4523802
2.4608243
2.4533868
2.4531155
2.4383779
2.4401908
2.4490917
2.4360836
2.4480846
2.4291978
2.4354386
2.4191718
2.4442332
2.4208524
2.4166338
2.422886
2.4083169
2.4096854
2.421819
2.41928
2.402638
2.4086406
2.4217854
2.392858
2.4113255
2.3988464
2.4133337
2.384489
2.3917346
2.3841865
2.3946764
2.377968
2.3605614
2.3686054
2.3737538
2.3712304
2.379325
2.3817601
2.3759434
2.3802443
2.3706222
2.3626745
2.3621442
2.356712
2.357589
2.3579628
2.3535373
2.3497689
2.3635063
2.3527424
2.343829
2.353979
2.3471546
2.3326468
2.3591862
2.3295233
2.3231993
2.3297498
2.3279197
2.324382
2.3161035
2.3196883
2.312501
2.3189313
2.2980263
2.3180873
2.3105981
2.3057303
2.3033497
2.3160193
2.3083558
2.3074412
2.3217957
2.31637
2.3376439
2.3098896
2.3041904
2.3202932
2.3066106
2.2892456
2.2957134
2.2936294
2.2902753
2.2946866
2.2898276
2.3015134
2.294923
2.2947073
2.3134146
2.295847
2.289836
2.2878935
2.2775676
2.2912297
2.2790158
2.2773075
2.270096
2.2802622
2.2809637
2.2755806
2.2778068
2.2913651
2.26497
2.2678347
2.2654188
2.268686
2.2428935
2.2528868
2.2585974
2.2587821
2.2564266
2.2596843
2.2570097
2.2420764
2.2516775
2.231533
2.2656274
2.2529483
2.2455635
2.2511077
2.2458887
2.2321057
2.2561297
2.2448235
2.2303746
2.2401156
2.2479227
2.2364264
2.2430925
2.2341616
2.243254
2.2260723
2.2385435
2.2291377
2.2326403
2.2132118
2.2307737
2.2310889
2.2119243
2.2333343
2.2296743
2.2166355
2.2154896
2.2004054
2.2129
2.2235694
2.1961384
2.215949
2.193398
2.184974
2.197756
2.1841264
2.2087593
2.199464
2.1898289
2.1859148
2.1929154
2.2016687
2.185542
2.2058282
2.1802683
2.200611
2.1784494
2.174376
2.1708133
2.1669369
2.170223
2.170808
2.1679087
2.1739726
2.1836421
2.1747193
2.14558
2.1587954
2.165158
2.1648364
2.1620278
2.1512446
2.1529868
2.1515646
2.13266
2.1584513
2.138695
2.1322708
2.1360395
2.1404233
2.1251879
2.119487
2.124616
2.1239426
2.1066322
2.102519
2.1085768
2.1124685
2.1037724
2.0910623
2.0903919
2.0956485
2.092031
2.1029184
2.110639
2.0922997
2.1008215
2.0864418
2.099081
2.0788844
2.0852594
2.0820687
2.0794644
2.067224
2.096805
2.0753546
2.0798204
2.0829413
2.0678136
2.069367
2.067117
2.061522
2.0555592
2.050326
2.0523543
2.0699406
2.0683408
2.0553753
2.0655463
2.0516126
2.059021
2.0490534
2.0723605
2.0580745
2.0420964
2.0550108
2.0672238
2.0502717
2.0481243
2.0487688
2.0560176
2.0565035
2.047014
2.03007
2.052241
2.0525959
2.0220654
2.0211349
2.04742
2.0360413
2.0335884
2.0239162
2.0152104
2.0090554
2.0198436
2.0204298
2.0191495
2.0225158
2.0115666
1.9999343
2.0010288
2.0080452
2.0222185
1.9902791
1.9791532
1.9958901
1.9861751
1.9855101
1.974443
1.9781786
1.9937332
1.9845024
1.98819
1.9668947
1.9981301
1.9743971
1.9602131
1.9666785
1.9663926
1.9716314
1.968669
1.9758193
1.9579229
1.9614946
1.9731301
1.953719
1.9586073
1.955508
1.9677356
1.9546291
1.9498641
1.9602002
1.9391334
1.9511043
1.9372518
1.9463991
1.9565738
1.9444597
1.965382
1.9350536
1.936099
1.9418192
1.9400108
1.9222856
1.9203409
1.9176196
1.9151567
1.9133382
1.9220297
1.9135494
1.9066886
1.9199941
1.9077926
1.9136635
1.9016733
1.902079
1.9034765
1.9094764
1.8985424
1.9053806
1.8920348
1.90142
1.88216
1.8929454
1.8982084
1.8840088
1.8847388
1.8822856
1.893528
1.8923062
1.8950484
1.8805572
1.8786933
1.8831587
1.8660808
1.8967397
1.8789245
1.8622903
1.8904971
1.8773288
1.8694469
1.8571787
1.8686198
1.871962
1.8653703
1.8629538
1.8532712
1.8469125
1.8522186
1.8558145
1.845857
1.8473984
1.8386142
1.8275616
1.8383663
1.8448043
1.84152
1.8313159
1.8569092
1.8391453
1.8319979
1.8283778
1.8258355
1.8344674
1.8287649
1.8326646
1.8272576
1.8246819
1.8364059
1.8329232
1.833659
1.8254285
1.8229537
1.8293085
1.8338819
1.829763
1.8312306
1.8231329
1.8203219
1.8114113
1.811041
1.8099853
1.8218205
1.8093352
1.811322
1.8036482
1.81346
1.8024344
1.8158402
1.8081821
1.7933204
1.8055135
1.7821102
1.771748
1.7874538
1.7992591
1.7896276
1.7829406
1.7814866
1.7782815
1.7768165
1.7554578
1.7727625
1.7589734
1.7713414
1.7644521
1.7578284
1.7545711
1.7790105
1.7671092
1.7607734
1.7536507
1.7656597
1.7437319
1.7451928
1.7530564
1.7446929
1.7473966
1.7438414
1.7422367
1.7518754
1.7394171
1.7402173
1.7358956
1.7363577
1.7365589
1.7356828
1.7371907
1.7318993
1.7370656
1.7269369
1.720378
1.7264398
1.72586
1.7213207
1.7244712
1.709317
1.7287447
1.7112751
1.723933
1.7187712
1.7108972
1.7163974
1.7217672
1.7154304
1.7105962
1.7101935
1.7103283
1.7016361
1.7170993
1.700148
1.7073004
1.6857679
1.6807089
1.696895
1.690171
1.6998903
1.7000253
1.6743393
1.6991314
1.6818583
1.689804
1.7152921
1.6878722
1.6760604
1.6692702
1.6742665
1.6726668
1.6679951
1.6736151
1.6924473
1.6729333
1.6709768
1.6609663
1.6682518
1.6697795
1.6588933
1.6737201
1.6581564
1.6585792
1.655297
1.6598814
1.6613039
1.6704187
1.6602154
1.6532147
1.6441679
1.6375371
1.6394442
1.6452084
1.6411085
1.6453553
1.6501839
1.6266661
1.6293435
1.6378338
1.645075
1.6255444
1.6383865
1.6302456
1.6421615
1.6340911
1.635084
1.6381432
1.6256565
1.6360594
1.6291412
1.6304556
1.635206
1.6053685
1.6248502
1.6349069
1.6270895
1.6348131
1.6281066
1.6103317
1.6344273
1.6059905
1.5959967
1.6124175
1.6076605
1.6163632
1.6180475
1.6054353
1.6178377
1.5908601
1.610382
1.5977412
1.6010138
1.5995007
1.5897039
1.5917872
1.6019591
1.5840925
1.583838
1.5837739
1.5768021
1.5996289
1.5975012
1.5797777
1.5839177
1.5922886
1.5783892
1.5755755
1.5746824
1.5668154
1.5752766
1.5638963
1.5689372
1.5642654
1.5698221
1.5488157
1.556246
1.5612775
1.55505
1.5574188
1.5527339
1.5483872
1.5409667
1.564503
1.5485405
1.5521147
1.5292699
1.5462791
1.5447723
1.5366666
1.5458177
1.5380946
1.5279218
1.5475893
1.5416111
1.5415393
1.5311792
1.5380994
1.5320758
1.5195667
1.5365455
1.5300754
1.5333635
1.5228449
1.5238817
1.5216283
1.5060797
1.5286931
1.534403
1.5178015
1.5193032
1.5125724
1.5081758
1.5100328
1.5061892
1.519443
1.5027322
1.5164129
1.5005417
1.5031612
1.4898832
1.5062531
1.4961894
1.4968661
1.4962856
1.4900093
1.5043211
1.5104681
1.4990292
1.4926401
1.4814956
1.4860605
1.4943254
1.4937905
1.4894997
1.4851732
1.4902635
1.4904472
1.4893268
1.4771793
1.4802372
1.4807816
1.4806548
1.4695139
1.4706033
1.4889354
1.4765854
1.4706788
1.4533677
1.4719183
1.4843076
1.4813684
1.4718585
1.4762255
1.454918
1.4751786
1.4684386
1.4662322
1.4662524
1.4542778
1.4630336
1.4607013
1.4697412
1.4410495
1.4648004
1.4487646
1.4474609
1.4404259
1.4496402
1.4558389
1.4538472
1.4674515
1.4337642
1.4631016
1.4449958
1.4529747
1.4428726
1.4526237
1.449451
1.4641184
1.4436361
1.4534587
1.4519136
1.4380894
1.4386017
1.4390724
1.4401388
1.4348986
1.4583014
1.4487894
1.4299072
1.4426397
1.4378852
1.4395957
1.4263121
1.4438471
1.4268898
1.4180957
1.4323531
1.4310864
1.4295352
1.4287028
1.4189591
1.4190111
1.4275947
1.4145043
1.4205761
1.4256659
1.4211477
1.4206487
1.4289708
1.4191949
1.4040121
1.4178197
1.4192437
1.4182358
1.4154954
1.4078321
1.4105701
1.4153255
1.4086756
1.4114896
1.4082781
1.3951536
1.3982613
1.4012547
1.3936139
1.4092853
1.3980484
1.4078029
1.3941772
1.4031427
1.383262
1.3960352
1.3984088
1.383841
1.389866
1.3977563
1.3870201
1.3881472
1.3908004
1.3892826
1.3848107
1.3908279
1.3915756
1.4012613
1.3935671
1.3860002
1.3800242
1.3845112
1.376142
1.380653
1.3878999
1.379275
1.3815907
1.3811281
1.3765826
1.3812647
1.3843336
1.3906204
1.3786973
1.3715863
1.3667656
1.3706789
1.3610512
1.3643544
1.3628244
1.3608127
1.3664052
1.363562
1.3451887
1.3499389
1.3609929
1.3422801
1.3522512
1.3599441
1.3491323
1.3504978
1.3489267
1.352805
1.3525443
1.3618339
1.3335297
1.3524765
1.3449188
1.3337038
1.3434217
1.3544183
1.3404608
1.33516
1.3327934
1.3244438
1.341866
1.3353016
1.3274876
1.3355199
1.3415036
1.3341551
1.3143431
1.3298702
1.3276103
1.3306819
1.3135037
1.3274475
1.3230941
1.319189
1.3156036
1.3143576
1.3236493
1.3147004
1.3129473
1.322425
1.3225014
1.3136168
1.3107972
1.3090014
1.305358
1.3032972
1.3036916
1.30666
1.3069447
1.3089027
1.3090135
1.3066568
1.2934692
1.2944348
1.2929914
1.2927575
1.2892087
1.2980752
1.2890304
1.2954525
1.2938298
1.2945259
1.2914945
1.3014952
1.2914587
1.3020709
1.2858195
1.2701553
1.2730354
1.2796034
1.275574
1.2738898
1.2761838
1.2836673
1.2900265
1.2821451
1.2781273
1.2850345
1.2663349
1.2786431
1.2832239
1.2784588
1.2932289
1.2735009
1.2733773
1.2714343
1.2723416
1.2656506
1.2665964
1.272816
1.273265
1.2626575
1.2650694
1.276797
1.2723236
1.2672958
1.2554654
1.2688469
1.2708634
1.2679787
1.2670213
1.2545942
1.2514532
1.2578841
1.2622173
1.264417
1.2603549
1.2686636
1.2611405
1.2579122
1.2665112
1.2623376
1.2552438
1.2561353
1.2552227
1.2578875
1.2428266
1.269454
1.2537214
1.2582502
1.2469616
1.2535063
1.2615534
1.253829
1.234521
1.2684376
1.2480414
1.230344
1.2552531
1.2423239
1.236761
1.2470884
1.2372605
1.2264974
1.2384528
1.2272791
1.2165805
1.2306587
1.22528
1.219669
1.2159613
1.2152158
1.207138
1.2066673
1.2132667
1.219294
1.211655
1.2239739
1.2162434
1.2102138
1.2107025
1.2109156
1.2104702
1.2163669
1.219117
1.211068
1.2063127
1.1997709
1.2027189
1.1901916
1.2012789
1.2007897
1.1799116
1.1825297
1.1889175
1.20081
1.1920631
1.1789855
1.1971893
1.2035946
1.2050414
1.1835543
1.1901993
1.1977575
1.1933118
1.1934346
1.1849344
1.1931653
1.1995792
1.1846111
1.1719894
1.1870973
1.1866019
1.183389
1.1869646
1.1820962
1.1765378
1.1775025
1.1785152
1.1739118
1.171757
1.1722456
1.1697348
1.1752903
1.1668494
1.1739641
1.1685994
1.1631645
1.1664096
1.1573968
1.1574391
1.1537552
1.1683625
1.1582084
1.1482185
1.1517144
1.1484436
1.1569227
1.1515177
1.1495321
1.1419188
1.153133
1.1329775
1.1386415
1.1485914
1.1329784
1.1289468
1.1330152
1.1388376
1.1337358
1.1361687
1.1336464
1.1331174
1.1283482
1.1386974
1.1254196
1.1242362
1.1384422
1.122038
1.1209155
1.1207691
1.1151338
1.1152643
1.109371
1.1081308
1.1011387
1.1149151
1.1177878
1.1247317
1.1124638
1.1079856
1.1017991
1.1064177
1.1116946
1.0943661
1.1041969
1.0945257
1.0940292
1.1063641
1.0976433
1.1048746
1.0990621
1.0964718
1.099166
1.08618
1.0947272
1.0951324
1.0927409
1.0955249
1.0824777
1.09732
1.0913458
1.0832243
1.0705194
1.0785605
1.0892098
1.0856789
1.078819
1.0721314
1.0840328
1.0846281
1.0748465
1.079552
1.0743545
1.0692326
1.0770942
1.080844
1.0929794
1.077695
1.0688857
1.0706079
1.0678617
1.0902246
1.0669285
1.0718905
1.0629162
1.0693969
1.0640581
1.0542612
1.0648609
1.060757
1.0739288
1.063018
1.0541286
1.0571569
1.0730603
1.0533588
1.0628253
1.0639771
1.0686027
1.0528477
1.0689653
1.042429
1.0615531
1.0482621
1.0540725
1.0546253
1.0475472
1.0489982
1.0384545
1.0424746
1.0385282
1.042292
1.0418311
1.0495038
1.0387124
1.0371497
1.0321213
1.0350205
1.0358616
1.0442615
1.0300372
1.0309218
1.0379597
1.0388987
1.0397803
1.0282841
1.03975
1.0239693
1.039412
1.0345608
1.040629
1.0305799
1.0328089
1.0260578
1.0338413
1.0350399
1.0330452
1.0411835
1.0426859
1.0313281
1.0293075
1.0286516
1.0325528
1.0173495
1.0204928
1.0266713
1.0271612
1.029654
1.0258485
1.0248647
1.0144304
1.020206
1.0174541
1.0220218
1.0138865
1.0153997
1.0123001
1.0160221
1.0166512
1.0126716
1.0006125
1.0056287
1.006257
1.0009359
0.9988899
1.0141048
1.0036539
1.0064912
1.0012424
1.018198
1.0070468
1.0130318
1.0135949
1.0059893
1.0033699
1.0027972
1.0032222
1.007733
1.0029795
0.99982595
1.0025615
1.0062906
0.9900303
0.99247897
1.004607
0.99621105
1.0039978
0.99184567
0.9908559
0.99654615
1.0056696
0.9990975
0.9990518
0.99182767
0.996124
0.98653716
1.0025879
0.99739045
0.99302727
0.9924999
0.97829014
1.0053015
0.99073243
0.9983253
0.9931017
1.001917
0.9986287
0.99431884
1.0041876
0.9943534
0.99750686
0.992494
1.0031434
0.9904441
0.9879271
1.0029014
0.9823715
0.9970902
0.9992299
0.9925453
0.992699
0.9927204
0.9870495
0.9853655
0.9887849
0.9901416
0.9915153
0.98103
0.98719037
0.9922579
0.98884255
0.9939369
0.9793574
0.98017263
0.9795917
0.97407037
0.9828519
0.98484915
0.97526306
0.9872243
0.97867715
0.96914023
0.9701662
0.9688072
0.96645063
0.97422373
0.9746653
0.9781492
0.96796626
0.9643596
0.9743841
0.97451025
0.96452427
0.95836896
0.9792074
0.9624228
0.97627914
0.9661379
0.9584184
0.96564
0.9566498
0.9715049
0.96440953
0.9584424
0.9720398
0.96327233
0.959299
0.97115725
0.9641474
0.9753243
0.96853995
0.97231984
0.96909565
0.96196127
0.98104525
0.967423
0.9732864
0.9750046
0.97574943
0.97033435
0.97515756
0.95929486
0.9682856
0.9686858
0.9748309
0.9663678
0.9706655
0.96275693
0.96473813
0.96925926
0.96621025
0.9565192
0.9609213
0.96044743
0.96295786
0.95676124
0.9583268
0.96274555
0.96528304
0.96278656
0.9711018
0.9517641
0.95933974
0.95434445
0.9589235
0.9586034
0.9569664
0.94852966
0.961294
0.9556271
0.956817
0.95341885
0.9486996
0.9463185
0.94580346
0.9520503
0.9362007
0.9456482
0.93236774
0.94137764
0.94812405
0.932717
0.9348691
0.9405036
0.93036175
0.91962403
0.9322003
0.9451942
0.9329393
0.9300443
0.9242881
0.93763804
0.9316053
0.9366243
0.92409164
0.9206227
0.93221474
0.9283395
0.92295754
0.92902994
0.92526245
0.9144116
0.9281999
0.9310776
0.93075526
0.9200836
0.9281375
0.91873395
0.91694385
0.9249256
0.9155508
0.9242163
0.9199258
0.924433
0.9230385
0.9026552
0.9218817
0.915214
0.9249782
0.9158996
0.9243076
0.91665524
0.91338813
0.919764
0.9141009
0.91020423
0.9104978
0.90719616
0.91559947
0.91075987
0.90198696
0.91087013
0.91043127
0.91032827
0.91019326
0.90000904
0.9116531
0.89413637
0.9010092
0.9096216
0.9026888
0.90743774
0.90088546
0.9102535
0.9077524
0.8990184
0.89493865
0.8997946
0.8947203
0.892125
0.893621
0.877284
0.9056147
0.88692653
0.8953419
0.88384444
0.90094936
0.8890235
0.8843867
0.8895085
0.88213706
0.8871488
0.87823176
0.88726026
0.88216454
0.8813808
0.88679814
0.8780345
0.88353145
0.88219917
0.8778021
0.87577224
0.8800032
0.8809709
0.8848825
0.8706749
0.8701753
0.8723494
0.8678671
0.8839062
0.8651008
0.87275445
0.8640088
0.86306375
0.87624514
0.86932003
0.8631345
0.8613321
0.8745243
0.8682786
0.862393
0.87116957
0.8770268
0.86251616
0.85831606
0.8664278
0.86570174
0.8620665
0.8570971
0.87554806
0.8705923
0.8601771
0.8452324
0.8560965
0.8548592
0.8551864
0.8442535
0.8520399
0.84889424
0.86526114
0.851414
0.8412442
0.84417737
0.85486966
0.850268
0.8391932
0.8473874
0.84609234
0.84251475
0.837097
0.8633972
0.8509335
0.8327923
0.8368251
0.8261273
0.8445662
0.8426322
0.8388829
0.8303232
0.8492977
0.8363776
0.8330573
0.8313779
0.8315386
0.83083284
0.8314034
0.8211166
0.819497
0.82567453
0.8216837
0.8335964
0.81395286
0.8208583
0.8139901
0.80999756
0.82266486
0.8201062
0.80968416
0.816045
0.8122882
0.8209848
0.82857317
0.8072598
0.813721
0.80780524
0.81236154
0.80283195
0.8054758
0.81568265
0.8152847
0.799444
0.81586283
0.82398695
0.81614935
0.8172759
0.80552965
0.8088344
0.8107081
0.8094281
0.8045809
0.8013437
0.79165876
0.7966101
0.8077498
0.7957522
0.7950298
0.79251486
0.79261816
0.8044985
0.7894206
0.7921052
0.79582995
0.79367685
0.7908003
0.79462045
0.8000194
0.78542084
0.7894508
0.7907756
0.79085547
0.79281056
0.80090296
0.7865626
0.7925976
0.7871641
0.78647757
0.7936066
0.78803176
0.79145294
0.79024076
0.7927806
0.8017568
0.7941746
0.7856601
0.78904927
0.78722256
0.7883714
0.78386307
0.79193044
0.7869607
0.7937713
0.79979736
0.7750858
0.78983104
0.7807551
0.8008336
0.77865934
0.78100085
0.78991896
0.7907175
0.7899089
0.7888423
0.79407054
0.79094434
0.7861968
0.7881242
0.79266953
0.78441095
0.7996587
0.78911185
0.7741473
0.77816194
0.7889954
0.79836386
0.78410685
0.77810895
0.7889949
0.77909344
0.7793358
0.78279203
0.792953
0.7806919
0.7938564
0.7851842
0.78240544
0.78979415
0.7859112
0.7877169
0.79247206
0.7910078
0.7903825
0.7977599
0.7889627
0.7876802
0.79761404
0.78672254
0.7879706
0.79074687
0.79363436
0.79380554
0.79701835
0.79425424
0.78028196
0.77837384
0.78233045
0.7893758
0.786681
0.7782544
0.7796192
0.7857752
0.78759074
0.77934724
0.77483517
0.7775626
0.78673553
0.77403015
0.7847894
0.7844593
0.7721432
0.76785874
0.779132
0.77587956
0.7784932
0.78028345
0.77319646
0.7790596
0.7594763
0.7645359
0.78453755
0.7674122
0.76812494
0.77734023
0.7622883
0.77462775
0.7770346
0.76768714
0.7703692
0.7670746
0.7658376
0.76906586
0.76156217
0.75306517
0.7632033
0.76597923
0.7637096
0.7703517
0.7460013
0.7578716
0.75795984
0.75908095
0.7566754
0.7645782
0.7530238
0.7553294
0.7486444
0.75879544
0.7744538
0.75645393
0.7431814
0.7678513
0.75550693
0.7530084
0.76330334
0.7504775
0.75327224
0.73727036
0.7578516
0.7489497
0.7515649
0.7531438
0.7545913
0.75280976
0.7490208
0.74807346
0.7525283
0.75117326
0.73990965
0.74268085
0.74784046
0.74774617
0.7346784
0.7407172
0.7440209
0.7323678
0.7558746
0.7438033
0.7411668
0.7358327
0.73579305
0.7460969
0.7417861
0.73222363
0.7423769
0.73543346
0.7377486
0.7401197
0.7393766
0.73415047
0.7302634
0.7456417
0.7308464
0.7367905
0.7393876
0.72054046
0.73587024
0.7320304
0.7373643
0.77534497
0.73150444
0.7290485
0.7309923
0.7243958
0.7093226
0.73167735
0.724853
0.7148248
0.7188522
0.716531
0.73141354
0.7186218
0.7248217
0.71332794
0.71605873
0.70847446
0.7119801
0.72533363
0.7201034
0.7110518
0.71664435
0.7148139
0.73873085
0.7192573
0.7058848
0.70689344
0.7065943
0.70603424
0.7042681
0.7020547
0.71164805
0.70458966
0.69717854
0.69340473
0.7095452
0.70222676
0.7055673
0.69709504
0.7078068
0.70427287
0.70922804
0.70191693
0.70729923
0.704135
0.70444596
0.70436555
0.7351531
0.70327276
0.6982868
0.7011786
0.70276046
0.6993999
0.7056542
0.7012591
0.70357937
0.7373034
0.69363767
0.6885508
0.69917554
0.7072418
0.6897628
0.6993638
0.69145495
0.6923617
0.6953668
0.69646037
0.6964424
0.6981992
0.6871565
0.68670845
0.6905865
0.6902119
0.6881705
0.6955761
0.69268984
0.69302213
0.7021831
0.6880536
0.699818
0.694987
0.6916957
0.6924194
0.6903396
0.69210696
0.69557
0.70076585
0.68837637
0.6853364
0.6877404
0.6763092
0.6813273
0.6820353
0.69123733
0.6994173
0.6801715
0.6738753
0.67981666
0.6830094
0.6819037
0.6784483
0.68211377
0.6794538
0.67292404
0.68665737
0.6749953
0.6771844
0.6776992
0.68431556
0.67169017
0.6728859
0.68163717
0.68332255
0.67918724
0.667635
0.6770242
0.6744333
0.67291063
0.67391324
0.67465675
0.67727464
0.66707265
0.6704618
0.6766768
0.66858435
0.66730314
0.67961395
0.67150104
0.6682373
0.6680899
0.6680813
0.6597773
0.6640043
0.6627685
0.67017424
0.66366935
0.6601834
0.658918
0.6671252
0.66646916
0.67215633
0.6692693
0.66871357
0.6520427
0.6523066
0.6568187
0.65264946
0.6676346
0.6545632
0.6603651
0.66234046
0.6629096
0.65448457
0.6615573
0.64818096
0.6615738
0.66014093
0.65308034
0.6698476
0.6610425
0.6543254
0.65075594
0.6551297
0.65092283
0.65963596
0.64935845
0.6494647
0.6458004
0.6441698
0.66106594
0.6418681
0.6475408
0.6395304
0.65046877
0.6461932
0.65577376
0.6476546
0.6449834
0.6429285
0.6479513
0.65412664
0.6486056
0.64123875
0.655687
0.656646
0.64871436
0.65339476
0.63558435
0.6480165
0.65100545
0.64138997
0.6364651
0.6517266
0.6318386
0.6393703
0.6296777
0.6410014
0.63872164
0.63636136
0.65010536
0.63488346
0.63615656
0.6275887
0.6423656
0.633517
0.6276386
0.6367045
0.63725525
0.62215847
0.63859266
0.64740664
0.63828605
0.6295093
0.63192105
0.63294274
0.6461548
0.6361292
0.64030427
0.62452406
0.6228762
0.6239673
0.6233656
0.6271107
0.63208413
0.62558997
0.62522966
0.6317048
0.6261935
0.6258701
0.6321418
0.6385558
0.62838936
0.6209447
0.6193486
0.6252295
0.6301148
0.6277756
0.6251011
0.6351412
0.6165863
0.6187542
0.61627805
0.6168456
0.62210137
0.62176025
0.62769955
0.6167273
0.6221676
0.6090315
0.61509424
0.62242025
0.6187448
0.6161406
0.6178092
0.6232199
0.61239314
0.6088923
0.61705714
0.6290736
0.61158204
0.6283905
0.62706405
0.6215107
0.61078095
0.6062128
0.6192819
0.61181813
0.6203661
0.6206671
0.62037367
0.6167838
0.61410075
0.6105568
0.6124175
0.6058304
0.60828704
0.61642694
0.62286097
0.6286627
0.6172436
0.62498367
0.6168972
0.6140953
0.6138994
0.6144675
0.6122278
0.62743753
0.62471384
0.61726654
0.6106824
0.6220631
0.6118548
0.6103431
0.61174446
0.6124899
0.608522
0.6160696
0.61104894
0.6227828
0.61923504
0.6209706
0.6217366
0.6224371
0.62687075
0.6079701
0.6207976
0.61358494
0.6200299
0.64756113
0.6228925
0.61498886
0.6165011
0.6051433
0.61133045
0.61714
0.610692
0.60771745
0.61554384
0.61663514
0.6148398
0.6197792
0.60899824
0.607785
0.61111236
0.6127171
0.6251193
0.61534816
0.608865
0.614538
0.6042384
0.60361624
0.60578114
0.6024632
0.6091433
0.6163947
0.6115827
0.62026834
0.61012334
0.59946465
0.6133804
0.59808344
0.61241674
0.5991497
0.59831965
0.6000644
0.6024826
0.60412
0.6191173
0.6069171
0.59994507
0.59568554
0.6079567
0.5974583
0.6004768
0.6092989
0.6032604
0.6001004
0.59474134
0.6016631
0.61260563
0.6180367
0.59376186
0.6104319
0.6124588
0.6087062
0.60181916
0.5948667
0.5965684
0.61300343
0.6182163
0.6042478
0.6119341
0.60937685
0.60680145
0.59992516
0.6156095
0.60332435
0.6083496
0.61555076
0.60689145
0.6046629
0.5944295
0.60736454
0.6228079
0.61241853
0.60427463
0.6020757
0.6083736
0.60171473
0.60703844
0.60914433
0.6055821
0.5955301
0.6031217
0.6049266
0.6079394
0.6009642
0.60190785
0.59833175
0.5873639
0.5929361
0.60311884
0.5942974
0.5976802
0.599209
0.59107995
0.5954437
0.6007014
0.5931029
0.58729917
0.59882444
0.60505927
0.59310436
0.59297734
0.5983492
0.5998567
0.58783215
0.5891601
0.58637166
0.6030711
0.5910183
0.5934143
0.59819806
0.59154487
0.59355325
0.5911395
0.59034854
0.58490217
0.57981575
0.5959044
0.595504
0.5921573
0.588303
0.58897215
0.58012086
0.5826323
0.5863596
0.59771127
0.577096
0.5825884
0.5916312
0.5790267
0.58402693
0.57368886
0.5814762
0.58200645
0.5847093
0.5802738
0.5902811
0.58063644
0.58074415
0.5946446
0.58045363
0.57300377
0.5773308
0.5759077
0.5834144
0.5981358
0.58490014
0.56461805
0.57292795
0.57412696
0.5617738
0.59339404
0.578305
0.5642159
0.5746686
0.59786314
0.58260024
0.5757496
0.5783451
0.5713584
0.5849014
0.57020044
0.5730821
0.5838206
0.5744522
0.5799026
0.5699707
0.583322
0.5745621
0.57841885
0.5767388
0.5706274
0.5698389
0.5723977
0.57880527
0.58699554
0.576079
0.5798609
0.5935613
0.572072
0.56283194
0.5784188
0.57002693
0.5772578
0.5705341
0.5697161
0.58038455
0.57316697
0.5624594
0.5699858
0.5660736
0.5654887
0.57306165
0.55495137
0.56969804
0.5576812
0.5709282
0.56758106
0.5742915
0.56463194
0.5678502
0.57207054
0.56713444
0.5597509
0.56436664
0.56252396
0.5593834
0.5671977
0.56885135
0.57146925
0.5622017
0.5617128
0.5601871
0.5609969
0.57436883
0.56462294
0.5589713
0.5636784
0.558785
0.583642
0.5605443
0.5629259
0.5563734
0.5794126
0.56263524
0.5623305
0.55854183
0.5640326
0.558752
0.5598923
0.5632942
0.5525
0.5572352
0.5665065
0.5780062
0.5582457
0.5685692
0.5585255
0.557051
0.567241
0.56827545
0.55910915
0.56057364
0.5671873
0.56080043
0.5652865
0.55988556
0.5536707
0.5594758
0.55070734
0.5512648
0.5498675
0.55262524
0.5522507
0.55777454
0.5572537
0.5533528
0.5544156
0.54519403
0.5399819
0.5617006
0.5488378
0.54466337
0.5510257
0.54603106
0.5506446
0.55101365
0.53820306
0.5406057
0.5453447
0.5385599
0.53648055
0.5339996
0.52852666
0.53353494
0.5306543
0.5340606
0.52870536
0.5287594
0.5271287
0.5278764
0.53385663
0.52357155
0.52942514
0.5286233
0.5361453
0.5383228
0.53235877
0.5287969
0.5182057
0.5327426
0.52021694
0.5285936
0.5307955
0.5204335
0.5245526
0.5232456
0.5094963
0.5167249
0.51629186
0.5087631
0.51848924
0.512713
0.50720507
0.5099955
0.51242167
0.5079157
0.5140692
0.503191
0.5008496
0.51659197
0.49810177
0.510017
0.50481296
0.50269765
0.5084473
0.50035864
0.50721776
0.49595356
0.49491346
0.49698412
0.4902838
0.5084225
0.48579085
0.49435115
0.49694258
0.512807
0.4946809
0.49794394
0.49791238
0.48442355
0.48525143
0.5017494
0.48568982
0.48681512
0.49489856
0.49466586
0.47675365
0.48251134
0.48436096
0.49047062
0.48561746
0.47699583
0.48459047
0.50139695
0.48341823
0.48627284
0.47572687
0.49015924
0.49262264
0.49459636
0.48721868
0.48086998
0.48313004
0.48289454
0.48168916
0.48378187
0.48828456
0.47783384
0.4858391
0.48453444
0.49757552
0.48244095
0.4751193
0.48389632
0.46549964
0.47045398
0.47559816
0.47230172
0.47845718
0.47913262
0.4720262
0.4767189
0.47948942
0.46310505
0.47495598
0.47622883
0.472667
0.46158004
0.46325165
0.46504447
0.47116145
0.46106124
0.46661946
0.4598805
0.4761307
0.47319746
0.4668584
0.45723823
0.46615568
0.4582062
0.46756515
0.4586737
0.45886996
0.45940387
0.46533418
0.4560951
0.45706135
0.4638455
0.4602006
0.4543182
0.44520128
0.4574093
0.45855436
0.45641023
0.46062964
0.45380086
0.44834456
0.4535968
0.45263606
0.4545617
0.4485323
0.46085316
0.458066
0.44858426
0.45160177
0.45334515
0.45366082
0.45657778
0.45260832
0.45478305
0.44472125
0.45075238
0.45083344
0.4460894
0.45101967
0.44882825
0.43635523
0.4449164
0.44661513
0.43714198
0.43807414
0.4426383
0.4368793
0.43755218
0.43866208
0.43721557
0.43654105
0.4411591
0.43791616
0.43650988
0.4411617
0.44404605
0.4297103
0.43106368
0.4465557
0.43009692
0.43552902
0.4329404
0.44694954
0.43064603
0.4367247
0.43584806
0.43716758
0.44146317
0.43924055
0.4374296
0.43426114
0.4284853
0.42293093
0.4194056
0.4390536
0.428018
0.4335499
0.43000004
0.4306323
0.42859864
0.43028682
0.42627192
0.42990658
0.42953658
0.4289235
0.42950723
0.42837837
0.43290156
0.42962578
0.42628536
0.4161202
0.4237036
0.4220171
0.42934525
0.43399987
0.437642
0.43677685
0.41601205
0.44592655
0.42977995
0.43210685
0.4306141
0.42402366
0.4140791
0.43126148
0.43183845
0.42073923
0.4310022
0.43157664
0.42375997
0.42229778
0.41450793
0.43239924
0.42600426
0.42119083
0.43001667
0.4173603
0.42507842
0.42222932
0.4217351
0.4298147
0.4245846
0.42763916
0.42308897
0.41969872
0.4196104
0.41593978
0.4257024
0.41874835
0.4276808
0.42147872
0.41025764
0.44284028
0.42279732
0.44082165
0.42967376
0.4126901
0.42508537
0.42297238
0.4171449
0.4185443
0.4230349
0.42072394
0.43093175
0.43063006
0.41933343
0.41769597
0.41418993
0.43281102
0.4392551
0.42480254
0.4300002
0.42239866
0.42001602
0.43110627
0.40894473
0.41989717
0.42152503
0.41927552
0.42547718
0.41733155
0.40997094
0.42253155
0.41457427
0.4249941
0.4125606
0.41620073
0.4144863
0.41576433
0.4244308
0.41685402
0.41865566
0.4215632
0.41422117
0.4114773
0.4200623
0.40984648
0.41711566
0.42046776
0.423769
0.40929985
0.40595347
0.40806648
0.4301439
0.40911418
0.42543027
0.41354194
0.41190118
0.414805
0.42253605
0.4140374
0.40600514
0.40730518
0.40873197
0.42024717
0.41762817
0.41226858
0.41323474
0.4310745
0.42202693
0.41548848
0.41059926
0.41935992
0.40611264
0.4209073
0.4249833
0.42682984
0.40902987
0.41769356
0.4037264
0.40539274
0.41285712
0.4131869
0.40552184
0.4174329
0.4155102
0.42845076
0.41547078
0.40658107
0.40908968
0.42134076
0.4082269
0.4324071
0.4194395
0.41485652
0.41824004
0.4193147
0.4080677
0.40687755
0.40844288
0.40674612
0.41599995
0.4183565
0.41492054
0.4100287
0.41040605
0.4130818
0.4100992
0.4215646
0.41068974
0.3956182
0.40001875
0.4147503
0.40502104
0.4051597
0.3958397
0.4020266
0.40060934
0.41503718
0.40470448
0.40472442
0.40171772
0.4064715
0.40050837
0.39709213
0.4022055
0.41475478
0.40491363
0.40137428
0.39533174
0.40126878
0.4097333
0.40575448
0.41570476
0.41108596
0.38912922
0.39667174
0.3971105
0.40988696
0.38192633
0.39930424
0.4005536
0.40031126
0.40166372
0.38950247
0.40308163
0.40872788
0.404673
0.39209348
0.40145147
0.39562815
0.39733192
0.40662202
0.4025309
0.39142534
0.3963506
0.39276108
0.40096426
0.3824306
0.39877814
0.38478512
0.4004175
0.38188997
0.3912255
0.38516375
0.3906001
0.38738436
0.393392
0.39296302
0.39773545
0.37973478
0.38312623
0.3797072
0.3917383
0.38160956
0.38034016
0.3820867
0.39211008
0.3858792
0.38724905
0.39342478
0.38402963
0.37809643
0.3867007
0.3768267
0.37859273
0.38242358
0.37519276
0.389022
0.3960434
0.38547772
0.38450646
0.38406155
0.37556025
0.38460034
0.3761272
0.37765726
0.37665343
0.37693158
0.3797638
0.37209973
0.37182254
0.39017105
0.3738818
0.37403825
0.382539
0.38851193
0.36763895
0.3835417
0.37232804
0.37440524
0.37650537
0.38341662
0.3685483
0.37722337
0.3740907
0.3625518
0.36866128
0.385365
0.37474465
0.3787295
0.380334
0.36518362
0.36715123
0.3826211
0.37169695
0.37172443
0.3678747
0.3788956
0.36518678
0.3779831
0.37196088
0.36526158
0.37767795
0.3787843
0.3764223
0.36156923
0.3777391
0.3794182
0.3903109
0.3749391
0.36687723
0.37215596
0.37932134
0.37027884
0.37759513
0.3693743
0.37376544
0.3705286
0.37019482
0.36985302
0.3828421
0.37424666
0.36583436
0.38196915
0.38312882
0.37186286
0.37910792
0.3681797
0.3768306
0.37341198
0.37611264
0.36316895
0.36956972
0.3671171
0.36226004
0.363669
0.3756623
0.3674898
0.38317394
0.37200174
0.37800404
0.37727296
0.39489472
0.36257458
0.36639902
0.3701162
0.36892638
0.37181583
0.37750348
0.37209192
0.37056023
0.36126205
0.3662788
0.36447087
0.3670404
0.35797006
0.364812
0.36033517
0.3639858
0.37180388
0.37271708
0.36092657
0.35419986
0.35488614
0.37060603
0.35981756
0.3671974
0.36253312
0.36733568
0.3717981
0.3670982
0.35441223
0.3647533
0.35881254
0.3594268
0.3787792
0.36179093
0.35910258
0.36672392
0.3620495
0.36849192
0.36215407
0.36864436
0.3671906
0.36112353
0.36417145
0.36528233
0.3639494
0.37300745
0.35476208
0.35735318
0.37112087
0.35922182
0.36488935
0.36398914
0.36043167
0.36679924
0.35767987
0.37390184
0.35109684
0.35289773
0.35608545
0.3499001
0.36292502
0.3576943
0.3510883
0.35752985
0.3602646
0.35719544
0.35939664
0.36769915
0.36290246
0.3593671
0.34895676
0.3657301
0.35587388
0.34826553
0.3572301
0.35409412
0.36159542
0.360552
0.36125737
0.36274844
0.36540723
0.35936946
0.37537578
0.37478936
0.35965386
0.3681456
0.36933452
0.36438718
0.36973187
0.35780543
0.35409382
0.3606948
0.35835874
0.35935977
0.36358044
0.3673678
0.35925576
0.3604738
0.35393012
0.3640788
0.36215296
0.35954648
0.3615152
0.3423183
0.35265794
0.3586552
0.35633463
0.35108984
0.3538768
0.35321683
0.35640195
0.35503966
0.36325124
0.34952593
0.3514047
0.34912482
0.34848997
0.3567638
0.3585766
0.3594749
0.34640077
0.35303578
0.35941374
0.34774682
0.3577371
0.35698003
0.35786346
0.35009634
0.34735218
0.34581545
0.34863934
0.35617214
0.34645703
0.34598958
0.35049754
0.35533583
0.34422338
0.35969198
0.34312788
0.35288596
0.33741426
0.3472082
0.35584703
0.3339161
0.34526938
0.34593382
0.3494348
0.34693146
0.34642875
0.34383622
0.33877727
0.35211998
0.3443983
0.348546
0.34081975
0.33924213
0.3328879
0.34031692
0.33772206
0.35701004
0.33350396
0.33768877
0.34357208
0.34129208
0.3550191
0.33797202
0.33509928
0.3363388
0.32889634
0.3377997
0.3330037
0.33728614
0.33547685
0.34362623
0.34616384
0.34179136
0.33069417
0.3385021
0.33361652
0.3381497
0.32953256
0.3381599
0.32215905
0.33024207
0.324616
0.3282404
0.33752796
0.33527085
0.33774358
0.33089483
0.32360002
0.33190304
0.32481772
0.33637416
0.32589537
0.33470443
0.32777306
0.31518525
0.32330528
0.32174006
0.32436112
0.32028076
0.34126848
0.321861
0.3175882
0.332825
0.3180861
0.32793042
0.31348664
0.3115304
0.3174456
0.32295656
0.3121921
0.31130934
0.31934464
0.31536758
0.3156627
0.31902462
0.30444312
0.3087402
0.31582555
0.31958413
0.31314734
0.3236936
0.32141978
0.3129851
0.3066828
0.30148712
0.32078466
0.3312658
0.317813
0.3063764
0.31163538
0.30670378
0.3201344
0.30541146
0.3166567
0.3048125
0.31411895
0.30064487
0.31857172
0.31598076
0.3252407
0.30902174
0.3004621
0.3005194
0.30933243
0.3086284
0.30801806
0.3118648
0.31382135
0.3127413
0.3133641
0.30543417
0.30837
0.2930046
0.30581352
0.29861605
0.30679148
0.31798857
0.29271287
0.30157828
0.30086532
0.29180565
0.30511805
0.29583
0.30205256
0.29382834
0.30008554
0.2954641
0.2996823
0.3018497
0.29112926
0.29123268
0.305748
0.30163616
0.3163898
0.30225274
0.2927643
0.2965646
0.29547122
0.30169573
0.2948672
0.31168824
0.30560938
0.29557005
0.31059164
0.30413908
0.3061789
0.2961887
0.31459975
0.29997277
0.3124712
0.30533463
0.29847872
0.30380997
0.3086378
0.30141428
0.30609623
0.29412848
0.30789578
0.28929052
0.29553875
0.29270378
0.29438782
0.30039164
0.29269862
0.29315645
0.29919046
0.2996446
0.2943973
0.2987065
0.29255724
0.29919186
0.295336
0.2923688
0.2957153
0.3055967
0.30719185
0.29508105
0.3011901
0.3027366
0.3073517
0.31691274
0.2914195
0.31140465
0.29308954
0.29303974
0.30208462
0.29043442
0.29265967
0.29964092
0.29552272
0.2916419
0.2864611
0.2954764
0.29324248
0.29563823
0.28707695
0.28672168
0.2929629
0.28521135
0.2831574
0.30279025
0.29972598
0.29606882
0.29222766
0.28537092
0.2903326
0.28953502
0.2961022
0.28737372
0.28400433
0.28257757
0.3020103
0.28014258
0.28708795
0.29683897
0.29097003
0.28190303
0.29109648
0.28891
0.28755146
0.29089463
0.29337642
0.2958619
0.28634444
0.3038695
0.2939337
0.28994712
0.2920262
0.28878757
0.30196998
0.28382373
0.2800036
0.28724268
0.29092136
0.29285285
0.29219767
0.2924307
0.29170075
0.30043027
0.28665757
0.29258296
0.28679574
0.29273468
0.2911705
0.28357768
0.28686047
0.2993666
0.29146567
0.27620366
0.28656507
0.2969134
0.29069135
0.28797686
0.29585359
0.28288245
0.28493795
0.31768936
0.28243157
0.28510398
0.3039885
0.2957809
0.30475962
0.28182545
0.28518113
0.29271168
0.2948651
0.2906128
0.29870686
0.30054298
0.2964171
0.29233995
0.29503992
0.28678006
0.29798588
0.29119456
0.30326378
0.28219536
0.28468692
0.2901797
0.28125042
0.2777698
0.28763735
0.29230475
0.29157838
0.28706145
0.28549126
0.29174763
0.2886884
0.2865265
0.29031748
0.2966221
0.28784052
0.291089
0.305923
0.29031757
0.29003054
0.29947552
0.2904801
0.28449947
0.28585386
0.27955654
0.30052307
0.2870532
0.2796035
0.3088266
0.2978506
0.29045326
0.31025282
0.28769177
0.290754
0.29265592
0.29714775
0.29391265
0.2965484
0.30059385
0.28909346
0.2971455
0.2855814
0.3016221
0.29459992
0.29115653
0.2837404
0.2890339
0.28851986
0.28928354
0.2911052
0.29129162
0.30660543
0.29731837
0.29128757
0.29188937
0.2943975
0.2822439
0.29359552
0.2785467
0.2924507
0.29628703
0.29684815
0.28550634
0.2944842
0.28139997
0.2930209
0.29904842
0.28476867
0.28505135
0.28757113
0.27968585
0.28727362
0.27470765
0.29493916
0.2926599
0.28966463
0.27875662
0.28957134
0.27865884
0.29152834
0.2857273
0.28414425
0.2973523
0.29844773
0.2921246
0.2874156
0.29358062
0.28375193
0.30494687
0.2901213
0.28001863
0.28226733
0.2836281
0.2866568
0.26841748
0.27139395
0.29011655
0.29433757
0.276474
0.29691282
0.2837335
0.2774098
0.29496723
0.28725722
0.29072642
0.283656
0.27035517
0.28274262
0.28266487
0.29764685
0.27846164
0.27772737
0.29553297
0.27768975
0.27728984
0.28444734
0.28204212
0.28203306
0.27866697
0.2720958
0.2670915
0.28261024
0.2763986
0.2877289
0.28424448
0.2756549
0.2829414
0.2729785
0.29512277
0.28852805
0.28241307
0.28276756
0.28847888
0.27445367
0.28090957
0.2794117
0.283362
0.2759009
0.27998668
0.29366717
0.27405584
0.27094996
0.27950233
0.2735798
0.27541676
0.2837716
0.28257468
0.28489497
0.2825168
0.283134
0.27415153
0.27370942
0.2814683
0.2882321
0.27679384
0.27930945
0.30114624
0.2793709
0.28271782
0.27861732
0.28611758
0.27578002
0.2898874
0.28028318
0.267474
0.28583637
0.26942796
0.2678469
0.27128816
0.299953
0.27897504
0.26234147
0.27617422
0.2828856
0.26979554
0.27229577
0.26396146
0.26447326
0.26669937
0.27818283
0.27672815
0.2799226
0.2649075
0.27233848
0.2753642
0.2660712
0.26748753
0.26825508
0.26177993
0.2766319
0.26186177
0.26794073
0.26326042
0.26173246
0.2717
0.27163386
0.2750695
0.27074248
0.25489756
0.28309903
0.27208334
0.26051122
0.2602618
0.261834
0.26107547
0.2649152
0.26756173
0.2649279
0.26345566
0.2680786
0.2647445
0.27356294
0.26144138
0.2586144
0.25100854
0.25735077
0.25377828
0.2553215
0.25181323
0.25772926
0.26513183
0.2690092
0.24770279
0.25187033
0.263351
0.2489725
0.26674417
0.27150404
0.25207514
0.2504024
0.26016903
0.25577977
0.26197374
0.24936186
0.26248282
0.2680795
0.2503395
0.25498524
0.26606983
0.2554403
0.26416615
0.25813103
0.25990152
0.257397
0.27023372
0.2565085
0.25789493
0.26356846
0.2608442
0.25640297
0.25577235
0.2593308
0.2544894
0.26356512
0.24715014
0.25201654
0.2548537
0.25078398
0.25232583
0.24822962
0.26097184
0.26195452
0.2511415
0.252684
0.24565834
0.26628396
0.2523375
0.2356191
0.26109403
0.25520033
0.24739838
0.24839345
0.24868956
0.23985863
0.26212847
0.25473127
0.24979272
0.24216649
0.24931823
0.24481638
0.23536181
0.2550559
0.25809819
0.25716892
0.24490216
0.24496184
0.26100934
0.23521656
0.2383242
0.24699137
0.25175276
0.24849689
0.24985486
0.24038468
0.24436691
0.23040745
0.24664362
0.23515187
0.24300121
0.24055086
0.24689302
0.23863369
0.24157187
0.2473447
0.2448246
0.24211916
0.23789808
0.23810168
0.24883497
0.2528254
0.24667883
0.25339425
0.24720094
0.24644129
0.234751
0.24807718
0.23273957
0.25453225
0.24853417
0.23741262
0.2492428
0.23079018
0.24334608
0.23855144
0.22972757
0.22955996
0.24519649
0.23645853
0.25859016
0.23093092
0.2399885
0.24164465
0.23259936
0.23214658
0.24887949
0.24786508
0.22991154
0.23427203
0.24255213
0.22524768
0.23624101
0.2518035
0.24121487
0.23942539
0.23366342
0.23336253
0.24270894
0.2413213
0.23794055
0.22321293
0.22864574
0.22831917
0.25950375
0.23213229
0.23552956
0.23411147
0.24083307
0.22492202
0.23590375
0.24588482
0.23451068
0.22904228
0.23031981
0.2506249
0.23897104
0.24248496
0.23360442
0.25302225
0.23159763
0.23348579
0.2413217
0.23595777
0.22850496
0.22898935
0.2365677
0.22277504
0.23982061
0.24199745
0.23965707
0.23207814
0.241895
0.24966449
0.24209864
0.24468079
0.23911238
0.23204422
0.23989104
0.23558901
0.24577838
0.23230256
0.22774464
0.22705546
0.24564151
0.23289946
0.23701356
0.2374954
0.24339966
0.24068488
0.23217115
0.266102
0.23265204
0.2409279
0.24232678
0.22908416
0.2401587
0.22631499
0.25307828
0.24099974
0.264105
0.23598556
0.24662352
0.25189346
0.23827863
0.23485103
0.23996022
0.23552217
0.23780873
0.24296106
0.23787495
0.235634
0.2387587
0.23903368
0.23572107
0.22669289
0.24158439
0.2579804
0.23192261
0.23020992
0.23661809
0.23143236
0.22041166
0.23530951
0.23567717
0.23474148
0.2504658
0.23761907
0.23410994
0.22132762
0.24203321
0.23275279
0.22671841
0.23673263
0.22164251
0.2299643
0.2373764
0.2333941
0.23841763
0.23413342
0.24130242
0.23168063
0.23799713
0.23312679
0.23532967
0.23475076
0.23378712
0.22586015
0.23016202
0.24872413
0.2251248
0.23174721
0.22928542
0.23311542
0.2285357
0.2271763
0.24553485
0.24408568
0.2323973
0.24181215
0.2293201
0.23592791
0.22355798
0.22473586
0.2390431
0.2313789
0.2408774
0.2386272
0.22650756
0.24063605
0.24210237
0.21825677
0.25245324
0.23535846
0.25368902
0.24133591
0.24103205
0.23158439
0.23464242
0.24009934
0.23258905
0.24401088
0.23571658
0.23155978
0.2397336
0.23568466
0.24415249
0.2256473
0.239125
0.24549475
0.24723561
0.24742815
0.2351471
0.23127122
0.24769543
0.24731083
0.23921648
0.24600205
0.22656609
0.25286376
0.2385453
0.23981863
0.2409118
0.2444499
0.25290826
0.23688984
0.24503632
0.23068188
0.25254506
0.24926898
0.24106114
0.23702337
0.24237669
0.24382697
0.24044898
0.23986523
0.24237947
0.2484874
0.24880995
0.26555803
0.24465907
0.23928548
0.24885608
0.24570514
0.23868693
0.2283102
0.24527141
0.27269074
0.24807972
0.25374082
0.23913577
0.24017759
0.24700493
0.24435164
0.24022701
0.24743333
0.25124586
0.2330453
0.2534607
0.2321434
0.2302511
0.23586372
0.24423338
0.24113007
0.24623807
0.23600982
0.23702605
0.25707188
0.24069928
0.23440886
0.23614284
0.2512099
0.25289595
0.23280221
0.24289368
0.25213313
0.25649595
0.24535987
0.24355108
0.25113434
0.2357861
0.22944878
0.24270955
0.23721631
0.24154523
0.24381742
0.23384248
0.24634159
0.23419431
0.23651202
0.23863603
0.23974454
0.24453102
0.23615712
0.24472357
0.24558742
0.24839495
0.2512738
0.24959214
0.24999876
0.24760032
0.2491218
0.263353
0.25140882
0.2494009
0.24319986
0.24972375
0.25418544
0.26344156
0.24124478
0.23189852
0.2445843
0.24328572
0.23809685
0.25900373
0.24526791
0.24923311
0.2450116
0.25571838
0.23963588
0.26661965
0.23779213
0.24575585
0.23981544
0.24254827
0.24947612
0.2459549
0.24883951
0.2321987
0.24828915
0.2387104
0.2417833
0.24281137
0.23920609
0.2418359
0.2536928
0.23702061
0.24355961
0.23370224
0.24487284
0.2505237
0.25439808
0.24209452
0.24470472
0.2508808
0.23788916
0.23391643
0.24281946
0.24145088
0.23573764
0.24201365
0.24268898
0.23613726
0.25367177
0.2592521
0.23186775
0.2381489
0.24991308
0.2439884
0.25955606
0.25893122
0.24397878
0.24356112
0.24247582
0.2439333
0.25639316
0.24096717
0.24430813
0.2352496
0.2597614
0.22780421
0.242013
0.24488206
0.26000753
0.24357721
0.24555339
0.23820089
0.24436893
0.24175948
0.24778555
0.24266993
0.23087665
0.25399587
0.24575286
0.24267583
0.24591278
0.25066558
0.22514379
0.23176053
0.25175014
0.23317535
0.23623367
0.23326726
0.24032986
0.24049683
0.2321719
0.23393346
0.2393857
0.23677528
0.25085244
0.23034742
0.2528865
0.2354443
0.23924923
0.24609669
0.23778182
0.23664938
0.24335721
0.25115603
0.23975441
0.2425797
0.22956564
0.24950352
0.23577027
0.24693607
0.24526829
0.23949222
0.23397192
0.23583487
0.24974784
0.23826362
0.2375992
0.2357142
0.22647353
0.25617233
0.23469919
0.2354863
0.2169747
0.26723218
0.2337941
0.22566853
0.23956767
0.22466758
0.22275634
0.23670083
0.2417857
0.23222019
0.24167405
0.25175574
0.24036847
0.22826594
0.23660071
0.24117668
0.24095058
0.24261788
0.24479072
0.25157696
0.23026201
0.22662082
0.24143054
0.2269081
0.23448282
0.23959398
0.24218065
0.23032793
0.22784609
0.24292172
0.24427162
0.24240564
0.22534758
0.2328606
0.23066711
0.24096513
0.24056537
0.23467743
0.25128594
0.23937413
0.20607042
0.22885372
0.23710023
0.24935395
0.23390064
0.2238348
0.2179146
0.23378868
0.22999084
0.23218739
0.21762405
0.23985186
0.23623893
0.22903533
0.22501425
0.22611888
0.22437616
0.24085005
0.22177117
0.22636111
0.23455013
0.24343418
0.22821698
0.24270006
0.21620518
0.23982148
0.22748964
0.24458
0.22720836
0.23026776
0.25633723
0.2158017
0.23185967
0.23001805
0.22344694
0.22994627
0.23295891
0.22862484
0.2291856
0.22398688
0.23336516
0.22424631
0.23846307
0.21400711
0.24327563
0.22242308
0.23858806
0.23746017
0.22598656
0.21862788
0.22116323
0.21538326
0.2371851
0.22416434
0.20811544
0.21942171
0.22289343
0.22769444
0.23154578
0.23660184
0.22906823
0.23412137
0.22143126
0.21680577
0.22267704
0.2239286
0.24786888
0.20588969
0.223102
0.2259117
0.22075838
0.21693707
0.22924633
0.22944051
0.21577945
0.2215913
0.20691492
0.2308445
0.22450136
0.22549592
0.23555571
0.2222939
0.22460324
0.22273761
0.22905424
0.21608151
0.2321675
0.2267998
0.2249717
0.20142004
0.22251487
0.20481966
0.21792954
0.2199051
0.22314337
0.22919899
0.21835363
0.22143486
0.2235499
0.21256684
0.22811592
0.2340183
0.22436647
0.20558766
0.21258603
0.21330395
0.23203257
0.2217832
0.21745206
0.21495704
0.22035308
0.21712303
0.21799082
0.22257333
0.22547339
0.21866582
0.21662171
0.22225377
0.21210511
0.21899003
0.22293836
0.20380269
0.21478046
0.21665119
0.22965217
0.21099524
0.21771939
0.22092335
0.22411932
0.21905476
0.23048145
0.22166747
0.2195356
0.22015028
0.20557979
0.21144482
0.22276242
0.2124464
0.2101308
0.21550588
0.21282755
0.21789275
0.21434595
0.22653084
0.2058387
0.22442965
0.22211902
0.2192801
0.22221908
0.24083975
0.22364485
0.21225655
0.20353897
0.21693346
0.22089913
0.21455754
0.2131737
0.20699328
0.21146318
0.21186915
0.21033771
0.21574958
0.2174427
0.22407961
0.21482001
0.22089975
0.22528432
0.22362062
0.21756613
0.20106207
0.20479448
0.20528887
0.22332099
0.21401215
0.23136097
0.20859727
0.21006273
0.2018416
0.2012709
0.2198228
0.21398556
0.21901073
0.21401241
0.22350162
0.21825327
0.21737884
0.21032655
0.21733244
0.21856888
0.20539322
0.21752934
0.2201483
0.2061243
0.2069708
0.21385564
0.20853993
0.20792414
0.20708418
0.22280161
0.20650797
0.20800568
0.19813214
0.22041252
0.22273704
0.24504505
0.22127782
0.208172
0.20366795
0.21618333
0.21189651
0.2041982
0.21147716
0.21027127
0.21109454
0.21973391
0.2039797
0.44506064
0.20441742
0.21793878
0.2099918
0.22261345
0.21218708
0.20847255
0.22898981
0.22242713
0.21815115
0.21391211
0.21220204
0.22509016
0.21241587
0.22074752
0.21803759
0.21687853
0.21104707
0.19878101
0.2276322
0.21474859
0.21054427
0.20444454
0.21601158
0.21767916
0.20233908
0.20068519
0.23257418
0.21849443
0.20558341
0.21363594
0.20177284
0.21411401
0.19957824
0.20414448
0.19475171
0.21608382
0.2167496
0.20633963
0.2214053
0.20662421
0.20844121
0.2170179
0.21137704
0.21005355
0.22035253
0.22648525
0.23782668
0.22057861
0.2106754
0.21625218
0.22778507
0.20765743
0.22037032
0.22662342
0.21708415
0.19991918
0.22229123
0.22237064
0.2198624
0.2040737
0.2154206
0.208158
0.21561253
0.22093041
0.19798724
0.20329109
0.21810153
0.21271552
0.22300178
0.20974025
0.21055223
0.22181843
0.21341118
0.20542796
0.19200765
0.21138376
0.21552347
0.21142155
0.19960289
0.20636997
0.23175491
0.21249689
0.22957507
0.20320874
0.21046564
0.21467678
0.21892133
0.20087832
0.19044198
0.21059817
0.20054682
0.21571985
0.2079486
0.21046466
0.2111293
0.20351961
0.21195099
0.19998032
0.22170693
0.20289278
0.21123193
0.21598886
0.20469816
0.20956962
0.21183628
0.22969294
0.2125587
0.19701955
0.21572869
0.23030964
0.20627593
0.21235313
0.20528877
0.19746825
0.19078612
0.20749512
0.21710269
0.23403995
0.2223157
0.20993936
0.2022156
0.20931457
0.21877518
0.20107855
0.20337233
0.21561758
0.22366126
0.22073287
0.2190911
0.20239955
0.22173816
0.22824301
0.19857502
0.20085754
0.21698467
0.20476681
0.21057665
0.21860868
0.21386428
0.21389492
0.19720732
0.19937438
0.2174397
0.22151457
0.21085113
0.2177622
0.19535191
0.21054734
0.21105409
0.23901379
0.22065775
0.19899647
0.20931491
0.20077345
0.20542352
0.19811554
0.21743475
0.24353893
0.20026839
0.21000151
0.23118244
0.22031084
0.22619788
0.21403834
0.20707591
0.20548277
0.22210422
0.20124497
0.20983304
0.2127475
0.23088376
0.19774845
0.20014586
0.19988163
0.20928042
0.20237473
0.20503867
0.19955643
0.20468417
0.18919894
0.19286816
0.20829801
0.21966612
0.2064314
0.20390978
0.2171385
0.19961606
0.21405011
0.22234933
0.2324192
0.19923171
0.2537704
0.21190377
0.22229195
0.20679417
0.22638696
0.2247698
0.2289339
0.20470984
0.21030888
0.19601493
0.22031234
0.21489702
0.22322764
0.1974096
0.22923866
0.21857493
0.20742898
0.20275839
0.20866582
0.20806542
0.20875347
0.21442667
0.21339908
0.22027485
0.22327636
0.22428694
0.20659356
0.20853162
0.20882507
0.21072167
0.21869926
0.2138933
0.2093873
0.20346524
0.2126031
0.21630825
0.20538835
0.19771321
0.19449152
0.19758968
0.21368599
0.19217175
0.21894988
0.22455059
0.20097977
0.2045864
0.18965541
0.2048414
0.19496728
0.20749114
0.18580052
0.20603503
0.20872222
0.19266589
0.19525956
0.20142265
0.22125812
0.21222998
0.19044292
0.1988211
0.20812997
0.20559256
0.19492987
0.19902825
0.20090698
0.21881361
0.21401374
0.19486517
0.19634327
0.18472253
0.19640541
0.19597727
0.19030327
0.18966925
0.19486195
0.18786903
0.20559579
0.17874782
0.19397695
0.19008283
0.19540818
0.20632158
0.1841136
0.17332417
0.19944544
0.18252756
0.18304306
0.17679377
0.20505194
0.19559476
0.1720554
0.17331149
0.18824126
0.18675996
0.1704839
0.18579213
0.18257067
0.19460243
0.19893236
0.17941362
0.21088162
0.19045438
0.1872593
0.19191137
0.20079483
0.19694375
0.19894329
0.18057193
0.18883705
0.17504635
0.17925632
0.19174409
0.18344633
0.18624894
0.20046198
0.1865933
0.18412313
0.1842464
0.18652003
0.19581252
0.19116387
0.17717761
0.18901792
0.18701981
0.20282918
0.20407313
0.1922834
0.19396852
0.20630696
0.20666528
0.18493877
0.19850245
0.19241005
0.19166808
0.18372767
0.19513956
0.18859074
0.20465901
0.20582786
0.19595633
0.17691337
0.17619091
0.18328434
0.18794666
0.19275947
0.20290963
0.18875363
0.2298473
0.18212104
0.19298916
0.1852814
0.1879517
0.20685843
0.18920967
0.18368882
0.19928399
0.19527948
0.19020459
0.18764697
0.21709895
0.18572108
0.18553293
0.19930582
0.17064773
0.19757296
0.1993737
0.1963448
0.19150187
0.20740892
0.20420544
0.1777702
0.19561641
0.19728154
0.19320604
0.18896417
0.18336521
0.20682779
0.18663308
0.17290273
0.19200735
0.18795311
0.1943163
0.17306249
0.17594407
0.19257428
0.1841633
0.1767656
0.1772071
0.18964471
0.1842758
0.17666022
0.19859885
0.16763209
0.18105991
0.15876198
0.17617705
0.21471979
0.17682448
0.16791187
0.17880504
0.1776344
0.17125301
0.1673195
0.1725335
0.16167375
0.18555312
0.17267276
0.16080642
0.1657236
0.17515975
0.18800533
0.16893548
0.15625545
0.19827123
0.15549035
0.14611404
0.16619232
0.16043904
0.1653987
0.16603751
0.1659019
0.17344446
0.16351199
0.16392489
0.16444126
0.15564682
0.1684136
0.17671077
0.157429
0.15635116
0.15954897
0.16038756
0.15856053
0.15525502
0.16363916
0.14629802
0.15301889
0.16913064
0.16102992
0.16735978
0.1452799
0.16408195
0.16076216
0.18192993
0.1652511
0.16923833
0.18259728
0.17133132
0.15744291
0.14520778
0.14680856
0.15015085
0.16123836
0.1759772
0.1686704
0.15072568
0.14654887
0.15487815
0.18111399
0.1684475
0.1543977
0.14859556
0.15655267
0.17503601
0.15231542
0.14839247
0.15765433
0.1532397
0.14330426
0.15981023
0.1755003
0.15870331
0.15699236
0.15170874
0.16113956
0.17139675
0.1424522
0.15427203
0.15727523
0.14960843
0.14571397
0.16499466
0.1574808
0.14925626
0.14528564
0.16836445
0.14416805
0.14888433
0.15699339
0.15672624
0.15402403
0.15238363
0.14034116
0.1451678
0.1487023
0.14009078
0.14316666
0.14350556
0.15527354
0.15897916
0.17419729
0.13960278
0.15578635
0.14043346
0.16677573
0.1563911
0.15243812
0.16339552
0.15186842
0.1607852
0.14719194
0.16328283
0.15090735
0.157734
0.14852223
0.1531465
0.16859381
0.1676008
0.15741326
0.16829841
0.14519316
0.16995996
0.15967089
0.15577328
0.16372792
0.14807296
0.17830141
0.16276923
0.15321536
0.24336818
0.21839103
0.16483805
0.15484855
0.17668587
0.18245544
0.14789551
0.16641176
0.15370542
0.15210901
0.16128469
0.15806603
0.14702433
0.15484098
0.16333881
0.15973073
0.14915563
0.14602502
0.15746175
0.16429189
0.17798395
0.17763117
0.1537358
0.15649016
0.19276352
0.16072866
0.14960638
0.16699171
0.17629547
0.16577797
0.1510711
0.16076134
0.15060301
0.15374497
0.16861905
0.16596763
0.15102795
0.146332
0.1519136
0.15089905
0.15274315
0.16176865
0.15835193
0.15702762
0.14976235
0.14541261
0.14718571
0.15237248
0.16429444
0.15619895
0.14928785
0.1539007
0.15512823
0.16655903
0.15950745
0.16726775
0.17092304
0.2128272
0.1685027
0.15083016
0.15989965
0.15548633
0.14826329
0.15285459
0.16674875
0.15346693
0.14619087
0.15436734
0.17119278
0.183426
0.1624203
0.15225652
0.15346637
0.1588707
0.16556655
0.16078036
0.17283244
0.15909682
0.15702936
0.16891831
0.16765906
0.15167795
0.14669606
0.1548004
0.16156279
0.16040075
0.16646986
0.1604004
0.1626743
0.15787987
0.16059507
0.16239032
0.19140288
0.1717307
0.17139512
0.19484758
0.16062234
0.15711537
0.15820406
0.16390468
0.1514538
0.15460707
0.17341991
0.17811483
0.16373658
0.15242676
0.15241787
0.14705805
0.14283201
0.13685893
0.14174542
0.14761072
0.15722722
0.16888523
0.16204606
0.16953169
0.1598219
0.15351237
0.14751108
0.15391357
0.16590573
0.14898984
0.14621766
0.14922379
0.15529417
0.15232554
0.17400822
0.21824811
0.17772031
0.15583974
0.14910571
0.14522323
0.14408293
0.15730709
0.18022634
0.16598079
0.15485044
0.15218107
0.15151048
0.16112748
0.17571625
0.15886602
0.15312614
0.16011602
0.15941921
0.15807536
0.15376507
0.15358178
0.14831349
0.14506745
0.14615388
0.14670809
0.14062738
0.13562657
0.13395126
0.14400387
0.14071171
0.14539358
0.1410297
0.14407767
0.14932187
0.1515053
0.15323189
0.15512303
0.15549913
0.15426753
0.15070125
0.14668848
0.14215761
0.13342278
0.1332177
0.13142648
0.13730855
0.13909614
0.16588302
0.20599414
0.17415269
0.18431595
0.1710224
0.16905561
0.17845988
0.1549405
0.14241996
0.14354168
0.13679199
0.14210494
0.14229318
0.14951912
0.14250404
0.15026224
0.15613699
0.1662767
0.15472624
0.15046391
0.14066817
0.14580329
0.1402763
0.13953611
0.13973527
0.13815701
0.14018282
0.13631888
0.14746447
0.14420795
0.15203649
0.1414264
0.14322561
0.15712456
0.20018815
0.17449543
0.19241574
0.15352115
0.13603395
0.1311309
0.13445027
0.1289554
0.12800705
0.12461251
0.1352757
0.15400623
0.15908118
0.15433544
0.13223092
0.1258264
0.120774955
0.1351115
0.13924205
0.14395408
0.13483098
0.13149175
0.12922904
0.13713758
0.13880128
0.13475893
0.12795873
0.13108005
0.14296062
0.14460383
0.14274769
0.13155432
0.13393058
0.12994248
0.13511106
0.13529551
0.14580503
0.14739169
0.14763938
0.14093465
0.13586718
0.13216364
0.12477042
0.1290235
0.13044262
0.14141119
0.13026541
0.131243
0.12426038
0.14752644
0.14760575
0.15359293
0.13692196
0.13458219
0.12837839
0.13961785
0.14454043
0.14674334
0.14208408
0.13595983
0.13569458
0.13630241
0.13751839
0.13712133
0.13141313
0.1358191
0.14216082
0.14858854
0.14568657
0.13836168
0.13318786
0.13509867
0.13456991
0.13608141
0.1312403
0.13300525
0.1368587
0.14078411
0.14231642
0.13867201
0.14142366
0.14471775
0.1465473
0.14448878
0.15064625
0.14160514
0.14706983
0.14086744
0.15267156
0.14645538
0.13987763
0.13197735
0.12698363
0.132403
0.1299445
0.1313995
0.1331613
0.14108959
0.14613533
0.1417866
0.14201318
0.13972633
0.14196125
0.14108591
0.14301309
0.13816091
0.14576484
0.13862798
0.14111124
0.1447107
0.15142237
0.16338478
0.14911734
0.1554491
0.14332315
0.16241509
0.14923933
0.15614498
0.13745558
0.15516861
0.14826466
0.15075277
0.14184482
0.14901204
0.1510757
0.15133366
0.14773718
0.14275783
0.15413865
0.15459727
0.15832081
0.14917684
0.14440426
0.13515256
0.14241149
0.14487687
0.14961687
0.13631964
0.13823114
0.14423162
0.13996264
0.1523963
0.14768839
0.16008078
0.14753845
0.15493591
0.1547992
0.16475357
0.1600407
0.15838394
0.15639372
0.15603335
0.1476264
0.1365703
0.14616282
0.15779425
0.1892216
0.1759885
0.16959657
0.14223966
0.1558849
0.15108795
0.15682507
0.15008707
0.15002368
0.14175871
0.14484474
0.14359297
0.14441611
0.13620076
0.14221397
0.14572723
0.14462362
0.15131469
0.16003215
0.16901839
0.16355348
0.15187447
0.14033598
0.14138743
0.1430576
0.14850679
0.14486727
0.14208432
0.1404078
0.14089926
0.13923585
0.13507132
0.13624339
0.13560596
0.14164126
0.14379273
0.1430182
0.14301093
0.14187099
0.14537884
0.14548476
0.14413413
0.14882256
0.16133964
0.15717794
0.16703542
0.15288796
0.15775615
0.14450881
0.14635259
0.14881814
0.1506074
0.14537796
0.14332496
0.1385236
0.14359102
0.1394871
0.14542574
0.15165658
0.15984851
0.15206894
0.15359424
0.15294774
0.1543544
0.14696796
0.14789698
0.16042681
0.16371799
0.1558998
0.15108466
0.14447193
0.15587232
0.14432456
0.15243538
0.13613895
0.13853778
0.12906294
0.14245419
0.14590411
0.15050939
0.14322443
0.14317368
0.14614241
0.14776418
0.1490919
0.14833003
0.14500403
0.14077428
0.13514368
0.1363158
0.13874796
0.14036903
0.14329782
0.15018865
0.14737837
0.14487177
0.13332403
0.13833414
0.13725881
0.14078788
0.13551174
0.13964643
0.15379874
0.1599926
0.17524451
0.16207726
0.15573019
0.13460122
0.13946825
0.15261091
0.1600728
0.17900227
0.18189803
0.18294671
0.15887831
0.14620098
0.14415887
0.14883278
0.14619732
0.14800334
0.14872463
0.14463313
0.13274014
0.13673796
0.1486144
0.15985598
0.15454303
0.1519119
0.14620012
0.14855659
0.14450629
0.15122357
0.14476527
0.13872375
0.13253143
0.1345853
0.15970129
0.16106868
0.16026747
0.13732345
0.13392387
0.21190576
0.3764813
0.24943611
0.16803038
0.14781739
0.13674161
0.13659774
0.16395119
0.15708081
0.15365134
0.13581246
0.14393686
0.14906928
0.14408325
0.13265008
0.13065638
0.15155114
0.15126705
0.14619082
0.12925567
0.13175666
0.1436603
0.14560619
0.15692948
0.15092158
0.14935935
0.1366737
0.14778937
0.15121455
0.1569562
0.15003677
0.1402438
0.14268471
0.14438246
0.15216784
0.1444835
0.15625298
0.1503858
0.15295878
0.17211628
0.17672312
0.17673247
0.14627285
0.14496946
0.14473726
0.13472088
0.12940165
0.1286055
0.13065943
0.13306643
0.13566236
0.13434938
0.1384359
0.1312351
0.13600259
0.15058056
0.16265082
0.15883046
0.14641234
0.13897407
0.13660997
0.13215932
0.13613048
0.20715308
0.3338707
0.23608054
0.17448565
0.16242471
0.15070824
0.15080474
0.15713695
0.16956803
0.1590001
0.1520249
0.13856132
0.15176451
0.1536156
0.1562615
0.16097642
0.15694009
0.16371256
0.15523577
0.15999076
0.16215298
0.16839877
0.16231397
0.15221325
0.17515631
0.17486973
0.1673411
0.14541556
0.14223601
0.1517156
0.13930428
0.1394604
0.13994437
0.14515477
0.14973307
0.17330518
0.17354275
0.17319232
0.14698033
0.14798608
0.14822367
0.14445445
0.14616106
0.1520202
0.1580703
0.15728775
0.16147862
0.15217295
0.16340694
0.16330548
0.19142032
0.19630577
0.18917605
0.17591922
0.1806714
0.18138832
0.1749882
0.15407696
0.15013134
0.14140812
0.14799932
0.14715594
0.15521339
0.15277319
0.15475346
0.15077129
0.15665355
0.15747742
0.17591164
0.16572076
0.17422691
0.15727434
0.16551231
0.16386938
0.17000723
0.1608258
0.15975866
0.16014116
0.16113642
0.16370009
0.16625178
0.17256838
0.17131822
0.17228007
0.1696249
0.16176182
0.15595578
0.15727703
0.1589241
0.15395774
0.14736474
0.15140453
0.15766463
0.15717705
0.15839322
0.16239122
0.16044146
0.16296662
0.16162284
0.16930248
0.16108853
0.14854947
0.14556803
0.14383051
0.15252821
0.15305018
0.1658764
0.16058598
0.15056612
0.13670458
0.14439115
0.14642534
0.15296704
0.14617929
0.15600136
0.15070204
0.14644502
0.13869995
0.1496421
0.15545386
0.16248374
0.1421104
0.14140023
0.14083542
0.1424727
0.1970517
0.19898342
0.19565925
0.1489069
0.14872968
0.15389454
0.15630761
0.14405653
0.14470172
0.14403413
0.14307614
0.13882527
0.13827913
0.13412546
0.13964473
0.14448942
0.13697773
0.13734362
0.13922484
0.14393573
0.15619043
0.14925613
0.14192772
0.13939852
0.1317038
0.13118699
0.13688278
0.13300769
0.13085344
0.12745288
0.122896776
0.1201668
0.121996984
0.11995198
0.12286786
0.12626287
0.12606065
0.12581597
0.12904459
0.12796605
0.13088422
0.12899077
0.12672308
0.12921299
0.13345888
0.13491157
0.13453652
0.12904646
0.13419974
0.1321884
0.12940179
0.13059372
0.13721603
0.12814555
0.127433
0.12415601
0.12390314
0.11902938
0.116426714
0.113881744
0.12400253
0.12126543
0.12422044
0.12593587
0.12553819
0.11397878
0.1164099
0.11876856
0.11805223
0.119214594
0.12325765
0.122056335
0.12272316
0.12881246
0.12663363
0.13050298
0.12966421
0.12951283
0.12605792
0.12642199
0.1154192
0.1186005
0.11689409
0.111745484
0.1143786
0.11714165
0.112197086
0.11100688
0.11259018
0.1117035
0.11018295
0.11300736
0.1058392
0.107175365
0.10017692
0.09392726
0.099693075
0.09796972
0.09762115
0.09420896
0.09620544
0.097190306
0.10227583
0.09556148
0.093519926
0.09749442
0.0981063
0.096668735
0.096000046
0.09462113
0.09433629
0.09483095
0.09182669
0.08872693
0.090563506
0.09201766
0.09172883
0.09294576
0.0913071
0.091973275
0.09539403
0.0960209
0.09827574
0.09504312
0.0960897
0.09979441
0.1019346
0.106833085
0.105621375
0.10488605
0.10837241
0.109454975
0.10851641
0.10654974
0.10126056
0.105147384
0.106115915
0.10807537
0.10586948
0.104935735
0.10688272
0.109240726
0.107332245
0.103991345
0.10649626
0.104253426
0.10490895
0.104240134
0.10442224
0.10270255
0.10319604
0.09901789
0.10218505
0.1013867
0.102769695
0.09904621
0.10325998
0.10335225
0.10075323
0.09816913
0.09921479
0.09366527
0.096683115
0.09384199
0.09564886
0.09469699
0.09407033
0.091550425
0.094380714
0.09161787
0.0909872
0.08704444
0.08437639
0.08791126
0.08877547
0.08908492
0.08940142
0.08929455
0.09012299
0.09094357
0.09511936
0.095754825
0.095196545
0.09711691
0.09652815
0.1006452
0.101066604
0.10138123
0.10257487
0.10255346
0.10620402
0.10632345
0.10512121
0.106812835
0.10845372
0.10590592
0.107441805
0.10177375
0.108203396
0.10412949
0.10139377
0.09892387
0.0958774
0.09517295
0.097500965
0.099524505
0.09447348
0.093957804
0.09431123
0.09671618
0.09827218
0.10341767
0.10685588
0.100957565
0.09943347
0.10200212
0.10639082
0.10248637
0.101236485
0.100067884
0.095789775
0.09602903
0.099108085
0.098227136
0.09657386
0.098770104
0.09758501
0.09957535
0.100234546
0.10274236
0.099283166
0.10176517
0.10187314
0.10094955
0.10193879
0.10251292
0.098011866
0.10002622
0.09789708
0.09796164
0.09801158
0.100001045
0.09857983
0.09838374
0.096630715
0.09708537
0.096590914
0.0971943
0.098568335
0.09489847
0.093163006
0.09435343
0.092662826
0.09434891
0.095591195
0.0941375
0.093991384
0.09451458
0.09511018
0.09524165
0.093506865
0.09567244
0.09325338
0.09326966
0.09242792
0.09432261
0.09204884
0.088439286
0.08797328
0.08733391
0.08836786
0.08422395
0.08545675
0.08835399
0.08827699
0.0855766
0.084958225
0.08521434
0.08667048
0.086897105
0.08796064
0.08650954
0.08953991
0.09299839
0.090603314
0.089505255
0.08945416
0.09168113
0.09355921
0.09365484
0.09302305
0.092483684
0.0967053
0.09637803
0.09421019
0.09376701
0.094621435
0.095235534
0.09421932
0.09061949
0.08973104
0.09176881
0.09145658
0.090187386
0.089763105
0.08808695
0.0898724
0.08853459
0.08809606
0.08721216
0.08692733
0.09037012
0.089727744
0.089601554
0.09038853
0.089651704
0.088009104
0.087821096
0.0895901
0.09017495
0.090465
0.0927562
0.08972661
0.08965848
0.090027206
0.08828395
0.09104479
0.09237497
0.09306088
0.09113944
0.091457695
0.09216929
0.09075248
0.09259168
0.0898876
0.08800328
0.08838521
0.08664931
0.085351355
0.0852396
0.08279675
0.08237918
0.079063356
0.07605748
0.07655325
0.076497436
0.076864146
0.07851429
0.07706208
0.0776003
0.0759059
0.07775042
0.07786504
0.0787053
0.078692086
0.08026612
0.08122501
0.0818872
0.079994574
0.0805027
0.0821645
0.08266249
0.08422022
0.0809292
0.08001773
0.08011248
0.07900827
0.07689992
0.078461505
0.07756689
0.07920665
0.08093792
0.08244874
0.082567744
0.081034705
0.08111992
0.079413034
0.08096978
0.08313752
0.08351362
0.086063735
0.08725448
0.0873171
0.09004747
0.090198606
0.0862021
0.08419096
0.08449739
0.08300488
0.08191301
0.08113556
0.08114749
0.08084965
0.07949363
0.07756998
0.07882995
0.0772429
0.07713044
0.07466387
0.072613485
0.075133786
0.0752266
0.07665393
0.07768134
0.07987523
0.08249554
0.08454499
0.08485175
0.084927335
0.08519177
0.084600955
0.084534615
0.08447792
0.086475976
0.088710986
0.091335885
0.0906652
0.09210482
0.09158674
0.0889785
0.085649304
0.08368925
0.084201396
0.085228726
0.084440604
0.08322925
0.08541442
0.0844031
0.08449102
0.086476974
0.085133955
0.08387666
0.083785154
0.08422944
0.08452348
0.08719788
0.08866922
0.08926178
0.08946158
0.08761482
0.08858438
0.08630696
0.08723901
0.0845314
0.08301873
0.08334175
0.07922289
0.07973308
0.080744006
0.07990736
0.08049901
0.07878448
0.07798806
0.07809129
0.07801369
0.077709205
0.079295136
0.07842908
0.0766623
0.077276856
0.07703985
0.07753851
0.07740331
0.07834131
0.0791637
0.07824325
0.07720259
0.07630647
0.07516464
0.07498956
0.07400962
0.07400647
0.07241576
0.070679724
0.06897332
0.068720646
0.06745844
0.06690689
0.06733331
0.069757394
0.06931404
0.070728034
0.071499676
0.07066427
0.069196515
0.06890885
0.06830752
0.068238266
0.068685286
0.06874537
0.0682789
0.068098664
0.0670612
0.06769155
0.06837324
0.070307344
0.07223758
0.07286199
0.07165495
0.07129617
0.07159449
0.07131948
0.07014791
0.068598635
0.06801592
0.06650907
0.06588975
0.06601988
0.06597339
0.066841446
0.06668692
0.06729046
0.06655026
0.065077566
0.06575426
0.066092364
0.064614646
0.06554022
0.06548158
0.065348364
0.06491857
0.0648642
0.06287012
0.062266488
0.06269183
0.063132375
0.06261325
0.062108207
0.06148116
0.061293416
0.062134992
0.06246162
0.06294227
0.06302597
0.06350612
0.0635433
0.06278344
0.06096975
0.061875936
0.06100365
0.061251637
0.061175507
0.062444594
0.06202917
0.06317488
0.063391864
0.06258756
0.06289917
0.061529975
0.060802326
0.059704755
0.05998347
0.061975233
0.062686555
0.063232206
0.063265584
0.06338487
0.06388127
0.06321734
0.062647864
0.06259585
0.063378155
0.06348303
0.06281935
0.061976194
0.061899614
0.06268077
0.061245665
0.059818648
0.06050592
0.05966673
0.05827479
0.058172636
0.05757144
0.057814136
0.05771412
0.058239672
0.05940197
0.05868971
0.057934005
0.056364544
0.055494413
0.055290148
0.054833706
0.054559678
0.05317174
0.05317023
0.053264808
0.053720806
0.054071136
0.05299324
0.052389167
0.052310452
0.051676802
0.04991765
0.0495178
0.04791441
0.04711752
0.046689544
0.04559446
0.0445432
0.04335718
0.043057114
0.04195919
0.040932216
0.039969906
0.039066695
0.038217656
0.037418403
0.03666501
0.035953972
0.03528214
0.034646668
0.034044992
0.033474796
0.03293397
0.032420594
0.031932935
0.031469394
0.031028511
0.030608956
0.030209502
0.029829025
0.029466486
0.02912093
0.028791476
0.028477307
0.02817767
0.027891865
0.027619245
0.027359208
0.027111195
0.026874688
0.026649203
0.02643429
0.02622953
0.026034534
0.025848936
0.025672399
0.025504606
0.02534526
0.02519409
0.025050838
0.024915263
0.024787145
0.024666274
0.024552463
0.024445528
0.024345305
0.024251642
0.024164395
0.024083436
0.024008643
0.023939906
0.023877127
0.023820214
0.023769084
0.02372367
0.023683902
0.023649726
0.023621093
0.023597967
0.02358031
0.023568105
0.023561329
0.023559973
0.023559973
0.023559973
0.023559973
0.023559973
0.023559973
0.023559973
0.023559973
0.023559973
0.023559973
0.023559973
0.023559973
0.023559973
0.023559973
0.023559973
0.023559973
0.023559973
0.023559973
0.023559973
0.023559973
0.023559973
0.023559973
0.023559973
0.023559973
0.023559973
0.023559973
0.023559973
0.023559973
0.023559973
0.023559973
0.023559973
0.023559973
0.023559973
0.023559973
0.023559973
0.023559973
0.023559973
0.023559973
0.023559973
0.023559973
0.023559973
0.023559973
0.023559973
0.023559973
0.023559973
0.023559973
0.023559973
0.023559973
0.023559973
0.023559973
0.023559973
0.023559973
0.023559973
0.023559973
0.023559973
0.023559973
0.023559973
0.023559973
0.023559973
0.023559973
0.023559973
0.023559973
0.023559973
0.023559973
0.023559973
0.023559973
0.023559973
0.023559973
0.023559973
0.023559973
0.023559973
0.023559973
0.023559973
0.023559973
0.023559973
0.023559973
0.023559973
0.023559973
0.023559973
0.023559973
0.023559973
0.023559973
0.023559973
0.023559973
0.023559973
0.023559973
0.023559973
0.023559973
0.023559973
0.023559973
0.023559973
0.023559973
0.023559973
