1834.4015
932.78156
462.48328
320.2667
246.59367
202.41428
171.84631
149.59409
131.13608
116.566444
105.66591
96.126564
87.16998
79.87402
73.38151
67.56214
62.811367
57.967506
54.176292
50.35429
47.35562
44.681484
41.901443
39.537437
37.398716
35.520535
33.441456
31.6954
30.222582
28.540606
27.013798
25.906313
24.694904
23.551908
22.734121
21.590147
20.622347
19.924994
19.447416
18.247353
17.675648
17.084698
16.429153
15.8529825
15.181853
14.673746
14.298473
13.772959
13.428981
12.994224
12.602637
12.280866
11.85613
11.513489
11.380541
11.046136
10.828519
10.564126
10.163523
9.978855
9.631158
9.369417
9.286189
9.014711
9.011432
8.598094
8.579857
8.292401
8.1085
7.9655747
7.794874
7.638444
7.5097675
7.3966827
7.197858
7.1182404
7.168968
6.9499445
6.820197
6.606547
6.5965466
6.6388903
6.3841677
6.252594
6.097269
6.1198664
5.9728045
5.8946586
5.745429
5.763661
5.62575
5.5399365
5.588477
5.2569556
5.34364
5.346977
5.263292
5.120904
5.0739512
5.00087
4.9911633
4.9299293
4.84466
4.7405343
4.8394485
4.606008
4.5476027
4.508216
4.624783
4.614856
4.3889413
4.3497424
4.27063
4.2426515
4.22197
4.1492114
4.2620115
4.058057
4.021574
3.960614
3.925251
3.8774383
3.9533763
3.9482775
3.839535
3.7981482
3.839374
3.7179832
3.7558792
3.7698114
3.662057
3.5664098
3.600614
3.6251452
3.565228
3.5220234
3.5025408
3.4540167
3.4818714
3.4849772
3.370662
3.3978696
3.4314418
3.3357527
3.3673246
3.2779167
3.331355
3.226784
3.0542119
3.1590562
3.1471462
3.1527283
3.1390388
3.0956333
3.1191025
3.095176
3.0883012
3.0848446
2.9987848
3.02897
2.9484692
2.8980985
2.90882
2.8951242
2.8599982
2.8275287
2.8235621
2.8513274
2.7971275
2.8553271
2.7326157
2.7878804
2.725354
2.8240244
2.7022345
2.710715
2.7511442
2.6788113
2.6172192
2.5955796
2.6022027
2.5693297
2.590964
2.6040506
2.5158973
2.5374432
2.6245701
2.5163279
2.570013
2.495124
2.4817142
2.4713104
2.475865
2.4234889
2.413705
2.4826617
2.4140468
2.5225453
2.4036598
2.502917
2.3769796
2.3791327
2.3560715
2.3419325
2.329108
2.2740898
2.3832593
2.3076854
2.2403967
2.2864244
2.31065
2.248651
2.230359
2.258833
2.241614
2.2367458
2.2264087
2.2151155
2.2601395
2.177256
2.210072
2.2367225
2.1994786
2.1670117
2.1579647
2.2762446
2.096854
2.1281655
2.069478
2.1276445
2.0968184
2.1220987
2.077053
2.1409626
2.1090376
2.076348
2.0561807
2.0588558
2.0898747
2.0486503
1.9884331
2.0583675
2.0166698
2.0322006
2.0031295
1.9787483
2.0634432
2.0387208
1.9789641
1.9976313
1.9744873
1.9481872
1.9529885
1.9324776
1.9575012
1.9400061
1.9542451
1.9100176
1.9350389
1.9162832
1.9305772
1.9511759
1.9084021
1.9171089
1.869924
1.852547
1.8551288
1.8696235
1.8194172
1.8419634
1.8513123
1.8730036
1.8375853
1.7768704
1.8121287
1.8971258
1.7777969
1.7916383
1.7554978
1.7549456
1.7685056
1.794897
1.7670264
1.7981557
1.8177671
1.7889934
1.7748464
1.7609092
1.7310505
1.7420279
1.6879998
1.7197738
1.741009
1.6633419
1.6951517
1.6634008
1.6446561
1.6543981
1.6686417
1.6083585
1.6197534
1.608982
1.6510048
1.6057885
1.6018984
1.5928943
1.572774
1.6059986
1.576429
1.5435106
1.5699772
1.553461
1.5598311
1.5235641
1.5329924
1.5088092
1.4870816
1.5544368
1.5331578
1.4929743
1.519318
1.479573
1.4860988
1.4796317
1.4940461
1.5171682
1.5040907
1.4544849
1.4771916
1.5068955
1.4863149
1.4718208
1.5000823
1.4651538
1.4469628
1.4218497
1.4293548
1.4781016
1.4465917
1.4262189
1.4085321
1.4403417
1.4211587
1.4318577
1.3984945
1.4066446
1.4200774
1.3857691
1.3768762
1.3514403
1.4054395
1.3804445
1.3857892
1.3587323
1.3603946
1.373339
1.3741815
1.364776
1.4015166
1.3634053
1.367119
1.3608581
1.3586571
1.3382915
1.3460658
1.3480006
1.292662
1.333904
1.343716
1.3265616
1.3090225
1.2876617
1.2847389
1.2818799
1.334084
1.2824613
1.2912564
1.3165295
1.405807
1.3364682
1.2727125
1.271344
1.2605466
1.2682104
1.2535249
1.2594389
1.2467535
1.2537999
1.2380707
1.221961
1.2714803
1.2478336
1.25699
1.2548459
1.2510628
1.2576375
1.219463
1.231462
1.2242923
1.2371858
1.226443
1.2274759
1.2092336
1.192278
1.180975
1.1966853
1.184254
1.1936256
1.157513
1.2032356
1.1915209
1.1805274
1.1361439
1.1626734
1.166456
1.1297876
1.1559725
1.1223999
1.1400073
1.1453016
1.1185623
1.1331878
1.1431895
1.1554468
1.1006655
1.1521901
1.1220781
1.1148702
1.1320733
1.1290871
1.1018894
1.1318629
1.1296867
1.118596
1.1150957
1.1161498
1.1177921
1.1038938
1.1097811
1.1026285
1.0920602
1.1127492
1.0947149
1.0998124
1.0977857
1.0645715
1.0715269
1.0939537
1.1148679
1.0869427
1.1117212
1.0755416
1.0797918
1.0676875
1.0710812
1.0505018
1.048764
1.0438464
1.0810084
1.0356827
1.0552096
1.0616602
1.024624
1.0578872
1.0111666
1.0539025
1.0387737
1.0342996
1.0537604
1.0126547
1.0276446
1.0272334
1.0113944
1.0153605
1.0139432
1.0232465
1.007507
1.002396
0.9983666
1.0361065
1.0210596
1.0065267
1.0033978
1.0033519
0.96717393
0.98993117
1.0085999
0.9879302
1.0206909
1.01815
1.0073487
1.0196618
1.0031894
1.0015609
0.9764588
0.9852861
0.9817954
0.9926091
0.99336314
0.966822
0.9714323
0.9691845
0.9558069
0.9644367
0.935236
0.9403055
0.94020003
0.9747837
0.9408492
0.9372378
0.94563574
0.9391286
0.92568785
0.9370397
0.9190763
0.93196046
0.9327243
0.9605615
0.9273291
0.95937824
0.97601146
0.93189055
0.92604196
0.9270764
0.9127499
0.9452937
0.9291341
0.90753233
0.9311962
1.0502267
0.93496823
0.88874745
0.93890554
0.92065716
0.8990779
0.88838387
0.91350466
0.8988849
0.93987066
0.89327896
0.90917665
0.90404296
0.89037496
0.8895889
0.880879
0.89242625
0.8791008
0.8872515
0.89552236
0.87578744
0.88536817
0.9185702
0.8794786
0.8726202
0.8429493
0.86602753
0.8665458
0.83973324
0.8761678
0.86706895
0.86761826
0.85712
0.8388721
0.84926414
0.85510564
0.88309467
0.84890926
0.84547645
0.84207964
0.84856176
0.8148397
0.82647526
0.8274153
0.82010275
0.83184606
0.82676023
0.8162373
0.8525828
0.8357163
0.83741534
0.84791887
0.8215735
0.82346463
0.82889163
0.8170981
0.8387912
0.8165331
0.8431531
0.7966498
0.8142591
0.83447975
0.8105078
0.8276324
0.81698364
0.81535095
0.80923975
0.83446634
0.8138413
0.82780683
0.83506256
0.8233194
0.8505326
0.8189202
0.82624316
0.82950205
0.80104893
0.800959
0.7888314
0.80382943
0.78847533
0.7923607
0.794038
0.78156877
0.8168757
0.80463535
0.77876604
0.7770996
0.78736454
0.7831467
0.7871391
0.78771687
0.7913112
0.78247863
0.79135436
0.7816424
0.7720354
0.7907483
0.79185843
0.7884634
0.78324383
0.7854799
0.8001685
0.78417325
0.77211773
0.7813795
0.7678901
0.78126943
0.78654027
0.7483971
0.7595022
0.7563626
0.76700556
0.78655446
0.75471395
0.7563912
0.75610435
0.77084345
0.7825643
0.7519317
0.7717831
0.7466151
0.75283235
0.76883394
0.7615031
0.7497058
0.7479435
0.74296063
0.7734079
0.7656728
0.7388747
0.7332088
0.74360454
0.7378691
0.73764133
0.7497599
0.7517607
0.7651847
0.76118094
0.78091687
0.782281
0.7747278
0.7364665
0.7480479
0.7473927
0.7486451
0.71020395
0.7234028
0.7208337
0.7378121
0.6997259
0.70994085
0.6938175
0.7009352
0.7169752
0.70149755
0.71830285
0.69384104
0.7290391
0.7157527
0.6918536
0.7009736
0.70108455
0.6726585
0.69270843
0.7088596
0.68824404
0.69552577
0.7084154
0.71430653
0.71824163
0.70919615
0.71101326
0.70478106
0.69128203
0.70486605
0.68995047
0.6850568
0.66883117
0.6738171
0.68589795
0.67620325
0.6627828
0.67034554
0.68908465
0.702616
0.6828818
0.6963717
0.6748922
0.674948
0.6597701
0.6790859
0.6704953
0.66501147
0.66869795
0.6709125
0.6879496
0.657077
0.6617823
0.6631869
0.64706045
0.6575621
0.66052866
0.65526885
0.67595166
0.66426045
0.6560014
0.64565116
0.65188956
0.65766746
0.6492314
0.66745365
0.6546819
0.63056666
0.65174097
0.63730973
0.6388314
0.63552487
0.6299578
0.644893
0.63072985
0.63566464
0.6245057
0.6384894
0.6293494
0.66534334
0.6351569
0.6268213
0.6174011
0.6396489
0.6265059
0.60762954
0.6216292
0.6235577
0.6255023
0.61840653
0.62548536
0.61817247
0.64021677
0.60908866
0.63465804
0.64729166
0.6202094
0.6329933
0.6278235
0.6030417
0.59512526
0.61026496
0.6096809
0.60563815
0.59747493
0.60623807
0.6030255
0.6077265
0.60822916
0.6053007
0.5998715
0.6188875
0.60554516
0.6290864
0.6093416
0.605033
0.593086
0.59700316
0.6195523
0.6058186
0.6073567
0.6114278
0.6000967
0.60894537
0.60613745
0.61812186
0.58766204
0.5805747
0.6088999
0.58271915
0.5863449
0.6100138
0.5984339
0.577319
0.565774
0.60518956
0.6059753
0.5874616
0.5632783
0.574676
0.5609661
0.5883712
0.5764217
0.5906061
0.58363575
0.5699493
0.5912359
0.57257086
0.58484954
0.56626433
0.5773148
0.5648034
0.5453054
0.57836825
0.5877728
0.5616333
0.5700316
0.5450565
0.5487182
0.5674419
0.5666725
0.5736171
0.54097044
0.548401
0.5542239
0.551133
0.5454248
0.54670197
0.55255926
0.56783617
0.54938334
0.53196895
0.55877113
0.5563934
0.58629686
0.5460932
0.5427091
0.55567855
0.55392754
0.5359608
0.55194885
0.5536938
0.5543633
0.533528
0.5412075
0.55549717
0.54458606
0.54667753
0.55378056
0.55367917
0.54217225
0.53751487
0.5349933
0.546588
0.53125817
0.55652183
0.5185203
0.5358733
0.5434956
0.5360762
0.50964636
0.5321716
0.52281415
0.52377236
0.5282685
0.53652775
0.5553757
0.52111644
0.52242386
0.5362136
0.5301403
0.52291703
0.51236236
0.5057477
0.5048624
0.5331683
0.4990109
0.5004688
0.50237876
0.5259864
0.4970265
0.4989909
0.50121367
0.51582533
0.50387275
0.49586707
0.49798465
0.51892793
0.49209654
0.4880445
0.51012313
0.48794737
0.5096001
0.50142115
0.51421046
0.51928157
0.50741714
0.4938404
0.52170306
0.49167663
0.49013457
0.4874294
0.4741517
0.5124423
0.49292016
0.50173
0.518072
0.49890134
0.51065415
0.5028947
0.49871266
0.49653664
0.48763877
0.48910728
0.48036766
0.49780074
0.47995564
0.484238
0.47963068
0.48132694
0.4827179
0.49190995
0.48917893
0.4816647
0.48908195
0.5007198
0.50813246
0.49503252
0.484583
0.50662917
0.48787984
0.48642543
0.48088565
0.48355857
0.48458594
0.49642754
0.477047
0.44423106
0.47525242
0.46735218
0.47379693
0.4868946
0.47335878
0.46564642
0.4643077
0.49690637
0.4802288
0.463013
0.4717743
0.47171766
0.46219978
0.46871966
0.45210597
0.47514328
0.45704696
0.4638213
0.47494477
0.4525171
0.4640417
0.4746321
0.5113416
0.46078974
0.461107
0.4518594
0.44756517
0.43661112
0.44573265
0.459221
0.4542923
0.45337945
0.46381813
0.44031027
0.4593837
0.45022926
0.46405417
0.46644914
0.4557949
0.45141977
0.45981812
0.44886702
0.4507188
0.46282494
0.45598695
0.47552752
0.4630523
0.44764838
0.44280776
0.45684567
0.4547512
0.4380766
0.42411178
0.4437689
0.45223746
0.44416365
0.45075634
0.44124016
0.4256766
0.42875156
0.4398247
0.4573823
0.44522575
0.45969358
0.4372326
0.44952694
0.41904235
0.4542851
0.44613945
0.44005144
0.4243087
0.44190833
0.42682645
0.42672524
0.43184435
0.40818533
0.44204262
0.43950462
0.4318492
0.4442263
0.41700214
0.44017327
0.4337545
0.42257768
0.42704535
0.41833606
0.42185146
0.43399942
0.41515064
0.43766338
0.4197444
0.43425265
0.43349856
0.46195105
0.422273
0.42712143
0.42078298
0.41880542
0.4267903
0.4350402
0.4300695
0.43268237
0.43226367
0.4159026
0.42287233
0.43065116
0.4122445
0.4189223
0.43645433
0.4055972
0.4139538
0.43086016
0.40648448
0.41346893
0.40578932
0.42394447
0.40068048
0.40259907
0.43334767
0.40449497
0.39546433
0.4058113
0.4038144
0.40765092
0.40660563
0.4227866
0.40242642
0.4127869
0.41860154
0.42812887
0.4041803
0.4081321
0.41261423
0.40986267
0.42090508
0.4076375
0.415567
0.38208172
0.38258004
0.38969412
0.37647727
0.40141702
0.41273227
0.39442694
0.39154324
0.3996322
0.38206294
0.37980476
0.41485125
0.38781348
0.42096657
0.39794376
0.40935698
0.3915563
0.38399628
0.40423506
0.38117003
0.39138415
0.37749866
0.385016
0.37305912
0.38371956
0.3926309
0.38171017
0.39411372
0.37062603
0.38168117
0.3844912
0.36747462
0.38283172
0.37319425
0.37801304
0.368893
0.37750903
0.36944056
0.37483734
0.37962037
0.37109378
0.37100592
0.35870534
0.37260875
0.36315238
0.3969427
0.36065742
0.37274617
0.36654925
0.36333922
0.39044264
0.37397158
0.3639758
0.35380217
0.3580777
0.35066128
0.36921766
0.3803208
0.37426734
0.3728939
0.37866405
0.37722355
0.35677874
0.3686295
0.4010769
0.36727187
0.3726202
0.40061727
0.40421808
0.37599942
0.383818
0.37202516
0.34401143
0.35978743
0.3645302
0.35909072
0.38199735
0.37878016
0.39348897
0.35778046
0.38389266
0.39166528
0.38147503
0.38811553
0.41461775
0.45762274
0.3865657
0.3767045
0.37094903
0.36023346
0.35751718
0.34071654
0.3498351
0.35028923
0.35365593
0.34830943
0.35150722
0.34811762
0.43739095
0.3529183
0.34849453
0.3461727
0.3733425
0.3607864
0.36466965
0.36094105
0.36377832
0.33977848
0.364195
0.36683667
0.36498174
0.36860237
0.36659145
0.40142602
0.35857487
0.34753796
0.3351086
0.34954152
0.3333133
0.34200725
0.32964763
0.37358508
0.34881562
0.37182185
0.3279971
0.35631287
0.33425137
0.35607588
0.35746267
0.34737402
0.35032845
0.3612508
0.33478802
0.3650561
0.3281951
0.33250925
0.37815192
0.3417009
0.3381031
0.31966296
0.38239768
0.3762162
0.4715741
0.47337428
0.34682763
0.3453649
0.3936822
0.32408327
0.33946052
0.33233652
0.32261622
0.3402597
0.35127592
0.33423865
0.3246619
0.3770903
0.35035038
0.31900984
0.33494803
0.32112092
0.33146372
0.33468005
0.3343287
0.31617028
0.33897746
0.3317983
0.377872
0.3123391
0.33793318
0.3169013
0.3282373
0.3295599
0.33773413
0.3237336
0.3530249
0.32660407
0.33741674
0.3145181
0.32230392
0.34117293
0.33050263
0.3167894
0.3235851
0.30614677
0.3163947
0.33000988
0.3169998
0.30558848
0.31977937
0.3219123
0.31731203
0.30953056
0.32373568
0.31836015
0.3313303
0.3110795
0.31988072
0.31315136
0.32120764
0.32082883
0.31293747
0.32169896
0.33144534
0.31167448
0.29580688
0.30901414
0.30848768
0.30338144
0.30524883
0.31543556
0.30975568
0.30984733
0.3235504
0.34456563
0.31338483
0.30252433
0.3047447
0.31558427
0.2992908
0.3068688
0.30415708
0.30080807
0.29813293
0.30064154
0.31132048
0.34246352
0.30717924
0.33136934
0.31148764
0.31619674
0.30936968
0.29667014
0.31502175
0.3292299
0.3148321
0.30805194
0.30428007
0.31239927
0.29126996
0.28856298
0.2995383
0.32230204
0.29397434
0.30920172
0.2986945
0.29905224
0.30833563
0.29327485
0.2921127
0.31130254
0.31005687
0.29842407
0.33713898
0.32916015
0.3098057
0.35240933
0.35369694
0.37219366
0.33061302
0.3100767
0.29776168
0.3321316
0.29561394
0.32298714
0.29815498
0.289784
0.2798876
0.2990595
0.2815078
0.2912913
0.29248908
0.30769858
0.28208107
0.29568043
0.300302
0.3093599
0.32800695
0.30993962
0.30652407
0.29662865
0.30810913
0.29715303
0.29107544
0.3054328
0.29780892
0.29683703
0.30485615
0.2894293
0.29797894
0.28840554
0.27406165
0.28961763
0.28665048
0.27514493
0.2997949
0.28319597
0.29251423
0.2643763
0.2881692
0.31090224
0.27850622
0.27971852
0.2879868
0.27292803
0.27949354
0.2738907
0.2798757
0.30199674
0.2703049
0.2745437
0.2665185
0.3210265
0.28652927
0.2725858
0.31378374
0.26698282
0.28426996
0.26518837
0.26434997
0.2691047
0.2760507
0.2751326
0.28943074
0.2794206
0.27942848
0.27418235
0.2682651
0.2960874
0.2661262
0.28439897
0.2560512
0.26653814
0.26549974
0.25799918
0.30369934
0.2586691
0.28210333
0.28864262
0.28203008
0.27203777
0.28159302
0.28482363
0.27699608
0.26360026
0.27171862
0.261149
0.2690743
0.2812316
0.28649616
0.2786887
0.27606404
0.273259
0.276507
0.28013062
0.29014534
0.27068344
0.2855057
0.28185847
0.25746822
0.26902544
0.28852773
0.2836517
0.27779222
0.26523766
0.2648221
0.26861688
0.26529154
0.2720658
0.27335665
0.26062793
0.29307216
0.266414
0.2536737
0.27944833
0.26615974
0.27450487
0.26657325
0.25766858
0.27187878
0.2571714
0.26243895
0.27730075
0.2555792
0.25751132
0.27029493
0.24195966
0.29042682
0.27785656
0.256147
0.29785892
0.2637739
0.2675484
0.25633213
0.2517419
0.248251
0.26282012
0.25290158
0.26019335
0.24572681
0.27372283
0.27212614
0.28128293
0.29891112
0.24485922
0.2631974
0.29856473
0.26729786
0.29212898
0.24454021
0.26626948
0.24572621
0.25387645
0.26932514
0.2732387
0.2508735
0.2753875
0.26209667
0.25880882
0.28129506
0.26405433
0.26776016
0.26392165
0.27670452
0.2583687
0.25231072
0.26198527
0.26841652
0.24405749
0.2489373
0.24933317
0.25525302
0.24970874
0.2519525
0.23926693
0.25638282
0.2620828
0.2812092
0.25436124
0.25630525
0.2596705
0.2694276
0.27256078
0.24740532
0.246165
0.25298026
0.25304285
0.26242372
0.28077367
0.23182419
0.25225437
0.23715456
0.26765108
0.25182545
0.22642225
0.26296535
0.25984046
0.24326596
0.25763607
0.26485303
0.24083705
0.24932782
0.25360957
0.23713945
0.23183638
0.25848687
0.24907868
0.24917598
0.23883033
0.2520075
0.2376571
0.23306166
0.23149775
0.23248039
0.24570058
0.23359285
0.25449878
0.2333482
0.24199133
0.23810597
0.2517122
0.24349183
0.2469829
0.24388541
0.24461594
0.24895367
0.27193648
0.24986824
0.2450962
0.2565448
0.26803866
0.2479123
0.24278674
0.23404047
0.2444889
0.25372604
0.25871623
0.24386778
0.24561305
0.23887932
0.24751836
0.24827552
0.24269657
0.2314662
0.2473787
0.23516831
0.22913706
0.22952594
0.25395235
0.227614
0.22055717
0.23782727
0.2251957
0.23131345
0.22353923
0.23820525
0.23255062
0.23024908
0.23798631
0.22256093
0.23352718
0.22640757
0.2521634
0.24638242
0.2305163
0.2360722
0.23293597
0.22341213
0.24019548
0.21479803
0.24369794
0.23388234
0.23596664
0.22651033
0.21232718
0.22894302
0.2238885
0.22385477
0.20352465
0.22678784
0.2420108
0.22050357
0.2408019
0.20671648
0.22935227
0.22969511
0.22603261
0.25026056
0.22172233
0.21684486
0.2310717
0.24179481
0.24490117
0.22126983
0.2195113
0.2327002
0.22706991
0.2527582
0.22877583
0.2303268
0.22210911
0.24783677
0.2209707
0.21444277
0.21510996
0.22398867
0.23855866
0.2259007
0.2454047
0.24448386
0.20681964
0.208207
0.2046182
0.21316785
0.23010719
0.23085038
0.20858653
0.24009284
0.2086326
0.22512385
0.21791954
0.22386084
0.21682017
0.22253269
0.1936249
0.21303065
0.21852459
0.2118228
0.20167431
0.24191199
0.2016384
0.22407694
0.19664668
0.2142289
0.20345439
0.21579593
0.2119416
0.21833162
0.22630425
0.2350638
0.20089827
0.21172552
0.24211392
0.2047395
0.20980717
0.21158691
0.20300557
0.2161863
0.22138521
0.19712277
0.20729922
0.20748435
0.21955884
0.21188837
0.24366386
0.21214706
0.21446808
0.21194765
0.20957543
0.20908205
0.23514482
0.19966385
0.24065192
0.19507483
0.21513057
0.21299814
0.2061215
0.20810652
0.20688936
0.20821649
0.21663462
0.18973921
0.21601142
0.2119209
0.19658783
0.19536372
0.20497192
0.22453836
0.20088772
0.21438316
0.20769364
0.18750341
0.20225124
0.20187356
0.23501974
0.19532451
0.21371277
0.19716527
0.20287403
0.19272542
0.21094817
0.19257756
0.21104944
0.20813358
0.22659479
0.22981407
0.18572685
0.19775419
0.20533039
0.21464552
0.20907724
0.20987372
0.19887118
0.22180374
0.18662636
0.19251353
0.2280339
0.20228235
0.20165327
0.21856669
0.20958401
0.20394252
0.22491167
0.19039859
0.18914627
0.2126131
0.19922137
0.20341878
0.20351836
0.18992779
0.20339832
0.17807552
0.2108671
0.20483376
0.20588881
0.22905643
0.2203758
0.19657454
0.20362864
0.21712205
0.2627545
0.2275026
0.28597602
0.2545089
0.21034189
0.23661564
0.2305768
0.2484239
0.24071929
0.20531869
0.22047997
0.2003744
0.2402044
0.19673157
0.1747031
0.20794336
0.19804561
0.22543329
0.22139938
0.18634076
0.19495966
0.18552344
0.19074193
0.1878303
0.18747035
0.19201574
0.20421386
0.17281248
0.18905178
0.18635511
0.21783009
0.21346131
0.17843631
0.18907574
0.18395159
0.19954751
0.21378489
0.22056843
0.18318819
0.20032902
0.22273363
0.18873617
0.19983253
0.18022434
0.19353567
0.18859994
0.24914554
0.21128705
0.17780614
0.1892678
0.22751814
0.18596615
0.18102308
0.21318997
0.18890058
0.19174767
0.22234002
0.2041241
0.22260398
0.19520062
0.18961193
0.18582691
0.22352105
0.19681537
0.18702276
0.20056613
0.2074283
0.18121523
0.19614282
0.204221
0.17894788
0.19697337
0.19596978
0.17837897
0.19165178
0.21639526
0.19337355
0.19464123
0.19195226
0.16906355
0.1878574
0.17702581
0.18670453
0.17057893
0.1751816
0.19378038
0.17257686
0.19003372
0.172632
0.17270964
0.20743495
0.19020943
0.18500952
0.18474859
0.18795192
0.19179395
0.17490558
0.17245662
0.19227047
0.16067743
0.18988799
0.16148683
0.17995343
0.16479966
0.21469167
0.18116607
0.19944456
0.21425997
0.19570456
0.1836043
0.18691948
0.1698375
0.19398747
0.19613808
0.20237443
0.22136897
0.17631996
0.18777356
0.18363924
0.17946374
0.1732624
0.19529352
0.16407706
0.1811042
0.18636988
0.17920083
0.19419925
0.19541577
0.1631247
0.167287
0.18222603
0.206723
0.18796116
0.18386194
0.16910447
0.19954626
0.18897727
0.1718697
0.17194344
0.1594403
0.18560232
0.17831096
0.17808153
0.17821613
0.2123156
0.17634813
0.17289844
0.17734797
0.17730124
0.17511941
0.16452332
0.18873475
0.18227984
0.15336104
0.19339855
0.1747867
0.15806752
0.16936426
0.16452092
0.1681472
0.18777524
0.18106256
0.17093225
0.19760776
0.18155015
0.19205469
0.22581324
0.22631197
0.21010844
0.20729263
0.22743855
0.20016691
0.21757707
0.16377217
0.16443312
0.19314277
0.17016321
0.155033
0.18757777
0.17069669
0.17836148
0.18016057
0.17807017
0.17543893
0.1673667
0.19472678
0.20168893
0.19258471
0.16045569
0.1589801
0.1692491
0.18169641
0.18878004
0.2063811
0.19628121
0.1745809
0.16888733
0.17491035
0.1717441
0.16260561
0.18020535
0.20507061
0.17574444
0.20025076
0.16510813
0.17099681
0.19050373
0.17455511
0.2130215
0.1671024
0.20951131
0.21182586
0.18961571
0.17826076
0.21264787
0.15887278
0.18699712
0.172235
0.16781214
0.16448018
0.18872061
0.18416058
0.17148907
0.20833941
0.18033731
0.18937428
0.169365
0.16115785
0.15758215
0.15838622
0.16787043
0.19706307
0.18882501
0.1924059
0.14693685
0.1601311
0.1463687
0.17192139
0.16671757
0.17312403
0.20606622
0.15151423
0.18744147
0.19933936
0.15891561
0.15712517
0.18001814
0.18292947
0.1684044
0.1770902
0.1587098
0.17494628
0.15440826
0.17311977
0.18151256
0.16517437
0.17169122
0.15785368
0.15926352
0.17337553
0.15575993
0.17060857
0.1516688
0.1690465
0.16946562
0.18700707
0.15799126
0.21378043
0.17878605
0.15099137
0.15968464
0.17234316
0.16610415
0.19842398
0.1656798
0.1803505
0.18071046
0.17021203
0.19068539
0.19633864
0.27569044
0.21837796
0.22565098
0.19224033
0.20136799
0.19624123
0.17747574
0.20500858
0.20517024
0.16780652
0.39710248
0.2283595
0.17320547
0.15607569
0.14686577
0.23337789
0.2064301
0.24858102
0.16337822
0.24312246
0.1795844
0.24636018
0.21742454
0.18454848
0.23574474
0.16322328
0.19477789
0.211936
0.15439668
0.16161053
0.2230483
0.16069902
0.1734324
0.16262133
0.17034346
0.24938828
0.21104743
0.15507506
0.15439847
0.16263235
0.1661674
0.20126489
0.15727435
0.157988
0.16818193
0.16396804
0.1678001
0.19525781
0.15219574
0.15553275
0.16007057
0.15868245
0.16754873
0.15350226
0.15911144
0.21460472
0.16093227
0.15424362
0.21099307
0.16933876
0.153123
0.1514384
0.16436735
0.17820926
0.17241317
0.19265832
0.16090713
0.14631538
0.14366117
0.14842892
0.15873334
0.14463988
0.14453617
0.15850322
0.19500864
0.16529927
0.15171258
0.15418516
0.15627761
0.1582007
0.15118131
0.15158392
0.14204223
0.14412697
0.13387004
0.14391479
0.15088418
0.16279608
0.16029203
0.1646496
0.18014061
0.16581914
0.1545677
0.14577194
0.17640209
0.24285719
0.19063178
0.17349017
0.14971857
0.15077148
0.17680052
0.16847469
0.16328235
0.17206046
0.17070648
0.15599965
0.15397449
0.15932173
0.17561416
0.19016135
0.22917302
0.17733334
0.15422782
0.17185424
0.18596269
0.17939232
0.20170027
0.16452113
0.14367424
0.15406656
0.17736012
0.15600596
0.16896445
0.21645541
0.17271899
0.15116967
0.14487214
0.14287323
0.13846005
0.14759748
0.15619141
0.15268314
0.1623413
0.18317558
0.15965754
0.15229577
0.1547074
0.16142474
0.17018826
0.18754396
0.14812502
0.13890214
0.16208245
0.20029138
0.16656694
0.15417019
0.15763202
0.15508918
0.1475574
0.14331853
0.15043995
0.15410168
0.1598719
0.15957019
0.15945667
0.15291002
0.14551377
0.16006868
0.19500577
0.1540727
0.1458586
0.15329333
0.15866826
0.14074728
0.14238141
0.13737479
0.14793956
0.14380941
0.15535003
0.15330642
0.15419097
0.15179448
0.15335764
0.15383324
0.14453961
0.13792798
0.13215986
0.13532166
0.14575988
0.15295975
0.15987748
0.15844679
0.18011773
0.22544816
0.1916498
0.15797418
0.15790232
0.14395861
0.15853922
0.15373756
0.16134524
0.16322725
0.16384855
0.16409966
0.16159388
0.17474377
0.18236591
0.17999275
0.19855164
0.24556406
0.2000574
0.17505026
0.15670596
0.16151084
0.15425678
0.14879455
0.14972672
0.15148419
0.15971051
0.17234914
0.16822138
0.16827296
0.15674278
0.15756111
0.15438919
0.13655193
0.15111892
0.15864065
0.16930544
0.14719157
0.14214404
0.14987384
0.15623325
0.14204076
0.12906754
0.1253631
0.12898569
0.13293765
0.13386588
0.14939082
0.15899362
0.17069675
0.17336948
0.16207492
0.15538873
0.14585637
0.15261824
0.15565352
0.16079059
0.14838812
0.14130616
0.1255667
0.1379062
0.13095728
0.146193
0.13836196
0.1435353
0.14718041
0.15184146
0.16135956
0.14837304
0.17819805
0.24328
0.16188851
0.13095945
0.14654465
0.16037217
0.17799643
0.17915834
0.1933648
0.18589051
0.17005983
0.15230241
0.13958672
0.14186394
0.1488152
0.15103835
0.15757711
0.14701493
0.15324943
0.15885118
0.15643424
0.14716268
0.13787954
0.15364783
0.15029137
0.1809742
0.17220937
0.1726032
0.13862824
0.15786384
0.17628351
0.18356477
0.15805535
0.14439502
0.14397015
0.15945092
0.16544083
0.16442394
0.15514785
0.14728321
0.16592854
0.15700951
0.18088593
0.16149592
0.16864857
0.13638313
0.1241748
0.1215768
0.12159007
0.12943858
0.12723482
0.13809848
0.14346604
0.14894333
0.13967022
0.13826096
0.15444492
0.15632796
0.17076157
0.1750296
0.18559526
0.18083005
0.18644871
0.16733022
0.16327894
0.11792615
0.12928145
0.11175851
0.12154885
0.12353215
0.13213766
0.1395964
0.13412613
0.15480123
0.1451249
0.14797483
0.12470947
0.13268897
0.13178922
0.13249388
0.13443145
0.15150417
0.15736687
0.17488591
0.16476896
0.15726212
0.13115743
0.12582189
0.122510806
0.13253245
0.12415036
0.13077553
0.12662499
0.13609082
0.13665506
0.1444051
0.14493214
0.14712395
0.13473578
0.12746327
0.13262628
0.14689098
0.15810458
0.14806144
0.14412552
0.13503005
0.14816561
0.14722416
0.14300185
0.1458448
0.14866577
0.15515828
0.14065376
0.13223562
0.12934661
0.12108074
0.111640856
0.11098703
0.11847594
0.123455405
0.12512785
0.1357169
0.13788998
0.13749856
0.13539279
0.14377578
0.14466636
0.13060276
0.12088659
0.13619144
0.14245787
0.14541891
0.13417523
0.14014415
0.1313864
0.14878619
0.1476158
0.19479173
0.18520619
0.17152749
0.12740774
0.16004199
0.16122194
0.17943454
0.13938154
0.14326619
0.16617489
0.1588848
0.17386034
0.14353594
0.13914728
0.12674087
0.12514548
0.12426439
0.12544858
0.122772135
0.12499647
0.12145511
0.12955523
0.13819301
0.1366789
0.14513946
0.13990526
0.14884873
0.13675101
0.13935803
0.13954526
0.15308383
0.14612398
0.15519364
0.14986403
0.14751475
0.13333388
0.12384557
0.1204798
0.12874417
0.13701107
0.14671135
0.19025552
0.17894688
0.16827905
0.16412386
0.14201339
0.16377665
0.16059935
0.14389887
0.12610525
0.11879075
0.12492724
0.12543584
0.14303516
0.13130675
0.14234416
0.14072616
0.15006319
0.14207333
0.1383634
0.14606108
0.16086759
0.15818457
0.14338736
0.14101543
0.1344906
0.13529916
0.15404972
0.16888835
0.1728641
0.15762685
0.15932891
0.14837392
0.1658294
0.18949218
0.19560134
0.18932773
0.18278418
0.23118019
0.25650072
0.23663376
0.17159735
0.15104724
0.15008192
0.15517998
0.14401314
0.13164847
0.13225105
0.12362087
0.1469023
0.1595072
0.19753194
0.22715376
0.21647117
0.17580216
0.16947284
0.14918345
0.15350676
0.15584745
0.15585698
0.14095303
0.13614675
0.11799829
0.13733555
0.1499774
0.16051266
0.1881363
0.15046214
0.14492123
0.14948326
0.13975099
0.15954411
0.1455186
0.13888735
0.14013678
0.15668434
0.17835264
0.18198113
0.16260353
0.14630611
0.13769491
0.15174134
0.17264916
0.17633197
0.17777175
0.16638818
0.16121055
0.1713821
0.16284764
0.13705799
0.13914675
0.1322434
0.11707667
0.1225949
0.12895104
0.13424623
0.13820365
0.14213432
0.13356884
0.1257408
0.121571
0.12596875
0.12558368
0.14558694
0.15018329
0.14498842
0.14631523
0.16146344
0.13826442
0.12764971
0.13331553
0.12664442
0.11414852
0.11215348
0.12383795
0.12740618
0.13263549
0.13364789
0.14072157
0.12749238
0.11423017
0.107333064
0.10496068
0.10633987
0.10843084
0.12173627
0.117385335
0.12153571
0.12924182
0.14336163
0.13089989
0.13231212
0.13973783
0.13024597
0.107163236
0.1127005
0.11738214
0.11238653
0.12632613
0.14068842
0.15265428
0.15577032
0.15356553
0.14793728
0.14225145
0.13086596
0.1359677
0.13965653
0.13589573
0.13283055
0.1255803
0.115213975
0.11365451
0.107848406
0.107879534
0.10583912
0.11298277
0.11534558
0.12312104
0.12926461
0.1510629
0.15956181
0.14695804
0.13701126
0.13635378
0.11920023
0.11619219
0.11724582
0.11811993
0.12379745
0.12165488
0.12641215
0.1273231
0.12837882
0.11852644
0.11169583
0.13749309
0.13801314
0.13614365
0.14659232
0.15141946
0.15240218
0.1270291
0.12586637
0.12844801
0.12726314
0.12475349
0.12261422
0.12294047
0.13242486
0.13521445
0.13546367
0.13871257
0.14008754
0.13023333
0.133784
0.1265069
0.113215625
0.12177954
0.1246506
0.13617961
0.14063439
0.14101274
0.13702965
0.13066097
0.1329851
0.13420483
0.12539133
0.12290566
0.13159198
0.12438238
0.123533376
0.11753943
0.12415499
0.1306617
0.13139129
0.12059305
0.1289263
0.14736038
0.15362859
0.14105792
0.1396932
0.14732292
0.15962145
0.14724325
0.15533523
0.15351628
0.15486827
0.1455629
0.12796839
0.11669534
0.109584294
0.107427806
0.1063749
0.104694575
0.10880134
0.1058432
0.10644851
0.11222035
0.11329225
0.11021035
0.1245944
0.14051291
0.15443076
0.17124169
0.19107641
0.2164592
0.20271112
0.1800849
0.16163737
0.14832814
0.1426005
0.12753987
0.12662421
0.12380876
0.11643025
0.12348804
0.12679519
0.11883827
0.11586066
0.11705674
0.11517255
0.11694878
0.113637455
0.113341436
0.11386455
0.12306918
0.12461872
0.15222187
0.1663738
0.17271803
0.1690848
0.17499752
0.17589812
0.1653123
0.13213597
0.13708347
0.14133029
0.13782577
0.1348147
0.13226932
0.13046448
0.13570085
0.13213979
0.12572448
0.13738255
0.13216783
0.1342671
0.1271017
0.124913216
0.130101
0.13548918
0.13652253
0.13217267
0.11224048
0.11773446
0.113024265
0.1117314
0.10931765
0.11480536
0.11059404
0.11335993
0.11201721
0.112164296
0.11306813
0.11269306
0.1167762
0.111449674
0.101415895
0.092896394
0.09000378
0.09234009
0.09008249
0.091656625
0.09171106
0.08530823
0.08615877
0.088480085
0.092475794
0.09582443
0.09881133
0.100085296
0.09837338
0.09893658
0.099332266
0.09930886
0.10027868
0.10984975
0.11251299
0.10961347
0.114104085
0.1192819
0.11221221
0.109196045
0.14017077
0.15079913
0.15275243
0.15476194
0.16275497
0.17029205
0.17837708
0.17941858
0.18224867
0.16511288
0.13097702
0.13797712
0.13717268
0.1220728
0.12240161
0.12510423
0.13108055
0.1438444
0.1511388
0.14218567
0.13215844
0.1477914
0.16620226
0.15645377
0.15037219
0.15609188
0.1425589
0.14159589
0.15017
0.14788729
0.14994141
0.15928446
0.17256133
0.16126613
0.15148735
0.15368278
0.15450485
0.1689979
0.15568173
0.16079466
0.1399426
0.14294362
0.15216988
0.14712122
0.15452118
0.15098928
0.16371311
0.18315402
0.17348826
0.14996509
0.14829299
0.13721034
0.12975536
0.12753642
0.11839274
0.1190184
0.12453728
0.11721226
0.114621066
0.10969691
0.1105361
0.11433595
0.116799034
0.12294417
0.12538955
0.12724106
0.123180084
0.13770878
0.13142553
0.12853135
0.13451087
0.14262639
0.14591001
0.13932489
0.13221622
0.13256934
0.13588801
0.13148502
0.1318451
0.12006689
0.1260827
0.12360206
0.1253643
0.122166455
0.12377162
0.1319597
0.13745983
0.1376187
0.16225909
0.16868502
0.15841743
0.15566936
0.15645075
0.14523093
0.14212
0.13656254
0.1347108
0.12916419
0.11755877
0.11474472
0.10965893
0.097061925
0.13730477
0.14021732
0.14885521
0.15777601
0.17633848
0.18066342
0.18490832
0.18634364
0.21261248
0.23532443
0.22907701
0.20034018
0.18211608
0.1742566
0.13675982
0.12925287
0.1267134
0.13005054
0.124933414
0.11799877
0.11030722
0.116131954
0.11943957
0.124474
0.12811716
0.1257924
0.124604374
0.12280864
0.11794295
0.12005872
0.1228027
0.12879145
0.13723536
0.13962732
0.1423629
0.13843434
0.1317311
0.13187683
0.13469473
0.13241315
0.1551678
0.1616863
0.15707064
0.1414494
0.13755713
0.1291655
0.11816293
0.11677765
0.117383756
0.11165532
0.10737112
0.108489394
0.10622444
0.12204266
0.12463878
0.12241568
0.10617684
0.11303417
0.11495592
0.11696138
0.12306465
0.12005969
0.12608528
0.13530917
0.13907011
0.15307274
0.15698345
0.15736766
0.15549888
0.13091403
0.14039458
0.14150152
0.13678935
0.14353587
0.16566497
0.17738105
0.17534423
0.17121965
0.16139662
0.16447459
0.18808784
0.1965637
0.20164108
0.19039245
0.20515609
0.21803798
0.20793293
0.19166979
0.16300136
0.1533273
0.15991145
0.16436289
0.15352055
0.14589533
0.14358601
0.13016482
0.12867486
0.1269488
0.1219291
0.12188605
0.11557657
0.109539025
0.10847898
0.10798946
0.11124774
0.113770075
0.11389564
0.116312176
0.11816866
0.1148299
0.114737354
0.113706455
0.11536296
0.11325716
0.114074826
0.117399625
0.11966045
0.11775852
0.118066736
0.117937304
0.117052585
0.115767084
0.11595539
0.1214682
0.11821884
0.117433324
0.11457694
0.108583175
0.113021955
0.115095474
0.11154584
0.10969115
0.10827742
0.117019475
0.117306545
0.11196901
0.11338499
0.11341931
0.11415331
0.112989895
0.10658162
0.10748032
0.108896166
0.105523214
0.11105722
0.110116825
0.11912887
0.12064299
0.12408738
0.12200187
0.11815364
0.11820059
0.11621626
0.121079355
0.11816519
0.1127466
0.110541955
0.13338993
0.13617228
0.13202283
0.13488886
0.13715905
0.13693951
0.131989
0.1321295
0.1351832
0.13565104
0.13525845
0.13659468
0.13732445
0.14470734
0.14364126
0.13995686
0.13905656
0.13530141
0.13366888
0.1429011
0.13260251
0.13796973
0.1461301
0.14656639
0.14769743
0.15410987
0.15309614
0.15863328
0.15791354
0.15441887
0.15312968
0.14888641
0.12551957
0.13230841
0.1312956
0.13027059
0.13139217
0.13310134
0.12916574
0.12664984
0.12558861
0.12231866
0.12386538
0.120308235
0.12115957
0.12290212
0.12290475
0.121582076
0.11840997
0.11740407
0.113868006
0.11153613
0.11370755
0.11736711
0.11845894
0.117994644
0.11496413
0.11935055
0.12240148
0.11994701
0.11714341
0.1211071
0.122616604
0.12016293
0.11855639
0.116518795
0.11921428
0.11037429
0.108791344
0.10736357
0.1101491
0.10886631
0.10905125
0.10802769
0.107130855
0.10635493
0.10516342
0.10455108
0.10405058
0.103658825
0.1033734
0.10319259
0.10311529
0.10311529
0.10311529
0.10311529
0.10311529
0.10311529
0.10311529
0.10311529
0.10311529
0.10311529
0.10311529
0.10311529
0.10311529
0.10311529
0.10311529
0.10311529
0.10311529
0.10311529
0.10311529
0.10311529
0.10311529
0.10311529
0.10311529
0.10311529
0.10311529
0.10311529
0.10311529
0.10311529
0.10311529
0.10311529
0.10311529
0.10311529
0.10311529
0.10311529
0.10311529
0.10311529
0.10311529
0.10311529
0.10311529
0.10311529
0.10311529
0.10311529
0.10311529
0.10311529
0.10311529
