328.71396
116.52675
72.997246
57.400276
48.21529
41.682846
36.50763
32.21461
28.746708
25.648254
23.087263
20.818562
18.870834
17.129776
15.499953
14.191541
12.99901
11.967901
10.931736
10.10373
9.322181
8.611562
8.009994
7.455893
6.977704
6.482
6.051588
5.673024
5.3106337
5.0082498
4.721228
4.4377184
4.22114
4.0295086
3.770512
3.6039183
3.4265745
3.2779534
3.1208465
2.9994771
2.8813045
2.7359493
2.6158218
2.5292652
2.4359486
2.3481975
2.2690213
2.1886551
2.1021585
2.0621827
1.9692065
1.9016049
1.8552884
1.808661
1.7503303
1.7179713
1.651372
1.6426775
1.5776169
1.5353327
1.5136696
1.4948255
1.4340568
1.4281251
1.377209
1.3508613
1.331876
1.30814
1.2742033
1.2366828
1.2083621
1.1986016
1.2045535
1.1461332
1.1330653
1.1139256
1.1181558
1.0838307
1.050414
1.0584705
1.0363064
1.0228873
1.0207243
0.9907663
0.96914446
0.9766253
0.9394813
0.9487858
0.92361414
0.9193774
0.9023729
0.8901992
0.8820547
0.8592326
0.8759736
0.8399287
0.82413167
0.8280721
0.8324537
0.83027726
0.81137955
0.8165498
0.8116129
0.7832587
0.78211826
0.7842443
0.77455044
0.7574797
0.76371646
0.7518231
0.75090027
0.7479132
0.7326365
0.7083864
0.70227814
0.7379991
0.69860286
0.7019701
0.6870964
0.6934076
0.68675256
0.6786063
0.67082953
0.66969573
0.6790937
0.6563557
0.6551403
0.6536304
0.6488483
0.6460474
0.6319369
0.6511118
0.6268282
0.6288913
0.61736137
0.6353643
0.62416255
0.6369964
0.6144706
0.599769
0.6085633
0.60172284
0.59247285
0.59544194
0.5946217
0.57778776
0.58229464
0.58141583
0.5777713
0.5712976
0.56412953
0.56732893
0.55140424
0.56182164
0.5640587
0.5600605
0.55608535
0.5583692
0.55222696
0.54187506
0.5395493
0.55413204
0.5505673
0.54050857
0.53268164
0.5286679
0.5373482
0.53255635
0.53212094
0.5396604
0.5171052
0.5231201
0.5183364
0.50492364
0.5136102
0.5104925
0.5209448
0.5096048
0.50229776
0.50406486
0.5038496
0.5065228
0.5211139
0.49962407
0.4932755
0.5032682
0.49967864
0.49219334
0.4916493
0.4889834
0.4885117
0.4836137
0.4790935
0.48715279
0.49388224
0.477822
0.4898183
0.52045363
0.4724925
0.49490348
0.48897335
0.46528178
0.47738877
0.4711834
0.48424244
0.45855144
0.4644194
0.46077648
0.459651
0.45316547
0.45291218
0.44988236
0.45794356
0.4566184
0.44561973
0.45318234
0.44305858
0.458832
0.44768667
0.44569716
0.43892035
0.46763262
0.4329031
0.43915084
0.44505614
0.43563187
0.43821013
0.4345567
0.42964566
0.4363823
0.45890126
0.42370328
0.43618336
0.42038825
0.42559865
0.434201
0.4190555
0.4187467
0.43604654
0.4225403
0.42417017
0.42009303
0.42488977
0.42037994
0.412969
0.42000306
0.41768435
0.41512528
0.4187979
0.40846354
0.41046187
0.41032195
0.404629
0.42376474
0.40595952
0.40854308
0.41870108
0.40813315
0.41513616
0.41122055
0.4053157
0.39924258
0.40584806
0.4091136
0.40439752
0.40116963
0.40708864
0.40365136
0.4090599
0.40343094
0.41009414
0.4015839
0.39283925
0.40009573
0.39574713
0.39651123
0.3899164
0.40254423
0.3881453
0.40101993
0.39291304
0.3895254
0.3867464
0.3885222
0.3890482
0.3881386
0.39163122
0.39431107
0.3855262
0.38160717
0.39412254
0.3862581
0.3911437
0.38363516
0.38808668
0.39126143
0.37517625
0.3794747
0.38913333
0.38616955
0.3891004
0.38523254
0.3784202
0.38555047
0.38237387
0.38324228
0.39004973
0.38417745
0.3834777
0.38270417
0.38255838
0.37642822
0.38100016
0.3748588
0.37776604
0.37405056
0.3733956
0.37902546
0.3738458
0.36391157
0.37341556
0.37553626
0.37791234
0.36982566
0.37026036
0.36905113
0.37184078
0.37685
0.36571604
0.36187524
0.36383978
0.36083525
0.36297497
0.3596349
0.35967305
0.35969603
0.35883594
0.3637242
0.36195529
0.3578962
0.35841566
0.36411604
0.36156702
0.3622197
0.36016768
0.36226928
0.3642055
0.35062844
0.35540965
0.36385438
0.3589493
0.36509258
0.35677117
0.36447784
0.35611263
0.36110753
0.35542008
0.35972497
0.352336
0.34536147
0.3471804
0.35480735
0.3425567
0.35359704
0.35187805
0.34860533
0.36209357
0.3535885
0.3500917
0.3468226
0.34959814
0.34125823
0.3534285
0.34727216
0.34757128
0.35338208
0.34893396
0.34561935
0.34358427
0.34886807
0.34505206
0.34909317
0.33780038
0.33872196
0.33795998
0.33509982
0.33878255
0.34472987
0.3397335
0.33403865
0.33837077
0.33652827
0.34217533
0.3359671
0.3441974
0.3376582
0.33207673
0.33476356
0.3349046
0.33184868
0.33016887
0.3363367
0.33543453
0.32898974
0.33887455
0.33381248
0.34264323
0.3343603
0.33359256
0.32986447
0.33368477
0.32768375
0.32665566
0.32796532
0.3276852
0.32497978
0.3206172
0.3251467
0.3262494
0.32955644
0.32606757
0.32495886
0.3221756
0.323372
0.32643571
0.32348266
0.3250051
0.31531435
0.31767303
0.32161662
0.326107
0.32227883
0.3145123
0.31541523
0.31893638
0.30898535
0.32009497
0.3173923
0.31656498
0.316055
0.32930055
0.3219644
0.31904754
0.32583266
0.3165236
0.31423438
0.32152268
0.32184651
0.3128411
0.31751865
0.31815267
0.3115465
0.3169855
0.31300938
0.31161693
0.31389657
0.30577585
0.31381732
0.30940402
0.3069543
0.30725843
0.30628073
0.32301667
0.30849633
0.30837953
0.30312723
0.31765652
0.30871752
0.3077172
0.3065027
0.3005236
0.3010013
0.29966542
0.30128232
0.30566505
0.30320305
0.2999595
0.30225718
0.30455938
0.30649465
0.29883263
0.29677224
0.30517676
0.30738878
0.3060604
0.3059811
0.30468422
0.30491793
0.29110676
0.300894
0.30025125
0.30067188
0.30333328
0.29772368
0.29555735
0.30391794
0.2920431
0.2942623
0.29051548
0.29310676
0.29412216
0.28835323
0.2910355
0.28779575
0.29428995
0.29347998
0.2922435
0.29304388
0.2970533
0.29627717
0.29183036
0.28789926
0.28946662
0.29312363
0.28496107
0.2884407
0.2898625
0.29346597
0.28380245
0.2812541
0.28873459
0.28905734
0.28779277
0.28767774
0.28792378
0.28254822
0.28606892
0.28998065
0.28353396
0.2890627
0.2886581
0.2882479
0.28469852
0.28673142
0.2808151
0.28710565
0.2834789
0.27985957
0.27983275
0.28307062
0.2799146
0.27942547
0.2850054
0.27041888
0.2842319
0.27612117
0.28102234
0.27421626
0.2814682
0.28853673
0.2812822
0.2796995
0.28286237
0.27806008
0.27282307
0.27538335
0.2786052
0.27242303
0.27809983
0.27777568
0.27029654
0.2775008
0.2689992
0.27373016
0.27722606
0.27336204
0.26965493
0.27523452
0.27305597
0.26889494
0.27307436
0.26863876
0.264356
0.2711941
0.2681358
0.26344517
0.2606013
0.2721283
0.2647866
0.2626155
0.26188186
0.26498866
0.26083568
0.26173458
0.26079357
0.255421
0.26208502
0.26408124
0.26039517
0.25970688
0.26092854
0.2580143
0.25803414
0.26026085
0.25162017
0.25837532
0.2562778
0.2598614
0.24994364
0.2548363
0.25668734
0.25155297
0.250265
0.25199625
0.2507225
0.25639796
0.25706095
0.24765155
0.24911411
0.24926342
0.25822237
0.2488183
0.25304335
0.2467204
0.24726482
0.24940762
0.2451317
0.2469961
0.2506847
0.25376952
0.25098673
0.25648585
0.24426635
0.24695353
0.23997481
0.23921724
0.2401706
0.24351962
0.23954545
0.2415944
0.23849535
0.24142432
0.23486568
0.23673736
0.23826675
0.236001
0.23726094
0.23349185
0.23525892
0.23886685
0.23655747
0.23498687
0.23497535
0.2399862
0.2387714
0.23736535
0.23214652
0.23232815
0.23054887
0.23675132
0.23414263
0.23867728
0.23096427
0.23238117
0.22889815
0.22951084
0.23802972
0.22683045
0.23166785
0.22974522
0.23314135
0.2384482
0.23131385
0.22540233
0.22952141
0.23325041
0.23012127
0.23383301
0.22454809
0.2261539
0.22632506
0.23150477
0.22768186
0.22115308
0.22766745
0.2257999
0.22457601
0.22103862
0.22363819
0.22161394
0.22263809
0.22142813
0.22497712
0.22717878
0.21852802
0.21826172
0.22593601
0.2166913
0.21388404
0.21841305
0.22152776
0.21880552
0.21898466
0.21555737
0.21327212
0.22215064
0.2210686
0.21552609
0.21484727
0.21132942
0.21718293
0.21990058
0.21681774
0.21443719
0.20923361
0.22173081
0.21505865
0.21655725
0.21479437
0.21866225
0.21373972
0.21573351
0.20986779
0.21167803
0.20808482
0.21110034
0.20793056
0.21735351
0.21857226
0.21379928
0.2142158
0.208157
0.20936209
0.2096985
0.21538706
0.21198852
0.21365653
0.20592806
0.2093067
0.20682608
0.20748663
0.20874424
0.20882168
0.2066402
0.21681991
0.20697553
0.20580357
0.20456643
0.20509347
0.19922131
0.21339054
0.20661609
0.20851408
0.20602456
0.20467675
0.2014307
0.19692124
0.20473178
0.19908789
0.20375271
0.20442511
0.19595957
0.20133433
0.19568865
0.20053864
0.20117678
0.19327581
0.19207197
0.1935834
0.18760857
0.19404392
0.19644363
0.19605513
0.19278853
0.19849823
0.19333492
0.19022402
0.19098271
0.18976408
0.18973505
0.19348086
0.19419937
0.18842988
0.1886436
0.19208436
0.1874785
0.18633965
0.19170198
0.18848886
0.19317096
0.19383205
0.18805231
0.18651879
0.19005686
0.18914011
0.19243865
0.18969506
0.18283595
0.18223196
0.18282534
0.19319682
0.18164006
0.19131084
0.18190028
0.18957396
0.1852764
0.17677946
0.18526307
0.1814708
0.18657543
0.18320297
0.18725619
0.18442868
0.17890051
0.18089087
0.18306345
0.1831847
0.18191801
0.17529824
0.17762607
0.18401833
0.1773452
0.18297204
0.1806551
0.17850693
0.17587453
0.17669472
0.17483765
0.17602436
0.17379943
0.17467302
0.17122403
0.17153414
0.17148973
0.17368591
0.171215
0.17101702
0.17226188
0.17083864
0.176063
0.17042145
0.17002782
0.17250057
0.16723466
0.173767
0.16766976
0.16496295
0.16802713
0.16785476
0.16682772
0.16840807
0.16515075
0.16576771
0.1735424
0.1680283
0.16851495
0.1670086
0.1617103
0.16593358
0.16472799
0.16190127
0.1623622
0.16208185
0.16588357
0.16141456
0.16074635
0.16196917
0.15982838
0.16358532
0.15616754
0.160376
0.15750524
0.1590326
0.1569532
0.15365878
0.15769015
0.15587996
0.16162129
0.15748617
0.1577826
0.15941402
0.16244227
0.16570786
0.1529502
0.1557849
0.15401372
0.15832457
0.15246426
0.1557385
0.15128255
0.15325488
0.15644324
0.16239569
0.15633917
0.15364024
0.1579945
0.15455836
0.16210943
0.1506811
0.1528894
0.15663566
0.15683118
0.15324757
0.1519931
0.15159196
0.15454574
0.15584567
0.15784587
0.15857197
0.15063041
0.15629217
0.1556965
0.15356952
0.15350263
0.15714002
0.16282614
0.15488538
0.1517696
0.14894487
0.15110046
0.1505829
0.14465389
0.15018207
0.1507194
0.1518592
0.14978139
0.15056843
0.15679732
0.14949262
0.15207863
0.15307792
0.14407891
0.14878233
0.146119
0.14605874
0.15080404
0.14562447
0.15329288
0.14621185
0.14881532
0.1439388
0.14510529
0.14558223
0.14164491
0.1456159
0.14602783
0.14564414
0.1473358
0.14623363
0.14659226
0.15154785
0.14272462
0.14303838
0.14212021
0.14131843
0.1452251
0.1433392
0.14887486
0.1467342
0.13706176
0.13928981
0.1379407
0.14192396
0.14048856
0.14746056
0.14354603
0.14228386
0.13573825
0.13983424
0.1441249
0.13979758
0.13893248
0.1406114
0.13766971
0.14922264
0.13621087
0.14199652
0.13927971
0.1394305
0.1408445
0.13957958
0.13992019
0.14251128
0.13639292
0.13934748
0.14354526
0.13876414
0.13777095
0.13852651
0.14243622
0.13735203
0.13556895
0.14029703
0.13875502
0.13932152
0.13825105
0.13436168
0.14103124
0.13327892
0.13327292
0.13546766
0.1375663
0.13926151
0.13380261
0.13232765
0.14011441
0.13727196
0.13324548
0.13811924
0.13604975
0.13622321
0.13488996
0.13685688
0.13471563
0.135434
0.13945541
0.13706692
0.13817602
0.13338801
0.13247195
0.13101736
0.13870472
0.13284884
0.13583776
0.13378218
0.13806267
0.12710266
0.13366917
0.1287781
0.1373857
0.13222615
0.13002156
0.13015471
0.13135527
0.13440333
0.13593481
0.13400197
0.13637576
0.13057114
0.12707132
0.13077217
0.13390037
0.12974282
0.13179857
0.12721954
0.13021417
0.12699868
0.12873931
0.12912086
0.12592047
0.12261492
0.12937956
0.1261532
0.1312516
0.12653427
0.12960437
0.13235523
0.13194674
0.13120483
0.12325705
0.13138878
0.13588858
0.1296932
0.13174766
0.12789147
0.12081753
0.1271832
0.13016577
0.13029669
0.12623927
0.12811372
0.12981468
0.13056746
0.13083537
0.12578203
0.12808335
0.1248952
0.12576301
0.12651373
0.12858966
0.12539867
0.13171412
0.1238037
0.120943785
0.12437893
0.12698321
0.12404288
0.1178505
0.124707796
0.120479055
0.1249543
0.12496207
0.12118967
0.12502138
0.11879687
0.12871768
0.12359345
0.11971749
0.12675563
0.122579105
0.1234745
0.12624939
0.12271496
0.124971986
0.12585847
0.12074656
0.12316134
0.12067842
0.11999325
0.12227679
0.12084438
0.11940107
0.121374935
0.12096863
0.11776903
0.112106845
0.119256
0.12050329
0.118384674
0.1156663
0.11736124
0.117102645
0.11883155
0.11696511
0.116576985
0.111670494
0.11654985
0.11811852
0.11677989
0.1177686
0.11882211
0.119460404
0.11755066
0.11635166
0.11487962
0.11636398
0.11391414
0.114917904
0.12071103
0.11684471
0.11624306
0.11430948
0.11678665
0.11692598
0.113558054
0.119006254
0.11556332
0.113266274
0.11433127
0.11188865
0.11703515
0.1145387
0.11318499
0.11404925
0.117926486
0.11246191
0.11432413
0.110791884
0.115338035
0.11272313
0.11044585
0.111178055
0.112694845
0.120113745
0.11626807
0.111265205
0.114561416
0.10924739
0.112472355
0.11042007
0.11419149
0.111652456
0.115052626
0.11413206
0.11441058
0.11661807
0.10893002
0.11373536
0.11492118
0.11376241
0.11338329
0.113356404
0.11069092
0.1124667
0.109982274
0.11099044
0.108673245
0.10872129
0.11037497
0.10801529
0.10949475
0.109236665
0.11136906
0.10998087
0.1060211
0.10718562
0.11256184
0.10920275
0.105677895
0.10721435
0.109459564
0.10566165
0.105226025
0.10952005
0.10378854
0.10804322
0.10836888
0.1071673
0.10801723
0.11021751
0.10267415
0.10246458
0.10660268
0.11610098
0.106045365
0.10155461
0.10994392
0.10923431
0.1070205
0.10456275
0.106029116
0.10977061
0.14392748
0.10414672
0.10459124
0.10840863
0.10052897
0.110264614
0.10454594
0.10300983
0.10061853
0.10229531
0.10464517
0.10289759
0.10890316
0.09972437
0.10233709
0.10216965
0.10356749
0.10163248
0.102539524
0.09922878
0.10352939
0.10437659
0.10008628
0.10093006
0.10028326
0.10326155
0.09483495
0.1008408
0.10210626
0.10257736
0.10199467
0.09690138
0.10025107
0.096749
0.09804342
0.09799975
0.09674936
0.09794912
0.10472177
0.098577626
0.09711077
0.096368074
0.096208565
0.101247996
0.09444914
0.099579
0.09549542
0.09601869
0.09658212
0.099501535
0.097669624
0.09582638
0.09491705
0.09854406
0.09406008
0.0999069
0.094112344
0.09287226
0.09223213
0.093685314
0.09591738
0.09840593
0.09446558
0.09726308
0.09170303
0.09836333
0.09409306
0.090926625
0.096966006
0.0960579
0.090570614
0.092728816
0.091326244
0.10004753
0.09150096
0.10490119
0.0956865
0.088325426
0.089264914
0.094577074
0.092851974
0.09383311
0.09303352
0.092643365
0.091485485
0.09426065
0.091343015
0.08921613
0.08794052
0.093787596
0.095592305
0.08849796
0.095144704
0.08898418
0.09336581
0.09157704
0.09391511
0.0936771
0.091283046
0.093241185
0.092995174
0.09089769
0.08916901
0.09055089
0.088214405
0.092110924
0.09059214
0.09439932
0.09110158
0.09065896
0.08943558
0.09398747
0.092683986
0.08893053
0.0909272
0.08803356
0.09069731
0.09475577
0.08795343
0.0951945
0.085310265
0.09285134
0.088846445
0.08772479
0.09265896
0.088628
0.09169571
0.092544295
0.087277055
0.08968815
0.08618269
0.08607316
0.08580915
0.09091996
0.0870913
0.08523639
0.08893261
0.086946234
0.087093934
0.08705
0.08952448
0.083657295
0.085393175
0.084667325
0.086412326
0.08598431
0.08665128
0.09069717
0.08370452
0.085015975
0.09185352
0.08507562
0.08198333
0.08618032
0.088089146
0.0833552
0.08530511
0.08333569
0.07935384
0.08546808
0.08344234
0.08670759
0.08219117
0.086236954
0.085791714
0.08391719
0.08284476
0.08274262
0.084089495
0.082553014
0.08460752
0.08382024
0.08344298
0.08277108
0.08063618
0.08382821
0.08610829
0.07993663
0.08372524
0.08627203
0.08065366
0.0818317
0.08000022
0.08166775
0.078677975
0.077248216
0.08219036
0.08069473
0.08221609
0.08083835
0.089191966
0.087666415
0.08151001
0.07871043
0.08157118
0.08901101
0.07935649
0.08549903
0.082747966
0.07811505
0.08249523
0.080294475
0.084545374
0.078590475
0.07713313
0.08016579
0.080340914
0.079917364
0.07643633
0.07954152
0.07767973
0.080809
0.078378245
0.07799667
0.08404213
0.07340882
0.08030549
0.07771517
0.07937317
0.08365682
0.07860881
0.07750836
0.07927612
0.0776297
0.07760082
0.079058625
0.07583511
0.076453604
0.07629761
0.082474776
0.077526085
0.07482076
0.07388724
0.07690606
0.07893468
0.077507414
0.078271486
0.07853943
0.07816176
0.07679296
0.0775863
0.07615215
0.076959826
0.075819924
0.07767677
0.07747606
0.07676215
0.07725651
0.081382535
0.07542468
0.07714027
0.07892903
0.079329066
0.07624596
0.079327404
0.077279836
0.07693889
0.073178545
0.07793222
0.072723545
0.07676867
0.08033004
0.07661358
0.07352377
0.07723409
0.07609873
0.07698134
0.07771701
0.07908183
0.07897903
0.07402298
0.07098027
0.07313824
0.07630086
0.07642714
0.07394675
0.07558257
0.0758174
0.075788796
0.07786737
0.07274926
0.07253974
0.075863026
0.07773186
0.075261764
0.07558045
0.07784528
0.07701975
0.073404685
0.07780017
0.075785995
0.0774014
0.077703394
0.07806959
0.07859796
0.0772405
0.0748691
0.078057356
0.075214855
0.07483412
0.081646055
0.07825753
0.076843105
0.07459005
0.07348116
0.074145354
0.07434726
0.077728696
0.072035685
0.07549243
0.07493689
0.08062351
0.07279847
0.07344229
0.07337367
0.073794074
0.07592143
0.07179031
0.075793274
0.072687514
0.0752544
0.073405765
0.07699063
0.07470885
0.07470007
0.074413374
0.07405744
0.07121098
0.072763115
0.07288974
0.06864574
0.06999784
0.07702552
0.07117768
0.0731553
0.07536575
0.07197006
0.074547574
0.07197429
0.07209454
0.07332331
0.077612735
0.07492864
0.071547024
0.07098286
0.0679825
0.07014691
0.07478531
0.06874281
0.07019547
0.070060015
0.07188201
0.065310344
0.068727545
0.07465549
0.06931961
0.0685303
0.06674274
0.07208327
0.06862409
0.0716998
0.069376476
0.072472475
0.07255432
0.06590702
0.067314535
0.06741154
0.072348095
0.070092544
0.086569995
0.06986593
0.067803346
0.06996971
0.06803092
0.069338754
0.0694116
0.073147275
0.06825198
0.06545253
0.06867798
0.06845851
0.06613752
0.07293828
0.06862865
0.071873814
0.06628173
0.0654212
0.07033073
0.06662977
0.067344725
0.068079665
0.06666147
0.06648675
0.06417744
0.0655728
0.06603647
0.06479481
0.06483777
0.065620765
0.066402294
0.06501366
0.06563198
0.070582405
0.06913214
0.06694544
0.068902835
0.06739091
0.06942631
0.06496085
0.067269266
0.06588654
0.06495033
0.06916261
0.06416191
0.06943998
0.067463644
0.064551465
0.06902393
0.06626637
0.06546179
0.066407464
0.06421583
0.06834709
0.06576136
0.059519425
0.06442938
0.06549325
0.06316585
0.06481589
0.06562018
0.06338889
0.065921225
0.06499343
0.06554058
0.0663155
0.064677946
0.06305256
0.062182967
0.064142644
0.06846477
0.06626525
0.064491175
0.0698488
0.06583163
0.06968653
0.06482534
0.06262569
0.06790542
0.060395565
0.0663265
0.06269468
0.0626809
0.06843123
0.06364234
0.067561895
0.06512836
0.06679172
0.06587958
0.065561995
0.06681223
0.06411515
0.065409355
0.06752649
0.06528107
0.06391297
0.06745036
0.06038787
0.068383
0.06656311
0.06527821
0.06773948
0.06445822
0.06514621
0.060902216
0.06778835
0.06192313
0.065314636
0.06515724
0.065113075
0.06232622
0.06553055
0.0669737
0.0647808
0.06271874
0.06119727
0.06294153
0.06426268
0.060609337
0.0644577
0.06323312
0.061409105
0.06590276
0.06397544
0.05888186
0.0660147
0.06323782
0.061591603
0.06236675
0.059458345
0.0653206
0.063113675
0.0637977
0.06639186
0.05907859
0.063659154
0.06327495
0.06300145
0.06236738
0.067002326
0.06787638
0.07004963
0.06378579
0.06409048
0.06524977
0.0684028
0.064312056
0.064914145
0.061337635
0.06253168
0.0655237
0.064804696
0.06415887
0.062224515
0.06008373
0.061881833
0.062251337
0.06558354
0.056809098
0.06248465
0.062276326
0.0659941
0.062362947
0.060060613
0.06722628
0.053174045
0.061104972
0.05975344
0.06276064
0.06167802
0.058859713
0.062376827
0.056536242
0.061803427
0.061698146
0.05747294
0.06099044
0.059088692
0.059811506
0.06311092
0.061531316
0.06416887
0.060745995
0.061727367
0.06357011
0.06266747
0.06812835
0.05920835
0.061737783
0.063346274
0.060220636
0.060648147
0.059969526
0.062123373
0.061658874
0.061959896
0.06203449
0.06482329
0.05886363
0.060735717
0.06380014
0.05765187
0.062072378
0.06264043
0.060661554
0.064657025
0.061242223
0.06252768
0.062606774
0.061918523
0.066007964
0.06302051
0.06311452
0.055923585
0.063756615
0.0597631
0.057105657
0.059513874
0.06092374
0.058861844
0.05756295
0.06378892
0.060686983
0.05761363
0.06273584
0.05875934
0.06149706
0.058036897
0.06026013
0.05915696
0.06282456
0.060167786
0.06152256
0.059552442
0.061467938
0.0612661
0.06231986
0.057314858
0.059307344
0.058828242
0.0631757
0.058135223
0.058765523
0.0604979
0.0575413
0.060018793
0.05988517
0.058258742
0.05586238
0.06111319
0.06197264
0.06695466
0.060334634
0.059317827
0.06192998
0.05594248
0.06339859
0.062352434
0.058273166
0.062540546
0.058555413
0.06051271
0.057206593
0.06022666
0.058418117
0.06257742
0.060748894
0.058787003
0.060394857
0.06039261
0.05827723
0.060172956
0.0592
0.061119955
0.06460435
0.058109965
0.065049365
0.056138605
0.056936465
0.058412448
0.057047073
0.05623633
0.06035646
0.06263302
0.06086189
0.062515356
0.05679283
0.055735625
0.05807682
0.060243886
0.05838473
0.05729338
0.05951349
0.056336977
0.060776856
0.060319927
0.064018086
0.062516846
0.060364265
0.05763484
0.05971725
0.057857946
0.057129443
0.06583314
0.056253295
0.056450926
0.06021735
0.056925934
0.05828734
0.05486584
0.060728535
0.061364822
0.054259375
0.06345199
0.053902388
0.056167565
0.05652686
0.055864688
0.057062205
0.05832342
0.059757285
0.06020036
0.057974387
0.05711841
0.055541176
0.05773796
0.060649272
0.056102425
0.06319144
0.05717338
0.054547854
0.057703804
0.057629418
0.05888626
0.053442843
0.05436135
0.06360349
0.05560202
0.054774866
0.0578504
0.057316683
0.058826495
0.059003312
0.058851764
0.057800826
0.059798162
0.0540373
0.054593965
0.056806255
0.059918307
0.05528847
0.057614528
0.05725383
0.05665182
0.05841057
0.054789856
0.05605775
0.060653955
0.056972597
0.05611239
0.055826414
0.057439532
0.057062462
0.053980578
0.05598854
0.057433683
0.053899776
0.059799694
0.057524905
0.052465376
0.057704557
0.055726893
0.056508623
0.061259698
0.056591015
0.054216366
0.0604586
0.055512235
0.05579004
0.056982186
0.061437353
0.053460747
0.06256034
0.057011936
0.05375802
0.0557323
0.059040114
0.053916525
0.053748745
0.05558081
0.05447962
0.05245979
0.053152055
0.05667849
0.055564694
0.056841847
0.057407852
0.05848954
0.055329744
0.054598544
0.052816894
0.054190543
0.054601543
0.05590141
0.054876227
0.05709583
0.05195212
0.052835643
0.055731952
0.053995173
0.054418072
0.057955228
0.057232328
0.054322194
0.056739476
0.05603126
0.05682711
0.05653808
0.057333276
0.055739544
0.059453513
0.05682303
0.05297202
0.050916992
0.059883658
0.050818373
0.0600474
0.052989554
0.05714654
0.062112488
0.058571085
0.054600496
0.056818828
0.05553879
0.050561704
0.052192558
0.057162147
0.053297013
0.054396506
0.057860512
0.056673624
0.053137086
0.054605845
0.058025282
0.052910395
0.05205355
0.054328695
0.05635803
0.053890135
0.06134165
0.055484142
0.053633872
0.05813669
0.057440247
0.05425935
0.057665862
0.051560447
0.057148103
0.05244311
0.052514344
0.054007336
0.053719223
0.053552847
0.050167304
0.053054225
0.04900678
0.053046785
0.058122117
0.05406903
0.050441787
0.052362766
0.05197359
0.050868295
0.051836573
0.050682604
0.057052903
0.052364167
0.053666938
0.051900074
0.0526352
0.051807743
0.048896927
0.054863945
0.053076837
0.05478396
0.052939128
0.05307258
0.051700823
0.05332891
0.054028295
0.051335607
0.051154617
0.054962236
0.052640527
0.04971004
0.05716349
0.057457607
0.05089159
0.0485875
0.0513661
0.053406578
0.052390076
0.056804653
0.052297812
0.052861508
0.04766905
0.05698372
0.057452958
0.052085117
0.051367108
0.049861286
0.053911407
0.050945014
0.051910836
0.051388364
0.060404815
0.05257431
0.05195704
0.051872876
0.051589895
0.0535528
0.049308628
0.051726095
0.052735347
0.055064715
0.055398077
0.05246102
0.052817255
0.056553718
0.05663045
0.053161573
0.05470232
0.054669555
0.053103372
0.049744572
0.054943074
0.054966193
0.05498462
0.050101493
0.050128065
0.049158495
0.052602146
0.049146816
0.049313672
0.051652964
0.050330225
0.053855557
0.051756997
0.0492934
0.047480624
0.054355748
0.05232733
0.050197467
0.056383945
0.050636895
0.051023535
0.052367933
0.05374402
0.050318856
0.049972802
0.053066567
0.056038
0.049399745
0.05144814
0.0541866
0.05066877
0.050775256
0.051446047
0.049709667
0.05551277
0.05343566
0.049680077
0.05186616
0.053912025
0.05509969
0.052077014
0.05116569
0.0520717
0.05153668
0.051899094
0.050059583
0.05043867
0.050476756
0.0475552
0.050850954
0.051056158
0.050664842
0.05242579
0.051064838
0.05021158
0.055958837
0.048807446
0.05498351
0.050976768
0.052267164
0.045303874
0.050454497
0.04628726
0.050190195
0.050535187
0.049051303
0.04825187
0.053347148
0.04904278
0.050747033
0.050779782
0.051651336
0.048645757
0.045800813
0.05270841
0.052843172
0.056243733
0.049351893
0.051304687
0.04944243
0.047273852
0.050421886
0.048478693
0.048593238
0.050921347
0.050544977
0.0515349
0.05072769
0.048597038
0.05399367
0.050484642
0.05126844
0.056669194
0.048410993
0.051399928
0.047315538
0.053130303
0.051228568
0.04965254
0.05018413
0.050467744
0.05191716
0.051215343
0.048873134
0.051214047
0.050970536
0.04979642
0.04726054
0.051557146
0.045778178
0.052595306
0.051918052
0.0480035
0.053588506
0.053549923
0.05105481
0.05117501
0.048678886
0.052655935
0.048076723
0.057383284
0.050517235
0.050700314
0.050292164
0.04717343
0.050545458
0.05699845
0.049797185
0.05228892
0.053399086
0.051959667
0.049672127
0.053671047
0.04952096
0.051225536
0.048868977
0.054743774
0.049120996
0.0543372
0.053007443
0.05251465
0.04853478
0.04920261
0.047933258
0.051315375
0.05104853
0.053231277
0.049137987
0.05108467
0.05369124
0.055518504
0.05055779
0.055218294
0.052822173
0.0492282
0.05265346
0.05357985
0.055338018
0.05418893
0.05320153
0.052175857
0.05292592
0.053246196
0.053777125
0.05399698
0.049354948
0.052452423
0.053464502
0.053915206
0.05057389
0.049807847
0.05027886
0.052918848
0.04905457
0.05364901
0.050314534
0.05109039
0.04541311
0.046988755
0.04653843
0.054982226
0.05298391
0.051407624
0.052048653
0.049403787
0.051087867
0.049365122
0.05263522
0.052472338
0.051939126
0.04982583
0.048141867
0.05184192
0.04785675
0.049957607
0.054257255
0.051618222
0.04832331
0.04887552
0.0488473
0.049416386
0.05059703
0.050702564
0.045758985
0.052171472
0.050125312
0.051750146
0.057664555
0.05394076
0.05248493
0.04846967
0.05191598
0.05228285
0.055756
0.048124168
0.053079527
0.04780019
0.048524115
0.052205466
0.05060724
0.054418694
0.048806984
0.05200536
0.056612168
0.049719762
0.04918909
0.05035902
0.05146106
0.050956286
0.051427443
0.052424204
0.052102104
0.051321186
0.057406407
0.05068805
0.04884973
0.05035963
0.053226102
0.048834115
0.046982326
0.052120343
0.050152335
0.05244783
0.050179604
0.050404254
0.04760478
0.04800832
0.045940716
0.049416613
0.046523724
0.0484085
0.0509513
0.04803784
0.04617053
0.045758747
0.048422873
0.049986593
0.046341456
0.048391394
0.048456494
0.0518038
0.051195882
0.054491438
0.05153864
0.048662484
0.049670033
0.047114853
0.0509262
0.050468642
0.047626663
0.05141237
0.04916049
0.05175849
0.05310176
0.049198553
0.047860086
0.04872267
0.052335244
0.04729163
0.045369335
0.045937452
0.055338964
0.04908931
0.048144415
0.047066685
0.04358333
0.050590124
0.05179008
0.047314532
0.04670584
0.048624896
0.05084608
0.051138658
0.05262493
0.047696054
0.052437466
0.048976168
0.052457713
0.051985737
0.046992853
0.04827023
0.055534888
0.048498545
0.047638923
0.050935708
0.04817274
0.04810226
0.04979735
0.04722421
0.048123367
0.048289288
0.050288986
0.044797298
0.054629568
0.048621144
0.0458326
0.048590146
0.049263872
0.05490344
0.051543396
0.045852978
0.049833007
0.04788294
0.04670081
0.050397992
0.047177352
0.04916707
0.04977522
0.04920183
0.04890027
0.048098207
0.047991484
0.047885485
0.048297815
0.046396
0.05294958
0.048134256
0.047105502
0.04616886
0.048209354
0.051769406
0.05103865
0.049498603
0.045674097
0.04883463
0.050861146
0.050676968
0.05280073
0.0464667
0.052892953
0.044954382
0.04742802
0.05048109
0.046595372
0.050761692
0.04893725
0.050885897
0.049956705
0.05549208
0.050557774
0.051514342
0.04981497
0.049830582
0.050139975
0.050858416
0.05338772
0.04975888
0.05253224
0.052223857
0.04850798
0.049515378
0.05162533
0.049829956
0.049785353
0.04810643
0.05592344
0.050640818
0.050335664
0.057823993
0.055373892
0.048251122
0.048066776
0.049286537
0.05377603
0.052372526
0.047687165
0.047052644
0.050512
0.050955735
0.052813444
0.05412586
0.0578668
0.06037076
0.052314494
0.05943993
0.059098985
0.062947825
0.059280086
0.06027989
0.06306021
0.068347275
0.069609
0.065614715
0.07624157
0.08042094
0.07566752
0.079576574
0.07528813
0.07536384
0.06896972
0.066685736
0.07455898
0.071715415
0.067980655
0.06636396
0.06364974
0.055702273
0.055834193
0.053142473
0.052790314
0.05735413
0.047467753
0.05319163
0.049156915
0.053303998
0.049496114
0.05347735
0.060480174
0.048321385
0.048245963
0.052607358
0.052984122
0.04974626
0.045259867
0.049459655
0.048802465
0.046622634
0.04884471
0.04820663
0.05162105
0.045537215
0.04668969
0.048175495
0.05077261
0.04774
0.047152095
0.05072834
0.047660105
0.04858697
0.049047373
0.048633765
0.050169453
0.049362905
0.049137678
0.046144344
0.047273546
0.04964762
0.04771623
0.047211517
0.04868407
0.05004811
0.047588926
0.049632225
0.0493935
0.050593734
0.048502505
0.04686923
0.045780096
0.050042946
0.055249307
0.049535427
0.04728596
0.049758717
0.045781597
0.047799695
0.049588084
0.04694079
0.04946678
0.049810093
0.046634547
0.05004456
0.047680527
0.05021667
0.04923435
0.049957775
0.04929227
0.04941174
0.045759484
0.049949326
0.05234585
0.050772708
0.050168544
0.045722816
0.0484634
0.051838413
0.049227998
0.046750348
0.050821
0.049677275
0.04958183
0.04848618
0.045717664
0.046130016
0.044768818
0.0444069
0.045201316
0.04718516
0.048034552
0.04595994
0.04828618
0.054126997
0.045842387
0.046904206
0.045048162
0.044434123
0.04560302
0.051015243
0.045020755
0.048680265
0.0471224
0.04277103
0.045994107
0.049019255
0.048078988
0.04469053
0.050307754
0.048782244
0.04789346
0.046421777
0.05216974
0.04508336
0.045245856
0.046924755
0.048827473
0.049549233
0.04883477
0.04701641
0.04406935
0.043510966
0.04689616
0.04495892
0.044126827
0.044502534
0.046715006
0.04632366
0.04401608
0.043267414
0.040600527
0.048744474
0.042972445
0.04627361
0.044005122
0.04579013
0.053148296
0.047458537
0.047390107
0.04200592
0.043482922
0.04816256
0.049337234
0.046276134
0.04971825
0.047760308
0.045540202
0.045035597
0.041523434
0.044888526
0.045153514
0.04912758
0.045312356
0.04587334
0.05092044
0.044811446
0.04360385
0.04567964
0.04352801
0.042831898
0.047377255
0.043512605
0.047424924
0.044378698
0.045069568
0.046639282
0.04477423
0.04806604
0.044068202
0.044565033
0.04637748
0.05190051
0.047772065
0.043867473
0.04371809
0.04557567
0.03938334
0.046631545
0.04523908
0.044641294
0.04910906
0.04321071
0.04576138
0.04733662
0.043133155
0.0466778
0.045863308
0.04234014
0.04369279
0.04743258
0.044440966
0.041316565
0.041566826
0.046448506
0.0467685
0.04756868
0.04579311
0.04475735
0.044569477
0.046137094
0.044686604
0.04649497
0.043372836
0.05147875
0.042011462
0.051016886
0.043921687
0.040520214
0.045843907
0.045638494
0.048293702
0.044966012
0.04362734
0.044052802
0.048442163
0.042115774
0.046105105
0.04679106
0.045333575
0.0439658
0.04606593
0.044610262
0.042099506
0.046131544
0.04329435
0.044981036
0.044781495
0.042867545
0.046057805
0.044643052
0.045100886
0.04655329
0.043298807
0.03972313
0.042550378
0.042681806
0.04277482
0.042244785
0.045514386
0.044353653
0.045321252
0.047627486
0.044459663
0.043305926
0.044315897
0.05358991
0.043186605
0.04790324
0.045070935
0.04888703
0.046114102
0.04521667
0.04690816
0.047376387
0.04835352
0.044004373
0.047356892
0.046014786
0.04457283
0.045867562
0.041983966
0.04743641
0.045997474
0.052870292
0.04543743
0.047488477
0.048122536
0.040737737
0.045222778
0.045154616
0.043355744
0.046629578
0.047391456
0.049684893
0.047146983
0.041385267
0.04607281
0.0441444
0.044234123
0.044205427
0.04818431
0.048487853
0.043339796
0.047326703
0.044269454
0.04134599
0.048594125
0.043805234
0.045298338
0.045072198
0.04453332
0.042650286
0.045947865
0.047265686
0.04519121
0.04654799
0.046558227
0.04109679
0.04106179
0.04807172
0.050661493
0.04054721
0.043039683
0.04624048
0.042373836
0.05012779
0.043162916
0.049171753
0.04737061
0.045647092
0.04758828
0.0449255
0.045563474
0.047576368
0.042621437
0.04816221
0.045863744
0.048424095
0.04259816
0.042012263
0.04323348
0.045892518
0.042868033
0.04601546
0.045475468
0.05006118
0.043668587
0.054351002
0.044216927
0.043956276
0.045696095
0.044810046
0.047846865
0.045522716
0.04603241
0.045388404
0.046639167
0.047331586
0.04701
0.05301853
0.04301373
0.040527266
0.042494867
0.048584472
0.044509742
0.04786614
0.045520112
0.047531147
0.04295599
0.050569285
0.04871208
0.049396493
0.046666738
0.04862412
0.042276844
0.04670862
0.043500684
0.051303003
0.044087227
0.049294427
0.046685748
0.046087325
0.04887474
0.047147032
0.050626863
0.04738841
0.04738795
0.043998845
0.05681886
0.049452752
0.051070172
0.04651853
0.044085022
0.04596733
0.045265563
0.04913758
0.04406974
0.047469765
0.04719988
0.045241103
0.046866562
0.04349938
0.044348903
0.04997626
0.04715794
0.04472413
0.04833231
0.05277209
0.05255282
0.0433754
0.04256673
0.046017863
0.048791975
0.04702417
0.04447732
0.04893265
0.050993696
0.04441616
0.050226744
0.043723207
0.045130532
0.054912604
0.047482625
0.046500433
0.047288947
0.044569142
0.044352856
0.05621132
0.05184542
0.048542995
0.0462012
0.051818475
0.04792395
0.046775516
0.05716619
0.052915726
0.04523496
0.045447703
0.049295463
0.049115986
0.046797425
0.0494197
0.048716236
0.046599295
0.048316296
0.04593779
0.044372033
0.04580516
0.049666665
0.048447054
0.04714498
0.045603286
0.04490683
0.046088643
0.045657873
0.048107225
0.05095889
0.04847065
0.055279385
0.047024768
0.04891149
0.047470942
0.047897793
0.047995344
0.048325073
0.046799477
0.045992423
0.04923294
0.050629694
0.042577386
0.041316308
0.044948254
0.042886402
0.043260675
0.044317383
0.0418819
0.045986887
0.047168072
0.04769486
0.040390644
0.045301687
0.04787415
0.046944376
0.046278577
0.042976756
0.045200814
0.044864282
0.04900948
0.048804574
0.04477146
0.0462671
0.043599658
0.045642123
0.046666954
0.04766084
0.044845544
0.0451303
0.04596422
0.04685841
0.04818679
0.042158924
0.043099895
0.046886217
0.04494054
0.045607053
0.047736123
0.050801456
0.046081766
0.04620929
0.043538187
0.04657479
0.044401858
0.044907153
0.047146525
0.04313038
0.04975645
0.04785821
0.04331728
0.042787958
0.0452531
0.042386398
0.051540945
0.04383353
0.049712438
0.04420451
0.04222466
0.044768408
0.04496835
0.049413145
0.045489546
0.045369193
0.044011246
0.045489617
0.04353759
0.045469448
0.043304052
0.042142518
0.04398807
0.045443017
0.05405162
0.043659773
0.04750473
0.045592356
0.04381579
0.04443134
0.047513552
0.047305357
0.047100965
0.047064073
0.05389394
0.048118528
0.045697425
0.04651664
0.048764642
0.055990182
0.05082555
0.045537807
0.042175926
0.046149466
0.043565452
0.043973736
0.046775147
0.045971174
0.04527598
0.046314936
0.04373008
0.04380526
0.04119539
0.04584999
0.047357924
0.043596465
0.046347193
0.047435846
0.04579067
0.048575558
0.047103785
0.042055205
0.046002828
0.044594448
0.0480268
0.04708631
0.043264624
0.044294298
0.043821774
0.04234325
0.04551752
0.046362683
0.04211885
0.04773271
0.048934653
0.044546608
0.043184128
0.042742826
0.04491086
0.041493725
0.04604637
0.04187657
0.041580886
0.04690555
0.0483544
0.04178933
0.04709928
0.043778457
0.045705803
0.0428482
0.049426667
0.04726215
0.044873744
0.048982836
0.04397632
0.046851613
0.044363085
0.044526868
0.046289794
0.041901983
0.04327761
0.051611964
0.046219055
0.046276942
0.046621952
0.043372326
0.046803575
0.04690052
0.046872266
0.043286785
0.045360114
0.049290992
0.0469957
0.04381272
0.04469671
0.046190552
0.04354482
0.044265606
0.04402127
0.04267493
0.043550715
0.0445914
0.042407863
0.04258238
0.044996116
0.044512805
0.04466476
0.047072213
0.044231683
0.051307064
0.04546939
0.046696816
0.044023033
0.04536894
0.045423064
0.047053214
0.044654258
0.045731522
0.045342468
0.048332904
0.04794251
0.04605186
0.04699903
0.05230484
0.045969766
0.04747176
0.042670164
0.048828576
0.04567441
0.046651497
0.049135484
0.04477443
0.047010586
0.046169363
0.04396097
0.044182815
0.04643302
0.042649925
0.048561532
0.046888918
0.04509668
0.046558157
0.04278386
0.045585934
0.047294345
0.04577054
0.048661545
0.04218894
0.045402125
0.049026016
0.04611911
0.044941608
0.044226702
0.043747675
0.043623578
0.047377404
0.051462505
0.045056626
0.044114962
0.04585111
0.045226984
0.048227213
0.04545279
0.046518497
0.048736654
0.04526552
0.045396343
0.0459797
0.049659286
0.04551755
0.047196843
0.04655443
0.04944593
0.05094139
0.056274146
0.04605926
0.047290325
0.046457067
0.05040611
0.0474275
0.052128043
0.045647513
0.04888915
0.046266478
0.043770965
0.0449265
0.049739137
0.050045025
0.048077412
0.046584565
0.04855378
0.045644727
0.045921493
0.04609202
0.04538357
0.045670077
0.047296975
0.04528106
0.046487555
0.04673835
0.049605418
0.048731077
0.045538288
0.044445854
0.045561127
0.044378947
0.04427643
0.04392113
0.04414269
0.050935354
0.046101976
0.044892106
0.04568515
0.048752163
0.04451523
0.04362096
0.043431334
0.04394754
0.04595871
0.045597598
0.04500657
0.044878058
0.04528492
0.047557086
0.045813248
0.045777135
0.044995166
0.04417232
0.045220695
0.045116894
0.04615912
0.04461224
0.051895358
0.04666345
0.045780916
0.046708263
0.046429496
0.045857873
0.048030052
0.042562667
0.041962028
0.046236448
0.048880976
0.04851319
0.0455275
0.044240784
0.044655714
0.0465871
0.04893548
0.05247325
0.04624621
0.050120387
0.049125474
0.048412696
0.045196835
0.046018843
0.046817493
0.04439966
0.043910135
0.04535158
0.04640784
0.05080408
0.045682948
0.04582949
0.04779836
0.04626504
0.047923066
0.044936936
0.048125356
0.049511716
0.049588438
0.045379356
0.045792714
0.047895756
0.04659431
0.04744338
0.047730144
0.045941155
0.0467678
0.04955789
0.04560343
0.048969235
0.046483636
0.052204773
0.04827728
0.050346665
0.048968934
0.048759237
0.04707328
0.05053691
0.04714674
0.048804507
0.050522078
0.046441913
0.046283666
0.050052837
0.050992843
0.057558786
0.050051834
0.04581501
0.04537784
0.048745666
0.046999395
0.047835853
0.051906895
0.048458204
0.047578283
0.04945893
0.04888825
0.05073044
0.04657347
0.05224731
0.046414837
0.051363967
0.046331823
0.049636822
0.04879697
0.04758873
0.046891075
0.05406691
0.05043794
0.052855473
0.049963035
0.047471583
0.048435137
0.0471384
0.046345066
0.049625963
0.047465753
0.04770132
0.046044834
0.045136545
0.04618632
0.047969554
0.04777807
0.050139703
0.04713601
0.048682112
0.046753723
0.04763751
0.052344065
0.049038276
0.04852973
0.050421476
0.047533
0.04638674
0.047167514
0.049878087
0.047628548
0.04771406
0.046801884
0.050950218
0.047390983
0.045891244
0.046106737
0.047422417
0.050072115
0.047830306
0.04884384
0.048811596
0.047348768
0.045936827
0.04568998
0.04656527
0.048302967
0.046112657
0.045279298
0.045215625
0.046468977
0.049118195
0.046081953
0.04497316
0.043745466
0.045301717
0.046002593
0.047898985
0.04856964
0.04794626
0.04877557
0.048106246
0.04456275
0.04479509
0.048808783
0.04623426
0.04696661
0.051010665
0.04733601
0.046294846
0.047891043
0.04957165
0.048182104
0.047592647
0.050531715
0.04843655
0.048809424
0.05103832
0.047600012
0.046586275
0.04800069
0.053773943
0.049876265
0.049725544
0.048720405
0.044573616
0.04435494
0.048070192
0.05068043
0.045736928
0.04416736
0.046274334
0.050590906
0.047404226
0.045110628
0.044648085
0.044459015
0.045714587
0.04771302
0.049754456
0.04742721
0.045667972
0.046101302
0.04522094
0.045774613
0.046285424
0.049752187
0.047518082
0.044596314
0.04331338
0.04484778
0.0502648
0.046718426
0.04551056
0.04530442
0.045518875
0.0458842
0.04756884
0.050663732
0.048551284
0.0462685
0.045690525
0.045706116
0.0482143
0.051340606
0.053421006
0.04875499
0.046236992
0.046822324
0.049169783
0.047466032
0.04965567
0.04453018
0.045003794
0.051084984
0.048822444
0.04822124
0.049283892
0.0500126
0.05080172
0.045766037
0.045444623
0.049844638
0.045521703
0.045495786
0.049773432
0.047000114
0.046267927
0.04705437
0.049867067
0.04971368
0.049514137
0.053687815
0.04836556
0.04772655
0.051777944
0.048254102
0.04613897
0.046680138
0.047968734
0.0500014
0.047166012
0.046004057
0.046711817
0.047241036
0.047077093
0.048733402
0.05137335
0.049374875
0.04908411
0.050503682
0.048842072
0.047784872
0.046819463
0.04648861
0.04672239
0.048036262
0.048459515
0.049295943
0.050545957
0.04819233
0.04808299
0.04686457
0.046649713
0.04673276
0.050476234
0.052641895
0.0487643
0.04752794
0.04595519
0.047568314
0.04751804
0.04881597
0.048691694
0.04803481
0.046533026
0.045307826
0.04553371
0.04603613
0.05147541
0.061345324
0.05093366
0.04795655
0.05242564
0.050246347
0.04937253
0.04796485
0.04847913
0.051706642
0.049574435
0.048399746
0.049262606
0.049456276
0.0495567
0.048339
0.04809745
0.047273096
0.048254292
0.047141213
0.047392562
0.045916233
0.04954637
0.056219205
0.048320368
0.04460394
0.044455975
0.04883999
0.05404691
0.052319713
0.056882687
0.04885836
0.04526174
0.045717422
0.04579
0.045854762
0.04799066
0.04752562
0.048315212
0.047009546
0.04755159
0.046646263
0.047315255
0.046885915
0.04786849
0.046413243
0.04626518
0.046217266
0.046590395
0.047105663
0.047211323
0.046652034
0.04693978
0.046265565
0.04619713
0.04553155
0.044980623
0.046496484
0.046544254
0.04847172
0.04769475
0.04869194
0.046399936
0.04590186
0.044549953
0.04364761
0.044013876
0.043421593
0.044698767
0.045072943
0.04335723
0.04198844
0.04135691
0.044505574
0.045149818
0.046767607
0.047570743
0.047408357
0.04564123
0.043088604
0.04313888
0.042691246
0.0422732
0.043345556
0.045205772
0.046005286
0.044600505
0.0421009
0.042288583
0.044297908
0.045602493
0.045306318
0.044902373
0.04321348
0.04201279
0.044533487
0.0543085
0.045894586
0.04284195
0.045502666
0.04860113
0.04852951
0.04788337
0.044792496
0.043912638
0.043527685
0.045990013
0.04634618
0.04488789
0.04368782
0.04484209
0.04715378
0.0482941
0.04763966
0.04796365
0.04703427
0.047428504
0.046535514
0.04574214
0.044679035
0.04338957
0.04256775
0.044109758
0.043112375
0.044873375
0.044359386
0.047518943
0.046729624
0.04520339
0.043905776
0.044126134
0.04441862
0.044615943
0.044890903
0.044254046
0.04370121
0.044542257
0.046629805
0.04812049
0.04888516
0.04782025
0.04596211
0.044231553
0.046428002
0.0479731
0.047317933
0.046721984
0.046752382
0.04799307
0.04742703
0.04736031
0.04708267
0.047435407
0.045078546
0.043940645
0.044224273
0.04551074
0.04621006
0.044612322
0.044943575
0.04611901
0.04575605
0.04589613
0.043920044
0.04539285
0.044627577
0.045551125
0.043427985
0.04357068
0.044553805
0.046784118
0.046627857
0.046168502
0.046483647
0.045999225
0.044797868
0.04548662
0.04805287
0.0491283
0.047963742
0.046144612
0.04577846
0.04704551
0.047752954
0.046136
0.044880256
0.04475786
0.047271125
0.047670644
0.047103472
0.04645458
0.04525412
0.045747384
0.045731846
0.0468305
0.04815069
0.0490075
0.049091537
0.048890427
0.047995526
0.048252437
0.048926152
0.05058686
0.048809778
0.047916014
0.04686059
0.048269816
0.047819596
0.04808188
0.048099734
0.04776631
0.046453074
0.046369836
0.04745454
0.048252545
0.048599508
0.049403436
0.04932423
0.050601467
0.048398856
0.047701564
0.04693772
0.04949208
0.05065289
0.050092865
0.0487609
0.04928684
0.049124636
0.049292464
0.048233382
0.04863668
0.048606772
0.050468024
0.050761692
0.05030262
0.04823798
0.048450507
0.04957017
0.052076355
0.05275815
0.05132028
0.049744286
0.04771547
0.048292212
0.048442855
0.048787612
0.048142586
0.048648253
0.05000569
0.051202174
0.050222546
0.047345348
0.047914896
0.04869863
0.04919078
0.047565255
0.046531394
0.046850197
0.046665855
0.047203165
0.048710465
0.048003748
0.047562625
0.049919255
0.05185345
0.050281513
0.0481369
0.04489583
0.04754951
0.046363782
0.04843867
0.052407604
0.06303538
0.055775058
0.051214658
0.051459137
0.048774738
0.048459683
0.04766239
0.047548708
0.046587367
0.048403013
0.046236712
0.047909934
0.044653364
0.048931815
0.047596924
0.05003444
0.049833838
0.049497977
0.047864363
0.046013214
0.04847206
0.048477877
0.050579138
0.04725687
0.049232256
0.04721344
0.049633853
0.04829328
0.049577985
0.049932126
0.056973334
0.068595186
0.055984043
0.050108336
0.05254394
0.052568775
0.05001375
0.047909856
0.050391685
0.052529104
0.053576227
0.04914535
0.04923673
0.049316134
0.050614405
0.051798403
0.051071305
0.051784117
0.049932607
0.048911244
0.04808256
0.048840865
0.049706023
0.049034774
0.046610236
0.04781747
0.04893588
0.051311973
0.0491313
0.047603473
0.04675883
0.04529808
0.046871223
0.048197143
0.051082846
0.05052521
0.050678674
0.048703548
0.049975414
0.046704475
0.046763938
0.044946108
0.04664974
0.047456894
0.047309007
0.047029212
0.046353273
0.0476215
0.0479851
0.048194323
0.04867312
0.047436874
0.047732074
0.04625503
0.04615092
0.049401376
0.05026285
0.051318903
0.04775141
0.04731872
0.047499258
0.047285076
0.046482813
0.04672624
0.04716151
0.047358066
0.047058262
0.04716944
0.047672156
0.047988687
0.047937166
0.047222074
0.04789819
0.048067447
0.049458507
0.04833802
0.046514876
0.04494304
0.04521382
0.04554426
0.046581972
0.04628499
0.046796553
0.04476362
0.04445412
0.04486775
0.046000887
0.0463879
0.04707106
0.04709535
0.04905578
0.050103664
0.051186144
0.04792198
0.046061862
0.04459852
0.0456842
0.04578158
0.04639148
0.04610155
0.04534164
0.044687167
0.044703994
0.045904044
0.0474039
0.048955046
0.049338736
0.04842208
0.048431687
0.0479598
0.050302695
0.04931998
0.048225444
0.047091927
0.046158608
0.045688234
0.04339241
0.043811303
0.04621118
0.047063015
0.04560895
0.042769287
0.04406827
0.04592957
0.048894845
0.048832674
0.048278537
0.046599597
0.0463658
0.045275647
0.04775376
0.04753246
0.04868131
0.045573752
0.046276085
0.047871254
0.049902644
0.047763657
0.04693593
0.047498964
0.049144514
0.048789382
0.048408747
0.046919078
0.047286853
0.046700366
0.047477633
0.04805495
0.04822466
0.0535187
0.052218627
0.05081683
0.046245556
0.047493517
0.046768717
0.046164703
0.044135705
0.046114586
0.047132537
0.048807293
0.047964025
0.046793327
0.04715734
0.0475927
0.047365956
0.046546098
0.046648424
0.047600877
0.048561107
0.047536258
0.04781301
0.048095606
0.048236135
0.047782257
0.04526599
0.046989333
0.0471201
0.049364164
0.04919555
0.049009904
0.050473817
0.048523944
0.04804255
0.048136763
0.050604668
0.05017669
0.048137464
0.04761783
0.046258844
0.046429645
0.046762653
0.05035723
0.049737703
0.050904848
0.05019218
0.051535483
0.04981206
0.049886733
0.051019683
0.049801316
0.04933495
0.0474515
0.049365938
0.05055315
0.050140284
0.050826315
0.048477188
0.048728816
0.048604865
0.049411375
0.05078013
0.049697444
0.052803688
0.05046683
0.051653266
0.04829692
0.049730275
0.047494296
0.04991416
0.0505649
0.053433333
0.052213173
0.051827926
0.04783544
0.048748456
0.047641125
0.0513525
0.05317352
0.054138917
0.05182114
0.048794914
0.048602697
0.05060207
0.051397044
0.051880296
0.049887203
0.049203653
0.047074657
0.046793003
0.045681726
0.048747975
0.04929054
0.05118424
0.048597965
0.049488578
0.048500102
0.05100097
0.053111874
0.054671783
0.05362877
0.05097064
0.050035004
0.05128859
0.051804826
0.05033743
0.05095073
0.05078196
0.052445486
0.055095356
0.053980235
0.05364516
0.048935346
0.049640957
0.049763363
0.04906931
0.048641812
0.04927556
0.051463522
0.05274722
0.05117381
0.04981464
0.049741935
0.050336666
0.051841173
0.05076497
0.050324
0.049181256
0.04726274
0.0468134
0.046331443
0.047064144
0.047648214
0.04749652
0.0511423
0.05172852
0.05267251
0.053008407
0.055952013
0.05632492
0.05459171
0.050835676
0.052139938
0.051489357
0.053666197
0.050487183
0.051836714
0.05072831
0.054883327
0.05604672
0.054860707
0.052343674
0.05250955
0.05339167
0.053011436
0.052507326
0.05187323
0.05174805
0.049042597
0.048622027
0.04875545
0.049957488
0.051362976
0.051803224
0.050574712
0.050503828
0.05002838
0.052041266
0.051121883
0.051955648
0.052153166
0.05282383
0.05199997
0.051771875
0.05286893
0.05298614
0.052352995
0.050600495
0.04775839
0.04720101
0.047755558
0.054237697
0.055601284
0.05570261
0.050387304
0.04847455
0.04905389
0.050658483
0.052987255
0.053968873
0.055236634
0.054464847
0.051830936
0.052515388
0.052367393
0.0528795
0.050709013
0.04872488
0.051085334
0.05062763
0.05135158
0.04860744
0.0496039
0.05002246
0.05673182
0.057359528
0.058359005
0.05347205
0.0529533
0.053364646
0.051405754
0.051614657
0.05118666
0.05243768
0.05239399
0.052377746
0.05384207
0.05254774
0.05087382
0.052050278
0.053771183
0.056155328
0.052964512
0.05174734
0.052156378
0.053812806
0.054892723
0.053133428
0.052368842
0.050250202
0.050695077
0.049721092
0.050011814
0.051597252
0.050411165
0.050127156
0.04936723
0.050987322
0.051689386
0.0488472
0.04835705
0.04894468
0.050636668
0.05141278
0.052842896
0.054125965
0.052623983
0.051560856
0.050255347
0.051824275
0.049940556
0.0510243
0.051169813
0.052972086
0.05138519
0.050207384
0.0487085
0.048160993
0.04997667
0.051036272
0.052621692
0.05116104
0.0517082
0.05058363
0.04950799
0.047874663
0.047262464
0.047706418
0.048430532
0.050915487
0.050780635
0.051851064
0.052710067
0.054212157
0.054365102
0.052411128
0.05120379
0.047389816
0.045216598
0.046303198
0.047821715
0.047565453
0.049202137
0.054030076
0.058008652
0.054217655
0.04864068
0.046458066
0.04889836
0.052165393
0.051951364
0.05164808
0.049089942
0.049382553
0.046283923
0.046266407
0.046697073
0.04654223
0.048645224
0.046472985
0.048997067
0.04384382
0.04482075
0.04556255
0.049647782
0.04905129
0.05024863
0.051521894
0.05087232
0.04566065
0.045069177
0.043948375
0.047717586
0.045685463
0.051302593
0.05110113
0.05125144
0.049968794
0.04961795
0.05122687
0.049681544
0.04928281
0.046736207
0.04694297
0.04653966
0.049121972
0.048437804
0.047111742
0.04581866
0.04484763
0.047451388
0.048476145
0.050052904
0.050629087
0.054105375
0.057715587
0.056693252
0.053183
0.048478827
0.050737757
0.051314425
0.05204038
0.05119864
0.051317077
0.051902812
0.04891972
0.047503956
0.045540415
0.04528477
0.04658922
0.04696238
0.048378438
0.046244904
0.044812568
0.047904924
0.048215985
0.049318805
0.04689672
0.048056994
0.04940148
0.04778618
0.045981012
0.044591095
0.043408025
0.04360225
0.044988137
0.046510726
0.04642667
0.046307307
0.047503393
0.04749206
0.047723126
0.04655502
0.046817396
0.049637564
0.0502923
0.049856372
0.04663953
0.046452343
0.049427487
0.049339674
0.04925069
0.047934975
0.046250004
0.04425398
0.0440575
0.04531024
0.050091382
0.04987813
0.050834693
0.0472889
0.04840905
0.048950035
0.050383117
0.051027603
0.05010803
0.04824528
0.045948453
0.045149818
0.048039984
0.04924884
0.05082073
0.050093725
0.04870246
0.047141206
0.04592191
0.04615406
0.04786957
0.04985857
0.051031046
0.052552626
0.05050483
0.04942501
0.045676634
0.046907727
0.04676889
0.049133033
0.050376415
0.05035053
0.05043498
0.04952978
0.050205465
0.04897383
0.04805651
0.048497837
0.04692942
0.04885001
0.047892738
0.049661346
0.047808483
0.048266247
0.04820943
0.04779702
0.046823476
0.049783073
0.04852503
0.049808208
0.046264667
0.053461853
0.054554436
0.05475084
0.049988672
0.048781008
0.04911211
0.048833974
0.04840285
0.050317645
0.050090533
0.05235389
0.052681543
0.05371172
0.05228699
0.051472697
0.051148213
0.052458778
0.052097723
0.051558953
0.050360486
0.049192812
0.04806329
0.046905015
0.04909339
0.04932919
0.0532263
0.0515111
0.05379514
0.050755054
0.050682686
0.050230704
0.048539247
0.050107796
0.05219993
0.052830886
0.0528883
0.049903277
0.05096444
0.049176168
0.049369834
0.04896995
0.050690506
0.052448284
0.05351917
0.052629065
0.051990014
0.051443756
0.05101056
0.051552277
0.05035706
0.049416434
0.048452493
0.05143753
0.051684733
0.051317725
0.04891002
0.04899006
0.049552806
0.050891068
0.05228297
0.052318044
0.053447723
0.054583035
0.05650399
0.054808255
0.05244409
0.0499498
0.04876775
0.050123848
0.04859148
0.049750134
0.052531116
0.0553137
0.05490182
0.052556913
0.05406932
0.05283871
0.051437225
0.046895534
0.048870914
0.05189582
0.05357003
0.055863604
0.053394586
0.052382402
0.04859688
0.04914509
0.05064436
0.051816247
0.054185193
0.05414521
0.056560006
0.05645316
0.05777309
0.05464954
0.05169342
0.05276835
0.055667304
0.056134224
0.05389403
0.05178148
0.051379696
0.050721057
0.051375996
0.050287277
0.050200526
0.049562726
0.050621457
0.051415328
0.051155172
0.05005835
0.051809803
0.05160183
0.051808205
0.049472693
0.04948228
0.05046063
0.050746746
0.050483588
0.049961243
0.049266867
0.05140381
0.05271513
0.05440801
0.052372556
0.052407008
0.051549308
0.05180192
0.05336912
0.052446958
0.053974677
0.054462045
0.05490382
0.05538179
0.05279967
0.05332004
0.051210124
0.050768353
0.051139038
0.05419224
0.053831775
0.05271898
0.052106347
0.056299776
0.058562588
0.056587983
0.05457788
0.052985504
0.053291503
0.0520514
0.053478688
0.055109724
0.05509374
0.05359728
0.05248502
0.05099107
0.04884335
0.05105558
0.04987172
0.052909233
0.047853757
0.05080483
0.049122993
0.050924942
0.04912526
0.04948362
0.05154907
0.052591432
0.052171033
0.051642243
0.051511493
0.052299384
0.05198353
0.052650053
0.055298954
0.053072095
0.054435458
0.04967155
0.051424474
0.05100843
0.0535593
0.052514818
0.050765213
0.0487324
0.04896812
0.049769886
0.04942139
0.04905376
0.046972536
0.0502589
0.05163332
0.053193137
0.05143137
0.05003878
0.04842353
0.048115462
0.047972336
0.04944435
0.04913354
0.050616655
0.05157721
0.050001204
0.051791374
0.052197535
0.05454788
0.05122087
0.05114638
0.050980784
0.05139594
0.051862396
0.051872294
0.051598016
0.04972009
0.052055646
0.053089753
0.052476496
0.049642205
0.047951963
0.04738583
0.047885265
0.05068108
0.0518349
0.052627716
0.050455283
0.049079455
0.0472871
0.050865624
0.053246114
0.052290227
0.048415735
0.05013972
0.05193357
0.05279797
0.050063055
0.049920026
0.049031015
0.048145074
0.04876782
0.048609626
0.047784735
0.04842988
0.048446767
0.05249543
0.053162817
0.056403883
0.053741254
0.05270485
0.050407168
0.050048254
0.048363034
0.047916204
0.049254853
0.04852733
0.050183434
0.04988116
0.052985657
0.049107116
0.049045224
0.046147227
0.049522296
0.047691483
0.049493123
0.05050282
0.05480138
0.053858083
0.05078798
0.049099416
0.047582567
0.050246187
0.049607042
0.052499235
0.052899998
0.05057879
0.050251685
0.050437402
0.052858803
0.052310493
0.052985616
0.051548205
0.051280614
0.0483634
0.04843298
0.047852
0.04928842
0.049744055
0.05011158
0.05037124
0.05275878
0.052752618
0.052270614
0.052314058
0.051712964
0.052533627
0.05315765
0.05487612
0.05461338
0.053869154
0.05180037
0.052448828
0.05207445
0.053479087
0.052980892
0.053755894
0.055099282
0.05521384
0.052801877
0.055008598
0.05767005
0.05715682
0.05352043
0.04802422
0.050536525
0.051017504
0.051423736
0.0485651
0.051031698
0.051285952
0.055299897
0.054583583
0.05620713
0.052384272
0.05239122
0.05112924
0.0498693
0.045955088
0.045886576
0.04852773
0.049301933
0.048139796
0.04635406
0.04734546
0.048550308
0.051731616
0.050924297
0.05248357
0.051245954
0.052561343
0.05077112
0.051145583
0.053418733
0.053179566
0.0529328
0.050553583
0.05064187
0.0490968
0.047627814
0.047191456
0.047486085
0.047891643
0.05074655
0.051380083
0.053804293
0.05106
0.052374735
0.053348236
0.057846718
0.053720884
0.05086211
0.047144007
0.0507051
0.05189004
0.05240068
0.052373257
0.0533305
0.055072255
0.056068808
0.05468653
0.05427091
0.05496249
0.05604032
0.058030505
0.05809877
0.05735544
0.055861063
0.05639213
0.05618708
0.054910418
0.052724045
0.052967954
0.054504316
0.056828793
0.054565344
0.052643187
0.04977526
0.04972385
0.049815804
0.047519665
0.048447147
0.049040336
0.052789737
0.054236814
0.0576083
0.06033624
0.059302766
0.05518094
0.05197089
0.05400999
0.05757917
0.057898235
0.057328034
0.055614047
0.0554941
0.055657335
0.05567661
0.05499186
0.05951997
0.059748277
0.060143113
0.059117284
0.05823988
0.058426507
0.05460787
0.054187078
0.052038446
0.05495845
0.059937157
0.06243969
0.06300372
0.05868451
0.061395444
0.060341664
0.06127612
0.061722927
0.060103517
0.06091398
0.059474815
0.0599436
0.060284816
0.058335036
0.058760542
0.0586764
0.059656154
0.058729343
0.057727665
0.059576724
0.061297897
0.062406957
0.06005497
0.057193246
0.055369742
0.052760568
0.054009967
0.051588804
0.053317007
0.05319746
0.055275638
0.05778875
0.057643104
0.056808464
0.057013836
0.058002654
0.059985247
0.059687853
0.0577122
0.05665163
0.055140734
0.057411112
0.055834945
0.056224022
0.054785885
0.056236852
0.056472275
0.060811915
0.061010167
0.06325094
0.064306274
0.062126007
0.060953382
0.057153556
0.060538363
0.05936846
0.060322717
0.059258938
0.05747628
0.05601749
0.054305423
0.05534932
0.05613557
0.05873724
0.05675154
0.05602431
0.052723005
0.054334335
0.05287868
0.054560237
0.055634502
0.060483713
0.059916057
0.05647395
0.054341834
0.05717091
0.06176187
0.05924966
0.05973892
0.0603288
0.062257882
0.058922596
0.056801617
0.05393896
0.05852092
0.0616075
0.06590138
0.062488172
0.06162547
0.05802318
0.0593529
0.058319457
0.05996456
0.061980627
0.06229479
0.06334078
0.061992068
0.062702365
0.060533173
0.06491819
0.06442058
0.0642385
0.06014905
0.05557467
0.057700597
0.057001542
0.059870154
0.05959497
0.057785504
0.058582064
0.056812525
0.057298526
0.056597203
0.05536189
0.05632096
0.055217616
0.057484157
0.0567626
0.058217432
0.05618318
0.055349175
0.05675595
0.06012026
0.06274631
0.061839804
0.059846763
0.05775325
0.059025146
0.05738826
0.056586564
0.052999653
0.054572325
0.054938607
0.05636827
0.057181913
0.05623208
0.055346318
0.055927232
0.056421306
0.058666103
0.057572413
0.059613574
0.061151493
0.059450608
0.05839226
0.055631645
0.056198414
0.055556525
0.054336455
0.057459563
0.057885367
0.05803782
0.05545667
0.054784283
0.059416242
0.05936414
0.060678653
0.057935495
0.0576859
0.058088467
0.056974165
0.060519956
0.060122117
0.059496764
0.057520606
0.057413008
0.057302423
0.056334954
0.054708637
0.058409102
0.05729204
0.056424268
0.053862732
0.056340437
0.05582563
0.054926585
0.05351197
0.05427327
0.053578172
0.05203227
0.051604055
0.050447155
0.049182173
0.051698882
0.051891964
0.056401726
0.05507094
0.05605657
0.051915985
0.051838905
0.05452676
0.05361824
0.055631824
0.053502157
0.05494819
0.050751694
0.051285442
0.052013163
0.05484921
0.051316638
0.051312562
0.049906135
0.05019168
0.052588902
0.051333092
0.050641455
0.04790071
0.048903625
0.05110472
0.051016457
0.060245804
0.060539797
0.05896584
0.052153144
0.049540766
0.051558167
0.052201673
0.05479353
0.05578078
0.05009157
0.048310917
0.04680439
0.051675532
0.05464479
0.05529457
0.051368378
0.050739337
0.046419606
0.048794158
0.049692098
0.051992398
0.049462706
0.04746654
0.048906013
0.05169172
0.05175724
0.0519215
0.051042475
0.05134687
0.049861073
0.05093963
0.050419707
0.049752824
0.049388874
0.0491106
0.051489472
0.05288863
0.051744845
0.050423983
0.049460392
0.051235374
0.052077185
0.051765356
0.05536503
0.055860505
0.054531008
0.049924783
0.04646962
0.04592443
0.04657655
0.048103347
0.048110623
0.04584738
0.049108535
0.05203965
0.053514637
0.051414426
0.048919965
0.05168263
0.049898155
0.051859442
0.051704064
0.053880338
0.051397458
0.048901852
0.05121736
0.051678564
0.053426065
0.050848886
0.051309768
0.051928833
0.051602453
0.051169634
0.04792983
0.05086171
0.05296407
0.053635016
0.053315245
0.052333545
0.059566375
0.058409702
0.056135148
0.049476493
0.04906828
0.05312108
0.056271575
0.05574084
0.052673563
0.051102206
0.05196534
0.053715073
0.05403721
0.057019714
0.057151347
0.055626616
0.053552732
0.053271115
0.055551108
0.055277213
0.054675914
0.054037817
0.055012103
0.05328114
0.051185526
0.04781039
0.05240087
0.053441312
0.05458804
0.05167553
0.05117297
0.05190205
0.055365805
0.055935945
0.05262518
0.048438407
0.04823371
0.05105747
0.05279641
0.052881323
0.051279828
0.052962713
0.055229403
0.059986074
0.057968657
0.05665445
0.053521454
0.05458415
0.055543646
0.054846473
0.05387206
0.054528464
0.057336483
0.057313718
0.056132536
0.05377621
0.054674592
0.05505229
0.05668551
0.05826439
0.055159595
0.05520486
0.053280182
0.05519794
0.055685908
0.05770453
0.059221048
0.058369163
0.05640373
0.053922325
0.05170681
0.04954783
0.053953536
0.056555398
0.059761293
0.05858551
0.058732286
0.05753029
0.058697633
0.058732685
0.05932938
0.055571984
0.053132508
0.04992564
0.050700735
0.051951386
0.056571487
0.056959495
0.059599694
0.055613726
0.055627707
0.053963095
0.055246636
0.05589179
0.05496582
0.054769937
0.05294559
0.051431075
0.055962473
0.05571013
0.058110505
0.056478366
0.058462847
0.057520766
0.056625087
0.05616361
0.058877144
0.05897275
0.05982178
0.057677668
0.058240045
0.057095755
0.056481585
0.055204857
0.05569394
0.05921833
0.06082172
0.0593245
0.05417686
0.049249973
0.05388833
0.05697128
0.06015855
0.058792714
0.05615267
0.055841587
0.058222987
0.06498451
0.064368024
0.059156403
0.05250279
0.05175716
0.04909264
0.04995722
0.05056702
0.055794522
0.054031968
0.055808555
0.05316864
0.05807604
0.05298837
0.054429166
0.051349193
0.053716023
0.053621985
0.052013844
0.05358496
0.05235308
0.055009373
0.055427458
0.057961054
0.056055106
0.05628235
0.05689689
0.05719373
0.059298344
0.059783597
0.059842378
0.057656
0.05494118
0.056131467
0.055677053
0.054169517
0.05340812
0.049535338
0.049125995
0.050000694
0.054734383
0.057328276
0.057975017
0.05614847
0.053278483
0.05519342
0.05429781
0.057582486
0.056313153
0.060189348
0.057265222
0.054806583
0.052527726
0.05557588
0.057881385
0.059501477
0.059663143
0.057123255
0.054322418
0.049942326
0.053042434
0.056120843
0.05738886
0.0545474
0.055809457
0.055614613
0.0550956
0.053324442
0.055699795
0.057467457
0.057918753
0.05724029
0.054342408
0.06415447
0.061812747
0.06521176
0.054607607
0.05627412
0.057889048
0.056564998
0.056801524
0.055848055
0.057750154
0.059261806
0.057215165
0.054095834
0.052834485
0.05388773
0.057727356
0.05808401
0.056171328
0.055007752
0.05431446
0.053709842
0.053149965
0.053873405
0.05561402
0.056778755
0.056221683
0.058676068
0.05666086
0.05589196
0.055601783
0.05775704
0.05980437
0.057646647
0.05551122
0.055852838
0.057909064
0.056351192
0.05357241
0.052127235
0.052587952
0.056669485
0.057469264
0.060230196
0.05924522
0.06074403
0.05778637
0.05462481
0.05426952
0.059177674
0.06353661
0.060084432
0.056999646
0.05581812
0.05442612
0.057054628
0.052745264
0.055066768
0.050708283
0.054138888
0.052488044
0.052473396
0.052655045
0.05579053
0.057917025
0.057237193
0.05868739
0.056380782
0.054621983
0.053528257
0.05675596
0.05691515
0.05353705
0.05089799
0.051714327
0.051981546
0.05708272
0.055916533
0.05699724
0.056437645
0.058124464
0.0585422
0.055798296
0.056279283
0.053001367
0.05224025
0.052481808
0.057419524
0.056046534
0.053057358
0.047195125
0.048774906
0.05102984
0.051651657
0.05235412
0.05165363
0.05641541
0.05720959
0.05499322
0.054793276
0.04983326
0.05026269
0.04661407
0.05048533
0.053440705
0.05616301
0.056270216
0.053679228
0.05109699
0.04990067
0.05034976
0.05335736
0.05475697
0.05348879
0.05090768
0.049587537
0.05125731
0.052174907
0.051564243
0.050164573
0.050197553
0.04872783
0.047424655
0.047313288
0.04610468
0.04684847
0.049379047
0.049982466
0.049792156
0.04794189
0.04727192
0.04639975
0.04760224
0.047216173
0.04893656
0.04866501
0.049388606
0.048480414
0.050050024
0.052211802
0.05235534
0.051236026
0.052028917
0.052720133
0.055175032
0.054178964
0.052725244
0.049088523
0.04740081
0.04915644
0.050973494
0.049095694
0.049111303
0.04846009
0.050093193
0.047940407
0.049491327
0.051843192
0.055858523
0.056755938
0.055711213
0.054248337
0.053300526
0.05797071
0.055367347
0.05838167
0.055055473
0.057505824
0.054482758
0.050686337
0.04748168
0.048328508
0.047378995
0.050010897
0.04938504
0.048486106
0.049070332
0.053073067
0.05412537
0.052765153
0.051404595
0.05181772
0.051925596
0.054549273
0.054533534
0.051242378
0.051462162
0.047500856
0.05340825
0.05731192
0.05470216
0.051104695
0.051748052
0.05224297
0.051371783
0.049447153
0.05210754
0.052701782
0.054725852
0.05047891
0.05564943
0.050488558
0.05214263
0.052388314
0.05550054
0.054907274
0.051995922
0.049070887
0.052075174
0.05276413
0.056370396
0.052259795
0.05011562
0.048022512
0.049468942
0.050617065
0.055657387
0.05680454
0.05296096
0.054798156
0.051408254
0.05200034
0.051868495
0.05639436
0.058966883
0.05794538
0.059188504
0.05549488
0.053829085
0.04946268
0.050312642
0.051288657
0.05143876
0.052259058
0.049822934
0.047916356
0.05022809
0.054527402
0.056602195
0.059129946
0.0553751
0.05443841
0.054189954
0.05455313
0.054015018
0.055271316
0.05659561
0.059830375
0.05752983
0.056731544
0.055748023
0.054406077
0.054983705
0.055323906
0.058751643
0.05656951
0.055061508
0.051633593
0.05373699
0.055439882
0.055468332
0.05721589
0.05453332
0.0563982
0.054973915
0.0576454
0.056660872
0.0569304
0.05672041
0.056135576
0.05578305
0.050821476
0.05281963
0.05354155
0.057460587
0.05828165
0.056622166
0.059844162
0.05596896
0.059747294
0.057231784
0.061919767
0.054981545
0.056069978
0.056277696
0.060238067
0.055641502
0.055095658
0.052034624
0.05579004
0.058924943
0.061286423
0.06283913
0.06457132
0.06012462
0.056533013
0.05240033
0.052357957
0.056020956
0.058118265
0.058328018
0.054925274
0.055942327
0.057192296
0.060299337
0.05739888
0.05836475
0.05537593
0.054159325
0.056507498
0.056069244
0.05969838
0.061598476
0.06132381
0.060611878
0.058613718
0.053563457
0.053537857
0.053254172
0.054155856
0.056320254
0.059783258
0.058132753
0.058281686
0.06203397
0.064523086
0.0638878
0.058352847
0.05645538
0.05435519
0.056348957
0.05806908
0.05772833
0.05672678
0.057419132
0.05829583
0.060991332
0.058811262
0.05766415
0.056630842
0.05903806
0.060293194
0.060806602
0.06407793
0.06649961
0.06454429
0.06257396
0.058405597
0.05796523
0.05972119
0.06334265
0.068552196
0.0673691
0.07114391
0.067620434
0.06540954
0.0599663
0.06638107
0.06975276
0.07302079
0.069875486
0.06507128
0.060955275
0.055240452
0.054780904
0.05629107
0.056520425
0.05559729
0.05960622
0.059020825
0.07032509
0.06335557
0.0721399
0.06307874
0.06495769
0.059195198
0.056952074
0.05695225
0.05547885
0.055389885
0.05541332
0.055667575
0.05631879
0.055239145
0.056222346
0.056337643
0.055535916
0.061359264
0.061894454
0.069424994
0.06577103
0.0684609
0.068154395
0.07114572
0.07027965
0.069789335
0.06666572
0.067995876
0.06535023
0.07412437
0.06923816
0.069524825
0.06265245
0.062247016
0.06751755
0.06958053
0.071060374
0.063503645
0.05950823
0.061006974
0.06260854
0.06554511
0.066721864
0.06632929
0.06585394
0.068292655
0.06957225
0.06729218
0.06757092
0.070432186
0.071609385
0.06396275
0.06435711
0.063194826
0.068182446
0.061270315
0.06309505
0.06400677
0.07006639
0.0689211
0.07072136
0.07320521
0.07918615
0.07480509
0.07435229
0.07147014
0.075455695
0.0728169
0.0704775
0.07229659
0.071666256
0.07780647
0.07321213
0.07470293
0.06925781
0.06898783
0.06592972
0.06945845
0.071905576
0.07019945
0.066785
0.066693746
0.071359664
0.07554569
0.07224971
0.07235315
0.06863275
0.07147452
0.07188271
0.07247376
0.07008878
0.06514502
0.06725495
0.06920738
0.07180541
0.0673244
0.07110395
0.07125683
0.07820823
0.07477495
0.07899978
0.07507083
0.07288371
0.06835132
0.06290383
0.06570316
0.06726949
0.067526415
0.06295692
0.062517315
0.061596017
0.06502768
0.062102847
0.06256565
0.06266439
0.064556114
0.05952892
0.057379957
0.0574707
0.056235027
0.057335816
0.05726906
0.05747177
0.057508007
0.055944107
0.05647039
0.057899836
0.055602487
0.05886429
0.059676662
0.059708405
0.06325468
0.06252039
0.06090829
0.05764528
0.05727725
0.057717174
0.06004025
0.06395988
0.065160625
0.064231485
0.060366016
0.0595077
0.06055616
0.06396541
0.06498742
0.06216864
0.058727384
0.059792716
0.059172716
0.058887977
0.061631583
0.064603195
0.06506971
0.067808546
0.062007293
0.05830064
0.054025583
0.052825015
0.055193853
0.058214944
0.06351532
0.058971804
0.057920676
0.053756174
0.0498098
0.04999401
0.050368063
0.052117914
0.05637253
0.056285247
0.054337908
0.053392492
0.05034951
0.04965692
0.050667774
0.05304005
0.053585425
0.056253094
0.054825563
0.05939662
0.060926583
0.0650885
0.070603594
0.065061755
0.057103924
0.054110423
0.05029891
0.048968505
0.05064403
0.05157551
0.052853297
0.05308986
0.051196933
0.052119292
0.054164328
0.05504361
0.053993333
0.054642912
0.053131483
0.04829348
0.048274633
0.049289852
0.05035543
0.05099227
0.053487774
0.054503612
0.05196558
0.05263382
0.05273375
0.050292175
0.047425747
0.051547136
0.048449017
0.052123874
0.0531071
0.05303374
0.050726853
0.053223383
0.050557192
0.05046756
0.053829364
0.055680927
0.053359862
0.051460586
0.049986873
0.04462933
0.04376383
0.044962563
0.0443691
0.045645885
0.054147303
0.053029496
0.05325743
0.054264147
0.056402065
0.047415562
0.046849225
0.045323018
0.04377062
0.0418137
0.051392846
0.05425003
0.056247517
0.059219327
0.06093826
0.052982543
0.049522817
0.047037397
0.045821
0.043013982
0.03985834
0.03883001
0.038813956
0.03820934
0.036144894
0.036819454
0.038831785
0.04100112
0.040216047
0.039446875
0.040588804
0.040600017
0.04190185
0.04160683
0.03988914
0.04204105
0.04210811
0.04332468
0.041474145
0.04047294
0.041758858
0.042442158
0.04171674
0.04350065
0.044070225
0.043681342
0.042707153
0.042395145
0.04271588
0.04161514
0.04092511
0.040667884
0.038952406
0.038816687
0.03809964
0.038370304
0.03953891
0.039198045
0.03933218
0.04062675
0.043881837
0.046468213
0.043453824
0.044790193
0.04461994
0.04321454
0.04212691
0.040259007
0.04115292
0.04066673
0.040830053
0.041676626
0.042255525
0.04181453
0.04078281
0.04028587
0.04109842
0.040186144
0.03958471
0.03782807
0.037856646
0.03691452
0.037915334
0.037249535
0.0372511
0.037318196
0.0376875
0.038574297
0.0387097
0.038566567
0.038117155
0.03879204
0.03975139
0.04106087
0.039978087
0.04122562
0.04009912
0.041700922
0.042204894
0.041526195
0.040363792
0.04212985
0.04312285
0.04499735
0.044038065
0.043352824
0.045457747
0.045896836
0.044092797
0.04529733
0.04542417
0.044078134
0.043921947
0.04458595
0.045660794
0.04554703
0.0456853
0.044352945
0.04519394
0.045902327
0.045294795
0.044468835
0.045684814
0.04536266
0.045409877
0.044248078
0.04523718
0.046425495
0.048367172
0.047458664
0.047166333
0.047607895
0.04470763
0.042862695
0.0415646
0.041758355
0.04254699
0.043006144
0.045362636
0.048211128
0.047263786
0.047703736
0.045572676
0.05061147
0.049438104
0.049570072
0.049292527
0.051072113
0.046582907
0.04668703
0.04616019
0.046225652
0.04602034
0.04529925
0.04654019
0.046465956
0.045237694
0.047468025
0.047049258
0.0458269
0.04291509
0.04290591
0.043283626
0.043297376
0.043872196
0.0431613
0.042745054
0.045137912
0.046713136
0.045650087
0.04735875
0.047659513
0.047454648
0.047538117
0.04961367
0.047812376
0.046429474
0.047226515
0.046229318
0.046271823
0.04581139
0.0488449
0.04587018
0.045872256
0.046125297
0.048771128
0.047038447
0.047824454
0.048528336
0.04954275
0.04660661
0.050844982
0.05202836
0.05152052
0.048814785
0.047545306
0.048302572
0.046246402
0.046130486
0.04658776
0.04795715
0.048548847
0.04788715
0.04775286
0.04842449
0.048050404
0.051450543
0.049736448
0.054325003
0.05468862
0.055432368
0.054631542
0.056119222
0.051716927
0.051813453
0.051275026
0.04886657
0.047522802
0.04700835
0.0490298
0.048536483
0.048231218
0.0492503
0.05128616
0.048915613
0.04937162
0.050388042
0.05060804
0.05216285
0.051972035
0.055018626
0.054308746
0.053844456
0.051239576
0.05334462
0.050468072
0.05096254
0.04788337
0.04778763
0.04760002
0.047374595
0.047227334
0.04930467
0.048043884
0.046405237
0.047975615
0.047581907
0.048560284
0.04994279
0.053218838
0.052394107
0.050624095
0.049192656
0.050716136
0.051037125
0.0521043
0.05184404
0.05325578
0.05397137
0.05542353
0.057131074
0.057610825
0.056846566
0.052912787
0.051207136
0.048722263
0.048545856
0.049296625
0.051466662
0.050236933
0.050701942
0.048848625
0.04851029
0.04867669
0.048320115
0.047380798
0.047716264
0.048507843
0.04590874
0.04612912
0.04465231
0.04492701
0.044316933
0.041965686
0.042414296
0.04450007
0.04329042
0.044436213
0.044190474
0.046031445
0.04959544
0.049576078
0.049754977
0.04656256
0.045707278
0.04604165
0.04642515
0.04638439
0.045457292
0.04681167
0.047526527
0.04826237
0.048237763
0.04572409
0.046426963
0.0447016
0.044781778
0.04544383
0.045938116
0.046794686
0.04542027
0.044883244
0.046882484
0.047843046
0.046581194
0.04456195
0.04267367
0.04532167
0.045131885
0.04422555
0.041779306
0.040853746
0.04397922
0.044261605
0.04389146
0.044231545
0.0448374
0.046453945
0.0488456
0.047020044
0.04679534
0.047538202
0.045505147
0.044221077
0.04439547
0.043919414
0.043591235
0.043879416
0.04368478
0.045653697
0.047146842
0.047214422
0.047417223
0.046226718
0.04708114
0.047720496
0.047923077
0.048562363
0.049361117
0.05163003
0.05101349
0.049419064
0.049671415
0.049197063
0.04918824
0.047624502
0.0477502
0.049041256
0.049483303
0.049382746
0.04943473
0.047515858
0.047722813
0.04803373
0.045735855
0.04631478
0.04603363
0.0460731
0.047237966
0.048816066
0.04827321
0.05059543
0.050133545
0.049123697
0.050019197
0.04992023
0.047900856
0.048771333
0.045970578
0.04728017
0.04962205
0.04867545
0.048736278
0.0504686
0.052438747
0.04988461
0.049066544
0.04907355
0.049042907
0.04981028
0.04806269
0.04798815
0.04895081
0.049431324
0.048067525
0.04890346
0.049237024
0.052349586
0.052475225
0.051980805
0.052627116
0.05289266
0.051826473
0.053098816
0.054243952
0.054349832
0.053567614
0.054981895
0.055370457
0.0561694
0.055725448
0.05678066
0.056703113
0.05636158
0.05511694
0.05328209
0.05376739
0.054098513
0.054702505
0.05795474
0.05692547
0.05702999
0.058403652
0.056509484
0.0546792
0.05700169
0.056718405
0.058719102
0.055894084
0.05777817
0.05511873
0.053890996
0.05352015
0.05431211
0.053960256
0.053245258
0.05474683
0.056464482
0.059790134
0.062189687
0.061604284
0.062483832
0.06329912
0.059289504
0.059902262
0.060919784
0.059910074
0.058903255
0.0605035
0.059452347
0.058659807
0.059442297
0.05890571
0.05676462
0.059187148
0.059037086
0.060182054
0.062322102
0.06570894
0.06432032
0.06472633
0.061180204
0.058705285
0.05606149
0.05552006
0.056477334
0.057916474
0.054939806
0.057448853
0.057887413
0.057718243
0.057826176
0.06089831
0.062045038
0.06184766
0.062826864
0.065524615
0.06635124
0.064317636
0.06437632
0.06249601
0.06259513
0.060900543
0.059553444
0.061120234
0.060272276
0.057971947
0.059707962
0.06107778
0.0600425
0.062456556
0.06139811
0.06224941
0.057861198
0.05731379
0.057524092
0.056414768
0.055152044
0.056016587
0.058541406
0.05610814
0.057243392
0.059265114
0.06330446
0.061629664
0.06309238
0.06017974
0.060876083
0.060427137
0.06004715
0.061594527
0.063047566
0.0631028
0.05970783
0.058725215
0.057041194
0.056993637
0.056353845
0.057264965
0.06053551
0.058945995
0.06009144
0.0602803
0.06298642
0.05999195
0.05809583
0.058919318
0.059834316
0.06302523
0.064371206
0.0642641
0.064460784
0.062446453
0.061698426
0.060150724
0.059462782
0.06009978
0.061169293
0.059169095
0.06191147
0.06453671
0.06087089
0.060778856
0.060765628
0.05934734
0.05717313
0.058217183
0.060251255
0.059223626
0.058128186
0.05981075
0.058203842
0.058886997
0.058253493
0.055750486
0.056296464
0.053908553
0.056193106
0.05653442
0.05600433
0.05811465
0.0574102
0.059411217
0.060648996
0.061526567
0.061070237
0.059824232
0.060017657
0.059715997
0.05979488
0.05948761
0.05991298
0.060583625
0.061636087
0.06222022
0.059397712
0.05997937
0.061653007
0.06356715
0.06240712
0.06654806
0.065256834
0.06642263
0.064649455
0.06188905
0.06221717
0.061158553
0.05960138
0.057368964
0.061228707
0.062383577
0.06351371
0.06536892
0.06441882
0.06382104
0.061428998
0.060468823
0.061432835
0.061901808
0.062978216
0.06494513
0.06362486
0.062030155
0.06237664
0.05972151
0.059276707
0.057966344
0.057986267
0.060699806
0.06202876
0.06271349
0.06424624
0.06540744
0.064370714
0.059739467
0.059411377
0.057832684
0.056216057
0.05551733
0.05703791
0.059085045
0.060386825
0.05996928
0.063804924
0.061752994
0.060299963
0.061993826
0.06286391
0.0634857
0.064801976
0.066366
0.06764201
0.06316881
0.06463396
0.0642483
0.072830275
0.077164285
0.076818235
0.07546826
0.07494424
0.06799069
0.06544237
0.06927143
0.06784011
0.072948284
0.06917464
0.06674389
0.065283105
0.067800485
0.06562778
0.06750968
0.06874463
0.06923132
0.06775662
0.07083969
0.07054626
0.07298003
0.07274952
0.07431501
0.07181615
0.073383495
0.07022624
0.06972577
0.06942723
0.072434336
0.07145511
0.07304592
0.072738275
0.07511731
0.07171526
0.06930698
0.06958192
0.069314525
0.06563346
0.06868016
0.07479745
0.07389618
0.07504203
0.07704025
0.07340784
0.066853896
0.06874647
0.06943098
0.066030495
0.064658046
0.06823267
0.06508992
0.06689936
0.06720681
0.06766951
0.0709699
0.07151402
0.073959254
0.07318912
0.07636309
0.07079501
0.07243305
0.070835285
0.07262447
0.07506046
0.07566085
0.07670683
0.07838191
0.07684965
0.07443365
0.07716848
0.07498559
0.07465801
0.073167846
0.06915414
0.07002191
0.07190487
0.074487515
0.07591857
0.077603444
0.07459764
0.0745888
0.06938536
0.06788695
0.069730945
0.07070875
0.072506316
0.07192592
0.07356884
0.07440834
0.0750782
0.07329629
0.07532002
0.075228535
0.07345526
0.07017952
0.06716321
0.06724689
0.06360513
0.06283659
0.06317007
0.06497852
0.06931209
0.06949193
0.07278737
0.0717442
0.06920516
0.06573522
0.06682432
0.06553984
0.06565293
0.0674054
0.072591715
0.07634808
0.074098065
0.07496548
0.07179526
0.071568444
0.06900762
0.070735164
0.06884648
0.07070156
0.074733876
0.075664006
0.07731749
0.077652976
0.076460846
0.07298217
0.07400356
0.07093136
0.07191201
0.07406673
0.07410825
0.070421085
0.071471326
0.072273955
0.073439434
0.06984161
0.072531216
0.07488667
0.073797956
0.07175865
0.07489747
0.07304718
0.072191834
0.071051866
0.07028725
0.068266146
0.06592077
0.06440636
0.061395388
0.061111428
0.061507214
0.063016355
0.06296091
0.0624705
0.06377658
0.06608761
0.064864166
0.06435968
0.0676635
0.06603876
0.06895802
0.069012985
0.06964027
0.07235308
0.074864075
0.07512124
0.07422376
0.0742485
0.07301589
0.07429601
0.07199407
0.071682215
0.073177986
0.067166336
0.0651802
0.06381337
0.06530016
0.06892619
0.07249885
0.073202595
0.076081365
0.075683475
0.07762975
0.07341029
0.07511592
0.07441159
0.07043281
0.0675311
0.067308314
0.06900339
0.06814744
0.06879406
0.068760805
0.07417138
0.07481397
0.07130159
0.07140216
0.07102531
0.06971464
0.06905714
0.06912124
0.06900512
0.06757228
0.06653002
0.06617241
0.06743374
0.06958175
0.067792654
0.06507742
0.06758644
0.06848678
0.07028431
0.07033632
0.06733162
0.069019854
0.07260229
0.07247687
0.07066653
0.070701145
0.071754895
0.073231205
0.0729053
0.07158104
0.07218898
0.069010675
0.0660521
0.06320428
0.06408065
0.061438825
0.0605622
0.060072176
0.06388205
0.06685796
0.06855892
0.068067156
0.07087825
0.06998313
0.068090156
0.06404297
0.06221369
0.062238555
0.06194364
0.062270306
0.064522795
0.06445608
0.067769624
0.06882575
0.07135853
0.07324613
0.073056735
0.073914565
0.07818276
0.081892215
0.07969189
0.07502919
0.075338356
0.078834
0.07633349
0.07464571
0.075513564
0.080403574
0.07887623
0.07426118
0.06875621
0.06950944
0.06985632
0.06893293
0.06785079
0.06887771
0.06691796
0.07077689
0.07157238
0.07308582
0.076958895
0.081683464
0.08479047
0.0818435
0.08163955
0.080292426
0.07548245
0.071353234
0.07191592
0.07309403
0.072794266
0.071498394
0.072766565
0.07476687
0.07512316
0.076121084
0.076877736
0.07767867
0.07761025
0.08010768
0.08238981
0.07926967
0.08377402
0.08409157
0.088538796
0.08683758
0.09063076
0.09244558
0.082964316
0.08356966
0.082684994
0.08251302
0.07846259
0.07632008
0.07894205
0.0775159
0.08082765
0.081161976
0.08443843
0.08890839
0.086333014
0.0907723
0.086958446
0.08739057
0.08677768
0.09547797
0.08953139
0.09027479
0.089091085
0.08923301
0.08650683
0.08297968
0.084125444
0.084296264
0.07990136
0.081095055
0.076999426
0.08340663
0.082130834
0.084736384
0.08774393
0.0872767
0.090621844
0.08675005
0.0929913
0.091907255
0.09264105
0.09399897
0.09356626
0.09211496
0.08814166
0.08358978
0.080982774
0.08490493
0.088582456
0.091583684
0.09858304
0.09795906
0.10179727
0.09469658
0.088392735
0.08767478
0.093143076
0.09292399
0.094352275
0.09564713
0.09331666
0.09096053
0.092442535
0.08882949
0.08968643
0.08580321
0.08450422
0.08433167
0.08341072
0.08458756
0.08536214
0.08909902
0.09094644
0.09319641
0.09096488
0.092110254
0.08790855
0.087260425
0.08867136
0.08592505
0.08803844
0.09010714
0.09030936
0.08978223
0.086214736
0.0827671
0.08571221
0.08263267
0.082942314
0.081691034
0.08257899
0.08332566
0.08630685
0.091036
0.09556417
0.094147116
0.09189913
0.09110179
0.087266155
0.08460998
0.081069484
0.08295983
0.08328922
0.08497093
0.08453346
0.08525244
0.086921014
0.08565663
0.08647469
0.086520195
0.08778396
0.08732375
0.08827547
0.08989153
0.09065651
0.090802945
0.091938734
0.09332682
0.09813729
0.092325665
0.091030404
0.09081939
0.08687676
0.08525163
0.08347067
0.08352301
0.08161942
0.079595156
0.07880864
0.081809476
0.08553227
0.08548947
0.08684328
0.090512134
0.090720095
0.087057024
0.08503996
0.08567368
0.08403858
0.08502759
0.08459205
0.08239786
0.08508106
0.08383669
0.081492595
0.08115095
0.080452494
0.08097614
0.08213963
0.081561916
0.08572165
0.08562923
0.086332224
0.08727077
0.08803146
0.08904646
0.08911324
0.08996656
0.090683065
0.090832576
0.092731036
0.089205265
0.08621913
0.085656755
0.08304969
0.08557025
0.08546885
0.08253358
0.087416634
0.09039428
0.093215294
0.09081992
0.087880746
0.08814116
0.091362044
0.08925985
0.09131253
0.09519071
0.10226728
0.10107291
0.09563345
0.093992
0.0906026
0.085927576
0.08086725
0.08424177
0.08888001
0.08874923
0.091098875
0.091951735
0.093748875
0.09546352
0.09354305
0.091388606
0.09206394
0.08959678
0.08953027
0.09301228
0.091509864
0.0890751
0.08948447
0.08829063
0.08808336
0.08889396
0.08910626
0.08856244
0.09587486
0.096494555
0.09858365
0.10044798
0.10520313
0.109221905
0.10446931
0.0974818
0.09670245
0.093260884
0.09214589
0.08966277
0.089653485
0.09008577
0.095844336
0.09901785
0.10197717
0.10193081
0.10517431
0.10964759
0.109979056
0.11191375
0.118211605
0.11944719
0.11642477
0.115791164
0.11208718
0.115526766
0.114682056
0.12663877
0.121454954
0.12451573
0.1263749
0.11644069
0.11387467
0.109683916
0.11237772
0.119030304
0.12573215
0.12418126
0.12375976
0.12225347
0.11875051
0.11128088
0.10943702
0.112283096
0.11234369
0.11827826
0.11500033
0.11385548
0.116965204
0.11247147
0.117884256
0.12373866
0.11999093
0.11545945
0.11451647
0.111471504
0.11195895
0.10826727
0.10916214
0.107557826
0.108493544
0.11051273
0.112544164
0.10790201
0.110960975
0.11154065
0.112014905
0.10972722
0.10901167
0.10430876
0.10772357
0.10308598
0.10568585
0.108318
0.1128366
0.11837898
0.11203309
0.11292211
0.11568164
0.11018149
0.11141355
0.10660522
0.10403724
0.10962855
0.10640951
0.104600534
0.10986541
0.10876313
0.11353996
0.119404264
0.12028014
0.12771362
0.12870695
0.12586227
0.1241244
0.12075055
0.11586619
0.11122447
0.10527283
0.106161974
0.111860916
0.10954344
0.110984065
0.1046533
0.10336385
0.107357405
0.105241016
0.10271353
0.09900287
0.09717692
0.10086377
0.10372411
0.09995043
0.10049395
0.09420154
0.096787356
0.098218516
0.0967129
0.09314774
0.09753138
0.09886042
0.098246366
0.10043168
0.099986255
0.104442246
0.1043898
0.09844121
0.09429376
0.09358005
0.09235775
0.09126084
0.09151445
0.088920325
0.09086855
0.09310729
0.094383396
0.09636394
0.096836716
0.10042126
0.10044209
0.100216925
0.09852476
0.09771334
0.09410768
0.096672535
0.096461035
0.09399488
0.097402096
0.09977978
0.09945181
0.10043779
0.09687105
0.099124156
0.101457074
0.09864912
0.10889771
0.10698751
0.10942061
0.11144717
0.110872105
0.10818499
0.11099547
0.10206088
0.10455939
0.10453562
0.10481701
0.10614213
0.107332215
0.10829254
0.10452122
0.10580314
0.102768935
0.1024348
0.10246587
0.099874415
0.09947613
0.09770877
0.095321104
0.09686233
0.098746315
0.10183316
0.10229556
0.10562687
0.100630924
0.10475232
0.10853164
0.107594244
0.106697015
0.1022634
0.100388154
0.10447471
0.10022049
0.09695745
0.096979976
0.092153154
0.089681044
0.09105671
0.09503107
0.09611678
0.09830737
0.09730986
0.098472975
0.102384776
0.111391895
0.11112316
0.107961155
0.104252115
0.103797555
0.10647861
0.10884114
0.106900275
0.10047567
0.098878846
0.098269254
0.097686835
0.09533726
0.0952781
0.09155478
0.0933719
0.08784901
0.087688126
0.08676336
0.088156395
0.08657541
0.090052925
0.08933784
0.08904863
0.08372045
0.08575916
0.08445474
0.08598701
0.085596986
0.083687566
0.08369586
0.08366946
0.08197664
0.08153617
0.08455093
0.08707711
0.086560145
0.08669864
0.08798616
0.08606569
0.08804274
0.090458624
0.09223602
0.09315472
0.09623321
0.09452204
0.0929722
0.08912552
0.09189229
0.089663304
0.08920529
0.086669564
0.08769649
0.089499444
0.089014724
0.091260135
0.092065476
0.08968731
0.10439735
0.10246204
0.10423088
0.10192522
0.10107923
0.10015301
0.101848446
0.103195705
0.1048619
0.10216111
0.09404403
0.09391454
0.09320085
0.091320254
0.094978675
0.09261989
0.09406158
0.09739785
0.09763857
0.09724198
0.09474928
0.09428959
0.09472
0.09447358
0.09510313
0.09065569
0.0917827
0.08787992
0.0892555
0.08827179
0.089158736
0.089921825
0.09352111
0.09238397
0.08903927
0.090398386
0.09294238
0.09003489
0.09197863
0.09280559
0.09258269
0.090797596
0.09032649
0.08676686
0.08870846
0.09047248
0.09019336
0.08670679
0.086653285
0.087003045
0.08642915
0.0866062
0.08686404
0.09161929
0.092540674
0.09223018
0.091168664
0.09021905
0.09020001
0.09025407
0.090104654
0.09089881
0.09041511
0.090434164
0.08804848
0.090164036
0.09200721
0.09390883
0.09274243
0.0930713
0.09385123
0.0955086
0.09326603
0.09295032
0.09196749
0.09216728
0.09665379
0.09586163
0.09631849
0.09982131
0.10562834
0.10655487
0.10832828
0.112201214
0.11694673
0.116228275
0.11117314
0.11172738
0.107946426
0.10656769
0.09990173
0.09591126
0.09241934
0.09051341
0.08989747
0.092168435
0.09216395
0.08982749
0.09111797
0.094422296
0.09369239
0.09598053
0.0972143
0.10135636
0.10439569
0.109102696
0.11001577
0.109907635
0.11360606
0.11726524
0.1160238
0.12933706
0.12818778
0.12763317
0.12160742
0.122608975
0.12077649
0.11636501
0.11402413
0.11148362
0.11214237
0.10247385
0.105632365
0.10550424
0.107051946
0.10621512
0.10686828
0.11146941
0.1104508
0.10887244
0.10707101
0.10454049
0.10301283
0.09895053
0.09611635
0.09869418
0.10060304
0.100191936
0.09695052
0.09124157
0.09258819
0.09080668
0.09180908
0.09199595
0.09336845
0.09449401
0.09372623
0.09195327
0.08862998
0.08780461
0.085479
0.08368619
0.08308357
0.083897114
0.081981644
0.08294134
0.081598334
0.08592114
0.08573618
0.08351267
0.084205694
0.08705836
0.08882826
0.088867046
0.08674768
0.08841603
0.08673975
0.088011
0.088302195
0.08922344
0.09260466
0.094077654
0.0889867
0.088984996
0.09382942
0.09186363
0.08936338
0.087448396
0.09079292
0.093164474
0.09346849
0.095558695
0.09604479
0.09541433
0.09381269
0.09579981
0.09349241
0.09418892
0.09449458
0.08992982
0.09477343
0.095021375
0.097175
0.09221777
0.0905228
0.08669799
0.08718761
0.08520912
0.08799901
0.08910396
0.08986884
0.08763545
0.08945029
0.0912492
0.0931946
0.09290406
0.09544263
0.0948715
0.10199442
0.103899665
0.10904559
0.10732768
0.11074678
0.11264634
0.112824254
0.11893899
0.11763279
0.11610173
0.11383538
0.115416996
0.11565173
0.121171825
0.115163386
0.11350161
0.11125615
0.11136074
0.11413122
0.11025622
0.107751444
0.10273227
0.102102265
0.10291773
0.10458962
0.10342979
0.10405521
0.101202495
0.100098476
0.10367646
0.10865011
0.109519765
0.10986194
0.108485326
0.11189874
0.11801824
0.12224445
0.12621547
0.12288041
0.12238266
0.12260838
0.12422465
0.13139525
0.12958653
0.13131657
0.13405007
0.13503571
0.13443749
0.13321607
0.13191071
0.12894678
0.1282228
0.1343128
0.13509922
0.13342853
0.13804302
0.1383597
0.13695922
0.14192876
0.13863303
0.14248835
0.14608666
0.1509884
0.15563278
0.15521131
0.15878257
0.16795933
0.17653807
0.18249525
0.20443854
0.21106964
0.21947466
0.21785396
0.21728961
0.21481511
0.22235318
0.21118252
0.212918
0.20721744
0.19797033
0.19720398
0.17901097
0.17849718
0.18374656
0.18798798
0.19449364
0.21608788
0.21438701
0.20352836
0.20110388
0.20131016
0.20678917
0.20780371
0.2184387
0.21716033
0.2149717
0.2131469
0.21117075
0.20018017
0.21005067
0.20678836
0.20981334
0.2030527
0.20565577
0.21007317
0.20504098
0.20675191
0.20100157
0.20650794
0.21396686
0.21528494
0.2215826
0.22854662
0.23613293
0.22958031
0.23414947
0.23207429
0.23279004
0.2320903
0.24573158
0.24550734
0.24534696
0.2516132
0.25302956
0.24852699
0.25022152
0.24355665
0.24121886
0.24270284
0.24908784
0.24247201
0.23830183
0.24096568
0.24105994
0.23092885
0.22283845
0.22500642
0.22505668
0.23156607
0.24219595
0.23089474
0.23025738
0.23688209
0.24846517
0.24961886
0.25328267
0.2485951
0.24913646
0.2577103
0.26184812
0.26273215
0.2735622
0.26571167
0.2729714
0.275919
0.2766827
0.27692202
0.2877791
0.27506834
0.29672873
0.3089527
0.30680203
0.3138786
0.29714125
0.27363548
0.27262554
0.25879654
0.2665818
0.26894578
0.26326755
0.25682247
0.25368583
0.26026937
0.26779327
0.28439024
0.29428595
0.32016683
0.3603357
0.37870336
0.42358717
0.42012402
0.42848006
0.46835804
0.47663385
0.47300082
0.44270304
0.41324493
0.4020236
0.3881245
0.39061594
0.40209544
0.38339263
0.37570757
0.3641966
0.36111933
0.35700637
0.3740571
0.37154084
0.37842435
0.3859095
0.37291777
0.37712803
0.38298565
0.36439267
0.3474955
0.33486277
0.3233884
0.33446166
0.33450615
0.34695116
0.35367632
0.33877647
0.35473442
0.35343271
0.33743253
0.3380872
0.33821282
0.34554765
0.3426917
0.3324425
0.3373036
0.34372172
0.35469276
0.35465837
0.36092618
0.35830364
0.35272527
0.3414113
0.32500237
0.32608053
0.3293256
0.32501152
0.31601435
0.30693898
0.30089957
0.3056277
0.31446752
0.30992422
0.31072432
0.30370307
0.30498686
0.29758486
0.29912782
0.30820227
0.32089862
0.3277369
0.3257971
0.33784825
0.33052087
0.32640308
0.323448
0.32647637
0.32567683
0.32567683
0.32567683
0.32567683
0.32567683
0.32567683
0.32567683
0.32567683
0.32567683
0.32567683
0.32567683
0.32567683
0.32567683
0.32567683
0.32567683
0.32567683
0.32567683
0.32567683
0.32567683
0.32567683
0.32567683
0.32567683
0.32567683
0.32567683
0.32567683
