195.3119
247.7956
116.160446
76.78041
57.309433
45.53256
37.730816
32.20876
27.900454
24.806896
22.258572
20.199186
18.590282
17.135183
15.897567
14.8939295
14.029253
13.14949
12.482707
11.823075
11.243033
10.730566
10.306437
9.907599
9.531819
9.164334
8.78943
8.5465765
8.279788
8.029387
7.8181047
7.5728164
7.383948
7.1584177
6.9590783
6.7754064
6.641108
6.5199723
6.403384
6.2367034
6.125186
5.9951296
5.884365
5.752037
5.667287
5.606434
5.4992213
5.3635817
5.246822
5.176504
5.0599566
4.969081
4.90559
4.842836
4.750913
4.645457
4.6155486
4.5769944
4.502023
4.4731
4.388759
4.356293
4.304531
4.255843
4.216723
4.1496735
4.0843825
4.0599127
4.010711
3.9492495
3.9212348
3.9096284
3.8711653
3.8136363
3.7742302
3.7620785
3.75148
3.6677475
3.6620617
3.6568062
3.5985045
3.6724243
3.5442445
3.5046604
3.4580917
3.4308026
3.4083173
3.3751993
3.359015
3.3391268
3.3195999
3.2847297
3.281577
3.2642221
3.2236338
3.1822
3.1992533
3.1622984
3.1709507
3.1193862
3.1303487
3.1402905
3.0908234
3.0662255
3.0552804
3.0507674
3.0047622
2.9947417
2.9996
2.9946513
2.9834664
2.9610083
2.9449146
2.9230213
2.888528
2.873033
2.8787327
2.8499873
2.8564312
2.8431704
2.8356507
2.8177586
2.8001482
2.794533
2.803758
2.7634094
2.797351
2.7710404
2.7459335
2.7328563
2.7286897
2.7196918
2.718826
2.711867
2.6747625
2.664859
2.6550362
2.6541443
2.655164
2.6382232
2.6345093
2.674867
2.6426568
2.5960202
2.5893493
2.5947413
2.5961862
2.5779848
2.5494022
2.5182524
2.5138373
2.5057824
2.5149305
2.5096426
2.492726
2.4720988
2.481093
2.470348
2.458872
2.4265754
2.416733
2.423464
2.4101324
2.4524744
2.3785362
2.4161458
2.4072022
2.4078326
2.3949223
2.3533876
2.3904843
2.3584492
2.3832886
2.3722177
2.363026
2.3673048
2.3431308
2.3466287
2.3127546
2.3254383
2.306941
2.3044732
2.2863274
2.3182185
2.2958593
2.3045516
2.3125045
2.2941234
2.2711184
2.286294
2.3027523
2.309984
2.2637837
2.2855375
2.2797654
2.2688832
2.2631273
2.2613688
2.2481785
2.2394354
2.2284467
2.2297406
2.2335567
2.2489297
2.2120652
2.226918
2.218847
2.2027142
2.2136953
2.227282
2.1957133
2.165522
2.1685116
2.1685886
2.1695101
2.1586514
2.1451163
2.1397805
2.1405153
2.133905
2.127933
2.1099868
2.1206396
2.1081839
2.0991435
2.0983987
2.1101198
2.0925567
2.0833225
2.100107
2.0952888
2.0829365
2.0811749
2.0976255
2.0598128
2.06521
2.05042
2.0419452
2.0396883
2.0423553
2.0348263
1.9976128
2.0366392
2.022108
2.0174131
2.0204878
2.0211957
2.0252635
2.0007784
2.0022345
1.9854405
2.0013149
1.9937203
2.01181
1.9741099
1.9779583
1.9680809
1.9801962
1.9777416
1.9357793
1.9565578
1.9823256
1.9494678
1.9773718
1.9534996
1.9523394
1.9359717
1.9559945
1.9515637
1.9748785
1.9314821
1.954987
1.9466114
1.9536029
1.948587
1.9463384
1.9307388
1.9353275
1.9278927
1.9245265
1.9549526
1.9185512
1.8945588
1.8968428
1.9114343
1.8923035
1.9025906
1.8801755
1.8980235
1.8961935
1.904667
1.8774973
1.9126526
1.8786952
1.8893727
1.8792734
1.8784155
1.9005568
1.8837969
1.8632652
1.8804281
1.8835378
1.8669392
1.853537
1.8626078
1.8699522
1.8541756
1.8450934
1.8592151
1.8693329
1.8677802
1.8633784
1.863767
1.8475912
1.8643715
1.8325095
1.8668898
1.872667
1.8503928
1.8289349
1.8640847
1.8632727
1.8346468
1.8688887
1.8518062
1.8372296
1.8229077
1.8353181
1.8091556
1.8293388
1.7971448
1.782775
1.7959975
1.7877027
1.8006305
1.7895411
1.8101815
1.7669685
1.7789193
1.7975719
1.7914594
1.8136107
1.771281
1.7842999
1.7842052
1.78101
1.8026125
1.7678872
1.7718028
1.765229
1.758078
1.7781646
1.7850353
1.7871403
1.7776077
1.7684635
1.7868431
1.7807319
1.773866
1.7831268
1.7501438
1.7549939
1.7602677
1.7495369
1.7841675
1.7634209
1.7671978
1.7505603
1.771512
1.7572287
1.7295735
1.7532079
1.7467604
1.726535
1.7364894
1.725373
1.7384703
1.7254819
1.7221991
1.7277902
1.7095337
1.7182536
1.6975423
1.7140667
1.706007
1.6884705
1.6994147
1.6680434
1.6916257
1.7089952
1.673266
1.7003728
1.6898948
1.6847746
1.6704811
1.688947
1.6904473
1.692562
1.687817
1.6969537
1.6960022
1.6700394
1.6455274
1.6902223
1.681685
1.6861929
1.6561807
1.6785227
1.6817169
1.6928381
1.6785398
1.6826037
1.6501209
1.6677233
1.6496433
1.6609541
1.6720213
1.6621912
1.6668334
1.6511813
1.6308821
1.650772
1.6659869
1.6376927
1.6372677
1.6507472
1.6528016
1.6354972
1.6264311
1.6158304
1.619563
1.638567
1.6294028
1.6154374
1.6299652
1.6280804
1.6514429
1.6426363
1.6177793
1.6277107
1.6589115
1.6373409
1.6623781
1.6481744
1.6187924
1.6177666
1.6220819
1.6634439
1.6276728
1.6402991
1.6280532
1.6259923
1.6227186
1.6292131
1.6286961
1.6254439
1.6182716
1.6248819
1.6127378
1.6078949
1.6018312
1.5975718
1.5983809
1.6112963
1.60149
1.5761316
1.5832525
1.6005273
1.5924551
1.5767385
1.6046005
1.6015835
1.58431
1.5654448
1.5793674
1.5980895
1.592443
1.6069438
1.5943019
1.5982589
1.5869156
1.5968391
1.5961219
1.625158
1.5961609
1.6168426
1.6188556
1.5922725
1.6133456
1.6067457
1.5971725
1.6064537
1.5983167
1.6166869
1.5742855
1.6142541
1.6182458
1.6297287
1.6032141
1.5984437
1.6019415
1.5832281
1.5885291
1.5803612
1.5646509
1.5675529
1.5828296
1.5758092
1.5759753
1.6149937
1.5785041
1.5986996
1.59036
1.586752
1.5937394
1.5766748
1.5758771
1.5744447
1.6006068
1.5944457
1.5805489
1.6017349
1.6107996
1.5925283
1.5855855
1.6113614
1.6021411
1.6095072
1.619813
1.6002661
1.6309017
1.6387497
1.6181079
1.6397266
1.6275666
1.6284487
1.6037788
1.6283646
1.6226109
1.5886984
1.6266667
1.6318896
1.6171536
1.62581
1.6141424
1.6218445
1.6230658
1.6341183
1.5983179
1.6003643
1.6134685
1.6142055
1.5983027
1.5766083
1.592664
1.5942068
1.6074936
1.6097466
1.6184347
1.596169
1.6086662
1.6025598
1.6202178
1.5915016
1.6118424
1.6073706
1.617049
1.6179258
1.616866
1.6170124
1.604221
1.6066269
1.623136
1.6295325
1.6314846
1.6034197
1.616291
1.6186475
1.6016247
1.6248611
1.6244025
1.6184567
1.6127447
1.6377505
1.6155609
1.6114961
1.6090698
1.5884513
1.6136582
1.633249
1.5890766
1.6121811
1.6097279
1.6232285
1.6199571
1.6087304
1.6244773
1.6218302
1.627455
1.6373285
1.6153376
1.6079137
1.6127303
1.6160945
1.6310453
1.645301
1.6321355
1.6313629
1.6232436
1.6117661
1.6516106
1.6551424
1.6251026
1.6439573
1.612722
1.6146122
1.6193459
1.5895182
1.6090778
1.6046678
1.6084921
1.6151557
1.6029322
1.628732
1.6044321
1.6056356
1.6036737
1.624138
1.6278445
1.6216673
1.606797
1.6165414
1.6072897
1.6155909
1.6158819
1.6313581
1.6308916
1.6095525
1.6280586
1.6219759
1.6222568
1.6017051
1.6222095
1.6302663
1.6349992
1.6161017
1.6270924
1.6102816
1.6109394
1.6202948
1.6201073
1.5890813
1.5923883
1.5874254
1.591225
1.6105
1.5909424
1.5986915
1.6206346
1.590575
1.6299094
1.6245688
1.6105582
1.6062984
1.6254653
1.6110305
1.6335746
1.6126726
1.6356289
1.6392521
1.6212873
1.6222848
1.6173303
1.6390593
1.6303008
1.621068
1.6123945
1.6255555
1.5927527
1.6177489
1.5991689
1.6160607
1.6207078
1.5978807
1.586691
1.5982567
1.603196
1.6334914
1.6023428
1.6055267
1.6009997
1.6103822
1.5973082
1.5892586
1.5999473
1.629339
1.6209531
1.6161255
1.5991564
1.5982547
1.6129173
1.588678
1.5695417
1.5927671
1.5756315
1.5866221
1.5792984
1.6167738
1.6039165
1.6079252
1.5835288
1.5874852
1.5789733
1.6010143
1.5826577
1.6050712
1.6147878
1.5869246
1.6036006
1.6094084
1.5985541
1.634284
1.6238732
1.592664
1.5966438
1.6069328
1.5977895
1.6075089
1.5948257
1.5884321
1.5929528
1.6032515
1.5997041
1.6144321
1.5926243
1.6089028
1.603268
1.5932988
1.6187865
1.5951129
1.6048095
1.6057726
1.6015141
1.5977627
1.6083834
1.5881197
1.5904524
1.5593957
1.5659472
1.5725071
1.5650907
1.5623158
1.5738573
1.5753037
1.5688971
1.5773009
1.5511818
1.5641261
1.555625
1.5485363
1.547761
1.5690675
1.5830323
1.5658299
1.5793655
1.5524323
1.594412
1.5812451
1.5767181
1.586568
1.573862
1.5627325
1.5717499
1.561089
1.5794834
1.5981659
1.5833205
1.5906231
1.5697964
1.5899225
1.5936074
1.6006234
1.5587156
1.5711112
1.5797315
1.5695994
1.5768603
1.5929205
1.5861417
1.5790385
1.5216626
1.5703441
1.5842844
1.5718254
1.5868659
1.5665302
1.5731001
1.5461285
1.5321505
1.5639391
1.5732797
1.5690585
1.5655513
1.55447
1.5930585
1.5578417
1.5511757
1.5403271
1.5489415
1.548616
1.5495393
1.543516
1.5952824
1.5578284
1.5500364
1.5289681
1.5723822
1.555544
1.5378816
1.5494257
1.5385997
1.5441313
1.5496805
1.5397354
1.520836
1.5499471
1.5158899
1.5532652
1.5318147
1.5306652
1.5344801
1.5407163
1.5150089
1.528815
1.5040905
1.528396
1.5403702
1.5178874
1.5253459
1.5343472
1.5277094
1.5238258
1.5072588
1.4879309
1.5115061
1.4737548
1.5085652
1.4979094
1.4915111
1.48346
1.513498
1.4983305
1.4808097
1.4897584
1.4722357
1.4844613
1.4628808
1.4904232
1.4806098
1.4746987
1.4685756
1.4628826
1.4618373
1.4294581
1.4513932
1.4223758
1.4354292
1.4497966
1.4577429
1.4291042
1.4247773
1.4388995
1.4491482
1.4514997
1.4438751
1.4572004
1.4308949
1.4139502
1.4530805
1.4429923
1.4307901
1.4219754
1.4368657
1.4078132
1.4213179
1.3899834
1.4074651
1.3946455
1.4144747
1.4374033
1.4373554
1.4344184
1.4450281
1.430761
1.4237465
1.4256974
1.413208
1.4260187
1.4262481
1.4415258
1.4342395
1.4328053
1.4333502
1.4504954
1.4266284
1.4496973
1.4284977
1.4152057
1.3890281
1.4156916
1.4203702
1.4090713
1.4010051
1.3843377
1.3906574
1.4029539
1.3991922
1.4029398
1.3986237
1.3979275
1.3746343
1.3929673
1.4126428
1.4055707
1.4082159
1.3933656
1.3825251
1.3861566
1.3950307
1.3880023
1.3700243
1.3830063
1.3760129
1.3647015
1.3749931
1.3430463
1.36531
1.3606132
1.3474027
1.3457444
1.3504437
1.3430018
1.3658581
1.3454754
1.3409872
1.3350803
1.3388237
1.3707149
1.351922
1.3355262
1.3206244
1.3391517
1.3293095
1.3253433
1.3402566
1.3345726
1.3359385
1.3312086
1.338023
1.3118045
1.3242795
1.3068073
1.3124967
1.2901547
1.2948346
1.3072833
1.2591636
1.2830071
1.285301
1.3038727
1.264333
1.2861408
1.2971073
1.2882346
1.2888812
1.2813354
1.2778578
1.2715586
1.2749474
1.2709873
1.2716094
1.2714819
1.2532513
1.2549691
1.2395335
1.2448303
1.240958
1.2592685
1.2666304
1.246248
1.2695788
1.2455127
1.251023
1.2379131
1.2366433
1.2264692
1.2491201
1.2159815
1.2491332
1.2329144
1.2371848
1.2415438
1.2380369
1.2152499
1.2324762
1.2251883
1.2328967
1.2064596
1.2144936
1.2113696
1.2210528
1.2225817
1.2315955
1.2312164
1.2041861
1.1964228
1.1937633
1.1998363
1.1941352
1.1920779
1.1965349
1.1888324
1.2182971
1.1870531
1.2034755
1.1593747
1.196428
1.1761594
1.1656709
1.1673961
1.1659226
1.1628518
1.1676756
1.1738373
1.144904
1.1466904
1.18348
1.1784216
1.1607382
1.1394017
1.1617179
1.1781639
1.1578076
1.1431303
1.1408904
1.1626416
1.150106
1.1649097
1.1345857
1.1562481
1.1536354
1.137288
1.1569096
1.1433927
1.1398783
1.1462971
1.1272143
1.1339061
1.1505824
1.1295002
1.1368271
1.1295112
1.1508398
1.1115377
1.1021948
1.1004698
1.1267729
1.114791
1.0966911
1.1363518
1.0997163
1.0765346
1.0865955
1.0888016
1.093363
1.0862979
1.0984876
1.1070194
1.0988879
1.0895394
1.0884532
1.0715971
1.0879099
1.0886549
1.0763686
1.0680381
1.0821116
1.0807669
1.0646582
1.0560219
1.0686283
1.0639853
1.0642358
1.056412
1.0606966
1.0478935
1.0652004
1.0674824
1.0573584
1.0279099
1.046144
1.0242746
1.0342305
1.0295637
1.0296777
1.0245248
1.0312542
1.0155463
1.0122923
1.0288196
1.0216687
1.0147169
1.0149144
1.0229418
1.0060345
1.0131667
1.0200307
1.0097549
1.0445077
1.0051421
1.0096806
1.0198553
0.9913159
1.0040654
1.0060093
0.99636567
1.0237607
1.0068737
0.9921456
1.0043417
1.0072823
1.0035256
1.002721
1.011678
0.9914237
1.0176401
1.0018587
1.008406
0.9825684
0.9829517
0.9795156
0.9974822
0.9744453
0.98832643
0.97577596
0.97681826
0.96831226
0.96904755
0.9566477
0.98021275
0.9801933
0.96497715
0.95401734
0.9522056
0.9624007
0.9628762
0.95248234
0.95951915
0.94173837
0.9431395
0.96240807
0.9581658
0.95618635
0.95798856
0.9511807
0.9301518
0.9375675
0.9425088
0.9298921
0.93319255
0.94750535
0.91519564
0.9391478
0.94062746
0.9242685
0.92181563
0.93093646
0.9166748
0.9234009
0.9345842
0.91840404
0.92090225
0.9249841
0.9268869
0.9343215
0.90394604
0.90820605
0.892968
0.9088526
0.92292637
0.88161707
0.9313163
0.908565
0.9045852
0.92500204
0.9141359
0.915929
0.91205007
0.9263875
0.925768
0.9245323
0.8959973
0.92357874
0.93166995
0.9037617
0.88649505
0.9039664
0.92802924
0.9156463
0.88201505
0.91201115
0.9112457
0.89192134
0.9066493
0.91529727
0.90464383
0.9008129
0.8979346
0.8902285
0.9070709
0.87815005
0.88399494
0.8813021
0.87368757
0.87189233
0.8852654
0.85922635
0.8748876
0.8861906
0.86390656
0.8613706
0.8601548
0.84090626
0.8535247
0.85516524
0.85001475
0.86117744
0.8454627
0.8538256
0.83597803
0.8515573
0.8467468
0.82224745
0.83203
0.83616567
0.8384935
0.83935905
0.8549098
0.8268462
0.84352255
0.8238633
0.8272574
0.82706636
0.82038325
0.835865
0.83724564
0.8218153
0.8363525
0.82071596
0.8483994
0.8286979
0.811305
0.8222588
0.81921047
0.8168071
0.8033362
0.8067672
0.8059347
0.83041704
0.82232904
0.82009
0.8199828
0.81157166
0.82948464
0.8164475
0.8211489
0.80555004
0.831905
0.8136795
0.80722344
0.7935919
0.78546697
0.8228135
0.7922955
0.7988567
0.7967137
0.8241835
0.8142857
0.7986222
0.80721533
0.8062772
0.7735024
0.8225602
0.7823121
0.78300226
0.7989453
0.7882215
0.78325355
0.7955264
0.79566944
0.7795593
0.78156435
0.7817586
0.7831804
0.7903553
0.7806461
0.7872899
0.792771
0.7788758
0.7814747
0.77845937
0.77544737
0.7693601
0.78719497
0.7828118
0.7709736
0.79457814
0.7912802
0.7882474
0.78627366
0.78126174
0.7746687
0.77089167
0.7829731
0.77470684
0.79936206
0.7670725
0.78183275
0.7673
0.75515324
0.7473032
0.7468097
0.75778204
0.7581155
0.75712854
0.7560133
0.74788845
0.7517248
0.752654
0.7563149
0.73065454
0.7239275
0.72981054
0.7251951
0.7473304
0.74282044
0.74674886
0.74040276
0.7518864
0.7637771
0.72419757
0.74048966
0.7289314
0.7435712
0.7523344
0.7463301
0.72153884
0.73132503
0.72833925
0.74027413
0.74135005
0.7386438
0.7301692
0.74218583
0.73590904
0.7048815
0.72783744
0.7167648
0.7362786
0.7167927
0.7156691
0.73159665
0.71330845
0.70619845
0.7329645
0.7277732
0.72970986
0.7056627
0.72621477
0.730692
0.7136004
0.717732
0.7087178
0.72448957
0.6812518
0.727302
0.7031136
0.70396024
0.7221921
0.70956564
0.70974964
0.7117363
0.7035521
0.7121184
0.7159118
0.69338644
0.7046528
0.6956559
0.69126076
0.69527483
0.70189214
0.6905566
0.69441897
0.7069537
0.70248574
0.71627253
0.684131
0.6940632
0.6901871
0.70622355
0.6727994
0.71374273
0.7010128
0.69045055
0.6925159
0.67653126
0.7089911
0.6985746
0.6806268
0.6892603
0.68023306
0.68503064
0.67945516
0.67539895
0.6845602
0.6727642
0.6707722
0.65776265
0.6673257
0.6738485
0.65599185
0.6670619
0.6685476
0.6669144
0.6723752
0.68220353
0.6588973
0.6776271
0.682317
0.6819419
0.6755907
0.67880386
0.6702483
0.66964674
0.68331385
0.6779246
0.66951364
0.6761404
0.6588597
0.66453505
0.6710413
0.6688704
0.6652379
0.68053997
0.6696977
0.6572681
0.6602583
0.6419613
0.664587
0.6525317
0.6472745
0.65719855
0.6683957
0.67048955
0.6449408
0.6559191
0.65686566
0.6682248
0.6562777
0.6396573
0.6537399
0.64317036
0.64894366
0.6453602
0.64384747
0.6533441
0.64257795
0.655327
0.6460775
0.64413106
0.64217854
0.6734317
0.66040564
0.6517235
0.65896434
0.6637781
0.65406466
0.665044
0.6478216
0.6277241
0.65999484
0.6476251
0.6285601
0.6460863
0.6306626
0.6312792
0.63827443
0.6473429
0.6405205
0.6401645
0.6404749
0.6301578
0.6260749
0.62814397
0.6435254
0.6399952
0.6303719
0.63713086
0.6260413
0.6457904
0.6294212
0.6483737
0.63477373
0.6169255
0.6324266
0.62222004
0.6316418
0.61820483
0.63832265
0.6288515
0.6229546
0.6108434
0.62846124
0.61606723
0.60853344
0.6285241
0.60394067
0.6228955
0.6270936
0.606312
0.6131271
0.6170102
0.633697
0.620914
0.62812173
0.618481
0.60887164
0.6006625
0.6052634
0.60486466
0.6063004
0.6063427
0.61297554
0.605967
0.59186816
0.59639484
0.61103535
0.60361314
0.5962214
0.6006632
0.59749615
0.617955
0.59419847
0.587326
0.5698695
0.575274
0.5837468
0.5982666
0.56660753
0.5834217
0.5634169
0.5622904
0.5850043
0.58636874
0.5902026
0.55235815
0.5771651
0.59301764
0.5732403
0.6028077
0.5869162
0.5973376
0.5699641
0.5680719
0.5767238
0.60217386
0.5826482
0.5753257
0.5680148
0.5823062
0.60520744
0.59155625
0.58097243
0.5600133
0.5705735
0.57348233
0.570585
0.5543498
0.5647346
0.5604678
0.55125356
0.56308943
0.54922056
0.55084866
0.5690351
0.5549092
0.54809296
0.5596367
0.5648649
0.55364525
0.5582145
0.5535524
0.5456642
0.53631014
0.5508277
0.54742336
0.5640211
0.54981625
0.5439488
0.535799
0.52855647
0.54274845
0.5256959
0.5540839
0.55186677
0.5596362
0.5510212
0.55364084
0.5530132
0.5457068
0.5576285
0.5378332
0.5365497
0.5482846
0.54792815
0.5463783
0.5475027
0.5385288
0.53505576
0.55242133
0.5620447
0.52519524
0.5430041
0.5328003
0.5303439
0.55496305
0.5467693
0.53959584
0.5530378
0.53144187
0.53026867
0.52017164
0.52199113
0.52703226
0.54148406
0.524112
0.5196129
0.5256931
0.5297817
0.5252983
0.5263714
0.53136057
0.52845234
0.5478334
0.53037286
0.5566446
0.5314226
0.5321185
0.5296258
0.5400847
0.52244896
0.53656685
0.54581696
0.52285635
0.5257247
0.51945966
0.520699
0.53087485
0.53102237
0.5226639
0.51273555
0.52705795
0.5355722
0.5160224
0.5299249
0.53220963
0.53361684
0.5527156
0.5156694
0.5106136
0.506657
0.53664243
0.5292976
0.51560605
0.52245384
0.51484025
0.52061266
0.50535834
0.50623673
0.50051004
0.5182921
0.50435627
0.51574045
0.5165413
0.51238716
0.53607327
0.5087549
0.49986747
0.4893947
0.5045898
0.5020596
0.51183814
0.5114727
0.49926293
0.5218536
0.49208897
0.5029921
0.49290967
0.50899243
0.48912993
0.500179
0.48805377
0.5027936
0.5031682
0.5055368
0.51457536
0.4869952
0.50252396
0.50476205
0.49807557
0.50392526
0.49588543
0.50086397
0.49819455
0.4924741
0.4933742
0.4818106
0.49828193
0.49471238
0.48537448
0.47817907
0.4801058
0.4849751
0.4795063
0.4837705
0.48640677
0.46398407
0.4829018
0.4875872
0.4932336
0.47549865
0.475651
0.47084674
0.4814399
0.46628302
0.47047916
0.448537
0.49278983
0.45864034
0.474827
0.4739306
0.477377
0.46992582
0.46108434
0.4793611
0.47755873
0.47124812
0.47990698
0.49429733
0.4840187
0.47756785
0.47792476
0.46290684
0.48681402
0.47121572
0.4646751
0.47052833
0.46534333
0.471236
0.45701185
0.46313637
0.45937067
0.46925914
0.46710777
0.4567999
0.4681643
0.45497334
0.46062928
0.46247613
0.46409258
0.4588029
0.46744534
0.46749428
0.4655415
0.481897
0.45185325
0.481462
0.4674742
0.47048634
0.46750414
0.47340536
0.45625934
0.47035584
0.44915846
0.4663644
0.47493288
0.45211288
0.45465732
0.47060663
0.47150815
0.4690286
0.47012737
0.468161
0.46181196
0.46580657
0.45742086
0.4640563
0.43731612
0.45882717
0.45884773
0.4592494
0.4631192
0.4381755
0.452802
0.44532984
0.45200086
0.4329366
0.44288582
0.4284051
0.43371877
0.43667895
0.4404722
0.4386361
0.43551642
0.43961605
0.42829323
0.4451831
0.44619742
0.4388544
0.43625164
0.43655908
0.441198
0.43475094
0.44596338
0.448842
0.44136557
0.46335283
0.45197105
0.44665357
0.43917176
0.4507377
0.4502151
0.4545073
0.43808505
0.45411384
0.45261648
0.42650735
0.43052283
0.43662307
0.43148383
0.44003037
0.4354253
0.44892097
0.42504948
0.42718336
0.4289812
0.41737413
0.4298766
0.42054787
0.4359127
0.4349032
0.44336978
0.41989514
0.42641369
0.4177597
0.42273334
0.43065062
0.41604003
0.42540213
0.42200357
0.39599583
0.41377473
0.4337612
0.4229475
0.41529143
0.43251225
0.4297006
0.42462593
0.41527623
0.42227447
0.41389197
0.41743147
0.4237365
0.42034706
0.41739768
0.41136202
0.42494428
0.41875544
0.41921264
0.4068573
0.411433
0.3994627
0.4202407
0.4043171
0.40286866
0.40207505
0.40218517
0.40097535
0.40465847
0.40402752
0.41277808
0.39864773
0.40067694
0.41282696
0.408185
0.40274867
0.40100032
0.40934566
0.40582895
0.39284062
0.4188335
0.4073267
0.41198564
0.40732166
0.39423415
0.3942056
0.40778965
0.4212562
0.40801686
0.40618673
0.39598298
0.39606065
0.39018694
0.40815535
0.40870774
0.40353063
0.40040383
0.40590227
0.3757238
0.4099956
0.38643292
0.3971517
0.38477284
0.3960692
0.40126827
0.42705154
0.41361308
0.39321184
0.40111658
0.38745555
0.3919971
0.40345287
0.42016822
0.41204774
0.40099937
0.4021296
0.40216333
0.39951688
0.38901532
0.40371808
0.39854476
0.3923529
0.41266033
0.398132
0.41739365
0.40997338
0.40447208
0.39860922
0.39940643
0.411562
0.39624596
0.4022732
0.39629805
0.38378698
0.3956095
0.40011942
0.3795762
0.394079
0.38838932
0.39033052
0.37773967
0.39981624
0.39573035
0.38934076
0.37018996
0.38413787
0.3684922
0.38377103
0.3762718
0.39263737
0.3783777
0.3899481
0.37938258
0.37346104
0.37320173
0.3766965
0.3788121
0.38670826
0.37992868
0.40281463
0.38190547
0.37929636
0.37506965
0.36833948
0.37596065
0.37672248
0.37554812
0.384383
0.3947316
0.38896027
0.37733594
0.39261863
0.3979922
0.39240327
0.37857676
0.37020752
0.37931582
0.3794614
0.3825996
0.365466
0.37115338
0.3698161
0.37027654
0.36740434
0.36101186
0.3600196
0.3675916
0.37127122
0.3679253
0.3703301
0.37099212
0.35853568
0.35622153
0.36293808
0.36586374
0.35188532
0.35750473
0.34720126
0.35884887
0.35757616
0.3470941
0.345964
0.35822046
0.35487384
0.34149757
0.34190848
0.34919354
0.3355683
0.34629893
0.34263986
0.35068634
0.34473547
0.34258994
0.34539205
0.32862407
0.3373669
0.33321688
0.34377128
0.34024414
0.3379639
0.33878502
0.3490458
0.3353875
0.34076202
0.33323404
0.34417534
0.3403378
0.34172985
0.34161025
0.33234066
0.3183192
0.33906093
0.3303752
0.33393425
0.34303325
0.33328465
0.331543
0.3438304
0.3275474
0.3305099
0.3337212
0.34651074
0.3338698
0.33354512
0.32443422
0.32246047
0.3433176
0.33256376
0.31624392
0.34970388
0.33048967
0.33064178
0.3401956
0.33683112
0.33280626
0.32319686
0.33845732
0.33321625
0.36248133
0.33061776
0.33420578
0.32734528
0.30938664
0.3187987
0.3169434
0.32014185
0.3133405
0.32826465
0.31852525
0.32666534
0.32037845
0.33535364
0.3280886
0.32219413
0.32193232
0.33150792
0.3163215
0.32528016
0.31828088
0.32410467
0.32236934
0.33345398
0.3164677
0.31669936
0.30864134
0.32900244
0.32257003
0.31817684
0.31429297
0.3328086
0.32185942
0.3147303
0.31620157
0.31355178
0.31060022
0.3436515
0.3179949
0.3385795
0.2990335
0.30940735
0.32233882
0.32479468
0.32147157
0.30330592
0.37127373
0.32705173
0.32070547
0.32495716
0.31676158
0.30328614
0.30824944
0.32796904
0.3166877
0.315085
0.3216338
0.3127987
0.31970438
0.32844663
0.32209024
0.32635373
0.32463607
0.31610414
0.31684172
0.3226488
0.31595713
0.32386866
0.31021744
0.31739223
0.30961382
0.29443198
0.31401908
0.30201098
0.3072646
0.30794117
0.31312475
0.28960472
0.29842442
0.2942501
0.29990485
0.30225822
0.3018084
0.3017877
0.32526788
0.30344683
0.29888785
0.29217052
0.2975103
0.29507804
0.3005182
0.28693333
0.28949013
0.2956891
0.29155707
0.29477465
0.281478
0.29510412
0.28525278
0.2826908
0.29429382
0.28381205
0.29988527
0.31246328
0.29932722
0.3023486
0.30208465
0.30743992
0.29120138
0.3064836
0.31255203
0.30990067
0.30588114
0.3085971
0.29819572
0.29529586
0.2877408
0.29544935
0.30194965
0.30238765
0.29954493
0.30027553
0.30216348
0.29663804
0.29350722
0.28415918
0.2850009
0.29931086
0.29255638
0.30021378
0.30991217
0.30375084
0.28055704
0.28762558
0.29354405
0.29265863
0.28098845
0.28614178
0.29728368
0.2923765
0.28520888
0.29486313
0.28140545
0.28206983
0.30011678
0.2779684
0.28367552
0.27964896
0.29095134
0.27452824
0.28768393
0.27890947
0.28546533
0.2711509
0.28116193
0.2782792
0.29052216
0.28685603
0.29942086
0.29990935
0.2911443
0.28209317
0.2845065
0.3090287
0.3003855
0.28886366
0.29249418
0.29255497
0.28559214
0.29054436
0.2863046
0.28361803
0.29551923
0.28519866
0.28754228
0.27534285
0.29170182
0.28336012
0.27422923
0.28241166
0.27407
0.28769213
0.30928215
0.28480515
0.2751601
0.29033613
0.2799124
0.30472246
0.28735444
0.27718264
0.29158583
0.281209
0.28893113
0.28188804
0.28218052
0.27782032
0.2778867
0.28787246
0.2723009
0.27856588
0.28262788
0.27716628
0.29955825
0.285764
0.28185004
0.28318396
0.27781907
0.2629546
0.27790844
0.2798251
0.26844144
0.27485302
0.2780385
0.26713207
0.27178574
0.26031244
0.2601455
0.27275053
0.27133185
0.25827277
0.27620295
0.26679423
0.26490578
0.26781857
0.27007052
0.27998847
0.27682313
0.27439955
0.2862968
0.28292462
0.26269034
0.27639577
0.26495206
0.27824873
0.2735803
0.26668608
0.2702729
0.26556805
0.26429453
0.27148527
0.25446132
0.26999992
0.2677087
0.25909215
0.2665351
0.2658617
0.27594137
0.27922213
0.2645819
0.275238
0.27198315
0.27276647
0.27704525
0.26990426
0.27981257
0.26413292
0.25518608
0.26967943
0.26679182
0.27427247
0.2677617
0.27099788
0.27420014
0.27409878
0.25125968
0.26780844
0.25436127
0.2685096
0.268522
0.26002294
0.25114298
0.2581219
0.2516034
0.25315148
0.24560392
0.2733162
0.24165072
0.24802418
0.25023794
0.27054068
0.25837246
0.25307178
0.26001647
0.24391454
0.2562634
0.24820837
0.24879503
0.25363472
0.23893127
0.25213325
0.25063562
0.253521
0.25438362
0.2619618
0.24948625
0.25818118
0.24664031
0.25371328
0.25884613
0.26986864
0.2619521
0.2644775
0.274458
0.26283467
0.24624762
0.24600603
0.25403127
0.26257405
0.2500182
0.25287163
0.25437412
0.25684375
0.2509682
0.26311314
0.25978518
0.24656455
0.26161668
0.2528356
0.26328674
0.25046873
0.24398556
0.25655702
0.25673613
0.25830537
0.2659469
0.26140434
0.25486413
0.2398087
0.24647348
0.24932644
0.23958018
0.2448617
0.24656121
0.24395819
0.25196686
0.25564694
0.2615175
0.2381461
0.2468002
0.2336844
0.25162384
0.25743192
0.25091755
0.2524834
0.24940906
0.24679318
0.25075948
0.2470373
0.2570791
0.23851277
0.25129703
0.24071883
0.24243587
0.24823289
0.24722348
0.25343618
0.25167504
0.23560251
0.24462783
0.26042724
0.23926707
0.2493227
0.24353701
0.24199286
0.24230817
0.24731562
0.23816916
0.23726417
0.24506348
0.24676055
0.23443443
0.23439372
0.2485939
0.25785798
0.24095127
0.23291557
0.2425316
0.24164115
0.24730428
0.2516439
0.24895747
0.25454533
0.24900928
0.2461977
0.24958667
0.2596382
0.2525196
0.23397543
0.2431705
0.25269708
0.23648024
0.23794019
0.25715244
0.24539183
0.2487307
0.24190639
0.24194229
0.24412656
0.23426653
0.23017764
0.23244847
0.2249906
0.23757042
0.23171243
0.24095367
0.22934107
0.23024753
0.21902949
0.24830188
0.24050675
0.22985639
0.23831798
0.24015768
0.22157098
0.22962686
0.23775062
0.23302445
0.26469016
0.24084783
0.23381628
0.24087957
0.24097028
0.2507054
0.23563668
0.23065674
0.24158043
0.23996672
0.23491898
0.24894841
0.24678473
0.2575906
0.2515507
0.24074307
0.2434374
0.24428664
0.25496992
0.24464814
0.24685027
0.24610423
0.25976366
0.23949195
0.2578177
0.25951704
0.25978082
0.24834716
0.25533068
0.2301538
0.23263378
0.24065644
0.24020024
0.22825363
0.23679629
0.23965576
0.2231618
0.24048871
0.24602526
0.24541442
0.23385736
0.22995491
0.23030889
0.22705194
0.22840853
0.22975293
0.22479467
0.22061594
0.24907076
0.21994388
0.22355938
0.22111471
0.2128711
0.21962449
0.22913425
0.22971256
0.20797573
0.21260795
0.23253514
0.22115621
0.21088701
0.22709933
0.20901275
0.22681217
0.21947365
0.2240839
0.22544912
0.22127154
0.20881777
0.21459156
0.22760569
0.2220597
0.2157281
0.22195585
0.21884303
0.22454028
0.21870688
0.20169754
0.22711433
0.22069167
0.20451778
0.22051361
0.20197453
0.21764636
0.21485285
0.21441476
0.21995892
0.20837492
0.22324099
0.20531861
0.22169355
0.20961384
0.2245741
0.20860292
0.22380996
0.21868409
0.22544317
0.22148317
0.21980177
0.2251364
0.21592136
0.20021664
0.21808672
0.20822637
0.22523403
0.21331559
0.20173126
0.21055247
0.2166471
0.21732715
0.21316066
0.21468055
0.21526049
0.21750581
0.21379568
0.21421476
0.1959777
0.21017003
0.2000221
0.21027113
0.20459315
0.18961468
0.20660213
0.19777742
0.19776377
0.18789229
0.19768989
0.19970526
0.2049271
0.20771621
0.25766006
0.19873185
0.20446981
0.20031384
0.21271677
0.2066176
0.21210857
0.21005651
0.20810187
0.20944633
0.19668931
0.21558237
0.20658404
0.1960892
0.20930636
0.2042695
0.20795578
0.19993466
0.19713262
0.18683274
0.20522173
0.18664235
0.20644529
0.20417011
0.19426878
0.19289453
0.21272688
0.20251581
0.20707266
0.20676397
0.19028156
0.19926873
0.18589485
0.20407927
0.20405474
0.20997246
0.19190541
0.20084849
0.20124939
0.200915
0.19800927
0.19518611
0.1972286
0.19506499
0.20354632
0.21351509
0.21154945
0.21283297
0.20724611
0.20865692
0.21120544
0.1983496
0.19894844
0.18421935
0.19816597
0.19861172
0.21001719
0.19330713
0.20073429
0.21207419
0.20284359
0.19091408
0.20220713
0.20227392
0.19794649
0.19676398
0.18797122
0.19263037
0.18887164
0.19245829
0.20729153
0.19954269
0.18307227
0.19688171
0.18977663
0.17769085
0.19327632
0.18965136
0.1873623
0.18296003
0.18179359
0.19507048
0.19595703
0.19453241
0.19633514
0.18995209
0.20150562
0.20531364
0.18968615
0.18050247
0.1921946
0.19954982
0.19544376
0.17947236
0.18858209
0.18340099
0.18914157
0.19920862
0.19132838
0.18982889
0.18807697
0.190747
0.19763075
0.19049302
0.18307106
0.18806559
0.18741493
0.18716049
0.18847752
0.19403014
0.18358436
0.18017134
0.17870425
0.19245906
0.19095862
0.19066773
0.18056801
0.19097291
0.17034884
0.17763998
0.18528841
0.18536948
0.18345438
0.18619719
0.19384247
0.18552844
0.1873843
0.1917245
0.18518364
0.18236987
0.18131159
0.19672911
0.18865812
0.19263737
0.18671764
0.18113719
0.18918628
0.18861662
0.19766237
0.18081687
0.17342794
0.2007049
0.19187005
0.19629318
0.17967813
0.20060407
0.1873448
0.19212472
0.19719851
0.18019377
0.1822048
0.18733755
0.19039191
0.17904925
0.18368022
0.18769078
0.18865468
0.18467665
0.19078152
0.1750043
0.18987684
0.18957339
0.17481191
0.18708622
0.19418839
0.18472797
0.19023798
0.18557878
0.18316786
0.1916098
0.17188299
0.18930483
0.18541828
0.18414186
0.18961205
0.17787638
0.18011376
0.1776894
0.19481477
0.19131926
0.20073129
0.18825626
0.18861859
0.1879719
0.20509423
0.17947976
0.18574104
0.18657866
0.17617372
0.17631826
0.19692375
0.18819861
0.18374215
0.17938912
0.18355164
0.18150777
0.17828546
0.17695096
0.17537394
0.1696907
0.17787634
0.1694827
0.18381779
0.17616622
0.18287423
0.17998198
0.1776494
0.18601845
0.18353654
0.1813481
0.1769896
0.17834924
0.17367281
0.16684723
0.17684199
0.17275825
0.19075659
0.1692869
0.18350482
0.17607509
0.17270717
0.18074383
0.17848092
0.17502646
0.17852738
0.17759217
0.17880993
0.17556453
0.17470539
0.18299852
0.1909501
0.18737946
0.17626649
0.18404683
0.19550297
0.18603408
0.17499979
0.1618615
0.179241
0.18064396
0.17359315
0.16981643
0.16072384
0.17770517
0.17717999
0.16974173
0.19120793
0.17187203
0.18288669
0.17588226
0.1770627
0.17554162
0.17411512
0.18085408
0.18375917
0.18117508
0.17061186
0.18369275
0.17195277
0.18697782
0.1702785
0.17381562
0.16651972
0.16982871
0.1735998
0.17123632
0.16189858
0.16860223
0.24675234
0.16550793
0.16909479
0.18620794
0.17633374
0.1584032
0.17558724
0.17030632
0.17126001
0.16358434
0.16443677
0.1747991
0.17484134
0.17528242
0.1623693
0.17463511
0.16275905
0.16905776
0.17141142
0.17281161
0.16953188
0.16404405
0.16555145
0.16338149
0.1753873
0.18982816
0.17245871
0.1810339
0.16979891
0.16092409
0.17589194
0.16379464
0.1761378
0.17853148
0.1771845
0.17764997
0.17884758
0.16850598
0.16766715
0.17128538
0.17802022
0.17474902
0.1756757
0.17437783
0.16816062
0.17147025
0.16159326
0.16896236
0.18024495
0.17093065
0.18792263
0.17537415
0.1725015
0.18337016
0.17154954
0.1786923
0.18022193
0.17943195
0.1787053
0.16369502
0.1677465
0.17909093
0.17530705
0.17561716
0.17263412
0.17485891
0.1741537
0.18177462
0.17979853
0.16928911
0.1807733
0.18101875
0.17473565
0.17431918
0.17514125
0.16951041
0.17458
0.17787115
0.16976151
0.16071947
0.17145357
0.16998556
0.17673868
0.1708357
0.17394483
0.17200013
0.17845099
0.17144102
0.16833128
0.21363515
0.17262849
0.16553275
0.15970111
0.17265287
0.16927436
0.15601872
0.16768481
0.1672159
0.16002747
0.1607827
0.16064727
0.17378782
0.16927987
0.16337651
0.1736938
0.1701781
0.16448666
0.16185689
0.17442429
0.17375591
0.17255928
0.17605415
0.17159373
0.16673271
0.1628678
0.1647211
0.16495843
0.16706324
0.16042154
0.17371003
0.15566082
0.17620157
0.1724738
0.17646481
0.16169533
0.16905516
0.18303446
0.17129758
0.16249408
0.16057047
0.17367479
0.1715549
0.17205273
0.1647996
0.17606139
0.17457122
0.16934752
0.16053706
0.16276167
0.16748394
0.1959635
0.1724117
0.17098372
0.1795179
0.17390248
0.15853262
0.16373919
0.16328447
0.1750659
0.16972017
0.15669383
0.17173956
0.16866301
0.16348264
0.16409087
0.16162147
0.17149335
0.1683648
0.15895522
0.16724452
0.16067705
0.16061364
0.18686867
0.17078768
0.1717892
0.15554237
0.16485153
0.1744229
0.15804274
0.15651563
0.16376367
0.15963928
0.15539227
0.1491602
0.17837366
0.15693638
0.15772167
0.1646507
0.16703478
0.15585056
0.1571781
0.16361716
0.16490996
0.1573152
0.16208348
0.16091055
0.16706736
0.15665841
0.16550225
0.1632248
0.16387628
0.17003982
0.17330375
0.17567718
0.15888245
0.16241768
0.15558365
0.17322785
0.17305592
0.16821215
0.15800674
0.16347665
0.15707219
0.16569637
0.15574507
0.16695724
0.15564567
0.15523845
0.15989369
0.15643407
0.1612603
0.16138078
0.1568387
0.15614901
0.16211826
0.15166551
0.15518823
0.1555954
0.16357791
0.1561474
0.16090757
0.14363171
0.15065895
0.14876975
0.15101224
0.1597376
0.15708879
0.1618508
0.15194766
0.14817607
0.1463379
0.1552461
0.15823649
0.1654604
0.15974978
0.15227403
0.15865898
0.16834179
0.16250291
0.17456667
0.16450036
0.17284459
0.1610577
0.15867859
0.16136725
0.15768851
0.16315323
0.16335493
0.16639277
0.17898814
0.15462275
0.15083109
0.14358672
0.15440461
0.15469936
0.165423
0.1664124
0.16294518
0.1500828
0.16069451
0.16076167
0.16480665
0.15666136
0.15406616
0.15831482
0.15841918
0.15715231
0.16110688
0.15654428
0.15350617
0.1576673
0.15406142
0.15584938
0.15426753
0.14966239
0.15940337
0.14959142
0.15536074
0.16058832
0.15799049
0.16447161
0.1504244
0.14897059
0.15754737
0.15369327
0.15188843
0.15348671
0.15752581
0.16302714
0.15472452
0.1570022
0.16519637
0.1523682
0.1444755
0.14318854
0.15318193
0.158402
0.17183605
0.16955407
0.14937808
0.16363464
0.15359934
0.16427268
0.1549028
0.16098414
0.15474734
0.15276816
0.14142248
0.16230363
0.16082977
0.159318
0.1612656
0.1577135
0.16454986
0.16555683
0.16426063
0.15814747
0.15583605
0.14827116
0.1640354
0.16590552
0.16606964
0.1474327
0.1683692
0.15248303
0.15334953
0.16289374
0.17506048
0.16185923
0.16034606
0.16240875
0.15193403
0.15882045
0.15657866
0.15987849
0.16132261
0.16243933
0.17979898
0.1449108
0.15607476
0.1730794
0.15088832
0.13805659
0.1594146
0.15855287
0.16004626
0.1580326
0.15398201
0.1537648
0.14585352
0.14706548
0.14889261
0.15123056
0.16234489
0.1558346
0.15792306
0.16515605
0.15299259
0.15593098
0.16739203
0.14833078
0.1589644
0.15486158
0.15594736
0.15040031
0.1481432
0.15148523
0.17313904
0.14734
0.15321104
0.15943706
0.16254096
0.14955564
0.15634798
0.15387815
0.15366638
0.14852476
0.16448203
0.15017256
0.14608663
0.14747341
0.15301721
0.149496
0.15837812
0.14893281
0.15800741
0.14704119
0.15504596
0.16640142
0.15261899
0.1575675
0.1590083
0.1569838
0.16013803
0.1612957
0.16031238
0.15564789
0.15351531
0.14903142
0.15530175
0.15199775
0.1615812
0.1521622
0.165996
0.16247755
0.153298
0.15291537
0.1522537
0.1596831
0.15933043
0.17049439
0.16004
0.14751248
0.1667745
0.15917577
0.14687105
0.16264689
0.15191732
0.14741711
0.16917409
0.15318348
0.15177232
0.15545687
0.16573982
0.1606471
0.15483579
0.15022734
0.16306221
0.1636795
0.15833868
0.16525967
0.16696034
0.17382467
0.16289198
0.15398775
0.15539488
0.17343844
0.14701879
0.16927573
0.14998943
0.16703933
0.16129412
0.15081078
0.16084215
0.15705828
0.15603906
0.15931448
0.15953115
0.16318843
0.16845505
0.1615899
0.16960497
0.16077773
0.16432446
0.157863
0.16228004
0.15683968
0.16568832
0.15677439
0.15427247
0.15779288
0.16850884
0.14790772
0.16114087
0.16175108
0.16012783
0.1524053
0.1556802
0.17120965
0.17801698
0.15449436
0.16849075
0.16379705
0.16944753
0.15134491
0.1651577
0.15320292
0.15933901
0.16566864
0.15412398
0.15807302
0.1642562
0.15753686
0.14872734
0.15587957
0.15607819
0.14850487
0.15264419
0.16023082
0.15260206
0.1657228
0.15516125
0.15531528
0.16015212
0.15028156
0.15393221
0.15212624
0.14586748
0.15315495
0.15965727
0.16119957
0.16315152
0.15247042
0.15244205
0.14489159
0.15796217
0.1516836
0.13627946
0.16278754
0.16174832
0.16454875
0.15683977
0.16889031
0.15502127
0.16250318
0.1527526
0.15865953
0.15037839
0.15897761
0.15340002
0.15252231
0.155668
0.15217027
0.14646176
0.15385933
0.155178
0.15449828
0.16850762
0.1528675
0.15747929
0.15539108
0.15991299
0.15439287
0.15100344
0.15380019
0.1493551
0.15087862
0.16154155
0.14196916
0.15424478
0.15265545
0.1520857
0.16253534
0.15808482
0.15427813
0.15772595
0.1556736
0.14624108
0.1483888
0.14595638
0.15675668
0.15024965
0.15248956
0.15107282
0.151985
0.13809195
0.14468043
0.15348181
0.15507784
0.15530927
0.15010124
0.15464467
0.13978559
0.15500742
0.14576015
0.15736842
0.14804766
0.14663617
0.14921255
0.14915927
0.17693362
0.15725538
0.15439357
0.13982235
0.15495133
0.1576717
0.1577388
0.15282643
0.16317925
0.14920071
0.14946526
0.15496412
0.15394607
0.15781009
0.15155707
0.1575079
0.16122334
0.15941387
0.16246587
0.16648933
0.16884056
0.15665907
0.16033047
0.1636102
0.1553144
0.15511091
0.15945968
0.15057644
0.17341433
0.16326001
0.14513646
0.1621303
0.15973786
0.15322168
0.15878344
0.16469873
0.16593535
0.17179705
0.17115396
0.16002254
0.21047677
0.16835941
0.16228074
0.15121076
0.14190008
0.15708171
0.14674194
0.16722468
0.15945663
0.16158365
0.16932732
0.15933932
0.16511823
0.14937675
0.16415729
0.17189775
0.16519608
0.14735802
0.15692128
0.16416496
0.16014647
0.15150069
0.14585555
0.15081608
0.15723966
0.15893936
0.14743088
0.16272126
0.16241303
0.15789382
0.16239235
0.15091504
0.17431805
0.15891454
0.16413145
0.15093036
0.14940125
0.15218815
0.1561632
0.15183908
0.17106317
0.1597181
0.15472081
0.15525609
0.16895622
0.15439785
0.16402733
0.15165944
0.14644206
0.15481997
0.15832993
0.1680177
0.16007042
0.15721937
0.15836914
0.14799015
0.15292418
0.1578399
0.15659584
0.14600424
0.14983575
0.15318428
0.15017664
0.15415633
0.1469137
0.15139616
0.14675969
0.15059242
0.15635319
0.1536992
0.15224494
0.14409454
0.14898601
0.16187063
0.15430388
0.15164493
0.15355165
0.15494153
0.15588208
0.1515695
0.1491106
0.1509723
0.15238284
0.14632869
0.14458191
0.14471407
0.15246417
0.16400288
0.15463863
0.14446165
0.15033047
0.14889067
0.15223333
0.14399141
0.1417902
0.1469588
0.15132034
0.14715107
0.17223403
0.14534432
0.15661357
0.14578025
0.15690243
0.16544944
0.16144265
0.14487237
0.14507829
0.15446779
0.1454246
0.15525992
0.15832591
0.15548828
0.14224218
0.15512677
0.14051773
0.15578118
0.15238747
0.14766139
0.15609375
0.15057635
0.15720798
0.1455988
0.15260789
0.15113945
0.15003723
0.14935558
0.13713044
0.14255543
0.14778498
0.1363276
0.14096257
0.1476727
0.1405565
0.13968721
0.14661841
0.15271695
0.15371206
0.13345368
0.13904898
0.14088012
0.16095729
0.15650168
0.15078656
0.13753177
0.14501624
0.14791621
0.1414855
0.13558681
0.14497478
0.14249288
0.13497865
0.14498968
0.1463924
0.13346052
0.14127028
0.1378564
0.13865463
0.14984457
0.13872509
0.14857642
0.13255957
0.14374168
0.150576
0.16249153
0.1417936
0.15201311
0.1344094
0.13824582
0.149475
0.14065182
0.1447136
0.14190926
0.15099956
0.14933455
0.14196663
0.14829463
0.13166203
0.14194272
0.1557468
0.15092506
0.15046628
0.14788395
0.13777293
0.13948084
0.13643806
0.14634389
0.1370185
0.14543138
0.13583973
0.13829353
0.15027478
0.14754443
0.14532493
0.1406181
0.13664573
0.14265293
0.13756363
0.13671249
0.13038588
0.13897738
0.14307721
0.13288306
0.1376367
0.1337659
0.14495897
0.12809739
0.13349919
0.14715485
0.1376397
0.1362952
0.13055627
0.14229335
0.13961564
0.13300921
0.13276745
0.13492699
0.14819974
0.13500057
0.14088124
0.14062735
0.13395812
0.14663477
0.14510976
0.14433795
0.13346002
0.12751587
0.14941053
0.12860465
0.1531687
0.13513802
0.13930374
0.15303065
0.14549373
0.12750983
0.14599966
0.14541961
0.1474369
0.13549581
0.1314843
0.14155112
0.13867201
0.14415847
0.13802412
0.14535283
0.1411415
0.13542417
0.14095621
0.13615313
0.13108596
0.15010144
0.13770086
0.13795535
0.13720281
0.145815
0.12141016
0.1462892
0.135475
0.14001654
0.14022067
0.13374802
0.1292925
0.14629713
0.14177512
0.14326155
0.13482958
0.1347036
0.13650182
0.13798957
0.1446439
0.13067399
0.14852893
0.13915148
0.12930632
0.15921012
0.14015646
0.1431565
0.14288451
0.13613845
0.13988861
0.13990411
0.13425674
0.13043667
0.13633905
0.16393298
0.124382205
0.14118797
0.13526614
0.13996406
0.13735601
0.1385446
0.13685371
0.13355903
0.14233293
0.1542941
0.15418954
0.13941054
0.14520648
0.14290299
0.1367805
0.14096764
0.1427381
0.14470325
0.13476034
0.13443114
0.13769996
0.13763656
0.15605089
0.1388962
0.13687614
0.15638071
0.14517447
0.13487107
0.15069793
0.1410028
0.15105909
0.1460621
0.14610676
0.1393152
0.14751962
0.14304768
0.14041105
0.1378038
0.1341931
0.13220611
0.13185011
0.13653772
0.1263476
0.14056599
0.14379016
0.14346917
0.13357206
0.13500081
0.14339568
0.13969463
0.13649732
0.15447773
0.14464143
0.15158881
0.14029086
0.15310441
0.13909155
0.15017915
0.14703476
0.15002808
0.1375402
0.14815998
0.14109792
0.14471655
0.1464685
0.14094985
0.14145206
0.14954856
0.15190804
0.15310885
0.13548934
0.14915283
0.14990452
0.15019801
0.13798335
0.14788048
0.14736591
0.14777915
0.13572264
0.14167096
0.13524096
0.14273995
0.13988586
0.14868167
0.1366765
0.1519647
0.15036495
0.13780698
0.14240506
0.1417636
0.13574445
0.14265887
0.13873443
0.14334817
0.14634788
0.14448495
0.15082744
0.14718854
0.1459203
0.13937712
0.14417829
0.14835213
0.14288801
0.15931134
0.14359316
0.15337215
0.1485356
0.15393856
0.13822822
0.14620025
0.16461787
0.14712586
0.14701
0.14788494
0.1448878
0.14220247
0.14628178
0.13506836
0.13184528
0.13339087
0.13160081
0.14447206
0.14032988
0.13850808
0.13342427
0.13889639
0.14058097
0.13899603
0.15516655
0.14043124
0.14079298
0.14293437
0.1518067
0.13670844
0.13732652
0.15541276
0.1453897
0.15207481
0.14857365
0.13608709
0.14139032
0.14241995
0.13768384
0.14562078
0.1347691
0.14746961
0.13157462
0.15049441
0.14116842
0.14514399
0.15014338
0.13636772
0.13887708
0.12542078
0.14827484
0.13182198
0.14017291
0.14126244
0.14273189
0.14710708
0.13974622
0.13977793
0.12572776
0.13275923
0.14596611
0.14186929
0.13427323
0.12230438
0.13826136
0.13255262
0.13209482
0.13846105
0.13764113
0.12602772
0.13013823
0.1498532
0.13704084
0.14656526
0.13515373
0.14665602
0.13018703
0.14360467
0.1408175
0.13329764
0.13735402
0.1491851
0.14841914
0.1407237
0.1384121
0.16447337
0.13225962
0.14681822
0.13782118
0.13707566
0.1332377
0.13844745
0.13820739
0.1437239
0.12877396
0.13870566
0.12496217
0.13063523
0.14591943
0.13285519
0.13337485
0.14049783
0.14044112
0.14523251
0.14566608
0.1445824
0.14110622
0.13296156
0.12671845
0.14305842
0.14472677
0.14608303
0.14857723
0.13019538
0.15605052
0.15204959
0.151605
0.14903745
0.12985355
0.1541084
0.15051742
0.16265571
0.15841945
0.13574483
0.1510848
0.15568374
0.15233989
0.14235575
0.14389236
0.13991454
0.13866964
0.1411879
0.12970154
0.13381006
0.14103088
0.1451006
0.14253151
0.13586038
0.12984768
0.14877392
0.13756251
0.14694019
0.15270655
0.13621776
0.14720845
0.14639316
0.1347011
0.1340671
0.1520253
0.13535099
0.14289553
0.15693317
0.14267433
0.13589115
0.13302754
0.14234823
0.13641146
0.1299367
0.12990683
0.14189927
0.13492382
0.12954172
0.1513944
0.13288595
0.13766111
0.1366817
0.13862403
0.15263057
0.14321576
0.15063225
0.15818632
0.14761068
0.15612328
0.15058854
0.15020199
0.13734712
0.14262898
0.14831442
0.14088543
0.15102042
0.14581469
0.1489489
0.14883138
0.13844448
0.14366025
0.13527663
0.15148988
0.13188356
0.13037257
0.14308056
0.15031327
0.12889169
0.14752252
0.13758403
0.13873789
0.14690037
0.14608549
0.13318917
0.14312567
0.14078982
0.15115148
0.1468761
0.14329027
0.13420871
0.14380716
0.14287424
0.13556631
0.13432197
0.14195792
0.14960873
0.14791948
0.15322044
0.1422395
0.15945792
0.14113139
0.14577046
0.14682734
0.12830633
0.13977394
0.13289331
0.14501719
0.15307659
0.15392268
0.14547424
0.1396339
0.14644435
0.13981386
0.14279099
0.14074045
0.13816506
0.12919939
0.13118294
0.14453308
0.13951944
0.13067403
0.15021512
0.14181802
0.14491028
0.1532975
0.13373367
0.14284454
0.14451563
0.14247632
0.1460952
0.15642813
0.13736229
0.14211507
0.1489271
0.15733723
0.14105323
0.12948282
0.1397555
0.15122595
0.14643908
0.14113362
0.14995389
0.14636551
0.14933401
0.15152417
0.14754345
0.17476712
0.13245288
0.14389825
0.1576243
0.14780763
0.13705856
0.14287303
0.15036169
0.142757
0.13549027
0.14507937
0.13556828
0.14961953
0.14132448
0.1508117
0.14860727
0.14463079
0.14642236
0.14293756
0.15632558
0.14337137
0.14200138
0.15500829
0.14587356
0.1522976
0.1436495
0.1484344
0.15426631
0.14800526
0.14072695
0.14153676
0.15471922
0.15181997
0.13744342
0.15080488
0.13010268
0.1353335
0.14951886
0.15126891
0.14351416
0.14475898
0.14486755
0.1443625
0.14049749
0.14688309
0.15031137
0.14201805
0.15286031
0.15386851
0.14950366
0.15295678
0.15885612
0.14390321
0.15522867
0.15813273
0.14933039
0.14507966
0.1571968
0.16634881
0.14744431
0.15532506
0.15372106
0.15709825
0.17987762
0.15555578
0.18325898
0.14182404
0.15894954
0.15184434
0.15792778
0.14347878
0.14844222
0.14905085
0.1605782
0.1470792
0.14440094
0.14842801
0.1427814
0.1501047
0.16925862
0.15006597
0.14836048
0.1580309
0.14957073
0.13692191
0.14272031
0.16683172
0.14469706
0.13002685
0.15546857
0.13709225
0.15203355
0.14480387
0.15088187
0.13352166
0.15409939
0.1508533
0.14413543
0.14331819
0.15068497
0.14093295
0.14594156
0.15137875
0.15215449
0.16384926
0.14338523
0.1558972
0.14373976
0.14833671
0.15226223
0.15083286
0.15615445
0.15476735
0.14278492
0.15277186
0.14888872
0.14820145
0.15786746
0.14534315
0.14206384
0.14680664
0.14662956
0.16320324
0.13465376
0.14101301
0.1484042
0.14830092
0.14529753
0.16255338
0.14872098
0.13504371
0.14885128
0.14368042
0.15293284
0.1557805
0.13951299
0.15307555
0.1533961
0.15530086
0.14471701
0.13133936
0.15014663
0.15971313
0.15975137
0.19272567
0.16299398
0.15023157
0.15151353
0.14868444
0.15241468
0.13761693
0.14296375
0.15947944
0.14628807
0.14224304
0.15001139
0.14575583
0.13683489
0.14048196
0.1549686
0.12623139
0.16414942
0.14243942
0.15509944
0.14839463
0.16260575
0.16416955
0.15609251
0.15436973
0.15035714
0.15451363
0.15761842
0.1573444
0.15287176
0.14849244
0.14947677
0.1573364
0.14761747
0.14408962
0.14911854
0.1592311
0.15830635
0.15482914
0.14005181
0.14805079
0.14746913
0.17772394
0.16655436
0.1530705
0.1550964
0.16104405
0.16530159
0.16617566
0.14804767
0.17253575
0.15437663
0.15022862
0.15722735
0.16076538
0.1728513
0.15915357
0.15851054
0.15772545
0.15494265
0.14815941
0.13842979
0.1526921
0.14294292
0.15068288
0.15451622
0.14593944
0.15295264
0.15546417
0.14762668
0.1674222
0.14719203
0.15587837
0.15384553
0.14596903
0.15721901
0.14315109
0.14889254
0.15770325
0.16863899
0.14516306
0.15022486
0.14855455
0.13949214
0.1496613
0.15661785
0.14295231
0.1547541
0.15091377
0.1671967
0.13913688
0.15521039
0.14494853
0.15644093
0.14002086
0.15093999
0.14358415
0.13082762
0.16025452
0.14676659
0.12958041
0.14898774
0.14781898
0.14787614
0.1548755
0.17393845
0.14972658
0.14879006
0.15592015
0.16183576
0.14740281
0.16142026
0.14028487
0.17249632
0.14019552
0.15647532
0.16447209
0.15396881
0.14635971
0.14534612
0.15257493
0.14051677
0.14979924
0.14017393
0.1599196
0.15410218
0.14127132
0.1518355
0.1477092
0.16000248
0.18116286
0.14701928
0.14586057
0.15407242
0.16458164
0.14080279
0.14530627
0.14513163
0.15341282
0.14254749
0.16653597
0.1614601
0.1488971
0.16737463
0.14409274
0.1399396
0.1541902
0.14264393
0.14787908
0.14703318
0.14018337
0.1367565
0.15713853
0.15565418
0.14827591
0.16524078
0.1700985
0.14849448
0.1491997
0.15719756
0.13695657
0.15065515
0.15168835
0.14692834
0.14202869
0.15045536
0.16790695
0.163561
0.15008484
0.14501701
0.1602652
0.1686387
0.15140149
0.160731
0.15758954
0.14559013
0.16445859
0.14343028
0.14042115
0.13769905
0.13859195
0.1479651
0.15668024
0.14740363
0.15815276
0.14994393
0.14580151
0.14656498
0.1421756
0.1525453
0.13407102
0.13625726
0.14596714
0.1449345
0.1388125
0.133401
0.13714485
0.16387613
0.14150372
0.15119311
0.1331066
0.14222959
0.15646487
0.15113497
0.14095333
0.14186172
0.14693141
0.14282712
0.14353728
0.14127763
0.13597071
0.14317265
0.15475054
0.13935842
0.13463846
0.14304696
0.15887539
0.1553086
0.16184834
0.15993647
0.14209239
0.14752623
0.14437784
0.16189069
0.14629436
0.16390604
0.15077417
0.12900877
0.14644733
0.1556925
0.14980076
0.15867263
0.1409658
0.1599213
0.16608915
0.16294044
0.16059247
0.1498783
0.1506125
0.16945651
0.15174057
0.14791766
0.14302169
0.16356644
0.15472248
0.16626786
0.14825471
0.15703923
0.1489549
0.16179946
0.14954227
0.14261188
0.14138186
0.15092301
0.14752685
0.15271895
0.1420382
0.14336391
0.15222733
0.14894892
0.14845417
0.13876723
0.15203145
0.1441453
0.13539684
0.14590569
0.16718826
0.15307854
0.14919168
0.15720598
0.16315952
0.15034264
0.1579415
0.15596718
0.1450889
0.15495859
0.166728
0.15293118
0.15739843
0.14138658
0.15459709
0.15880786
0.15159509
0.17435789
0.18013193
0.17062642
0.15926194
0.16220346
0.17849
0.15780434
0.14713146
0.16812293
0.16827334
0.16785921
0.16953756
0.15667614
0.16203256
0.1720147
0.17635661
0.1526285
0.15694724
0.19598617
0.16612996
0.17375505
0.18080772
0.16829841
0.16943115
0.15090513
0.16323277
0.16245879
0.16488762
0.16777663
0.15469733
0.17438412
0.16495696
0.14946349
0.16698046
0.14178647
0.16733201
0.16338217
0.15818423
0.16498177
0.15470228
0.14657114
0.16333763
0.16897956
0.15197515
0.15451765
0.1702093
0.15502469
0.16202939
0.19086729
0.14278868
0.16760674
0.14250489
0.16045606
0.14156893
0.16208266
0.16672073
0.15228353
0.15877394
0.15890676
0.15188843
0.14260885
0.1600576
0.1573924
0.17528075
0.15837933
0.14199126
0.14517188
0.14054886
0.16174458
0.17001435
0.17030731
0.1468238
0.15783747
0.15852502
0.17767198
0.16620348
0.1645952
0.15791981
0.16308834
0.17293417
0.17538132
0.15526994
0.1738631
0.1690408
0.16985346
0.16352762
0.17508641
0.1632498
0.16521747
0.17352434
0.16348785
0.16594929
0.16559674
0.16030438
0.1659002
0.16230376
0.1663827
0.15687764
0.17903496
0.17670909
0.15949322
0.18207309
0.16992185
0.18145819
0.175938
0.17690855
0.16906905
0.20369999
0.16446686
0.1716831
0.2384488
0.16445094
0.16399045
0.163209
0.17739065
0.20078334
0.17714927
0.17783958
0.17195728
0.15701388
0.16987054
0.1741052
0.16533698
0.15985264
0.16232996
0.16113819
0.16699696
0.16672494
0.16633041
0.18339969
0.17296323
0.17979366
0.16330004
0.17616308
0.18623042
0.17508386
0.19195484
0.16043589
0.16198963
0.16616336
0.18492581
0.17585118
0.19564813
0.1750684
0.17604838
0.17481725
0.16494855
0.1768148
0.17649767
0.18101077
0.1935263
0.16216646
0.18601981
0.17557178
0.1625354
0.18261689
0.19887096
0.16554858
0.19584969
0.1867319
0.19444036
0.17975353
0.17834108
0.1716397
0.1590357
0.18165733
0.18068159
0.17684628
0.17491229
0.20603411
0.19094867
0.18349907
0.1715081
0.17725624
0.18114394
0.16947687
0.17380431
0.15297912
0.1643131
0.16767195
0.16964827
0.16641796
0.16285467
0.15708491
0.16559863
0.16421422
0.17839658
0.16159788
0.18157472
0.17503542
0.1798376
0.16810767
0.18459497
0.15574987
0.16647623
0.17059508
0.17602594
0.15542871
0.17396629
0.18465203
0.16745119
0.16766624
0.16101056
0.16667217
0.1754259
0.15876433
0.16719325
0.15111852
0.1547142
0.17226976
0.16356
0.16073619
0.17013346
0.1585878
0.16441892
0.1884643
0.17443706
0.16461895
0.17321496
0.15850012
0.17321484
0.16810222
0.16901615
0.17755178
0.16908498
0.17530313
0.16419879
0.1818196
0.15944755
0.16973892
0.16057311
0.1692334
0.16021761
0.1525239
0.14933546
0.18062322
0.16909643
0.18371165
0.17514269
0.174588
0.178694
0.18629389
0.16827814
0.1749589
0.1515051
0.15258414
0.17262512
0.16636562
0.16512862
0.1857351
0.18038246
0.16375029
0.1558025
0.14748937
0.16851342
0.16347128
0.1724595
0.15806769
0.18502992
0.17092007
0.16951469
0.17014526
0.16911703
0.19164564
0.17408733
0.19340323
0.16507325
0.16383424
0.15687527
0.16867454
0.16897559
0.15940194
0.1615243
0.15898082
0.18537085
0.17425929
0.18012005
0.17634942
0.16427676
0.15648629
0.1733567
0.17228098
0.18372162
0.16650894
0.1581853
0.16678554
0.17770953
0.17128314
0.18769749
0.16097878
0.17023996
0.16982718
0.18220042
0.17927298
0.18080321
0.17147306
0.18069568
0.17015012
0.1712687
0.15140666
0.19241881
0.18198454
0.17306985
0.17914385
0.17777598
0.1819468
0.17057362
0.17350912
0.1998866
0.18238164
0.17047885
0.17130634
0.18705384
0.1911284
0.16544755
0.15776108
0.1891083
0.1958429
0.1698141
0.17412595
0.16018331
0.17581156
0.18619642
0.18531123
0.18466331
0.17688453
0.21045879
0.18418452
0.18750204
0.17644478
0.16737789
0.17405804
0.16550483
0.17432785
0.17403772
0.16087906
0.17121732
0.16082823
0.17190601
0.17576325
0.18465665
0.17891987
0.17549463
0.16468541
0.17461166
0.16880283
0.1640578
0.19638954
0.18101828
0.1735207
0.18521905
0.17062072
0.18177137
0.17572737
0.19410059
0.1722806
0.16457796
0.1711358
0.18295726
0.178319
0.18259251
0.17537434
0.15968105
0.16690956
0.17714825
0.19587287
0.20007034
0.18726581
0.17848843
0.16501021
0.15808949
0.177654
0.180742
0.1820947
0.18299688
0.15290095
0.17637359
0.1997842
0.17218506
0.1507018
0.16469888
0.17446451
0.17253804
0.16976377
0.17170258
0.1693952
0.1842411
0.17303976
0.18332738
0.17460285
0.17556424
0.17529649
0.17899054
0.17826515
0.18343401
0.18482107
0.17482959
0.19101922
0.18688817
0.1673754
0.1859925
0.17649329
0.17874639
0.18952279
0.17249009
0.16844983
0.17482981
0.15401956
0.16898187
0.15937173
0.180283
0.17445195
0.17499983
0.17731835
0.18408771
0.17916249
0.16015658
0.19004735
0.17434612
0.17222755
0.16416596
0.16534264
0.18523635
0.1777659
0.17317495
0.16806002
0.18555333
0.1865744
0.16561723
0.17879981
0.15197504
0.18361625
0.17247242
0.1679793
0.16685879
0.16832411
0.18250544
0.18480068
0.17739402
0.16177616
0.18345137
0.20107888
0.18168384
0.17160876
0.1721403
0.17648895
0.1952378
0.16554408
0.17122741
0.17890406
0.16298681
0.17248058
0.17382832
0.18140163
0.18923607
0.182153
0.17582875
0.18622804
0.19874696
0.17798692
0.16788656
0.18028569
0.18275346
0.18176048
0.16603193
0.1675438
0.18740842
0.20738597
0.17735739
0.19942036
0.1652817
0.16530389
0.17926134
0.16899575
0.16447264
0.1964841
0.18151541
0.18891269
0.17087644
0.1627106
0.18774828
0.16362166
0.16474201
0.17946057
0.17280084
0.16526178
0.15060385
0.15743802
0.1686946
0.16445024
0.15943505
0.16130458
0.16036679
0.17643404
0.17984597
0.15972704
0.15303811
0.14735717
0.16195971
0.16603453
0.16514115
0.14981343
0.17875227
0.1611715
0.19241478
0.14786384
0.15359117
0.16955993
0.18116501
0.16713654
0.18625896
0.16722211
0.1708971
0.16262573
0.16396609
0.1610555
0.18670708
0.15760657
0.17200273
0.16379587
0.176837
0.19334187
0.17181605
0.16489026
0.17431413
0.1759965
0.16726153
0.1778029
0.15623233
0.1576591
0.15650465
0.17501162
0.1674807
0.18081729
0.18188284
0.17185839
0.17203166
0.17189844
0.1756173
0.19772619
0.17482626
0.18389955
0.20003173
0.15974511
0.18491869
0.1689903
0.18804641
0.17190747
0.15681961
0.16911636
0.17650229
0.18055208
0.1784311
0.17229238
0.18306974
0.18060996
0.17308481
0.17024954
0.18062514
0.17075877
0.18129103
0.17603613
0.18069085
0.19421545
0.17486443
0.19478254
0.15962279
0.1746061
0.17363442
0.18399528
0.17779982
0.17778072
0.18392257
0.17568596
0.1807471
0.1948233
0.19457288
0.16449013
0.18452764
0.17020018
0.17050722
0.18170668
0.18485491
0.16720296
0.18548895
0.19449143
0.19491935
0.1994777
0.19162841
0.1889675
0.17901696
0.18281506
0.19892472
0.2102102
0.19046518
0.20619576
0.19239204
0.16389547
0.18607572
0.20496525
0.17939854
0.17955104
0.18459043
0.17060898
0.18512015
0.17010596
0.17768088
0.174242
0.17409894
0.1769532
0.17646128
0.20528515
0.15954916
0.15649182
0.18517952
0.18931119
0.1882159
0.17989014
0.19348104
0.18166126
0.1919487
0.18218723
0.19125074
0.1886023
0.20726445
0.18907891
0.19955203
0.18226874
0.19011723
0.1952652
0.17859688
0.1694151
0.17058066
0.18474749
0.1882282
0.18731579
0.1895828
0.18172555
0.17972293
0.18425167
0.18622252
0.21593103
0.19221635
0.19303694
0.18213186
0.19014479
0.20107208
0.1908427
0.15959445
0.177868
0.21162604
0.18743508
0.18069348
0.17931865
0.18527415
0.19232336
0.17738897
0.17199239
0.1879075
0.1987302
0.20518787
0.20699929
0.18366957
0.17923841
0.19460915
0.19383971
0.18620667
0.19895875
0.20055136
0.19648688
0.20917507
0.1960619
0.18665457
0.17628457
0.20715907
0.19822614
0.18038562
0.18772456
0.19975524
0.20187129
0.20228139
0.20309357
0.19696309
0.17835127
0.19727674
0.18860805
0.18741621
0.19073816
0.17618375
0.19751658
0.17867759
0.18517374
0.18124317
0.18457738
0.19210744
0.1821306
0.17337154
0.21380872
0.20876388
0.18207915
0.21246631
0.17136188
0.18140069
0.19951719
0.18682298
0.19797197
0.1797655
0.18451609
0.18681721
0.1674494
0.1858754
0.17246984
0.17585863
0.19802196
0.18546134
0.17112584
0.18268321
0.19191429
0.20952293
0.1889582
0.18871184
0.18756826
0.18792382
0.19896619
0.21282727
0.15902643
0.202251
0.19374254
0.18204348
0.16299084
0.18358907
0.17635654
0.16363996
0.17522852
0.16816022
0.16926746
0.17847793
0.18520452
0.19589084
0.18435448
0.17140865
0.17709485
0.19580615
0.17227252
0.1743637
0.1939057
0.19447774
0.18627785
0.18205468
0.17166972
0.17976731
0.17247805
0.20043974
0.17865567
0.17812078
0.17611969
0.17244492
0.1869016
0.1755017
0.19336686
0.19399858
0.20578533
0.17283875
0.19106422
0.17721097
0.17124513
0.19921517
0.20911974
0.18325347
0.18471049
0.16426352
0.17436226
0.17937855
0.1786081
0.18369563
0.18398201
0.19920099
0.18585496
0.17874776
0.22540458
0.17946573
0.20236
0.16811317
0.20181724
0.19022031
0.20519918
0.18370785
0.26971105
0.18802807
0.1789422
0.1823605
0.19295403
0.16672643
0.18976115
0.18783663
0.17255725
0.17121403
0.18382129
0.17328711
0.19182591
0.18141788
0.1968776
0.20116779
0.20112754
0.1974403
0.21558172
0.20204265
0.20666362
0.19336294
0.17205097
0.18672901
0.18200295
0.17105408
0.19542255
0.18556722
0.1856776
0.18308951
0.1950062
0.16560137
0.19106548
0.16802594
0.18103737
0.23005615
0.19599766
0.17666943
0.1886512
0.1754889
0.20146246
0.18506853
0.19740969
0.18274257
0.18803827
0.18201564
0.18684036
0.18410192
0.17374226
0.2000092
0.19414373
0.20151152
0.1969771
0.1916898
0.19046748
0.19063091
0.19588913
0.19423583
0.1911435
0.19720526
0.21116783
0.18221998
0.18031757
0.1928315
0.17548193
0.17942443
0.19454665
0.19711907
0.18852891
0.20093471
0.17417467
0.16854951
0.20537864
0.19388027
0.19996455
0.19479728
0.18269216
0.19819055
0.18105905
0.18212584
0.17624253
0.20554996
0.19984503
0.20356715
0.18330652
0.19458593
0.1706883
0.18757159
0.1727304
0.20025523
0.17037895
0.18497083
0.19403252
0.20697501
0.18206744
0.17413746
0.17922638
0.1956575
0.17566301
0.18782592
0.18588957
0.18347935
0.2012777
0.18447658
0.1856663
0.19477837
0.17931336
0.18122883
0.22471605
0.17210217
0.17062788
0.17735785
0.1929334
0.18835157
0.19081397
0.19678257
0.17056134
0.18391898
0.20036115
0.18840933
0.17990519
0.19097613
0.20412727
0.18479055
0.1819377
0.17249823
0.19451226
0.19324894
0.1870879
0.19863454
0.18173717
0.18680404
0.18642102
0.2089206
0.19740866
0.18009731
0.1782852
0.18948823
0.19913553
0.20798817
0.19754122
0.2200727
0.19731514
0.17446943
0.1917178
0.20329955
0.22383067
0.19591929
0.18172781
0.18434888
0.19932021
0.18121408
0.19493847
0.19022039
0.21342802
0.21446168
0.18059456
0.17206375
0.18892427
0.19552042
0.21688192
0.20278756
0.17786951
0.192874
0.18206692
0.18473001
0.18927678
0.18923537
0.18185732
0.19853324
0.21765207
0.20884442
0.18438408
0.17920436
0.1767509
0.17151378
0.17221235
0.17711198
0.2002352
0.19553156
0.18547814
0.18816468
0.18354909
0.19261056
0.19514096
0.1885314
0.19562286
0.19615634
0.18897386
0.21027933
0.23278584
0.21593364
0.19809335
0.2049847
0.19155276
0.18928047
0.19713567
0.21819088
0.20542149
0.19191565
0.19028306
0.20828527
0.20101272
0.19366984
0.23049419
0.19284658
0.18965428
0.19407335
0.21075737
0.1986613
0.20034486
0.18672386
0.18768643
0.20722945
0.20791838
0.18216643
0.18314338
0.19045694
0.19552721
0.21391548
0.18488371
0.18380415
0.1765995
0.18058744
0.19579351
0.18901382
0.21456276
0.21044461
0.1979628
0.1888298
0.18940833
0.19676222
0.20943773
0.18503937
0.19425291
0.22386537
0.19929798
0.19221483
0.1968955
0.20503451
0.19102408
0.21754017
0.19907142
0.23661052
0.21474047
0.18646395
0.19463894
0.20356636
0.18700524
0.20683749
0.19620246
0.19802399
0.18638816
0.19121075
0.21253014
0.2059049
0.19360603
0.194352
0.20724125
0.20746395
0.21342649
0.21443753
0.2244216
0.20741783
0.19044083
0.19162795
0.18952586
0.2144823
0.19935882
0.21063788
0.19890158
0.19035517
0.20668253
0.2212646
0.1960753
0.19471283
0.20186208
0.21664077
0.1939
0.20815907
0.20445263
0.21586366
0.21981235
0.21180718
0.19413994
0.20519136
0.22074993
0.1996929
0.19657855
0.19747661
0.22110829
0.23044638
0.1966542
0.20736057
0.21503174
0.21426278
0.23639096
0.20306338
0.1991862
0.2036776
0.20689255
0.1979642
0.22786151
0.19891378
0.1932033
0.21078649
0.19568759
0.19342475
0.19990663
0.21515454
0.2040113
0.20351903
0.19335175
0.18781303
0.19002259
0.20209236
0.19780633
0.2002904
0.20444177
0.21457498
0.20539564
0.19790864
0.19497053
0.18962412
0.18753137
0.18668735
0.18436973
0.19209434
0.20773302
0.19174716
0.18554355
0.18483534
0.19550486
0.21830109
0.20751552
0.20480607
0.198298
0.20372556
0.21574411
0.19106291
0.18229236
0.18248545
0.1869777
0.19265938
0.2065378
0.19437222
0.18873231
0.1957413
0.20866585
0.1948592
0.21134208
0.19216526
0.18470438
0.18298753
0.1906225
0.18615867
0.1766221
0.17250016
0.18503316
0.21322076
0.2059623
0.21871606
0.20015639
0.19428663
0.2019419
0.20386852
0.20693383
0.20152555
0.19644354
0.19053596
0.19734924
0.21884651
0.20666969
0.20046969
0.19481342
0.19353987
0.19592914
0.20138806
0.22814192
0.2713762
0.21641098
0.19861566
0.21808653
0.20711865
0.22482893
0.2114362
0.20604183
0.19846734
0.19655102
0.19164492
0.20276481
0.2220881
0.21037303
0.20910344
0.21830666
0.21756719
0.22517069
0.22965981
0.21478763
0.21388054
0.21443644
0.22486643
0.20301913
0.21251903
0.25344896
0.21026638
0.1944337
0.20650901
0.22105189
0.21292965
0.21414678
0.24418125
0.2126612
0.210541
0.23789892
0.21991906
0.21736644
0.23976089
0.23753563
0.24119717
0.22420363
0.23116836
0.23153585
0.23485708
0.22039507
0.22846636
0.22352523
0.2455783
0.2413272
0.22686791
0.22927746
0.2320246
0.23592885
0.23755257
0.27323365
0.22937484
0.2776378
0.23796287
0.23592365
0.23570001
0.25996858
0.22013153
0.23401266
0.2267392
0.2245027
0.23010762
0.21956085
0.21783663
0.22495922
0.2236009
0.22980459
0.22524345
0.22879024
0.22289468
0.24231046
0.20981386
0.20089775
0.20879439
0.20737442
0.19960651
0.19559814
0.19882727
0.20424818
0.21396695
0.22440623
0.2217554
0.23192425
0.24335384
0.21393259
0.18526384
0.18023859
0.18130675
0.18801574
0.20317554
0.23777488
0.22143382
0.20106928
0.19505787
0.186561
0.18815878
0.1884051
0.188451
0.20753606
0.23872918
0.25762597
0.22033028
0.19453834
0.19052453
0.18008612
0.19409968
0.19642325
0.19484636
0.1891201
0.18588217
0.193571
0.20083956
0.20405719
0.20505226
0.20291169
0.21867302
0.23615162
0.22341894
0.20938455
0.21509366
0.20581615
0.21580635
0.21467292
0.21526901
0.21344666
0.20128582
0.20362839
0.19865577
0.20425867
0.19870424
0.19160509
0.19395542
0.18988328
0.20177281
0.19492751
0.20079398
0.19201559
0.20120272
0.21912079
0.25375846
0.22034998
0.1990813
0.1868157
0.19585891
0.20636907
0.20500726
0.20698631
0.19971162
0.2012464
0.19784261
0.19944018
0.20272866
0.20203735
0.2140329
0.20196567
0.19708787
0.18640962
0.19930434
0.20243402
0.19599679
0.19710137
0.19428757
0.19591112
0.18762197
0.18584712
0.18267903
0.18055223
0.18246605
0.19018485
0.20276229
0.2024167
0.20307672
0.19380523
0.20549448
0.20233594
0.20940661
0.20834789
0.20976269
0.20229754
0.19245721
0.1878305
0.19147219
0.19299373
0.21066488
0.20846035
0.2139493
0.19496202
0.19834591
0.19485511
0.21508919
0.21794763
0.22496027
0.21277225
0.20636652
0.20563671
0.20338477
0.2056363
0.21229328
0.21226817
0.22636636
0.22432236
0.2268019
0.22572409
0.21566436
0.2160853
0.20719492
0.1976713
0.18999572
0.18344842
0.18898371
0.19227014
0.19034283
0.18538415
0.187897
0.194255
0.20637338
0.21057631
0.20741168
0.20804913
0.20135115
0.20562345
0.19606945
0.19714642
0.20853856
0.2191088
0.22333482
0.20827104
0.20649555
0.19215983
0.19361928
0.17557935
0.18537101
0.17981121
0.19209008
0.18421778
0.18694647
0.19344905
0.19854829
0.20491356
0.19719087
0.21073987
0.20277426
0.207065
0.18984446
0.19227624
0.19209269
0.19676213
0.19519217
0.19215104
0.19315925
0.19991542
0.19920601
0.18056858
0.17976576
0.18625328
0.20346527
0.19892812
0.18600245
0.17834245
0.18578038
0.20578386
0.21545774
0.21136113
0.19115916
0.19036129
0.18602678
0.19512288
0.19382957
0.19832753
0.19704202
0.20169684
0.19979516
0.19849673
0.18749596
0.18863589
0.20069943
0.20790833
0.20555934
0.20057213
0.19652648
0.19235118
0.19245622
0.18917473
0.1954393
0.19405356
0.20573099
0.20410262
0.21762992
0.20930105
0.22049572
0.20443851
0.2073364
0.18960258
0.19860835
0.20511705
0.21183519
0.20326504
0.19337285
0.22298495
0.2847203
0.24510078
0.21837746
0.20929605
0.20746487
0.19867036
0.19553672
0.19400296
0.20462167
0.20562379
0.21303712
0.207751
0.2145035
0.19751863
0.19999523
0.20535375
0.21897826
0.22576503
0.22210814
0.2192388
0.21293987
0.21124722
0.21405959
0.2142575
0.20491625
0.2036501
0.20719774
0.20478505
0.20242436
0.196895
0.20278631
0.19936936
0.20265703
0.20707405
0.21091953
0.2134085
0.2109196
0.2005925
0.19385104
0.1940816
0.20704706
0.21334104
0.21640238
0.2099575
0.2051299
0.19482812
0.19487643
0.19053188
0.19906448
0.1912224
0.20052716
0.21013877
0.2238673
0.22042373
0.20594797
0.19775593
0.2014873
0.19946465
0.2060432
0.2027854
0.20855005
0.20756692
0.20197238
0.20323043
0.19657968
0.2075985
0.20563425
0.20548056
0.20026127
0.20351182
0.2042349
0.20201953
0.20394677
0.2138134
0.20846723
0.20520352
0.20146333
0.21573265
0.21895061
0.23225178
0.22028613
0.22506341
0.2208366
0.2282301
0.21355703
0.20040055
0.1944327
0.20227142
0.21557862
0.23985526
0.24815242
0.24215569
0.23348857
0.22091678
0.21515541
0.21352096
0.2111571
0.22007732
0.22220199
0.22627887
0.23350525
0.2205928
0.23416723
0.2323087
0.25859177
0.25861964
0.24990259
0.22868456
0.2273177
0.22065806
0.231868
0.22170997
0.23795018
0.22592492
0.23609412
0.23300591
0.2343795
0.22117054
0.2169405
0.21629794
0.22707437
0.21896303
0.2288117
0.22229773
0.21881174
0.21103811
0.22009777
0.22746776
0.2232411
0.21574418
0.21659492
0.22273996
0.22106129
0.22838762
0.2351337
0.24555674
0.23645334
0.24272367
0.23764181
0.24835898
0.24140248
0.24161795
0.24462342
0.23394246
0.24455848
0.24123657
0.24574646
0.22927581
0.2266235
0.23341146
0.24499166
0.2432365
0.24000143
0.24383485
0.23891588
0.23368809
0.21841554
0.23010659
0.22892414
0.23000778
0.21553385
0.21979865
0.21831982
0.23618105
0.22981006
0.23466095
0.23047164
0.24591844
0.2528825
0.23687065
0.22482406
0.22753148
0.22444595
0.22683202
0.21767525
0.22480792
0.22319745
0.22063515
0.2213555
0.21996903
0.22043899
0.21785066
0.21159191
0.20946808
0.21493329
0.22824703
0.2381189
0.24157836
0.24324845
0.23727779
0.236097
0.23278725
0.24433248
0.23968555
0.23214795
0.21769273
0.20984684
0.2092605
0.20907791
0.22401911
0.22953056
0.23457824
0.2409691
0.23533323
0.22154401
0.20941952
0.21345508
0.22633083
0.23141855
0.22688478
0.21467394
0.21585159
0.21530244
0.2154811
0.21056023
0.20503998
0.20390913
0.19813879
0.19570723
0.2026522
0.19768904
0.21611935
0.20559944
0.21571082
0.20333469
0.20839186
0.20577317
0.2121032
0.2063927
0.20106445
0.19840325
0.19781214
0.20240588
0.20453833
0.21191868
0.20887306
0.1924414
0.20048149
0.21223181
0.22316778
0.22120209
0.21921615
0.21862961
0.2255434
0.2283252
0.22717969
0.22031152
0.2042007
0.20683603
0.20042785
0.20363328
0.21259981
0.21490905
0.21617144
0.20657253
0.21597125
0.22562115
0.23299919
0.2236198
0.21238005
0.20783366
0.21471944
0.22452694
0.22761483
0.21106942
0.22031713
0.22151929
0.22421569
0.2029103
0.19732417
0.21373743
0.23485777
0.24041787
0.22428825
0.22884996
0.21744974
0.2237632
0.21300869
0.21837616
0.2147524
0.19684865
0.19903977
0.20065264
0.20709413
0.20737009
0.20398787
0.2070359
0.20629402
0.21537492
0.20786333
0.19654454
0.18710409
0.20062299
0.21119122
0.22903371
0.23577364
0.24052133
0.23904392
0.23927082
0.23853411
0.23519714
0.23448567
0.25219446
0.24983078
0.24231973
0.22488154
0.22876675
0.22179271
0.23004018
0.22613186
0.23323709
0.22764266
0.2239587
0.22594829
0.228396
0.23912954
0.24796782
0.24703027
0.23991132
0.23044196
0.23451276
0.23653659
0.24982561
0.25457188
0.2640425
0.26269457
0.251931
0.24315971
0.23768398
0.2343982
0.24308077
0.2415539
0.25771725
0.24575038
0.25027877
0.24391423
0.2524176
0.25660533
0.25638193
0.24451849
0.2328056
0.23045819
0.23965196
0.24568602
0.23412624
0.23685579
0.22518001
0.23516913
0.23473935
0.2416571
0.24886054
0.24810646
0.2577054
0.24348795
0.23910251
0.23860155
0.24812579
0.2549596
0.25458896
0.24998967
0.2426101
0.2536559
0.268895
0.2725479
0.2590365
0.25384805
0.25572708
0.25817174
0.24845864
0.25543034
0.25477043
0.25071207
0.23802124
0.23591253
0.24750367
0.26126203
0.26969603
0.2692544
0.2817895
0.27206993
0.27129927
0.24863589
0.24863946
0.25196397
0.25864798
0.24953076
0.24118198
0.237884
0.2437157
0.24493492
0.24532692
0.24638641
0.24426082
0.25524583
0.23944494
0.24191725
0.22598964
0.24926117
0.26304853
0.27418527
0.27414593
0.2678375
0.2781873
0.26421025
0.26752356
0.25840735
0.26114187
0.24927165
0.2424076
0.2546202
0.2528433
0.26103368
0.25651956
0.26929092
0.27955434
0.28833178
0.29438195
0.28548118
0.27394137
0.28204525
0.26980913
0.28719264
0.28247353
0.2902245
0.27937886
0.26031613
0.25677285
0.27111924
0.30020887
0.32106474
0.310712
0.29128167
0.2770829
0.27779457
0.2865488
0.2726344
0.26699606
0.25708663
0.27467594
0.282615
0.281677
0.26835483
0.24769908
0.24635047
0.26212806
0.305253
0.30409515
0.3009505
0.27448544
0.2670413
0.25506252
0.2484451
0.2524259
0.24413906
0.26113138
0.25933945
0.25580588
0.23862134
0.25018677
0.26039922
0.2598975
0.2621571
0.27642876
0.27959293
0.2819671
0.28138015
0.27535537
0.26540512
0.2674769
0.28105116
0.30001473
0.29744563
0.30270678
0.296974
0.29704285
0.2854912
0.28162092
0.27325782
0.26999006
0.26073885
0.25760883
0.25354284
0.2546604
0.2537314
0.26110795
0.26049
0.2677742
0.2660635
0.2673787
0.26705492
0.27006474
0.2721729
0.26843414
0.26744023
0.2652931
0.27847278
0.286648
0.29846996
0.27703673
0.2727168
0.25791886
0.2733451
0.27206048
0.25976443
0.26668712
0.25099412
0.27396932
0.25972366
0.27893353
0.28847682
0.2953433
0.29123434
0.28910202
0.2887975
0.2995467
0.28240943
0.29617816
0.27600616
0.2755213
0.25679064
0.2630037
0.27105308
0.2813606
0.30336842
0.30988035
0.29915926
0.28079984
0.2778914
0.29321483
0.31331038
0.31623647
0.31738067
0.29842395
0.30241653
0.29653335
0.31177017
0.28923237
0.2816194
0.2651251
0.28091976
0.29236645
0.30187356
0.29559913
0.30468154
0.29971436
0.30459434
0.28053063
0.2725582
0.29397854
0.30091426
0.30267426
0.28190678
0.27427658
0.27433285
0.27055043
0.27563843
0.27849972
0.27067238
0.28032425
0.2905716
0.29249212
0.28044516
0.26592562
0.27206874
0.29414663
0.2962741
0.30671626
0.30646464
0.3179697
0.32156327
0.3216915
0.32624134
0.32077745
0.31929028
0.3042134
0.30166888
0.2905789
0.2984704
0.27854943
0.27724418
0.2764338
0.29561427
0.29091316
0.27304414
0.25999302
0.26391876
0.29492992
0.30873486
0.30618724
0.28359896
0.28292274
0.29877347
0.2996693
0.3016217
0.2899498
0.2978422
0.2846057
0.27153444
0.2691089
0.27402002
0.28693148
0.28945395
0.28606063
0.2742743
0.26092672
0.2744448
0.28545803
0.29671928
0.28611442
0.28547293
0.2974869
0.30877262
0.3229348
0.30014983
0.2986321
0.28739193
0.29117858
0.27582675
0.2900014
0.2923882
0.31016326
0.29757404
0.29643133
0.27766204
0.27499145
0.27149355
0.3023274
0.3097913
0.32007244
0.29238945
0.29420435
0.29662547
0.29491815
0.27920797
0.27658367
0.28862458
0.29046744
0.2975493
0.27933803
0.2930022
0.27542302
0.28969112
0.28001866
0.28962696
0.2731348
0.27027723
0.24485722
0.26498032
0.26831847
0.2989465
0.31224474
0.31727982
0.31291658
0.29097593
0.284827
0.266311
0.2637154
0.2756067
0.29722738
0.30517194
0.2989658
0.29790598
0.28601494
0.27828056
0.2946332
0.31013444
0.301577
0.2762914
0.28324378
0.28584057
0.30794823
0.30851272
0.32284418
0.30654153
0.29296076
0.29568708
0.28919232
0.29701734
0.297967
0.29417694
0.28236917
0.28740764
0.30002606
0.29147074
0.27610084
0.265712
0.2802997
0.28713953
0.28662702
0.28487423
0.27605104
0.27302372
0.27111048
0.27477646
0.28765455
0.28234068
0.27998745
0.27617908
0.28138492
0.2713473
0.24652945
0.22695753
0.23476987
0.2489686
0.26538625
0.25622773
0.2547418
0.25730407
0.26870158
0.28996027
0.28847256
0.28387877
0.27334052
0.26050138
0.2542526
0.2631303
0.28191742
0.2940844
0.27018213
0.27246326
0.27102214
0.28862837
0.27436805
0.2706432
0.25674152
0.27673078
0.28226677
0.29701608
0.29044127
0.28976563
0.28528586
0.28270897
0.2747474
0.28936145
0.3029592
0.32990944
0.33562952
0.33702803
0.31864682
0.31104267
0.3025719
0.3146533
0.31544548
0.30594733
0.30621287
0.29088655
0.31714517
0.3023916
0.3218213
0.30497548
0.32099977
0.31338096
0.32381362
0.31618938
0.3053008
0.2953912
0.29294848
0.2946557
0.29945946
0.29785055
0.2973248
0.29216188
0.30436513
0.3050742
0.30639297
0.29664806
0.31641704
0.3154867
0.31187385
0.29137337
0.30006257
0.308975
0.3182108
0.30791315
0.29419932
0.28545624
0.28707618
0.29908532
0.31292406
0.30903032
0.31514508
0.3143976
0.31704548
0.29296014
0.30173236
0.2916839
0.31921774
0.30738524
0.3110212
0.2922548
0.2900334
0.32059136
0.3398559
0.34298328
0.32362118
0.31674036
0.3014125
0.314499
0.30149195
0.2989509
0.2862935
0.2957215
0.3144479
0.30519477
0.29058406
0.2783266
0.2819061
0.29285702
0.31077233
0.3058442
0.3182139
0.3035522
0.30974203
0.31255013
0.32654667
0.3387893
0.3363052
0.34058368
0.33239216
0.32649574
0.3124091
0.31056565
0.29951903
0.29558244
0.28574428
0.28527376
0.28490216
0.3004203
0.30867216
0.3166859
0.31320393
0.32094744
0.33486477
0.42752314
0.5974532
0.44999886
0.3763593
0.34458837
0.34510702
0.33982623
0.33941507
0.33505425
0.31945112
0.33040124
0.33076552
0.3270387
0.3148661
0.30122486
0.3332556
0.34866208
0.36402738
0.33934325
0.34297165
0.35957116
0.36249253
0.36611614
0.35229808
0.3549173
0.34376687
0.33376303
0.32183772
0.32363108
0.3087965
0.30637357
0.27817807
0.2831279
0.29181102
0.30807304
0.31618404
0.3139057
0.32316548
0.30934647
0.2929427
0.26699105
0.28778803
0.32290295
0.36039576
0.36192378
0.34368291
0.34326366
0.3446451
0.35897914
0.35350898
0.35394582
0.32857305
0.31008473
0.29789764
0.3018333
0.29231712
0.28553873
0.30564025
0.32300726
0.32771292
0.30594572
0.31494886
0.32721424
0.33540842
0.3448848
0.37644
0.37263665
0.3374033
0.2995728
0.31056964
0.3518354
0.36190766
0.34857628
0.33018556
0.31189454
0.3609207
0.3521709
0.38669384
0.34075102
0.35007152
0.32015422
0.3375375
0.33290297
0.33389524
0.32101414
0.3316103
0.32838723
0.31988513
0.31125098
0.3020388
0.31755394
0.31181002
0.33830753
0.33577374
0.33550903
0.3261963
0.32391146
0.31038845
0.3021906
0.30339542
0.33913413
0.3480496
0.3460129
0.31912637
0.32408977
0.32976368
0.33517605
0.31809685
0.32039016
0.318691
0.32535997
0.32004416
0.3188512
0.3172024
0.30835018
0.314235
0.30406225
0.3037445
0.28876242
0.3082745
0.34155384
0.3544654
0.36467937
0.34479538
0.3598079
0.34055245
0.35745838
0.36767012
0.37872303
0.37652457
0.34204847
0.33696762
0.3108748
0.34151703
0.3427887
0.35007277
0.3315202
0.34149164
0.3368756
0.33365363
0.31206203
0.2870321
0.30201256
0.32439438
0.3604931
0.33831424
0.33057725
0.35200468
0.35579285
0.36308396
0.3656621
0.36935696
0.3704932
0.3616927
0.37072122
0.364936
0.3211045
0.30297208
0.31281462
0.3261768
0.32938012
0.326914
0.33390996
0.35646212
0.35679084
0.35294536
0.3314341
0.32189953
0.3356317
0.33328053
0.32108086
0.30572507
0.30270314
0.30180788
0.2937278
0.31821075
0.3090575
0.29196876
0.26787838
0.30133253
0.31838515
0.31904814
0.29980677
0.30818042
0.32151145
0.30725366
0.29920503
0.31182104
0.31193772
0.3114868
0.297707
0.30609807
0.297684
0.29104578
0.29007334
0.29607478
0.2785986
0.28888202
0.28885585
0.30792436
0.3064272
0.30634582
0.29747432
0.29025847
0.29418176
0.2824915
0.29636657
0.29487473
0.30305678
0.31070283
0.32295826
0.34416392
0.32466072
0.3383108
0.32423505
0.33249968
0.30935937
0.3187144
0.33375132
0.3583873
0.373199
0.35949683
0.3571469
0.34706753
0.3377185
0.33790815
0.36585963
0.38244656
0.35892177
0.32934946
0.33375362
0.34571466
0.34644547
0.34865603
0.3682126
0.37390727
0.3470752
0.34505585
0.3384688
0.3499974
0.3239306
0.3266382
0.32838768
0.34502226
0.3407826
0.34757736
0.34388146
0.3594875
0.35374087
0.3611393
0.3429992
0.3615045
0.3637351
0.36834642
0.36008164
0.3667376
0.369117
0.3489417
0.33883992
0.3577765
0.3666934
0.3633391
0.35067362
0.35736287
0.34613302
0.34116554
0.34741956
0.37536097
0.39533237
0.39353436
0.39731026
0.4098604
0.42310607
0.41811988
0.41191673
0.40990177
0.41130355
0.40159798
0.3904986
0.36355978
0.35253474
0.35044733
0.3673166
0.3870738
0.40416214
0.41644078
0.38823012
0.36516985
0.36810923
0.38389856
0.42039487
0.45184082
0.4825495
0.44677484
0.40081146
0.36018342
0.37324187
0.3704855
0.3548068
0.36968112
0.38812938
0.40349612
0.37111026
0.3553093
0.3564356
0.36316982
0.37676054
0.38827908
0.39750847
0.38175425
0.38480163
0.37566364
0.39138043
0.3882737
0.3887096
0.47241867
0.46039256
0.48143363
0.39845082
0.40909186
0.4162579
0.4022227
0.39148283
0.36787876
0.35608244
0.3544649
0.33971852
0.3656868
0.3715556
0.38751525
0.37094048
0.36698586
0.37116212
0.3631109
0.37808913
0.3599451
0.36129087
0.35848883
0.37997255
0.3867686
0.37261826
0.36362618
0.3498053
0.35070413
0.33483595
0.34331626
0.31452122
0.33071426
0.32775545
0.35777608
0.34149942
0.3376652
0.37497544
0.371342
0.38020003
0.33578804
0.34229746
0.33129916
0.33413333
0.34449363
0.36066857
0.36703622
0.3693463
0.3596587
0.3687542
0.3484403
0.36036706
0.3472247
0.35851735
0.37389794
0.39908177
0.44539288
0.4249721
0.41644776
0.4045149
0.4142439
0.42837873
0.40704682
0.4527142
0.4386211
0.45299864
0.39496586
0.40358624
0.37868628
0.39687186
0.37161016
0.39475527
0.3743611
0.3852645
0.3707269
0.39490178
0.39450228
0.4087313
0.39453268
0.40936255
0.40642643
0.39902976
0.3780229
0.34846225
0.34968835
0.34539112
0.35717267
0.35396308
0.3424735
0.34766147
0.35593787
0.35824704
0.3564843
0.3560462
0.38663444
0.38355517
0.36871907
0.3305392
0.30900165
0.34718466
0.36364636
0.37614897
0.3321029
0.34605318
0.3423645
0.3418564
0.32360953
0.33332983
0.34089568
0.37351853
0.37526488
0.391823
0.41379288
0.4173676
0.396782
0.3401723
0.33550534
0.32359117
0.3330377
0.316136
0.33751982
0.3739763
0.3746494
0.3556609
0.34085453
0.30975163
0.31839323
0.36129704
0.3899421
0.37697846
0.3957822
0.31936032
0.3255533
0.33259594
0.3186381
0.34239143
0.34767607
0.33919525
0.38195637
0.33829877
0.36250734
0.33171427
0.30924368
0.31710893
0.32342064
0.3258292
0.31874335
0.30968547
0.3247455
0.33305496
0.32034168
0.31322977
0.31733584
0.30582225
0.32620004
0.33952197
0.33636832
0.33484632
0.32424128
0.3267402
0.3351231
0.35333595
0.3680996
0.34884378
0.35531166
0.33321115
0.33528942
0.33559132
0.34544837
0.37598374
0.3792743
0.39802468
0.38091835
0.3906271
0.38102865
0.38003075
0.39671615
0.3783395
0.35013562
0.375123
0.37436163
0.4174994
0.40189978
0.37379074
0.370092
0.35911173
0.38768014
0.40797532
0.42923608
0.39772776
0.37849867
0.36423716
0.38476142
0.36339575
0.3647285
0.36874768
0.3800189
0.37120497
0.38640228
0.3466976
0.34087798
0.34485346
0.32487357
0.33959007
0.35493362
0.35851002
0.37131572
0.37399155
0.37252197
0.381652
0.3638311
0.38121653
0.38281697
0.36236754
0.3794152
0.44810662
0.43597746
0.42234334
0.40398824
0.37236905
0.3943854
0.36619738
0.3678776
0.42651385
0.45186716
0.4804522
0.47293964
0.437437
0.4076437
0.42407143
0.45153803
0.3990856
0.39573178
0.37724102
0.39816728
0.40044793
0.39375874
0.4010279
0.40698797
0.44195926
0.44570115
0.4320479
0.40965325
0.42446765
0.42255217
0.43607473
0.4041227
0.4049012
0.40065354
0.43217316
0.45872346
0.47101802
0.47377566
0.4907964
0.46355304
0.41766
0.4077434
0.35434014
0.34115237
0.35130948
0.37036827
0.37637666
0.43478402
0.44897518
0.42707464
0.41915494
0.38662842
0.38228533
0.37296873
0.38726118
0.36372688
0.39199036
0.38901603
0.3848017
0.3812218
0.3980097
0.3928898
0.38188908
0.3875215
0.3762701
0.37598932
0.36842924
0.37880987
0.38006085
0.36691037
0.36344412
0.37499455
0.4320678
0.50300914
0.49726823
0.474238
0.45452297
0.4063622
0.41534397
0.42545524
0.4242172
0.43911895
0.43028203
0.41770995
0.40101686
0.39630717
0.36200505
0.35393244
0.33600408
0.36149344
0.3507003
0.3488773
0.37104088
0.38635656
0.37276545
0.39427006
0.40358955
0.40169546
0.42665553
0.43642053
0.4145646
0.4059129
0.3883623
0.38391054
0.3833629
0.40922973
0.42683154
0.41948092
0.44180593
0.4392983
0.43659315
0.43169495
0.4634266
0.4444782
0.43672156
0.47385788
0.5086151
0.5283031
0.5583474
0.52793217
0.48737118
0.44394833
0.4212379
0.41347444
0.42251086
0.42466852
0.41638148
0.4207481
0.39936084
0.3923944
0.38286552
0.39180553
0.40282443
0.40474328
0.41175482
0.39393574
0.4256806
0.42959043
0.4907101
0.5605532
0.5108994
0.5016366
0.49893627
0.4604039
0.43059072
0.4462453
0.43169338
0.42301795
0.40832087
0.41659337
0.42066666
0.4466715
0.4563641
0.46614167
0.49331614
0.49843025
0.48788935
0.5182699
0.50951916
0.50616115
0.49654043
0.49888676
0.45271957
0.4585283
0.449425
0.419786
0.39593074
0.42249954
0.40587622
0.41018546
0.43039876
0.45768183
0.44289324
0.45742455
0.45967588
0.4446118
0.42378768
0.42607883
0.49255276
0.4728831
0.47645465
0.46164933
0.45280287
0.43301243
0.36673287
0.35988972
0.36860436
0.38015237
0.38453656
0.4064185
0.4366106
0.43292746
0.40865034
0.40779433
0.40308833
0.39557588
0.36261645
0.38322797
0.43710637
0.44954538
0.44105002
0.4510054
0.47229895
0.5126152
0.47370532
0.46037516
0.44619352
0.40884373
0.39219826
0.35584667
0.34201527
0.3540233
0.35544407
0.3528923
0.3609137
0.37908602
0.38072848
0.39918974
0.410997
0.4189928
0.4572106
0.46473974
0.4718464
0.46456823
0.44690692
0.4574175
0.46442017
0.45086318
0.4424187
0.4496455
0.45805266
0.4859687
0.4639141
0.45496452
0.45385104
0.46858263
0.44607106
0.4581732
0.43601212
0.44973856
0.4531795
0.44832745
0.42302454
0.43522462
0.41757333
0.44083753
0.43569228
0.44382858
0.4769817
0.4817104
0.46581313
0.47010183
0.46627486
0.4889561
0.49118388
0.4817171
0.49911386
0.5230082
0.5403537
0.5272116
0.4985462
0.5030942
0.4952946
0.5113128
0.5225928
0.5024325
0.4912208
0.5096222
0.5005515
0.5100888
0.49246892
0.47253135
0.4899858
0.5107681
0.53071773
0.55319136
0.5975073
0.65000206
0.68590087
0.70556134
0.67007685
0.6790766
0.6115218
0.5678997
0.57444316
0.56203383
0.5792702
0.5418868
0.56686574
0.6445769
0.62949544
0.6224118
0.6341922
0.6252633
0.6344379
0.6176813
0.55948997
0.56447375
0.58505636
0.5618872
0.5957672
0.60154164
0.61229014
0.6217785
0.6397253
0.59128
0.6023677
0.58472013
0.57726806
0.5861442
0.60191995
0.59489775
0.5856315
0.6239257
0.6533102
0.681863
0.66224784
0.68916714
0.7132263
0.7704515
0.7857923
0.8706201
0.96024
1.0227915
1.0243001
1.1013026
1.1262861
1.0706551
1.0760148
1.0420355
0.9863316
0.89943945
0.8643454
0.7933613
0.78288853
0.7615104
0.80355173
0.792043
0.78870714
0.87667763
0.9183609
0.9335124
0.97079176
0.9368978
0.8724532
0.872181
0.8040234
0.73878723
0.6821792
0.65054524
0.61491466
0.61408746
0.56872386
0.56365275
0.57662
0.5727402
0.61113554
0.6120308
0.7210651
0.74781495
0.8337454
0.91177917
0.94245577
0.9872687
1.0191325
1.1166524
1.188067
1.2816465
1.2478676
1.1661484
1.166267
1.176809
1.2565325
1.2619216
1.2189034
1.179593
1.2268953
1.278065
1.264837
1.2408453
1.2657025
1.4433326
1.4347079
1.4682391
1.494131
1.3990164
1.4730378
1.458521
1.493206
1.3053924
1.3051398
1.2636391
1.1739551
1.1044384
1.0661674
1.0660636
1.0219897
0.9748392
0.98149633
0.9905953
1.0236593
0.98759013
0.9653112
0.96028626
0.94555616
0.9799388
1.0237623
1.0339516
1.0175073
1.0088611
1.0037225
1.0018215
1.0018215
1.0018215
1.0018215
1.0018215
1.0018215
1.0018215
1.0018215
1.0018215
1.0018215
1.0018215
1.0018215
1.0018215
1.0018215
1.0018215
1.0018215
