198.98006
252.44943
118.34205
78.22242
58.385757
46.3877
38.439434
32.81367
28.42445
25.272793
22.676607
20.578547
18.939425
17.456999
16.196138
15.173652
14.292735
13.396449
12.717144
12.045123
11.454188
10.9320965
10.500001
10.093673
9.710835
9.33645
8.954503
8.707089
8.43529
8.180187
7.964936
7.7150407
7.522625
7.2928596
7.089776
6.9026546
6.7658343
6.642423
6.5236454
6.3538346
6.2402225
6.107723
5.994879
5.860066
5.7737236
5.7117276
5.602502
5.4643145
5.3453617
5.2737236
5.1549873
5.0624046
4.9977217
4.933789
4.8401394
4.7327027
4.702233
4.662955
4.5865755
4.557109
4.4711843
4.4381084
4.385374
4.335772
4.2959166
4.227608
4.161091
4.136162
4.086036
4.02342
3.9948792
3.9830549
3.9438694
3.88526
3.845114
3.8327339
3.8219364
3.7366312
3.7308388
3.7254844
3.6660876
3.7413957
3.6108088
3.5704813
3.523038
3.4952364
3.4723287
3.4385886
3.4221005
3.4018388
3.381945
3.34642
3.343208
3.3255274
3.2841766
3.2419646
3.2593384
3.2216892
3.230504
3.1779711
3.1891396
3.1992679
3.1488721
3.1238122
3.1126614
3.1080635
3.0611944
3.0509856
3.0559351
3.0508935
3.0394988
3.016619
3.000223
2.9779184
2.9427774
2.9269912
2.9327981
2.9035127
2.9100776
2.8965678
2.888907
2.8706787
2.8527377
2.847017
2.856415
2.8153088
2.8498878
2.8230832
2.797505
2.784182
2.7799368
2.77077
2.7698882
2.7627985
2.724997
2.7149076
2.7049003
2.7039917
2.7050304
2.6877713
2.6839879
2.7251034
2.6922884
2.6447759
2.6379797
2.643473
2.644945
2.6264017
2.5972824
2.5655475
2.5610497
2.5528433
2.562163
2.5567758
2.539542
2.518527
2.5276902
2.5167434
2.5050519
2.472149
2.4621215
2.468979
2.455397
2.4985342
2.4232073
2.461523
2.4524117
2.453054
2.439901
2.3975863
2.4353797
2.402743
2.428049
2.41677
2.4074056
2.411765
2.387137
2.3907006
2.3561904
2.369112
2.3502674
2.3477533
2.3292668
2.3617566
2.3389778
2.3478334
2.3559353
2.3372092
2.3137722
2.3292327
2.346
2.3533676
2.3062997
2.328462
2.3225815
2.311495
2.305631
2.3038394
2.2904015
2.281494
2.2702992
2.2716172
2.275505
2.2911668
2.25361
2.2687416
2.260519
2.2440834
2.2552705
2.2691123
2.2369509
2.2061927
2.2092383
2.2093167
2.2102556
2.199193
2.1854036
2.1799676
2.180716
2.1739817
2.1678975
2.1496143
2.1604671
2.1477776
2.1385674
2.1378086
2.1497498
2.131857
2.1224492
2.1395488
2.1346402
2.122056
2.1202612
2.1370208
2.098498
2.1039968
2.0889287
2.0802948
2.0779958
2.0807126
2.0730422
2.0351298
2.0748894
2.060085
2.0553021
2.0584345
2.0591557
2.0633
2.0383549
2.0398383
2.022729
2.0389013
2.0311642
2.0495937
2.0111854
2.0151062
2.0050433
2.0173862
2.0148854
1.9721351
1.9933038
2.0195553
1.9860806
2.0145087
1.9901881
1.9890062
1.9723312
1.9927299
1.9882159
2.0119686
1.9677571
1.9917035
1.9831706
1.9902934
1.9851832
1.9828925
1.9669999
1.9716748
1.9641004
1.9606708
1.9916683
1.9545834
1.9301403
1.9324673
1.9473327
1.9278426
1.938323
1.9154868
1.9336702
1.9318058
1.9404384
1.9127585
1.9485741
1.9139788
1.9248569
1.914568
1.9136938
1.9362509
1.9191763
1.898259
1.9157442
1.9189124
1.9020021
1.8883481
1.8975893
1.9050716
1.8889987
1.879746
1.894133
1.9044408
1.9028589
1.8983744
1.8987703
1.8822906
1.8993862
1.8669257
1.9019518
1.9078374
1.885145
1.863284
1.8990939
1.8982667
1.8691032
1.9039882
1.8865848
1.8717345
1.8571436
1.8697871
1.8431332
1.8636955
1.8308969
1.8162572
1.829728
1.8212774
1.834448
1.8231503
1.8441784
1.8001537
1.812329
1.831332
1.8251047
1.847672
1.8045473
1.8178107
1.8177142
1.8144591
1.8364673
1.8010898
1.8050789
1.7983817
1.7910963
1.8115602
1.8185598
1.8207043
1.8109927
1.8016769
1.8204017
1.8141757
1.8071809
1.8166157
1.783013
1.7879543
1.7933272
1.7823948
1.817676
1.7965397
1.8003875
1.7834374
1.8047826
1.7902312
1.7620565
1.7861348
1.7795662
1.7589608
1.7691023
1.7577772
1.7711204
1.7578881
1.7545437
1.7602397
1.7416403
1.750524
1.7294236
1.7462585
1.7380474
1.7201815
1.7313313
1.6993707
1.7233961
1.7410917
1.7046915
1.7323074
1.7216325
1.7164162
1.7018542
1.720667
1.7221955
1.7243499
1.7195157
1.728824
1.7278547
1.7014043
1.6764319
1.7219661
1.7132685
1.717861
1.6872853
1.710047
1.7133012
1.7246311
1.7100643
1.7142045
1.6811117
1.6990446
1.6806251
1.6921484
1.7034234
1.6934087
1.698138
1.6821921
1.6615115
1.6817751
1.6972756
1.66845
1.6680171
1.6817497
1.6838428
1.6662133
1.656977
1.6461772
1.6499798
1.6693407
1.6600045
1.6457767
1.6605774
1.6586573
1.6824585
1.6734866
1.6481626
1.6582806
1.6900674
1.6680917
1.6935991
1.6791286
1.6491948
1.6481497
1.6525462
1.694685
1.6582421
1.6711054
1.6586295
1.6565299
1.6531948
1.6598113
1.6592845
1.6559713
1.6486642
1.6553987
1.6430265
1.6380926
1.6319151
1.6275758
1.6284
1.6415579
1.6315676
1.6057328
1.6129875
1.6305867
1.622363
1.6063511
1.6347364
1.6316626
1.6140648
1.5948454
1.6090294
1.6281031
1.6223506
1.6371238
1.6242445
1.6282758
1.6167194
1.6268291
1.6260985
1.65568
1.6261382
1.6472085
1.6492592
1.6221769
1.6436458
1.6369219
1.6271689
1.6366243
1.6283345
1.6470498
1.603852
1.6445713
1.648638
1.6603365
1.633324
1.628464
1.6320274
1.6129626
1.6183631
1.6100419
1.5940366
1.5969931
1.6125567
1.6054044
1.6055737
1.6453247
1.6081499
1.6287246
1.6202285
1.6165527
1.6236713
1.6062863
1.6054735
1.6040142
1.6306677
1.6243908
1.6102331
1.631817
1.6410519
1.6224375
1.6153642
1.6416242
1.6322309
1.6397353
1.6502346
1.6303205
1.6615314
1.6695269
1.6484975
1.6705222
1.6581337
1.6590325
1.6338993
1.6589468
1.6530851
1.6185356
1.657217
1.662538
1.6475253
1.6563442
1.6444575
1.6523042
1.6535486
1.6648086
1.6283357
1.6304207
1.6437709
1.6445217
1.6283203
1.6062185
1.6225756
1.6241475
1.6376839
1.6399791
1.6488303
1.6261466
1.6388783
1.6326574
1.6506469
1.6213915
1.6421143
1.6375585
1.6474186
1.6483119
1.6472323
1.6473814
1.6343497
1.6368008
1.6536201
1.6601366
1.6621253
1.6335334
1.6466465
1.6490471
1.6317047
1.6553775
1.6549103
1.6488528
1.6430336
1.668509
1.6459026
1.6417615
1.6392896
1.6182839
1.6439642
1.6639229
1.618921
1.6424593
1.63996
1.6537143
1.6503814
1.6389439
1.6549865
1.6522897
1.6580201
1.668079
1.6456752
1.6381118
1.6430188
1.6464462
1.661678
1.6762012
1.6627885
1.6620014
1.6537296
1.6420366
1.6826295
1.6862276
1.6556236
1.6748322
1.6430105
1.6449362
1.6497587
1.6193708
1.6392978
1.6348048
1.6387011
1.6454898
1.6330369
1.6593211
1.6345649
1.6357911
1.6337922
1.6546408
1.658417
1.6521237
1.6369742
1.6469016
1.6374761
1.6459333
1.6462297
1.6619965
1.6615213
1.6397815
1.658635
1.6524382
1.6527243
1.6317866
1.6526762
1.6608843
1.665706
1.6464536
1.6576507
1.6405241
1.6411943
1.6507254
1.6505344
1.6189257
1.6222948
1.6172386
1.6211097
1.6407467
1.6208217
1.6287163
1.6510715
1.6204475
1.6605206
1.6550797
1.6408058
1.6364663
1.655993
1.6412871
1.6642547
1.64296
1.6663475
1.6700387
1.6517366
1.6527528
1.6477052
1.6698424
1.6609193
1.6515132
1.6426767
1.6560849
1.622666
1.6481317
1.6292027
1.6464119
1.6511462
1.6278905
1.6164906
1.6282735
1.6333054
1.6641699
1.6324364
1.63568
1.631068
1.6406267
1.6273072
1.6191063
1.629996
1.6599395
1.651396
1.6464778
1.62919
1.6282713
1.6432095
1.6185148
1.5990192
1.6226808
1.6052233
1.6164203
1.6089591
1.6471384
1.6340395
1.6381235
1.613269
1.6172996
1.6086279
1.6310829
1.6123816
1.6352159
1.645115
1.6167284
1.6337177
1.6396346
1.6285765
1.6649773
1.6543711
1.6225758
1.6266303
1.6371124
1.6277975
1.6376994
1.624778
1.6182643
1.62287
1.633362
1.6297481
1.6447526
1.6225353
1.6391195
1.6333789
1.6232225
1.6491889
1.6250707
1.6349493
1.6359305
1.631592
1.6277702
1.6385903
1.6179461
1.6203226
1.5886825
1.5953572
1.6020403
1.5944846
1.5916575
1.6034158
1.6048894
1.5983624
1.606924
1.5803144
1.5935018
1.5848411
1.5776193
1.5768293
1.5985361
1.6127632
1.5952376
1.6090275
1.5815884
1.6243565
1.6109424
1.6063303
1.6163652
1.6034205
1.592082
1.6012689
1.5904077
1.6091475
1.6281809
1.6130568
1.6204965
1.5992787
1.6197828
1.6235368
1.6306846
1.5879898
1.6006181
1.6094003
1.5990779
1.6064752
1.6228371
1.6159309
1.6086943
1.5502408
1.5998367
1.6140387
1.6013457
1.6166687
1.5959511
1.6026443
1.5751662
1.5609257
1.5933113
1.6028274
1.5985268
1.5949538
1.5836643
1.6229775
1.5870994
1.5803083
1.5692558
1.5780321
1.5777005
1.5786412
1.5725046
1.6252433
1.5870858
1.5791476
1.5576835
1.601913
1.5847586
1.5667644
1.5785254
1.5674961
1.5731316
1.578785
1.568653
1.5493987
1.5790565
1.5443598
1.582437
1.5605836
1.5594125
1.5632991
1.5696524
1.5434622
1.5575277
1.5323387
1.5571008
1.5692998
1.5463947
1.5539933
1.5631636
1.5564011
1.5524447
1.5355664
1.5158756
1.5398935
1.5014333
1.5368975
1.5260415
1.519523
1.5113206
1.5419228
1.5264705
1.5086207
1.5177374
1.4998857
1.5123409
1.4903551
1.5184147
1.508417
1.5023949
1.4961568
1.490357
1.4892919
1.4563047
1.4786518
1.4490894
1.4623879
1.4770252
1.4851207
1.4559441
1.4515358
1.4659234
1.4763645
1.4787602
1.4709924
1.484568
1.4577684
1.4405055
1.4803708
1.4700931
1.4576616
1.4486814
1.4638513
1.4342532
1.4480116
1.4160886
1.4338987
1.4208382
1.4410399
1.4643991
1.4643503
1.4613582
1.472167
1.4576321
1.4504857
1.4524734
1.4397495
1.4528008
1.4530343
1.468599
1.4611758
1.4597147
1.4602698
1.477737
1.4534218
1.476924
1.4553261
1.4417846
1.4151152
1.4422796
1.447046
1.435535
1.4273173
1.4103369
1.4167752
1.4293027
1.4254704
1.4292883
1.4248912
1.4241819
1.4004512
1.4191287
1.4391736
1.4319686
1.4346635
1.4195343
1.4084902
1.41219
1.4212308
1.4140702
1.3957546
1.4089805
1.4018557
1.3903319
1.4008168
1.3682699
1.3909518
1.3861668
1.3727081
1.3710188
1.3758063
1.3682247
1.3915102
1.3707447
1.3661722
1.3601543
1.363968
1.3964581
1.3773124
1.3606086
1.3454269
1.3643022
1.3542751
1.3502345
1.3654279
1.359637
1.3610286
1.35621
1.3631523
1.3364415
1.3491508
1.3313503
1.3371465
1.3143849
1.3191528
1.3318353
1.2828119
1.3071032
1.30944
1.3283606
1.2880783
1.3102957
1.3214682
1.3124288
1.3130876
1.3054
1.3018571
1.2954397
1.298892
1.2948576
1.2954915
1.2953614
1.2767885
1.2785386
1.2628132
1.2682092
1.2642643
1.2829187
1.2904189
1.2696537
1.2934227
1.2689046
1.2745185
1.2611623
1.2598686
1.2495034
1.2725798
1.2388188
1.2725931
1.2560697
1.2604202
1.2648611
1.2612884
1.2380735
1.2556232
1.2481985
1.2560515
1.2291181
1.237303
1.2341202
1.2439853
1.245543
1.254726
1.2543398
1.2268019
1.2188927
1.2161832
1.2223703
1.2165622
1.2144662
1.2190069
1.2111598
1.2411779
1.209347
1.2260779
1.1811489
1.2188979
1.1982487
1.1875633
1.1893209
1.1878197
1.1846913
1.1896056
1.195883
1.1664064
1.1682262
1.2057068
1.2005534
1.182538
1.1608007
1.183536
1.2002909
1.1795523
1.1645993
1.1623173
1.1844771
1.171706
1.1867878
1.1558943
1.1779635
1.1753017
1.1586473
1.1786374
1.1648667
1.1612862
1.1678256
1.1483845
1.1552019
1.1721915
1.1507132
1.1581779
1.1507245
1.1724536
1.1324134
1.122895
1.1211377
1.1479347
1.1357279
1.117288
1.1576936
1.12037
1.096753
1.1070027
1.1092503
1.1138974
1.1066995
1.1191182
1.1278104
1.119526
1.110002
1.1088953
1.0917227
1.1083418
1.1091008
1.0965837
1.0880969
1.1024348
1.1010648
1.0846535
1.075855
1.0886981
1.0839679
1.084223
1.0762525
1.0806175
1.067574
1.0852059
1.0875306
1.0772165
1.047215
1.0657915
1.0435114
1.0536543
1.0488998
1.049016
1.0437664
1.050622
1.0346192
1.0313041
1.0481417
1.0408566
1.0337743
1.0339755
1.0421536
1.0249287
1.0321949
1.0391878
1.028719
1.0641246
1.0240196
1.0286434
1.0390091
1.0099337
1.0229226
1.0249032
1.0150783
1.0429878
1.0257838
1.010779
1.0232042
1.0261999
1.0223727
1.021553
1.0306782
1.0100436
1.0367523
1.0206746
1.0273448
1.001022
1.0014124
0.9979118
1.0162158
0.9927463
1.0068882
0.9941019
0.9951638
0.9864981
0.98724717
0.97461444
0.99862206
0.9986022
0.9831003
0.9719347
0.9700889
0.9804754
0.98095995
0.9703709
0.97753984
0.95942503
0.96085256
0.980483
0.97616106
0.97414446
0.9759805
0.96904474
0.9476209
0.9551759
0.96020997
0.94735634
0.9507188
0.96530044
0.93238384
0.95678586
0.9582933
0.94162714
0.93912816
0.9484203
0.9338908
0.9407432
0.9521366
0.9356525
0.9381977
0.94235617
0.9442947
0.95186895
0.920923
0.925263
0.9097388
0.9259217
0.9402598
0.89817464
0.9488073
0.92562866
0.9215741
0.94237447
0.9313042
0.93313104
0.9291792
0.9437859
0.9431548
0.9418959
0.9128249
0.9409244
0.9491676
0.9207352
0.9031443
0.9209438
0.9454585
0.932843
0.8985801
0.92913955
0.92835975
0.90867245
0.923677
0.9324874
0.92163384
0.91773105
0.9147986
0.90694785
0.9241065
0.89464253
0.9005972
0.8978538
0.89009625
0.8882673
0.90189147
0.8753634
0.8913188
0.90283406
0.8801315
0.8775479
0.8763093
0.8566993
0.86955464
0.871226
0.8659788
0.87735116
0.8613413
0.86986125
0.8516785
0.8675503
0.8626495
0.83769006
0.84765625
0.8518696
0.85424125
0.855123
0.8709658
0.8423751
0.8593647
0.8393362
0.84279406
0.84259945
0.8357908
0.85156333
0.85296994
0.8372498
0.85206
0.8361298
0.86433315
0.8442616
0.8265421
0.83770156
0.83459604
0.8321475
0.81842357
0.821919
0.8210709
0.84601307
0.83777314
0.835492
0.8353829
0.82681376
0.8450631
0.83178115
0.8365708
0.820679
0.84752893
0.8289612
0.8223838
0.80849636
0.8002188
0.83826673
0.8071755
0.81385994
0.81167674
0.8396625
0.82957876
0.81362104
0.8223756
0.82141984
0.7880295
0.83800864
0.79700464
0.7977078
0.81395024
0.803025
0.7979638
0.81046706
0.81061286
0.7942001
0.79624283
0.7964408
0.79788923
0.80519897
0.79530734
0.802076
0.8076599
0.7935039
0.7961515
0.79307956
0.790011
0.7838094
0.8019792
0.7975137
0.7854532
0.80950105
0.8061412
0.8030514
0.8010406
0.79593456
0.78921765
0.78536975
0.7976781
0.7892566
0.81437486
0.7814788
0.7965163
0.7817106
0.7693357
0.76133823
0.7608355
0.7720139
0.7723536
0.7713481
0.77021194
0.76193446
0.76584285
0.76678956
0.77051914
0.7443769
0.73752356
0.74351704
0.7388149
0.761366
0.75677127
0.7607735
0.75430816
0.76600754
0.77812153
0.7377987
0.75439674
0.7426214
0.7575362
0.76646394
0.76034683
0.73509
0.74505997
0.7420181
0.75417715
0.7552733
0.75251627
0.7438824
0.75612473
0.7497301
0.71811986
0.7415069
0.7302263
0.7501066
0.73025477
0.72911006
0.7453367
0.7267051
0.71946156
0.74673027
0.7414414
0.74341446
0.7189157
0.7398538
0.7444151
0.7270025
0.73121166
0.7220282
0.7380961
0.6940464
0.74096143
0.7163187
0.71718127
0.73575556
0.7228919
0.7230794
0.7251034
0.7167655
0.72549266
0.7293573
0.70640886
0.7178868
0.7087209
0.7042433
0.7083327
0.7150743
0.70352584
0.70746076
0.720231
0.7156791
0.72972476
0.69697964
0.7070983
0.70314944
0.7194871
0.6854352
0.72714746
0.7141785
0.7034179
0.705522
0.6892371
0.72230667
0.71169454
0.6934096
0.7022053
0.6930084
0.6978961
0.692216
0.6880835
0.69741684
0.68539935
0.68336993
0.670116
0.6798587
0.686504
0.668312
0.67959
0.6811035
0.67943966
0.68500304
0.69501597
0.671272
0.6903535
0.69513154
0.6947495
0.6882789
0.6915524
0.68283623
0.6822233
0.6961471
0.69065666
0.6820877
0.68883896
0.6712337
0.67701566
0.68364406
0.6814324
0.6777317
0.6933211
0.68227524
0.6696122
0.67265856
0.6540179
0.67706853
0.6647869
0.6594309
0.66954136
0.6809488
0.683082
0.6570534
0.66823786
0.66920215
0.6807747
0.6686032
0.6516707
0.6660178
0.6552497
0.6611314
0.6574806
0.6559395
0.66561455
0.6546461
0.66763467
0.6582114
0.6562285
0.65423924
0.6860794
0.67280865
0.6639635
0.6713403
0.6762445
0.6663486
0.67753416
0.6599883
0.6395134
0.67239016
0.6597881
0.64036506
0.6582204
0.6425071
0.64313513
0.6502618
0.6595006
0.65255004
0.65218735
0.65250367
0.64199275
0.6378332
0.6399411
0.65561146
0.652015
0.6422109
0.6490968
0.6377989
0.65791893
0.6412423
0.6605508
0.6466954
0.6285119
0.6443042
0.63390595
0.6435046
0.6298153
0.650311
0.6406619
0.6346543
0.62231565
0.64026433
0.62763757
0.6199623
0.6403284
0.61528325
0.634594
0.638871
0.6176991
0.6246422
0.6285982
0.6455984
0.63257533
0.6399184
0.6300966
0.6203068
0.61194354
0.6166308
0.6162246
0.6176873
0.6177303
0.62448776
0.61734766
0.602984
0.60759574
0.62251115
0.6149495
0.60741895
0.6119442
0.6087177
0.6295608
0.60535806
0.59835654
0.5805722
0.58607817
0.5947101
0.6095026
0.57724893
0.5943789
0.5739984
0.5728507
0.59599125
0.5973813
0.6012872
0.5627319
0.5880048
0.604155
0.58400625
0.614129
0.597939
0.60855615
0.58066857
0.57874084
0.5875552
0.61348325
0.5935909
0.58613086
0.5786826
0.59324247
0.6165738
0.60266626
0.5918836
0.57053083
0.5812894
0.58425283
0.5813011
0.564761
0.5753408
0.57099384
0.5616066
0.5736648
0.55953544
0.5611941
0.5797221
0.565331
0.5583866
0.5701472
0.57547355
0.5640432
0.5686983
0.56394863
0.55591226
0.54638255
0.5611728
0.55770445
0.5746139
0.56014234
0.5541647
0.54586184
0.53848326
0.55294174
0.53556895
0.5644901
0.5622313
0.5701467
0.5613699
0.56403875
0.5633993
0.55595565
0.5681013
0.54793423
0.54662657
0.5585819
0.5582187
0.5566398
0.5577853
0.5486429
0.54510456
0.5627963
0.5726004
0.5350589
0.5532022
0.5428068
0.54030424
0.56538576
0.5570381
0.54973
0.5634244
0.54142284
0.54022765
0.52994096
0.5317946
0.53693044
0.5516536
0.53395534
0.52937174
0.5355661
0.53973144
0.5351639
0.53625715
0.54134005
0.53837717
0.5581222
0.54033375
0.5670989
0.54140323
0.5421122
0.5395726
0.550228
0.5322611
0.5466441
0.55606794
0.5326761
0.53559834
0.5292156
0.53047824
0.54084516
0.5409954
0.53248
0.5223652
0.5369566
0.5456307
0.52571374
0.5398774
0.54220504
0.5436387
0.5630961
0.5253542
0.5202035
0.51617247
0.5467211
0.5392383
0.5252896
0.532266
0.5245094
0.53039026
0.5148495
0.5157443
0.50991005
0.52802616
0.5138285
0.5254265
0.5262424
0.52201027
0.5461412
0.5183098
0.50925547
0.498586
0.51406646
0.51148874
0.5214509
0.5210786
0.5086396
0.53165454
0.50133085
0.5124388
0.502167
0.51855177
0.49831626
0.50957286
0.49721986
0.5122366
0.5126182
0.5150313
0.52423954
0.4961414
0.5119619
0.51424193
0.5074299
0.51338947
0.50519866
0.51027066
0.5075511
0.50172323
0.5026402
0.49085945
0.5076401
0.5040035
0.49449027
0.4871597
0.48912263
0.4940834
0.4885119
0.49285614
0.49554193
0.47269812
0.49197116
0.49674454
0.50249696
0.48442894
0.48458415
0.4796897
0.4904818
0.47504026
0.4793152
0.45696095
0.50204486
0.467254
0.48374468
0.48283145
0.48634258
0.47875145
0.46974394
0.48836392
0.4865277
0.4800986
0.48892006
0.5035807
0.49310905
0.48653704
0.48690063
0.47160065
0.49595684
0.48006558
0.4734021
0.4793653
0.47408292
0.48008624
0.46559498
0.4718345
0.46799806
0.4780723
0.4758805
0.465379
0.47695684
0.46351814
0.46928033
0.47116184
0.4728087
0.46741965
0.4762244
0.47627425
0.47428483
0.49094746
0.4603395
0.49050432
0.4762538
0.47932252
0.4762843
0.48229638
0.4648283
0.47918954
0.45759407
0.47512317
0.48385254
0.46060398
0.4631962
0.47944504
0.48036352
0.47783738
0.47895682
0.47695348
0.47048524
0.47455487
0.46601164
0.47277173
0.44552934
0.46744436
0.4674653
0.46787456
0.47181702
0.44640484
0.46130607
0.45369357
0.46048984
0.44106758
0.4512036
0.43645096
0.4418644
0.4448802
0.44874465
0.44687408
0.4436958
0.44787246
0.43633696
0.45354405
0.45457742
0.4470965
0.44444486
0.44475806
0.4494841
0.44291595
0.454339
0.45727167
0.44965485
0.47205502
0.46045947
0.45504215
0.4474198
0.459203
0.45867056
0.46304336
0.4463127
0.46264252
0.46111703
0.43451753
0.43860847
0.44482324
0.4395875
0.44829452
0.443603
0.4573521
0.4330323
0.43520626
0.4370379
0.42521283
0.43795007
0.42844617
0.44409952
0.4430711
0.4516967
0.42778116
0.4344221
0.4256056
0.43067268
0.43873864
0.42385364
0.43339157
0.4299292
0.403433
0.4215458
0.44190764
0.43089086
0.42309096
0.44063523
0.43777078
0.4326008
0.4230755
0.43020517
0.42166525
0.4252712
0.43169466
0.42824155
0.4252368
0.41908777
0.43292513
0.42662004
0.42708585
0.41449848
0.4191601
0.406965
0.42813322
0.41191056
0.4104349
0.4096264
0.4097386
0.40850604
0.41225833
0.41161552
0.42053044
0.4061347
0.40820202
0.4205802
0.4158511
0.41031268
0.4085315
0.41703355
0.4134508
0.40021855
0.42669955
0.41497666
0.4197231
0.41497153
0.40163824
0.40160915
0.4154483
0.4291678
0.4156798
0.4138153
0.4034199
0.40349904
0.397515
0.4158209
0.41638365
0.4111093
0.4079238
0.41352546
0.38278025
0.41769567
0.39369047
0.40461057
0.39199924
0.40350774
0.40880445
0.43507197
0.42138112
0.40059674
0.40864992
0.39473233
0.39935917
0.41103008
0.42805937
0.4197864
0.4085305
0.40968198
0.40971634
0.40702018
0.3963214
0.41130027
0.4060298
0.39972168
0.42041045
0.40560928
0.42523268
0.41767308
0.41206843
0.40609547
0.40690765
0.41929153
0.40368783
0.40982828
0.40374088
0.39099485
0.4030394
0.40763402
0.38670498
0.40148017
0.39568362
0.3976613
0.384834
0.40732518
0.40316254
0.39665294
0.37714246
0.39135236
0.37541282
0.39097863
0.38333857
0.40001145
0.385484
0.39727166
0.38650775
0.38047498
0.38021082
0.3837712
0.38592654
0.393971
0.3870641
0.41037986
0.38907802
0.3864199
0.3821138
0.37525722
0.38302153
0.38379768
0.38260126
0.39160207
0.40214503
0.3962653
0.38442263
0.39999238
0.40546685
0.39977297
0.38568678
0.37716034
0.3864397
0.38658804
0.38978517
0.37232977
0.378124
0.3767616
0.37723067
0.37430453
0.367792
0.3667811
0.3744953
0.37824404
0.37483528
0.37728524
0.3779597
0.3652693
0.3629117
0.36975437
0.372735
0.35849404
0.36421898
0.35372204
0.36558837
0.36429176
0.35361284
0.35246152
0.36494818
0.3615387
0.3479112
0.34832984
0.35575172
0.3418706
0.35280275
0.34907496
0.35727257
0.3512099
0.3490241
0.35187882
0.33479592
0.34370297
0.339475
0.35022762
0.34663424
0.34431118
0.34514773
0.3556012
0.34168637
0.34716186
0.33949247
0.35063928
0.34672967
0.34814787
0.348026
0.3385823
0.32429752
0.34542882
0.33657995
0.34020585
0.3494757
0.33954403
0.3377697
0.35028785
0.33369905
0.3367172
0.33998877
0.35301855
0.3401402
0.33980942
0.33052742
0.32851657
0.34976542
0.3388096
0.32218328
0.35627165
0.33669657
0.33685154
0.3465848
0.34315714
0.33905667
0.32926682
0.34481385
0.33947435
0.36928904
0.33682707
0.34048247
0.33349314
0.3151972
0.324786
0.32289588
0.3261544
0.31922534
0.33442977
0.32450745
0.33280042
0.32639545
0.3416519
0.33425042
0.32824525
0.32797852
0.33773395
0.3222623
0.33138922
0.32425848
0.33019167
0.32842374
0.33971655
0.32241127
0.32264727
0.31443793
0.3351814
0.3286282
0.3241525
0.32019567
0.33905905
0.32790425
0.32064122
0.32214013
0.31944057
0.31643358
0.35010558
0.32396713
0.34493834
0.30464962
0.3152183
0.32839262
0.33089465
0.3275091
0.3090023
0.3782466
0.33319408
0.3267286
0.33106014
0.32271066
0.30898213
0.31403863
0.33412862
0.32263538
0.32100257
0.32767436
0.31867334
0.32570875
0.33461517
0.3281394
0.33248293
0.33073303
0.3220409
0.3227923
0.3287084
0.3218911
0.3299512
0.31604362
0.32335314
0.31542864
0.2999617
0.31991667
0.30768302
0.3130353
0.31372458
0.31900552
0.2950438
0.3040291
0.2997764
0.30553734
0.3079349
0.3074766
0.30745554
0.3313767
0.30914584
0.30450124
0.29765776
0.3030978
0.3006199
0.3061622
0.2923222
0.29492703
0.3012424
0.2970328
0.3003108
0.2867644
0.30064645
0.2906101
0.288
0.29982093
0.28914228
0.30551738
0.31833163
0.3049489
0.308027
0.3077581
0.31321394
0.29667044
0.31223965
0.31842205
0.3157209
0.31162587
0.31439283
0.3037961
0.30084178
0.29314485
0.30099818
0.30762056
0.30806676
0.30517066
0.30591497
0.3078384
0.3022092
0.29901958
0.28949597
0.29035348
0.3049322
0.29805085
0.3058521
0.31573263
0.30945554
0.28582618
0.29302743
0.29905707
0.29815504
0.2862657
0.2915158
0.30286697
0.2978676
0.29056537
0.30040094
0.2866905
0.28736737
0.30575326
0.2831889
0.2890032
0.28490102
0.2964157
0.27968413
0.29308692
0.28414768
0.29082665
0.27624336
0.28644243
0.28350553
0.29597843
0.29224345
0.30504426
0.30554193
0.29661226
0.28739113
0.28984982
0.31483254
0.30602702
0.29428878
0.2979875
0.29804945
0.29095584
0.29600105
0.29168165
0.28894466
0.30106935
0.29055497
0.29294258
0.28051403
0.29718024
0.2886819
0.27937952
0.2877156
0.27921727
0.29309526
0.31509075
0.29015407
0.2803279
0.2957889
0.28516942
0.31044543
0.29275122
0.28238836
0.2970621
0.28649038
0.29435754
0.28718215
0.28748012
0.28303805
0.28310564
0.29327896
0.27741498
0.2837976
0.2879359
0.2823717
0.30518422
0.29113093
0.28714344
0.28850242
0.28303677
0.2678931
0.2831278
0.28508046
0.273483
0.28001502
0.28326032
0.2721491
0.27689013
0.26520133
0.26503125
0.27787304
0.27642772
0.26312336
0.2813903
0.27180487
0.26988095
0.27284843
0.2751427
0.2852469
0.28202212
0.27955303
0.29167372
0.28823823
0.26762393
0.28158674
0.26992813
0.2834745
0.2787184
0.2716947
0.27534887
0.27055568
0.26925823
0.276584
0.25924033
0.2750708
0.2727365
0.26395813
0.27154088
0.2708548
0.2811238
0.28446618
0.26955098
0.28040722
0.27709126
0.27788928
0.2822484
0.2749733
0.28506774
0.26909357
0.2599787
0.27474427
0.27180243
0.27942356
0.27279052
0.27608746
0.27934986
0.2792466
0.25597858
0.27283812
0.2591384
0.27355245
0.27356508
0.26490644
0.25585967
0.26296967
0.25632876
0.2579059
0.25021657
0.27844933
0.24618913
0.2526823
0.25493765
0.2756217
0.26322496
0.25782472
0.26489982
0.24849549
0.26107627
0.25286996
0.25346765
0.2583982
0.24341862
0.25686857
0.25534278
0.25828236
0.25916117
0.26688167
0.25417185
0.26303008
0.25127244
0.25847825
0.2637075
0.27493703
0.2668718
0.2694446
0.27961257
0.26777095
0.25087237
0.25062627
0.2588022
0.26750544
0.25471377
0.25762078
0.25915152
0.26166752
0.2556816
0.26805463
0.26466417
0.25119525
0.26653007
0.2575841
0.2682315
0.2551728
0.24856783
0.2613754
0.26155788
0.2631566
0.27094164
0.26631373
0.2596507
0.24431252
0.25110248
0.254009
0.24407972
0.24946044
0.25119185
0.24853994
0.25669906
0.26044822
0.26642904
0.24261871
0.25143534
0.23807321
0.2563496
0.26226673
0.25563002
0.25722528
0.2540932
0.2514282
0.25546896
0.2516769
0.26190728
0.24299225
0.2560166
0.24523975
0.24698904
0.25289494
0.25186658
0.25819594
0.25640172
0.24002735
0.24922216
0.2653183
0.24376072
0.25400522
0.24811086
0.2465377
0.24685895
0.25196043
0.2426422
0.24172021
0.249666
0.25139493
0.23883732
0.23879585
0.25326273
0.2627008
0.24547656
0.23728994
0.24708657
0.2461794
0.2519489
0.25637
0.2536331
0.25932592
0.25368592
0.25082153
0.25427413
0.26451445
0.25726217
0.2383697
0.24773747
0.25744298
0.24092156
0.24240893
0.261982
0.2500005
0.25340208
0.2464496
0.24648619
0.24871148
0.23866628
0.23450059
0.23681407
0.22921613
0.24203221
0.23606421
0.245479
0.23364832
0.23457178
0.22314307
0.2529652
0.2450237
0.23417331
0.24279381
0.24466805
0.2257323
0.23393947
0.2422158
0.23740086
0.2696613
0.24537118
0.23820758
0.24540351
0.24549593
0.2554139
0.24006216
0.23498869
0.24611752
0.24447352
0.23933098
0.2536239
0.25141957
0.26242837
0.25627506
0.24526444
0.24800938
0.24887457
0.2597585
0.24924287
0.25148636
0.25072628
0.26464227
0.24398983
0.26265973
0.264391
0.26465976
0.25301135
0.26012605
0.2344763
0.23700286
0.2451762
0.24471143
0.23254044
0.24124354
0.24415672
0.22735298
0.24500531
0.25064585
0.25002354
0.23824942
0.23427367
0.23463431
0.23131618
0.23269826
0.2340679
0.22901653
0.22475931
0.25374854
0.22407463
0.22775802
0.22526745
0.21686903
0.22374924
0.23343761
0.23402677
0.21188171
0.21660092
0.23690237
0.22530973
0.21484767
0.23136447
0.2129382
0.2310719
0.22359557
0.2282924
0.22968325
0.22542724
0.21273956
0.21862179
0.23188034
0.22623019
0.21977967
0.22612438
0.2229531
0.22875735
0.22281438
0.20548561
0.23137975
0.22483647
0.20835881
0.22465506
0.2057678
0.22173396
0.21888798
0.21844167
0.22408995
0.2122884
0.22743367
0.2091747
0.22585717
0.21355058
0.2287918
0.21252067
0.22801332
0.22279118
0.2296772
0.22564283
0.22392984
0.22936466
0.21997656
0.2039769
0.22218259
0.21213706
0.22946414
0.21732186
0.20551996
0.21450683
0.22071593
0.22140875
0.21716402
0.21871245
0.21930328
0.22159077
0.21781096
0.2182379
0.19965835
0.21411721
0.2037787
0.21422023
0.2084356
0.19317582
0.21048231
0.20149186
0.20147796
0.19142108
0.20140268
0.20345591
0.20877582
0.2116173
0.26249915
0.20246422
0.20830995
0.20407592
0.21671179
0.21049806
0.21609217
0.21400157
0.21201022
0.21337992
0.20038332
0.21963121
0.21046388
0.19977193
0.21323732
0.20810586
0.21186137
0.20368962
0.20083494
0.19034164
0.20907599
0.19014767
0.21032253
0.20800461
0.19791733
0.19651727
0.21672209
0.20631924
0.21096167
0.21064718
0.19385521
0.20301118
0.18938613
0.20791207
0.20788708
0.21391594
0.19550958
0.20462061
0.20502904
0.20468837
0.20172806
0.19885188
0.20093274
0.19872849
0.2073691
0.21752511
0.21552254
0.21683018
0.21113838
0.21257569
0.21517208
0.20207478
0.20268488
0.18767916
0.20188771
0.20234184
0.21396151
0.19693762
0.20450427
0.21605714
0.20665318
0.19449963
0.20600477
0.20607282
0.20166412
0.20045938
0.1915015
0.19624814
0.19241881
0.19607283
0.21118465
0.20329028
0.18651053
0.20057933
0.19334082
0.18102805
0.19690622
0.19321318
0.19088115
0.1863962
0.18520783
0.19873407
0.1996373
0.19818592
0.20002249
0.19351956
0.20529008
0.20916963
0.19324863
0.18389247
0.1958042
0.20329756
0.19911438
0.18284301
0.19212383
0.18684544
0.19269383
0.20294994
0.1949217
0.19339406
0.19160923
0.1943294
0.20134245
0.19407065
0.18650931
0.19159764
0.19093476
0.19067554
0.1920173
0.1976742
0.18703225
0.18355513
0.18206048
0.19607362
0.194545
0.19424865
0.18395925
0.19455956
0.17354815
0.18097623
0.1887683
0.1888509
0.18689983
0.18969414
0.197483
0.18901284
0.19090356
0.19532526
0.18866156
0.18579495
0.1847168
0.20042387
0.19220129
0.19625528
0.19022438
0.18453911
0.19273937
0.19215901
0.20137465
0.18421277
0.17668508
0.20447432
0.19547354
0.19997974
0.18305264
0.2043716
0.19086333
0.195733
0.20090207
0.18357797
0.18562678
0.19085592
0.19396764
0.18241195
0.1871299
0.1912158
0.19219778
0.18814506
0.19436456
0.17829105
0.19344291
0.19313376
0.17809504
0.19059987
0.19783543
0.18819733
0.19381084
0.18906413
0.18660793
0.19520842
0.17511111
0.19286016
0.1889006
0.18760023
0.19317314
0.18121707
0.18349646
0.18102658
0.19847357
0.1949124
0.20450121
0.19179189
0.19216102
0.1915022
0.2089461
0.18285057
0.18922943
0.19008277
0.17948242
0.17962967
0.20062216
0.19173315
0.187193
0.18275821
0.18699892
0.18491665
0.18163383
0.18027426
0.17866763
0.17287764
0.18121701
0.17266575
0.18727006
0.17947479
0.18630877
0.1833622
0.18098581
0.18951206
0.18698353
0.18475398
0.18031363
0.1816988
0.17693454
0.16998078
0.18016323
0.1760028
0.19433917
0.17246626
0.18695122
0.17938194
0.17595078
0.18413836
0.18183295
0.17831361
0.1818803
0.18092752
0.18216814
0.1788618
0.17798652
0.18643542
0.19453631
0.19089863
0.17957695
0.18750341
0.1991747
0.18952797
0.17828645
0.1649014
0.18260731
0.18403663
0.17685339
0.17300574
0.16374238
0.18104263
0.1805076
0.17292964
0.19479899
0.17509995
0.18632147
0.1791855
0.18038811
0.17883846
0.17738517
0.18425068
0.18721034
0.18457772
0.17381611
0.18714267
0.17518221
0.19048944
0.1734765
0.17708004
0.16964711
0.17301825
0.17686017
0.1744523
0.16493918
0.17176872
0.25138658
0.16861632
0.17227054
0.18970509
0.17964545
0.16137816
0.17888494
0.17350483
0.17447644
0.1666566
0.16752504
0.17808199
0.17812502
0.17857438
0.16541874
0.17791492
0.16581582
0.17223282
0.17463069
0.17605717
0.17271584
0.16712496
0.16866066
0.16644993
0.17868122
0.1933933
0.17569764
0.18443388
0.1729879
0.1639464
0.17919534
0.16687085
0.17944583
0.18188447
0.1805122
0.1809864
0.18220651
0.17167068
0.1708161
0.17450228
0.1813636
0.17803095
0.17897506
0.1776528
0.17131884
0.17469062
0.16462813
0.17213562
0.18363012
0.1741409
0.19145198
0.17866784
0.17574124
0.18681401
0.1747714
0.1820483
0.18360667
0.18280184
0.18206157
0.16676937
0.17089693
0.18245442
0.17859949
0.17891541
0.17587636
0.17814292
0.17742448
0.1851885
0.18317531
0.17246853
0.1841684
0.18441845
0.17801735
0.17759305
0.17843056
0.17269397
0.17785877
0.18121174
0.17294979
0.16373794
0.17467363
0.17317805
0.18005799
0.17404415
0.17721167
0.17523044
0.18180245
0.17466085
0.1714927
0.2176474
0.17587063
0.16864161
0.16270044
0.17589545
0.1724535
0.15894888
0.17083408
0.17035636
0.16303293
0.16380234
0.16366439
0.17705172
0.1724591
0.16644487
0.17695594
0.1733742
0.16757588
0.16489671
0.17770013
0.17701921
0.1758001
0.17936061
0.17481641
0.16986412
0.1659266
0.16781472
0.1680565
0.17020084
0.1634344
0.17697248
0.15858428
0.17951079
0.17571302
0.17977898
0.16473211
0.17223017
0.18647203
0.17451471
0.16554587
0.16358614
0.17693657
0.17477685
0.17528403
0.16789469
0.17936799
0.17784981
0.17252803
0.16355209
0.16581848
0.17062944
0.19964388
0.17564975
0.17419495
0.18288942
0.17716853
0.16151
0.16681436
0.1663511
0.1783538
0.17290767
0.15963668
0.174965
0.17183065
0.16655299
0.16717266
0.16465686
0.17471415
0.17152683
0.16194054
0.17038552
0.16369471
0.16363011
0.19037823
0.17399523
0.17501555
0.15846361
0.1679476
0.17769873
0.16101094
0.15945514
0.1668393
0.16263746
0.1583107
0.15196158
0.18172368
0.1598838
0.16068383
0.16774298
0.17017184
0.15877758
0.16013005
0.16669005
0.16800712
0.16026972
0.16512756
0.1639326
0.17020504
0.1596006
0.16861054
0.16629031
0.16695403
0.17323332
0.17655857
0.17897657
0.16186641
0.16546804
0.15850565
0.17648122
0.17630605
0.17137133
0.16097426
0.1665469
0.16002214
0.1688083
0.15867011
0.17009285
0.15856884
0.15815397
0.16289663
0.15937206
0.16428892
0.16441166
0.15978429
0.15908164
0.16516298
0.15451393
0.15810281
0.15851763
0.16665006
0.15908
0.16392955
0.14632925
0.15348846
0.1515638
0.1538484
0.16273762
0.16003905
0.1648905
0.15480138
0.15095896
0.14908627
0.15816176
0.16120832
0.1685679
0.16275004
0.15513387
0.16163875
0.1715034
0.16555488
0.1778452
0.16758983
0.17609076
0.16408251
0.16165872
0.16439788
0.16065006
0.16621739
0.16642289
0.16951779
0.18234971
0.1575267
0.15366383
0.14628342
0.15730448
0.15760475
0.16852981
0.16953778
0.16600543
0.15290149
0.1637125
0.16378093
0.16790187
0.1596036
0.15695967
0.16128813
0.16139443
0.16010378
0.16413262
0.15948434
0.15638916
0.16062842
0.15695484
0.15877637
0.15716483
0.1524732
0.16239712
0.15240088
0.15827857
0.16360432
0.1609577
0.16756053
0.15324952
0.15176839
0.16050625
0.15657978
0.15474103
0.15636934
0.16048428
0.16608894
0.1576304
0.15995084
0.16829892
0.15522982
0.14718889
0.14587776
0.15605882
0.16137694
0.1750633
0.17273845
0.15218355
0.16670786
0.15648407
0.16735788
0.15781201
0.16400757
0.15765364
0.1556373
0.14407852
0.16535184
0.16385031
0.16231014
0.16429432
0.16067551
0.16764027
0.16866614
0.1673456
0.16111763
0.15876278
0.15105583
0.16711614
0.16902138
0.16918857
0.15020163
0.17153132
0.15534681
0.15622957
0.16595304
0.17834829
0.1648991
0.1633575
0.16545895
0.15478748
0.16180325
0.15951936
0.16288115
0.1643524
0.16549009
0.18317576
0.14763236
0.15900598
0.17633
0.15372214
0.14064942
0.16240856
0.16153064
0.16305208
0.1610006
0.15687394
0.15665264
0.14859279
0.1498275
0.15168895
0.15407081
0.16539387
0.15876132
0.160889
0.16825783
0.15586594
0.1588595
0.1705358
0.15111656
0.16194989
0.15777002
0.1588762
0.15322497
0.15092547
0.15433027
0.17639075
0.15010719
0.15608849
0.16243145
0.16559362
0.15236443
0.15928432
0.15676813
0.15655237
0.1513142
0.16757116
0.15299293
0.14883028
0.15024309
0.15589102
0.15230368
0.16135262
0.15172991
0.16097493
0.14980276
0.15795787
0.16952659
0.15548532
0.16052677
0.16199462
0.15993209
0.16314556
0.16432498
0.1633232
0.15857111
0.15639848
0.15183036
0.15821846
0.1548524
0.16461584
0.15501994
0.16911356
0.16552904
0.15617707
0.15578726
0.15511316
0.16268209
0.1623228
0.17369644
0.1630457
0.1502829
0.16990668
0.16216524
0.14962943
0.16570155
0.15477046
0.15018573
0.17235135
0.15606041
0.15462273
0.1583765
0.16885257
0.16366419
0.15774375
0.15304875
0.16612467
0.16675355
0.16131243
0.1683634
0.17009601
0.17708926
0.16595125
0.15687978
0.15831335
0.17669578
0.14977995
0.17245488
0.15280636
0.17017649
0.16432336
0.15364315
0.16386291
0.16000798
0.15896961
0.16230655
0.1625273
0.16625327
0.17161879
0.16462472
0.1727903
0.16379729
0.16741063
0.16082782
0.16532782
0.15978527
0.1688001
0.15971877
0.15716985
0.16075638
0.1716736
0.15068556
0.16416726
0.1647889
0.16313519
0.15526763
0.15860401
0.17442513
0.18136029
0.15739591
0.17165516
0.1668733
0.17262991
0.1541873
0.16825952
0.15608022
0.16233155
0.16878004
0.15701857
0.16104178
0.16734108
0.16049555
0.15152058
0.15880713
0.15900949
0.15129393
0.15551099
0.1632401
0.15546806
0.16883524
0.15807533
0.15823226
0.16315992
0.15310399
0.1568232
0.15498331
0.14860702
0.15603136
0.16265579
0.16422705
0.16621566
0.15533397
0.15530506
0.14761278
0.16092885
0.15453236
0.13883892
0.16584484
0.16478612
0.16763914
0.15978537
0.17206223
0.15793271
0.16555515
0.15562142
0.1616393
0.15320264
0.16196336
0.15628101
0.15538682
0.1585916
0.15502818
0.14921245
0.15674895
0.15809238
0.15739991
0.17167236
0.15573849
0.1604369
0.15830947
0.1629163
0.15729252
0.15383942
0.1566887
0.15216012
0.15371227
0.16457544
0.14463547
0.15714163
0.15552247
0.15494202
0.1655879
0.16105379
0.15717563
0.16068819
0.15859728
0.14898764
0.1511757
0.14869758
0.15970072
0.15307148
0.15535346
0.1539101
0.15483943
0.14068544
0.14739765
0.15636434
0.15799035
0.15822613
0.15292029
0.15754904
0.14241089
0.1579186
0.14849766
0.16032395
0.15082812
0.14939013
0.1520149
0.15196061
0.1802566
0.16020878
0.15729322
0.14244834
0.15786146
0.16063292
0.16070129
0.15569665
0.16624391
0.15200283
0.15227236
0.1578745
0.15683731
0.16077392
0.15440346
0.16046603
0.16425125
0.16240782
0.16551714
0.16961616
0.17201154
0.15960126
0.16334163
0.16668294
0.15823135
0.15802403
0.16245447
0.1534044
0.17667122
0.16632618
0.14786226
0.16517526
0.16273788
0.15609933
0.16176553
0.16779193
0.16905178
0.17502356
0.1743684
0.16302791
0.21442972
0.17152135
0.16532852
0.15405063
0.1445651
0.16003186
0.14949788
0.1703653
0.16245136
0.16461834
0.17250745
0.16233186
0.16821931
0.15218219
0.16724032
0.17512615
0.1682986
0.15012553
0.1598684
0.16724813
0.16315418
0.15434602
0.14859484
0.15364854
0.16019277
0.16192439
0.15019977
0.16577733
0.1654633
0.16085921
0.16544223
0.15374936
0.17759189
0.16189909
0.16721399
0.15376496
0.15220715
0.15504637
0.15909609
0.15469076
0.17427589
0.16271774
0.15762661
0.15817195
0.17212938
0.15729758
0.16710791
0.15450774
0.14919238
0.15772763
0.1613035
0.17117323
0.16307668
0.16017209
0.16134346
0.15076955
0.15579623
0.16080427
0.15953685
0.14874634
0.1526498
0.15606123
0.1529971
0.15705152
0.1496729
0.15423952
0.14951597
0.15342069
0.15928964
0.15658581
0.15510425
0.14680077
0.15178412
0.1649107
0.15720186
0.15449297
0.1564355
0.15785147
0.15880969
0.15441611
0.15191104
0.15380771
0.15524474
0.14907688
0.1472973
0.14743194
0.15532759
0.167083
0.15754288
0.14717478
0.1531538
0.15168698
0.1550924
0.1466957
0.14445315
0.14971882
0.15416227
0.1499147
0.17546874
0.14807402
0.15955491
0.14851813
0.1598492
0.16855673
0.1644747
0.1475932
0.14780298
0.15736884
0.14815581
0.15817584
0.16129942
0.1584085
0.14491361
0.1580402
0.14315678
0.1587069
0.15524945
0.15043461
0.15902534
0.15340433
0.16016048
0.14833328
0.155474
0.15397799
0.15285507
0.1521606
0.13970587
0.14523277
0.15056051
0.13888796
0.14360999
0.15044613
0.14319628
0.14231066
0.14937204
0.15558511
0.15659893
0.13596006
0.14166045
0.14352597
0.16398022
0.15944092
0.15361848
0.14011475
0.14773977
0.1506942
0.14414273
0.13813326
0.14769755
0.14516902
0.13751368
0.14771272
0.14914179
0.13596703
0.14392346
0.14044547
0.1412587
0.15265879
0.14133048
0.15136683
0.13504916
0.1464413
0.15340395
0.16554327
0.14445661
0.15486807
0.13693373
0.1408422
0.15228227
0.1432934
0.14743145
0.14457445
0.15383548
0.15213919
0.14463289
0.15107973
0.13413475
0.14460854
0.15867187
0.15375955
0.15329218
0.15066135
0.14036043
0.14210042
0.13900049
0.14909236
0.13959184
0.14816272
0.13839093
0.14089082
0.1530971
0.15031545
0.14805427
0.14325903
0.13921207
0.14533208
0.1401472
0.13928008
0.13283464
0.14158751
0.14576434
0.13537872
0.14022164
0.13627815
0.14768143
0.13050318
0.13600643
0.14991856
0.14022471
0.13885495
0.13300824
0.14496575
0.14223775
0.13550726
0.13526095
0.13746104
0.15098307
0.137536
0.14352712
0.14326847
0.13647398
0.1493887
0.14783505
0.14704874
0.13596651
0.12991074
0.1522166
0.13101996
0.15604535
0.13767605
0.14192
0.15590471
0.14822623
0.12990458
0.14874166
0.14815073
0.15020591
0.13804056
0.13395369
0.1442096
0.1412764
0.14686589
0.14061634
0.14808269
0.14379227
0.13796756
0.14360349
0.13871022
0.13354787
0.15292047
0.140287
0.14054628
0.13977961
0.14855355
0.12369036
0.14903665
0.13801934
0.14264618
0.14285414
0.13625993
0.13172074
0.14904472
0.14443779
0.14595215
0.13736181
0.13723347
0.13906544
0.14058113
0.14736044
0.13312817
0.15131845
0.14176488
0.1317348
0.16220023
0.14278874
0.14584512
0.14556801
0.13869525
0.14251585
0.14253163
0.13677819
0.1328864
0.13889962
0.1670118
0.12671822
0.1438396
0.13780656
0.14259271
0.13993567
0.1411466
0.13942395
0.1360674
0.14500608
0.1571919
0.15708536
0.1420288
0.14793359
0.14558683
0.13934937
0.14361514
0.14541887
0.14742093
0.13729125
0.13695587
0.1402861
0.14022149
0.15898167
0.1415048
0.13944681
0.1593177
0.147901
0.13740407
0.15352818
0.14365096
0.15389611
0.14880529
0.14885078
0.14193167
0.15029018
0.14573424
0.14304811
0.14039187
0.13671337
0.13468908
0.13432637
0.13910201
0.12872052
0.14320596
0.14649066
0.14616364
0.13608067
0.13753626
0.14608878
0.14231823
0.13906087
0.15737897
0.14735793
0.1544358
0.14292565
0.15597984
0.14170381
0.15299965
0.1497962
0.15284574
0.14012334
0.15094256
0.14374787
0.14743446
0.14921932
0.143597
0.14410865
0.15235722
0.15476102
0.15598439
0.13803396
0.15195407
0.15271987
0.15301886
0.14057481
0.15065782
0.1501336
0.15055458
0.13827163
0.14433166
0.1377809
0.14542075
0.14251304
0.15147404
0.13924342
0.15481873
0.15318894
0.14039512
0.14507957
0.14442606
0.13829386
0.14533815
0.14133999
0.1460404
0.14909643
0.14719851
0.15366012
0.14995289
0.14866082
0.14199474
0.14688608
0.15113832
0.14557159
0.16230336
0.14628997
0.15625262
0.15132523
0.15682967
0.14082427
0.14894603
0.16770954
0.149889
0.14977098
0.15066236
0.14760894
0.14487317
0.14902909
0.13760507
0.13432145
0.13589609
0.1340724
0.14718539
0.14296542
0.14110939
0.1359301
0.14150499
0.14322121
0.14160651
0.15808073
0.14306867
0.1434372
0.1456188
0.15465777
0.13927595
0.13990565
0.15833156
0.14812025
0.15493092
0.151364
0.13864294
0.14404577
0.14509472
0.14026967
0.14835568
0.13730018
0.15023923
0.1340457
0.15332083
0.14381969
0.14786993
0.1529632
0.13892885
0.14148532
0.1277763
0.15105957
0.13429771
0.1428055
0.14391549
0.14541252
0.14986987
0.14237079
0.1424031
0.12808904
0.13525258
0.14870748
0.14453374
0.136795
0.12460137
0.14085804
0.13504209
0.13457568
0.14106148
0.14022616
0.12839463
0.13258235
0.15266758
0.1396146
0.14931789
0.13769205
0.14941035
0.13263208
0.14630169
0.14346218
0.13580109
0.13993366
0.15198694
0.15120658
0.14336662
0.14101161
0.16756234
0.13474357
0.14957559
0.1404096
0.13965006
0.13574003
0.14104761
0.14080305
0.14642318
0.13119246
0.14131068
0.12730907
0.13308868
0.14865993
0.13535033
0.13587977
0.14313652
0.14307873
0.14796011
0.14840183
0.1472978
0.14375632
0.1354587
0.12909833
0.14574519
0.14744487
0.1488266
0.15136763
0.13264057
0.1589813
0.15490523
0.15445228
0.1518365
0.13229232
0.1570027
0.15334427
0.16571052
0.1613947
0.13829423
0.15392232
0.15860762
0.15520097
0.14502934
0.14659481
0.14254227
0.14127398
0.14383954
0.13213746
0.13632314
0.14367956
0.14782572
0.14520839
0.13841197
0.13228634
0.15156804
0.14014608
0.14969985
0.15557452
0.13877605
0.14997315
0.14914256
0.1372309
0.13658501
0.15488048
0.137893
0.14557925
0.15988052
0.14535388
0.13844332
0.13552591
0.14502166
0.1389734
0.13237703
0.1323466
0.14456427
0.13745782
0.13197464
0.15423772
0.13538168
0.14024651
0.13924871
0.14122751
0.15549712
0.14590548
0.15346126
0.1611572
0.15038294
0.15905543
0.15341674
0.15302293
0.13992663
0.14530769
0.1510999
0.14353138
0.15385672
0.14855322
0.15174629
0.15162657
0.1410446
0.14635833
0.13781725
0.154335
0.13436046
0.1328211
0.14576775
0.1531363
0.1313124
0.15029313
0.14016798
0.14134352
0.14965929
0.1488291
0.13569058
0.1458137
0.14343399
0.15399025
0.14963457
0.1459814
0.13672927
0.146508
0.14555755
0.13811237
0.13684466
0.14462402
0.15241851
0.15069754
0.15609807
0.14491089
0.1624527
0.14378197
0.14850816
0.14958489
0.13071604
0.14239901
0.13538918
0.14774075
0.15595151
0.15681349
0.14820638
0.14225635
0.14919472
0.1424397
0.14547274
0.1433837
0.14075993
0.13162586
0.13364667
0.14724755
0.14213975
0.13312821
0.15303631
0.1444815
0.14763182
0.15617657
0.13624533
0.14552729
0.14722978
0.14515215
0.148839
0.159366
0.13994208
0.14478412
0.15172409
0.16029218
0.14370233
0.13191463
0.14238024
0.15406612
0.14918934
0.14378424
0.15277015
0.14911439
0.15213864
0.15436994
0.15031445
0.17804942
0.13494046
0.1466008
0.16058463
0.1505836
0.13963264
0.14555633
0.15318562
0.1454381
0.1380349
0.1478041
0.13811438
0.15242952
0.14397869
0.15364408
0.15139824
0.1473471
0.1491723
0.14562206
0.15926152
0.14606401
0.1446683
0.15791948
0.1486132
0.1551579
0.14634737
0.15122214
0.15716358
0.15078494
0.14336994
0.14419495
0.15762499
0.15467128
0.14002475
0.15363714
0.13254613
0.13787518
0.15232696
0.15410988
0.14620948
0.1474777
0.14758831
0.14707376
0.14313616
0.14964168
0.15313435
0.14468528
0.15573117
0.1567583
0.15231147
0.15582944
0.16183959
0.14660585
0.15814401
0.16110261
0.15213495
0.1478044
0.1601491
0.16947299
0.15021345
0.1582422
0.15660809
0.16004871
0.1832559
0.15847728
0.18670076
0.14448763
0.16193476
0.1546961
0.16089381
0.14617345
0.15123011
0.15185016
0.16359401
0.14984149
0.14711292
0.15121561
0.14546297
0.15292381
0.17243746
0.15288435
0.15114681
0.16099887
0.15237981
0.13949344
0.14540073
0.16996497
0.14741461
0.13246888
0.15838842
0.13966697
0.15488888
0.14752342
0.15371557
0.13602933
0.15699352
0.15368646
0.14684244
0.14600983
0.15351497
0.1435798
0.14868248
0.15422177
0.15501209
0.1669265
0.14607814
0.15882508
0.14643933
0.1511226
0.15512185
0.15366565
0.15908717
0.15767401
0.14546655
0.15564105
0.151685
0.15098481
0.16083236
0.14807284
0.14473192
0.14956382
0.1493834
0.16626835
0.13718268
0.14366136
0.15119137
0.15108614
0.14802635
0.16560629
0.1515141
0.13757996
0.15164684
0.14637887
0.15580505
0.1587062
0.14213316
0.15595046
0.15627703
0.15821755
0.14743492
0.13380602
0.15296653
0.1627127
0.16275164
0.19634524
0.16605517
0.15305306
0.1543591
0.15147686
0.15527718
0.1402015
0.14564875
0.1624746
0.1490355
0.14491451
0.15282875
0.14849325
0.13940477
0.14312035
0.15787907
0.12860213
0.16723229
0.14511456
0.15801235
0.15118161
0.16565964
0.16725281
0.15902407
0.15726894
0.153181
0.15741554
0.16057864
0.16029948
0.15574284
0.15128125
0.15228409
0.16029131
0.15038988
0.14679575
0.15191913
0.1622216
0.16127948
0.15773699
0.14268212
0.15083131
0.15023874
0.18106177
0.16968241
0.1559453
0.15800925
0.16406861
0.1684061
0.1692966
0.15082814
0.17577614
0.15727596
0.15305005
0.16018023
0.1637847
0.1760976
0.16214262
0.1614875
0.16068769
0.15785262
0.15094198
0.14102963
0.1555598
0.14562751
0.15351285
0.15741818
0.14868033
0.15582524
0.15838394
0.15039925
0.17056656
0.14995643
0.1588059
0.1567349
0.14871047
0.16017173
0.1458396
0.15168887
0.16066507
0.17180619
0.14788936
0.15304624
0.15134454
0.14211193
0.15247208
0.15955928
0.14563708
0.15766053
0.15374808
0.17033683
0.14175001
0.15812539
0.1476708
0.15937904
0.14265059
0.15377478
0.1462808
0.13328469
0.16326426
0.149523
0.13201405
0.15178587
0.15059517
0.15065339
0.15778421
0.17720519
0.15253858
0.15158448
0.15884848
0.16487518
0.15017118
0.16445187
0.14291954
0.17573595
0.14282852
0.15941407
0.16756102
0.15686049
0.14910848
0.14807585
0.15544042
0.14315581
0.15261261
0.14280652
0.16292305
0.15699635
0.14392452
0.1546871
0.15048333
0.16300748
0.18456526
0.14978045
0.14859997
0.15696605
0.16767263
0.1434472
0.14803527
0.14785734
0.15629405
0.14522466
0.16966367
0.16449247
0.15169352
0.17051809
0.14679894
0.1425678
0.15708603
0.1453229
0.15065639
0.1497946
0.14281616
0.1393249
0.16008973
0.15857752
0.15106067
0.16834415
0.1732931
0.15128335
0.15200181
0.16014989
0.13952875
0.15348458
0.1545372
0.14968778
0.14469613
0.15328105
0.17106041
0.16663283
0.15290357
0.14774057
0.16327514
0.17180589
0.15424494
0.16374968
0.16054921
0.14832444
0.16754727
0.14612402
0.14305839
0.14028518
0.14119484
0.15074404
0.15962285
0.150172
0.16112301
0.15276001
0.14853981
0.1493176
0.1448458
0.15541026
0.136589
0.13881631
0.14870854
0.14765652
0.14141953
0.1359064
0.13972056
0.16695388
0.14416128
0.15403266
0.13560647
0.14490078
0.15940343
0.15397343
0.14360057
0.14452602
0.14969093
0.14550956
0.14623305
0.14393096
0.13852437
0.14586158
0.1576569
0.14197569
0.1371671
0.14573352
0.16185921
0.15822543
0.16488801
0.16294022
0.14476103
0.15029693
0.14708939
0.16493113
0.14904189
0.16698435
0.15360585
0.13143168
0.14919774
0.15861656
0.15261416
0.16165265
0.14361328
0.16292478
0.16920845
0.16600062
0.16360854
0.15269315
0.15344115
0.17263906
0.1545904
0.15069568
0.14570777
0.16663837
0.15762831
0.16939053
0.15103906
0.15998857
0.15175241
0.16483821
0.15235081
0.14529026
0.14403713
0.15375748
0.15029754
0.15558714
0.1447058
0.14605641
0.1550863
0.15174632
0.15124229
0.1413734
0.15488675
0.14685248
0.13793972
0.14864592
0.17032821
0.1559535
0.15199365
0.16015847
0.16622381
0.1531662
0.1609078
0.15889639
0.14781381
0.15786885
0.16985932
0.15580337
0.16035451
0.14404196
0.15750057
0.16179042
0.15444219
0.1776325
0.18351497
0.17383094
0.16225302
0.1652498
0.18184221
0.16076806
0.14989473
0.17128044
0.17143367
0.17101176
0.17272162
0.15961866
0.16507569
0.1752453
0.17966875
0.155495
0.15989487
0.19966698
0.16925004
0.17701833
0.18420346
0.1714592
0.17261323
0.15373927
0.16629845
0.16550992
0.16798437
0.17092763
0.15760268
0.17765921
0.168055
0.15227056
0.17011651
0.14444935
0.17047465
0.16645065
0.16115507
0.16808027
0.15760773
0.14932388
0.16640526
0.17215315
0.1548294
0.15741964
0.17340599
0.1579362
0.16507246
0.19445196
0.14547038
0.17075455
0.14518127
0.16346958
0.14422773
0.16512673
0.1698519
0.15514357
0.16175587
0.16189116
0.15474103
0.14528717
0.16306363
0.16034837
0.17857268
0.16135384
0.14465798
0.14789835
0.1431885
0.16478229
0.17320737
0.17350583
0.14958128
0.1608018
0.16150226
0.18100883
0.16932493
0.16768646
0.16088569
0.16615129
0.17618205
0.17867514
0.15818605
0.17712842
0.17221554
0.17304347
0.16659883
0.1783747
0.16631578
0.16832042
0.17678328
0.1665583
0.16906597
0.16870679
0.16331506
0.16901597
0.16535197
0.16950752
0.15982394
0.18239741
0.18002784
0.16248865
0.18549259
0.17311314
0.18486615
0.17924228
0.18023106
0.17224433
0.20752567
0.16755569
0.17490748
0.24292707
0.16753949
0.16707034
0.16627422
0.18072222
0.20455424
0.1804763
0.18117957
0.17518681
0.15996274
0.17306086
0.17737506
0.16844216
0.16285482
0.16537867
0.16416453
0.17013331
0.16985618
0.16945425
0.18684411
0.17621166
0.18317035
0.16636696
0.1794716
0.189728
0.1783721
0.19555992
0.16344903
0.16503195
0.16928406
0.18839888
0.17915383
0.19932258
0.17835635
0.17935473
0.17810048
0.16804643
0.18013553
0.17981245
0.18441032
0.1971609
0.1652121
0.18951343
0.17886919
0.16558796
0.1860466
0.20260593
0.16865773
0.19952793
0.1902389
0.19809213
0.18312947
0.18169048
0.17486325
0.16202253
0.18506902
0.18407495
0.18016762
0.17819731
0.20990363
0.19453487
0.18694535
0.17472918
0.18058528
0.18454598
0.1726598
0.17706852
0.15585221
0.16739903
0.17082098
0.17283443
0.16954345
0.16591324
0.1600351
0.16870873
0.16729832
0.18174703
0.16463284
0.18498486
0.17832275
0.18321513
0.1712649
0.18806185
0.158675
0.16960281
0.17379902
0.17933188
0.1583478
0.17723353
0.18811996
0.17059608
0.17081517
0.16403449
0.16980243
0.17872056
0.16174607
0.1703333
0.15395665
0.15761986
0.17550515
0.1666318
0.16375497
0.17332871
0.16156621
0.16750686
0.19200385
0.17771316
0.16771065
0.1764681
0.1614769
0.17646797
0.17125934
0.17219043
0.18088636
0.17226055
0.17859548
0.1672826
0.18523435
0.16244212
0.17292677
0.16358882
0.17241175
0.16322663
0.15538844
0.15214011
0.18401548
0.1722722
0.18716192
0.17843203
0.17786692
0.18205003
0.18979266
0.17143856
0.1782448
0.1543505
0.15544981
0.17586718
0.16949011
0.16822988
0.1892234
0.18377021
0.16682568
0.15872861
0.15025936
0.17167825
0.16654141
0.17569846
0.16103636
0.18850496
0.17413011
0.17269833
0.17334074
0.1722932
0.19524492
0.17735685
0.19703552
0.16817346
0.1669112
0.15982153
0.17184241
0.1721491
0.16239564
0.16455787
0.16196664
0.18885228
0.17753205
0.18350287
0.17966142
0.16736203
0.15942524
0.1766125
0.17551658
0.18717209
0.16963615
0.16115618
0.16991793
0.18104708
0.17449999
0.19122261
0.1640021
0.17343722
0.1730167
0.18562232
0.18263988
0.18419886
0.17469348
0.1840893
0.17334569
0.17448528
0.15425022
0.19603261
0.18540238
0.17632025
0.18250833
0.18111478
0.18536393
0.17377715
0.17676778
0.20364067
0.18580693
0.1736806
0.17452364
0.19056688
0.19471797
0.16855481
0.16072398
0.19265993
0.199521
0.17300336
0.1773962
0.16319169
0.17911346
0.18969335
0.18879154
0.18813145
0.1802066
0.2144114
0.18764368
0.1910235
0.17975858
0.17052141
0.177327
0.16861317
0.17760189
0.17730632
0.16390052
0.17443293
0.16384873
0.17513457
0.17906424
0.18812469
0.18228014
0.17879057
0.16777836
0.17789103
0.1719731
0.16713896
0.20007792
0.18441796
0.17677958
0.18869764
0.17382514
0.1851852
0.17902769
0.19774598
0.17551619
0.16766888
0.17434989
0.18639337
0.181668
0.18602178
0.17866804
0.16268001
0.17004427
0.18047526
0.19955154
0.20382784
0.19078285
0.18184061
0.16810925
0.16105856
0.1809905
0.1841365
0.1855146
0.18643373
0.15577257
0.17968604
0.20353635
0.17541885
0.15353213
0.16779208
0.17774111
0.17577848
0.1729521
0.17492731
0.17257659
0.18770133
0.1762896
0.18677044
0.17788206
0.1788615
0.17858872
0.18235214
0.18161313
0.18687907
0.18829218
0.17811304
0.19460674
0.1903981
0.17051886
0.18948561
0.17980799
0.18210341
0.1930822
0.1757296
0.17161347
0.17811328
0.1569122
0.1721555
0.16236489
0.18366887
0.17772831
0.17828648
0.18064855
0.18754505
0.18252732
0.16316447
0.19361661
0.1776205
0.17546214
0.16724914
0.16844793
0.18871526
0.18110451
0.17642733
0.17121635
0.18903819
0.19007844
0.16872768
0.18215783
0.15482926
0.18706474
0.17571162
0.17113411
0.16999257
0.1714854
0.18593307
0.18827142
0.18072563
0.16481446
0.18689676
0.20485532
0.18509603
0.17483173
0.17537326
0.17980358
0.19890456
0.16865315
0.17444322
0.18226404
0.16604787
0.17571993
0.17709297
0.18480852
0.1927901
0.185574
0.17913097
0.18972558
0.20247962
0.18132967
0.17103961
0.18367162
0.18618573
0.18517411
0.16915016
0.17069043
0.19092813
0.21128088
0.18068834
0.20316567
0.16838583
0.16840845
0.18262804
0.17216966
0.16756159
0.20017426
0.18492444
0.19246064
0.17408566
0.16576646
0.19127436
0.16669463
0.16783601
0.182831
0.17604621
0.16836554
0.15343232
0.16039485
0.17186284
0.16753878
0.16242939
0.16433403
0.16337863
0.17974764
0.18322365
0.16272686
0.15591231
0.15012467
0.16500147
0.16915283
0.16824265
0.15262707
0.18210942
0.16419844
0.1960285
0.15064086
0.15647575
0.17274442
0.18456745
0.17027551
0.18975708
0.17036271
0.1741067
0.16567999
0.16704552
0.16408028
0.19021362
0.16056657
0.1752331
0.16687211
0.18015815
0.19697301
0.17504293
0.16798706
0.17758791
0.17930189
0.17040285
0.18114221
0.15916651
0.1606201
0.15944394
0.1782985
0.17062616
0.1842132
0.18529877
0.17508605
0.17526257
0.17512685
0.17891558
0.20143968
0.17810966
0.18735336
0.20378852
0.16274527
0.18839164
0.17216408
0.19157809
0.17513606
0.15976483
0.17229253
0.17981717
0.18394302
0.18178219
0.1755282
0.18650796
0.18400198
0.17633551
0.17344698
0.18401743
0.17396577
0.18469584
0.17934225
0.1840844
0.197863
0.17814854
0.19844075
0.16262065
0.17788537
0.17689544
0.18745089
0.18113907
0.1811196
0.18737681
0.1789855
0.18414171
0.19848226
0.19822714
0.16757941
0.18799324
0.17339669
0.17370951
0.1851193
0.18832666
0.17034319
0.1889726
0.19814415
0.19858012
0.20322408
0.19522737
0.19251648
0.18237907
0.1862485
0.20266071
0.21415815
0.1940423
0.2100683
0.19600534
0.16697359
0.1895704
0.20881468
0.18276781
0.18292317
0.18805721
0.17381318
0.18859687
0.17330071
0.18101789
0.17751443
0.17736867
0.18027654
0.17977539
0.20914058
0.16254565
0.15943088
0.18865736
0.19286664
0.19175076
0.18326864
0.1971148
0.18507303
0.19555368
0.18560888
0.1948426
0.19214442
0.21115708
0.19262998
0.2032998
0.18569191
0.1936878
0.19893247
0.1819511
0.17259687
0.17378432
0.18821721
0.19176331
0.19083376
0.19314334
0.18513851
0.1830983
0.18771207
0.18971996
0.21998641
0.19582635
0.19666237
0.18555246
0.19371589
0.2048484
0.19442691
0.16259177
0.18120852
0.21560058
0.19095528
0.18408707
0.18268642
0.18875378
0.19593535
0.1807205
0.17522258
0.19143657
0.20246254
0.20904149
0.21088693
0.18711905
0.18260467
0.19826409
0.19748022
0.1897038
0.20269538
0.2043179
0.20017709
0.21310358
0.19974412
0.19016011
0.17959535
0.21104972
0.20194902
0.18377343
0.1912502
0.20350683
0.20566262
0.20608042
0.20690785
0.20066224
0.18170087
0.20098178
0.1921503
0.19093607
0.1943204
0.17949264
0.20122613
0.18203332
0.18865147
0.18464708
0.1880439
0.1957154
0.1855512
0.17662762
0.21782424
0.21268466
0.18549877
0.21645664
0.1745802
0.18480755
0.20326431
0.1903317
0.20169006
0.18314166
0.18798147
0.19032581
0.17059426
0.18936631
0.17570898
0.17916141
0.201741
0.18894447
0.17433974
0.18611418
0.19551861
0.21345796
0.192507
0.19225602
0.19109097
0.1914532
0.20270295
0.21682437
0.16201308
0.20604947
0.1973812
0.18546243
0.16605195
0.18703704
0.17966868
0.16671327
0.17851947
0.17131843
0.17244646
0.18182991
0.18868282
0.19956985
0.18781683
0.17462787
0.18042086
0.19948356
0.17550795
0.17763841
0.19754742
0.1981302
0.18977633
0.18547383
0.17489383
0.1831435
0.17571735
0.20420419
0.182011
0.18146606
0.17942737
0.1756836
0.19041179
0.1787978
0.19699846
0.19764204
0.20965017
0.17608482
0.19465259
0.18053916
0.17446128
0.20295662
0.2130472
0.18669513
0.18817952
0.16734853
0.17763694
0.18274744
0.18196253
0.1871456
0.18743737
0.20294216
0.18934548
0.1821048
0.22963788
0.18283626
0.20616052
0.17127049
0.20560756
0.19379282
0.20905301
0.18715805
0.27477646
0.1915594
0.1823029
0.1857854
0.19657789
0.16985771
0.19332503
0.19136438
0.17579804
0.1744296
0.18727362
0.17654161
0.19542858
0.18482508
0.20057514
0.2049459
0.2049049
0.2011484
0.21963054
0.20583719
0.21054496
0.19699447
0.17528224
0.19023596
0.18542114
0.17426664
0.19909276
0.18905234
0.1891648
0.1865281
0.1986686
0.16871151
0.19465385
0.17118162
0.18443741
0.23437682
0.19967867
0.17998746
0.19219424
0.17878474
0.2052461
0.1885443
0.20111723
0.18617465
0.1915698
0.18543407
0.19034939
0.18755953
0.1770053
0.20376554
0.19778992
0.2052961
0.2006765
0.19528992
0.19404463
0.19421114
0.19956811
0.19788377
0.19473335
0.20090896
0.21513376
0.18564224
0.1837041
0.19645306
0.17877764
0.18279418
0.19820042
0.20082116
0.19206965
0.20470846
0.17744583
0.17171502
0.20923583
0.19752154
0.20372006
0.19845575
0.18612328
0.20191276
0.1844595
0.18554632
0.17955253
0.20941037
0.2035983
0.20739032
0.18674918
0.19824044
0.17389399
0.19109435
0.17597443
0.20401621
0.17357881
0.18844475
0.19767663
0.2108622
0.18548684
0.17740794
0.18259242
0.19933213
0.17896213
0.19135347
0.18938076
0.18692526
0.20505789
0.18794124
0.18915328
0.19843648
0.18268102
0.18463248
0.22893643
0.17533441
0.17383243
0.1806888
0.19655687
0.191889
0.19439763
0.20047833
0.17376465
0.18737316
0.20412412
0.19194783
0.18328397
0.19456284
0.20796096
0.18826109
0.18535465
0.1757379
0.19816539
0.19687834
0.19060157
0.20236507
0.18515037
0.19031239
0.18992218
0.21284431
0.20111619
0.1834797
0.18163356
0.19304699
0.20287548
0.2118944
0.20125124
0.22420588
0.20102091
0.17774613
0.19531845
0.2071177
0.22803442
0.19959883
0.18514083
0.18781112
0.20306364
0.18461746
0.19859959
0.1937929
0.2174364
0.21848947
0.18398629
0.17529528
0.19247244
0.19919248
0.22095516
0.2065961
0.18121007
0.19649635
0.1854863
0.18819942
0.19283159
0.19278939
0.18527277
0.20226187
0.22173977
0.2127667
0.18784699
0.18257
0.18007044
0.17473496
0.17544664
0.18043831
0.20399581
0.19920382
0.18896158
0.1916986
0.18699631
0.19622797
0.19880588
0.1920722
0.19929685
0.19984034
0.19252296
0.21422859
0.23715778
0.21998908
0.20181373
0.2088345
0.1951503
0.19283533
0.20083806
0.22228871
0.2092795
0.19552
0.19385676
0.21219707
0.20478792
0.19730714
0.23482308
0.19646843
0.19321615
0.19771823
0.2147156
0.20239234
0.20410752
0.1902307
0.19121134
0.21112141
0.21182328
0.18558769
0.18658298
0.1940339
0.1991994
0.217933
0.188356
0.18725617
0.1799162
0.18397905
0.19947068
0.19256367
0.21859245
0.21439697
0.20168073
0.1923762
0.1929656
0.2004576
0.21337117
0.18851458
0.19790114
0.22806978
0.20304097
0.1958248
0.20059337
0.20888524
0.19461168
0.22162578
0.20281017
0.24105428
0.2187735
0.18996592
0.19829445
0.20738952
0.19051737
0.21072209
0.19988732
0.20174307
0.1898887
0.19480187
0.21652165
0.20977198
0.19724214
0.19800211
0.21113344
0.2113603
0.21743484
0.21846487
0.22863644
0.21131334
0.19401748
0.1952269
0.19308533
0.2185105
0.20310296
0.21459386
0.20263714
0.19393021
0.21056421
0.22542016
0.19975778
0.19836971
0.20565324
0.22070949
0.19754162
0.21206848
0.20829245
0.21991777
0.22394064
0.21578512
0.19778608
0.20904505
0.22489582
0.20344332
0.20027047
0.2011854
0.2252609
0.23477438
0.20034754
0.21125498
0.21907024
0.21828684
0.2408306
0.20687711
0.2029271
0.20750284
0.21077818
0.20168217
0.23214096
0.20264958
0.19683184
0.21474525
0.1993628
0.19705744
0.20366105
0.21919535
0.20784283
0.20734131
0.19698308
0.19134033
0.1935914
0.20588785
0.2015213
0.20405203
0.20828138
0.21860489
0.20925316
0.20162556
0.19863227
0.19318543
0.19105338
0.1901935
0.18783236
0.19570205
0.21163444
0.19534835
0.18902823
0.18830672
0.19917662
0.222401
0.21141286
0.20865251
0.20202222
0.20755172
0.21979599
0.19465126
0.18571597
0.1859127
0.1904893
0.19627771
0.21041678
0.19802272
0.19227688
0.1994175
0.2125848
0.19851884
0.21531127
0.1957743
0.1881733
0.1864242
0.19420256
0.1896549
0.17993921
0.17573988
0.18850826
0.21722524
0.20983046
0.22282375
0.20391552
0.19793552
0.20573457
0.20769736
0.21082023
0.2053104
0.20013294
0.1941144
0.20105563
0.22295666
0.21055114
0.20423469
0.19847219
0.19717473
0.19960886
0.20517032
0.23242664
0.2764729
0.22047538
0.20234583
0.2221824
0.21100853
0.22905143
0.21540716
0.2099115
0.20219475
0.20024243
0.1952442
0.20657292
0.22625913
0.21432403
0.21303059
0.22240667
0.2216533
0.2293996
0.23397304
0.21882156
0.21789742
0.21846376
0.22908963
0.206832
0.21651034
0.258209
0.21421538
0.19808535
0.21038745
0.22520345
0.21692866
0.21816865
0.2487672
0.2166552
0.21449515
0.24236688
0.22404934
0.2214488
0.24426383
0.24199677
0.24572708
0.22841439
0.23550992
0.23588431
0.23926792
0.2245343
0.23275717
0.22772323
0.2501905
0.24585955
0.23112871
0.23358351
0.23638223
0.24035981
0.24201404
0.27836522
0.23368272
0.28285208
0.24243203
0.24035451
0.24012667
0.26485103
0.2242658
0.23840764
0.23099758
0.22871907
0.23442926
0.2236844
0.2219278
0.22918417
0.22780032
0.23412053
0.22947372
0.23308714
0.22708085
0.24686128
0.21375437
0.2046708
0.21271574
0.2112691
0.20335531
0.19927166
0.20256142
0.20808414
0.21798545
0.22862078
0.22592017
0.23628
0.24792425
0.21795045
0.18874326
0.18362364
0.18471186
0.19154686
0.20699137
0.2422405
0.22559255
0.20484555
0.19872123
0.1900648
0.19169258
0.19194351
0.19199029
0.21143378
0.24321273
0.26246443
0.22446829
0.19819196
0.19410276
0.18346831
0.19774505
0.20011225
0.19850576
0.19267194
0.18937321
0.19720644
0.20461152
0.20788957
0.20890333
0.20672256
0.2227799
0.24058677
0.22761494
0.21331698
0.21913332
0.20968157
0.2198594
0.21870467
0.21931197
0.21745539
0.20506616
0.20745271
0.2023867
0.20809484
0.2024361
0.19520362
0.19759808
0.19344947
0.2055623
0.19858843
0.20456508
0.19562182
0.2049815
0.22323607
0.25852427
0.22448835
0.20282024
0.19032426
0.19953732
0.21024488
0.20885748
0.21087371
0.20346239
0.20502599
0.20155828
0.20318584
0.2065361
0.2058318
0.21805264
0.20575878
0.20078936
0.18991056
0.20304745
0.20623592
0.1996778
0.20080312
0.19793646
0.19959052
0.19114567
0.1893375
0.1861099
0.18394317
0.18589294
0.1937567
0.20657036
0.20621829
0.20689069
0.19744508
0.20935386
0.20613599
0.21333948
0.21226086
0.21370223
0.20609687
0.19607173
0.19135813
0.19506821
0.19661833
0.21462137
0.21237543
0.21796747
0.1986236
0.20207103
0.19851467
0.21912877
0.22204088
0.22918522
0.21676831
0.21024227
0.20949876
0.20720454
0.20949833
0.21628036
0.21625477
0.23061772
0.22853535
0.23106146
0.22996339
0.21971475
0.22014359
0.21108623
0.20138375
0.19356403
0.18689375
0.192533
0.19588116
0.19391765
0.18886584
0.19142587
0.19790329
0.21024927
0.21453112
0.21130706
0.21195649
0.20513271
0.20948525
0.19975181
0.20084901
0.21245511
0.22322388
0.22752926
0.21218257
0.21037373
0.19576877
0.19725563
0.1788769
0.18885246
0.18318823
0.19569771
0.18767756
0.1904575
0.1970822
0.2022772
0.20876202
0.2008943
0.21469776
0.20658255
0.21095388
0.19340992
0.19588736
0.19570038
0.20045751
0.19885807
0.19575982
0.19678695
0.20367002
0.20294729
0.18395983
0.18314192
0.18975128
0.20728654
0.20266417
0.18949574
0.18169188
0.18926951
0.20964867
0.21950424
0.21533068
0.19474931
0.19393647
0.18952054
0.19878748
0.19746986
0.20205231
0.20074265
0.2054849
0.2035475
0.20222467
0.19101731
0.19217865
0.20446876
0.21181305
0.20941994
0.20433906
0.20021744
0.19596371
0.19607072
0.19272761
0.19910982
0.19769807
0.2095948
0.20793585
0.22171721
0.21323192
0.22463684
0.20827805
0.21123037
0.1931635
0.2023384
0.20896932
0.21581365
0.20708255
0.19700456
0.22717282
0.2900676
0.249704
0.22247879
0.21322682
0.21136126
0.20240158
0.19920908
0.19764651
0.20846465
0.2094856
0.21703815
0.21165276
0.21853207
0.20122822
0.20375134
0.20921049
0.22309087
0.23000512
0.22627954
0.2233563
0.21693908
0.21521464
0.21807982
0.21828145
0.20876476
0.20747484
0.2110891
0.20863111
0.20622607
0.20059288
0.20659484
0.2031137
0.20646311
0.21096309
0.21488078
0.21741651
0.21488087
0.20435981
0.19749175
0.19772664
0.2109356
0.21734779
0.22046663
0.21390069
0.20898244
0.19848718
0.1985364
0.19411024
0.2028031
0.19481374
0.20429325
0.21408537
0.22807172
0.2245635
0.20981586
0.20146997
0.20527142
0.20321079
0.20991288
0.2065939
0.2124668
0.21146521
0.2057656
0.20704728
0.20027164
0.21149741
0.20949624
0.20933968
0.20402236
0.20733397
0.20807062
0.20581363
0.20777708
0.21782902
0.21238244
0.20905744
0.205247
0.2197843
0.22306271
0.23661368
0.2244233
0.22929032
0.22498411
0.23251647
0.21756783
0.20416425
0.19808434
0.20607027
0.21962738
0.24435996
0.25281295
0.2467036
0.23787372
0.22506581
0.21919623
0.21753107
0.21512282
0.22421058
0.22637515
0.23052861
0.23789069
0.22473572
0.2385651
0.23667167
0.26344836
0.26347676
0.254596
0.23297946
0.23158695
0.22480223
0.2362227
0.22587389
0.2424191
0.230168
0.24052818
0.23738198
0.23878136
0.22532433
0.22101486
0.22036022
0.23133904
0.22307536
0.233109
0.22647268
0.22292122
0.21500161
0.2242314
0.23173982
0.22743379
0.21979606
0.22066277
0.22692323
0.22521302
0.23267695
0.23954973
0.25016853
0.24089415
0.24728225
0.24210495
0.2530234
0.24593623
0.24615577
0.24921767
0.23833612
0.24915151
0.24576722
0.2503618
0.23358183
0.2308797
0.23779514
0.24959283
0.2478047
0.24450886
0.24841431
0.24340293
0.23807696
0.22251758
0.2344282
0.23322354
0.23432754
0.21958178
0.22392668
0.22242008
0.24061675
0.2341261
0.23906809
0.23480012
0.250537
0.25763187
0.2413193
0.22904646
0.23180473
0.22866125
0.23109214
0.22176339
0.22903001
0.2273893
0.22477888
0.22551276
0.22410026
0.22457904
0.2219421
0.21556582
0.21340208
0.21896994
0.23253372
0.24259101
0.24611543
0.24781688
0.24173409
0.24053112
0.23715921
0.24892128
0.24418707
0.23650791
0.22178121
0.21378796
0.2131906
0.21300459
0.2282264
0.23384136
0.23898384
0.24549472
0.23975302
0.2257048
0.2133526
0.21746396
0.23058154
0.23576482
0.23114589
0.21870571
0.2199055
0.21934602
0.21952803
0.21451475
0.20889081
0.20773874
0.20186003
0.1993828
0.20645821
0.20140181
0.22017826
0.2094608
0.21976207
0.20715351
0.21230565
0.20963779
0.2160867
0.21026894
0.20484063
0.20212945
0.20152724
0.20620726
0.20837975
0.21589871
0.21279588
0.19605564
0.20424671
0.21621773
0.22735907
0.22535647
0.22333322
0.22273569
0.2297793
0.23261337
0.23144634
0.22444919
0.20803578
0.2107206
0.20419206
0.2074577
0.21659262
0.21894524
0.22023134
0.21045215
0.22002739
0.22985853
0.23737514
0.22781959
0.21636875
0.21173696
0.21875207
0.22874376
0.23188965
0.2150335
0.22445488
0.22567964
0.22842667
0.20672116
0.2010301
0.2177516
0.23926862
0.24493314
0.2285006
0.23314798
0.22153364
0.22796567
0.21700919
0.22247747
0.21878566
0.20054564
0.20277794
0.20442109
0.21098354
0.21126468
0.20781896
0.21092422
0.2101684
0.21941985
0.2117672
0.20023583
0.19061807
0.20439087
0.21515758
0.23333517
0.24020168
0.24503854
0.24353339
0.24376455
0.243014
0.23961437
0.23888953
0.2569309
0.25452283
0.24687073
0.22910504
0.2330632
0.22595818
0.23436055
0.23037882
0.23761751
0.23191799
0.22816485
0.23019181
0.23268549
0.24362062
0.2526249
0.25166973
0.24441709
0.23476988
0.23891713
0.24097897
0.25451756
0.25935298
0.26900148
0.2676282
0.25666252
0.24772649
0.24214791
0.2388004
0.24764605
0.2460905
0.26255742
0.2503658
0.25497925
0.24849516
0.25715822
0.26142463
0.261197
0.24911076
0.23717791
0.2347864
0.24415286
0.25030023
0.23852335
0.24130416
0.2294091
0.23958583
0.23914798
0.24619564
0.25353438
0.25276613
0.26254532
0.24806088
0.24359308
0.24308272
0.25278583
0.25974798
0.2593704
0.25468472
0.24716654
0.25841978
0.27394512
0.2776666
0.26390144
0.25861555
0.26052988
0.26302043
0.25312492
0.26022756
0.25955528
0.25542068
0.2424915
0.24034318
0.25215203
0.26616877
0.27476117
0.2743112
0.28708178
0.27717966
0.27639455
0.2533055
0.25330916
0.25669608
0.2635056
0.25421718
0.24571161
0.24235168
0.24829291
0.24953502
0.24993439
0.2510138
0.24884826
0.2600396
0.24394195
0.24646068
0.23023394
0.25394252
0.26798883
0.27933472
0.27929464
0.2728677
0.28341192
0.26917237
0.2725479
0.26326048
0.26604635
0.2539532
0.24696025
0.25940222
0.25759193
0.26593614
0.26133722
0.27434847
0.2848046
0.2937469
0.2999107
0.29084277
0.27908623
0.2873423
0.2748764
0.2925864
0.28777865
0.2956752
0.28462586
0.26520512
0.26159528
0.2762111
0.30584708
0.32709464
0.31654748
0.29675218
0.28228676
0.2830118
0.29193047
0.2777547
0.27201048
0.26191497
0.27983463
0.28792277
0.28696716
0.2733948
0.2523511
0.25097716
0.26705107
0.31098592
0.30980635
0.30660263
0.27964053
0.27205658
0.25985283
0.25311112
0.25716668
0.24872422
0.26603565
0.2642101
0.26061016
0.24310288
0.25488552
0.26528975
0.2647786
0.26708066
0.28162035
0.28484395
0.2872627
0.28666472
0.2805268
0.27038968
0.27250034
0.28632957
0.30564928
0.30303192
0.3083919
0.30255145
0.30262157
0.290853
0.28691003
0.27838987
0.2750607
0.2656358
0.26244697
0.25830463
0.25944313
0.2584967
0.2660118
0.26538226
0.27280322
0.27106044
0.27240032
0.27207047
0.27513683
0.27728456
0.2734756
0.272463
0.27027553
0.28370276
0.29203153
0.3040755
0.28223974
0.27783865
0.26276284
0.27847877
0.27717003
0.26464304
0.27169573
0.255708
0.27911472
0.2646015
0.28417215
0.29389468
0.30089012
0.296704
0.2945316
0.2942214
0.30517247
0.28771335
0.30174065
0.28118983
0.28069586
0.2616134
0.26794317
0.2761437
0.2866448
0.30906594
0.31570017
0.30477774
0.28607354
0.28311044
0.29872167
0.31919464
0.32217568
0.32334137
0.30402863
0.3080962
0.3021025
0.31762552
0.2946644
0.28690848
0.2701044
0.2861957
0.29785734
0.30754304
0.30115077
0.31040373
0.30534327
0.3103149
0.28579926
0.27767712
0.29949972
0.3065657
0.3083588
0.28720123
0.27942774
0.27948508
0.2756316
0.28081518
0.2837302
0.27575585
0.28558898
0.2960288
0.2979854
0.28571218
0.27091992
0.27717847
0.299671
0.3018384
0.31247666
0.31222034
0.32394147
0.32760254
0.32773316
0.33236846
0.32680196
0.32528684
0.3099268
0.3073345
0.29603624
0.30407596
0.28378084
0.2824511
0.28162548
0.30116618
0.2963768
0.27817217
0.26487595
0.2688754
0.30046898
0.3145332
0.31193772
0.2889252
0.2882363
0.3043847
0.30529734
0.30728644
0.29539534
0.30343595
0.28995088
0.27663413
0.274163
0.27916637
0.2923203
0.29489017
0.2914331
0.2794254
0.26582718
0.27959913
0.2908192
0.30229196
0.29148793
0.29083437
0.30307397
0.31457168
0.32899982
0.3057869
0.30424067
0.2927894
0.2966472
0.28100702
0.2954479
0.29787952
0.31598842
0.30316275
0.3019986
0.2828768
0.28015605
0.27659246
0.3080054
0.31560948
0.3260837
0.2978808
0.29972976
0.30219635
0.300457
0.28445175
0.2817782
0.2940452
0.2959227
0.30313754
0.28458425
0.29850504
0.28059572
0.29513177
0.28527766
0.29506642
0.27826452
0.27535328
0.24945587
0.2699569
0.27335775
0.304561
0.318109
0.32323864
0.31879345
0.29644072
0.2901763
0.27131256
0.2686682
0.28078285
0.3028096
0.31090334
0.3045807
0.30350095
0.29138654
0.28350693
0.3001667
0.31595904
0.3072409
0.28148043
0.28856337
0.29120892
0.3137318
0.31430686
0.3289075
0.3122987
0.29846284
0.30124035
0.2946236
0.30259562
0.3035631
0.29970184
0.2876723
0.29280543
0.30566084
0.29694483
0.2812863
0.2707023
0.285564
0.2925323
0.29201016
0.29022443
0.28123552
0.27815136
0.27620217
0.279937
0.29305696
0.28764328
0.28524587
0.281366
0.28666958
0.27644348
0.2511595
0.23122
0.23917906
0.25364447
0.27037045
0.26103994
0.25952607
0.26213646
0.27374807
0.29540598
0.29389033
0.2892103
0.2784741
0.26539382
0.25902772
0.26807213
0.28721207
0.29960757
0.2752564
0.27758038
0.27611217
0.29404908
0.27952093
0.27572614
0.2615634
0.28192803
0.287568
0.30259433
0.29589602
0.29520768
0.29064378
0.28801852
0.2799074
0.29479593
0.30864903
0.33610544
0.34193295
0.3433577
0.32463127
0.31688434
0.30825448
0.3205628
0.32136983
0.3116933
0.31196383
0.29634967
0.32310143
0.3080708
0.32786542
0.3107032
0.32702845
0.31926656
0.32989514
0.32212773
0.31103465
0.3009389
0.29845032
0.3001896
0.3050836
0.30344445
0.30290887
0.29764897
0.31008136
0.31080377
0.3121473
0.3022194
0.32235965
0.32141185
0.31773114
0.29684564
0.30569804
0.31477785
0.3241871
0.31369603
0.29972464
0.29081738
0.29246774
0.3047024
0.31880105
0.3148342
0.32106382
0.32030228
0.3229999
0.2984622
0.30739915
0.297162
0.32521296
0.3131582
0.31686246
0.29774362
0.2954805
0.32661235
0.3462387
0.3494248
0.32969907
0.32268906
0.3070733
0.32040557
0.30715427
0.3045655
0.29167038
0.30127543
0.32035354
0.3109266
0.2960415
0.28355384
0.28720057
0.29835713
0.31660894
0.31158823
0.32419026
0.3092532
0.31555927
0.3184201
0.3326795
0.3451521
0.34262133
0.34698018
0.3386348
0.33262762
0.31827644
0.31639835
0.30514425
0.30113375
0.2911108
0.29063147
0.29025286
0.3060625
0.3144693
0.32263353
0.3190862
0.32697514
0.34115383
0.43555242
0.6086739
0.45845026
0.38342768
0.35106006
0.35158843
0.34620848
0.3457896
0.34134686
0.32545072
0.3366065
0.3369776
0.33318081
0.32077956
0.30688214
0.33951443
0.35521027
0.37086415
0.34571642
0.34941298
0.36632425
0.36930045
0.37299216
0.35891455
0.36158296
0.35022312
0.34003142
0.32788214
0.32970917
0.314596
0.31212756
0.2834025
0.2884453
0.29729152
0.31385896
0.32212228
0.31980112
0.3292348
0.31515628
0.29844445
0.27200538
0.29319298
0.3289674
0.3671643
0.36872104
0.3501376
0.3497105
0.35111785
0.3657211
0.3601482
0.36059326
0.33474395
0.3159084
0.30349246
0.307502
0.29780713
0.2909014
0.31138048
0.32907364
0.33386767
0.31169167
0.3208639
0.33335963
0.3417077
0.35136208
0.38350987
0.3796351
0.34374005
0.30519906
0.31640244
0.3584432
0.36870462
0.35512286
0.33638674
0.3177522
0.36769915
0.358785
0.3939563
0.34715062
0.3566462
0.32616702
0.34387678
0.3391552
0.3401661
0.32704306
0.33783826
0.33455464
0.3258929
0.31709656
0.30771136
0.3235179
0.3176661
0.34466127
0.34207988
0.3418102
0.33232257
0.32999483
0.3162178
0.307866
0.30909348
0.34550336
0.3545863
0.35251135
0.32511985
0.33017647
0.33595693
0.34147096
0.324071
0.32640737
0.32467628
0.33147052
0.3260549
0.3248395
0.32315972
0.31414127
0.32013664
0.30977282
0.3094491
0.29418567
0.3140642
0.34796852
0.36112258
0.3715284
0.35127097
0.36656544
0.34694836
0.36417177
0.37457532
0.3858358
0.38359606
0.34847245
0.3432962
0.3167133
0.34793103
0.3492266
0.35664746
0.33774644
0.3479052
0.3432024
0.33991995
0.31792283
0.29242283
0.30768463
0.3304868
0.3672635
0.3446681
0.3367858
0.35861567
0.36247498
0.36990303
0.37252957
0.3762938
0.37745142
0.36848563
0.3776837
0.37178984
0.32713515
0.30866218
0.31868958
0.3323027
0.3355662
0.33305377
0.34018108
0.36315683
0.3634917
0.359574
0.33765876
0.32794508
0.3419352
0.33953986
0.32711107
0.31146684
0.3083882
0.3074761
0.29924425
0.32418704
0.3148619
0.2974522
0.27290937
0.30699182
0.32436472
0.32504016
0.30543745
0.31396836
0.32754973
0.31302416
0.30482438
0.31767732
0.3177962
0.31733683
0.3032982
0.31184688
0.3032748
0.2965119
0.29552117
0.30163532
0.28383097
0.29430747
0.29428083
0.31370747
0.31218222
0.31209928
0.30306116
0.2957098
0.29970676
0.28779694
0.3019326
0.30041277
0.30874848
0.31653813
0.32902372
0.35062763
0.33075815
0.3446646
0.3303245
0.3387443
0.31516942
0.32470015
0.3400195
0.36511815
0.38020802
0.36624852
0.36385444
0.35358578
0.34406114
0.34425437
0.37273082
0.38962924
0.36566266
0.33553496
0.34002182
0.3522075
0.35295203
0.3552041
0.375128
0.3809296
0.3535936
0.3515363
0.34482557
0.3565707
0.33001432
0.33277276
0.3345551
0.35150212
0.3471828
0.35410517
0.3503399
0.366239
0.36038446
0.36792183
0.34944105
0.3682939
0.3705664
0.3752643
0.36684433
0.37362528
0.37604937
0.35549518
0.34520364
0.36449587
0.37358025
0.37016293
0.3572596
0.36407447
0.3526337
0.34757295
0.35394442
0.38241062
0.40275708
0.4009253
0.4047721
0.41755795
0.43105242
0.42597255
0.4196529
0.4176001
0.4190282
0.40914038
0.39783254
0.37038776
0.35915568
0.35702905
0.37421516
0.39434344
0.41175267
0.42426193
0.39552146
0.37202808
0.37502265
0.39110854
0.42829028
0.46032682
0.49161223
0.45516568
0.40833908
0.366948
0.3802517
0.37744358
0.36147043
0.37662408
0.39541882
0.41107416
0.37808007
0.36198235
0.3631298
0.3699905
0.38383645
0.39557132
0.40497404
0.38892394
0.39202857
0.38271895
0.3987309
0.39556584
0.39600992
0.48129112
0.46903917
0.49047542
0.40593413
0.41677496
0.4240756
0.4097768
0.39883524
0.37478787
0.36277
0.36112207
0.34609875
0.37255472
0.37853375
0.39479315
0.37790707
0.3738782
0.37813288
0.36993048
0.38519
0.36670518
0.36807626
0.3652216
0.38710877
0.39403248
0.37961638
0.3704554
0.35637495
0.3572907
0.34112448
0.34976405
0.32042822
0.33692536
0.333911
0.36449546
0.3479131
0.34400687
0.38201782
0.37831616
0.38734052
0.34209445
0.34872612
0.33752126
0.34040865
0.35096353
0.36744225
0.3739295
0.37628296
0.36641338
0.37567976
0.3549843
0.3671351
0.35374594
0.36525065
0.38092008
0.4065769
0.4537578
0.43295348
0.42426902
0.41211206
0.4220238
0.43642408
0.41469154
0.4612166
0.4468588
0.4615064
0.4023837
0.41116595
0.38579836
0.4043255
0.37858936
0.40216914
0.38139194
0.3925001
0.3776895
0.40231842
0.4019114
0.41640764
0.40194237
0.41705078
0.4140595
0.4065239
0.38512254
0.35500672
0.3562558
0.3518779
0.3638807
0.3606108
0.34890547
0.35419086
0.3626227
0.36497527
0.36317942
0.36273307
0.3938958
0.3907587
0.37564394
0.33674702
0.314805
0.3537051
0.37047598
0.3832134
0.3383401
0.35255238
0.34879443
0.34827676
0.3296872
0.33959007
0.347298
0.38053355
0.38231272
0.39918178
0.4215643
0.42520615
0.40423393
0.34656104
0.34180644
0.32966852
0.33929247
0.3220733
0.34385878
0.38099992
0.38168567
0.36234054
0.3472561
0.31556907
0.32437295
0.36808255
0.39726558
0.38405848
0.40321538
0.32535818
0.33166748
0.33884242
0.3246224
0.34882185
0.35420576
0.34556565
0.38912988
0.34465232
0.36931556
0.33794418
0.31505156
0.3230645
0.3294948
0.33194858
0.32472962
0.31550163
0.33084455
0.33931002
0.326358
0.3191125
0.3232957
0.31156588
0.33232638
0.3458985
0.3426856
0.34113505
0.33033085
0.3328767
0.341417
0.3599719
0.37501284
0.3553954
0.36198476
0.3394692
0.34158647
0.34189403
0.35193622
0.38304505
0.38639742
0.40549994
0.38807237
0.3979634
0.38818473
0.38716808
0.40416685
0.38544506
0.3567115
0.38216817
0.3813925
0.4253404
0.40944782
0.38081086
0.37704268
0.36585617
0.39496115
0.41563746
0.43729755
0.40519747
0.38560724
0.37107787
0.3919876
0.37022066
0.37157845
0.37567312
0.38715598
0.37817657
0.39365926
0.3532089
0.34728
0.35133013
0.330975
0.3459679
0.36159962
0.36524317
0.37828937
0.38101545
0.37951827
0.38881978
0.37066418
0.38837612
0.39000663
0.36917314
0.38654098
0.4565225
0.44416553
0.43027535
0.41157553
0.37936246
0.40179232
0.3730749
0.37478667
0.43452418
0.46035364
0.48947555
0.4818219
0.44565248
0.41529962
0.4320359
0.46001834
0.4065808
0.40316397
0.38432595
0.40564522
0.40796873
0.4011539
0.40855956
0.41463158
0.45025966
0.45407182
0.44016218
0.4173469
0.43243957
0.4304881
0.44426462
0.4117125
0.41250563
0.40817818
0.44028977
0.4673387
0.47986418
0.48267362
0.500014
0.47225899
0.42550403
0.4154012
0.36099496
0.34755954
0.3579074
0.37732413
0.38344538
0.44294968
0.45740733
0.43509552
0.42702708
0.39388967
0.389465
0.3799734
0.3945343
0.37055802
0.3993523
0.3963221
0.39202863
0.38838148
0.40548468
0.40026864
0.3890613
0.39479953
0.38333678
0.38305074
0.3753487
0.38592428
0.38719875
0.37380126
0.37026992
0.38203728
0.44018245
0.5124561
0.5066074
0.48314464
0.46305934
0.41399404
0.42314452
0.4334457
0.4321844
0.44736603
0.43836313
0.42555493
0.40854833
0.40375018
0.36880386
0.3605796
0.34231454
0.36828262
0.35728678
0.35542953
0.37800938
0.39361268
0.37976635
0.4016748
0.41116935
0.40923965
0.4346685
0.4446169
0.42235053
0.4135363
0.39565608
0.39112076
0.3905628
0.41691542
0.43484783
0.42735916
0.45010346
0.44754875
0.44479278
0.4398026
0.47213015
0.45282593
0.44492358
0.4827574
0.5181674
0.5382251
0.5688337
0.5378472
0.49652445
0.4522861
0.42914912
0.42123988
0.43044603
0.4326442
0.42420152
0.42865017
0.40686122
0.3997639
0.3900561
0.39916402
0.41038984
0.41234475
0.41948795
0.40133423
0.4336753
0.43765852
0.4999261
0.57108086
0.5204946
0.51105785
0.50830674
0.4690507
0.4386776
0.4546262
0.43980098
0.43096262
0.41598952
0.42441738
0.42856717
0.4550604
0.46493506
0.47489625
0.50258106
0.5077912
0.49705237
0.5280035
0.51908845
0.5156673
0.50586593
0.5082563
0.46122208
0.46713987
0.45786563
0.42766997
0.40336668
0.43043447
0.41349894
0.41788912
0.43848205
0.4662775
0.45121118
0.4660154
0.46830902
0.452962
0.4317468
0.434081
0.50180334
0.4817643
0.4854029
0.4703195
0.46130693
0.4411448
0.37362045
0.36664876
0.37552708
0.38729197
0.3917585
0.4140514
0.44481057
0.44105825
0.41632515
0.41545308
0.41065872
0.40300515
0.36942673
0.39042535
0.44531563
0.45798826
0.44933337
0.4594757
0.48116916
0.52224255
0.48260194
0.46902144
0.45457342
0.41652218
0.39956412
0.3625298
0.34843865
0.36067218
0.36211964
0.35951996
0.367692
0.38620558
0.3878789
0.4066869
0.4187159
0.42686185
0.46579745
0.47346798
0.48070812
0.47329324
0.45530024
0.46600822
0.47314242
0.4593308
0.45072773
0.45809028
0.4666553
0.49509567
0.47262684
0.46350917
0.46237478
0.47738305
0.45444867
0.4667781
0.4442008
0.45818508
0.46169063
0.45674744
0.43096933
0.44339854
0.42541575
0.44911686
0.44387498
0.45216408
0.48593986
0.49075738
0.4745615
0.47893077
0.47503194
0.49813914
0.50040877
0.4907642
0.5084877
0.5328308
0.55050206
0.53711313
0.50790936
0.5125427
0.5045967
0.5209157
0.5324076
0.51186866
0.5004464
0.5191934
0.5099523
0.51966876
0.501718
0.4814059
0.49918818
0.5203608
0.5406851
0.5635808
0.60872906
0.6622097
0.6987827
0.71881247
0.68266153
0.69183034
0.6230067
0.57856536
0.5852317
0.57258934
0.59014946
0.55206394
0.577512
0.65668267
0.6413179
0.6341013
0.6461029
0.6370063
0.64635324
0.62928194
0.5699977
0.5750751
0.59604424
0.57243997
0.60695624
0.61283916
0.6237895
0.63345605
0.65173995
0.60238475
0.6136807
0.59570175
0.5881097
0.59715253
0.61322457
0.60607046
0.5966302
0.6356436
0.66558
0.69466907
0.6746855
0.70211035
0.7266214
0.7849213
0.8005502
0.8869712
0.9782742
1.0420005
1.0435375
1.121986
1.1474389
1.0907631
1.0962234
1.0616058
1.0048558
0.91633177
0.8805786
0.80826133
0.7975919
0.77581227
0.81864315
0.80691826
0.8035198
0.89314246
0.93560857
0.9510446
0.9890241
0.9544936
0.88883865
0.88856137
0.8191237
0.75266236
0.6949912
0.66276306
0.6264633
0.6256206
0.579405
0.57423866
0.58744943
0.5834968
0.62261325
0.62352526
0.73460734
0.7618596
0.8494039
0.9289032
0.96015596
1.0058105
1.0382727
1.1376241
1.21038
1.305717
1.2713037
1.1880498
1.1881707
1.1989106
1.2801315
1.2856216
1.2417957
1.2017468
1.2499375
1.3020682
1.2885919
1.2641495
1.2894735
1.4704397
1.4616531
1.4958138
1.5221921
1.4252912
1.5007029
1.4859134
1.5212499
1.3299088
1.3296515
1.2873714
1.1960031
1.1251807
1.0861909
1.0860853
1.0411836
0.99314755
0.9999297
1.0091996
1.0428847
1.006138
0.9834407
0.9783214
0.96331453
0.998343
1.0429895
1.0533702
1.036617
1.0278083
1.0225734
1.0206367
1.0206367
1.0206367
1.0206367
1.0206367
1.0206367
1.0206367
1.0206367
1.0206367
1.0206367
1.0206367
1.0206367
1.0206367
1.0206367
1.0206367
1.0206367
