5545.0083
2051.5115
1064.8643
741.5706
566.4693
450.3053
370.7729
307.6333
262.59134
226.04112
197.29527
173.82513
153.9239
136.48596
122.50421
110.440926
102.022316
91.8957
84.48384
77.58484
73.118576
66.99597
62.954098
58.880676
54.956318
51.600792
49.016884
46.12915
44.13033
41.841408
39.944168
37.576214
36.610004
35.00143
32.994907
31.635971
30.191336
29.107765
27.815004
27.362877
26.421564
25.425978
24.742792
23.648611
22.984356
22.382196
21.931044
21.105833
20.48137
20.128382
19.70678
19.278912
19.00943
18.437473
17.70175
17.578888
17.241179
16.92313
16.396135
15.850604
16.124708
15.57443
15.186998
14.930048
14.920591
14.390728
14.327068
13.8967285
13.76661
13.62167
13.813036
12.9478445
12.943613
12.938892
12.627919
12.357833
12.031291
12.100495
11.746424
11.511852
11.540085
11.336747
11.318807
11.1363735
10.881477
10.817474
10.798014
10.617816
10.575314
10.494508
10.302156
10.278768
10.181922
10.139053
10.036078
9.91029
9.944094
9.842255
9.759459
9.800813
9.519945
9.619619
9.460838
9.543716
9.505335
9.3445
8.976728
8.850238
8.899319
8.683145
8.768786
8.642776
8.640802
8.509567
8.688568
8.545594
8.493252
8.356169
8.280976
8.191819
7.974203
7.8507476
7.9194026
7.7510962
7.7140427
7.6113334
7.474897
7.394014
7.4514
7.392376
7.3477035
7.4038963
7.2237782
7.1979947
7.0713773
7.140661
7.0499816
7.192024
7.075502
6.9153166
6.943534
6.853958
6.8153744
6.7859755
6.742718
6.5919375
6.5637527
6.541725
6.492126
6.4560165
6.32041
6.22614
6.3478518
6.2005205
6.179589
6.117816
6.058593
6.0600667
6.1443987
6.0990577
6.121659
5.936193
5.919964
5.8874593
5.7477474
5.7605352
5.772877
5.751571
5.72417
5.688352
5.6307077
5.559535
5.6560016
5.461631
5.48565
5.4880767
5.4935007
5.468913
5.426617
5.3485503
5.415861
5.39041
5.2842255
5.329889
5.2206182
5.233246
5.156231
5.071961
5.148857
5.0454392
5.1032557
5.114771
5.0812554
4.9674506
4.935219
5.0040865
5.067698
4.8358226
4.8638687
4.88637
4.9254713
4.758891
4.712348
4.7403646
4.657443
4.758672
4.704122
4.6801
4.844146
4.791964
4.6245785
4.632182
4.6077757
4.564977
4.659018
4.544461
4.5883756
4.6141067
4.518739
4.4877276
4.4603357
4.403025
4.3657107
4.3908424
4.382087
4.4572983
4.231407
4.3006773
4.2244883
4.2302227
4.223663
4.209071
4.3345456
4.1861954
4.170068
4.139431
4.1470966
4.1112375
4.158495
4.0932765
4.070343
4.104443
4.1306577
4.0756125
4.1156073
4.0076785
3.9884856
4.07675
4.0605083
4.0370507
4.0923758
4.044316
4.0529375
4.0507226
3.8946817
3.9570363
3.9241612
3.814598
3.930293
3.850648
3.9045994
3.8099453
3.7876792
3.8363492
3.8473647
3.7700162
3.872072
3.9715252
4.0341206
3.846641
3.8116233
3.6712372
3.648672
3.665467
3.6900172
3.64927
3.609259
3.587257
3.5808861
3.6289048
3.5881636
3.57885
3.6252518
3.571106
3.503899
3.4018886
3.5143769
3.436027
3.435217
3.485943
3.4347806
3.4898596
3.4207947
3.4074602
3.420068
3.3115737
3.3373141
3.3270478
3.3796074
3.296055
3.2697442
3.2585301
3.1705434
3.276103
3.2005587
3.2401948
3.181685
3.1689205
3.3302655
3.1762516
3.2199502
3.169199
3.1258588
3.1147356
3.2186549
3.2009156
3.1378899
3.2158046
3.1813197
3.0810885
3.1357892
3.10155
3.1318002
3.0869095
3.098517
3.1147258
3.1238418
3.1181402
3.0391972
3.0370927
3.0229678
2.952669
2.9211788
2.8813777
2.9418697
2.8416374
2.8967254
2.8427572
2.8525257
2.7871954
2.8307912
2.7975395
2.831803
2.8611984
2.8160293
2.8173532
2.8725595
2.8480008
2.868368
2.7684188
2.7377195
2.701385
2.7057161
2.7356842
2.6825578
2.7315817
2.665604
2.7682168
2.6898375
2.7144146
2.6450288
2.6492457
2.6749904
2.5606802
2.6043897
2.6606202
2.6574004
2.687194
2.636983
2.6573973
2.5930288
2.636503
2.6155393
2.5831556
2.510796
2.4921825
2.6038527
2.554005
2.6067224
2.5350618
2.491679
2.5363286
2.5158713
2.529055
2.4097812
2.5077639
2.4102983
2.5116563
2.416725
2.4415922
2.4483395
2.462648
2.394802
2.4307046
2.3554835
2.3973148
2.4178202
2.3468878
2.3540227
2.4017675
2.4451694
2.3801887
2.328941
2.3690274
2.3526201
2.3627083
2.4147913
2.344689
2.2848349
2.2885597
2.2811077
2.2850118
2.2904713
2.2498968
2.2863886
2.2765832
2.3031266
2.271032
2.2679653
2.2353427
2.2003367
2.2851048
2.3011768
2.1976845
2.224285
2.2584374
2.2308545
2.2891297
2.172894
2.2220907
2.163736
2.171724
2.2507238
2.2237215
2.1447542
2.133978
2.1023211
2.1345246
2.1262991
2.1689398
2.131563
2.1482174
2.0913627
2.0946586
2.0375679
2.0643024
2.0098042
2.087471
1.9613289
2.0764902
2.0601377
1.9446231
2.0540328
2.0106182
1.9820222
1.9873103
2.109442
2.059091
2.0161252
2.0316896
2.0100553
1.9659281
2.0516148
1.9829845
1.9665463
1.9235988
1.9371903
1.9055151
1.9943229
2.0080864
1.9354205
1.9035223
1.9550376
1.8945045
1.9397594
1.8668265
1.9096228
1.8377335
1.9434155
1.873014
1.7706275
1.9208866
1.8341861
1.8815985
1.8722757
1.8041849
1.8649449
1.8083339
1.8161976
1.778957
1.7958558
1.8159178
1.838087
1.8990246
1.6861007
1.7829484
1.778427
1.7696515
1.7523344
1.736648
1.750757
1.8450652
1.7188102
1.7959123
1.805106
1.8057641
1.7098869
1.7250662
1.737408
1.6916935
1.7259208
1.7830795
1.8097645
1.7498012
1.8081648
1.7052414
1.6806434
1.7004983
1.7001429
1.7395387
1.6984026
1.6858476
1.7109423
1.6343223
1.6860673
1.6839769
1.7130862
1.7561617
1.647866
1.6453788
1.6904529
1.6460037
1.6348253
1.6345607
1.6342955
1.6669662
1.6316913
1.6640579
1.6404598
1.6439569
1.6051918
1.6760947
1.5901015
1.7024603
1.6415155
1.5819381
1.6224469
1.6572773
1.7557828
1.5996021
1.5569205
1.627638
1.5924817
1.59018
1.5837111
1.6055696
1.6043836
1.5829387
1.5700086
1.5404632
1.4544648
1.5070447
1.5047776
1.4618409
1.5489895
1.502531
1.5771806
1.5547273
1.5766034
1.5131077
1.5561244
1.5243301
1.5081806
1.4643936
1.5330796
1.4851915
1.459745
1.450819
1.5368057
1.6101911
1.470172
1.5231224
1.5196061
1.5435797
1.4277464
1.4419093
1.558116
1.4456639
1.4659072
1.4514129
1.4828496
1.4641877
1.5037861
1.4375474
1.4017957
1.4003477
1.5293393
1.5317698
1.4601878
1.4371512
1.4674615
1.5084585
1.5377805
1.5232536
1.6186024
1.4784204
1.5472965
1.4277413
1.4681747
1.5018522
1.4444749
1.4374467
1.452774
1.4076558
1.3541785
1.4110436
1.3989427
1.4295831
1.4514552
1.3283734
1.3635554
1.4747778
1.3868358
1.3769269
1.3417642
1.4076983
1.3558717
1.349227
1.336482
1.3971426
1.3478673
1.3904738
1.4050179
1.3692399
1.2793179
1.4632779
1.3809016
1.3407744
1.3426372
1.3692915
1.3952944
1.3144902
1.3236305
1.3371447
1.4210225
1.3464965
1.3623793
1.2847205
1.3359817
1.2472425
1.2699507
1.3508682
1.3907087
1.2045094
1.362306
1.2749002
1.3045127
1.2890798
1.3454181
1.2307147
1.3050054
1.2771109
1.3358124
1.2354275
1.353243
1.2326269
1.2301989
1.2650756
1.1970273
1.2812223
1.2093079
1.1974468
1.2129322
1.1752051
1.2288584
1.2428488
1.2176062
1.2455313
1.2780553
1.1332862
1.278803
1.1906042
1.2144961
1.1381922
1.2247847
1.2209663
1.2030277
1.2235018
1.2548679
1.1707578
1.1895918
1.2183045
1.1689785
1.2213508
1.2325091
1.2671506
1.137426
1.1784315
1.2278075
1.1512015
1.3037875
1.1391323
1.2433004
1.1710936
1.163847
1.1157347
1.2199972
1.204344
1.0622594
1.1082566
1.1896147
1.1583288
1.2822759
1.20896
1.1154264
1.0862778
1.0957692
1.1182387
1.0941694
1.0919824
1.038245
1.1524752
1.084794
1.0786083
1.1340386
1.1505278
1.1868293
1.1038237
1.0738071
1.1193914
1.1235269
1.1027507
1.1862792
1.1594747
1.1809356
1.0731847
1.1091557
1.1728436
1.1411961
1.0595981
1.0560888
1.171883
1.1321381
1.1490697
1.1084561
1.1294006
1.0948193
1.0600979
1.097383
1.1149914
1.1134689
1.1732867
1.106353
1.2048634
1.162004
1.0105331
1.0649188
1.1063035
1.0771046
1.0446293
1.0571163
1.0518302
1.0705456
1.0566897
1.0663853
1.0449939
1.2053297
1.0077528
1.0492225
1.0909208
1.0429499
1.1946597
1.064007
1.016223
1.1253015
1.0779607
1.1814381
1.1451391
1.3400528
1.2963665
1.0907897
1.1305192
1.1158813
1.0995835
1.0550374
0.9726366
1.0585345
0.97474146
0.91589624
1.0882243
1.0037909
0.97795945
0.9734343
1.0854068
1.0598834
1.0853783
1.0440125
1.0879847
1.0250901
1.0925394
1.1123441
1.0650293
1.0730618
1.0456429
0.9315923
1.1479354
0.9867784
1.1243069
1.0055051
1.040453
1.0122619
1.0139377
1.0287551
0.9401933
1.0743688
1.0018227
1.0978116
1.0351156
1.1293455
0.99326
1.0493635
0.9888507
1.0746857
1.1203926
1.0169274
1.0073748
1.0691358
0.9788504
1.0827416
0.9768843
1.0981948
1.0558374
1.024393
1.064465
0.97077876
1.0342854
1.0086193
1.026857
1.0307564
0.97671694
1.1259565
0.9926044
1.0746001
0.97045106
1.0227382
0.9842204
0.96060973
0.97640187
1.1627824
0.9232595
1.0566541
0.99453294
0.9832079
1.0695847
1.1220648
0.9774982
1.1139091
0.9190144
1.0953472
0.85275847
0.85586005
1.0896269
1.0650162
1.0093626
1.028993
0.98558944
1.0065182
1.0457741
0.92733467
0.8368137
0.9475111
1.0900016
1.0268129
0.9777048
1.0343425
0.914743
1.049395
0.95138276
0.93774503
0.9618689
0.941443
0.9848571
1.0229346
1.0067928
0.92638993
0.9557363
0.9189802
0.9700769
1.0769087
1.0050417
1.0287573
0.9840784
1.0095924
0.98768824
1.0518646
1.1553218
0.949159
0.9769552
1.0184658
0.94664633
0.88100696
0.941109
1.1261193
1.0379293
1.036106
0.92956233
1.1283853
0.9674204
1.0568831
0.9027146
0.809169
0.97464544
1.0585586
0.9703003
0.88664174
1.0230513
0.9853026
1.0169194
1.039139
1.0056233
1.0036334
1.111596
1.0329953
1.0050061
0.868091
0.9429652
0.9585559
1.0225037
1.0184685
1.0454961
1.2018168
0.90072054
1.0926586
1.0465033
0.9396465
0.9232374
1.1849272
1.1639043
0.8404432
1.0401239
0.8492959
0.9504072
0.87580323
1.1440965
0.99036294
1.032526
0.94148564
0.9649146
1.0465509
0.9420136
1.0249983
0.92660856
0.9697092
0.97512555
0.79109776
1.0012518
0.9007518
1.1339095
0.9593439
0.8306198
0.8887561
1.035219
0.9484115
1.0253587
0.9685655
0.97360486
0.8744739
1.1254655
0.94160545
0.8616171
0.98075324
0.95020777
0.91617143
1.0081062
0.9135411
1.1695944
0.95405984
1.0696423
0.9693928
1.0216626
0.9437064
0.98063594
0.92952985
0.8908634
0.866944
0.8572911
0.8899628
0.96368474
0.9267499
0.875072
0.9328231
1.0518548
0.9951878
1.0075048
0.90884954
0.8060826
0.760844
0.849175
1.0674338
1.0481213
1.0837439
0.9896875
0.9795382
1.0039178
0.97329134
1.0590335
1.3161398
1.2129546
1.2318864
1.2836583
1.5269364
1.4131843
1.2464849
1.2502668
1.2569388
1.1160694
1.1143904
1.2541407
1.1693124
1.2033306
1.0786275
0.98098123
1.0362557
1.278893
1.1155198
0.9563244
0.90489656
0.8368533
0.8747165
0.89022017
1.0228382
1.1219118
1.0999409
1.0347255
0.9602495
0.94438666
0.93111193
0.9115934
0.89455396
0.8432657
0.79821134
0.83080983
0.9472376
0.94698477
0.91840047
0.8378325
0.964027
0.9755898
0.9832268
0.8587437
0.85785854
0.9240598
0.9799436
1.0451257
0.94416094
0.8805625
0.84501004
0.8235334
0.91077393
0.9061788
0.94893086
1.0075805
0.99493456
1.1452948
1.0871712
1.102899
0.93433887
0.8496692
0.8328205
0.8603852
0.8946766
0.8925255
1.0110213
0.9636015
0.9039415
0.7876131
0.9010171
0.9534092
0.96144986
0.8953599
0.96248907
0.9674559
0.97618264
0.91389745
1.0582173
1.0483333
1.0629923
0.87373704
0.81665576
0.9208015
0.94016725
0.9502932
0.7929959
0.7646029
0.85107994
1.1083132
1.1734941
1.2256196
1.0790324
0.93250877
0.88167727
0.8924765
1.039785
1.0708536
1.0237404
1.0673721
1.0752622
1.0125657
0.9341453
0.9425053
1.1915693
1.2170138
1.1022246
0.8628425
0.903302
0.9044887
0.98212916
1.0904006
1.1667161
1.1415987
1.0309175
0.9310343
0.9837024
0.9160638
0.9509375
0.9355833
0.8734835
0.876332
0.8702033
0.898259
0.9542173
1.1563185
1.1830078
1.0575845
1.032747
0.90697443
0.9351483
0.97538096
0.9620316
0.9312396
0.9480693
0.92921764
0.9343153
0.9968992
1.0328015
1.0999616
1.14143
1.2776289
1.2028348
1.1064657
1.1297019
0.988114
0.9746796
0.9997502
0.95834494
1.019259
1.0001299
0.99892133
1.1123706
1.1374624
1.232549
1.2726659
1.1503167
0.99761033
0.97770566
1.0034461
0.998982
0.9697298
0.9750304
0.89501154
0.8138818
0.82382244
0.8658825
0.980054
1.0283692
1.1053674
1.1141323
1.2178082
1.1395676
1.1431382
1.13685
1.1423436
1.008904
0.9511501
0.9057484
0.9121989
0.90455097
1.003927
1.0657558
1.1323842
1.1696373
1.226937
1.1372089
1.1483755
1.1571379
1.0588177
1.0211748
0.9991143
0.9896081
1.0188787
0.95030177
1.0157814
1.0790658
1.0396287
1.0011642
1.0507025
0.97062546
0.95228475
1.0068934
0.9841763
0.99126697
0.9714387
0.9281754
0.8967146
0.9438588
0.94256777
0.876121
0.9318751
0.8953176
0.94203585
0.99856794
1.0393633
0.91950834
0.89928967
1.0157357
1.0122039
1.0065752
1.034569
0.95949775
0.91066784
0.9209094
1.0185244
0.9833155
1.0128369
0.91124606
0.89129555
0.8922776
0.995718
1.0310543
1.1221882
1.0996344
1.1022601
1.1459216
1.2234193
1.2718893
1.1857297
1.2378293
1.3006514
1.4013492
1.2361796
1.288961
1.3037163
1.2847828
1.1559739
1.2330406
1.2114577
1.0966208
1.1213706
1.1748956
1.1339843
1.1276603
1.054821
1.0213075
0.97912306
0.9482034
0.92674196
0.91358334
0.90805763
0.90805763
0.90805763
0.90805763
0.90805763
0.90805763
0.90805763
0.90805763
0.90805763
0.90805763
0.90805763
0.90805763
0.90805763
0.90805763
0.90805763
0.90805763
