1728.8599
579.8992
327.46988
242.53592
193.43755
161.57324
138.71371
121.800674
107.858284
96.47965
87.48784
80.03296
73.018486
67.042015
62.174152
57.36612
53.03496
49.27022
46.31133
43.416245
40.764385
38.246696
35.98935
34.246124
32.32807
30.508781
29.17564
27.751404
26.396093
25.138748
24.059938
22.509863
21.448109
20.691978
19.945562
19.187893
18.37712
17.516672
16.91841
16.385714
15.502283
15.222703
14.574935
13.94273
13.4228945
13.056123
12.687927
12.153486
11.885738
11.590349
11.242871
10.87827
10.473547
10.244182
10.196363
9.787687
9.519089
9.2243185
9.034634
8.781037
8.482195
8.388137
8.131034
7.8752203
7.6654916
7.721992
7.384745
7.2299376
7.129062
6.948338
6.8441873
6.681667
6.5390334
6.2485404
6.364402
6.069518
6.1266947
5.8813252
5.817023
5.692691
5.7331543
5.512811
5.542323
5.4736915
5.29972
5.106235
4.961513
4.9758987
4.8332133
4.737879
4.714735
4.6032124
4.60305
4.378857
4.3176484
4.382622
4.274061
4.212689
4.19487
4.110463
4.017712
4.106286
3.942453
3.9487822
3.7834783
3.8448706
3.7204013
3.6594808
3.6584876
3.615972
3.5342014
3.5048594
3.4609468
3.4282923
3.3333988
3.4446893
3.3216035
3.3276646
3.150487
3.2703764
3.138663
3.2319102
3.216196
3.1029804
3.0154023
3.0141046
2.9957774
2.956945
2.9289875
2.9358256
3.0223904
2.89014
2.8897684
2.846245
2.802989
2.7384028
2.6496024
2.7008135
2.722549
2.6767957
2.6944468
2.7035775
2.6851614
2.5652747
2.6134183
2.5884392
2.3878572
2.5623627
2.4168553
2.4593034
2.3809838
2.3435674
2.4382284
2.3441603
2.3838007
2.3263679
2.3059757
2.2933598
2.3278244
2.3331733
2.3100688
2.28731
2.2304099
2.281024
2.2342956
2.1576526
2.2216363
2.127609
2.1346765
2.079036
2.1492796
2.1029236
2.1039217
2.1027849
2.132
2.0715146
2.075792
2.0038247
1.9886289
1.9603332
2.0092874
1.9742583
1.9415573
2.07258
1.9586295
1.9263068
1.9632894
1.9313952
1.9662952
1.850548
1.8665298
1.8403932
1.8629091
1.7986625
1.8676045
1.7908596
1.7936177
1.7770481
1.8279666
1.788003
1.7619523
1.7401569
1.7683619
1.7773548
1.7277193
1.721073
1.7467486
1.696507
1.6971234
1.6829834
1.6572722
1.6571205
1.6467457
1.6581249
1.6780692
1.6413287
1.6177225
1.6077715
1.6368153
1.5926406
1.6030852
1.6363645
1.6000087
1.5967826
1.5901783
1.5793216
1.5583566
1.568425
1.561158
1.6143692
1.5261211
1.737736
1.5294943
1.5098188
1.5207012
1.5340124
1.5258819
1.5391252
1.5300462
1.5197654
1.4826597
1.5392711
1.4964048
1.5140175
1.4881858
1.5270883
1.4649947
1.4617717
1.5040125
1.4849542
1.475962
1.4581113
1.4378551
1.4666796
1.4275943
1.4101199
1.4586488
1.4733474
1.459719
1.456893
1.4612175
1.4456168
1.4319834
1.441907
1.375531
1.3631566
1.3257753
1.34784
1.3752911
1.3603641
1.3909832
1.3544694
1.3326353
1.3177054
1.3194808
1.3251436
1.3135135
1.3255506
1.3532547
1.300797
1.3516244
1.3289104
1.2880769
1.3134456
1.304792
1.3547031
1.2939272
1.3320526
1.3210568
1.2353648
1.2938075
1.2892505
1.2844503
1.2397897
1.2893674
1.2200851
1.2727203
1.2678638
1.2550524
1.2226521
1.2081326
1.2089059
1.1826402
1.1988688
1.2275081
1.2105123
1.1809719
1.2258062
1.1510319
1.1634047
1.166201
1.1501878
1.1741635
1.1377648
1.125811
1.1469682
1.1297688
1.1350813
1.140031
1.1280272
1.1280378
1.1373335
1.1245105
1.1695352
1.0973444
1.1004211
1.1012428
1.1356785
1.1357493
1.1344507
1.104868
1.0898482
1.1268651
1.0689691
1.1072953
1.0760134
1.1579843
1.0718343
1.074172
1.0618306
1.0789235
1.0667474
1.0814747
1.072724
1.0736051
1.0560828
1.0448636
1.07564
1.0621246
1.0397965
1.0577674
1.0155147
1.0459993
1.0480303
1.0275098
1.0357418
1.0362092
1.0336611
1.0271301
1.0214814
1.0328814
0.9842262
1.0068355
0.99391425
1.0176685
0.9792583
1.0136403
0.9962282
0.9687303
0.9586018
0.9867881
0.9697804
0.976316
0.96440154
1.0120196
0.9453892
0.9488449
0.94891864
0.9495796
0.92952263
0.94933903
0.9615085
0.93808895
0.95656025
0.94219357
0.95657086
0.92792255
0.93417037
0.9050241
0.925871
0.9178398
0.9192344
0.94397134
0.915697
0.9453866
0.9013273
0.93873996
0.9177113
0.9132746
0.92699367
0.92832816
0.9925296
0.8855903
0.88686603
0.91626334
0.89112514
0.89055115
0.9016267
0.88598377
0.90120864
0.869311
0.89991236
0.86922914
0.84773725
0.8719141
0.88210016
0.854985
0.8941978
0.8682249
0.8785096
0.8698872
0.85716677
0.8530901
0.8676826
0.8751936
0.8268078
0.8508185
0.8339012
0.85240793
0.87035674
0.84590626
0.8252408
0.83137053
0.82694453
0.8510158
0.84893197
0.80543107
0.8060358
0.8514454
0.84026814
0.82479423
0.84948754
0.83027786
0.84168994
0.8203591
0.81893337
0.81175625
0.8045904
0.8313065
0.7941133
0.82679087
0.80477935
0.833731
0.8251313
0.8094584
0.81091774
0.82205033
0.79947156
0.7806972
0.80307394
0.78805333
0.78764206
0.76859653
0.7990756
0.77739257
0.77620226
0.7900365
0.7591857
0.7774726
0.76037824
0.771509
0.78234863
0.7778893
0.76685447
0.7729959
0.7722736
0.7643708
0.7713598
0.76677847
0.7829823
0.7832859
0.7504257
0.76324713
0.74943
0.74991655
0.75275236
0.7397915
0.7670781
0.76034343
0.73501307
0.76367277
0.75916225
0.7508617
0.74169683
0.74148864
0.72539514
0.73812187
0.7477088
0.75515836
0.7448418
0.7442722
0.7658286
0.73922235
0.7010888
0.7016332
0.7171014
0.70838636
0.7269083
0.72609425
0.70473015
0.70395714
0.71888477
0.7136119
0.6870022
0.73144245
0.7189585
0.70665556
0.7000269
0.70512974
0.7298483
0.75957924
0.72568023
0.7272361
0.7262146
0.7180291
0.72588986
0.671345
0.70325863
0.72412944
0.7016127
0.7025711
0.6881784
0.6867425
0.6967015
0.7160752
0.7151224
0.66791123
0.694184
0.6841157
0.697125
0.69197065
0.70187783
0.69566405
0.6869475
0.6946803
0.67519784
0.6928816
0.6633208
0.6619552
0.6645006
0.6675733
0.67953163
0.6641092
0.67640316
0.67405045
0.6626702
0.63310564
0.68602866
0.65866166
0.674325
0.65786964
0.6690066
0.6654837
0.6763312
0.65404934
0.6455012
0.6564019
0.64116096
0.6514432
0.65553117
0.6273266
0.6360793
0.6379842
0.6370428
0.63244605
0.65554285
0.62496847
0.66606724
0.6314575
0.66583014
0.6420359
0.6596374
0.63065106
0.6366182
0.63120055
0.6488217
0.6325148
0.6277926
0.6076158
0.6178398
0.623824
0.62387806
0.61650467
0.60913354
0.63340294
0.6389503
0.62590563
0.63710594
0.6279081
0.59369266
0.618695
0.62926763
0.61737883
0.63047874
0.6290406
0.63088506
0.6151875
0.62078255
0.62772137
0.6164632
0.60933936
0.62878287
0.6096178
0.6071065
0.60778856
0.62140214
0.60842294
0.60443985
0.6250685
0.61309975
0.6163464
0.6185954
0.6055253
0.6038624
0.5959111
0.62432784
0.6413953
0.61057276
0.6084536
0.61805266
0.6114129
0.60101604
0.6069626
0.60319287
0.5951834
0.58499223
0.6012785
0.629462
0.5866869
0.5862166
0.6053555
0.5863391
0.5751938
0.59555125
0.5873259
0.5910268
0.59541434
0.60558945
0.57705265
0.6093599
0.5961903
0.5922543
0.5756405
0.5607483
0.57653564
0.5853233
0.5852491
0.5778948
0.59616756
0.57788074
0.5903245
0.5787764
0.5662611
0.5775916
0.57207674
0.61091584
0.5816906
0.5935026
0.5970311
0.61060447
0.60480744
0.60163873
0.5876623
0.56820446
0.58022
0.5754893
0.56262445
0.5598822
0.56493837
0.5656285
0.5437889
0.5526087
0.56565046
0.5661797
0.5634807
0.56391793
0.57050884
0.57033217
0.5460316
0.54031247
0.56773216
0.53039646
0.54696697
0.53788555
0.54714906
0.5439156
0.5608214
0.553765
0.55258435
0.54145616
0.5415792
0.5315143
0.5356866
0.5555224
0.5533659
0.5446496
0.549266
0.55432165
0.52036744
0.53993946
0.5308936
0.5230075
0.527012
0.5211019
0.5216378
0.5305811
0.5156126
0.5281773
0.5168068
0.5334339
0.5399093
0.5255921
0.5243625
0.53622556
0.52052665
0.5069738
0.5087757
0.5330173
0.5280137
0.5239994
0.53303295
0.51997656
0.51717013
0.5061569
0.52633387
0.51507926
0.49658445
0.518327
0.49724016
0.48388684
0.51745725
0.5010708
0.49781862
0.5075509
0.51139057
0.5222947
0.49190995
0.51270705
0.50072736
0.5028793
0.48761982
0.48541272
0.49072337
0.4839888
0.48687822
0.4800754
0.48451343
0.4876318
0.49172518
0.49728137
0.48435262
0.50740427
0.48151138
0.4804756
0.48221606
0.48078063
0.48521608
0.47756886
0.4779952
0.4916424
0.4973518
0.48990938
0.48616263
0.48007402
0.49572688
0.49033463
0.49265417
0.4988818
0.4649403
0.49079245
0.46883497
0.45853978
0.4557293
0.4835941
0.48296413
0.49462482
0.47609267
0.49009493
0.47625348
0.48972777
0.47292396
0.48063496
0.48504683
0.4768518
0.5000722
0.47827715
0.4578518
0.49151203
0.46465898
0.46950275
0.4711695
0.47005743
0.46908587
0.46385273
0.4647931
0.46706536
0.47472543
0.46865824
0.4756693
0.46161392
0.471646
0.46104014
0.4803187
0.46093488
0.47877085
0.47357348
0.4807429
0.46551928
0.46768934
0.4770336
0.44408968
0.48193935
0.4590345
0.47273386
0.4457539
0.4477201
0.44815284
0.443203
0.44976905
0.46452358
0.44402763
0.44762
0.42487964
0.44220713
0.42580432
0.44581977
0.4404415
0.4243089
0.43179756
0.4336584
0.4611159
0.4394353
0.4430713
0.42155534
0.4225502
0.4281513
0.44586676
0.43271208
0.43282932
0.42152902
0.41428822
0.41789332
0.4253197
0.41621476
0.41751626
0.44150257
0.44873697
0.4217489
0.43004933
0.44082683
0.41871718
0.41650668
0.43558615
0.42379943
0.43817475
0.4549574
0.4217438
0.4355205
0.43251342
0.4371805
0.40962812
0.42307335
0.4321044
0.41548648
0.41452077
0.41363353
0.40959036
0.40167972
0.42109346
0.4111163
0.40661743
0.41756415
0.40648094
0.42513478
0.39445144
0.42406666
0.38375303
0.43042618
0.41392696
0.407298
0.40551817
0.39908478
0.4148166
0.41215122
0.4136525
0.4034854
0.39751494
0.42027172
0.4145464
0.3938533
0.40180346
0.40676492
0.4091409
0.4029684
0.40330857
0.38844332
0.3988803
0.39884418
0.3800864
0.41133192
0.39120686
0.39178413
0.3885748
0.4059254
0.38547075
0.41323948
0.39429608
0.39876986
0.40534455
0.39670545
0.40909413
0.407889
0.39765072
0.38305673
0.41360673
0.3944925
0.38803765
0.3886203
0.39659232
0.39043006
0.40047416
0.39718056
0.39276585
0.3836386
0.38059857
0.38481376
0.37479892
0.38007858
0.370537
0.38086972
0.40083158
0.3914584
0.37868947
0.38615748
0.4093448
0.39728665
0.3642514
0.39195985
0.37829652
0.38449347
0.3777893
0.3791583
0.36970562
0.37925425
0.3837405
0.38715
0.393468
0.35872924
0.38592815
0.3685488
0.36609447
0.36519936
0.37005773
0.3766671
0.39519092
0.34922665
0.37078223
0.38534912
0.39046943
0.36565885
0.36203912
0.3612355
0.3693077
0.36994728
0.37469715
0.36059162
0.37909475
0.37089264
0.39030725
0.36315972
0.35861856
0.35519907
0.36299586
0.3782609
0.35258496
0.3442814
0.36564526
0.35851642
0.35265222
0.35102686
0.38190418
0.37105256
0.3717927
0.3443221
0.3556014
0.35384914
0.3585678
0.39486423
0.35564846
0.36369017
0.36796382
0.37945822
0.36732143
0.3612862
0.33911493
0.3527368
0.3622734
0.35127208
0.36568487
0.3617679
0.35140574
0.3594049
0.3565316
0.35160258
0.35747334
0.3711317
0.36538905
0.34719187
0.3687239
0.35371894
0.34592852
0.34916326
0.3543686
0.32292765
0.3525939
0.35264376
0.34550184
0.35331255
0.35876003
0.32967928
0.33717164
0.33456522
0.3574016
0.33687142
0.36306214
0.3391781
0.33029082
0.34158474
0.34681743
0.36296862
0.3417624
0.35517904
0.3625921
0.33502492
0.34704342
0.32964665
0.35286468
0.33357397
0.35099015
0.3368451
0.34668103
0.31723163
0.33631223
0.34360358
0.34029135
0.34621304
0.34351873
0.33538273
0.33663362
0.35051352
0.34380287
0.32680443
0.33749375
0.3419788
0.3533529
0.32713556
0.31683713
0.34786406
0.34430313
0.32086137
0.3322043
0.33412266
0.34058905
0.32245383
0.3355131
0.334787
0.33705404
0.32613832
0.32719755
0.33457065
0.32829103
0.33694094
0.34660605
0.32592428
0.3317702
0.31854668
0.32177857
0.33143064
0.32394904
0.32617497
0.3498493
0.31431904
0.3191628
0.321415
0.3129371
0.3272431
0.30705878
0.32124767
0.3330512
0.30638367
0.3202971
0.32914346
0.3118859
0.3240473
0.3230506
0.30753118
0.31615272
0.3173495
0.31136313
0.29955107
0.30137447
0.30521545
0.3025161
0.32136962
0.30095
0.30977112
0.2947086
0.3064819
0.3148797
0.30079195
0.3170736
0.30775398
0.31231588
0.31134307
0.32376197
0.3119693
0.29519528
0.28639665
0.30315632
0.29747203
0.3014668
0.30258784
0.3100462
0.29636747
0.3012731
0.29428753
0.2929632
0.29582876
0.30971497
0.30800527
0.2959996
0.30742747
0.30855238
0.30404443
0.33307612
0.31139952
0.3093779
0.31412852
0.32364506
0.30407116
0.3029521
0.29346135
0.29158053
0.28506497
0.29756057
0.30909115
0.30450538
0.28894666
0.3046334
0.30293676
0.2900714
0.28242692
0.28184336
0.29587644
0.29105055
0.294721
0.28055483
0.29586542
0.2900018
0.28577957
0.2835468
0.30728334
0.2876512
0.32360283
0.2923565
0.2964901
0.2897914
0.27963054
0.28591448
0.28345054
0.30733117
0.29567862
0.2822667
0.28369817
0.3117473
0.29876572
0.27732962
0.2678512
0.2755859
0.2911477
0.27491638
0.27566597
0.26950157
0.26770526
0.28547096
0.28536844
0.28829914
0.29656535
0.3016378
0.28070432
0.25377876
0.28434125
0.27744824
0.2953864
0.28701735
0.2735684
0.2848639
0.276867
0.29961148
0.27825928
0.284606
0.27006382
0.27648997
0.26416892
0.26675782
0.27990866
0.2814615
0.26700333
0.2882738
0.28755566
0.29419652
0.2640585
0.26597935
0.2608401
0.2655082
0.27882966
0.2820697
0.26007065
0.2699698
0.25355583
0.28191724
0.29698542
0.25836822
0.25962564
0.25919032
0.25426102
0.25805637
0.25104672
0.28071153
0.2707424
0.2938485
0.27663463
0.25982013
0.2541804
0.25918314
0.26977652
0.270118
0.2584068
0.2574289
0.24936087
0.26106572
0.28311825
0.255103
0.30132964
0.2732943
0.26347136
0.27258137
0.27854943
0.2614967
0.2675154
0.26970848
0.2625961
0.29119068
0.26709953
0.26323947
0.24883
0.26603913
0.25913373
0.25674373
0.25408196
0.27226025
0.26403835
0.26454756
0.25696626
0.26792103
0.26175055
0.25895905
0.2709608
0.291443
0.25256258
0.25776592
0.2717995
0.26834545
0.26787612
0.25296846
0.27857572
0.2675631
0.25728378
0.2561079
0.26633587
0.24360292
0.26421946
0.26825884
0.2432635
0.26523474
0.253454
0.24194421
0.25416797
0.2600035
0.25059232
0.25747603
0.25252342
0.26024485
0.2488608
0.2611312
0.26636484
0.24799651
0.26781204
0.24700938
0.24006772
0.26285937
0.2406934
0.24980503
0.2666694
0.25920603
0.24908921
0.26214534
0.25647408
0.25916266
0.26032436
0.23935144
0.25691587
0.24848326
0.23487653
0.2596821
0.24505836
0.2463494
0.25497362
0.24447247
0.24929535
0.23032117
0.23723015
0.2671864
0.23019703
0.26181164
0.2377443
0.23959972
0.25807256
0.23903072
0.25022924
0.26928288
0.22658525
0.25644955
0.24649324
0.25632626
0.24213125
0.25058594
0.23508368
0.25319797
0.24743535
0.2628693
0.2496508
0.23486477
0.2536207
0.2505548
0.23079993
0.25158727
0.25166062
0.2371959
0.263011
0.22810984
0.25519842
0.23371518
0.23354277
0.25334823
0.24383852
0.25003427
0.24781804
0.2427955
0.26251507
0.27286604
0.26025358
0.24583194
0.23701753
0.24560855
0.23896341
0.23301598
0.2310737
0.24585576
0.22935495
0.25999737
0.24730767
0.22890475
0.25799367
0.22864813
0.23834728
0.23175895
0.24566837
0.23019175
0.2336184
0.2516122
0.2575552
0.22935002
0.26410848
0.22678831
0.22802667
0.23065928
0.23005521
0.22557034
0.2271995
0.21449403
0.23492466
0.2361845
0.23590805
0.21067742
0.22492635
0.21607102
0.22055851
0.22780256
0.22191799
0.24726123
0.21698627
0.22261009
0.22895242
0.22601427
0.24400388
0.24183711
0.25223073
0.23079681
0.24401774
0.26546708
0.21404216
0.22774954
0.22643255
0.23305835
0.24703419
0.2304619
0.24669835
0.22378449
0.23185508
0.2422321
0.23847346
0.20862798
0.23644818
0.21363242
0.23952456
0.2251713
0.22050665
0.2193111
0.22817509
0.21641245
0.20685124
0.2285288
0.21044096
0.21108311
0.24120091
0.25742128
0.24459071
0.2458468
0.21747406
0.22158828
0.22621249
0.22997239
0.22214483
0.21910678
0.23513821
0.22195815
0.22000624
0.23737249
0.22191216
0.22825073
0.21634868
0.22751012
0.20931843
0.21510088
0.24302623
0.24232015
0.22298777
0.22665928
0.19799443
0.21446337
0.21428591
0.20883693
0.21917859
0.24167337
0.22006293
0.22344562
0.1997242
0.21905184
0.2374865
0.22483905
0.2068988
0.21700981
0.21752276
0.2229922
0.21556614
0.21998326
0.20967217
0.21629927
0.23161402
0.24958633
0.22105329
0.2134223
0.21482326
0.24525891
0.2288197
0.1963168
0.22233121
0.22074987
0.20957221
0.21968906
0.2349224
0.23497735
0.22974396
0.22450814
0.22654496
0.23152165
0.2277188
0.23457465
0.22909398
0.23009086
0.23204364
0.24482933
0.20800386
0.24258767
0.24581511
0.21202631
0.20654002
0.21346334
0.20702906
0.21246478
0.20656401
0.23301695
0.24329579
0.20426916
0.20908813
0.2202528
0.22263028
0.22640362
0.21123281
0.23534359
0.20352985
0.21900643
0.20439348
0.19626862
0.22027864
0.19781782
0.22374584
0.20162866
0.20383455
0.21764731
0.1996323
0.2100705
0.21976008
0.20715804
0.22527744
0.20704055
0.20643656
0.21526606
0.18799798
0.18245691
0.22021227
0.21721002
0.2529119
0.20017214
0.2178896
0.20112613
0.20953514
0.19770508
0.20310338
0.2045962
0.20807253
0.21036907
0.22161128
0.21207336
0.20510258
0.19410504
0.22322698
0.18814869
0.19714412
0.19635256
0.20659056
0.20997067
0.20800866
0.21372838
0.18871033
0.20221448
0.21433549
0.21108127
0.19711104
0.20213115
0.19886078
0.21232228
0.19839564
0.19730854
0.18286026
0.21387017
0.19399042
0.20606036
0.22664006
0.21216871
0.19982408
0.20544548
0.2066659
0.20102382
0.19869375
0.20158595
0.190662
0.19996272
0.20236196
0.21352567
0.20571984
0.19749257
0.21354787
0.21483879
0.18215536
0.1997989
0.19612563
0.1954053
0.21020836
0.2155265
0.19752647
0.2260872
0.17787291
0.20858522
0.20440578
0.1877245
0.193393
0.19267157
0.19833441
0.2048841
0.19691658
0.19890635
0.18148676
0.20342931
0.19938074
0.18804537
0.19796486
0.1959285
0.19116406
0.19942522
0.2020629
0.19239599
0.18874598
0.18641967
0.19625673
0.18452606
0.20442735
0.22184709
0.18787263
0.18545899
0.21470606
0.19102262
0.19640401
0.1953356
0.20705079
0.20021516
0.18552367
0.20110989
0.18792357
0.17994128
0.19515586
0.18482126
0.20242229
0.20397522
0.17786045
0.18751216
0.19749252
0.17341486
0.21468356
0.18838021
0.19593011
0.17685133
0.17704421
0.17925175
0.1811621
0.17892759
0.17712036
0.19267955
0.19440085
0.1800906
0.18769662
0.17635177
0.17296937
0.17561951
0.1913007
0.17432448
0.17735751
0.18547548
0.17175078
0.19358416
0.17691907
0.19587246
0.17432484
0.18273622
0.16701837
0.18061365
0.17443353
0.20325574
0.18079652
0.18518832
0.18943635
0.17505714
0.18400267
0.18202269
0.18820085
0.1882374
0.19306387
0.17322797
0.18655396
0.19399859
0.17336786
0.17307708
0.18980038
0.19317763
0.17984663
0.17358333
0.16535246
0.16735446
0.1834032
0.19547756
0.17164652
0.17908657
0.18827763
0.18182784
0.17569947
0.17559907
0.18568103
0.17959586
0.19144477
0.19040097
0.19668835
0.1633095
0.18788399
0.16767907
0.1770312
0.1739016
0.20802966
0.18449302
0.15423541
0.17723474
0.18281871
0.1788705
0.18632157
0.17541133
0.1701254
0.20931794
0.16934052
0.18116018
0.16951957
0.16752967
0.17102683
0.18978617
0.17872415
0.17765397
0.19434436
0.20464769
0.17110045
0.1748409
0.18648945
0.19730884
0.178443
0.17281187
0.19328175
0.17259234
0.15910593
0.1851937
0.20188572
0.16517499
0.16296196
0.17886513
0.15392283
0.18725322
0.17360614
0.18347701
0.16413628
0.17630073
0.20389538
0.18242937
0.16206494
0.16393475
0.17057614
0.166423
0.15482064
0.1675607
0.17122911
0.19772127
0.18919156
0.1621337
0.17598045
0.17589334
0.22421575
0.19099924
0.18084782
0.16672233
0.17048354
0.16974024
0.17270814
0.16082019
0.14541173
0.15652405
0.16786565
0.1605235
0.1570791
0.16443089
0.15548766
0.1819163
0.15511699
0.16760837
0.1487148
0.16326249
0.18103802
0.15342657
0.16178855
0.1621955
0.16633067
0.15696362
0.17241544
0.17525737
0.16087848
0.17414966
0.1745801
0.17218687
0.18922332
0.18115102
0.18754545
0.16740008
0.18731226
0.1775153
0.16264331
0.16224311
0.16457099
0.18201405
0.17313348
0.15997694
0.1777609
0.16694881
0.14720392
0.15933238
0.17285635
0.17481844
0.16942708
0.17120603
0.15507166
0.1830497
0.15841989
0.1507549
0.17143753
0.14974734
0.19807822
0.1486896
0.1500123
0.15548079
0.16265853
0.15420741
0.1634323
0.17630556
0.14817236
0.15016177
0.16451336
0.15749009
0.1538789
0.17515081
0.16735953
0.18052562
0.16982625
0.15585674
0.15420026
0.18452282
0.17491516
0.15572289
0.17194931
0.16208227
0.17300926
0.16812937
0.18090431
0.14716598
0.15578952
0.14560358
0.17143281
0.1575643
0.15419708
0.17658667
0.15905012
0.16435958
0.14476307
0.21505994
0.19947082
0.15618572
0.16140181
0.15450843
0.1701808
0.16326028
0.16380242
0.18355033
0.18182895
0.17704567
0.15967453
0.13658938
0.16389477
0.15874077
0.15593107
0.14970529
0.15325007
0.16640474
0.18380018
0.16535394
0.15738732
0.1560861
0.13740297
0.16232319
0.16580988
0.14826442
0.15258728
0.1459903
0.14974155
0.16504021
0.1669215
0.1624366
0.1470304
0.15395334
0.16724749
0.18567461
0.14531104
0.18035395
0.16713053
0.1537793
0.13602878
0.17410913
0.13907695
0.14290091
0.16705354
0.17219403
0.15977457
0.17139678
0.17761946
0.14503056
0.17891309
0.14724119
0.15446524
0.19221602
0.16855448
0.15494592
0.14332172
0.15676214
0.16523238
0.16807325
0.1579894
0.15194353
0.19358262
0.1710821
0.16825269
0.1946422
0.15548508
0.16757968
0.1934311
0.18268695
0.17561682
0.17933871
0.14641872
0.15991494
0.16699697
0.15321995
0.15565233
0.15595838
0.16790266
0.13703254
0.1784478
0.17942424
0.16024648
0.1518815
0.14209367
0.14576486
0.14863919
0.15807447
0.15001032
0.14277631
0.14174503
0.14949073
0.13779429
0.13990518
0.16193002
0.1762394
0.15022025
0.15546599
0.14558266
0.15365005
0.14796482
0.15323703
0.13429648
0.13949443
0.13840294
0.16453668
0.16765296
0.16115795
0.16087483
0.16367806
0.17130287
0.13049825
0.17723972
0.17468886
0.1627499
0.14770907
0.151098
0.16110167
0.15042628
0.15934193
0.15783718
0.16507784
0.1772719
0.16860941
0.15225033
0.16847709
0.14442527
0.16598515
0.15060611
0.17516188
0.16914941
0.14045073
0.1489504
0.12926237
0.14930695
0.1887632
0.2055658
0.15360253
0.15129335
0.14451122
0.18857741
0.16046254
0.17866014
0.13923457
0.16172478
0.1599916
0.15121819
0.14387825
0.16760562
0.1539158
0.14637178
0.15577349
0.15126865
0.18700747
0.15728465
0.14763041
0.1351427
0.14093865
0.15021113
0.18297148
0.1772057
0.15108249
0.17725971
0.16593395
0.18911187
0.14078791
0.16280071
0.17671952
0.17096207
0.14492133
0.16406
0.14695787
0.15220936
0.14261991
0.15185629
0.1482991
0.19004932
0.15843813
0.15791114
0.15768822
0.18226084
0.17144123
0.14218551
0.14504696
0.15587224
0.1514358
0.15566695
0.16981994
0.17405695
0.15271102
0.14170416
0.14782968
0.17117603
0.1693513
0.14594036
0.13659663
0.13759248
0.14898174
0.15789005
0.17683841
0.14978261
0.15214974
0.15096305
0.14644402
0.20252012
0.14977881
0.14873302
0.15455098
0.15428704
0.16430785
0.16129325
0.15004167
0.1655974
0.16073875
0.14774458
0.1521296
0.17398737
0.16317496
0.15834914
0.15185273
0.15838215
0.15284783
0.17858084
0.15376379
0.16740608
0.15987398
0.16482821
0.16281779
0.17483895
0.1765029
0.15564795
0.16131009
0.19363633
0.1583168
0.15095946
0.15596129
0.14500692
0.13461046
0.14872485
0.17586838
0.16081099
0.16258898
0.14962381
0.15449664
0.1773086
0.15523241
0.15281405
0.17016558
0.15974313
0.16065387
0.18354934
0.15467057
0.14188837
0.14791352
0.14763327
0.14922433
0.15547337
0.16266647
0.15976445
0.15561514
0.14592598
0.14151098
0.23286316
0.43226
0.21504702
0.16524507
0.14069453
0.1398946
0.14347254
0.14781237
0.14108601
0.13743271
0.13290836
0.1352407
0.14866568
0.17753427
0.15282865
0.13937359
0.145502
0.16790177
0.14529374
0.13278215
0.12915996
0.14131218
0.15640073
0.17572008
0.20198077
0.15931968
0.1397534
0.13832916
0.14419062
0.14549641
0.14893554
0.13751078
0.12804462
0.12683812
0.12939216
0.13162547
0.13273866
0.14074463
0.15632328
0.17734931
0.19942193
0.1549966
0.1305925
0.1483952
0.19146626
0.16407463
0.15828048
0.15647528
0.15331496
0.14176
0.1381876
0.14257535
0.15258929
0.14587277
0.14010124
0.13363567
0.13870126
0.14729805
0.14120416
0.14173491
0.13455412
0.13477808
0.14395636
0.13786322
0.14851177
0.14498247
0.15378256
0.14859432
0.15533647
0.14896326
0.14605485
0.13471004
0.14162232
0.14620449
0.13991073
0.13601533
0.13281055
0.13835783
0.14908044
0.1525298
0.15411635
0.14915103
0.15791938
0.15947352
0.16212133
0.14906
0.13866019
0.15147708
0.15185708
0.15953155
0.14045478
0.13773021
0.13674888
0.1378812
0.14274052
0.14778517
0.14349648
0.15239151
0.1599004
0.17606251
0.16680011
0.15720277
0.14732793
0.14019905
0.13762216
0.1349683
0.13641623
0.13303098
0.13130663
0.1330839
0.12646683
0.1185936
0.122005545
0.13243952
0.13864186
0.14562044
0.16387689
0.16746524
0.1586145
0.14478844
0.15180734
0.14946185
0.14055938
0.13819109
0.14820826
0.16054606
0.16638179
0.1580668
0.14635572
0.14362371
0.14524813
0.14439346
0.14397503
0.13659059
0.14232622
0.1284986
0.12499448
0.120362066
0.13331746
0.1515851
0.15565972
0.16006234
0.14953308
0.14888145
0.1322031
0.13143899
0.12553668
0.1335724
0.14196843
0.16492449
0.16074847
0.15869853
0.15371178
0.1608246
0.16626836
0.16075562
0.15298812
0.14288713
0.14457293
0.1594735
0.15698437
0.14481878
0.15389779
0.17242533
0.17845719
0.1593983
0.14974017
0.15291506
0.15246062
0.14512558
0.13452275
0.13374604
0.1411733
0.14605355
0.15070733
0.14713985
0.14540479
0.14252234
0.14559764
0.15575424
0.15415922
0.15215166
0.14006348
0.14896496
0.14534527
0.14972377
0.14220631
0.14876617
0.14652131
0.15433271
0.15600424
0.15045123
0.14861874
0.15558758
0.15928334
0.15035146
0.13511588
0.14118475
0.14482653
0.1391456
0.13975564
0.16246247
0.18266657
0.17182589
0.15224352
0.12600684
0.13603626
0.1269636
0.13139306
0.118033655
0.11983373
0.12783843
0.13435823
0.1311312
0.13649385
0.1306639
0.13936718
0.13435458
0.16578546
0.1650832
0.16510493
0.14845197
0.14259377
0.1418641
0.13011445
0.120951645
0.11659188
0.13414146
0.15191539
0.15072043
0.14094271
0.12986007
0.15257457
0.14046118
0.17350309
0.145283
0.16351287
0.12962022
0.181512
0.17234124
0.18044202
0.14910659
0.1541254
0.1554344
0.14851789
0.14078417
0.13006948
0.13602002
0.13618954
0.14035808
0.13234662
0.13170062
0.1418807
0.16873546
0.18767346
0.17623822
0.13897489
0.12610334
0.11832298
0.11527828
0.11203136
0.10551524
0.12702194
0.13235171
0.14061205
0.12216835
0.13966884
0.1260509
0.13702205
0.13061921
0.13609761
0.14109494
0.14667274
0.14646287
0.14610206
0.13803
0.14403942
0.13915843
0.16191024
0.16713017
0.15743351
0.12691367
0.116262615
0.13187222
0.13948996
0.13904066
0.1360584
0.1480428
0.14297746
0.13682662
0.11264517
0.12287487
0.119734615
0.1379887
0.13139816
0.14753835
0.13535091
0.16038047
0.15291244
0.15458627
0.13621786
0.14402209
0.13792244
0.14349197
0.12540354
0.15545727
0.1534678
0.17273888
0.15743157
0.16030611
0.13862914
0.13408539
0.14375214
0.1681407
0.16631006
0.14056201
0.12918636
0.13017799
0.13538869
0.12394702
0.11748556
0.11417097
0.115466565
0.122465506
0.13105114
0.13171658
0.13342525
0.12528458
0.14713803
0.13662228
0.15154769
0.14707449
0.1598366
0.13783014
0.1415177
0.1419903
0.1454122
0.12428737
0.14174207
0.15692636
0.16842198
0.1615472
0.15186527
0.14635754
0.15700878
0.15650336
0.14486709
0.13229705
0.1134522
0.10648124
0.115985
0.116672546
0.10930493
0.11630375
0.13370517
0.1373273
0.16409135
0.15922676
0.14200564
0.15610115
0.1543534
0.17580526
0.14776401
0.15104648
0.15180594
0.14674395
0.15856276
0.17113902
0.16169347
0.15689248
0.14265747
0.1540361
0.14410733
0.14989929
0.16502953
0.17249413
0.16756478
0.18047589
0.1583934
0.15941443
0.15161754
0.15157935
0.16794421
0.17220035
0.17663501
0.16604736
0.2137794
0.21722455
0.22867018
0.19301826
0.17037992
0.16253304
0.16016334
0.16372274
0.17084938
0.15683544
0.14929052
0.14784302
0.14955664
0.17565429
0.17126703
0.16410021
0.15941322
0.15333706
0.16026224
0.15223849
0.15712796
0.16788268
0.1729275
0.1771284
0.1635252
0.15292859
0.14371577
0.14000534
0.13437252
0.1312309
0.12538654
0.13301736
0.14582534
0.15847518
0.18650472
0.16831411
0.16999471
0.15240203
0.15068989
0.1507637
0.138661
0.14322464
0.14076227
0.12459656
0.124030896
0.12144995
0.11879797
0.124445796
0.134692
0.13686955
0.13370177
0.13431166
0.14508843
0.1468911
0.16637985
0.16760856
0.1530968
0.13930589
0.13628013
0.1268444
0.12757689
0.14566153
0.15798077
0.18053257
0.17947039
0.15876414
0.13558908
0.117986016
0.11702625
0.12843196
0.11905126
0.114989564
0.15598439
0.16745712
0.17279138
0.17467317
0.15076278
0.116086796
0.13199031
0.13268985
0.14969765
0.15406969
0.15671769
0.14241444
0.1424261
0.12826227
0.13805872
0.14500646
0.14606856
0.15510894
0.15401034
0.15104021
0.14828266
0.14898902
0.13720791
0.13896607
0.124573365
0.13553168
0.13314508
0.14177132
0.13295528
0.14101057
0.12394163
0.13200828
0.13983244
0.15300941
0.16308023
0.16160975
0.15743825
0.14393264
0.13659477
0.12573884
0.12744197
0.12186162
0.12135879
0.12620889
0.12950525
0.1271912
0.12604602
0.12982316
0.130549
0.12967485
0.1384193
0.13551047
0.14098081
0.13430305
0.12743886
0.123394966
0.12921193
0.14833416
0.15535694
0.1563429
0.17011037
0.18062796
0.16222726
0.15130344
0.15592572
0.14551648
0.13535917
0.14103805
0.15932366
0.15295787
0.15276834
0.15298682
0.13829258
0.122039154
0.12645483
0.12221975
0.1400505
0.1385981
0.146871
0.15901075
0.15751639
0.15113024
0.17996979
0.173206
0.17032051
0.15549698
0.13820754
0.12523879
0.10549143
0.1372539
0.14439689
0.1488294
0.16646206
0.16731924
0.19768116
0.14734153
0.14973293
0.13274126
0.16654101
0.13761878
0.14760703
0.1475177
0.15286228
0.135905
0.1471174
0.15132247
0.15644535
0.15207274
0.14505953
0.13849598
0.14021333
0.14788562
0.1893892
0.18781817
0.18908522
0.18440923
0.16841015
0.15062313
0.124945655
0.1292386
0.120893314
0.13253745
0.14411712
0.13235784
0.14455986
0.14281122
0.1630762
0.14737345
0.16226172
0.1630998
0.14664842
0.1285223
0.12799345
0.12390497
0.11076637
0.10733453
0.10896781
0.10858747
0.11631359
0.12298306
0.11511001
0.1233346
0.13619289
0.13469145
0.14480735
0.15545508
0.16598731
0.1616077
0.17003343
0.17827171
0.15857592
0.13951416
0.120889165
0.12185195
0.12932073
0.11675892
0.13066538
0.13399787
0.14443934
0.14585128
0.1517994
0.15387686
0.15215409
0.14348964
0.15039587
0.16078861
0.16931213
0.16347772
0.16117962
0.16135764
0.15742326
0.15135348
0.13055304
0.13399562
0.13211372
0.13942155
0.13702069
0.15567501
0.17582184
0.189815
0.18145193
0.17746568
0.15914792
0.16801271
0.15575168
0.14335725
0.14174947
0.1390749
0.14338733
0.14778502
0.13973843
0.12689452
0.1354146
0.14411418
0.1438509
0.17720395
0.20027219
0.2319889
0.24815765
0.2176758
0.23111913
0.1991811
0.16032477
0.13992105
0.13630128
0.12881799
0.13634473
0.1220082
0.13714775
0.1348694
0.14289051
0.15011103
0.1418465
0.14309075
0.14781621
0.14848948
0.1642907
0.16068946
0.15803373
0.16022298
0.1657687
0.17371556
0.17881186
0.170195
0.15137623
0.13305424
0.13344704
0.13927925
0.14536162
0.14258073
0.1429353
0.1556858
0.16559713
0.17951559
0.1761507
0.15972205
0.15921444
0.15823708
0.15087733
0.14141734
0.1384356
0.13429329
0.1277244
0.13196822
0.13636418
0.12904401
0.13523373
0.12950638
0.15095384
0.15688565
0.16321212
0.15501626
0.15752223
0.1516687
0.153711
0.17527297
0.16756722
0.15781246
0.169889
0.17706095
0.18368602
0.18916954
0.19114046
0.18649623
0.19375126
0.18995233
0.19936761
0.1774816
0.1790478
0.18680531
0.17474051
0.1761367
0.18023986
0.17579958
0.17887613
0.18167594
0.17544228
0.15341938
0.15989938
0.17109396
0.14675851
0.14232159
0.15109046
0.14898996
0.14050026
0.14057922
0.13685742
0.13325846
0.12523142
0.12508245
0.12861934
0.15594262
0.1575863
0.16333373
0.1591213
0.16107397
0.15848204
0.158573
0.15974297
0.15584137
0.17822966
0.16935381
0.15380628
0.16123798
0.15758835
0.16253194
0.16889739
0.17204541
0.17106204
0.15926728
0.14152129
0.14137675
0.14385274
0.13319558
0.13381085
0.13798118
0.14614147
0.15009725
0.14466074
0.1480863
0.15137672
0.15785758
0.15796992
0.16011246
0.16663185
0.16013874
0.15022855
0.14134577
0.13269806
0.12668452
0.12853523
0.1285009
0.1325654
0.13200362
0.13926719
0.13797083
0.14113544
0.14465027
0.1421358
0.15472701
0.16228862
0.16907749
0.16293511
0.16465105
0.15311748
0.16515394
0.16624027
0.16749565
0.17777833
0.17104217
0.1781998
0.18732256
0.18055817
0.17842905
0.18222085
0.1794865
0.17181024
0.17136286
0.17029375
0.17115471
0.16626675
0.1558483
0.1512008
0.15886687
0.15667722
0.15810329
0.16354553
0.16117604
0.1592268
0.15198947
0.15280889
0.15965143
0.16462928
0.16438377
0.16141064
0.15985298
0.15953721
0.17344895
0.16698474
0.16217957
0.16479102
0.16303858
0.15272143
0.1674579
0.17622527
0.17161414
0.17456152
0.18246704
0.17024978
0.16493888
0.17140211
0.16058928
0.16089946
0.15576243
0.15828668
0.1561859
0.15021467
0.1346517
0.13965297
0.13775022
0.14160503
0.13718343
0.13804221
0.13981953
0.14261828
0.13915803
0.1457194
0.13796294
0.1404579
0.1445674
0.14215091
0.14322463
0.15351768
0.14920327
0.15031306
0.1576749
0.15101108
0.15261588
0.14636473
0.16938877
0.17952472
0.16918732
0.15872146
0.16421017
0.17324436
0.18106394
0.1672949
0.15171131
0.15701044
0.15756327
0.15398945
0.14889902
0.15026227
0.15458244
0.15039892
0.14256772
0.13851587
0.12661272
0.1294406
0.1344999
0.12731175
0.12817787
0.120536655
0.12007896
0.13736632
0.13895948
0.13862695
0.13573569
0.13832414
0.13967517
0.13669102
0.14005846
0.14561626
0.15477555
0.15295386
0.15986942
0.15506332
0.14500086
0.13824587
0.13663827
0.1378151
0.14196965
0.14694364
0.14776509
0.16087365
0.14461416
0.14459513
0.14537342
0.1484159
0.14671479
0.14712761
0.14407377
0.14454794
0.14584853
0.1439897
0.15259466
0.15683976
0.16636418
0.16679533
0.16389386
0.16009814
0.15877154
0.15378813
0.15382864
0.14901614
0.14884555
0.14394832
0.144609
0.1375369
0.13773596
0.14326929
0.14024179
0.13874358
0.1397549
0.14072949
0.1358797
0.13358392
0.13907638
0.15653859
0.14803636
0.15827705
0.15683304
0.15719925
0.15960293
0.16067788
0.15978256
0.1629983
0.17095535
0.17803952
0.17193325
0.1692075
0.16539578
0.16889022
0.17685159
0.17267251
0.16900569
0.16299225
0.16476667
0.16668423
0.16742557
0.17137437
0.17918809
0.18757325
0.18137002
0.18206298
0.17828009
0.17855284
0.17903909
0.15729767
0.16272688
0.16183138
0.15991306
0.15270819
0.1475185
0.15534766
0.15992187
0.16034843
0.1584192
0.15920863
0.16316223
0.16613643
0.1599009
0.1558643
0.1533541
0.14432542
0.16293122
0.16904539
0.17113288
0.17491755
0.17531966
0.16954693
0.1671454
0.16792448
0.16327628
0.15911993
0.15540025
0.15699463
0.15757534
0.15430738
0.15139592
0.14880842
0.14651743
0.1444997
0.14273567
0.14120881
0.13990535
0.13881382
0.1379249
0.13723111
0.13672675
0.13640772
0.13627145
0.13627145
0.13627145
0.13627145
0.13627145
0.13627145
0.13627145
0.13627145
0.13627145
0.13627145
0.13627145
0.13627145
0.13627145
0.13627145
0.13627145
0.13627145
0.13627145
0.13627145
0.13627145
0.13627145
0.13627145
0.13627145
0.13627145
0.13627145
0.13627145
0.13627145
0.13627145
0.13627145
0.13627145
0.13627145
0.13627145
0.13627145
0.13627145
0.13627145
0.13627145
0.13627145
0.13627145
0.13627145
0.13627145
