3874.6897
1693.7977
676.83484
433.08444
313.90793
244.34616
198.91312
167.82025
146.68388
130.66301
117.36373
107.10426
98.13497
89.32201
83.645645
78.42374
73.73242
70.698044
67.2463
64.26389
60.78828
58.590797
56.56732
54.369015
52.45525
50.630405
48.780712
47.521126
45.426464
44.619263
43.688175
42.331482
41.622955
39.595634
38.711235
37.74923
37.043102
36.279335
35.681103
35.118843
34.351494
33.85019
32.95772
32.30078
31.994633
31.188229
31.248936
30.765215
30.713144
30.047049
29.75584
29.113447
28.498705
27.760155
27.140238
26.681162
26.216482
25.960608
25.750595
25.290754
25.097649
24.915682
24.660023
24.380163
23.655075
23.790968
23.38421
22.67625
22.699455
22.690348
22.288805
21.900509
21.616077
21.49583
21.17537
21.189344
20.956707
20.680548
20.384754
20.130768
19.902157
20.015507
19.735096
19.696457
19.52923
19.118309
18.843267
18.567705
18.295036
18.080872
17.695427
17.648087
17.412937
17.22375
16.849794
16.701796
16.579977
16.566282
16.36215
15.990543
16.014345
15.920497
16.049301
15.682993
15.35221
15.291784
15.463467
15.096366
15.150902
14.930377
14.974001
14.851499
14.510122
14.341696
14.22275
14.242646
14.121916
13.837057
13.818265
13.6623125
13.530406
13.145047
13.091674
12.946248
12.9222355
12.729644
12.8308525
12.720345
12.600759
12.5309105
12.460133
12.498812
12.375329
12.317391
12.275663
12.22574
12.0048
11.7458725
11.513709
11.389001
11.346635
11.243172
11.077191
11.037492
11.044423
10.892528
10.942208
10.726569
10.72272
10.811081
10.705948
10.625241
10.501489
10.414986
10.291431
10.269422
10.206687
9.948096
9.9688425
9.844851
9.723811
9.50872
9.509068
9.55453
9.308705
9.410381
9.43383
9.254703
9.313873
9.146678
9.104424
8.957499
9.079011
8.895433
8.688382
8.601937
8.475772
8.488939
8.399642
8.302577
8.165381
8.254391
8.194992
8.109235
8.011292
7.929151
7.9382367
7.8641744
7.756931
7.7276745
7.751611
7.6513934
7.7360344
8.155241
8.005473
7.56417
7.3953743
7.3873544
7.235642
7.23068
7.261017
7.2378078
7.128645
6.9655347
7.054843
6.9870167
6.82969
6.8157277
6.7324414
6.639905
7.5298376
6.621989
6.6388803
6.554832
6.495531
6.5206213
6.488965
6.4902987
6.432311
6.4439855
6.277147
6.2474465
6.1481843
6.170855
6.0582285
6.056597
6.1476846
6.307424
5.9263253
5.9080787
5.908975
5.816881
5.779301
5.742267
5.695012
5.6886387
5.766801
5.8434443
5.796549
5.7616405
5.705833
5.579338
5.6032104
5.6213837
5.6565485
5.620599
5.5187893
5.4648
5.358369
5.2379045
5.208301
5.297389
5.1624565
5.116365
5.1446514
5.052519
5.0749464
5.079016
5.0061316
5.0247397
5.000352
4.9057302
4.9312706
4.9446416
4.9328666
4.7682633
4.86204
4.777778
4.652863
4.6871
4.5806417
4.633208
4.5535765
4.56009
4.5746703
4.56566
4.4900503
4.492616
4.3851476
4.4130487
4.320005
4.46641
4.3192377
4.4098334
4.350868
4.473629
4.446512
4.4025545
4.431358
4.451502
4.2550116
4.270968
4.1862874
4.1511526
4.003634
4.040231
4.0349154
4.085885
3.9963775
4.0774856
3.897574
3.9702165
3.9583423
3.9372425
3.8843322
3.806977
3.8243804
3.8125124
3.8262897
3.7830837
3.7766674
3.684744
3.7922313
3.7376459
3.6883278
3.6305728
3.679135
3.6610267
3.7419872
3.7122307
3.6529639
3.735245
3.5649867
3.5476086
3.5788963
3.4673789
3.5068727
3.4674928
3.4348898
3.4435244
3.4616308
3.3862424
3.4100952
3.44957
3.389281
3.3240206
3.3674982
3.2754645
3.2975705
3.3338885
3.193228
3.1536312
3.1494596
3.1833632
3.1927602
3.1662626
3.068838
3.1045454
3.085914
3.0912054
3.079784
3.1237936
3.1583846
3.2813578
3.1765404
3.1127937
3.1094115
3.1228595
3.156356
3.0056114
2.9641156
2.9190562
2.938387
2.9124017
2.925731
2.8963401
2.8900402
2.8162463
2.8483782
2.8161912
2.7741637
2.7889793
2.8649087
2.8445585
2.7535064
2.785185
2.6569831
2.645658
2.7372646
2.697779
2.6504655
2.6547637
2.5698977
2.5624514
2.4900064
2.5654867
2.6369188
2.5340118
2.529079
2.456474
2.4409683
2.456214
2.475056
2.5561655
2.4732375
2.4405844
2.395424
2.3920777
2.4237514
2.361086
2.4327865
2.4397495
2.37862
2.3044841
2.3155284
2.3776684
2.3004394
2.2815564
2.3280885
2.2721624
2.3377626
2.2597854
2.249014
2.2795758
2.2892115
2.2615845
2.2229326
2.261666
2.2001245
2.2014885
2.1750739
2.1763496
2.226113
2.252828
2.195131
2.134545
2.2096252
2.1352034
2.0886102
2.1575284
2.1395433
2.058189
2.0603082
2.0997958
2.1211925
2.1260495
2.1154208
2.221947
2.0576308
2.1459146
2.0767593
2.0717883
2.0669372
2.0857368
2.015504
2.0387774
2.015018
1.985848
1.9957458
1.9618033
1.9714375
1.9695021
1.9299605
2.0090873
1.9999137
1.9068086
1.9160907
1.9438415
1.9301646
1.9157014
1.909449
1.8051221
1.92424
1.8292766
1.9021336
1.8543258
1.8998541
1.8720796
1.9039458
1.912475
1.8579652
1.8727838
1.8428913
1.8209401
1.8234974
1.7872032
2.0114472
1.8312749
1.8228021
1.8088789
1.8577445
1.797217
1.83621
1.8986522
1.8028945
1.7887741
1.7747437
1.7624516
1.8013011
1.7392733
1.7643837
1.8031741
1.7952064
1.6895783
1.7206371
1.7596802
1.7737236
1.6536441
1.6691524
1.7130661
1.616239
1.6797252
1.7059824
1.6824847
1.6910914
1.7308453
1.6797104
1.7310055
1.6742597
1.6890428
1.7022593
1.6110469
1.5738944
1.6155235
1.5785292
1.5940353
1.6495475
1.6057469
1.5975255
1.5850087
1.5550971
1.5907117
1.6190921
1.5885217
1.5525596
1.538898
1.5881774
1.558091
1.6069854
1.6384342
1.595179
1.5313401
1.519059
1.5426892
1.5538151
1.7135495
1.5161157
1.5336493
1.4637917
1.4533069
1.4630458
1.3998542
1.47505
1.4473001
1.4201417
1.4562317
1.4244933
1.4811041
1.4402936
1.4494642
1.4365965
1.4128162
1.4201431
1.5310224
1.398724
1.4328278
1.3609154
1.4008266
1.4850421
1.3776811
1.437073
1.4095727
1.3866723
1.3803463
1.4096245
1.3419787
1.3806248
1.4411044
1.405163
1.3470073
1.3855194
1.4423192
1.4175574
1.4267106
1.4146538
1.4210614
1.8430322
1.5487878
1.4973652
1.3787283
1.3108232
1.3239149
1.3229308
1.2950077
1.3296129
1.260333
1.3275565
1.2834383
1.2805682
1.288896
1.3518614
1.3116215
1.6414376
1.3735936
1.303951
1.4335184
1.3538077
1.2867423
1.3515875
1.2708484
1.2053696
1.2663649
1.344503
1.3147659
1.2988583
1.2918835
1.3052434
1.2646762
1.3580414
1.3502961
1.2041601
1.251827
1.2642689
1.2172552
1.2380767
1.2348344
1.1975557
1.2852173
1.258135
1.1976606
1.2225366
1.2063059
1.1853673
1.1863934
1.1704075
1.1287577
1.1160986
1.1877835
1.197076
1.1694224
1.1974822
1.1632407
1.1363161
1.1204817
1.2285641
1.2228216
1.1814684
1.1909438
1.1562521
1.2090367
1.1795347
1.2069721
1.368217
1.3241342
1.2743145
1.1996832
1.1947093
1.241575
1.086832
1.0904349
1.1237382
1.1143
1.0746844
1.095814
1.035212
1.1002299
1.0451964
1.0576819
1.0625125
1.077759
1.059023
1.100744
1.0735333
1.0291219
1.0153264
1.0282404
0.9997412
1.0248048
1.0198885
1.0127813
1.0565771
1.0042855
1.0150254
1.0114053
1.0147442
0.94310313
1.0148768
0.9584948
1.1026158
0.9969795
0.98697644
1.0154378
0.95059323
0.99143726
0.9803142
0.9556074
0.9831049
1.0073401
0.9551678
0.9997911
1.0091283
1.0076747
0.9338173
0.9454096
0.9268841
0.9502967
0.92219484
0.91645104
0.97314346
0.9217761
0.9680406
0.8623191
0.9607759
0.9263476
0.87626
0.8864547
0.95696265
0.94144046
0.9063328
0.9074215
0.8965837
0.953754
0.88185275
0.82201904
0.87587494
0.9715746
0.8455851
0.922628
0.88772976
0.8319573
0.96964324
0.92405725
0.8688118
0.84593666
0.8244935
0.8657684
0.8484586
0.818484
0.8345698
0.86251646
0.85615295
0.8989703
0.8373189
0.8224544
0.79685056
0.82560503
1.1656176
0.83618724
0.7924766
0.8418716
0.83486587
0.8196505
0.8550835
0.8063121
0.8151748
0.85212374
0.9370763
0.80613667
0.79460704
0.8215522
0.82076734
0.77326876
0.74238104
0.78466856
0.85625094
0.75083613
0.74419016
0.78109807
0.74143904
0.82302666
0.77949005
0.76912063
0.7261129
0.7643157
0.76554656
0.7449854
0.7515106
0.76774055
0.7796637
0.8066568
0.8061642
0.77639884
0.86369646
0.7589924
0.7573317
0.79021
0.7066182
0.7426162
0.7675139
0.7770846
0.7299483
0.7819211
0.7461294
0.72691375
0.7912014
0.7121721
0.7404416
0.71125275
0.7734371
0.74680847
0.7162365
0.6688561
0.72544694
0.7120184
0.6947581
0.6908126
0.7502601
0.8401428
0.7235371
0.7147405
0.6829009
0.67149746
0.6963304
0.6833345
0.7227273
0.7538635
0.6565245
0.6975621
0.7223008
0.728221
0.65137273
0.7022087
0.6951822
0.6326745
0.656016
0.7280941
0.6562845
0.6947395
0.6709876
0.6650673
0.6527842
0.67004424
0.68972373
0.64188045
0.6259216
0.6046673
0.66336143
0.7040296
0.6761937
0.70236474
0.72555804
0.628085
0.66647834
0.6185411
0.6469923
0.67331165
0.71412164
0.616151
0.6615012
0.71378285
0.6883057
0.64500654
0.6182871
0.6750423
0.628428
0.6189131
0.604509
0.6239917
0.6953836
0.6989792
0.69201094
0.69574225
0.73567724
0.65466356
0.7172585
0.71623814
0.7284882
0.69059765
0.7075764
0.683771
0.672102
0.6467271
0.63075674
0.8435681
0.6785535
0.6435767
0.6636218
0.5998089
0.616729
0.6187873
0.70289904
0.8095367
0.650045
0.72687715
0.66372657
0.6569251
0.61077857
0.6074766
0.62027544
0.652874
0.6936244
0.7094169
0.67819023
0.65991354
0.6589161
0.67876345
0.6294864
0.63805735
0.72378445
0.6572355
0.64880085
0.68271226
0.65144026
0.6623301
0.6447869
0.68128157
0.6694577
0.6858065
0.6629258
0.6565365
0.6668654
0.6374778
0.6303893
0.63713694
0.65331596
0.6487056
0.64297503
0.6475151
0.69173604
0.6807419
0.6497126
0.6669199
0.7137928
0.7006618
0.69745106
0.72029114
0.75800484
0.6964843
0.6549814
0.64834845
0.6518222
0.7006386
0.78071696
0.6826719
0.657743
0.71468973
0.7656011
0.730652
0.7927014
0.7329216
0.7142801
0.6694431
0.7126385
0.68458337
0.69353974
0.6577124
0.67462987
0.7157867
0.7289024
0.73211044
0.6781565
0.6545871
0.6512328
0.640867
0.6612248
0.634736
0.652369
0.66497314
0.6781479
0.7668345
0.9064216
0.72963506
0.6922048
0.68829113
0.67409116
0.63763195
0.64467454
0.6690388
0.6747711
0.6509964
0.64062554
0.586422
0.62900937
0.66076475
0.69761336
0.66145676
0.6459586
0.6411795
0.64304924
0.6416968
0.6038921
0.6028651
0.565738
0.5843967
0.6019281
0.62784034
0.6184676
0.61492187
0.5931177
0.6029414
0.6030271
0.6040645
0.60122144
0.7279154
0.72630084
0.6997526
0.52333254
0.5798404
0.6463807
0.6551364
0.65862066
0.6325638
0.6717437
0.606761
0.61170113
0.5740137
0.5435749
0.49333972
0.4835838
0.543393
0.57205796
0.5739225
0.54830897
0.5326143
0.5315152
0.52710485
0.5227299
0.5274551
0.50428075
0.6425112
0.6961631
0.71818995
0.59327936
0.5641972
0.55079544
0.5495877
0.6264618
0.8021405
0.82138824
0.6944097
0.9208472
1.7287967
1.0061616
0.606818
0.5787401
0.5493731
0.6094761
0.55537385
0.6254011
0.5962716
0.6268261
0.5559475
0.5246416
0.6119372
0.62176925
0.64388555
0.5345168
0.53361136
0.61517245
0.6633515
0.66946954
0.6483988
0.62358123
0.57596576
0.59114945
0.5601409
0.55100775
0.5278804
0.5130906
0.5125943
0.49875098
0.48646286
0.49274352
0.4959299
0.53033155
0.52668154
0.5591588
0.5634182
0.5694715
0.5374902
0.53441715
0.56324184
0.5546509
0.5275882
0.5224283
0.5567508
0.7793604
0.98430437
0.98378855
0.87911636
0.8186347
0.5022208
0.5235892
0.54554087
0.4832466
0.47967175
0.54535496
0.53305435
0.54115134
0.504651
0.4937156
0.5283749
0.51664466
0.530085
0.5313697
0.5245701
0.51188827
0.47841224
0.42294377
0.41266042
0.4092006
0.4152374
0.4160502
0.41110384
0.4146715
0.42650196
0.41425902
0.4171777
0.40185994
0.41025117
0.41207314
0.39664236
0.38203347
0.39111996
0.3816259
0.37292618
0.38993254
0.39198384
0.40789884
0.413356
0.3897772
0.37893993
0.37025878
0.37959245
0.38651797
0.36765563
0.3655127
0.36443552
0.3870553
0.39330262
0.40232432
0.4227961
0.41452134
0.4052886
0.41060194
0.40413052
0.41068852
0.42702088
0.41998163
0.4091777
0.398467
0.41681623
0.47272164
0.49526522
0.47972697
0.46190822
0.4475136
0.44372305
0.47593802
0.47752205
0.47748798
0.43149418
0.43248296
0.42496422
0.42960688
0.42598537
0.44082427
0.42430604
0.4278245
0.41757354
0.40250835
0.41126722
0.4287865
0.44007093
0.44159794
0.43855515
0.45063287
0.45020133
0.4725121
0.486644
0.48522162
0.467055
0.4521478
0.4481516
0.42190325
0.41538483
0.41631943
0.42635635
0.41348484
0.4038031
0.3975518
0.4128583
0.41243222
0.40988964
0.4179884
0.43285108
0.462379
0.49020684
0.50084615
0.500844
0.48734263
0.49160826
0.49446827
0.47879076
0.46712
0.46845353
0.46511286
0.47260985
0.47974148
0.48015156
0.46524718
0.47255418
0.48549822
0.46247
0.44976375
0.44388446
0.4462246
0.44577673
0.460544
0.4504151
0.46323603
0.45660013
0.44949526
0.4198597
0.4120542
0.39227566
0.41435274
0.40070587
0.4119048
0.42609337
0.42607948
0.43989414
0.44317323
0.46112472
0.47313774
0.47066483
0.4988271
0.50787073
0.5119633
0.52106607
0.5164451
0.5215578
0.5496897
0.5394742
0.5615851
0.5678154
0.56867
0.57728106
0.5934128
0.599123
0.6154259
0.6103825
0.6049107
0.62439555
0.62673455
0.6198222
0.61071277
0.6015244
0.6157446
0.6304983
0.6370688
0.64268756
0.646364
0.6705095
0.69728994
0.71652603
0.77059436
0.7894964
0.78989947
0.78989947
0.78989947
0.78989947
0.78989947
0.78989947
0.78989947
0.78989947
0.78989947
0.78989947
0.78989947
0.78989947
0.78989947
0.78989947
0.78989947
0.78989947
0.78989947
