8727071.0
8350026.0
3727368.2
2441380.2
1818365.4
1437686.1
1186248.5
1000618.1
869467.8
756991.0
678622.5
614520.8
550007.06
497477.9
452772.94
414859.4
389949.44
363389.62
331339.5
313054.88
290818.7
272448.1
260317.1
248469.36
232146.92
220089.48
211573.14
206047.45
194628.84
184608.78
179063.92
172166.45
164599.92
157404.23
150589.47
148570.11
139631.97
138606.9
132136.14
130001.71
127200.164
127004.414
120193.14
116268.87
113511.35
108650.31
108364.57
106900.44
102593.91
99695.02
98010.04
94667.07
93815.12
94371.81
92478.54
89141.27
87830.35
85985.46
84949.91
84806.33
83417.266
81708.77
78004.92
79128.35
76911.234
77282.23
74375.44
73991.08
71196.04
71313.12
68314.16
69262.83
69496.47
66959.64
66563.47
64139.434
65551.3
64924.14
63622.35
61265.402
61785.914
61558.375
62341.55
61404.332
57505.53
58063.543
56547.89
56078.54
54377.426
56167.566
54690.23
54595.42
55068.234
53372.973
52892.363
52531.29
52341.098
53512.254
50103.027
49969.637
51271.78
50833.73
48289.6
50062.38
48458.92
48874.59
47619.316
47559.836
46879.582
47618.19
46487.777
46707.293
46958.707
45960.938
44376.777
45850.145
45702.34
44804.04
43939.91
44625.805
43417.805
43712.316
43568.277
42241.1
43159.17
43154.4
41117.98
41389.895
41692.504
40509.566
41089.656
40397.11
41672.094
41625.61
40550.887
41180.637
40580.203
39666.402
40960.81
40115.86
39568.23
40399.613
39222.598
41260.34
38221.164
38872.51
37900.965
37279.266
36716.945
37599.887
38038.93
37843.867
38555.016
36799.742
36475.85
38246.41
37480.59
37753.36
37594.54
36525.04
35411.324
35542.926
35381.562
35960.086
34503.22
34045.617
34341.176
34602.254
35023.44
34582.26
34090.844
34104.863
34465.746
34478.773
34022.516
34201.594
33569.38
32151.525
33367.574
32478.906
33471.016
31539.045
33021.402
31407.047
31531.238
32770.902
32386.877
32713.994
31020.719
31247.965
31175.092
30825.389
31213.107
30337.463
30538.406
30413.883
30455.979
30853.781
29674.395
29532.383
29965.623
29846.234
31821.203
29220.309
30751.352
28778.873
29407.531
29049.8
29058.47
28770.58
28212.262
29046.715
28450.002
29190.367
27697.271
28663.705
28568.746
28047.393
28475.615
28394.557
28267.074
28119.152
28333.916
27958.264
28431.586
27379.361
28603.848
27894.135
26931.0
27711.197
26179.654
26413.896
26698.45
27182.396
26900.127
27403.672
26418.928
27383.973
26361.68
26191.492
26108.557
26291.885
26546.445
26160.271
25697.707
25650.094
26783.824
25888.016
25903.42
25312.357
25469.912
25750.752
25977.393
25976.773
25312.963
25381.621
25392.715
25991.15
25500.205
25497.84
25853.156
24333.027
25525.762
26131.182
25117.867
24563.252
25454.87
25121.857
24292.494
24628.34
25211.416
24177.055
24848.797
24212.854
23291.455
23823.775
23654.275
23729.65
24189.72
23586.65
23824.268
23557.275
24027.547
24062.707
24356.027
24026.459
23206.627
24728.504
24845.328
23858.094
23861.713
22717.506
23894.748
23568.453
23146.72
22901.291
22725.006
22346.004
22197.598
22020.48
22839.652
23001.422
22823.648
22149.56
22356.398
21937.81
22491.773
22065.965
22209.09
21764.416
22431.77
22091.514
21179.123
21012.041
21360.537
20541.135
21867.951
20853.717
20910.17
20947.312
20994.686
21378.068
20895.182
21106.916
20536.443
20850.271
21243.938
21056.129
20573.924
20461.65
20527.621
21025.227
20970.342
20292.617
20427.021
19930.553
20416.928
20606.506
20365.988
20218.322
19884.586
20242.91
19965.574
20453.768
20746.578
20119.63
20182.656
20347.568
19817.4
20105.78
20110.963
20131.715
19883.494
20050.963
19494.521
20762.04
20228.58
19750.945
19382.188
19512.117
19714.988
19328.086
19601.572
19399.215
18623.82
19005.754
19231.354
19481.928
19838.324
19036.342
18803.865
18753.592
20019.58
18869.4
19482.812
18261.992
18888.0
18383.186
18578.31
18603.953
18215.36
18536.064
18388.963
18179.98
18013.64
18053.676
18236.598
18530.611
18034.977
17980.146
18008.209
17779.691
18260.738
17671.592
17907.21
17970.102
17985.328
17875.652
18041.77
17640.48
17926.443
17413.088
17661.902
17879.27
17497.088
17666.068
17811.021
17433.283
17551.438
17291.17
16908.738
17013.414
16629.055
16745.574
17061.86
17193.287
17076.018
17060.135
16607.535
16435.174
16976.629
16950.197
16943.35
16267.162
16816.887
16656.309
16793.244
17123.047
16740.664
17389.943
17357.594
16973.225
16220.295
17013.344
16243.411
16587.13
16598.875
16610.44
16723.203
16387.89
16284.951
16432.957
16270.411
16047.8125
16616.611
16504.984
16311.019
16470.988
15939.521
16345.274
15812.507
16657.121
16189.257
16316.874
15853.727
15864.096
15759.82
15611.193
15565.728
16067.778
15794.934
15907.196
15586.351
14963.648
15166.26
15174.71
15127.427
15860.225
15934.836
15320.767
15475.434
15109.447
15320.279
15111.632
15237.023
14980.102
15217.906
15115.881
15088.665
15401.576
15714.85
15178.173
15070.2
15261.573
15364.699
14979.212
14525.514
15071.053
14706.648
15188.775
14920.633
15018.614
14685.145
15294.02
14608.1
14482.134
14570.901
14680.381
14125.842
15049.089
14438.992
14975.039
14728.484
14875.56
14494.981
14911.299
14434.574
14835.116
14647.23
14483.602
14372.099
14547.362
14212.41
14619.941
14188.743
14212.715
14357.259
14703.596
14181.552
13847.284
14711.85
13999.637
14287.299
14000.541
14084.256
14162.761
14244.359
14089.416
13901.688
13918.265
14072.531
13488.767
14008.203
14070.151
14181.587
13694.829
14075.295
13876.619
13684.265
13728.691
13811.747
13597.023
13724.944
13879.526
13448.243
13585.725
13637.081
13489.908
13422.002
13542.244
13058.485
13114.653
13296.882
13642.86
13414.74
13083.5
13272.449
13162.475
13696.697
13793.008
12795.177
13001.945
13028.035
12842.311
13288.038
12994.106
12905.384
12880.081
12760.438
13022.663
12821.826
12731.15
12966.2295
13162.873
13066.828
12882.474
13026.201
12706.769
13051.9375
12889.135
12881.566
12768.593
13109.556
13135.586
14150.361
13194.761
13090.423
12979.5205
12723.396
12821.292
13066.336
13288.586
12789.793
12735.304
13083.979
13022.471
12980.799
12870.66
13071.232
13203.911
12609.111
12746.451
12767.09
12873.761
12694.056
12230.55
12697.212
12619.066
12416.532
12244.957
12745.882
12506.952
12624.953
12565.869
12422.759
12687.994
12323.98
12445.476
12566.083
12902.391
12781.173
12731.413
13224.206
13342.622
13216.654
13076.835
12876.558
12778.874
12867.64
12813.743
12852.776
12784.8
12155.339
12019.1875
12470.896
11732.528
12089.578
12567.292
12194.026
11906.339
12343.96
12330.826
12085.767
11792.242
11642.301
11718.287
12320.094
12681.946
12154.536
11669.377
12136.433
11960.106
11682.498
11659.052
11860.304
11981.1455
11875.636
11631.008
11499.475
11791.084
12017.043
11525.649
11458.888
11752.425
11465.1875
11373.687
11522.845
11826.266
11416.769
11321.342
11586.726
11363.098
11271.681
11137.34
11309.489
11704.979
11176.928
11113.9795
11115.69
11307.29
11260.857
11371.586
10659.4
11473.28
11203.297
11394.158
11024.461
11491.724
11141.565
11280.208
11375.356
11591.723
11183.411
11280.417
11051.465
11638.08
10949.003
11175.367
11674.154
10735.402
11567.925
11801.717
11426.274
11286.924
10751.856
10699.189
11146.575
11045.393
10685.5625
11185.104
11052.677
11060.471
11405.959
11851.859
11087.493
11393.133
11205.87
11659.542
10452.905
10919.278
11349.047
11158.029
10682.785
10901.1455
10689.2295
10293.608
10964.074
10764.484
10745.18
10690.766
10698.356
10086.664
10496.393
10165.958
10841.312
10361.5205
10522.768
10048.447
10682.726
10574.536
11042.8125
10641.098
10298.047
10419.697
10467.951
10409.769
10421.007
10250.596
10271.38
10021.761
10082.884
9483.41
10468.982
10381.6
10536.491
10325.921
10300.661
10058.194
9958.445
10127.319
9692.882
9942.334
10028.174
9969.681
10416.064
10257.746
9749.875
10480.612
10030.514
9972.44
10291.968
10211.62
10102.865
9933.322
10118.51
9899.385
9615.677
10000.261
10326.351
9829.686
10175.144
9956.949
10799.646
9949.126
9858.228
9764.883
9863.691
9840.899
9434.967
9933.956
10066.9375
9641.892
10091.143
9704.277
9860.627
9836.033
9937.612
9601.984
9449.818
9854.151
9570.793
9919.536
9544.782
9828.584
10136.896
9892.649
10120.703
9624.15
9538.792
9316.81
9260.353
9473.369
9398.126
9318.549
9627.054
9528.958
9584.717
9338.875
10027.112
9491.102
9343.818
9202.13
9327.584
9087.393
9156.939
9320.316
8848.87
9167.004
9301.588
9450.731
9166.579
8951.541
8385.97
11513.078
9296.535
9101.946
8847.953
8818.917
9076.405
8995.645
8658.182
9077.429
8811.155
8868.04
8905.361
8773.545
8825.376
8923.814
8876.335
8386.1
8931.843
9374.388
8970.649
8982.864
8917.192
8931.177
9171.803
8545.013
8721.451
8724.898
8645.835
8852.061
9057.997
8960.829
9307.783
9118.618
8642.577
8482.113
8911.494
8267.325
8440.744
8568.1455
8962.988
8567.075
9061.149
9202.546
8959.323
8887.253
8891.778
8701.771
8674.095
9171.203
9034.058
8570.694
8841.371
9265.814
8741.977
8780.423
8613.284
8465.37
8397.287
8513.75
8399.037
8690.893
8305.475
8406.943
8371.272
8329.531
8424.609
8255.765
8469.819
8781.959
8522.169
8475.895
8212.33
8128.9604
8359.143
8577.996
8261.816
8237.248
8607.277
8023.4697
8066.9897
8457.447
8171.861
8392.511
8223.544
8741.874
8780.458
8154.3867
7786.098
8350.071
8531.45
7861.3613
8511.886
7979.192
8350.022
8325.888
8218.818
7947.6885
8146.513
7983.519
7868.5186
7761.8013
8191.074
8070.5034
7927.5327
8113.829
7773.3823
7779.274
8027.929
7696.653
8109.5396
8040.8633
8446.43
7876.0566
7763.667
7880.8633
7100.513
7726.5547
7622.746
7614.3706
7795.2466
8028.194
7885.909
7786.119
7975.34
7484.3594
7789.0557
7696.6475
7804.283
8012.43
7948.2427
7618.5156
8100.8657
7925.2905
7953.3423
7956.625
7700.624
8212.651
7818.1733
7718.8574
7320.35
7432.4014
7566.378
7740.189
7570.4194
7672.924
7723.674
7782.8384
7234.6396
7211.4214
7143.6343
7321.4126
7309.5923
7098.365
7576.5
7409.6934
7017.9453
7170.831
7296.346
7239.408
7843.4614
7359.272
7444.864
7609.5977
7514.5493
7684.3687
7245.9194
7561.0986
7320.6724
7441.131
7361.58
7182.0674
7413.542
6859.33
7230.7188
7152.0044
7420.15
7039.6704
7220.5713
7196.025
7427.5728
7450.931
7037.1416
7603.758
7214.6045
7435.56
6999.322
7654.775
7412.2915
7055.237
7364.9927
7344.3184
7137.389
7368.6587
7251.949
7218.0635
6875.324
6717.123
7049.5586
6768.371
7058.341
7069.9756
6541.1074
6950.344
6497.648
6960.5396
6701.426
7008.547
6722.284
7188.4146
7052.264
7609.186
7001.034
6578.122
6970.745
6876.444
6920.7705
6986.4927
6640.7925
6469.079
7075.067
7006.2344
6682.9004
6867.729
6855.384
7170.6157
7129.559
6821.3994
6898.8115
6775.5034
7122.303
7121.0796
6614.708
6668.856
6868.347
6724.041
6798.639
6550.9297
6752.673
6960.3667
6592.3916
6943.745
6604.551
7100.0923
6831.1816
6637.4463
6547.3594
6664.8784
7036.689
6702.2324
6817.9956
6960.991
6607.3564
6771.986
6542.0835
6906.817
6772.682
6202.4155
6733.5166
6796.0244
6965.57
6508.801
6589.6104
6413.6514
6368.201
6566.754
6189.043
6157.092
6282.1606
6569.6895
6134.9277
6513.917
6408.3013
6052.8486
5937.4414
6482.8164
6308.348
6237.57
5917.6885
6296.5566
5869.6685
5814.4614
5964.5244
6111.7056
6241.2695
6114.026
6138.0093
6156.475
6470.5596
6278.201
6364.94
6010.2944
5882.6943
5934.717
5873.96
6342.429
6010.854
6263.215
5753.7354
6151.364
6149.31
6131.122
5924.196
6554.4146
5896.3096
6073.815
6862.7593
6040.0654
6104.4487
6265.995
5781.4355
6605.546
6427.7354
5840.183
6244.1816
5979.5107
5769.585
6091.677
6057.732
6243.6543
5934.8926
5968.6753
6248.724
6526.048
6074.181
5895.196
6343.7773
5873.993
5781.854
6143.9585
5830.838
6202.702
6133.2236
6410.9087
5934.1655
5824.1484
5862.119
6055.0605
5929.9424
5898.6523
5720.672
6091.386
5874.0215
6248.15
6188.746
6224.4307
6407.706
5995.997
6155.8975
5718.342
5819.2446
6577.458
5916.8433
5777.3945
5851.618
6217.323
5700.234
5868.859
6088.0103
6202.0312
5903.9346
5971.7925
6269.046
6321.144
6063.852
6131.113
6025.722
5700.869
5664.019
5462.8687
5593.666
5895.8286
6246.107
5896.27
5888.9526
5746.275
5837.7134
6070.8887
5689.1777
5393.323
5816.416
5468.84
5939.7627
5794.358
5754.715
6201.702
5855.2515
5636.961
5682.5396
5991.308
5719.6665
5861.3584
5412.264
5701.605
5881.561
5747.239
5594.2983
5610.6533
5303.8003
5425.7295
5274.27
5482.833
5380.5024
5323.3975
5559.8765
5426.639
5443.6606
5635.035
5263.6943
5397.744
5484.534
5651.1626
6166.6016
5589.0474
5465.494
5577.937
5248.0874
5218.5757
5469.5347
5297.5576
5742.625
5377.3623
5592.137
5269.3936
5118.8667
5293.694
5532.8774
5271.3027
5358.3413
5553.9463
5810.7495
5125.34
5548.371
5224.5737
5368.594
5012.167
5199.9
5219.7256
4990.684
5476.879
5438.114
5582.778
5093.1772
5399.2295
5182.186
5458.9688
5383.1094
5012.0625
5249.826
5493.6636
5056.1313
5213.2954
5637.9463
5138.1895
5486.7163
5467.4526
5369.529
5091.3975
5305.9053
5182.6533
5023.1113
4987.3906
5335.2163
5881.4033
5023.2666
5316.1875
5067.011
5193.6504
5175.412
5076.1445
5049.4507
5121.0615
5415.9434
5130.5913
4894.1235
5283.787
5439.348
5270.555
5059.8345
5515.75
4797.615
4996.1655
5089.469
4810.914
5351.172
4887.8716
5454.6504
5281.5005
4874.208
5386.9077
5038.2866
4943.5156
4896.982
5145.007
5150.0786
5143.3027
4929.9805
5523.5513
5390.0244
5080.944
4922.857
5016.253
5534.309
5157.9263
5103.827
5199.567
5134.913
4922.1665
5127.58
5079.0894
5329.61
5100.9575
5377.432
5064.1167
4954.4316
4844.745
5037.888
4747.4805
5230.8447
4836.783
4803.513
5083.8657
4894.3774
4958.9624
4958.801
4805.147
5414.6113
4978.828
4973.0176
4951.329
5364.775
5178.4497
5063.127
4931.5317
5185.2134
4723.4424
6015.171
5303.2534
4947.7764
4962.714
5056.5166
4626.2754
5079.9995
4967.445
5155.4043
4902.857
4776.648
4740.8374
4879.0894
4535.8037
5009.4604
4774.744
4898.3623
4675.7354
4969.5703
4886.3413
4664.7383
4881.8623
4674.5547
4960.337
5024.475
4618.0933
4996.2246
4620.516
4441.511
4725.33
4408.5283
4861.1274
4371.3184
4574.5967
4532.8096
4400.0938
4229.9834
4390.499
4287.1475
4743.0264
4371.245
4318.8906
4709.336
4702.0337
4747.1
4644.9185
4828.178
4345.291
4289.2715
4432.4546
4769.837
4309.1797
4319.6416
4446.672
4478.6406
4868.125
4462.724
4779.9316
4819.869
4534.883
4330.949
4649.3857
4528.5723
4901.0117
4854.112
4988.07
4290.4395
4264.297
4446.4136
4455.587
4813.8833
4387.272
4449.325
4979.9023
4949.5444
5091.78
4599.802
4558.1357
4885.8516
4321.393
4585.497
4783.433
4658.77
4787.8867
4308.592
4688.299
4382.4897
4348.445
4696.1816
4353.0757
4425.4243
4434.696
4490.7793
4655.2275
4833.8804
4337.886
4207.755
4448.3486
4417.2935
4522.1387
4334.9
4429.0576
4407.7188
4455.5723
4594.2266
4394.146
4580.608
4527.4614
4537.554
4596.882
4479.072
4724.167
4402.4375
4317.8403
4375.1855
4459.233
4562.1978
4523.932
4608.5947
4645.6724
4594.99
4298.1753
4102.129
4767.802
5250.0254
4454.7744
4471.267
5199.794
4472.9375
4530.469
4470.9673
4581.0967
5273.294
4672.2915
5131.2534
4520.398
5402.982
5213.107
4856.07
4794.166
4925.1387
5047.9624
4481.5054
4666.2954
4817.001
4557.587
4667.545
4592.1157
5031.1523
4819.733
4449.5723
4273.1226
4471.7817
4316.7983
4792.731
4861.5225
4475.7725
4332.3823
4359.126
4384.6113
4407.104
4107.7896
4348.864
4263.0015
4185.607
4263.3022
4361.405
4213.778
4257.1196
4297.6855
4407.7305
4153.637
4317.7417
3983.1646
4640.22
4111.846
4231.641
4120.75
4075.6882
4273.2886
4040.8042
4228.5884
3993.6309
4438.6846
4188.2295
3977.2344
3954.8447
4024.875
4172.4614
4248.4766
4186.2573
4237.6855
4126.622
4537.871
4079.1265
4460.071
5116.443
4106.7
4119.068
4333.578
4172.748
4325.0283
4281.8286
4116.44
4062.9084
4241.469
4222.582
4060.2021
4143.306
3952.588
4351.203
4212.6924
3854.1335
3909.2957
3984.6565
4490.6475
3913.0217
3887.2734
4054.105
3790.1453
4217.458
3748.9136
3919.9094
3860.6646
4035.627
3861.9502
3976.4038
3767.4712
3959.57
3950.7893
3712.4714
3608.866
3735.1313
4204.538
3835.693
3926.9043
3760.0828
3643.317
4102.7856
4013.3606
3860.341
3527.4004
4041.7002
4328.771
3717.8025
4044.5806
3401.0186
4093.5474
4428.3047
3885.204
3624.0237
4049.0588
3472.1313
3857.6003
3838.71
3720.0999
3557.2263
4127.83
3688.3113
4074.2617
3695.5916
3934.7642
3645.2322
3816.3442
3710.9492
3587.833
3674.5696
3680.0298
3899.811
3631.4417
3882.8398
3754.4202
3953.5388
4664.7134
3700.1626
3963.0466
3825.2039
3792.6785
4504.567
3710.9688
3654.0198
3777.4192
3634.1812
4373.726
4005.9316
4051.1387
4314.212
3641.4407
3973.8357
4315.423
3863.083
4193.062
3915.2354
3827.4924
3374.1636
3617.9622
4116.3066
3952.8425
3859.8613
3571.5166
4128.224
3909.0676
3577.219
3699.169
3489.3667
3444.8364
3494.9146
3544.791
3610.108
3389.5422
3856.918
3505.6333
3901.39
3490.6055
3630.0923
3708.9622
3607.9707
3477.9668
3715.1953
3320.241
3474.3606
3105.1382
3353.5613
3459.707
3594.2341
3386.7915
3629.5972
3177.3625
3304.2473
3407.7295
3325.865
3302.6426
3643.4683
3758.371
3433.7488
3487.2302
3470.35
3529.3652
3665.7354
5210.038
3309.0112
4495.782
3297.0103
3459.8127
3405.1084
3362.816
3296.0063
3255.2354
3113.3286
3297.7463
3427.731
3318.733
3606.3188
3277.9795
3458.9014
3261.845
3066.962
3323.441
3430.829
3326.2158
3243.4207
3308.8633
3529.66
3392.9172
3305.6326
3562.883
3561.395
2873.332
3351.4502
3110.0103
3581.2827
3041.7659
2971.7754
3005.977
2959.1707
3153.643
2889.529
3237.7695
3447.9343
3067.3567
3346.1523
3228.431
3181.409
2950.265
3208.8252
2688.7817
2892.777
2925.9387
2871.813
3087.1309
3064.2522
3318.5837
2861.7917
3020.8845
2815.9263
2894.6458
2872.2852
3445.6362
3215.555
2586.8484
2693.5544
2684.5903
2964.5994
2721.1445
2944.4397
2809.8718
2681.8745
2843.3062
3092.5554
2788.4077
2623.6785
2882.6228
2729.3816
2611.317
2950.1912
2719.9375
3097.4165
2647.9624
2810.6277
2919.4846
3147.3247
2950.3213
2910.4087
2759.2
2665.3333
2798.3406
2863.0652
2354.9106
2816.4587
2707.0403
2715.19
2807.3079
2881.9336
2955.2202
2984.3743
2833.0305
2771.8003
2836.1492
2783.1384
2556.099
2486.3816
2483.0947
2655.7026
2936.219
2877.9312
2731.4504
2828.9526
2447.3474
2616.2573
2965.767
3232.409
3405.1648
2817.6123
3357.987
2745.022
2696.4658
2890.4595
2900.575
3018.786
2442.9106
2618.9749
2608.941
2965.6387
3298.097
2704.5828
3149.2244
2671.6047
2891.7773
3099.1055
3192.9946
2610.5122
2577.4468
2594.7231
2530.3555
2339.7798
2336.1636
2847.3865
2456.1682
3646.7883
2403.5964
2696.9019
2486.2588
2539.9568
2808.8193
2265.8618
2364.0063
2311.952
2498.6123
2495.221
2336.2227
2341.7961
2414.6
2428.9082
2897.4775
2456.5574
2634.1814
2527.3618
3216.9038
2363.5498
2479.5005
2315.7532
2318.5388
2602.0884
2385.0369
2109.8945
2470.7205
2746.8694
2655.8123
2273.7834
2451.3696
2708.9487
2317.7961
2378.2593
2421.4438
2402.9846
2516.634
2211.5793
2276.179
2831.9307
2376.2542
2298.7039
2563.5247
2437.4792
2568.8953
2546.4954
2480.0034
2283.0996
2548.5935
2637.6853
2666.0032
2444.59
2438.2212
2428.507
2309.037
2599.3242
2201.895
2496.4307
2370.2542
2159.1956
2298.6624
2340.356
2895.077
2241.5474
2521.258
2055.935
2379.3203
2325.203
2296.5652
2696.31
2403.748
2618.1865
2148.6426
2248.4724
3268.0576
2080.533
2235.2437
2056.3606
2366.3977
2090.665
2464.9407
2122.2627
2270.0962
2151.0935
2003.5834
2149.2473
2024.3257
2014.055
1816.2777
1895.1864
2341.333
3416.4805
2054.6445
2384.7305
2344.5498
2463.7615
2263.7559
2096.6587
2134.193
2128.7478
2317.0115
2182.915
2461.4524
1941.655
2317.6943
2063.5295
1924.9188
1944.5715
1703.7637
2041.8745
3032.9575
1813.2949
2193.0698
2164.1306
2295.5674
2222.8718
2051.2002
1964.5691
3092.1592
2082.8755
2312.4985
2096.068
2382.5718
1817.7188
1744.9524
1821.5663
2045.6033
2027.3657
1868.8982
1831.9338
1989.7944
2060.6538
1848.2158
2373.7515
1966.2651
1763.6265
1988.7899
1686.0562
2065.9038
1789.6803
1974.0874
1855.683
1978.4288
2289.2996
2007.2871
1957.7252
2114.096
1958.2448
1652.1947
2002.9551
1870.6594
2196.8525
1897.1677
2090.8801
1918.817
1982.9135
2078.7998
1871.1222
1829.5126
1948.7644
2365.963
1747.8634
1917.1545
1856.4376
1623.4185
1999.021
1965.322
1856.3971
2120.4004
2005.5808
2152.7969
1808.3534
1766.8286
2024.1769
1836.7546
1971.6962
1671.4963
2024.6965
1719.7697
1833.3871
1770.6133
2142.065
1871.8524
1886.3678
1788.4277
1730.8114
1851.212
1984.6353
1883.1744
1879.5157
1518.0533
1783.7102
2408.1812
1906.3987
1887.3994
1528.3453
1749.8499
1766.2173
2015.221
1671.4945
1792.9427
1705.0941
1747.2139
1515.392
2218.685
1646.5482
1724.892
1683.6284
1694.5837
1521.8
1910.3726
1796.8086
1449.301
1692.4346
1871.3934
2001.6943
1650.761
1420.1246
1674.0405
1742.2949
1971.4723
1864.5939
1820.0126
1384.8678
1448.7103
1572.5348
1241.6915
1761.5414
1495.4409
1798.1475
1712.0558
1968.8582
1665.9972
1571.7723
1743.3292
1651.351
1667.9288
1637.726
1659.2878
1586.9365
2115.7705
1648.3857
1890.3196
1431.9023
1461.0421
1889.2843
1323.4183
1850.4136
1280.3654
1834.0419
1632.5288
1746.2242
1715.8961
1545.6252
1422.0931
1243.2584
1424.3613
1524.8369
1593.252
1526.9648
1800.7177
1756.3336
1192.2684
1514.6998
1361.3193
1922.2687
2357.9155
1286.935
1710.0106
1193.5319
1534.714
1577.2207
2851.7676
1783.3119
1564.827
1812.9651
1532.0408
1720.7963
1345.6809
1886.473
1423.3824
1331.8633
3841.4717
1873.0262
1739.9525
1449.8591
1094.078
1316.8502
1079.3813
1444.802
1560.0425
1643.1608
1792.2242
1384.9967
1559.8053
1270.9934
1325.4608
1287.2705
1378.2192
1490.0643
1085.3545
1881.431
1154.348
1351.2578
1357.0748
2160.3784
1246.8496
1413.7625
1251.4489
1476.4325
1441.1089
3165.5364
1223.7328
1382.5112
1280.7323
1691.1371
1375.3644
1297.88
1335.7388
1144.2217
1312.1786
1348.9008
1584.301
1744.9701
2186.7224
1234.29
4411.1597
1393.6038
1235.6207
1194.2008
1824.3171
1608.5001
1022.6136
1313.155
1466.5098
1405.3625
1171.044
1324.2565
1163.7133
1006.0258
1172.3745
1073.088
1364.0586
1138.3939
1284.7195
1247.0157
872.1137
1085.9927
1405.8737
1048.4165
1391.8965
1483.2343
1327.1643
1230.5925
1138.5846
1337.927
1120.575
1175.033
1141.0054
1704.1584
1363.1008
1252.389
1096.6945
1205.8423
1464.6104
1357.2078
1029.7146
1380.8572
1161.4022
1115.5671
1412.776
1449.1483
1279.1586
1077.767
1458.855
1170.715
1178.2146
1677.8678
1360.3696
1318.5115
1168.4087
1098.4741
1411.1522
1249.254
1114.7393
1114.7789
1188.9084
1363.1052
1595.0958
1668.4924
1042.806
2553.3564
1386.7156
1252.7612
1283.5319
1608.5938
1347.5178
1450.4847
1242.679
1143.6437
1390.8944
1201.0416
3249.9922
1444.3826
1004.6668
1213.5448
1084.83
1955.5212
1150.4904
1436.1914
1151.5464
2509.812
1358.0216
1503.2018
1152.989
988.7859
1323.7828
1144.1719
959.22925
1229.8292
1585.037
1191.7142
1103.2616
1390.5248
1393.8683
1087.0579
1099.6157
1336.892
1218.7965
1385.626
852.7
1447.2214
1703.4772
1368.9204
1062.0557
1615.4197
944.9949
1131.8031
1010.2944
1360.4729
1142.8345
814.744
1397.9661
882.95496
873.53625
1110.5974
1217.4218
1402.808
1389.3885
1316.8792
1161.8511
1110.2737
944.5103
1277.0781
761.59174
1002.8703
1096.9447
1218.8259
940.6508
788.17957
2305.5273
1103.0189
864.41833
1481.7917
830.4375
1488.2979
1636.5302
849.11084
814.77264
833.26404
844.1049
1177.9491
1996.2537
1128.8256
1183.5911
819.8251
1132.9332
1250.8794
1502.8179
1197.5348
1142.9462
836.2263
1009.5273
1448.0525
857.8217
1108.7665
1011.894
633.2523
1120.1326
1601.932
1172.6882
1610.6084
892.17883
2824.37
1076.788
1651.4061
833.5144
1080.6891
826.8432
1134.111
1218.3269
1252.622
589.9515
1287.4886
839.9543
1703.8656
1064.5693
1510.139
840.8097
1124.503
894.1058
1064.3175
1186.0297
1162.4779
1006.6849
1089.8733
981.5964
1015.82574
1019.6347
660.0775
1162.2432
766.5199
963.2221
771.9161
1517.6992
1150.61
1119.2119
1161.194
1034.3441
903.1139
947.2033
639.28723
910.98145
707.84174
845.3289
791.86285
1608.1034
832.40216
1605.8185
987.52594
1311.2405
956.7215
815.55853
1671.9017
967.71313
923.64923
1387.0905
785.9038
1083.5111
1030.5901
1435.8263
766.4458
747.3403
1009.9886
793.3661
868.7543
715.98596
1505.0826
973.05206
1511.5128
970.9303
889.6788
954.16156
1014.60223
1252.7351
1321.4438
979.7829
687.2429
902.7578
1136.568
1180.0402
896.778
1181.9077
791.96313
1045.25
1105.5347
1335.0696
948.997
907.6508
1149.617
915.20795
1310.7806
762.26855
784.30554
995.7573
986.96765
529.01605
1171.2678
751.1565
1025.6017
673.22473
1163.7211
901.9535
841.215
1208.2462
1088.9363
840.3615
1473.5271
1063.9857
1450.167
1093.5707
634.5666
1167.441
1122.3114
936.9463
1370.5181
1042.4844
1093.8961
997.6183
1107.8243
805.2385
1286.7234
1433.4697
1006.94183
1044.043
893.199
1056.0039
1057.4105
1403.963
1871.9542
1307.377
844.2784
1165.4415
942.9287
688.18604
781.2377
911.3525
1374.3842
953.88007
1120.5562
876.5544
1467.968
945.39984
936.5173
1045.0513
937.8432
999.9712
925.4318
703.2464
930.8032
970.4534
2058.12
761.07733
2351.5225
1032.4774
716.4182
1720.9313
823.4406
657.04767
816.1026
747.9759
1031.9713
1580.4003
790.7884
1263.4459
1068.036
854.8228
1211.6024
860.9626
1646.2881
919.1506
1088.783
986.46265
1308.638
2527.6833
815.3588
940.89996
1096.2565
922.88116
886.91693
965.8508
1455.5962
980.72174
903.36383
1019.3417
961.1297
824.96735
621.0164
821.6177
848.5814
1288.11
714.95105
1386.1141
1004.50525
837.00464
1248.0587
1038.0072
485.32846
725.25433
1007.4063
1253.6929
903.4074
560.5672
657.6412
661.2344
1295.2273
1027.231
821.5277
725.1518
1476.0718
726.70123
461.82025
804.87335
970.05756
729.03925
925.42816
568.27875
736.8057
585.5435
1004.994
1244.4767
686.9055
906.5871
848.38855
715.905
1007.9501
795.5935
1339.8828
965.1019
1093.0609
664.646
888.37823
1091.3472
554.98047
965.2007
1037.0295
813.7838
1183.4868
1169.0454
1588.5045
1069.8236
935.1347
676.61914
711.2433
697.2767
1073.9136
1133.7849
1070.6743
960.6233
456.3699
1054.0435
742.8908
991.0787
833.1278
523.394
880.1307
1066.828
1348.0023
520.4425
1116.7731
749.27313
1302.339
1178.5627
693.58545
1059.1038
2019.4073
962.48846
609.54596
630.8195
837.2504
1037.5647
1139.8889
762.48553
832.98975
1030.8689
668.99
754.948
514.68884
663.7543
669.4034
1105.5815
906.4503
1497.1427
1353.1355
817.69086
618.032
574.05725
659.72
1094.2136
789.3526
909.0428
769.37524
318.2766
922.90125
733.81934
1516.0574
1459.0957
961.3322
370.57104
743.58093
739.77045
1486.7877
505.78937
426.33765
762.34595
672.2437
1018.9152
484.10437
670.88666
864.28015
969.5134
1211.3895
753.9149
1171.3347
1596.8815
549.6342
1275.5631
328.0309
1229.9939
737.05347
752.7696
861.66943
570.9786
1150.9722
539.32184
805.57697
525.71564
757.4767
883.45056
964.3246
593.3459
980.2903
772.38904
390.59406
676.99506
812.3812
531.34045
892.7035
586.9213
596.663
463.2544
1164.9052
1008.0267
1151.8539
372.15988
1120.9117
1283.2703
631.3061
995.2095
1497.8301
723.68866
914.8961
350.37085
407.76385
607.5729
390.764
1041.4999
400.9497
863.93604
566.03217
668.7316
362.17712
642.091
1100.3821
556.39325
1279.5328
533.67664
1218.6382
509.55307
763.8067
601.77106
865.4642
631.2172
658.76514
858.27167
1029.9634
562.1367
343.15765
399.45114
1258.312
782.28644
657.628
698.3332
400.4393
221.38234
682.75024
350.13858
572.08185
638.09955
699.80255
548.1748
483.67767
340.58173
874.12744
1016.15576
1585.825
651.2868
490.73462
296.96622
1177.0914
1395.2288
578.92535
313.5496
253.88829
362.63492
759.8741
656.2948
727.0577
387.73776
815.71436
332.89215
564.43787
341.8702
452.83548
301.05414
230.37793
1389.245
700.46844
423.63773
669.5626
149.82063
566.8953
659.3685
496.84067
1082.4796
1321.3578
524.4328
613.6734
549.75006
668.2075
889.08246
378.7521
683.1287
1070.438
302.74258
494.1998
586.3775
213.39186
793.23193
863.37787
359.6503
198.70026
319.9278
320.48166
594.89734
800.1964
221.38039
1546.4039
445.15823
524.8419
487.629
527.74854
265.8346
411.33658
652.3654
177.56119
1665.6102
778.25916
495.74683
701.39404
511.1438
757.64636
1452.1189
1394.3776
403.6492
172.56828
178.18594
177.29872
646.46686
1016.9834
693.7204
2621.177
693.7252
335.44907
402.24127
447.0029
1002.7822
599.6781
1184.2054
594.076
142.75217
303.80402
545.5421
771.8187
557.41797
1781.4719
242.36975
202.0557
1791.0527
279.5103
405.72122
176.25334
776.3524
363.99292
184.00133
276.41583
936.6319
508.18683
755.7175
772.87067
1173.1233
806.74005
503.23477
378.82492
907.73615
5621.18
163.16881
596.2072
621.1641
1269.1492
303.9166
132.62587
574.92035
1013.5954
183.80505
75.31605
271.22827
204.3398
339.0394
4321.731
1054.3226
275.69965
472.84778
643.76514
368.64517
91.391655
549.8565
398.1281
474.53455
178.2602
311.20724
2220.265
638.1796
149.87827
106.09867
380.3438
113.62669
127.811905
128.02443
615.3725
991.7755
1268.3634
448.4061
320.16495
287.75443
167.73889
988.63556
163.2274
112.09207
584.2571
74.68379
64.97988
683.0734
181.85983
1069.5061
362.6924
176.7144
359.88925
411.76697
31.8696
259.3295
544.92957
213.45541
66.370964
218.48946
191.53267
379.71426
699.3269
2104.3948
793.03345
120.11376
333.1761
680.4502
70.31152
294.9215
890.062
160.46643
242.25658
764.9739
275.55432
43.769012
3183.0188
587.1735
656.60406
900.6939
145.23352
153.86519
19.242363
1415.0109
846.48236
183.33553
139.37535
620.6992
351.1387
432.0333
172.11804
338.2355
134.43416
64.05896
486.92343
302.23422
612.7204
2533.6682
621.317
629.0347
1082.5831
1722.0743
139.44363
228.95532
256.0596
241.81857
325.2991
735.9942
396.01093
373.5672
818.945
418.1079
279.56302
274.11813
36.26745
195.25226
41.55607
753.27454
502.96643
35.525578
808.8342
448.67096
536.0561
100.372925
373.1928
124.37282
3005.9497
115.36354
302.5515
910.92413
104.213936
259.65594
299.44675
38.1238
5219.3325
156.81671
122.58589
284.1822
176.82974
246.1387
218.20197
733.26324
382.15134
175.07777
177.26367
159.16304
436.7544
582.3107
670.70636
84.86201
553.4557
1324.6573
443.63522
103.762375
312.76944
1546.7751
941.9189
236.47014
729.7825
285.13318
118.791954
70.189026
320.27725
236.6996
213.94333
242.26918
564.09985
3883.9453
115.75623
1743.808
690.1913
574.3371
84.561485
241.57758
201.436
363.37146
265.73715
142.22252
160.3669
803.68896
330.24158
911.5865
6026.354
427.72366
311.99948
528.3048
299.39905
134.97673
45.24788
34.96178
105.48813
573.2444
192.1924
25.281523
76.29072
398.9494
401.45
153.82724
551.57874
461.57657
205.8035
153.95818
662.2809
203.94652
608.84875
258.85083
164.91173
203.27533
323.3578
154.41286
138.68936
46.531944
64.67604
61.35901
185.30421
1670.6816
560.6567
125.221016
378.23608
126.948204
335.24536
1012.76917
339.96713
257.19308
86.89314
262.5548
134.94765
141.41028
47.483353
28.701048
20.65374
57.928925
54.077614
76.28659
128.12234
387.34662
330.10904
330.55048
664.1728
888.36926
896.7497
549.9485
751.91833
209.36124
281.00446
94.45528
90.27655
273.14444
1118.9364
559.47125
1468.8397
1029.1577
1619.9708
13289.094
545.54034
235.74738
158.14777
1532.058
188.39682
178.10948
347.44635
364.6391
750.383
2206.5476
2861.404
6419.797
2884.726
2191.2327
963.41895
683.3166
280.51535
152.58339
971.5318
327.40265
131.69081
399.51147
441.5712
931.2445
314.02432
190.63123
22.152632
37.365887
113.4647
38.2885
41.629173
31.002378
94.19953
797.271
2749.7598
7540.738
7890.079
2666.0542
1621.8496
1174.7804
926.7712
769.2567
722.91364
74.88441
92.91213
121.29628
172.46815
292.00955
890.1582
301.58365
183.96602
133.6315
105.7276
88.02202
75.81017
199.51303
155.8525
187.66458
233.77873
306.46625
437.6338
744.27515
2279.3428
775.9464
475.6889
347.3284
276.28397
231.3075
200.38177
177.89992
160.89478
147.64972
137.10332
128.56458
121.56494
115.77614
110.961914
106.94863
103.60648
100.83728
98.56617
96.73603
95.30353
94.23639
93.51149
93.11357
93.03439
93.03439
93.03439
93.03439
93.03439
93.03439
93.03439
93.03439
93.03439
93.03439
93.03439
93.03439
93.03439
93.03439
93.03439
93.03439
93.03439
93.03439
93.03439
93.03439
93.03439
93.03439
93.03439
93.03439
