158.49542
27.798609
16.4644
13.395082
11.93794
11.150627
10.567121
10.125761
9.805426
9.496539
9.239555
8.973159
8.808525
8.631435
8.394512
8.209247
8.103039
7.8917475
7.725943
7.571526
7.4033003
7.291552
7.131897
7.0250745
6.9103756
6.7580433
6.6272726
6.5076876
6.393188
6.2481623
6.1382823
5.996984
5.9078836
5.817455
5.685084
5.5485587
5.4762497
5.3939166
5.3012853
5.2039003
5.104691
5.000919
4.920897
4.7919583
4.705236
4.61051
4.5370507
4.428217
4.3436966
4.2994175
4.221165
4.116472
4.0941234
3.9703894
3.9059424
3.8272493
3.7618482
3.672674
3.621076
3.5753582
3.4726076
3.4313223
3.3727915
3.3033504
3.252986
3.1695974
3.1486156
3.0836697
3.0192094
2.954756
2.9087172
2.8917766
2.8510637
2.7816699
2.7411737
2.6943583
2.6442714
2.623344
2.5642197
2.5272222
2.479736
2.4620266
2.41921
2.3737307
2.3489652
2.319849
2.2648394
2.2613866
2.2071247
2.1792893
2.170962
2.1306002
2.100684
2.0830867
2.0687392
2.008338
2.0020816
1.9870797
1.9645904
1.9504852
1.9097906
1.9109364
1.8815417
1.8711467
1.8469974
1.8162854
1.8075569
1.7861148
1.7761542
1.7538373
1.7352166
1.7398216
1.7341303
1.692324
1.6964157
1.6796575
1.6596811
1.6625682
1.6639644
1.6574757
1.6416295
1.620394
1.6342905
1.6307915
1.620032
1.58959
1.620081
1.6006343
1.5890783
1.5791004
1.5852908
1.570871
1.5831966
1.5513979
1.5489272
1.5647026
1.5432271
1.5712937
1.5442363
1.5591179
1.5486946
1.5460868
1.5445384
1.5733844
1.5670853
1.5400081
1.5967524
1.5537114
1.5814372
1.565172
1.5677638
1.5659038
1.5728898
1.5541364
1.5763568
1.5891558
1.5842991
1.6035349
1.5776447
1.5758173
1.6159773
1.5944268
1.6027348
1.6291275
1.6259419
1.6298563
1.6238925
1.6436594
1.6377414
1.645995
1.6452409
1.6500703
1.6829302
1.6648418
1.6661234
1.6793637
1.6814723
1.6942474
1.709128
1.7112004
1.7112061
1.731823
1.7248657
1.7332472
1.7637397
1.7468116
1.7596601
1.7612395
1.7525469
1.7860488
1.7953689
1.78331
1.7918513
1.8019019
1.7998067
1.8046147
1.8127488
1.8225142
1.8451513
1.8190795
1.8385066
1.8446686
1.8452963
1.8473861
1.8586544
1.878136
1.8651057
1.8992212
1.8983074
1.8772827
1.8887713
1.9008157
1.8969729
1.9174209
1.9310172
1.9048703
1.9200041
1.9500414
1.9196758
1.9151628
1.9734879
1.9498029
1.9322046
1.9249569
1.9396474
1.9457643
1.9683889
1.9612571
1.9530246
1.937365
1.9443334
1.96087
1.9665791
1.9603395
1.932656
1.9654214
1.9430399
1.9517922
1.9401249
1.9644169
1.9365927
1.9337572
1.9544927
1.949349
1.9375173
1.9380342
1.9395025
1.9353248
1.9448678
1.9138306
1.9162085
1.9344398
1.9265176
1.9153163
1.916159
1.9108013
1.9040191
1.8966842
1.8763125
1.8820987
1.8501353
1.8636621
1.8762102
1.8658521
1.879124
1.8608732
1.8497473
1.8407112
1.8311144
1.8176486
1.8178953
1.7978654
1.7924222
1.783304
1.7643696
1.7766104
1.7654423
1.7438291
1.7483072
1.7461447
1.7058927
1.7188716
1.7022918
1.7106485
1.6866617
1.670522
1.6695352
1.6407603
1.6521221
1.6274345
1.6237433
1.6077791
1.5911986
1.5753964
1.5718564
1.5562677
1.5471154
1.5314229
1.5259506
1.5278234
1.4955056
1.4906219
1.4635204
1.4572794
1.4564116
1.4330465
1.4293348
1.4106756
1.4015498
1.3888122
1.373261
1.3654231
1.3487974
1.3438264
1.3087302
1.3105938
1.3077997
1.2760322
1.261991
1.2643151
1.2480004
1.2135687
1.2214204
1.1984797
1.1947104
1.1869252
1.1714698
1.1551147
1.1548977
1.1284473
1.1239647
1.1160258
1.0848306
1.0901465
1.0734767
1.0723526
1.0565252
1.0417192
1.0182769
1.0156054
1.0000938
0.99245423
0.97210675
0.96191245
0.959091
0.9436851
0.94301385
0.91823375
0.9151913
0.89377975
0.8965608
0.87497187
0.8616889
0.85379386
0.83627075
0.8232417
0.82496667
0.81955236
0.8122431
0.8022963
0.78952986
0.7757104
0.77381456
0.7620864
0.74296
0.74241066
0.7392708
0.7207949
0.71945864
0.7097484
0.7085723
0.6923878
0.6788041
0.6817574
0.6631007
0.6660919
0.64520407
0.6458196
0.62714505
0.6270967
0.6198584
0.6157116
0.62392706
0.6050989
0.57693166
0.5977061
0.5876055
0.5728264
0.57285774
0.56354266
0.55796355
0.5435579
0.54829764
0.53008157
0.53846353
0.5268215
0.521584
0.5064329
0.5115829
0.49929574
0.497088
0.4961888
0.49148893
0.4828049
0.4749055
0.4820128
0.46425834
0.46432114
0.47660297
0.4532533
0.4540934
0.440951
0.4488088
0.44625834
0.43758312
0.42454585
0.41846514
0.42905018
0.4310217
0.41369972
0.4029529
0.4147994
0.41234657
0.41134062
0.40847117
0.40084955
0.4023869
0.39087817
0.389488
0.3926776
0.3907373
0.37633595
0.38755444
0.38057673
0.3839293
0.36817473
0.36863178
0.36669886
0.36428505
0.36107355
0.3571955
0.35496676
0.35681883
0.3496078
0.35417324
0.35360888
0.34985602
0.34460342
0.34580678
0.34710747
0.33438703
0.34617472
0.33141834
0.33265167
0.34014958
0.33076754
0.32542807
0.33247167
0.327419
0.33489364
0.32183406
0.32420808
0.32352623
0.32060453
0.31330168
0.30745825
0.30879787
0.30986726
0.31377363
0.30861756
0.2967222
0.30752045
0.305912
0.30184063
0.30215964
0.30593526
0.2972332
0.2957115
0.29417732
0.2955445
0.29720968
0.29080108
0.28219303
0.2921055
0.28744954
0.2879898
0.2840175
0.2850536
0.2756665
0.28316408
0.28777406
0.27700096
0.28191847
0.27276805
0.27095723
0.2715563
0.2810159
0.2775815
0.2651506
0.26983786
0.2692275
0.2685193
0.27322802
0.2662758
0.2582213
0.26395515
0.26062045
0.2552812
0.26147714
0.25707743
0.25606287
0.2624931
0.26179445
0.2625857
0.25431272
0.24336609
0.25527883
0.25813112
0.24875431
0.24938296
0.24795076
0.24623907
0.24614652
0.25080752
0.24562904
0.23893501
0.24048062
0.23941623
0.23801465
0.2382548
0.24278747
0.23772176
0.23016295
0.24310103
0.22991651
0.23311132
0.2357111
0.22900276
0.23378696
0.23037292
0.2334047
0.22880134
0.22690135
0.22942983
0.22467938
0.22328559
0.22393979
0.21624416
0.22593124
0.22607288
0.2268536
0.2176434
0.21912341
0.22222799
0.21213944
0.21953793
0.21291064
0.21032211
0.2129885
0.21525657
0.21444957
0.214921
0.21366593
0.21247657
0.21080725
0.21067983
0.206566
0.20853232
0.20609158
0.2089361
0.20532483
0.20372939
0.20266154
0.19644159
0.20653428
0.1977663
0.1992558
0.19473808
0.19934332
0.19206786
0.18911427
0.19418898
0.20129146
0.18722112
0.19117114
0.19756453
0.19042906
0.18758973
0.18743628
0.18747066
0.192471
0.18780404
0.18592152
0.18295875
0.18239716
0.17959026
0.18244751
0.18196826
0.17573445
0.17932503
0.17460036
0.18129128
0.18110597
0.16920555
0.17543678
0.17359687
0.17067233
0.16814476
0.17423145
0.16867289
0.1654779
0.17392674
0.16692193
0.16471538
0.17140464
0.1678743
0.1599366
0.16443492
0.15904133
0.16303112
0.16558874
0.15987758
0.15671992
0.1567343
0.15824571
0.15483469
0.16070688
0.15177818
0.16113658
0.1470514
0.15044455
0.15180928
0.15528505
0.15167864
0.14894743
0.1513024
0.15045746
0.1492368
0.14812702
0.14357308
0.14448188
0.14775833
0.14796373
0.14353575
0.14552465
0.14162837
0.14312087
0.14361551
0.1460875
0.14012255
0.13739651
0.13661088
0.13572697
0.13529782
0.13437365
0.13568623
0.13407245
0.13273743
0.13566826
0.13751183
0.13547301
0.12984751
0.12924875
0.12815739
0.12749138
0.12252524
0.12803958
0.12405438
0.12690152
0.12251483
0.12137698
0.12539592
0.12318203
0.12084688
0.12228461
0.121941835
0.121446416
0.115786694
0.12234865
0.1176902
0.11361758
0.11267047
0.11631854
0.12046592
0.11719228
0.117162615
0.11929456
0.11209109
0.111239254
0.10847443
0.1093825
0.11334297
0.109385155
0.111796476
0.108323775
0.11243954
0.11305811
0.10600367
0.10577674
0.10562305
0.10829435
0.108446434
0.10531296
0.108175464
0.10692508
0.099248
0.10457111
0.10003296
0.101625025
0.10074046
0.09668988
0.09839221
0.09877017
0.10033228
0.10028173
0.09677767
0.09893168
0.097851016
0.09540971
0.094752595
0.09687066
0.09717371
0.09677716
0.093886614
0.09876102
0.093331456
0.09950601
0.08949277
0.09152552
0.09180576
0.09600705
0.091138355
0.09033033
0.093299255
0.089012265
0.08859129
0.08622119
0.09833099
0.08865662
0.08645283
0.08171589
0.091888785
0.08650226
0.09116817
0.08635561
0.08808856
0.0938606
0.08240456
0.08514644
0.08515217
0.082316056
0.08182682
0.08764972
0.08235941
0.0831648
0.07976092
0.08608998
0.07981151
0.082250245
0.08218721
0.081522204
0.08069663
0.07773324
0.07836246
0.08140816
0.08357554
0.08171927
0.083108954
0.08293989
0.07510634
0.07472418
0.07849652
0.07660447
0.08011207
0.07298949
0.07683971
0.078409374
0.079049
0.076144785
0.079565026
0.07686367
0.074837625
0.07497206
0.07370375
0.073938884
0.076017335
0.074444205
0.073697954
0.06865868
0.07558758
0.07141995
0.07589786
0.07666684
0.07041888
0.073540114
0.07388205
0.07257883
0.0722353
0.07266179
0.07410387
0.072501756
0.0663297
0.075814575
0.0676987
0.072482705
0.06982385
0.07250759
0.066725135
0.06706446
0.07020767
0.06663246
0.067084625
0.06939085
0.07098529
0.06628541
0.06835079
0.06619197
0.07016681
0.06649243
0.07047824
0.06605833
0.066944554
0.068025395
0.06358636
0.06363943
0.06911278
0.06474485
0.06493352
0.06726587
0.067177705
0.06594499
0.062601104
0.0627748
0.06407795
0.06835737
0.06807767
0.061311264
0.06590019
0.06549438
0.06490884
0.064269096
0.062548526
0.058163177
0.061511762
0.06651565
0.06380436
0.06264815
0.060737465
0.06345828
0.06416928
0.06258274
0.06284411
0.061250284
0.060847715
0.06193741
0.06254929
0.06596115
0.062205177
0.0643976
0.059625845
0.059941605
0.05988677
0.059756447
0.061313197
0.054558568
0.06069848
0.05944434
0.059923153
0.059625722
0.06184443
0.06045087
0.059239153
0.059582565
0.057106156
0.058624327
0.06137481
0.05805263
0.05820987
0.058062386
0.05892379
0.055298787
0.05663541
0.060013026
0.058607087
0.059202295
0.056767456
0.05824073
0.057030037
0.05812156
0.059160102
0.05404979
0.05669136
0.056506213
0.0562598
0.05341424
0.056891847
0.056253888
0.053668313
0.055435304
0.05838911
0.053856246
0.055049974
0.056779537
0.058295913
0.056383226
0.054234587
0.05466431
0.05545885
0.05419315
0.054185115
0.05732825
0.05556105
0.051993933
0.058211423
0.05343324
0.054914717
0.056112736
0.053142745
0.05052838
0.054358765
0.052306596
0.056573924
0.053601462
0.053258702
0.05231516
0.052092396
0.04872498
0.053713966
0.051404536
0.05442385
0.05312921
0.052744877
0.046743248
0.053741034
0.0507327
0.05063149
0.054250196
0.048785646
0.050779134
0.049467824
0.053859722
0.0488382
0.056714576
0.049591538
0.04936459
0.05108329
0.04949364
0.04869259
0.051681902
0.052326426
0.052040797
0.047491122
0.05328301
0.048737433
0.04959336
0.05341207
0.049142394
0.050055057
0.04658252
0.048356123
0.04825665
0.052462947
0.050334197
0.049800865
0.052767202
0.044978544
0.04795127
0.052821245
0.047398344
0.047223713
0.04659887
0.048605025
0.047657482
0.046822157
0.044247795
0.04646678
0.04851371
0.048304956
0.047860634
0.04535843
0.047427356
0.049294908
0.046464406
0.04614011
0.04860687
0.04553994
0.046427034
0.046468846
0.049346443
0.04949012
0.04514865
0.04298647
0.043262713
0.04464549
0.045804523
0.048879586
0.043978494
0.043763567
0.047323126
0.044131797
0.04340551
0.047100823
0.045553938
0.04226548
0.044018704
0.04424477
0.04774336
0.04221303
0.044369806
0.044953387
0.04462201
0.044466488
0.041503612
0.042998783
0.0494811
0.043855697
0.042095415
0.044300634
0.04485028
0.042220887
0.044836257
0.043922707
0.0476361
0.043244433
0.04626729
0.040304974
0.0413506
0.041627336
0.04122816
0.03989735
0.04230229
0.040381633
0.04543869
0.044492345
0.04198726
0.04358754
0.040589172
0.040214773
0.043096814
0.043125983
0.043870073
0.041048147
0.046866316
0.04227095
0.04156556
0.04482557
0.04109772
0.039755393
0.040772274
0.041301794
0.04296533
0.04238828
0.039290357
0.04170084
0.043301843
0.040474486
0.03726397
0.03941806
0.041142296
0.042203806
0.03941591
0.041549608
0.041223805
0.0410841
0.039159782
0.039216224
0.041147303
0.04120106
0.04075238
0.041791383
0.037374195
0.038762793
0.03949521
0.037120633
0.037485413
0.040195987
0.03920864
0.04077319
0.03688231
0.041870467
0.039730165
0.03954052
0.040244933
0.044805408
0.039578877
0.041106235
0.04014775
0.039542265
0.040353417
0.036685366
0.038472425
0.03889505
0.037420444
0.038318396
0.037210412
0.038399298
0.03948259
0.037857465
0.03791413
0.038402174
0.039379135
0.04034124
0.03730398
0.039824147
0.039959393
0.03924789
0.038929336
0.04041857
0.035935353
0.037318476
0.03786972
0.0369883
0.047489353
0.03887609
0.03857924
0.038338795
0.038735144
0.03727666
0.037459128
0.0357872
0.038510777
0.037716366
0.03191789
0.04021362
0.037105627
0.035417013
0.037142396
0.038789153
0.03511118
0.03858252
0.03415807
0.03422845
0.037420027
0.03564471
0.03800243
0.034953292
0.037238117
0.03468465
0.035819
0.036317755
0.036392316
0.037326664
0.036949206
0.039126534
0.035541102
0.03685856
0.03344558
0.03700895
0.034597397
0.03864298
0.037145693
0.03719838
0.035248734
0.0384303
0.03534969
0.032026645
0.034720514
0.035611015
0.03663896
0.03496481
0.03448101
0.034550507
0.034922045
0.034467723
0.0341169
0.03574259
0.034877513
0.033413455
0.0341762
0.032557756
0.034806993
0.035489775
0.035075955
0.036677714
0.0332703
0.03412989
0.033368923
0.034457643
0.03540938
0.034213126
0.03624517
0.034359135
0.038465854
0.03523001
0.031210268
0.0341279
0.0340943
0.034219004
0.03548427
0.033935618
0.03507154
0.033852167
0.033870306
0.030303322
0.034017168
0.035505492
0.037080213
0.03141153
0.031373315
0.035417546
0.033220306
0.032814644
0.03410449
0.032846402
0.031883594
0.033350408
0.033855043
0.03659173
0.033719927
0.03396091
0.034700304
0.03331711
0.03140417
0.031771716
0.032066915
0.032800272
0.03308944
0.033316944
0.030415429
0.03327283
0.03294128
0.033014517
0.033613022
0.03341304
0.03189265
0.032307032
0.035665374
0.029783808
0.028796148
0.033333942
0.032071494
0.032000568
0.03372634
0.031002596
0.03445386
0.031813838
0.035870045
0.034284554
0.032062884
0.03382853
0.03672422
0.03106649
0.031354055
0.030995166
0.033459548
0.032723237
0.030269746
0.030962847
0.032609385
0.029734805
0.031165985
0.036687236
0.033017702
0.03142982
0.033033732
0.0341366
0.031976778
0.029189188
0.03229003
0.032489527
0.03198017
0.035316635
0.031443246
0.02855697
0.032721937
0.031662285
0.029664984
0.032432586
0.031474292
0.0290797
0.030234847
0.031436913
0.030618293
0.033974588
0.028476387
0.032194316
0.030875694
0.030651404
0.03038479
0.032650877
0.031867772
0.028666545
0.03156342
0.029509718
0.027870685
0.031571575
0.030924868
0.028222961
0.029066132
0.028835885
0.029167967
0.03060595
0.033156034
0.030450275
0.030096846
0.029303813
0.029380323
0.029770358
0.029905904
0.028446719
0.029731827
0.029848091
0.02728468
0.037983265
0.02741916
0.027521946
0.030256655
0.02930924
0.03157853
0.029010165
0.029128036
0.028594473
0.02879901
0.030928109
0.030552428
0.03286296
0.028285602
0.029265024
0.029861294
0.029924236
0.028508613
0.028070513
0.029026343
0.029147444
0.029132692
0.029671006
0.027363505
0.02701513
0.03120023
0.029803814
0.028052874
0.031317987
0.028325493
0.029169118
0.028417766
0.028743621
0.031211054
0.028379494
0.029312413
0.028922329
0.026400693
0.030415213
0.02862154
0.028335292
0.02756798
0.030729873
0.029704042
0.02779308
0.027613247
0.02775254
0.026862884
0.029449612
0.027579438
0.027257657
0.028843554
0.026309578
0.02793293
0.027388131
0.03095424
0.030341424
0.026606616
0.029496508
0.02736644
0.029453548
0.027770001
0.024447802
0.026978819
0.024097612
0.028699188
0.030600455
0.029887242
0.030282656
0.02874967
0.029892141
0.028379206
0.032126315
0.02706622
0.027915774
0.028470865
0.028413652
0.027684513
0.027389666
0.026580647
0.029621588
0.028439723
0.02827174
0.031010533
0.028625954
0.029278988
0.033812523
0.0277341
0.027209433
0.027168475
0.02622578
0.026491873
0.027838282
0.027510555
0.025714185
0.027626568
0.031518273
0.027915364
0.028298019
0.0268723
0.025980096
0.025458023
0.027339468
0.026366234
0.0256381
0.027285596
0.027039668
0.024585472
0.025544869
0.028768072
0.02632313
0.026455667
0.02595853
0.026408529
0.025434334
0.025141113
0.0274958
0.025051618
0.027523872
0.027575206
0.030744368
0.025988411
0.027431015
0.025780946
0.0255665
0.027712107
0.02702
0.026052644
0.026996473
0.026490489
0.026820153
0.027005397
0.02535513
0.024151532
0.026686622
0.024873383
0.025844509
0.02576761
0.024614044
0.025193496
0.028154332
0.024769727
0.025666133
0.02500105
0.025341013
0.025876988
0.025488013
0.025648588
0.02849998
0.025862882
0.025320662
0.024507182
0.02456715
0.025652867
0.024593867
0.025276175
0.028470196
0.025332516
0.024789779
0.025217284
0.025945885
0.026129546
0.024485733
0.024866952
0.024571948
0.025369186
0.026248835
0.023219394
0.022708764
0.02471976
0.023440769
0.02478708
0.028761629
0.02486822
0.022980196
0.023600329
0.02448547
0.025140647
0.024237022
0.023631804
0.023917334
0.023436239
0.024969429
0.027926212
0.025075918
0.023514707
0.023507057
0.02461547
0.026854161
0.024955155
0.025015395
0.024792066
0.026190698
0.023997273
0.023260167
0.024050439
0.0239492
0.024439415
0.025451932
0.02493693
0.024749046
0.025506191
0.030806659
0.026234103
0.025293184
0.027621863
0.024920112
0.025228543
0.025470544
0.026530849
0.025385534
0.023958985
0.02389538
0.02519604
0.025822673
0.02550786
0.02677054
0.025016915
0.023833022
0.023782818
0.024240108
0.025007987
0.024579976
0.024765013
0.023710165
0.023585485
0.024881098
0.026787682
0.02497159
0.024757743
0.02614771
0.02431333
0.023591558
0.024042921
0.024665583
0.025642611
0.02414263
0.024475703
0.026643626
0.024393318
0.023709033
0.024538653
0.02710579
0.02572085
0.026545214
0.024593689
0.024611259
0.02659986
0.02459601
0.024054354
0.024976332
0.023477215
0.02272203
0.022134855
0.022819601
0.023788972
0.025620466
0.023026068
0.02227193
0.021825634
0.022607416
0.023039345
0.023650063
0.024144778
0.023868661
0.023655845
0.023485135
0.022846324
0.023328058
0.022925712
0.02337707
0.024694065
0.027567014
0.024529668
0.023127766
0.023120139
0.02302229
0.022608412
0.022662738
0.02153285
0.021122832
0.021100743
0.021598222
0.021880418
0.022635426
0.023713449
0.024403753
0.023060735
0.022708276
0.02245871
0.023219544
0.021950383
0.021987623
0.02270326
0.02412968
0.023906035
0.022433497
0.021614233
0.02134796
0.022702735
0.022785902
0.023753928
0.023436734
0.023728358
0.022733646
0.022639053
0.021672709
0.021191344
0.021362392
0.021728452
0.022019949
0.021729354
0.022685586
0.024090532
0.024885254
0.02567756
0.022717167
0.022668883
0.025535636
0.022498142
0.02132521
0.02182662
0.022641819
0.022427127
0.022432074
0.021509955
0.02149706
0.021782273
0.022219617
0.02343777
0.0238049
0.023150537
0.022362242
0.02195789
0.022025267
0.021076431
0.020386351
0.021069037
0.021403397
0.021879887
0.021360094
0.021239668
0.021074286
0.021437805
0.021794027
0.02176086
0.02202498
0.02171476
0.02068198
0.020092769
0.020638421
0.02239806
0.022790737
0.022820216
0.022144739
0.021965928
0.022151142
0.021099368
0.020391677
0.019478101
0.020370567
0.020709625
0.020515447
0.020384448
0.020592198
0.021483311
0.021737127
0.02096956
0.019875167
0.01995775
0.021399343
0.021777581
0.020706583
0.019900292
0.019585883
0.020169213
0.020061016
0.021022012
0.021055821
0.021501089
0.020967932
0.022105841
0.021471087
0.021170786
0.020205375
0.021548543
0.021976233
0.021275803
0.020447094
0.019986225
0.02096246
0.020846488
0.021785222
0.021346355
0.021514121
0.020380795
0.020912405
0.021102555
0.02137466
0.020689528
0.02052558
0.021211255
0.02135036
0.021781547
0.022082482
0.021895394
0.021845747
0.021712586
0.021554112
0.021072343
0.020698221
0.021245744
0.021491837
0.021580597
0.021186946
0.021083722
0.021359654
0.021617359
0.021188084
0.020716198
0.020858673
0.020885663
0.02078107
0.019921377
0.01996551
0.019378759
0.019558268
0.019662283
0.019544827
0.020473339
0.020500824
0.021120308
0.021333616
0.020247763
0.020914769
0.020432988
0.020391302
0.01960017
0.019246886
0.019748516
0.019640688
0.019742114
0.020336187
0.019851169
0.019667225
0.019335087
0.020633707
0.020295935
0.020161387
0.02018769
0.02108263
0.023603527
0.027430983
0.021901729
0.020101503
0.020286646
0.02160184
0.021652542
0.02188589
0.021603445
0.021561718
0.021500163
0.021205695
0.02060862
0.021306932
0.020620069
0.020103896
0.018691916
0.018467003
0.019082258
0.019114472
0.019553171
0.019873254
0.020062532
0.020435771
0.01949775
0.019499285
0.019396007
0.019729158
0.020190047
0.019578798
0.020015858
0.020358335
0.020822536
0.019991847
0.019717678
0.020171784
0.020514354
0.019378424
0.01900875
0.0201165
0.020785693
0.020703664
0.01931744
0.020035753
0.020710789
0.021428224
0.020522457
0.020334736
0.020558001
0.020582136
0.020030892
0.019124957
0.019121619
0.018533869
0.018788863
0.018424714
0.019131271
0.019732615
0.019754387
0.018894684
0.01779826
0.018391922
0.018917922
0.019011348
0.018919094
0.018679094
0.017972196
0.01780529
0.019538607
0.020385236
0.021267887
0.019099899
0.018201053
0.017509291
0.01806231
0.019145126
0.018614838
0.019896127
0.019818965
0.019608773
0.018071193
0.017624352
0.01778176
0.01960479
0.02013913
0.020883951
0.019235125
0.019347446
0.018216299
0.018894214
0.018814614
0.018852245
0.018049521
0.017609114
0.017632129
0.018511966
0.018383
0.018858392
0.018807888
0.019103145
0.0189419
0.018609453
0.017727295
0.017994484
0.017951874
0.019063992
0.019124936
0.019336652
0.01840809
0.01780338
0.017193494
0.01702193
0.01765156
0.018220002
0.018319484
0.018041482
0.017423617
0.018322483
0.018097619
0.019224
0.01981931
0.020171667
0.019938877
0.018825805
0.019366756
0.018747866
0.019512352
0.019211665
0.019697001
0.018574782
0.018480776
0.018020255
0.01882841
0.01811957
0.018729473
0.018418668
0.018714687
0.017626248
0.0175158
0.018388003
0.018491922
0.018399848
0.017017165
0.016983213
0.01779048
0.01818304
0.018361472
0.018327963
0.018989561
0.018707003
0.01931627
0.01909546
0.019281749
0.018387198
0.01861671
0.018485913
0.019219317
0.01882478
0.018983535
0.018315274
0.018235441
0.018314224
0.018607207
0.018844921
0.018394757
0.017651351
0.017326662
0.017771108
0.018232167
0.019052602
0.019468613
0.01886947
0.017522002
0.01808668
0.018054793
0.019374227
0.01849567
0.018469024
0.017240575
0.017012646
0.017574228
0.018370405
0.017520048
0.01799808
0.01755026
0.018249199
0.019555502
0.019394364
0.019936565
0.018707633
0.018990928
0.01897859
0.018797074
0.019372148
0.019050363
0.018158108
0.017217543
0.017717611
0.018649738
0.01824826
0.018145306
0.017628342
0.018649386
0.018220827
0.017278377
0.016924968
0.016197309
0.016362756
0.016342387
0.01743775
0.017512852
0.017970143
0.0176861
0.018977672
0.01883917
0.019161763
0.018837133
0.018809153
0.019073773
0.018959537
0.01928908
0.019191567
0.018674443
0.01832008
0.018675625
0.018539399
0.018682953
0.017966812
0.017995976
0.01735468
0.017001763
0.017366273
0.017867858
0.017691987
0.018037783
0.018403988
0.018988173
0.018716559
0.01757703
0.017400099
0.016552486
0.017011369
0.015563532
0.016398365
0.015996756
0.017869486
0.01809377
0.018368663
0.018236997
0.017596278
0.01694611
0.01713461
0.01740014
0.01757936
0.016982626
0.017049702
0.017590329
0.016854191
0.016873559
0.01741063
0.018015552
0.017990261
0.017169558
0.017609699
0.016571222
0.017270705
0.016944215
0.017256575
0.016413704
0.016526233
0.016557384
0.018010307
0.019095318
0.019492485
0.018554311
0.017067585
0.017155925
0.017750507
0.018269429
0.018409245
0.017187428
0.019291885
0.020120991
0.020090185
0.018335521
0.017561466
0.018391265
0.01789343
0.018666673
0.01842489
0.017910386
0.016802121
0.016581954
0.01657335
0.016645709
0.01661504
0.019416412
0.019880692
0.020903276
0.018604962
0.018238362
0.017466316
0.01717189
0.017556148
0.017832858
0.017802821
0.01678852
0.016048659
0.016027508
0.016227325
0.01688656
0.017135754
0.018004669
0.017492251
0.019348724
0.018487062
0.018461915
0.016433848
0.016394066
0.01639431
0.016221792
0.018079814
0.01860633
0.018398767
0.01681978
0.01769651
0.018782062
0.018579597
0.018023212
0.01750315
0.017948277
0.01731639
0.017455475
0.017063465
0.016856333
0.016834795
0.016741164
0.016911829
0.017444562
0.017548108
0.017017255
0.016947683
0.01647613
0.017312977
0.017228983
0.017784959
0.017179344
0.016348906
0.016767917
0.016606111
0.016307674
0.01649572
0.017173182
0.01762748
0.01713428
0.016723873
0.016594512
0.015976086
0.016312642
0.015735678
0.01633295
0.015078204
0.015764985
0.01505704
0.016302567
0.015341868
0.016591407
0.015491804
0.016011992
0.014981768
0.01600467
0.015893811
0.016837971
0.016948896
0.017152263
0.017037405
0.01663055
0.01684757
0.016209936
0.016059529
0.015838742
0.015951471
0.016117392
0.016834427
0.015941283
0.0158093
0.015524684
0.015458231
0.01532827
0.0152893225
0.016356478
0.016696673
0.017214013
0.0173889
0.017792303
0.017892009
0.017421013
0.017477414
0.016212754
0.016317189
0.016062923
0.016460234
0.016292972
0.015006575
0.015177493
0.015023733
0.01661784
0.016410911
0.017505966
0.016910955
0.017314045
0.016198207
0.01579244
0.015641356
0.017438529
0.01815352
0.018091407
0.01669566
0.016646435
0.01624828
0.015957303
0.015235859
0.01768238
0.018160619
0.018800573
0.016182039
0.0156211
0.015527477
0.015726665
0.016333522
0.016554656
0.017190333
0.017807964
0.016848505
0.01694669
0.016394539
0.017005268
0.017201142
0.0167833
0.01693518
0.015727373
0.015770948
0.01663952
0.016614048
0.016801562
0.016070768
0.017126076
0.016180024
0.016125094
0.015951822
0.01758187
0.017602611
0.017759142
0.016962888
0.016389348
0.01612099
0.016026743
0.016316658
0.01601001
0.015989278
0.016997801
0.0177275
0.017611712
0.01778012
0.016808394
0.016201638
0.014948397
0.015840381
0.016347174
0.017329965
0.016664889
0.017011633
0.015813205
0.016004015
0.016821152
0.017860522
0.018262045
0.017765574
0.017434293
0.017161617
0.017518643
0.017588763
0.018400535
0.018137334
0.01819049
0.01738065
0.017072013
0.016865438
0.016810326
0.017923873
0.018210307
0.017485231
0.016053205
0.015491682
0.017445162
0.017983636
0.017653508
0.016865348
0.01581192
0.016968165
0.016023865
0.017574914
0.017733281
0.018857896
0.01782155
0.017173178
0.0170261
0.016826294
0.016960518
0.016256228
0.016978793
0.017741073
0.018005349
0.01815404
0.016668966
0.016712233
0.015464548
0.016829206
0.017153258
0.019610554
0.018367609
0.017987201
0.018157672
0.018989546
0.018829398
0.016602298
0.016298994
0.017158592
0.017089192
0.017132483
0.01741582
0.017802158
0.019195495
0.01795714
0.01904272
0.017724905
0.02054706
0.020329377
0.019065334
0.018319622
0.018697625
0.01960804
0.018520145
0.01753247
0.017649136
0.016769962
0.017238881
0.017422417
0.01837576
0.01831298
0.017842662
0.01752082
0.016964722
0.017428724
0.017196096
0.017292822
0.017966582
0.017156098
0.017822636
0.01681689
0.017546877
0.01624428
0.016470905
0.016368924
0.016740885
0.016002566
0.01590262
0.017579384
0.017797818
0.018505957
0.017044777
0.016999625
0.016348988
0.015873263
0.015821468
0.016148344
0.016349962
0.01596456
0.015455829
0.015016616
0.017387727
0.01791917
0.019063527
0.017824987
0.017070686
0.016540468
0.015285539
0.015113915
0.0154596
0.016340017
0.016903909
0.016281588
0.015807638
0.01574103
0.016174696
0.0166556
0.016405892
0.016770067
0.017647557
0.017702918
0.016879153
0.017508091
0.018432574
0.019415906
0.017962683
0.01662275
0.016370423
0.017568283
0.01793656
0.017166978
0.016395025
0.016488828
0.016943809
0.016618744
0.016529882
0.01617723
0.015540797
0.014826649
0.014607951
0.014790447
0.015434716
0.015712656
0.01612584
0.015835619
0.016469141
0.015662767
0.016070895
0.016348572
0.016810218
0.017449668
0.017303852
0.016610682
0.016325232
0.016601995
0.017624503
0.017447188
0.01631076
0.015711743
0.015164004
0.014663941
0.014657386
0.01504403
0.01568599
0.015874572
0.015834022
0.015078758
0.015722046
0.016687628
0.017161373
0.017597148
0.016753906
0.016264169
0.015494638
0.015724193
0.01690726
0.016645549
0.016665759
0.015546796
0.015754852
0.015990857
0.016815161
0.01615297
0.015492401
0.015598821
0.015928809
0.016156018
0.016341154
0.01711257
0.017462313
0.016783452
0.016199822
0.01532677
0.015826669
0.016311103
0.01682062
0.016884558
0.019275203
0.018594384
0.01794525
0.014504716
0.0158564
0.014709441
0.015491022
0.01513908
0.016628822
0.016412767
0.016469005
0.015565772
0.01595318
0.016159208
0.017159397
0.016480057
0.015582856
0.015337948
0.015576352
0.016456576
0.016884197
0.016617816
0.017251253
0.017202487
0.01817002
0.01809547
0.018772302
0.01832872
0.01843326
0.01875053
0.018735688
0.017756773
0.016578415
0.017495537
0.017579664
0.01801763
0.019252645
0.019389069
0.019832317
0.017826881
0.017994942
0.017864132
0.017862301
0.01729884
0.016859023
0.017858284
0.020910343
0.020643717
0.020894222
0.018604985
0.019099979
0.018527118
0.019049356
0.019373754
0.019457674
0.018754296
0.019719312
0.019712891
0.02011263
0.01928384
0.018947177
0.019096801
0.019610448
0.020972751
0.021374576
0.02100819
0.02000528
0.020183556
0.020731151
0.020718131
0.021054137
0.020917717
0.021335276
0.02044837
0.021128967
0.021631695
0.021616632
0.02186195
0.022965651
0.023885593
0.025092304
0.023146741
0.02204267
0.020821616
0.022133106
0.022663523
0.022509264
0.022781633
0.023933392
0.024736797
0.024654347
0.02650646
0.02652099
0.026897125
0.02550677
0.024214774
0.023608409
0.023173764
0.02398189
0.023555486
0.0239522
0.023208808
0.022932133
0.021200003
0.022190284
0.02073936
0.020423831
0.020030934
0.020663979
0.020630827
0.019803137
0.01935164
0.019855525
0.019069945
0.020700824
0.021354144
0.021391083
0.019790776
0.018136399
0.018640958
0.019987924
0.02085955
0.020408042
0.019304862
0.019310912
0.01924795
0.020203918
0.019653749
0.02011622
0.019161323
0.018719513
0.017821217
0.018824851
0.018934231
0.019041443
0.017419357
0.01652715
0.016648874
0.017040318
0.01842844
0.018388039
0.019044215
0.017927552
0.017653374
0.016476126
0.017231852
0.017383294
0.018055659
0.017362246
0.017448442
0.016776202
0.01668256
0.016076019
0.016271835
0.016291648
0.01653798
0.016826518
0.01713124
0.016893916
0.016446102
0.016395384
0.017035278
0.018041885
0.017739158
0.017541137
0.01679392
0.018132169
0.017475815
0.018406041
0.017514128
0.017483998
0.016934302
0.016321352
0.01778478
0.01778541
0.018340543
0.017275171
0.016906608
0.016175268
0.015843099
0.016036361
0.016375436
0.015896598
0.015638344
0.015172918
0.015397486
0.014837714
0.014164645
0.013756624
0.01300748
0.013270585
0.013446551
0.013652205
0.013628793
0.013766666
0.014203851
0.014879979
0.014926564
0.013737086
0.013209348
0.013051328
0.013177075
0.012801119
0.013441888
0.013697704
0.013865279
0.014890875
0.015126802
0.014941369
0.013520275
0.013356456
0.0133734085
0.01462931
0.014986189
0.015097373
0.015435075
0.015403196
0.015633574
0.0143003315
0.015605689
0.015833873
0.016318893
0.015527449
0.014836387
0.014673203
0.014285281
0.015679512
0.015368378
0.014663661
0.013463832
0.0136876665
0.014189302
0.014941963
0.015488163
0.015433903
0.014862137
0.014949256
0.015025992
0.015587732
0.014734274
0.013450246
0.013262322
0.013648697
0.0145702865
0.014415657
0.013905803
0.012999741
0.013465132
0.013528125
0.013899546
0.014714283
0.014383733
0.014268633
0.014151207
0.013642387
0.013522998
0.012759417
0.01257982
0.012849517
0.013394957
0.013597284
0.013316996
0.013583579
0.013900546
0.0140525205
0.013713709
0.013604099
0.013920777
0.012974123
0.013598673
0.013748897
0.014529494
0.013802722
0.0136807365
0.014047312
0.014878705
0.014336927
0.013831197
0.013625031
0.013744412
0.014615534
0.013949182
0.014195948
0.013277827
0.012438533
0.01243505
0.012266647
0.011990018
0.012895254
0.0135952085
0.014268223
0.014531005
0.013151758
0.012925403
0.013021781
0.0135975545
0.0142654665
0.013986966
0.013286005
0.014227324
0.014934012
0.01496621
0.015150294
0.014100041
0.01359212
0.013390007
0.014012565
0.014334189
0.01438095
0.013312308
0.013373881
0.0135468645
0.014810733
0.014545123
0.014943853
0.015229386
0.0143733835
0.013790125
0.012845823
0.012559981
0.012395699
0.011993704
0.01292728
0.013067646
0.01296705
0.01394153
0.0140688885
0.01487416
0.015412659
0.0155599015
0.016391791
0.013456417
0.013037758
0.01370776
0.014228064
0.013640112
0.014070497
0.014023941
0.013523215
0.014693034
0.014663378
0.014046331
0.013461128
0.013930574
0.013779567
0.012978896
0.012179934
0.012320743
0.0122057
0.012235754
0.012629453
0.01307329
0.012682958
0.012714241
0.012784451
0.013051729
0.013166119
0.013523938
0.013517129
0.012903685
0.012705485
0.013034253
0.01316775
0.013958796
0.013918862
0.015026634
0.014182794
0.01493332
0.01374083
0.012439796
0.012655162
0.012010824
0.012223344
0.012813833
0.012981872
0.013156588
0.013282045
0.013468474
0.013830984
0.013379301
0.013642351
0.0128483595
0.012136778
0.012549454
0.012451208
0.0127914
0.012913316
0.013118903
0.013004058
0.013026587
0.013084527
0.012812572
0.0142304115
0.014878897
0.016175358
0.016259167
0.014143821
0.014019619
0.013804611
0.014136271
0.01404957
0.014376876
0.013309463
0.012700754
0.012647908
0.011789388
0.01223404
0.012531114
0.012944408
0.012780743
0.013054715
0.01304324
0.012814784
0.0127240345
0.012721273
0.012951158
0.012574488
0.01249748
0.01196337
0.012066256
0.012139212
0.012239205
0.012904835
0.013446636
0.013891612
0.014637693
0.014415997
0.014476964
0.01465161
0.014439112
0.014106557
0.013645256
0.013543993
0.013359823
0.013454669
0.013137768
0.012381334
0.011821739
0.011957543
0.01237856
0.013397152
0.015201777
0.015583272
0.014690886
0.013851453
0.013187423
0.013110282
0.012701751
0.012879625
0.012575735
0.012339245
0.012715592
0.012463226
0.0128081525
0.013051483
0.013660514
0.014258087
0.013798305
0.013213348
0.012984697
0.012615085
0.012334587
0.012527084
0.012606082
0.014218883
0.015181045
0.014205813
0.015542065
0.014419661
0.012692369
0.012866504
0.012124818
0.012074645
0.012392612
0.012204979
0.011838222
0.012253376
0.011803034
0.011811947
0.012212246
0.012720223
0.0125053255
0.012787228
0.01248845
0.012721927
0.012441795
0.012086646
0.012181884
0.012932668
0.012394432
0.012202068
0.012193857
0.012206202
0.01161934
0.011965959
0.012803488
0.013135168
0.012634378
0.012550249
0.012732851
0.011971587
0.012058667
0.012347826
0.01242153
0.012184869
0.012811817
0.012702722
0.0123786945
0.012415671
0.013158277
0.012697335
0.012923085
0.013108848
0.013058151
0.011795452
0.011887772
0.011513886
0.011229145
0.011268759
0.011828835
0.012188706
0.012503464
0.012416912
0.012496383
0.012925328
0.012475157
0.011944367
0.013303144
0.012650704
0.0116942255
0.012126052
0.012471281
0.011645873
0.012296954
0.01308828
0.012717192
0.013121657
0.01331309
0.013096478
0.012139348
0.011979927
0.011268694
0.011222675
0.011936745
0.01217305
0.012141334
0.01246478
0.012421734
0.011766725
0.012163786
0.013308411
0.012829189
0.012934817
0.012748893
0.012659181
0.011503105
0.011966414
0.01137618
0.011435925
0.01150769
0.011843651
0.011109585
0.011332179
0.0114632435
0.0111769745
0.010845607
0.011325101
0.0116640115
0.011587242
0.011619382
0.011967639
0.013006988
0.012531771
0.013081147
0.013297602
0.0133596705
0.012356103
0.012476893
0.012040419
0.012280406
0.012078201
0.012372249
0.012246205
0.012605652
0.012154582
0.012322399
0.014275785
0.015417691
0.015580608
0.014138094
0.0142540755
0.011855921
0.011738619
0.012405028
0.011891176
0.011845176
0.012178982
0.012389508
0.012516597
0.01246789
0.0123429205
0.012122389
0.012020753
0.0115416935
0.011647218
0.011440989
0.011467556
0.0116526
0.012075264
0.011833236
0.012095764
0.012388805
0.012301388
0.0119367065
0.012310076
0.0122785615
0.012373222
0.012224373
0.012496312
0.012354351
0.011943096
0.011818797
0.012240246
0.012090938
0.011920914
0.012527249
0.013094789
0.012374092
0.011867407
0.012501583
0.012421461
0.011252222
0.0115185045
0.01190326
0.011744959
0.011055693
0.01131097
0.011175153
0.011083977
0.011069744
0.011818667
0.011862726
0.011889871
0.011965605
0.011373898
0.011141338
0.011413217
0.011322146
0.011563022
0.012095468
0.0118333055
0.011777736
0.012203975
0.011820802
0.0113809435
0.0117393285
0.011701149
0.011524658
0.012062941
0.012076915
0.011943689
0.01199466
0.012295598
0.012308987
0.012597618
0.013293262
0.013831651
0.013345909
0.013163173
0.013304969
0.01258257
0.012457929
0.012428115
0.012258385
0.011795734
0.0118910745
0.011132133
0.011859645
0.011637396
0.012063209
0.011754399
0.011905692
0.011799317
0.0116196545
0.011387656
0.0117241815
0.0116999475
0.011463268
0.011879395
0.012328733
0.011985345
0.012105328
0.01175177
0.011977747
0.012162378
0.012327726
0.012578511
0.01295849
0.013177625
0.012310991
0.012220867
0.012438506
0.012440854
0.0119208535
0.012482181
0.0127155455
0.012505282
0.013298923
0.013500154
0.013039117
0.013175434
0.013059391
0.01210839
0.013718188
0.014058363
0.013893008
0.013438318
0.013650598
0.0119737
0.011945305
0.0120333545
0.013290462
0.013308919
0.013351516
0.013325694
0.013070166
0.01267029
0.012543638
0.012489988
0.012431177
0.012182736
0.011778691
0.011348963
0.011427704
0.011226465
0.011765848
0.01193519
0.01212764
0.011993402
0.01202394
0.011824347
0.011804038
0.01208831
0.011906769
0.012284371
0.012126956
0.011594647
0.011750285
0.011131859
0.010989322
0.011009686
0.010741796
0.0100798085
0.010568312
0.010669802
0.010645089
0.011353243
0.011731531
0.012141511
0.011823646
0.011691054
0.011226004
0.011031633
0.010865871
0.0108844135
0.011646378
0.012173903
0.012197155
0.011888265
0.012146837
0.012074417
0.011917416
0.01239961
0.013495507
0.013347684
0.01234763
0.012199118
0.0126963025
0.012218019
0.011911875
0.012897631
0.013633845
0.01293601
0.012377282
0.012550226
0.012057151
0.010957039
0.010472048
0.010585058
0.010701078
0.010826564
0.01069495
0.010621772
0.010805752
0.010752075
0.010428899
0.011181434
0.0112178605
0.011271452
0.011134969
0.011153889
0.010603351
0.010585398
0.010184836
0.010146496
0.010567032
0.010932995
0.011267286
0.011640579
0.011753854
0.011287484
0.011005586
0.010945821
0.010918759
0.0117265005
0.012032647
0.012292592
0.012548719
0.012511903
0.0113905
0.011342035
0.011356807
0.011103651
0.010996918
0.011169716
0.011188593
0.011433465
0.011167266
0.011404465
0.011810344
0.012140322
0.011783447
0.012152494
0.012287547
0.011905123
0.012096436
0.012238108
0.0125776185
0.012474381
0.0129927825
0.0127617745
0.012475667
0.0118293995
0.011724666
0.011524477
0.011169479
0.011825694
0.012293664
0.012111931
0.011912411
0.011969036
0.011372975
0.011166122
0.010877283
0.011083527
0.0116487825
0.011852264
0.011558155
0.011775199
0.011734127
0.011283893
0.011326096
0.011185138
0.01122717
0.011550405
0.011620175
0.0115694795
0.011709713
0.011809507
0.012078917
0.01198827
0.011561839
0.012024238
0.012092543
0.011383382
0.011497929
0.011626691
0.011025976
0.010744302
0.010698032
0.010543646
0.010307319
0.009940321
0.01037917
0.010773359
0.010849957
0.010730129
0.010887556
0.012224086
0.012148476
0.011594827
0.011889663
0.012235858
0.011629125
0.011643135
0.011683515
0.011719171
0.011203192
0.011220577
0.011252713
0.011223705
0.011471356
0.011298188
0.011277469
0.011057295
0.012927132
0.012412931
0.0126927
0.012669978
0.0132078985
0.011755799
0.012269305
0.012188115
0.012213947
0.011815643
0.011130547
0.010678563
0.011077236
0.011357287
0.012088738
0.0124419015
0.012234448
0.012240761
0.011666481
0.011409224
0.010869467
0.011158236
0.011845481
0.011718631
0.012296703
0.012254385
0.011754572
0.010974282
0.011707831
0.0114501985
0.01106515
0.011582815
0.012213521
0.012403331
0.011970568
0.012190147
0.011765481
0.010818963
0.011273316
0.011142444
0.011376419
0.01223892
0.012886139
0.012300426
0.012284882
0.012212392
0.01145995
0.011555589
0.011960731
0.013026898
0.0135499425
0.01427179
0.013576141
0.013194792
0.0118465265
0.011997583
0.011653654
0.012078593
0.012077014
0.012966077
0.012292899
0.012600458
0.012549861
0.012760661
0.012165354
0.012385657
0.012011319
0.011367608
0.011076297
0.01101343
0.010950814
0.010694727
0.010540775
0.0105696
0.010852697
0.010990252
0.0110688815
0.011229112
0.011101002
0.011754678
0.011251456
0.011029601
0.010904587
0.010820931
0.011312418
0.011250909
0.011326038
0.011150476
0.011092575
0.011230064
0.0117647005
0.011775246
0.012185283
0.012006905
0.011795698
0.011169021
0.011190727
0.01115923
0.011719411
0.011902696
0.011522246
0.011639124
0.011389624
0.011416314
0.011754667
0.012336563
0.012393674
0.012565254
0.012604572
0.012561371
0.0122973
0.012536204
0.012737422
0.0124947205
0.012305362
0.012011808
0.011909763
0.01156606
0.011731131
0.011243657
0.010817958
0.011060415
0.010958183
0.011056424
0.010664045
0.010613285
0.01117111
0.01139165
0.0110702645
0.011221152
0.011362426
0.011579553
0.011309697
0.011359687
0.010802584
0.010860931
0.010838362
0.010578037
0.010311541
0.010435563
0.010381206
0.010471383
0.010612636
0.010175604
0.010213911
0.010233117
0.010059872
0.009809809
0.009754027
0.009491386
0.010161304
0.010323893
0.010427276
0.01053486
0.010527979
0.010668702
0.011031574
0.01073011
0.01092373
0.010979162
0.011301112
0.011731446
0.011704195
0.011582045
0.012075204
0.012519162
0.012119679
0.012476684
0.012906728
0.0127298515
0.0127597265
0.01348588
0.014204859
0.013540606
0.013154197
0.012411069
0.01207344
0.011625537
0.010956068
0.010610519
0.010653123
0.010982776
0.010976383
0.010954642
0.010721598
0.010664037
0.010953325
0.011136795
0.010693978
0.010505451
0.010264698
0.010420273
0.010808293
0.01061291
0.010132801
0.010116286
0.010532278
0.010570372
0.010552846
0.010045553
0.010158301
0.010272437
0.010652551
0.010358696
0.010200514
0.010747399
0.010718822
0.01118404
0.011059899
0.011172077
0.011788114
0.010980447
0.0107952
0.01132801
0.011084649
0.011376768
0.012102402
0.0129493335
0.011589258
0.011050062
0.010652598
0.01053465
0.010899254
0.010412136
0.0114853475
0.012256423
0.012223808
0.011925635
0.01166084
0.011479911
0.011540867
0.011167933
0.0114229545
0.011570329
0.011743561
0.012045936
0.011152975
0.011464392
0.01186663
0.011964184
0.011350073
0.011143466
0.012035895
0.011394024
0.010868397
0.010440183
0.010340681
0.01075127
0.010614789
0.010939694
0.011372833
0.011277851
0.01097825
0.010949189
0.010536713
0.009877362
0.009732403
0.009724499
0.010093146
0.010214664
0.010291612
0.0108027635
0.01120554
0.011382779
0.010993523
0.01100309
0.0111732455
0.0112519255
0.010964262
0.011239476
0.011559011
0.011432569
0.011594124
0.011683157
0.011914005
0.012187866
0.012070673
0.011617857
0.0119793685
0.011591196
0.011710202
0.011510184
0.011817028
0.011533397
0.01157641
0.011467639
0.0114186555
0.011388037
0.01128827
0.010871138
0.010900121
0.0110016735
0.010754739
0.010835636
0.01055933
0.010829737
0.011099525
0.010957708
0.010853486
0.01084495
0.01082933
0.011123763
0.0116446875
0.011565496
0.011726576
0.011777
0.012384193
0.011889669
0.011408258
0.010867694
0.01077082
0.010858527
0.010814791
0.011078553
0.010974892
0.010752729
0.010685041
0.010459704
0.010478732
0.010145248
0.009924696
0.010042501
0.011063965
0.011392609
0.011827192
0.011386586
0.011798811
0.011775734
0.01150455
0.011012158
0.010448639
0.010098349
0.01051924
0.010293676
0.010303604
0.010706791
0.0105113285
0.010430529
0.010760345
0.0110213
0.010849376
0.010774206
0.010480879
0.010884459
0.011457684
0.011091689
0.0103709465
0.010706068
0.011015994
0.011127929
0.0107929725
0.010453224
0.010402894
0.010414684
0.010515577
0.01032222
0.010685057
0.010442532
0.010104546
0.010636
0.010865251
0.01045895
0.01043062
0.010129937
0.010239072
0.010488807
0.009997992
0.01006591
0.0105737895
0.010374315
0.010175435
0.010200027
0.010374262
0.010493041
0.0110340975
0.010357248
0.0106820725
0.010594926
0.010713842
0.010779898
0.010740641
0.01023475
0.010537934
0.009970692
0.010525428
0.010803104
0.010767491
0.011009739
0.011050639
0.010969544
0.011079678
0.0105733825
0.01034192
0.0104601
0.010407411
0.010082602
0.010567898
0.010829489
0.010941844
0.011046493
0.010540152
0.010648445
0.0107448045
0.010375787
0.010200183
0.01014987
0.010146191
0.010213012
0.010215316
0.009964929
0.010163194
0.010670246
0.010950988
0.0110671865
0.01110745
0.01092945
0.011316379
0.011065871
0.010947031
0.010792609
0.010675476
0.0109269945
0.010971194
0.01057909
0.010818044
0.010877627
0.011177473
0.010884239
0.010954511
0.010886967
0.011429095
0.011355271
0.010984982
0.010618876
0.010783305
0.01073555
0.01021586
0.010032978
0.009862506
0.010155643
0.010049818
0.0099053895
0.009903675
0.010334197
0.010524683
0.010790919
0.010825014
0.010780398
0.011042983
0.010971138
0.011099969
0.010761
0.010745066
0.011692069
0.012225643
0.012350249
0.012506635
0.01347808
0.013356827
0.012590348
0.011768948
0.011397258
0.011288487
0.011262183
0.011150445
0.011533097
0.011250586
0.010590327
0.010761533
0.010530495
0.010592094
0.010845457
0.010432142
0.0109264795
0.0114414
0.012317645
0.012694855
0.012516369
0.012368166
0.012499149
0.012054779
0.01192281
0.010820257
0.010535755
0.010184791
0.010425958
0.010457975
0.010671033
0.010644162
0.010920363
0.010752156
0.011326187
0.010998701
0.010863018
0.011271496
0.011033559
0.010930744
0.011539021
0.011318221
0.012244851
0.012195716
0.011510272
0.011537754
0.011563453
0.010849838
0.010888978
0.010220882
0.010388587
0.01050895
0.010852064
0.011050194
0.011342266
0.011071233
0.010913739
0.010666251
0.011169875
0.010847045
0.0103792865
0.010444806
0.01095771
0.010991678
0.011424584
0.010799298
0.010736136
0.010963116
0.011202548
0.01104624
0.011123292
0.010768248
0.010901279
0.010562959
0.010391875
0.010023982
0.009972615
0.010062917
0.010069853
0.010196762
0.011757837
0.012262866
0.012253063
0.012360844
0.012370658
0.013247941
0.013066921
0.012180975
0.012321314
0.0122063905
0.012166742
0.011809209
0.011179649
0.01138074
0.011325719
0.010909284
0.0111720655
0.010858859
0.01095724
0.011097854
0.010977874
0.010900168
0.010581797
0.010375977
0.011016683
0.010685291
0.010957925
0.010871694
0.010586004
0.010729361
0.010551671
0.0102398265
0.009961385
0.009928085
0.009545691
0.009411714
0.009684059
0.0099019045
0.010211447
0.010269737
0.010993958
0.010598873
0.010892175
0.011277391
0.010997349
0.0109244585
0.01112138
0.010945354
0.011120556
0.010984227
0.010761209
0.010871979
0.010417541
0.010706629
0.010524858
0.0107510965
0.010598195
0.010872654
0.010822242
0.011103441
0.010924632
0.010902188
0.010796352
0.010381773
0.010641112
0.010597617
0.011446775
0.01109527
0.011257617
0.011203738
0.011260657
0.010795114
0.011414801
0.0104894275
0.010443763
0.010153024
0.0099966405
0.010218843
0.009987859
0.01016362
0.009755554
0.009768636
0.009858086
0.010138589
0.010336273
0.0106472485
0.010790607
0.010900854
0.010952274
0.010919152
0.010872751
0.010462615
0.010522233
0.010874143
0.010888035
0.011210753
0.0116202645
0.011462124
0.011721336
0.011324767
0.011456579
0.011131207
0.010995389
0.010899481
0.011295459
0.011174845
0.01165988
0.011451727
0.011283885
0.011601465
0.011886396
0.011464177
0.011684212
0.012239148
0.011929433
0.012771339
0.01243568
0.012345362
0.012672278
0.012451755
0.011876872
0.01231734
0.0116167
0.011345894
0.010958775
0.01101435
0.011072329
0.010588232
0.010829029
0.010509395
0.011831467
0.012137134
0.011766971
0.011662401
0.011764499
0.011858013
0.011822008
0.011487277
0.010837033
0.0109088
0.010726052
0.0106534
0.010094828
0.01005191
0.009935501
0.010191535
0.009877452
0.009617152
0.009960806
0.010290258
0.010907214
0.0102305105
0.010227652
0.010108786
0.010144329
0.010233889
0.010453701
0.009958596
0.010092335
0.010732425
0.010597059
0.010590556
0.010634024
0.010720431
0.010485671
0.010660194
0.010857894
0.010885777
0.011004381
0.01145996
0.011257814
0.010947594
0.011268508
0.010972151
0.010626394
0.0107761
0.010624963
0.011501268
0.012152615
0.01220698
0.012531417
0.0129836835
0.013187011
0.012689698
0.01297984
0.011865303
0.011550845
0.011202833
0.010969716
0.010838839
0.010728823
0.011123584
0.0106831435
0.0104402
0.010818752
0.010887233
0.011223418
0.01090856
0.010829848
0.010902932
0.0105517525
0.010778974
0.01082158
0.011006092
0.011164544
0.010877936
0.010331371
0.010296579
0.010283502
0.010072506
0.010030938
0.010257666
0.0100589795
0.01022715
0.010880338
0.011037356
0.011518818
0.012144876
0.012446397
0.012458397
0.012302643
0.012451237
0.012222517
0.011830012
0.011463772
0.011232571
0.011159106
0.0113316765
0.011830181
0.012114119
0.012250506
0.012357747
0.012172889
0.012334699
0.0121495025
0.0115295
0.011062422
0.010741145
0.010716879
0.010615221
0.01077759
0.010776059
0.0111668
0.011546396
0.011747246
0.012329991
0.012181608
0.012119531
0.011837626
0.011832595
0.011453591
0.0118283825
0.011445186
0.011087775
0.011110144
0.011129349
0.011338161
0.01115953
0.011304038
0.011440906
0.011818481
0.011883576
0.013452842
0.013402421
0.012846493
0.012587762
0.013315227
0.01267895
0.012537458
0.011520015
0.0103043085
0.010438273
0.010916476
0.010948869
0.0106832525
0.0108047305
0.01133905
0.011624866
0.011731459
0.011624364
0.011477165
0.011276796
0.011308285
0.011454927
0.010844951
0.010948658
0.011239581
0.011243712
0.010860483
0.010693938
0.0105313575
0.010279725
0.010623961
0.010756176
0.010293931
0.010352549
0.010467703
0.010669518
0.010837573
0.010956715
0.011039251
0.01113239
0.011750844
0.011301642
0.010785682
0.010624309
0.010572754
0.010813992
0.010672738
0.010800955
0.011045116
0.011422968
0.011767412
0.011627453
0.011570058
0.011585403
0.011641647
0.011594996
0.01150346
0.010946081
0.010739027
0.011160745
0.011407292
0.011455506
0.0115166055
0.011102572
0.011352535
0.01157704
0.011839115
0.0114420885
0.011076744
0.010887296
0.010724442
0.010919472
0.011119219
0.0109170275
0.01071035
0.0107887
0.010965304
0.0108745545
0.010982111
0.010694851
0.010566319
0.010393031
0.0103965085
0.010336953
0.010390178
0.010127671
0.010434895
0.010628626
0.010886812
0.010787918
0.011171201
0.01119423
0.011596287
0.011980134
0.011828261
0.011452521
0.011689673
0.012046888
0.012111996
0.012007615
0.011745401
0.012214449
0.012121956
0.012245855
0.012101342
0.012045722
0.01188023
0.0120296795
0.012078483
0.012227533
0.012160346
0.011895398
0.0117761055
0.011889956
0.011897565
0.011696356
0.01153865
0.011489247
0.011958703
0.011580883
0.0115345195
0.01148083
0.011633586
0.012331126
0.012491146
0.012704608
0.012936121
0.013668934
0.013377409
0.012941692
0.013019561
0.012561832
0.012239502
0.011823288
0.011214343
0.010837559
0.010829879
0.011015533
0.010900648
0.010525207
0.010529115
0.010452637
0.010769412
0.010617099
0.011413203
0.011462022
0.011551841
0.011598475
0.012049139
0.012210465
0.011644967
0.012165877
0.012042063
0.0115545895
0.011338571
0.011434278
0.010775118
0.01085436
0.011025325
0.011780042
0.011628632
0.011651492
0.01135842
0.0113708
0.0110329455
0.011550551
0.011392555
0.011878494
0.011689981
0.011628438
0.011618917
0.012074868
0.012652801
0.01227925
0.012377945
0.012033925
0.011684003
0.011206367
0.011292902
0.011013335
0.010575933
0.010467662
0.010386719
0.01067811
0.010786144
0.010840749
0.010534907
0.011067548
0.011558524
0.011913892
0.0126262
0.012552664
0.01165264
0.011723154
0.011510649
0.011767278
0.011170726
0.010470368
0.011493855
0.011279212
0.011625961
0.011828179
0.011437216
0.0112205595
0.011357775
0.011200166
0.011372838
0.009673253
0.009629535
0.009873811
0.009630007
0.009851959
0.009873121
0.010090626
0.010513944
0.010761087
0.0112163
0.011490933
0.011805886
0.011849398
0.011851066
0.011578227
0.011498943
0.011764268
0.0116362
0.011574635
0.011371044
0.012071257
0.012053204
0.012751962
0.012955555
0.012769769
0.013090843
0.013875124
0.0142751355
0.01282275
0.012323214
0.011801107
0.011314413
0.011134832
0.010933033
0.010579099
0.009884645
0.010181496
0.010174841
0.01014884
0.010448198
0.010531129
0.0104171345
0.010436904
0.010090601
0.0104743745
0.010556716
0.010888958
0.01092648
0.011002727
0.011096395
0.010984281
0.010582015
0.010509957
0.01061021
0.010498042
0.010071625
0.010264106
0.009979093
0.010008436
0.010136325
0.010338018
0.010670287
0.010779397
0.01115479
0.011441498
0.01131736
0.0116990525
0.011554699
0.011737572
0.01195106
0.011955952
0.012004931
0.012112388
0.012167362
0.01199369
0.011543524
0.011516939
0.0116991345
0.01146358
0.011138018
0.010938938
0.010618796
0.010441768
0.010919755
0.010749255
0.011109052
0.010708739
0.0112030795
0.011727295
0.012065061
0.011886087
0.012530232
0.012481012
0.012667182
0.0125797875
0.012430207
0.012384869
0.0124776075
0.01233611
0.0120711345
0.011261741
0.011234905
0.01137256
0.011097399
0.011111593
0.011019946
0.0106759565
0.010628084
0.011056031
0.011458964
0.011705736
0.011537233
0.011619804
0.011824944
0.011359422
0.011467062
0.011231561
0.01109791
0.0109431
0.011081859
0.011901999
0.012079064
0.011820117
0.012098312
0.011810883
0.011728852
0.011537781
0.011588638
0.010858582
0.01069512
0.009771125
0.010104557
0.009958732
0.010039884
0.00998131
0.010205692
0.010257451
0.010079695
0.01017985
0.01045188
0.01064801
0.010891707
0.010816933
0.01078843
0.010752479
0.010813746
0.010636225
0.010884342
0.010946645
0.01092956
0.010925356
0.01085889
0.010887657
0.01111833
0.011238275
0.011466599
0.011774606
0.011981482
0.011900524
0.012065851
0.0122311255
0.012301042
0.012388841
0.012196259
0.01210874
0.011607023
0.011647954
0.011882395
0.011723255
0.011593352
0.0114472
0.011527557
0.011217624
0.011548899
0.011736283
0.011692577
0.011045939
0.011689528
0.011224645
0.010927146
0.011118342
0.011345854
0.011234442
0.011238969
0.011216916
0.011835008
0.011346022
0.011830052
0.012333298
0.011998951
0.012165024
0.011884456
0.01146753
0.011679212
0.011375989
0.011436388
0.011004404
0.01088491
0.01092429
0.010838744
0.011000861
0.0110815745
0.010951412
0.010883471
0.010792458
0.010881475
0.011183409
0.010895868
0.010803769
0.010537468
0.010753966
0.01100877
0.011009239
0.010854556
0.011332562
0.010796324
0.011043639
0.011323375
0.011435127
0.011773161
0.011903019
0.011484662
0.011634024
0.010864533
0.010992231
0.011268727
0.01110253
0.011120567
0.011171551
0.011053012
0.011521733
0.0113245
0.0119514745
0.012081275
0.011448013
0.011972879
0.011853449
0.011721153
0.011974488
0.011681435
0.011789815
0.011410146
0.011275403
0.011320464
0.010990218
0.011205995
0.011020593
0.0113746105
0.011082158
0.011573457
0.011523938
0.011675352
0.012244943
0.011814765
0.011859092
0.012325422
0.011571122
0.0118989805
0.011406181
0.011488783
0.011337435
0.011128905
0.011623991
0.011413299
0.010996151
0.011473844
0.011477928
0.0112072565
0.011358636
0.011174584
0.011433758
0.011074023
0.011082429
0.011297181
0.011006046
0.010809486
0.0107056955
0.01111498
0.011347377
0.011748199
0.01105424
0.011220829
0.011095934
0.011065691
0.011341854
0.011153361
0.01123396
0.011049744
0.010506497
0.010145506
0.010128179
0.009994967
0.010236337
0.01016157
0.010049268
0.009956724
0.009798652
0.0101249125
0.010440603
0.010695322
0.010718339
0.011069839
0.011522734
0.011520229
0.011655909
0.0118824225
0.012490064
0.011997641
0.011621969
0.011641884
0.011918189
0.011770266
0.011216965
0.010812869
0.010915554
0.011028176
0.010672259
0.010755923
0.010707644
0.01099675
0.010947212
0.011313198
0.011050256
0.01102824
0.010905303
0.010824836
0.0108701475
0.011113487
0.011352155
0.011489655
0.0114600565
0.011630469
0.011918815
0.011694523
0.011635284
0.011992216
0.011876405
0.01160915
0.011391636
0.0115351835
0.011429288
0.01167866
0.012250097
0.012670748
0.012122551
0.011915931
0.011752665
0.012108788
0.01180997
0.011755974
0.0113476105
0.010926092
0.010357082
0.010014576
0.010300432
0.0103160525
0.010724813
0.010486175
0.010558397
0.010594752
0.010504606
0.010937606
0.011466316
0.011045158
0.011374068
0.011184911
0.011347659
0.011213967
0.011301175
0.011413449
0.011549131
0.011639698
0.012244605
0.012049828
0.012102965
0.012120821
0.012205704
0.01192157
0.011815171
0.011554442
0.011581762
0.011312639
0.011527227
0.01144114
0.011290696
0.011300064
0.010830168
0.010964686
0.011193328
0.011366281
0.011231106
0.011428127
0.011398753
0.011193406
0.011505941
0.011500662
0.01194418
0.011739878
0.011384255
0.011328309
0.011375816
0.0116408905
0.013653898
0.014175371
0.014022626
0.015040189
0.015321013
0.015774608
0.016186852
0.01589827
0.015819946
0.014454428
0.01211049
0.012376023
0.01264292
0.0123074595
0.011765593
0.01160123
0.011723775
0.011843879
0.01188175
0.012092946
0.011697942
0.011571238
0.011580383
0.011525104
0.011896893
0.012025213
0.01188356
0.01248393
0.012195096
0.012158095
0.012103495
0.011973921
0.011712835
0.011825125
0.011967446
0.011882183
0.011686438
0.011473695
0.011390934
0.011529727
0.011645356
0.012184389
0.011909822
0.012205762
0.011988969
0.011328563
0.011262935
0.011594653
0.011333634
0.01153484
0.011326888
0.011040544
0.011299168
0.011766965
0.011496598
0.012197873
0.012546378
0.011762232
0.011672252
0.011715389
0.011544616
0.011355266
0.012151325
0.011789857
0.011432885
0.010950595
0.010819581
0.011271301
0.011663474
0.011526576
0.011476385
0.011379684
0.0115983
0.011333049
0.011352774
0.011436938
0.011572656
0.011221771
0.0108435005
0.010474731
0.010327714
0.010603326
0.010922087
0.010861169
0.010877992
0.011255171
0.011061145
0.010842247
0.011148118
0.011240767
0.011937704
0.012063169
0.012131731
0.012094762
0.012017174
0.0115543585
0.011442124
0.011287805
0.011681021
0.011530728
0.011472435
0.011120125
0.011628895
0.011533591
0.011955495
0.012311803
0.012670983
0.013130581
0.012916243
0.0133969225
0.013829969
0.014135839
0.013994728
0.013440126
0.013173834
0.012500561
0.01259056
0.012796885
0.012536388
0.012424597
0.012642133
0.012283233
0.012523994
0.012124104
0.011528868
0.0116895735
0.011519977
0.011605316
0.011569678
0.0121968435
0.012088414
0.011638236
0.011663858
0.012029009
0.012740938
0.012907807
0.012964131
0.013623293
0.0137958
0.013172132
0.012817014
0.012913323
0.012673523
0.012521195
0.012646451
0.012832249
0.012666633
0.012055929
0.011922575
0.012342893
0.012885906
0.012551221
0.012691315
0.012341477
0.011973199
0.011468516
0.011429165
0.0112823965
0.01149948
0.01150839
0.011232243
0.011274716
0.01128812
0.01095523
0.0108633395
0.010970465
0.011360617
0.011285342
0.011102389
0.0106325075
0.010686864
0.010403821
0.01095431
0.011221669
0.011268978
0.011995807
0.011907715
0.011811323
0.011962313
0.012376733
0.012358753
0.012411479
0.012727804
0.012736005
0.012083695
0.012529953
0.012195779
0.012205588
0.012156185
0.0120265605
0.011599677
0.011803251
0.011773789
0.011639081
0.011361483
0.0114860805
0.011135995
0.011032065
0.0111297285
0.010958865
0.011393989
0.01172425
0.011632595
0.011665164
0.012019483
0.012108645
0.012304955
0.012904313
0.013162558
0.013663135
0.013399325
0.013478572
0.0134782875
0.014792675
0.014257078
0.013964813
0.013698277
0.012816651
0.012156956
0.011875652
0.011562092
0.01203164
0.011853772
0.011815612
0.010648173
0.010682487
0.010919129
0.011321137
0.01146231
0.011271762
0.011362555
0.011550075
0.01106009
0.011417549
0.011474042
0.011969639
0.0124197835
0.012040867
0.012336846
0.01226774
0.012596033
0.012578403
0.012579487
0.012382138
0.012419142
0.012227565
0.011781503
0.011440134
0.011621837
0.011163245
0.011159331
0.011391239
0.011147196
0.0111920955
0.011547908
0.011208295
0.011248231
0.010999537
0.011995696
0.012350487
0.012547159
0.012682629
0.012155022
0.012312442
0.012517225
0.012111139
0.012354602
0.012323414
0.012533756
0.011851681
0.011379754
0.011340704
0.01129476
0.0113996565
0.011270348
0.011164326
0.010951404
0.011033313
0.011008071
0.011096992
0.011286499
0.011517006
0.011304426
0.011964802
0.012032367
0.012079633
0.0118285995
0.011978001
0.01188786
0.012122374
0.012483743
0.011922999
0.011703675
0.012663663
0.012224892
0.011882258
0.011951852
0.0126306135
0.012740524
0.012717972
0.012453094
0.011856146
0.011678956
0.011988395
0.01165048
0.011146214
0.011122459
0.011013353
0.0123321805
0.012052936
0.011867778
0.011977552
0.012001097
0.012392186
0.012072979
0.012280308
0.012357113
0.011909406
0.011949118
0.012435042
0.012579043
0.011497168
0.011827345
0.011616981
0.011562445
0.012056625
0.012034845
0.012384345
0.012652055
0.012911981
0.012260178
0.012298605
0.012938882
0.012847388
0.013160254
0.013043968
0.012834343
0.012654654
0.012269111
0.012431117
0.012356618
0.012646285
0.012519359
0.011663141
0.011376895
0.011314779
0.011357276
0.011425692
0.011525329
0.0113959545
0.011522983
0.0112131415
0.011113144
0.011583729
0.011557239
0.011598316
0.011830128
0.011643769
0.011587763
0.011795328
0.012063557
0.012367636
0.012318302
0.012596651
0.012700175
0.01206731
0.01196074
0.011996304
0.01225921
0.012446637
0.012687807
0.0121864285
0.011877155
0.0124226175
0.012390199
0.0126598
0.01282834
0.01277937
0.012817971
0.012613358
0.0123892445
0.012330051
0.012681745
0.012562433
0.011948761
0.011795763
0.011671023
0.01130764
0.011004544
0.011060533
0.011178904
0.011379142
0.011659168
0.01153747
0.011319361
0.01164572
0.011908722
0.011767881
0.011431121
0.011819703
0.0121931005
0.012396083
0.012291702
0.011937368
0.01165499
0.011402906
0.011435835
0.011223876
0.010740406
0.011108102
0.011580664
0.011404979
0.011066339
0.0108229965
0.010705291
0.010722456
0.011285784
0.011123335
0.011116558
0.012130919
0.012616056
0.011965292
0.011973791
0.012060892
0.011964411
0.012314215
0.013015297
0.013192492
0.012693527
0.012921366
0.013130898
0.0120153045
0.011348321
0.01139296
0.01149906
0.011173148
0.011751521
0.012694617
0.012147408
0.012068777
0.01219967
0.012088199
0.012184641
0.012960345
0.013034915
0.013286461
0.013007421
0.013027201
0.012960378
0.012669398
0.01200344
0.0125122545
0.012066046
0.011878125
0.011629796
0.0117012635
0.012449412
0.012673806
0.013280246
0.01317374
0.013095487
0.013298619
0.0130169345
0.012974898
0.013234629
0.01318593
0.013334015
0.012691067
0.012196335
0.011599496
0.011878757
0.011564145
0.011602446
0.011322984
0.011438431
0.011784838
0.011817381
0.011755868
0.011708352
0.01219737
0.012696093
0.012630851
0.012569767
0.011930599
0.012328304
0.012647217
0.012738804
0.012320416
0.0124329245
0.012547851
0.012780589
0.012851047
0.012991059
0.0132685155
0.01289941
0.013061907
0.012815556
0.013041553
0.013054476
0.013352923
0.0130515415
0.013109435
0.012567928
0.013027117
0.012888075
0.013337189
0.013174923
0.013005597
0.01320434
0.013240938
0.013214267
0.01298455
0.013318723
0.013411322
0.01266083
0.0131316045
0.012917716
0.013109861
0.013288541
0.013031006
0.013176677
0.012786944
0.013086235
0.0127149
0.012814834
0.013030574
0.012575052
0.012369658
0.012150829
0.011877319
0.011842897
0.012139898
0.012764779
0.012440392
0.012434973
0.0122571755
0.0124643
0.012999661
0.012552993
0.012482893
0.0128053995
0.013321276
0.013085738
0.013077334
0.013048382
0.013101309
0.013125762
0.013612731
0.013144478
0.013580103
0.013690042
0.013591299
0.012802552
0.012065799
0.012133738
0.012215232
0.011976512
0.011866754
0.011313606
0.010952771
0.011085959
0.011077393
0.010987925
0.010905999
0.011528145
0.012251884
0.012597915
0.012850189
0.012681657
0.013057824
0.012993575
0.012495339
0.012546408
0.012489147
0.012612336
0.012568277
0.012830762
0.012029809
0.0116441455
0.011400144
0.011097996
0.011564706
0.011318082
0.011629245
0.011814136
0.01180173
0.011829013
0.011915523
0.011899196
0.012080298
0.012274351
0.012137082
0.013013286
0.01339766
0.013161492
0.01243023
0.012083755
0.011542956
0.011580713
0.011480333
0.011214364
0.01150774
0.011494412
0.01112784
0.01135311
0.011815262
0.010986649
0.011141002
0.011482935
0.011918982
0.01199892
0.012104184
0.01198499
0.012396029
0.012586257
0.012687258
0.012457855
0.012473343
0.012167337
0.012258393
0.012726938
0.012506094
0.013855001
0.014478034
0.014654976
0.014894462
0.014153983
0.014334952
0.014298884
0.0143492995
0.0143201975
0.014199333
0.014064409
0.014164331
0.01389116
0.012498099
0.012723197
0.01222734
0.012441113
0.012136143
0.012639099
0.012516536
0.012687197
0.012618112
0.0123007065
0.012314095
0.011895038
0.012540556
0.0126768695
0.012638051
0.012712634
0.012619333
0.013040147
0.012754137
0.012797188
0.0128472
0.012838469
0.012992728
0.012752992
0.012961166
0.0125643285
0.01243316
0.012167893
0.012108693
0.012417797
0.01246816
0.012518017
0.012451986
0.01253434
0.0126560135
0.013014915
0.013472712
0.013003426
0.012808789
0.013046687
0.0132252285
0.013349893
0.012949458
0.013032633
0.01291263
0.01326683
0.012954303
0.012528262
0.012121996
0.011905435
0.012542061
0.012797671
0.012867027
0.012364324
0.012181849
0.01255563
0.011948178
0.011540287
0.011767072
0.011675736
0.011920767
0.011948528
0.011524519
0.011395935
0.010791288
0.010607266
0.010574629
0.010502773
0.010550983
0.01041583
0.01037058
0.010714216
0.010389579
0.010509173
0.0103327315
0.010133694
0.010203678
0.010395054
0.010423427
0.011039768
0.011442417
0.011441867
0.011392429
0.011010299
0.011119449
0.011128498
0.01120036
0.011899856
0.01220507
0.012152076
0.011771518
0.011889548
0.011820964
0.01189345
0.011764114
0.011636114
0.0114357015
0.011823876
0.012234962
0.012286206
0.012304595
0.01224076
0.011816473
0.011849346
0.012245922
0.011988209
0.011963437
0.0116587635
0.011729993
0.011905302
0.011860771
0.012276982
0.012027188
0.012191266
0.012403896
0.0123385675
0.012466079
0.012451397
0.012548886
0.013213995
0.01299852
0.01316696
0.012891409
0.012503812
0.012483711
0.012645235
0.012654479
0.012170704
0.012199295
0.012098818
0.0120651135
0.012290295
0.012093791
0.011503156
0.011840682
0.012314236
0.012598969
0.012896941
0.012504531
0.012193929
0.011855703
0.012064119
0.012770567
0.012787661
0.012670884
0.012528851
0.011716457
0.0121585755
0.012259258
0.011853059
0.011256377
0.011004853
0.011367015
0.011448413
0.011411907
0.011754976
0.01173883
0.0114446925
0.011292981
0.011146559
0.011305159
0.011718835
0.011855374
0.011878549
0.011978694
0.012356731
0.013099522
0.013073008
0.013280262
0.0130550815
0.013152779
0.012894537
0.013202284
0.013057012
0.013283135
0.013088288
0.012745627
0.012444797
0.012958147
0.0131837195
0.013384533
0.0125689525
0.012503601
0.012312873
0.012251219
0.012288614
0.012065359
0.012234319
0.012026126
0.012276006
0.0120862145
0.012082706
0.011993388
0.011494375
0.011347893
0.01143943
0.011194988
0.011243237
0.011211794
0.011489472
0.011653953
0.01163816
0.011619374
0.011768214
0.011555613
0.011958271
0.011933004
0.011966632
0.01173689
0.011557272
0.011537137
0.012134213
0.012272534
0.012102342
0.012242721
0.012327761
0.01232188
0.012269105
0.01245118
0.012602038
0.012551728
0.01276822
0.012764542
0.012776406
0.012907741
0.013529096
0.013636278
0.013728602
0.014305934
0.013928525
0.014432974
0.014549437
0.014201557
0.013792289
0.013814202
0.013147356
0.012657609
0.012231251
0.012603524
0.012418088
0.011741008
0.011811784
0.012124967
0.01138679
0.011226724
0.011003438
0.010848954
0.010647681
0.010585043
0.010602252
0.011059067
0.011077974
0.011443791
0.011713779
0.0114535885
0.011401556
0.011386428
0.011273835
0.010795146
0.011382052
0.011317161
0.011405612
0.01119431
0.011424348
0.011768579
0.012015442
0.012144322
0.012279223
0.012499453
0.012325212
0.012790899
0.012719786
0.013137905
0.013153267
0.013160731
0.012493821
0.012288464
0.012401549
0.012775329
0.012570205
0.0121122645
0.01198834
0.011943825
0.012060468
0.012118773
0.012240591
0.012318499
0.012092854
0.012011863
0.012068917
0.012277689
0.012432019
0.012520809
0.01235039
0.012315184
0.012620077
0.012714694
0.012656184
0.012178592
0.012159484
0.0118148085
0.01128701
0.011365755
0.011321941
0.011124524
0.010949169
0.01103722
0.011341168
0.011162579
0.011183562
0.011160115
0.011246651
0.011002041
0.011080468
0.011266665
0.011463137
0.011269576
0.0115211075
0.011580261
0.011719158
0.012215968
0.012513306
0.012428696
0.012066962
0.011991398
0.012110529
0.011764815
0.01188805
0.011917613
0.011782151
0.011829606
0.012250182
0.012139953
0.0123810945
0.012251152
0.0122904
0.0120071005
0.011617645
0.011559408
0.011402866
0.01159661
0.011337725
0.01129384
0.011661937
0.011786725
0.01204366
0.011908127
0.012222554
0.011706989
0.011721578
0.011463559
0.011599478
0.011534733
0.011777138
0.011864002
0.012039544
0.012398668
0.013089757
0.0133748595
0.013205891
0.012968138
0.01314095
0.012579002
0.012569945
0.012541634
0.012547612
0.012240459
0.0129762385
0.013220457
0.012693856
0.01264313
0.012451987
0.012259907
0.011796456
0.012064129
0.011313201
0.011499184
0.011737915
0.011765269
0.012413831
0.013126434
0.013210648
0.013723139
0.01330126
0.012636201
0.0130387
0.01341751
0.013399919
0.013294263
0.013427409
0.012950232
0.012820138
0.012599713
0.012754843
0.012364814
0.011945857
0.011958571
0.011827583
0.010983292
0.011542641
0.011520772
0.01187572
0.012071562
0.012087406
0.012116055
0.012307899
0.012868286
0.012860599
0.0131004285
0.012895658
0.012726153
0.012750361
0.01340989
0.013006777
0.013118261
0.0135807805
0.013110956
0.012282494
0.012225417
0.012361178
0.0125292335
0.012975695
0.01322271
0.01284137
0.012828339
0.012683806
0.012749719
0.012726145
0.012952061
0.012510053
0.012375954
0.013518751
0.014050594
0.014373134
0.014735166
0.014697667
0.013942752
0.013398097
0.013215251
0.01316883
0.012994256
0.013070965
0.012995882
0.012923254
0.013009567
0.01268985
0.012836577
0.013253986
0.012999459
0.011961717
0.011520206
0.011189064
0.012134437
0.01218894
0.012534004
0.012103328
0.011761956
0.011316868
0.0113034
0.0117900735
0.011535
0.011981196
0.01225937
0.012747048
0.01272997
0.012534694
0.012738572
0.012797752
0.01288019
0.012876747
0.0127393305
0.011625859
0.0118782045
0.011966925
0.012090016
0.012642838
0.012663065
0.012675338
0.012880796
0.013032283
0.012753806
0.012466618
0.0121303415
0.012204272
0.012175635
0.012009925
0.012146179
0.012012748
0.012435283
0.012702548
0.0126386965
0.0125017185
0.012657416
0.012962785
0.013227604
0.013389769
0.0133016035
0.012963067
0.0134184
0.013635613
0.013644364
0.013537082
0.013236228
0.013129372
0.01343058
0.013964443
0.013804003
0.013309025
0.013399139
0.0133073665
0.01319441
0.0133557
0.012397868
0.012586701
0.012471491
0.012598069
0.012319021
0.012046622
0.012070456
0.01196391
0.01230532
0.0124426065
0.012089828
0.011969721
0.011403657
0.011297039
0.0111728385
0.011003507
0.011158876
0.011269753
0.01136983
0.011045244
0.011332834
0.011262216
0.011059378
0.01149545
0.011225501
0.0113652125
0.011281699
0.011275226
0.011535356
0.011324658
0.011492594
0.01139808
0.011509182
0.011884717
0.012199267
0.01269175
0.012438123
0.012278338
0.012285454
0.012376182
0.012052811
0.011995322
0.012249506
0.012186033
0.011671547
0.011801859
0.011560879
0.01157568
0.011478152
0.011359885
0.011169568
0.0110994335
0.010943251
0.011155194
0.0112127615
0.010892796
0.010427594
0.010437567
0.011214114
0.0113587575
0.011391634
0.011273697
0.011406029
0.011409067
0.011580053
0.011616941
0.011744538
0.011874439
0.011844507
0.012141906
0.011937936
0.011954779
0.011733721
0.011695194
0.012257071
0.012133614
0.012148273
0.0122498935
0.012214326
0.012197098
0.0120795
0.011249545
0.010841161
0.010899832
0.010804187
0.010592022
0.010630561
0.010560796
0.010583909
0.010382091
0.010485581
0.010855492
0.010772581
0.010671206
0.010795227
0.011340962
0.010812168
0.010742343
0.011849049
0.0121158995
0.012071377
0.01189849
0.011915961
0.011983665
0.01218388
0.012076579
0.011980736
0.012585539
0.012085839
0.011946564
0.011946506
0.011872658
0.012135713
0.012055253
0.011630215
0.011425012
0.011843658
0.0114453845
0.010897657
0.010838047
0.010960518
0.010937992
0.010854918
0.009761234
0.009773148
0.0100581115
0.010073302
0.010141709
0.010250536
0.0104125505
0.010110615
0.010097042
0.01037395
0.010577529
0.01054017
0.010325759
0.010302679
0.010247481
0.010662737
0.010542033
0.010530169
0.010600821
0.010551442
0.010899254
0.010986364
0.011013437
0.011040863
0.0112746805
0.011520082
0.011764935
0.011420805
0.011624312
0.0116586
0.011566632
0.011604367
0.012035764
0.01250262
0.012381526
0.01277627
0.012492336
0.012747577
0.012432246
0.012324872
0.013083159
0.013687992
0.013433194
0.013655872
0.013743931
0.012998194
0.012761484
0.012308245
0.012281473
0.012274581
0.012157129
0.011895085
0.011704528
0.011446027
0.011550467
0.011380513
0.011182866
0.010634705
0.01040255
0.010578189
0.010345283
0.0102940835
0.010413608
0.010328372
0.009710916
0.00958236
0.009944514
0.00958633
0.009552141
0.009826988
0.010051784
0.010155714
0.010074035
0.010008516
0.009977488
0.009982584
0.010204695
0.010441271
0.01082985
0.010630873
0.010680865
0.010947863
0.010932723
0.011208228
0.01161378
0.011756557
0.011681051
0.011631619
0.011649776
0.011794529
0.011883368
0.0116628865
0.011705333
0.011561265
0.011445265
0.01146308
0.011143031
0.011213856
0.011173827
0.011518704
0.011601153
0.0118322885
0.011338782
0.011369507
0.011130543
0.011100828
0.011051981
0.011059902
0.011124201
0.010908537
0.010773611
0.01097085
0.010788003
0.010625977
0.010762584
0.010848422
0.010767986
0.010837868
0.011235699
0.011183188
0.0112134125
0.011097803
0.010950008
0.011048892
0.01085328
0.010619775
0.0103141405
0.0106924595
0.010730268
0.010541513
0.010374619
0.010510859
0.010416247
0.010586626
0.010258318
0.010411049
0.010610986
0.010378515
0.010638413
0.010800547
0.0107940575
0.0104194265
0.010270951
0.010404457
0.010085633
0.010147933
0.010051054
0.010133922
0.010157102
0.010043533
0.011566239
0.011687314
0.011844416
0.012040409
0.012290076
0.012229984
0.0121265305
0.012458747
0.012321493
0.012119905
0.011918229
0.012013436
0.012457839
0.012600643
0.012372904
0.0121736005
0.012517409
0.012539562
0.012558472
0.012702396
0.012637856
0.012685076
0.013135591
0.0132818045
0.013324001
0.013050691
0.0114657935
0.011301969
0.0111520225
0.0111885145
0.01114753
0.011080068
0.010865458
0.011099187
0.011181885
0.011132224
0.011039675
0.010782389
0.010488751
0.010642515
0.010964215
0.010903832
0.010882072
0.010848519
0.010619899
0.010510452
0.010480396
0.010478876
0.010751937
0.010505985
0.010484077
0.010383942
0.01038893
0.010303014
0.010447297
0.010549975
0.010503227
0.010444809
0.010460873
0.010283038
0.010096474
0.010086792
0.010116876
0.009956698
0.010105743
0.010114676
0.010065086
0.009976305
0.009839092
0.00955027
0.009651373
0.009825282
0.009956194
0.010030452
0.009882143
0.009871738
0.009830414
0.009799781
0.009766322
0.00987447
0.010180336
0.010195596
0.010411114
0.010063437
0.009984484
0.01004419
0.009968049
0.010003924
0.010027699
0.010169256
0.010242887
0.010108333
0.010119426
0.010214514
0.010403046
0.010628036
0.010812909
0.010763119
0.010804673
0.01078766
0.01083191
0.010694976
0.010940818
0.010954289
0.010930527
0.011126956
0.010995711
0.010943328
0.010990592
0.010880859
0.010944939
0.011277989
0.011481994
0.0116497725
0.0118100885
0.01173334
0.01171009
0.011458721
0.011586619
0.011789806
0.011410066
0.011556523
0.011336356
0.011176348
0.011149846
0.011484084
0.011438451
0.011554457
0.011439928
0.011423772
0.011326015
0.011271176
0.010957457
0.011079505
0.011131815
0.011069297
0.0111675775
0.011054227
0.011110747
0.010802088
0.010687163
0.010791194
0.01100074
0.011090031
0.011299116
0.011037968
0.011090132
0.0111214565
0.011026943
0.010718182
0.0106721055
0.010711287
0.010799564
0.010531785
0.010473394
0.010330203
0.010323988
0.010377573
0.010352699
0.010329877
0.010229558
0.010506817
0.010438814
0.010275434
0.010150039
0.010366096
0.010297155
0.010253042
0.010557972
0.010682948
0.010472903
0.010467105
0.010173263
0.009992752
0.0101467455
0.010196808
0.010195214
0.0102168955
0.010392304
0.010552552
0.010677142
0.010680362
0.010726553
0.0109044
0.011289849
0.011480223
0.011084898
0.010938873
0.011324649
0.011396888
0.011327573
0.011258876
0.011381527
0.011342152
0.0110407015
0.010690664
0.010772832
0.010649055
0.010534594
0.010128317
0.010198927
0.010332788
0.01056825
0.01083658
0.011018841
0.0110162385
0.011320963
0.01148951
0.011358176
0.011309499
0.011568023
0.011475656
0.011599662
0.011557681
0.011649437
0.011666029
0.01162934
0.011482575
0.011544877
0.011212848
0.0110955
0.0111345565
0.011222628
0.011278253
0.011286795
0.011295747
0.011370032
0.011353519
0.011381658
0.011267045
0.011530998
0.011211195
0.011047386
0.011064833
0.0109305605
0.012106962
0.012011112
0.012117255
0.011990176
0.011788977
0.01212487
0.012182961
0.012090404
0.012084863
0.012170744
0.012158489
0.012250094
0.012395717
0.012436851
0.012442586
0.012724618
0.012209841
0.012216345
0.0122095095
0.012679391
0.01297837
0.013079072
0.012948944
0.013018293
0.012929536
0.012918229
0.01311436
0.0131549435
0.013304341
0.011854586
0.011662003
0.01141957
0.011293433
0.011043959
0.010778075
0.010593488
0.010607398
0.0105733685
0.010593983
0.010637141
0.010649324
0.010584566
0.010525089
0.01029979
0.010132918
0.010357649
0.010282737
0.010367469
0.01035247
0.010124008
0.010211013
0.010296267
0.010442269
0.010578291
0.01049325
0.010411006
0.010429219
0.010285015
0.010087277
0.010030869
0.010122517
0.010058286
0.010386032
0.01038244
0.0102510555
0.010380163
0.010463131
0.010690276
0.010670532
0.010876691
0.010832452
0.010737279
0.0108024785
0.011007252
0.01105637
0.011254637
0.011433701
0.011665608
0.011634206
0.011862146
0.011919548
0.012018871
0.012006938
0.012140018
0.011997181
0.012320679
0.012228372
0.012061883
0.011981165
0.011834597
0.011769985
0.011693578
0.012014657
0.011962826
0.01213161
0.012495101
0.012529804
0.012600778
0.0125793
0.012587701
0.012708555
0.012640927
0.01256247
0.012631365
0.01238936
0.012651412
0.012644285
0.012571902
0.012150545
0.011949539
0.011697429
0.0116445
0.011485767
0.011322639
0.0113662435
0.011142895
0.011058363
0.011102713
0.0112307435
0.011256378
0.011472383
0.011501296
0.011281823
0.011374404
0.011156924
0.011119361
0.01152819
0.011240376
0.011215583
0.01144523
0.011980504
0.012014605
0.012105298
0.012005241
0.011931073
0.011718065
0.011892245
0.0121069355
0.01210403
0.012326926
0.012566004
0.012404534
0.012465332
0.012155313
0.012088246
0.012191711
0.012352928
0.012414344
0.01235817
0.012357809
0.01236109
0.012440349
0.012504602
0.012623041
0.012754342
0.012916244
0.012846015
0.012360019
0.01230531
0.0123367645
0.012195741
0.011638756
0.011590372
0.011628612
0.011621281
0.011589465
0.011682196
0.011617055
0.011571284
0.01137257
0.011553614
0.011527418
0.011332509
0.011546408
0.01173198
0.0116499895
0.011449428
0.011538154
0.011594388
0.011322533
0.011579993
0.011489346
0.011257478
0.01115736
0.011036351
0.010931458
0.010749514
0.010756204
0.010685556
0.01071221
0.01108533
0.010906296
0.011024332
0.01122206
0.011487305
0.011301452
0.011384915
0.011250761
0.011330423
0.011252139
0.011247192
0.011661008
0.011672824
0.011755719
0.011983456
0.011857806
0.012144793
0.012046312
0.0121109495
0.011745912
0.011524516
0.011821186
0.012085003
0.011916786
0.011985899
0.012030169
0.01207917
0.0122094415
0.012550446
0.012596817
0.012768737
0.013024622
0.013020625
0.01249497
0.0126101
0.012446225
0.012254919
0.012304121
0.012219242
0.012461276
0.012443606
0.012443736
0.012355241
0.012376669
0.012186593
0.011943354
0.011666834
0.01180029
0.011726232
0.011604423
0.011623392
0.012026367
0.012381338
0.012226611
0.012507428
0.01271088
0.012826609
0.012836324
0.01276511
0.012317204
0.012288588
0.012112331
0.011942643
0.011840272
0.011839605
0.011902544
0.011616823
0.011492018
0.011537145
0.011777885
0.011785556
0.01184645
0.012101808
0.012138065
0.012422288
0.012736772
0.012846677
0.012888019
0.012839635
0.01252429
0.01257015
0.0137947565
0.013697643
0.013743836
0.013340163
0.01297354
0.012919181
0.013089777
0.012901479
0.013683268
0.013998063
0.013983235
0.013841055
0.013931612
0.014113272
0.01390806
0.01394294
0.014131376
0.014251612
0.014335926
0.0142415045
0.014165017
0.0138417585
0.013711604
0.013502009
0.0135769835
0.013514295
0.013199921
0.0130919665
0.012956487
0.013185504
0.013046849
0.013241275
0.012152454
0.012148178
0.012347743
0.012987957
0.012875773
0.012911461
0.013045349
0.013207045
0.012396091
0.012474333
0.012620205
0.012734572
0.012556725
0.013091433
0.013283138
0.013115452
0.01269135
0.012823637
0.012722967
0.013099684
0.01283909
0.012728598
0.012924739
0.012861425
0.0126992995
0.012503026
0.012394405
0.012439224
0.01275638
0.012428148
0.012472026
0.012798388
0.012527142
0.012603017
0.012658305
0.012604942
0.012507049
0.0121804075
0.012127268
0.011977529
0.012012966
0.011874447
0.011807445
0.011847236
0.011879874
0.011963147
0.011512037
0.011565715
0.011453813
0.011267424
0.01131212
0.011342171
0.011362816
0.011324013
0.011398234
0.011349457
0.011384349
0.011437684
0.011375094
0.011353819
0.011424098
0.011484085
0.011526613
0.011530538
0.011547222
0.01148765
0.011484293
0.011164353
0.011193192
0.011065806
0.011004767
0.011032814
0.010997641
0.011182313
0.011100561
0.010981414
0.0110832555
0.011119637
0.011282206
0.011388139
0.011289582
0.011151393
0.011229089
0.011302634
0.011321245
0.011355907
0.011391375
0.011336555
0.0116887
0.011895463
0.011879926
0.011984148
0.0120900385
0.012374568
0.012433001
0.012308862
0.012387696
0.012530315
0.012305045
0.012341872
0.012294196
0.012258342
0.012360469
0.012168478
0.012490516
0.012532096
0.012476061
0.012675074
0.012578057
0.012663065
0.012435011
0.012145999
0.012167519
0.01243652
0.012421801
0.012166583
0.012075318
0.012027035
0.01203059
0.011736731
0.012057823
0.011716222
0.01152613
0.011876218
0.011744718
0.011707063
0.011973593
0.011796992
0.011654764
0.011553458
0.011592912
0.011536264
0.011439242
0.011352064
0.011318053
0.011100771
0.011210942
0.011263935
0.011049179
0.0110432105
0.011082414
0.010959155
0.0109144775
0.011074031
0.010792513
0.01091505
0.010603595
0.010698475
0.010745652
0.010528586
0.010789388
0.010983959
0.01107577
0.010989038
0.01089184
0.01104163
0.011389405
0.011238725
0.011402932
0.011281549
0.011333316
0.011284382
0.01134729
0.011238216
0.011257241
0.01139952
0.011307065
0.011189047
0.0112373335
0.011351043
0.011296986
0.011255296
0.011074762
0.011170001
0.0114165535
0.011176898
0.011187494
0.011457625
0.01149367
0.011631132
0.01154571
0.0116777085
0.01201907
0.012097786
0.012360619
0.012416961
0.012515066
0.01295599
0.012862285
0.012941994
0.012944176
0.013739949
0.013305201
0.013315619
0.013324568
0.013149694
0.013190784
0.01311023
0.013454591
0.013569898
0.013563811
0.013812808
0.01416939
0.013924419
0.013972914
0.013950228
0.013662917
0.01359927
0.0134114595
0.013470389
0.013721803
0.013783394
0.0139697
0.013847279
0.014093849
0.014105194
0.013928447
0.013636243
0.013534424
0.013672511
0.013520356
0.0133345
0.013210612
0.013201917
0.012942334
0.013013246
0.013009706
0.012956969
0.01313669
0.012994229
0.012855689
0.012630031
0.012073326
0.012196698
0.012380942
0.011934219
0.011918459
0.012071983
0.0118797505
0.012075535
0.011890379
0.011995839
0.0118077975
0.012366516
0.012589105
0.012464546
0.012708798
0.013091216
0.013162937
0.013041653
0.013047672
0.013028549
0.013093804
0.013092512
0.012985195
0.01316503
0.013477505
0.013540865
0.013476245
0.01354854
0.013731842
0.01352492
0.013259489
0.013279759
0.01337446
0.013444447
0.013514114
0.013484032
0.013493078
0.013585088
0.013688857
0.013655223
0.014030331
0.013894961
0.014141234
0.013658688
0.014075534
0.014589291
0.014487005
0.014206213
0.014919257
0.014944992
0.014954181
0.0145608215
0.014690683
0.014646943
0.014698504
0.014375219
0.01439376
0.014329033
0.0139828995
0.01380202
0.01402281
0.013926772
0.013889578
0.013884969
0.013926336
0.014135302
0.014480608
0.014560015
0.01500417
0.0147578195
0.014735311
0.014399654
0.0143466685
0.014061944
0.013939609
0.013496005
0.01340092
0.013322653
0.013828229
0.014042447
0.013672299
0.014052241
0.014082749
0.013843801
0.013823819
0.01350268
0.012949157
0.012924152
0.013328759
0.012894153
0.012830956
0.012934122
0.0127866
0.01289764
0.012557568
0.012657303
0.012395024
0.012157717
0.012307714
0.012234758
0.012216187
0.0123856785
0.0127588175
0.012885058
0.012669312
0.012777323
0.012946801
0.012950291
0.012678028
0.012588505
0.012642734
0.012552711
0.012514845
0.012437009
0.012395929
0.012682778
0.012624844
0.012822786
0.012948591
0.012902374
0.013023093
0.0131986085
0.012583072
0.01252348
0.012477968
0.012478153
0.012556096
0.012593168
0.012469001
0.012469067
0.012711388
0.013150143
0.013013333
0.012753785
0.012668636
0.012865063
0.01278659
0.012903136
0.012651423
0.012856042
0.012897881
0.01299742
0.013233806
0.013287321
0.013203688
0.013173783
0.013091655
0.013065931
0.012978199
0.013017393
0.012918686
0.013229018
0.012757028
0.0124918595
0.012325381
0.01238673
0.012766769
0.012747972
0.012848208
0.012836328
0.012889875
0.01312266
0.013226642
0.013078475
0.013339436
0.013531537
0.01356367
0.013745894
0.0136605725
0.01371321
0.013796261
0.013952259
0.013769106
0.013869674
0.01407309
0.01439714
0.014285845
0.0138783585
0.013853726
0.013653811
0.013469119
0.013310821
0.01326597
0.013151891
0.013397337
0.013311089
0.0129116075
0.01289765
0.012839552
0.01281033
0.012741387
0.012963364
0.013000263
0.012915505
0.012940598
0.013085281
0.013182904
0.013343417
0.013318192
0.013487812
0.013437792
0.013762793
0.013889093
0.013872002
0.013704861
0.013823893
0.014025789
0.013761389
0.013902903
0.014047765
0.014155681
0.013949349
0.0140801305
0.01392011
0.013952499
0.013932991
0.014045084
0.013912957
0.01405407
0.014006673
0.013919253
0.01381025
0.013522041
0.013814195
0.014083919
0.014218145
0.014368403
0.014741789
0.014933895
0.015095757
0.015183098
0.015381941
0.015629733
0.015945323
0.015817365
0.016017655
0.015709547
0.015336582
0.015138523
0.015026251
0.015100612
0.015206747
0.015077169
0.015093295
0.015169709
0.015104957
0.014955671
0.014844748
0.014521526
0.014257164
0.0144349355
0.014364897
0.014190804
0.01429749
0.014115354
0.013828251
0.013950538
0.014102217
0.014122367
0.014117888
0.01404642
0.014025244
0.014305474
0.01422912
0.01399258
0.013594078
0.013343028
0.013538451
0.013618314
0.013516981
0.013651685
0.013608276
0.013412658
0.013456718
0.013521654
0.013263714
0.013272437
0.013316454
0.013295576
0.01324084
0.013124283
0.013140872
0.012971649
0.012931759
0.012975137
0.01300661
0.013272346
0.013530917
0.013548365
0.013570706
0.013639888
0.013606753
0.013655408
0.013515599
0.013512441
0.013415266
0.013501275
0.013529807
0.013641286
0.013677228
0.013857227
0.013546842
0.013499089
0.013130805
0.013218165
0.013085473
0.013317723
0.0133196525
0.013472301
0.013531238
0.013433426
0.0134496875
0.013081534
0.0130506875
0.0129266735
0.013027594
0.012867532
0.01277641
0.012770717
0.0127202375
0.012664867
0.012945232
0.013176765
0.013192651
0.0132500455
0.013215369
0.01315332
0.013208069
0.0133704655
0.013443393
0.01363127
0.013335867
0.013440833
0.013295833
0.013371073
0.013267663
0.013049766
0.013067248
0.013070151
0.01307731
0.013028522
0.013051002
0.013006686
0.012899259
0.0127623705
0.012857299
0.012775067
0.012892869
0.012847017
0.0129130455
0.0127318
0.012726116
0.012688602
0.012903778
0.012864631
0.013091271
0.013006665
0.01304329
0.013171079
0.013225166
0.013233445
0.013245535
0.013277261
0.013378654
0.013261841
0.013280806
0.01333814
0.013449461
0.013151292
0.012962123
0.013038163
0.01301606
0.0128346365
0.012820549
0.0127570415
0.012682949
0.012792292
0.012685141
0.012746306
0.012761001
0.012878244
0.012908149
0.012953815
0.013090247
0.013930317
0.0137873655
0.013792925
0.013944958
0.013800082
0.014031221
0.013869238
0.014470998
0.014539684
0.014828069
0.014914793
0.014549415
0.01445857
0.014443806
0.014200497
0.01427096
0.014175736
0.013933505
0.014128463
0.0142907
0.014022248
0.014236552
0.014366663
0.014447077
0.014484673
0.014375503
0.014204017
0.01417273
0.014307591
0.01418565
0.014095558
0.014224278
0.014254412
0.014217191
0.014120791
0.014021361
0.014073628
0.014009284
0.013850021
0.01399921
0.01399195
0.013955375
0.013760162
0.013660748
0.013728709
0.013896442
0.014152755
0.014017251
0.014032127
0.013841825
0.013516382
0.0134604275
0.013474309
0.013606224
0.013564061
0.013694392
0.013875002
0.013978509
0.014061458
0.014554755
0.014532851
0.014538451
0.014600479
0.014318578
0.014216148
0.014385267
0.014385582
0.01434877
0.014248253
0.014128874
0.013877774
0.013655025
0.013411341
0.012768212
0.012775227
0.012849188
0.012771784
0.012705414
0.012698845
0.012900388
0.012193106
0.012164649
0.012049824
0.012184876
0.012323564
0.012416127
0.012513834
0.012583394
0.012654006
0.012901717
0.013049492
0.012830647
0.013080482
0.013235269
0.012933297
0.013137464
0.013365579
0.0134393275
0.013682947
0.013603896
0.013608414
0.013762335
0.013778335
0.013871705
0.013879285
0.013601339
0.013481555
0.013533173
0.013582204
0.01353348
0.013608425
0.013607081
0.013598364
0.013617889
0.0136869745
0.0138741005
0.013853119
0.014073792
0.014108527
0.0140224
0.01393404
0.013911283
0.014441969
0.014567764
0.014943092
0.015049135
0.0150427185
0.0149701005
0.014834545
0.014956067
0.014842042
0.014782283
0.01469452
0.014679135
0.014549127
0.014444661
0.014379948
0.014666253
0.0147312125
0.014845579
0.0147091225
0.01480905
0.014782133
0.014752714
0.01461952
0.014646631
0.014757903
0.015061695
0.015197785
0.015559968
0.015842453
0.015991693
0.015956674
0.016031215
0.016183468
0.015940025
0.016113475
0.016408464
0.016216908
0.016430655
0.016507225
0.016489863
0.016488705
0.016727353
0.016614113
0.016647773
0.016695218
0.01656624
0.016309127
0.016122244
0.01605062
0.016327998
0.016133608
0.015864167
0.016013136
0.016000494
0.015736597
0.015811164
0.015525762
0.015543304
0.015147363
0.015061726
0.015255596
0.015137166
0.014956539
0.014977615
0.015090512
0.015068079
0.015412414
0.01573881
0.015615001
0.0154534085
0.015564236
0.01560807
0.015582255
0.015617667
0.015543117
0.01574796
0.015813056
0.0155387195
0.015485595
0.015527751
0.015279775
0.015208772
0.01505381
0.0150561
0.015174551
0.015121881
0.015198729
0.015153463
0.015156371
0.015043961
0.015219594
0.01510874
0.014938892
0.015078993
0.015000252
0.014985314
0.014945657
0.014940778
0.014930299
0.015022383
0.015208947
0.0150424745
0.015453888
0.015652282
0.015775237
0.015746841
0.015703727
0.01565875
0.015700364
0.015662562
0.015628193
0.015819365
0.015864596
0.015895514
0.015990878
0.015983406
0.01608076
0.01596423
0.016100492
0.01599898
0.016040873
0.016299607
0.016183788
0.016020427
0.016117062
0.015947996
0.015659377
0.015698498
0.015782082
0.015639996
0.015707456
0.015801573
0.015903324
0.015878938
0.015853103
0.015902586
0.015765162
0.01599646
0.016033614
0.015939094
0.016002346
0.015946658
0.016000642
0.015878052
0.015966335
0.016239159
0.016061498
0.015980834
0.01600394
0.016252778
0.016620493
0.016626818
0.016641865
0.01653508
0.016525764
0.016528716
0.016584387
0.016498797
0.01651189
0.016531842
0.016581075
0.016636282
0.017072668
0.016984435
0.016878856
0.01684821
0.016709227
0.016711833
0.016909255
0.017028244
0.016913902
0.01677285
0.016776277
0.016615925
0.016499614
0.016473906
0.016356448
0.016258795
0.01642368
0.016520431
0.01658352
0.016417274
0.016565116
0.016598979
0.016589787
0.016757661
0.016678585
0.016548855
0.016849276
0.016883217
0.016935382
0.016982425
0.01688585
0.016746603
0.016714098
0.017169032
0.017202029
0.017402831
0.01736914
0.01726842
0.017313333
0.017440142
0.017712398
0.017805884
0.018044457
0.01820531
0.018107982
0.0181612
0.01818319
0.018125316
0.018396946
0.0185202
0.018378863
0.018290088
0.018264826
0.018336803
0.018273192
0.018197656
0.018210867
0.018163485
0.018133014
0.017525647
0.017630275
0.017597862
0.017586976
0.017805077
0.017831726
0.017678937
0.017531417
0.017575566
0.018131506
0.01820805
0.018198118
0.018049082
0.01790525
0.017820787
0.017686395
0.01773196
0.017691532
0.017793091
0.017712781
0.017648054
0.017678672
0.017630544
0.017666617
0.017683482
0.017673375
0.017566668
0.017458897
0.017824322
0.017829211
0.017988512
0.017920436
0.017989201
0.017966239
0.018187815
0.018224558
0.018331422
0.018447695
0.018698221
0.018672321
0.018644627
0.018789457
0.018670468
0.018857438
0.01908959
0.019370142
0.01933525
0.019241937
0.019225808
0.019402916
0.019292643
0.019211369
0.01920705
0.01913313
0.020228444
0.020203725
0.020459617
0.020668503
0.020852758
0.020987041
0.021009414
0.021088073
0.021009712
0.021035977
0.02096601
0.020900303
0.020968493
0.020908175
0.020852001
0.020799907
0.020751832
0.020707725
0.020988828
0.0213182
0.021277633
0.021241156
0.021446044
0.021557393
0.021527946
0.021502625
0.0217136
0.021696264
0.021683026
0.02167387
0.021668786
0.021667771
0.021667771
0.021667771
0.021667771
0.021667771
0.021667771
0.021667771
0.021667771
0.021667771
0.021667771
0.021667771
0.021667771
0.021667771
0.021667771
0.021667771
0.021667771
0.021667771
0.021667771
0.021667771
0.021667771
0.021667771
0.021667771
0.021667771
0.021667771
0.021667771
0.021667771
0.021667771
0.021667771
0.021667771
0.021667771
0.021667771
0.021667771
0.021667771
0.021667771
0.021667771
0.021667771
0.021667771
0.021667771
0.021667771
0.021667771
0.021667771
0.021667771
0.021667771
0.021667771
0.021667771
0.021667771
0.021667771
0.021667771
0.021667771
0.021667771
0.021667771
0.021667771
0.021667771
0.021667771
0.021667771
0.021667771
0.021667771
0.021667771
0.021667771
0.021667771
0.021667771
0.021667771
0.021667771
0.021667771
0.021667771
0.021667771
0.021667771
0.021667771
0.021667771
0.021667771
0.021667771
0.021667771
0.021667771
0.021667771
0.021667771
0.021667771
0.021667771
0.021667771
0.021667771
0.021667771
0.021667771
0.021667771
0.021667771
0.021667771
0.021667771
0.021667771
0.021667771
0.021667771
0.021667771
0.021667771
0.021667771
0.021667771
0.021667771
0.021667771
0.021667771
0.021667771
0.021667771
0.021667771
0.021667771
0.021667771
0.021667771
0.021667771
0.021667771
