3083.3943
1177.9016
585.844
400.9773
309.587
253.7442
215.2059
188.13574
169.67825
150.23523
135.82576
124.229294
114.23875
105.78622
98.31135
91.97675
85.88946
81.28787
76.62311
73.0687
69.342064
66.0011
62.901127
60.115334
57.877663
55.35027
52.879642
51.17903
49.053715
47.555492
46.246395
45.08309
43.97448
42.313778
41.14764
39.976044
39.29076
38.369312
37.121616
36.174984
35.29837
34.612434
33.857815
33.10988
33.07542
32.74277
31.217451
30.520445
30.135004
29.536034
29.013744
28.578094
28.148556
27.592278
27.329905
26.884453
26.534388
26.398935
26.139858
25.401356
25.491964
24.8205
24.49953
24.076897
23.797342
23.605452
23.232018
22.830542
22.61536
22.374704
22.071333
21.792614
21.692709
21.50276
21.312527
21.01067
20.942085
20.551105
20.479244
20.237043
19.967205
19.900408
19.806301
19.474947
19.318356
19.241032
19.064907
18.987295
18.811638
19.2043
18.642258
18.513481
18.333353
18.130579
18.114191
17.913054
17.67548
17.792831
17.6902
17.324865
17.394302
17.283741
17.0845
16.985432
16.942719
16.82725
16.600832
16.49523
16.37419
16.369831
16.02476
16.037216
15.884152
15.892914
15.728541
15.645226
15.675276
15.412946
15.28262
15.167187
15.090926
15.075996
14.852143
14.695077
14.71624
14.5323715
14.565562
14.396989
14.259861
14.2272215
14.01277
14.009099
13.96403
14.017305
13.778142
13.778136
13.750732
13.571661
13.5682955
13.431802
13.353032
13.42651
13.146637
13.188426
13.1312
13.052043
12.895316
12.8758745
12.815757
12.70495
12.7005005
12.614504
12.599129
12.433139
12.463525
12.34482
12.268037
12.176779
12.297262
12.114156
12.082822
12.011264
11.927018
11.985882
11.789025
11.704525
11.631291
11.598944
11.554204
11.4689245
11.4104595
11.419423
11.387147
11.320723
11.262076
11.174449
11.16619
11.141635
10.907286
10.897161
10.775118
10.8197565
10.613342
10.512613
10.486264
10.48795
10.424051
10.27038
10.33509
10.216842
10.201338
10.308197
10.170488
10.015269
9.945757
9.926519
9.92403
9.849968
9.88888
9.851488
9.763175
9.781948
9.715046
9.745535
9.580489
9.527109
9.457079
9.430209
9.330432
9.223668
9.173976
9.126178
9.0584135
9.034468
8.965599
9.025352
8.908451
8.922166
8.934406
8.7776
8.754416
8.7934675
8.682684
8.680724
8.571388
8.508296
8.395068
8.482695
8.3913965
8.257964
8.230557
8.184687
8.154449
8.115761
8.138415
8.033107
7.940897
8.126451
7.9909034
8.013785
7.8495507
7.834515
7.8290834
7.73845
7.637608
7.6548114
7.6000037
7.590956
7.5690804
7.40985
7.428419
7.435752
7.405555
7.479265
7.374066
7.4139147
7.4117527
7.268898
7.3351645
7.2706785
7.180703
7.1585608
7.2269855
7.0718546
7.0438905
6.9597564
6.9599686
6.9332695
6.900269
6.914896
6.7514653
6.7680063
6.680803
6.6845317
6.7059317
6.761269
6.574008
6.5756326
6.4959974
6.471031
6.4776583
6.4124084
6.4062524
6.4146953
6.3889456
6.319272
6.3442073
6.2581882
6.376614
6.288895
6.1716547
6.191571
6.142716
6.1153216
6.130063
6.024541
6.0863276
5.9987245
6.0129304
5.9645996
5.9596205
6.034382
6.016821
6.0162745
5.9632525
5.936545
5.938134
5.8791413
5.8091245
5.868151
5.736977
5.8263874
5.686767
5.76845
5.6319723
5.704356
5.6267686
5.715088
5.569883
5.5444064
5.526443
5.550413
5.482549
5.374762
5.4059844
5.3449225
5.272736
5.3266997
5.286976
5.2404814
5.134526
5.1399493
5.1703005
5.074811
5.102286
5.048112
5.05455
5.0002885
4.9927697
4.9417996
4.9278126
4.942827
4.8527255
4.8230977
4.839091
4.763238
4.7315936
4.6862783
4.6919446
4.723145
4.7114162
4.6727204
4.657459
4.653257
4.6106615
4.650651
4.637978
4.539852
4.5799494
4.5565
4.562581
4.52924
4.5291677
4.4434
4.4024143
4.380966
4.401455
4.403266
4.3545375
4.3341446
4.3653474
4.348017
4.356218
4.3752875
4.324001
4.29319
4.2071786
4.2109346
4.1833186
4.344533
4.160479
4.0999236
4.1405344
4.114664
4.0824075
4.106698
4.010016
4.02453
3.9473374
3.9660301
3.9572697
3.8912323
3.9420512
3.8897142
3.9051049
3.8585098
3.8508961
3.8164194
3.8351917
3.8042488
3.7589712
3.7613137
3.776294
3.749189
3.7445078
3.7903013
3.7211967
3.7267628
3.662591
3.6191773
3.6510468
3.6395254
3.6204433
3.621707
3.6500545
3.62962
3.5622728
3.6068904
3.5486324
3.588838
3.517164
3.4830465
3.478798
3.4533134
3.44141
3.394412
3.4076972
3.3439918
3.3791625
3.3585129
3.4056776
3.31583
3.3322642
3.3598511
3.3338225
3.332748
3.295503
3.3568964
3.326055
3.2806346
3.2217808
3.215663
3.2381063
3.1977923
3.235256
3.22281
3.164126
3.109141
3.1701314
3.0856822
3.110891
3.1530023
3.1276553
3.098677
3.0761046
3.0994759
3.0804474
3.0773787
3.0069232
3.0180583
3.02395
2.9742973
3.0038404
3.0401511
3.0426118
2.9609776
2.9485462
2.893936
2.9633927
2.8699923
2.913706
2.9599977
2.8925292
2.8849773
2.8912847
2.8943164
2.8735948
2.8595943
2.8521817
2.7595425
2.8338647
2.7772932
2.762713
2.7626312
2.7481298
2.8176115
2.769247
2.7494614
2.763762
2.7001789
2.733967
2.7352395
2.666794
2.7291622
2.670971
2.6508937
2.7177014
2.613323
2.7197633
2.6445253
2.6070592
2.5457
2.6163497
2.5967233
2.6502595
2.5574985
2.474259
2.555802
2.5489557
2.5005293
2.4833686
2.520087
2.4640417
2.4595463
2.434423
2.4925768
2.4096105
2.467346
2.4026349
2.384532
2.3901246
2.3780708
2.359478
2.352918
2.3984637
2.4006124
2.4169507
2.379512
2.3894083
2.3847742
2.347261
2.344964
2.2747252
2.3573768
2.304097
2.297335
2.2521434
2.2323585
2.2949646
2.2801416
2.2706015
2.5166035
2.2090836
2.2642033
2.2873087
2.2909124
2.2159917
2.220082
2.2343106
2.1793158
2.2606921
2.2047284
2.14208
2.17247
2.1132777
2.1302972
2.124861
2.1352992
2.1255085
2.1167583
2.1882362
2.058339
2.0507457
2.0833874
2.0595417
2.0832627
2.0333993
2.0601578
1.9842768
1.9830058
2.0709918
1.9996914
2.0039518
2.0056083
2.0052824
1.9723663
2.0234175
1.9579159
2.002787
2.0050304
2.0088727
1.91516
1.9376341
1.9188975
1.9298645
1.8912094
1.9061064
1.9462507
1.9214935
1.9155445
1.8918747
1.8959353
1.917457
1.9291122
1.8437163
1.9260485
1.9204901
1.8238106
1.7960651
1.8322842
1.8341545
1.7887475
1.8042697
1.7603037
1.8180479
1.7460039
1.7483169
1.7987925
1.7461632
1.7514607
1.7362529
1.7997221
1.7314106
1.6943128
1.7231436
1.7154355
1.7164133
1.7035704
1.7072536
1.7118008
1.6977277
1.6795647
1.6597873
1.680579
1.688811
1.6352895
1.6305518
1.6264538
1.6519858
1.5863835
1.5997312
1.6132631
1.6448624
1.6366566
1.6092714
1.5853753
1.6103339
1.5722109
1.6185259
1.5359569
1.5625063
1.5857478
1.5542521
1.5776705
1.5324795
1.5561752
1.5424596
1.5572029
1.4871271
1.5458616
1.5045135
1.5149423
1.5598708
1.4796927
1.4612517
1.5229707
1.4929379
1.5069008
1.4939704
1.4436461
1.4667261
1.4750361
1.4666636
1.4346175
1.4488269
1.6835225
1.4297068
1.4655421
1.4089237
1.4206858
1.4166552
1.4085212
1.362866
1.4703021
1.3740578
1.3853446
1.4289566
1.3569249
1.4042127
1.4235747
1.3653016
1.382004
1.3377285
1.3505275
1.3571274
1.3140234
1.3310081
1.3705082
1.3203826
1.3269053
1.3103077
1.299999
1.3171396
1.287947
1.266045
1.2868465
1.269463
1.2725439
1.2844958
1.280757
1.2698251
1.2890348
1.2795619
1.2706792
1.2335752
1.2411067
1.2600596
1.2381171
1.1997894
1.2052674
1.2302525
1.1932067
1.1956989
1.2069265
1.1996428
1.23412
1.2207975
1.2265713
1.2246752
1.1906756
1.2596773
1.2317328
1.2516838
1.2280921
1.2087983
1.2120214
1.1855052
1.1804135
1.199223
1.1591519
1.2220926
1.1831968
1.1854851
1.1748297
1.2971778
1.176989
1.1466186
1.1559585
1.1720656
1.1284851
1.1197138
1.1394162
1.0988109
1.1282842
1.1307338
1.1414006
1.1117696
1.1403817
1.1266681
1.1580355
1.117704
1.1042922
1.1236748
1.1244336
1.1258374
1.1239027
1.0623196
1.0819118
1.0752597
1.095785
1.1409235
1.0870007
1.075642
1.0550352
1.0690029
1.0951737
1.063623
1.0256791
1.0621072
1.0280375
1.0369843
1.0454414
1.0734171
1.0107895
1.0581101
1.0637162
1.0630945
1.1398053
1.1125244
1.0626864
1.1125711
1.0468005
1.037887
1.0491428
1.0272374
1.0233359
1.0281135
0.99501586
1.0639374
0.970211
1.007106
1.0363792
1.0530754
1.0000361
0.97791
1.0232693
1.0156171
0.9809389
0.9618173
0.97727233
0.9796281
0.95743656
0.9336129
0.9498245
0.9473061
0.93961984
0.930552
0.9219778
0.9246438
0.9669431
0.9555379
0.98247725
1.0371627
1.0379034
0.97118825
0.9601949
0.96897036
0.91232586
0.93947524
0.9240978
0.98829406
0.9134093
0.91084075
0.8754094
0.9310732
0.91816795
0.8977233
0.87522316
0.88485503
0.88288206
0.8768776
0.8820353
0.86604196
0.8946497
0.9210383
0.86695874
0.84506637
0.843
0.8777309
0.8544581
0.8781339
0.8824777
0.8200116
0.87351954
0.8386898
0.85998607
0.8497177
0.81241703
0.8224795
0.8329658
0.84656525
0.84547764
0.84987307
0.8389078
0.8296281
0.81794024
0.8443733
0.93480605
0.94796795
0.9888784
0.9594124
0.84718
0.87665397
0.83123773
0.8052758
0.8343148
0.8443469
0.7957242
0.795705
0.8426875
0.77505046
0.79264027
0.81821716
0.80363977
0.7932261
0.7962268
0.766959
0.78143126
0.769297
0.8061418
0.7688803
0.811401
0.78132254
0.7950477
0.7696259
0.8001413
0.77271277
0.74874324
0.7385423
0.7791907
0.7805227
0.8327113
0.76394975
0.79914653
0.7505795
0.8312188
0.7863025
0.8254309
0.7772288
0.74809414
0.7318581
0.74844664
0.7252045
0.7459906
0.75416887
0.7477788
0.74554205
0.76385987
0.7378851
0.78209853
0.7811655
0.7828871
0.6967818
0.7355753
0.72638154
0.7030658
0.7197817
0.70663846
0.7064626
0.6890959
0.7519669
0.71473265
0.7034191
0.68532354
0.67226124
0.6999732
0.70747524
0.7257136
0.67394423
0.7326091
0.7205399
0.67331886
0.7070166
0.6975723
0.72809213
0.68283755
0.7356619
0.8309776
0.6948315
0.73241365
0.69870496
0.6754279
0.7040205
0.6755225
0.6722129
0.7465475
0.67622584
0.65014434
0.661398
0.6924758
0.7158486
0.72779495
0.6730651
0.66101366
0.67586434
0.6839151
0.70710146
0.7253003
0.6985141
0.6948474
0.67370915
0.69375
0.70868933
0.6651135
0.6880153
0.705615
0.66166586
0.6630088
0.6739191
0.6471065
0.64478874
0.7100053
0.66065407
0.6408359
0.64499545
0.74179167
0.64452004
0.6472717
0.6293588
0.61230415
0.6685637
0.6337795
0.6244217
0.6473704
0.62555796
0.6422401
0.627526
0.6243261
0.6380951
0.61704946
0.61422634
0.5916359
0.59823114
0.64052427
0.6088548
0.6096821
0.73160046
0.6776667
0.6824328
0.66461843
0.6463939
0.6535087
0.65353656
0.6210151
0.65547204
0.62782764
0.6220918
0.6459688
0.58246243
0.603469
0.6559958
0.61277723
0.62597764
0.63074154
0.5718296
0.6186143
0.6285751
0.5781213
0.6038633
0.59959537
0.5790288
0.6107354
0.60621744
0.59943515
0.6054347
0.60725707
0.5699256
0.5904171
0.5863472
0.5880076
0.6047193
0.5925217
0.56339216
0.6086213
0.6786965
0.5965252
0.5693129
0.57524127
0.5571516
0.5592218
0.52946067
0.57708603
0.55595845
0.5809122
0.53434145
0.57176477
0.57167095
0.57924044
0.52374786
0.57256097
0.57442427
0.5679696
0.60106134
0.7020409
0.6313493
0.6275332
0.57314074
0.6288411
0.6029788
0.6102702
0.6032216
0.6368537
0.89307886
0.74238014
0.6149864
0.55869746
0.61265653
0.57260674
0.57646513
0.56507933
0.59958375
0.60343176
0.6059272
0.58256316
0.56232077
0.56156844
0.576342
0.5339134
0.5512927
0.5606269
0.5990391
0.6218745
0.5748148
0.56709975
0.5071674
0.69804513
1.0368931
0.5490739
0.5577264
0.58063483
0.50735223
0.6120369
0.5915364
0.5196612
0.5293256
0.53018534
0.5241641
0.53647244
0.5392972
0.5515033
0.5602549
0.52976716
0.5330697
0.5096154
0.5384433
0.5368804
0.65097386
0.56923944
0.55135626
0.6152013
0.57138443
0.5653952
0.55871135
0.5869249
0.584293
0.59579283
0.5837038
0.5257164
0.51768917
0.531723
0.57379234
0.5483443
0.5419652
0.5015491
0.55497605
0.5839036
0.5876702
0.57527345
0.6590499
0.5384787
1.0390731
0.9276176
0.49985078
0.5198007
0.6196872
0.5396289
0.50671643
0.5345217
0.49726665
0.49775273
0.6196694
0.5692566
0.54314846
0.46006945
0.5399292
0.507172
0.53099215
0.5656057
0.46913752
0.47317463
0.4673869
0.54090333
0.49577197
0.47108376
0.48260042
0.5707079
0.48181218
0.51965463
0.49878198
0.51502585
0.4754233
0.5986772
0.468467
0.4846072
0.43988353
0.47573882
0.4830714
0.50025076
0.49360958
0.48762283
0.48168215
0.49068487
0.49556863
0.4721536
0.52376664
1.14223
0.6320502
0.51403874
0.53623974
0.50134563
0.52427655
0.46117777
0.5199979
0.46658942
0.50348085
0.52156055
0.46075398
0.4729043
0.45629054
0.46418825
0.435995
0.47140294
0.4780351
0.43193778
0.45161563
0.43853015
0.4700509
0.45131463
0.46692806
0.44024333
0.45176056
0.5061016
0.4920533
0.50691116
0.5194744
0.52687114
0.44794783
0.45812982
0.4131277
0.54341537
0.4741797
0.44477463
0.45558697
0.41597804
0.43163857
0.42942253
0.44428885
0.4098861
0.45405668
0.46121004
0.42266858
0.44341213
0.43876722
0.43124065
0.43436474
0.41947746
0.43927234
0.4624851
0.42437464
0.40772173
0.43732786
0.44750333
0.43336615
0.44685918
0.47549614
0.5272425
0.4595879
0.42934626
0.44808108
0.402219
0.41808832
0.3856666
0.44791302
0.37404266
0.3982839
0.42828968
0.40346578
0.43956888
0.3997478
0.4175465
0.3822532
0.41982397
0.40978196
0.3789529
0.38593027
0.42067772
0.4372142
0.4093705
0.41376576
0.40788653
0.40308353
0.3925661
0.39708754
0.40552804
0.35853928
0.40027088
0.39935595
0.40718234
0.38858333
0.38996077
0.36649004
0.46797806
0.39004353
0.4339048
0.38546035
0.42487255
0.44065773
0.42731816
0.39241335
0.40678588
0.39450255
0.3967422
0.39078438
0.39275256
0.41710022
0.41202104
0.44543594
0.46393356
0.41963395
0.4035724
0.39524996
0.39104545
0.395709
0.38898447
0.40831685
0.4564043
0.45734054
0.51073724
0.4172829
0.39809015
0.3932281
0.40804753
0.39392385
0.3747183
0.38682476
0.39153895
0.3730254
0.39424285
0.40700307
0.40541527
0.42841148
0.3896357
0.3843262
0.41949615
0.38803163
0.380127
0.4199323
0.34774473
0.36439723
0.39623973
0.39101604
0.37757683
0.35745078
0.33628908
0.40296414
0.40975755
0.3660198
0.3717026
0.7145993
0.3873412
0.36476585
0.40805155
0.37872478
0.43568707
0.44598892
0.5861223
0.5427073
0.43316823
0.39267874
0.4048437
0.38205618
0.41436434
0.36029953
0.380123
0.36579147
0.3658617
0.40196857
0.36125258
0.34026408
0.367931
0.3619602
0.38980192
0.34909022
0.33506253
0.36909932
0.35309136
0.3505605
0.37122846
0.39493263
0.41172293
0.3468651
0.3544671
0.3899949
0.34277683
0.32392702
0.34208092
0.32147366
0.3484461
0.334911
0.3377942
0.314369
0.31855923
0.3737158
0.40712166
0.3820481
0.36392155
0.33375147
0.39107502
0.3339433
0.45775762
0.35845286
0.38270426
0.38881445
0.43756586
0.43379351
0.46266127
0.41886026
0.3809135
0.40931755
0.3807354
0.38111895
0.46017
0.43935147
0.38973758
0.34510407
0.36693114
0.37470806
0.42569643
0.37430292
0.33155128
0.3297821
0.34874058
0.33091193
0.31385618
0.34299615
0.34252182
0.31755802
0.29531336
0.3550152
0.32350227
0.32085553
0.35458192
0.3345375
0.3351534
0.31278893
0.34144846
0.34475958
0.3396839
0.3772694
0.34170213
0.31658584
0.3109448
0.33569464
0.33712596
0.31268492
0.35393763
0.34495756
0.34819737
0.76488495
0.35835734
0.32041225
0.38939002
0.40208137
0.357027
0.3185036
0.3433101
0.3904108
0.32968554
0.32035464
0.31907803
0.31735423
0.33307117
0.32573596
0.36386442
0.33194444
0.35131583
0.311665
0.33803788
0.31311375
0.29538155
0.32522753
0.33680487
0.33807766
0.35226998
0.33793417
0.31387487
0.30934832
0.315846
0.33669633
0.3301354
0.34082934
0.39490595
0.5289196
0.36735213
0.40281415
0.34061795
0.3097863
0.36100575
0.3658001
0.34206071
0.3147868
0.33316484
0.31558093
0.3369149
0.3436849
0.31156215
0.3238305
0.30840787
0.31668758
0.29874218
0.2948236
0.31046432
0.3537336
0.31017378
0.31730044
0.33927438
0.3143615
0.29100797
0.28646952
0.30954015
0.27328223
0.33976427
0.28909114
0.32784897
0.3069852
0.31509334
0.2747177
0.2755207
0.30449823
0.2836713
0.2859456
0.30086544
0.29993355
0.28066266
0.2784734
0.27268884
0.2967199
0.31145594
0.33983904
0.27725008
0.34831893
0.2952206
0.32461992
0.30954987
0.31559107
0.281865
0.2642857
0.3108733
0.31073266
0.31950665
0.31786236
0.31650376
0.27634162
0.30843037
0.46063125
0.34732845
0.30067807
0.33662128
0.3106639
0.3231504
0.32429713
0.32881892
0.30982763
0.29646412
0.32135463
0.3622763
0.35796306
0.31612137
0.30332637
0.32173187
0.29542878
0.3055499
0.31866053
0.2778402
0.3368943
0.29087883
0.4413749
0.34238952
0.3323728
0.31278658
0.2886288
0.3635927
0.33267617
0.31552488
0.35246068
0.38543737
0.5835867
0.36562094
0.4113616
0.40988237
0.36809045
0.33764213
0.32477772
0.32501587
0.30374777
0.2721631
0.29344323
0.35731396
0.37636694
0.3210225
0.291324
0.32368666
0.3150421
0.33683154
0.3205996
0.31116155
0.29612866
0.30328304
0.37407002
0.31350362
0.2811141
0.35249016
0.34381074
0.31167203
0.34085593
0.2760258
0.3514453
0.30590189
0.3570476
0.31744498
0.30162814
0.30618128
0.32001868
0.37391967
0.35341787
0.36566815
0.33731964
0.33797193
0.3723148
0.42826292
0.32182616
0.3332737
0.30913323
0.42074487
0.46530887
0.37418693
0.3998738
0.26582572
0.30842346
0.30900404
0.33109692
0.43616346
0.3126414
0.31872562
0.33919927
0.2999941
0.30691707
0.3604932
0.2904389
0.37901658
0.5156622
0.4331491
0.38760114
0.37431425
0.33306688
0.31604972
0.34298065
0.338616
0.3640323
0.31652197
0.35996035
0.43486983
0.33031908
0.35252824
0.34546018
0.36537012
0.4581798
0.36293474
0.31611398
0.37062946
0.2914803
0.30538723
0.32365987
0.29109663
0.27773115
0.30444878
0.35475484
0.30322352
0.29021803
0.33748892
0.32056683
0.34778607
0.29790345
0.3092755
0.30632678
0.3236554
0.39260876
0.38158065
0.31835392
0.30350518
0.29237986
0.2757694
0.2739934
0.2835739
0.31905517
0.29519466
0.2843834
0.2781775
0.2829601
0.2679389
0.25200084
0.25039417
0.258913
0.27161527
0.2935004
0.34508651
0.32065392
0.30397937
0.33657393
0.30480817
0.3248872
0.29958504
0.32417467
0.29369658
0.29856288
0.33899269
0.30144566
0.3114034
0.36916214
0.3225553
0.30359504
0.30826074
0.3258939
0.30707362
0.31066844
0.33682021
0.3567107
0.34243792
0.33265004
0.3313442
0.3037734
0.29612878
0.30660006
0.3428285
0.39501375
0.37776986
0.4174353
0.3459985
0.32687736
0.3604131
0.31703705
0.30459532
0.31271416
0.3561397
0.42267507
0.36784023
0.3484302
0.33828545
0.34877193
0.3629268
0.631672
0.6130711
0.47399598
0.36749443
0.32800105
0.35596856
0.33388546
0.331932
0.3502451
0.3147606
0.3158465
0.35375327
0.3628816
0.35260442
0.32086396
0.33349803
0.3908141
0.39467603
0.3431096
0.3114726
0.29869342
0.2887069
0.29288587
0.30333135
0.3198225
0.32557377
0.32467404
0.34302548
0.37469804
0.37184784
0.44246212
0.3936072
0.3445327
0.3260433
0.31080952
0.31801438
0.3193469
0.31664753
0.30558828
0.2782987
0.27441993
0.2858853
0.29722312
0.29486823
0.26932156
0.26564077
0.26220137
0.27856568
0.28549057
0.29151836
0.32507607
0.39994913
0.3454318
0.2963617
0.26357704
0.25777373
0.2538251
0.26018903
0.25681052
0.26493174
0.27431184
0.28796607
0.31915247
0.34591576
0.36545593
0.34769002
0.33313334
0.30618456
0.31567186
0.29547572
0.31141847
0.2941089
0.28496316
0.27912012
0.27237883
0.26775473
0.25122726
0.26099584
0.28165957
0.2853199
0.2843103
0.26608056
0.27793768
0.27878895
0.30816874
0.3405451
0.34983355
0.3348542
0.30938327
0.29656622
0.2770748
0.266942
0.2666046
0.29307923
0.3029017
0.29282433
0.30491784
0.31293678
0.34091657
0.3141937
0.28816912
0.28823024
0.31308612
0.3292654
0.31767574
0.3049168
0.3152627
0.3206917
0.31254154
0.2860992
0.26822597
0.26099533
0.29354942
0.29160047
0.2837505
0.24371
0.24467601
0.2794851
0.28948578
0.28661382
0.2646545
0.26708588
0.29032525
0.28605404
0.2815549
0.2850974
0.29557323
0.33353677
0.33048314
0.33956778
0.31680474
0.31049043
0.29228514
0.29027146
0.3037123
0.31920847
0.32649994
0.3239876
0.3257503
0.3345628
0.3037244
0.30873266
0.32016754
0.3561009
0.36423334
0.34206855
0.32488328
0.30352554
0.30400303
0.30014002
0.29978183
0.28609225
0.3167184
0.32037908
0.31556985
0.27025115
0.26646593
0.31720313
0.3546709
0.35743254
0.31524882
0.27465972
0.27564853
0.25977343
0.26298964
0.25943875
0.26171058
0.25501966
0.26013726
0.26939932
0.3110832
0.2891292
0.2883239
0.269194
0.27665383
0.25929204
0.24664673
0.22583789
0.22614123
0.23293251
0.24470846
0.26622787
0.25300527
0.2462446
0.24773069
0.25355947
0.26400596
0.26741758
0.27748898
0.271942
0.25225082
0.22919153
0.26933965
0.29153916
0.3254743
0.3076306
0.29642498
0.28157106
0.28325337
0.26769155
0.26936704
0.2549559
0.27715018
0.2791748
0.2607659
0.22942398
0.22008303
0.24081336
0.2617634
0.25350392
0.24418668
0.23768887
0.2578158
0.2522763
0.24961507
0.24955186
0.27292585
0.27828404
0.2664772
0.2606081
0.27256498
0.26411048
0.2539234
0.23863076
0.25060898
0.2655929
0.27063832
0.26737997
0.24890026
0.24504584
0.24388951
0.23878662
0.25113708
0.2786027
0.32721677
0.31401023
0.28608164
0.23905283
0.24572562
0.2658931
0.27587062
0.27039754
0.24779859
0.2589575
0.2673997
0.25288033
0.253179
0.24886999
0.26010826
0.2522664
0.2600462
0.2666855
0.31025085
0.35743657
0.41667905
0.46791735
0.46719393
0.48265138
0.5416576
0.56845826
0.530555
0.42141563
0.37475795
0.3520343
0.35022733
0.3114249
0.31021127
0.3144265
0.3356947
0.3164776
0.29697368
0.2744705
0.26882207
0.26828602
0.26081312
0.27227452
0.2692532
0.26150858
0.2630232
0.27522272
0.29437983
0.29842684
0.30748373
0.292549
0.2727185
0.27772206
0.27296314
0.26451907
0.26342648
0.25534675
0.2592289
0.26386908
0.26386657
0.28230926
0.26631033
0.27965987
0.29069135
0.33168715
0.33733383
0.31041884
0.30673862
0.3321822
0.32588932
0.29763284
0.3097771
0.34457088
0.34813303
0.3029786
0.29130498
0.266735
0.256312
0.2793961
0.29468063
0.31103438
0.3661073
0.35212097
0.5551792
0.9664958
0.5594592
0.3464828
0.43246746
0.4721279
0.49705854
0.40000352
0.3217711
0.32140848
0.31639653
0.30649763
0.29864925
0.29993668
0.283303
0.29328877
0.31402192
0.32531336
0.3540113
0.43217152
0.44249982
0.41427597
0.33137354
0.3174951
0.28115055
0.30955473
0.30910033
0.3362376
0.3650093
0.31997788
0.29701862
0.28601393
0.263518
0.2927527
0.3096073
0.32209712
0.35407048
0.34772965
0.32317156
0.3149204
0.29109
0.28237775
0.27117386
0.26449716
0.26486143
0.27482677
0.2904868
0.2852213
0.28728467
0.29612353
0.31046525
0.29931417
0.27805075
0.27762616
0.27497226
0.28198084
0.29773635
0.33071643
0.374735
0.40198624
0.47473812
0.48948216
0.41969168
0.34779888
0.31638744
0.2859067
0.2671884
0.2621641
0.28754067
0.2645499
0.26336825
0.2811521
0.29265743
0.28160706
0.30352548
0.2951602
0.3059307
0.29254836
0.2811833
0.2750252
0.25771934
0.26259226
0.25655597
0.2683847
0.29112038
0.32319698
0.354384
0.36158776
0.34619495
0.3219379
0.3001943
0.28554362
0.2827533
0.29230395
0.30297658
0.30136582
0.29794058
0.31636345
0.3276445
0.35064125
0.3399796
0.3568943
0.34357157
0.34144676
0.31637177
0.3085099
0.32976732
0.4530506
0.560871
0.68266743
0.62082386
0.506607
0.41647008
0.3565846
0.37963292
0.50775254
0.588308
0.6530573
0.59162515
0.47739384
0.34652588
0.29313907
0.28710517
0.2931374
0.27711418
0.2820391
0.25858718
0.2688003
0.291366
0.26702917
0.26126224
0.28349325
0.26401198
0.29149762
0.29768196
0.2835901
0.26409626
0.25450054
0.2470677
0.24172904
0.2503353
0.24860428
0.2502959
0.26314706
0.26810825
0.31080636
0.36437958
0.39398837
0.39574787
0.39726388
0.40926853
0.36497626
0.31583026
0.30700824
0.2617448
0.25882182
0.25325412
0.26142716
0.2695054
0.27514392
0.30908227
0.300352
0.30318683
0.2824751
0.2830137
0.2764699
0.27531606
0.28131482
0.25484732
0.25050816
0.25095543
0.25114128
0.2607832
0.2512217
0.2575072
0.24265556
0.24339263
0.24246268
0.2395058
0.245214
0.26908392
0.24667324
0.25221828
0.244687
0.24239992
0.24272786
0.2399305
0.24304561
0.23384434
0.24123502
0.2370376
0.241044
0.25481912
0.26935163
0.27099726
0.27786085
0.2757209
0.28870565
0.266928
0.2743482
0.27117518
0.25414088
0.25370306
0.24753249
0.23929597
0.24511707
0.24990013
0.25588477
0.26658064
0.27298278
0.27940944
0.28109404
0.28428078
0.28858322
0.29011875
0.27793986
0.2706293
0.25647575
0.25249934
0.24892437
0.23818915
0.24790268
0.24122295
0.22719471
0.22955404
0.2323813
0.23656915
0.23673534
0.24021153
0.23888561
0.22112393
0.22371715
0.23292181
0.21543525
0.22493206
0.23242483
0.2331528
0.22878803
0.23709838
0.23621348
0.23581716
0.25053626
0.25911817
0.25841278
0.2556689
0.2445302
0.24678074
0.23828623
0.24284229
0.23538344
0.24075006
0.22602797
0.21732482
0.22231084
0.22428238
0.2256311
0.2238404
0.21658382
0.22039217
0.22835347
0.23409384
0.24726775
0.25102678
0.2527931
0.26182345
0.2745532
0.2923846
0.3004216
0.2922029
0.2911297
0.31106532
0.32782257
0.31902352
0.31660286
0.30402702
0.2897583
0.29526427
0.29192284
0.28641978
0.27611196
0.33252162
0.33428925
0.32921994
0.322094
0.3223541
0.34890828
0.33564985
0.32900974
0.328805
0.31201482
0.312758
0.31413576
0.32707587
0.32581303
0.28022256
0.274318
0.27573684
0.26314306
0.27159137
0.27499765
0.27794343
0.28073853
0.28930998
0.30554494
0.31468546
0.31028384
0.36945453
0.37812448
0.3809938
0.39514425
0.40842822
0.44287184
0.42502898
0.42063418
0.4493284
0.41601816
0.41016862
0.38034576
0.3902458
0.4065262
0.39703372
0.37675163
0.3299921
0.32386193
0.31076854
0.29591832
0.29202726
0.27613685
0.2862359
0.28257173
0.2848558
0.28013647
0.28164428
0.28323823
0.28103912
0.28862366
0.2901603
0.28771853
0.28608567
0.32039893
0.32347795
0.3556572
0.3405008
0.35983014
0.39606124
0.41561592
0.4084437
0.43113378
0.4408355
0.42407885
0.42479196
0.5015885
0.52720183
0.5812311
0.60753226
0.63331014
0.7003111
0.66173816
0.6650746
0.7270432
0.6540887
0.6325234
0.62052226
0.6325303
0.64985824
0.6594228
0.66911066
0.6234615
0.6371412
0.6434276
0.6220495
0.5947863
0.5913195
0.5699087
0.56442696
0.55812865
0.51193416
0.50296915
0.5168533
0.51586586
0.55708236
0.5653159
0.5584074
0.5721732
0.573085
0.60610795
0.6024077
0.60167307
0.60167307
0.60167307
0.60167307
0.60167307
0.60167307
0.60167307
0.60167307
0.60167307
0.60167307
0.60167307
0.60167307
0.60167307
0.60167307
0.60167307
0.60167307
0.60167307
0.60167307
0.60167307
0.60167307
