6354.8027
2498.627
1212.6339
859.6647
684.5043
577.1404
502.9857
447.5166
404.546
369.40186
339.57397
314.61047
293.231
274.4356
257.522
243.08542
229.97714
217.84859
206.80466
196.58861
187.36086
179.2552
171.22008
164.15335
157.54822
151.41368
146.06093
140.71982
135.91032
131.20851
126.49265
122.59497
118.4599
114.81463
111.26296
108.03621
104.86153
101.78704
99.19475
96.34048
93.58166
91.03117
88.70627
86.48151
84.238365
82.005035
80.05991
77.98041
76.125916
74.35677
72.65176
71.06953
69.472435
67.947014
66.50168
65.058105
63.76565
62.3476
61.00971
59.7768
58.648987
57.604492
56.496456
55.24
54.26544
53.251728
52.26422
51.395905
50.30672
49.472992
48.6885
47.70773
46.934177
46.13288
45.325245
44.473495
43.78163
43.07051
42.41386
41.64613
41.155914
40.323246
39.74248
39.116066
38.49543
37.959686
37.301582
36.77907
36.249176
35.71739
35.1783
34.711815
34.19368
33.6944
33.360474
32.83523
32.412174
31.95073
31.54848
31.186928
30.801977
30.460917
30.010487
29.640642
29.425571
28.808754
28.569681
28.278189
27.825186
27.478857
27.24422
26.93055
26.543297
26.293037
25.971718
25.658373
25.312311
25.10956
24.85657
24.587557
24.26731
23.941217
23.695885
23.454952
23.22318
22.985804
22.713003
22.461521
22.215967
22.050215
21.799929
21.579779
21.321981
21.121729
20.899834
20.703888
20.515629
20.331707
20.138252
19.920462
19.776989
19.605303
19.406715
19.215979
19.031374
18.911232
18.752577
18.544462
18.366434
18.285433
18.081034
17.929245
17.758968
17.631708
17.455238
17.28205
17.186592
16.98336
16.896593
16.742727
16.590343
16.501534
16.352554
16.187767
16.053154
15.923453
15.828322
15.710645
15.585559
15.430407
15.33386
15.212153
15.1135435
15.0048
14.92065
14.811769
14.701178
14.634574
14.437073
14.387207
14.264232
14.204131
14.088548
14.032572
13.891654
13.81541
13.695022
13.620036
13.552416
13.43632
13.3630705
13.307065
13.210967
13.1035795
13.037181
12.978806
12.880868
12.772979
12.696601
12.620408
12.60187
12.494176
12.413158
12.334363
12.275852
12.220244
12.1417465
12.089167
11.991609
11.909279
11.878125
11.78258
11.753327
11.698859
11.618708
11.550647
11.499524
11.417043
11.364112
11.325635
11.229896
11.212954
11.12546
11.069446
11.042742
10.981118
10.933197
10.868941
10.837019
10.803218
10.760523
10.687921
10.596059
10.578029
10.556953
10.478461
10.395691
10.3752775
10.285793
10.256423
10.194558
10.180522
10.143295
10.083762
10.026053
10.014696
9.952242
9.896181
9.865716
9.85291
9.811593
9.753887
9.688001
9.625494
9.632867
9.5864315
9.537821
9.508741
9.505025
9.414308
9.408025
9.353561
9.319021
9.327959
9.24767
9.255468
9.182145
9.154215
9.159041
9.050481
9.098983
9.058542
9.027136
8.994322
8.961594
8.955435
8.887946
8.860534
8.839278
8.859019
8.7964945
8.797781
8.808907
8.730834
8.68684
8.704037
8.663478
8.620333
8.598002
8.556632
8.518995
8.564954
8.493841
8.4449
8.43113
8.396399
8.377084
8.3567915
8.360517
8.319413
8.293943
8.259251
8.25305
8.234501
8.246315
8.178916
8.150577
8.131744
8.109829
8.10218
8.077666
8.067348
8.032673
8.003001
8.018428
8.008322
7.969284
7.950049
7.9410663
7.9252005
7.912209
7.9284854
7.8923974
7.861559
7.8238215
7.8349714
7.813941
7.7551737
7.7685475
7.737508
7.72529
7.72995
7.6998315
7.6557364
7.655035
7.6347237
7.64523
7.580945
7.573928
7.5529246
7.5576158
7.536418
7.5036235
7.5149837
7.493734
7.46836
7.50187
7.449101
7.391105
7.4112926
7.3995047
7.409964
7.34776
7.346185
7.31574
7.331573
7.280444
7.2758617
7.279759
7.23089
7.2301593
7.2362394
7.1994076
7.216554
7.1890435
7.190316
7.1336584
7.168684
7.1327457
7.151455
7.093115
7.07582
7.071654
7.0491247
7.044838
7.034273
6.989964
6.9990025
6.9925547
6.9763517
6.9555116
6.9333024
6.9086013
6.9119825
6.8888445
6.902211
6.8801565
6.8879204
6.897329
6.8699527
6.872388
6.837577
6.8515234
6.796508
6.834825
6.818637
6.7829814
6.7761374
6.7524796
6.741297
6.7309713
6.745691
6.7240863
6.7289367
6.7077956
6.682813
6.655291
6.6659894
6.6406775
6.620851
6.628209
6.5942507
6.597536
6.5849385
6.6065993
6.5581684
6.5584264
6.5662956
6.543983
6.543596
6.5082936
6.5177484
6.5056443
6.465986
6.4919105
6.454386
6.438687
6.4287877
6.4288716
6.441932
6.4442554
6.402524
6.3987308
6.3972297
6.4359984
6.3988175
6.3767257
6.359992
6.3508306
6.3643446
6.3500066
6.328362
6.338948
6.3207583
6.3477025
6.3205924
6.311919
6.301938
6.306046
6.33111
6.2762527
6.31023
6.266191
6.2846007
6.267371
6.2557077
6.2651362
6.253454
6.261383
6.2679014
6.267657
6.2344265
6.2168136
6.210866
6.2151613
6.214765
6.1883087
6.1713786
6.1769204
6.18595
6.145817
6.1630526
6.107551
6.1315503
6.1297374
6.119636
6.116097
6.090964
6.1030874
6.077197
6.139544
6.0690675
6.0701113
6.074577
6.0588365
6.080225
6.060583
6.0312057
6.055429
6.0236187
6.026523
6.030217
6.0271716
6.042321
6.0121613
5.9962425
5.989928
6.026242
6.0068913
5.9969172
5.9784603
5.99531
5.9918766
5.970345
5.9834633
5.975649
5.9637313
5.951737
5.9689937
5.948711
5.950019
5.9305425
5.943661
5.9400225
5.9208093
5.9098167
5.896537
5.8953357
5.8890243
5.92652
5.887376
5.891708
5.8754044
5.860062
5.8679657
5.868862
5.845072
5.8300605
5.8350387
5.8401346
5.8086877
5.833337
5.796248
5.8165984
5.823932
5.793551
5.797952
5.7893033
5.778254
5.770285
5.768637
5.7736545
5.742588
5.737553
5.7450066
5.752515
5.7367263
5.7427387
5.741924
5.7276654
5.7317085
5.725068
5.7432866
5.7294216
5.7202687
5.729607
5.709755
5.713243
5.695202
5.7088485
5.7169914
5.716725
5.7096157
5.69309
5.6849637
5.703795
5.6988115
5.758184
5.6859584
5.7104445
5.68422
5.6670976
5.6897287
5.6789994
5.669778
5.647977
5.6553674
5.6705437
5.638471
5.6588707
5.648855
5.6459317
5.6860247
5.639858
5.6290836
5.6129093
5.632078
5.640959
5.6155815
5.6574364
5.6648397
5.604491
5.6105824
5.596589
5.5953245
5.589718
5.579181
5.5955667
5.599888
5.575715
5.575098
5.5720973
5.558081
5.559048
5.5534024
5.5506196
5.579974
5.5337343
5.5573187
5.551752
5.5354705
5.542032
5.529466
5.5174394
5.5122466
5.502726
5.5024166
5.5038085
5.496161
5.5104856
5.4988084
5.4633846
5.476523
5.460784
5.470279
5.4692974
5.456992
5.4635773
5.4434586
5.456769
5.4752574
5.4462037
5.4629693
5.4444017
5.435636
5.4656224
5.418533
5.4304404
5.435277
5.4205856
5.4217353
5.412057
5.428717
5.412818
5.425065
5.4111934
5.4079614
5.41887
5.3867598
5.395658
5.4173617
5.404591
5.384888
5.4400144
5.40642
5.3941984
5.386544
5.3687196
5.372916
5.348431
5.364262
5.3558707
5.3759456
5.3428016
5.3575025
5.36686
5.3439465
5.3280764
5.341392
5.353979
5.309896
5.322609
5.317595
5.3348227
5.3305216
5.3295264
5.3171353
5.3098373
5.3141384
5.3084435
5.327111
5.327708
5.2880683
5.3073344
5.308617
5.3181667
5.2788415
5.285499
5.312889
5.291858
5.305839
5.295699
5.288791
5.2843
5.293127
5.2681036
5.2482643
5.256907
5.269008
5.2573833
5.277304
5.2531157
5.253388
5.289407
5.267131
5.276653
5.277182
5.267338
5.282838
5.281581
5.286694
5.2530355
5.2858377
5.2703924
5.2574086
5.2535233
5.263699
5.2793007
5.260817
5.2445827
5.261747
5.2510705
5.2402067
5.2531967
5.2317457
5.2544007
5.234372
5.234105
5.241566
5.241067
5.237012
5.2424994
5.242911
5.26566
5.2328553
5.233787
5.2173204
5.206413
5.199918
5.201483
5.222778
5.201271
5.1968822
5.1917663
5.2096634
5.200446
5.1941733
5.1848383
5.197391
5.1948347
5.173779
5.1869226
5.1737266
5.18757
5.1903987
5.1781745
5.2012844
5.1837907
5.1974163
5.1728354
5.197754
5.1628914
5.196153
5.1850805
5.150324
5.1639104
5.170206
5.1582866
5.162057
5.1673775
5.1654687
5.1597624
5.1552744
5.15489
5.153552
5.1392574
5.1397657
5.1285973
5.1365256
5.1234097
5.151741
5.137272
5.159042
5.1477036
5.1543946
5.1328278
5.108411
5.1253357
5.13503
5.132377
5.113645
5.121961
5.0938997
5.12953
5.1215386
5.0788994
5.117598
5.117309
5.095491
5.101914
5.0811214
5.0887346
5.0650835
5.0817637
5.0709805
5.060472
5.051079
5.0877023
5.067129
5.0647774
5.0647573
5.0578494
5.0687203
5.071877
5.03881
5.0366344
5.0413003
5.0568933
5.043721
5.035907
5.0794516
5.030058
5.034906
5.0768595
4.999482
5.027617
5.0413795
5.005114
4.987551
5.029137
5.00281
5.0029736
5.0123878
5.0146055
5.0220346
5.0072746
4.979228
4.9698663
4.979277
5.0079756
5.0435038
5.0119524
4.981228
4.978484
4.9694843
4.9548473
4.950793
4.937934
4.9424477
4.9614344
4.9863887
4.9555473
4.9196143
4.943109
4.917944
4.9206862
4.904727
4.8996787
4.9178996
4.8974204
4.8811684
4.8759265
4.893092
4.892265
4.910377
4.896476
4.8540545
4.970547
4.869395
4.9022813
4.8446493
4.884051
4.8367195
4.8331294
4.8389874
4.8454137
4.816963
4.827802
4.8197703
4.8209357
4.797702
4.8007574
4.817432
4.8031683
4.811121
4.780847
4.769366
4.8067713
4.818675
4.785701
4.7856207
4.8342977
4.785759
4.750531
4.794091
4.76056
4.737759
4.786019
4.7267885
4.73642
4.738687
4.711509
4.727211
4.7319455
4.7120852
4.6935506
4.7072496
4.70557
4.7173533
4.70853
4.691742
4.729409
4.7048798
4.6763988
4.67739
4.6769996
4.684034
4.676963
4.7088647
4.6869435
4.6706786
4.6554255
4.6588316
4.6440067
4.639402
4.644356
4.6532383
4.652925
4.6368003
4.640092
4.63463
4.6352587
4.595153
4.671369
4.6280637
4.640116
4.6210537
4.6121726
4.6093674
4.6222925
4.7016516
4.6197033
4.6095924
4.6113744
4.626212
4.6040983
4.59154
4.5924854
4.613783
4.5935373
4.574534
4.5808573
4.5801344
4.6257386
4.5759153
4.5825825
4.5792503
4.587627
4.588047
4.563721
4.5651164
4.584621
4.569409
4.5491385
4.5600567
4.5517774
4.533306
4.5531206
4.5388064
4.5828266
4.549791
4.553658
4.5438805
4.5538974
4.564049
4.5358186
4.5395827
4.535107
4.5231256
4.5166245
4.5237145
4.5015473
4.523879
4.5367255
4.4929485
4.50492
4.513559
4.521077
4.506495
4.4817457
4.46916
4.4913535
4.5040045
4.4714737
4.4717426
4.4821258
4.512698
4.457875
4.452276
4.463333
4.4479103
4.457466
4.444044
4.4529324
4.4780235
4.4496264
4.4426217
4.450225
4.4487157
4.457433
4.4443603
4.4431133
4.4318533
4.423433
4.4277234
4.438812
4.432251
4.43851
4.4253483
4.445376
4.4127817
4.4350944
4.4161525
4.414589
4.439361
4.4252653
4.433661
4.42082
4.459571
4.410155
4.4208474
4.424882
4.404437
4.447324
4.4205003
4.41952
4.4333596
4.3993163
4.419442
4.4313855
4.3975396
4.3956814
4.4074187
4.388324
4.403809
4.3990135
4.3930984
4.3890557
4.398387
4.3598423
4.3896885
4.3999176
4.376512
4.361493
4.3628774
4.369565
4.365447
4.344355
4.341369
4.3473544
4.3446255
4.3466964
4.336524
4.3267922
4.321008
4.339228
4.3559694
4.3344665
4.3058286
4.312305
4.361548
4.298881
4.3098207
4.293155
4.301736
4.3172803
4.2959414
4.290081
4.301232
4.3224535
4.2862425
4.3101807
4.2927666
4.292947
4.3210692
4.310847
4.301234
4.335822
4.2878604
4.279904
4.2841926
4.292292
4.2866645
4.3906393
4.286324
4.317854
4.3162694
4.28682
4.273158
4.2708106
4.2677035
4.285808
4.2747903
4.3213286
4.240954
4.256855
4.2536883
4.2747116
4.260197
4.2588787
4.2616863
4.27535
4.2500305
4.218744
4.247522
4.23564
4.229744
4.231713
4.244723
4.2735353
4.2307553
4.2456827
4.241165
4.2187624
4.205364
4.2036057
4.1874547
4.204699
4.2221484
4.181521
4.1860824
4.248519
4.187322
4.1534247
4.172251
4.162691
4.205296
4.1677737
4.1865087
4.1392965
4.157378
4.157241
4.158772
4.1268587
4.1327577
4.124313
4.1070304
4.111769
4.108708
4.099933
4.127276
4.1011295
4.1225023
4.1053205
4.1013784
4.103606
4.1165004
4.067284
4.165279
4.0738997
4.095332
4.07464
4.0989947
4.0550237
4.068885
4.076208
4.0710325
4.069242
4.0801063
4.048032
4.0825562
4.03973
4.063462
4.0484114
4.0271273
4.032601
4.021235
4.0374556
4.0321217
4.0146236
4.046265
4.0049505
4.008662
4.0224457
4.001772
4.0198894
4.0300403
4.0446963
4.003747
4.0039372
3.9991848
3.9966404
3.987037
4.022125
4.0186186
4.01821
4.0715737
3.996032
4.009362
4.0155725
4.0411515
3.9823499
3.9954128
3.988154
3.9750218
3.9800758
3.976999
3.9796824
3.9852803
3.9692147
3.9561007
3.946146
4.0230126
3.983557
3.9736974
3.9596767
3.9468825
3.9486554
3.9541676
3.9314237
3.930978
3.9375734
3.9464526
3.9265792
3.9306283
3.9289093
3.9371471
3.9243402
3.9236226
3.920243
3.9051647
3.9181168
3.8885834
3.9139147
3.8933086
3.9088588
3.9093542
3.8899255
3.8723643
3.9014018
3.9039292
3.8882747
3.8898535
3.8522353
3.8839788
3.8758695
3.885717
3.8697066
3.8885593
3.886486
3.8916404
3.8721828
3.859257
3.8559926
3.8572416
3.8631887
3.8752277
3.8684664
3.8538508
3.851419
3.857806
3.872459
3.879053
3.8297946
3.8701465
3.86463
3.8424163
3.8409877
3.817482
3.8482738
3.8422313
3.8491867
3.8342478
3.8210416
3.8361871
3.8338096
3.8429182
3.8377373
3.8353558
3.8053517
3.8477714
3.8223147
3.8182127
3.8086395
3.8237684
3.7990737
3.802318
3.8030298
3.8071728
3.794851
3.7909582
3.8717546
3.8583012
3.8035364
3.7982593
3.8080385
3.7832391
3.7851589
3.8105795
3.820776
3.785668
3.7928214
3.8168573
3.7955847
3.8025901
3.7936385
3.7910507
3.8018758
3.7691195
3.7862656
3.8045664
3.7733264
3.7598903
3.8173802
3.7842715
3.7817156
3.7552695
3.7770834
3.774792
3.7835028
3.7707796
3.7766457
3.7433906
3.7493973
3.746946
3.7334654
3.7370503
3.7231364
3.7246246
3.7393284
3.7213364
3.7395463
3.7035193
3.7225144
3.7282271
3.7037723
3.7146733
3.7006876
3.710689
3.6932492
3.6827471
3.697739
3.7253745
3.6885257
3.7048573
3.687309
3.6866558
3.6762838
3.6967301
3.7110868
3.705433
3.6807406
3.681531
3.6583757
3.648024
3.662527
3.6674786
3.667288
3.650328
3.6491578
3.6555207
3.6331522
3.6279914
3.6328874
3.6129289
3.649303
3.635691
3.6255836
3.6091096
3.6207874
3.618559
3.6056278
3.5960925
3.609314
3.6014538
3.5948527
3.610913
3.5910165
3.5904644
3.5893333
3.6039464
3.607447
3.5998533
3.616059
3.5869985
3.6002069
3.6096587
3.588654
3.5951548
3.5769162
3.5623612
3.578083
3.5708504
3.5842204
3.5524175
3.584125
3.582695
3.5804532
3.5644665
3.5660436
3.554739
3.5634403
3.5587025
3.5516353
3.5305908
3.58
3.5274074
3.544957
3.5265245
3.5356379
3.5426197
3.5210848
3.5455756
3.5291882
3.5468366
3.5256248
3.5286672
3.5465837
3.5359643
3.5289311
3.53065
3.5184307
3.5545976
3.525573
3.5193238
3.525599
3.5139637
3.539992
3.5372784
3.5153975
3.5532746
3.5125813
3.5180733
3.5142248
3.5114954
3.5197535
3.5223243
3.5251498
3.5215602
3.5134342
3.5164318
3.5109282
3.5132976
3.524288
3.5502062
3.5068371
3.510417
3.516598
3.5123453
3.5181284
3.5317078
3.5073981
3.5051923
3.5118105
3.5306978
3.527543
3.5046904
3.5229857
3.4947536
3.5016265
3.500103
3.5152411
3.4840696
3.5148644
3.4991636
3.4942174
3.4923878
3.4952931
3.4927514
3.4562962
3.4928057
3.4649312
3.4720774
3.4725244
3.461108
3.4719014
3.5230706
3.441175
3.4666753
3.4613957
3.450099
3.44467
3.464877
3.446667
3.4585092
3.4477077
3.4266653
3.4518974
3.4446704
3.4269547
3.4287846
3.4157088
3.4461017
3.476909
3.4294744
3.407356
3.4154289
3.4110396
3.4150524
3.4145005
3.4124072
3.395286
3.3837395
3.430308
3.396222
3.401992
3.376797
3.375648
3.403025
3.3792002
3.3893528
3.3865325
3.354033
3.3542726
3.354677
3.3521917
3.3465066
3.3318079
3.3443642
3.349237
3.4190001
3.3433502
3.3353295
3.3879924
3.3075664
3.3139942
3.2989166
3.3096676
3.316016
3.3125973
3.3169887
3.3075595
3.3035302
3.305841
3.319324
3.30718
3.3347764
3.3134496
3.2874293
3.3148665
3.295349
3.2734938
3.2747276
3.2844377
3.2905948
3.2969842
3.2906451
3.2913234
3.2877414
3.280954
3.2575052
3.2757497
3.299752
3.287609
3.2603219
3.2816992
3.2771695
3.2634366
3.263995
3.256886
3.2666595
3.2460694
3.2603605
3.2677512
3.270724
3.2518892
3.247064
3.239716
3.2295105
3.2549775
3.247434
3.226765
3.249213
3.2669532
3.2345243
3.238291
3.2512732
3.2428825
3.2353764
3.234779
3.2386682
3.2396882
3.2309582
3.2408044
3.255098
3.2315516
3.2295957
3.2567244
3.2234738
3.225176
3.2320995
3.2314363
3.2071724
3.2204843
3.214646
3.1727607
3.205863
3.2172396
3.2062817
3.1988642
3.1786695
3.212785
3.1811738
3.222192
3.2136617
3.19127
3.2113233
3.1822083
3.1857736
3.1847265
3.2033162
3.174531
3.2018213
3.1573935
3.177653
3.1589444
3.1693428
3.1578119
3.1708636
3.1744072
3.1504781
3.159144
3.1740217
3.154664
3.1609867
3.1819053
3.1572087
3.17895
3.180414
3.1682131
3.1501434
3.1668856
3.175999
3.1645966
3.151416
3.1313076
3.158993
3.1556594
3.1389024
3.134525
3.1466062
3.1382287
3.1416674
3.145124
3.1296346
3.133778
3.1449096
3.1264565
3.1070182
3.1112335
3.1171765
3.112436
3.1090796
3.1357288
3.123263
3.0945005
3.1056027
3.1059155
3.1157568
3.0981295
3.0878878
3.095509
3.0984998
3.0807712
3.0863993
3.0925124
3.0999823
3.0853925
3.0848937
3.091466
3.0723853
3.0810068
3.0850568
3.0948746
3.0716124
3.069945
3.0691557
3.0748787
3.0552003
3.0714421
3.0658612
3.068807
3.069778
3.050963
3.068562
3.0647616
3.0572865
3.0572271
3.054082
3.054686
3.04924
3.0515044
3.055153
3.0420523
3.031885
3.03194
3.042095
3.04416
3.0430076
3.025575
3.0285294
3.0242136
3.018781
3.0194573
3.0146842
3.0170236
3.0327992
3.0059197
3.0373394
3.0086122
3.0270178
3.0211337
2.999259
3.0018256
3.026536
3.008402
2.9953012
2.9964564
2.9990873
2.9978693
2.9832838
3.003659
3.0056748
2.9790611
2.987482
2.9974174
2.9833636
2.9620035
2.9872713
2.9688814
2.9745152
2.9895594
2.9639516
2.9696386
2.969885
2.9513516
2.958044
2.9568436
2.9463465
2.9652407
2.9461136
2.9349647
2.958893
2.9491134
2.9346778
2.9303584
2.9497592
2.9410715
2.9275556
2.918741
2.9274297
2.9383616
2.9314418
2.9302561
2.9061856
2.9121416
2.9263778
2.9230373
2.9157395
2.897406
2.8983343
2.8918319
2.8892326
2.8895762
2.9088445
2.9086926
2.8855543
2.9082513
2.9044495
2.8926585
2.8752477
2.8947062
2.8904104
2.8908463
2.9045112
2.9093359
2.8955982
2.8821936
2.8775296
2.8858793
2.8654144
2.8587148
2.869153
2.8889973
2.8767574
2.8732803
2.8638763
2.8624952
2.885292
2.871174
2.8634722
2.8708935
2.863933
2.8610685
2.8636274
2.861712
2.860483
2.856654
2.8427818
2.8608096
2.8548677
2.8535917
2.8366582
2.8603933
2.8596914
2.8455675
2.8499541
2.8423164
2.8537884
2.8324018
2.8407896
2.8361874
2.839881
2.8421078
2.8270235
2.8260655
2.8429952
2.8372815
2.8347507
2.8214374
2.8196735
2.816377
2.8408303
2.8162417
2.8177156
2.836954
2.81577
2.8250988
2.8027563
2.8225694
2.815792
2.8264325
2.82429
2.8077817
2.8048782
2.8034742
2.8016663
2.7913356
2.8047442
2.7929242
2.8089666
2.782895
2.7981641
2.8010871
2.7967334
2.7844164
2.790514
2.7971938
2.8006003
2.7791224
2.8029528
2.8178785
2.797506
2.7983203
2.7906482
2.7660453
2.777924
2.7734025
2.7720182
2.7814562
2.7781436
2.7656443
2.7766368
2.7717865
2.7714763
2.7669544
2.7558599
2.7737775
2.7751958
2.7704673
2.7818158
2.7662344
2.7621284
2.7504222
2.754826
2.749196
2.7576532
2.739317
2.7391193
2.7554152
2.7489438
2.754294
2.7385929
2.736198
2.7307646
2.7437077
2.7197416
2.744829
2.737949
2.7312813
2.7362878
2.7250197
2.7148752
2.7107258
2.7283847
2.7082772
2.7292547
2.7252653
2.724757
2.7132118
2.7015407
2.6948218
2.7107909
2.7005453
2.688058
2.687954
2.71878
2.7135441
2.7163446
2.6810892
2.7003303
2.7249403
2.7023852
2.6989455
2.6948454
2.6938267
2.6917813
2.6935134
2.702358
2.6873224
2.6952333
2.688578
2.6889098
2.7035306
2.7098534
2.6990705
2.6845632
2.6894498
2.6942184
2.6862853
2.687369
2.6725442
2.6784942
2.7048054
2.6992905
2.7132585
2.685732
2.692062
2.6837475
2.6844227
2.6951268
2.6935842
2.6853192
2.6712894
2.693755
2.6766253
2.692487
2.678285
2.6662676
2.6597095
2.6751728
2.6853862
2.6612468
2.6634767
2.6494105
2.6492853
2.6864464
2.6521604
2.648851
2.6806824
2.6546698
2.657032
2.63921
2.6318436
2.6346405
2.629748
2.6516678
2.629966
2.6327882
2.64854
2.6503363
2.6413367
2.6936429
2.620113
2.6095235
2.6389923
2.6309934
2.6343045
2.6419122
2.6328967
2.6577015
2.6373947
2.6106958
2.6275668
2.629775
2.6259742
2.625452
2.6409996
2.610835
2.618068
2.6302524
2.6219382
2.610744
2.6265144
2.6018493
2.60001
2.604865
2.6124866
2.6113975
2.6089575
2.5996108
2.5991833
2.613645
2.5978446
2.6250193
2.60073
2.6118772
2.604942
2.5918555
2.5978904
2.60165
2.601216
2.5835774
2.5814357
2.6090946
2.6055539
2.5654871
2.5774655
2.5916314
2.5804045
2.5792015
2.5897303
2.57158
2.594586
2.5806537
2.5616555
2.5771651
2.557179
2.5855424
2.5476193
2.589683
2.5611103
2.5624037
2.5754771
2.5813723
2.552532
2.554296
2.5535238
2.540936
2.56155
2.5518177
2.5210724
2.5307822
2.5352106
2.5545146
2.5323195
2.5204263
2.5222101
2.538629
2.522145
2.5176868
2.536182
2.513571
2.533319
2.5081813
2.5317533
2.5181773
2.5284574
2.5203383
2.5064561
2.524127
2.5420442
2.5225184
2.5035477
2.5271385
2.5234106
2.5219882
2.5651336
2.5126
2.5079656
2.5228734
2.5039167
2.5075142
2.5112004
2.4940617
2.502235
2.5127177
2.4977958
2.5092893
2.5090215
2.5084074
2.5137284
2.51995
2.4996812
2.4985113
2.49637
2.5088108
2.5193388
2.4905217
2.4925725
2.4813197
2.5058978
2.4836104
2.497208
2.4951298
2.4849434
2.4974859
2.4951158
2.4820812
2.4886315
2.475028
2.4928927
2.4879704
2.445467
2.4685197
2.47584
2.4687617
2.482472
2.4639351
2.4735706
2.4442277
2.4683552
2.4512396
2.4563448
2.4658551
2.4390602
2.4489803
2.46466
2.433226
2.4512525
2.4561303
2.4327374
2.4459212
2.4239528
2.4345865
2.4335744
2.4506652
2.4535437
2.433606
2.4343386
2.4417171
2.4301617
2.4320614
2.4514303
2.4367707
2.4369452
2.4285114
2.454573
2.4338763
2.4999049
2.4353087
2.421519
2.43672
2.4239264
2.4262137
2.4510322
2.4553618
2.4694936
2.406111
2.4306476
2.416477
2.4142754
2.4403915
2.4233778
2.3983421
2.3891554
2.4142637
2.4154575
2.3970814
2.3940618
2.4276743
2.3810437
2.3881185
2.3805482
2.3836677
2.3834631
2.3631337
2.361571
2.3911405
2.3795493
2.3597226
2.3904269
2.3921654
2.3804255
2.369728
2.3750935
2.3713849
2.3665867
2.3517795
2.3725445
2.3575711
2.3524902
2.3620217
2.354836
2.3513467
2.356624
2.343034
2.3293266
2.3683655
2.3339097
2.341531
2.3495555
2.3446012
2.3428624
2.3461738
2.3408413
2.3414083
2.3371892
2.3492324
2.343102
2.3353808
2.3512778
2.3370292
2.3395207
2.3373141
2.3445058
2.344237
2.3563395
2.3424706
2.338646
2.3307424
2.348393
2.362213
2.3439462
2.339283
2.3359482
2.3268301
2.3293436
2.3504589
2.338753
2.3468926
2.3304799
2.3271515
2.3233213
2.3224716
2.318354
2.3129299
2.3336277
2.3123007
2.3038464
2.3206897
2.3208313
2.304202
2.2977116
2.2942348
2.3009248
2.2947018
2.2979038
2.2983375
2.2996387
2.285149
2.3014417
2.2694943
2.2932696
2.2744467
2.2563095
2.2752542
2.2716947
2.2626915
2.2679577
2.253536
2.275133
2.2567322
2.2630908
2.266728
2.254293
2.2390175
2.2482533
2.2381701
2.2489026
2.2421305
2.249878
2.2426863
2.2476196
2.2390463
2.2315571
2.2385461
2.2313762
2.2335658
2.228371
2.2265143
2.2169545
2.2290695
2.2288668
2.2237813
2.2131379
2.238373
2.2271385
2.2317166
2.2247622
2.2253942
2.2143235
2.2285469
2.2351704
2.2151392
2.2295687
2.2130346
2.2139251
2.2046437
2.204963
2.2212987
2.208853
2.2366648
2.2117522
2.2017004
2.2150671
2.2121413
2.2164018
2.228674
2.2108605
2.2034297
2.1974232
2.2084439
2.2173178
2.220413
2.220303
2.1968808
2.2024038
2.2156377
2.192487
2.2096984
2.2057872
2.189758
2.1943357
2.2165515
2.2264876
2.1967373
2.2085202
2.1940541
2.1818233
2.194532
2.2047546
2.204174
2.185632
2.192123
2.1975255
2.1977043
2.2043033
2.2069905
2.1739724
2.1798496
2.1928384
2.191401
2.191743
2.1935406
2.1760945
2.1955492
2.1873653
2.1958315
2.1910574
2.1719837
2.1762567
2.1989858
2.1761632
2.176407
2.174395
2.1826153
2.1835155
2.1690469
2.1787117
2.18196
2.1779406
2.1685846
2.1680086
2.179718
2.1673484
2.1800172
2.1890965
2.1796691
2.1741638
2.1873868
2.1744304
2.171851
2.1728973
2.173134
2.1730433
2.1637592
2.169227
2.1762183
2.155113
2.1496847
2.1652725
2.153068
2.1650245
2.159646
2.152981
2.180434
2.158825
2.1521578
2.160337
2.1587112
2.1377268
2.1455688
2.1404364
2.1423032
2.1539032
2.1367924
2.1426313
2.1387823
2.1352227
2.1388068
2.1314676
2.1422155
2.1362152
2.1303232
2.1334865
2.1344054
2.1202497
2.1306207
2.1191185
2.1222396
2.123283
2.1149588
2.1315854
2.1079695
2.115111
2.1065164
2.1240735
2.1219444
2.114943
2.1227598
2.1018386
2.113336
2.1097882
2.101971
2.1027765
2.100944
2.0984664
2.1083333
2.1055927
2.0903747
2.1165445
2.0958998
2.0878022
2.094858
2.109709
2.0908644
2.0994606
2.096997
2.0824509
2.0905697
2.0799823
2.0896552
2.0943053
2.066214
2.0758145
2.0754106
2.0844889
2.0947635
2.091541
2.1040854
2.06932
2.0805016
2.0773826
2.0660264
2.0879776
2.0725212
2.0767317
2.0871031
2.0831563
2.0780616
2.090746
2.0810034
2.0878313
2.071124
2.0718682
2.0826354
2.0806754
2.0754828
2.067727
2.0694838
2.0671449
2.0716858
2.0750222
2.0730653
2.0731204
2.0767531
2.0803947
2.06887
2.0651097
2.06087
2.0744762
2.064979
2.0633354
2.069663
2.0463789
2.0380776
2.0599072
2.0467453
2.0542898
2.0647893
2.05224
2.0734553
2.051099
2.065361
2.0513725
2.058552
2.044538
2.0520906
2.0513024
2.045766
2.0403068
2.025493
2.036736
2.0309768
2.0361662
2.0438507
2.037881
2.0283484
2.031192
2.0194764
2.0159976
2.0116017
2.0243185
2.0146503
2.0371096
2.0194893
2.0120304
1.9990119
2.013744
2.0153244
2.0268517
2.0039701
2.0114348
2.006232
1.9976308
2.0093033
1.9947221
2.00341
2.0118032
1.9977236
1.9894506
2.0098293
1.9922426
2.0050147
2.0121317
2.0161638
2.0087798
2.0024507
2.0022624
1.9997338
2.0073898
1.9983246
2.0083945
2.0033476
1.9994645
1.9910016
2.003768
2.0057275
2.0134978
2.0024016
1.9908878
1.9912281
1.9825461
1.987751
2.0160284
2.0013597
2.0053601
2.0006127
1.9925243
1.9796689
1.9887615
1.9909354
1.9873428
1.9887304
1.9939171
1.9913379
1.9881434
1.9829868
1.9916626
1.9809144
1.9755023
1.9947686
1.9770935
1.9971622
1.9907335
1.9713628
1.98457
1.9811368
1.9920894
1.9887646
1.9850444
1.9650483
1.9791582
1.961292
1.9659251
1.9509671
1.9544129
1.9664481
1.9430039
1.964543
1.9589827
1.9621025
1.9530836
1.9763458
1.9476266
1.9479504
1.950344
1.9411501
1.9289162
1.9329133
1.9303707
1.9568397
1.9392546
1.9499813
1.935896
1.9297339
1.9363002
1.9389113
1.9358438
1.9203091
1.9333737
1.919215
1.9294232
1.9163276
1.9178975
1.9346172
1.9154508
1.9103057
1.9152284
1.9227688
1.9010395
1.9262328
1.9122914
1.9117877
1.9158117
1.9095706
1.9336325
1.8986181
1.9144596
1.9123702
1.9180151
1.8936989
1.9071872
1.9160814
1.909637
1.9083962
1.8838413
1.8946997
1.9029258
1.8819431
1.9006362
1.8995332
1.889408
1.9053209
1.8974373
1.8936428
1.9080125
1.8895886
1.8832626
1.8673483
1.8976024
1.8819679
1.8853972
1.8699373
1.8918009
1.8774898
1.8841236
1.8703359
1.8640738
1.8616856
1.8710328
1.8729386
1.8753335
1.8532238
1.8595994
1.8375055
1.8524129
1.8554119
1.8603077
1.8407776
1.8445793
1.849854
1.8400502
1.8282881
1.8445265
1.8582585
1.8482021
1.8430512
1.8353361
1.8405752
1.8434751
1.8322034
1.8264015
1.8212633
1.8273214
1.8402634
1.8241751
1.8303144
1.8220285
1.8104682
1.8369027
1.8192257
1.8247863
1.8128207
1.8256445
1.8255798
1.820284
1.8206397
1.8175201
1.8192644
1.8250135
1.8230499
1.8188133
1.8361608
1.8092936
1.8040954
1.8093251
1.8068888
1.8005402
1.8066491
1.794161
1.820844
1.8089637
1.7988383
1.8025197
1.8022728
1.8110895
1.7899944
1.7940352
1.8026445
1.7948534
1.796196
1.802956
1.7814221
1.7976356
1.782692
1.7972742
1.7709014
1.7730132
1.7785755
1.7878784
1.7863026
1.7838054
1.7759616
1.7800494
1.7744535
1.7657655
1.7547965
1.7548223
1.7597705
1.7865571
1.7592016
1.7739338
1.7621094
1.7678555
1.7585264
1.7576334
1.7694253
1.7547644
1.7502965
1.7581776
1.7581475
1.7560793
1.7517408
1.7602074
1.7470199
1.7423619
1.7519042
1.7592802
1.7312349
1.7450889
1.7472312
1.736998
1.7414145
1.7329758
1.7358449
1.7393903
1.7305392
1.7304837
1.7417735
1.7296922
1.7296617
1.7303855
1.7328877
1.7212454
1.7336011
1.7210245
1.7138473
1.7288536
1.7152249
1.7127402
1.7128141
1.7288399
1.7249856
1.72518
1.7202829
1.72239
1.7345561
1.7228457
1.7292701
1.710249
1.7264841
1.7387837
1.7061378
1.7081113
1.7168921
1.7231919
1.7312988
1.7030463
1.7230072
1.7084194
1.7164156
1.7317519
1.7061094
1.7131062
1.7045223
1.7157447
1.7076676
1.7222755
1.7093804
1.7093009
1.7082886
1.7031249
1.7093654
1.7182711
1.7012594
1.7045922
1.705296
1.7067666
1.688812
1.6831521
1.7006336
1.6936655
1.7095091
1.7089522
1.7246501
1.6872225
1.7153268
1.7050637
1.7011831
1.7295257
1.6870613
1.700322
1.6924388
1.7234854
1.7034106
1.7024165
1.7003623
1.700957
1.7206796
1.6959478
1.7005497
1.6798377
1.6894184
1.7048682
1.7075453
1.7096013
1.694548
1.7051777
1.689282
1.6982123
1.6879443
1.6989297
1.6947148
1.6959027
1.6877592
1.6938692
1.6798992
1.6884536
1.6820292
1.6837791
1.6874123
1.7009187
1.6818491
1.699247
1.7006155
1.6919891
1.6918217
1.6790895
1.6795768
1.6943612
1.6754289
1.6985557
1.686618
1.6693969
1.6844991
1.6583865
1.6722946
1.6891475
1.6668956
1.6631429
1.6673157
1.6788689
1.6906153
1.6841826
1.6737854
1.6678997
1.687142
1.6730485
1.6791393
1.6811116
1.662721
1.6778835
1.6623918
1.6443194
1.6609952
1.6666846
1.6646065
1.6661168
1.651614
1.6577945
1.6654766
1.654051
1.634636
1.6471828
1.6544275
1.645062
1.6583322
1.6471353
1.6530106
1.6501648
1.6577182
1.6671774
1.6479926
1.6479552
1.6555387
1.6575589
1.6629966
1.6556787
1.6477648
1.6653728
1.6579741
1.6481358
1.6614608
1.6450807
1.6451373
1.659869
1.655393
1.6515057
1.6535374
1.6354645
1.6600523
1.6508347
1.6397272
1.643611
1.6389077
1.6517909
1.6484299
1.6553776
1.6401383
1.6584916
1.6495113
1.6576742
1.631598
1.644846
1.6389819
1.6369402
1.6438661
1.6489241
1.635691
1.6318024
1.6501188
1.6449696
1.6385797
1.6424034
1.6341275
1.6383388
1.6426903
1.6344539
1.6569351
1.6325843
1.6186843
1.6311849
1.6309129
1.6242775
1.6177131
1.615686
1.6179607
1.6240113
1.6139201
1.6308142
1.6146265
1.6214031
1.6106459
1.6178988
1.6142576
1.6277099
1.6141623
1.6142664
1.6222897
1.6024218
1.6073087
1.6083536
1.5983331
1.5995347
1.6060495
1.6053106
1.6077247
1.6073148
1.6270943
1.6075757
1.6069831
1.6129373
1.6099575
1.6152962
1.6106844
1.6102054
1.5970991
1.5988551
1.6045802
1.6114556
1.6058162
1.6111729
1.6094763
1.6091229
1.5979542
1.6008571
1.6049607
1.6138006
1.6096634
1.5959258
1.5896907
1.5907991
1.6078718
1.5966913
1.6240926
1.5987588
1.5952388
1.5838788
1.59893
1.596576
1.6051378
1.6122863
1.5918477
1.6022192
1.5915618
1.5914483
1.5972784
1.6094196
1.6003103
1.6048458
1.5915283
1.5917944
1.5843682
1.5879768
1.5903113
1.605913
1.5779531
1.5819708
1.5869409
1.5799114
1.5879252
1.5882448
1.5815365
1.5835918
1.5771052
1.5720072
1.5688798
1.5623786
1.570505
1.5715853
1.5613847
1.5601422
1.5699675
1.5707666
1.5744057
1.5694278
1.5841155
1.5780536
1.567749
1.5719634
1.5672396
1.5762112
1.5717865
1.5513664
1.5567441
1.5710002
1.5636431
1.5544274
1.5487053
1.5586901
1.5483967
1.555278
1.5533769
1.5753708
1.559493
1.5598909
1.5586069
1.5581125
1.55006
1.5468651
1.5562226
1.5526546
1.5478976
1.54508
1.552049
1.5510614
1.5509785
1.5433182
1.5463061
1.5326624
1.5497029
1.5512869
1.5450757
1.5671403
1.5395947
1.5476841
1.5363185
1.5329167
1.5431576
1.5345467
1.5494306
1.5426825
1.5424656
1.5343179
1.5420642
1.5293702
1.5335582
1.5421468
1.5320051
1.5340896
1.5408514
1.5158988
1.5374064
1.5257134
1.533591
1.5178554
1.5315439
1.5250757
1.5356058
1.5307767
1.5081466
1.5123113
1.5281005
1.5039458
1.524533
1.5221497
1.508709
1.5237867
1.5054083
1.5100985
1.5167004
1.5056432
1.5228848
1.4991546
1.5021967
1.4927938
1.5076678
1.5007735
1.4943762
1.4941516
1.5006665
1.5132823
1.5038358
1.501503
1.4957676
1.5026624
1.4726826
1.5007932
1.4941497
1.4979464
1.5084854
1.4926541
1.498665
1.492303
1.5034428
1.4921913
1.5187385
1.520678
1.4965737
1.491299
1.4749224
1.4825196
1.5007511
1.4778354
1.498776
1.491726
1.4808383
1.4904398
1.4748135
1.4872046
1.4752429
1.4648939
1.4900826
1.4724452
1.4722172
1.4850099
1.4860512
1.4866022
1.4632963
1.4631921
1.4786408
1.485312
1.4822131
1.4769036
1.4653774
1.4607434
1.4623742
1.4706067
1.47772
1.4828107
1.474299
1.4755392
1.4768467
1.478655
1.4483752
1.4790077
1.4665447
1.4709994
1.4650904
1.461849
1.4764067
1.4552431
1.4621881
1.4675738
1.4624213
1.4591194
1.5248382
1.474414
1.4612275
1.4541299
1.448747
1.467155
1.4662306
1.4544091
1.4618605
1.4653851
1.447886
1.4634832
1.4550447
1.448909
1.453098
1.4531033
1.4558249
1.4504039
1.4462742
1.4614481
1.4440178
1.457022
1.4460069
1.4540875
1.4522647
1.4535509
1.4460084
1.4585456
1.4511006
1.4475293
1.4446462
1.4329801
1.4437534
1.4366833
1.4598936
1.4577109
1.4819387
1.4401808
1.4539348
1.461868
1.4396949
1.4559622
1.4472874
1.4545766
1.4350864
1.4605627
1.4460692
1.439909
1.4591808
1.4352146
1.4431068
1.4574398
1.430589
1.4510647
1.4389566
1.436002
1.4397509
1.4360515
1.4415531
1.4529858
1.4476473
1.4318146
1.4273789
1.4457002
1.4259583
1.428876
1.4226583
1.430009
1.4341003
1.4242656
1.4286009
1.444926
1.4241352
1.4277663
1.4266828
1.4316568
1.4258674
1.4419636
1.416839
1.4210443
1.4254214
1.4314269
1.4195565
1.4355776
1.4205979
1.4144566
1.4099193
1.4312803
1.4324707
1.4254282
1.4201306
1.4211595
1.430633
1.4194624
1.4194199
1.4120252
1.4130213
1.413619
1.4136908
1.442337
1.4148202
1.4185712
1.4141059
1.4192824
1.4076983
1.4365226
1.4190602
1.4214336
1.4083267
1.4094133
1.4074894
1.4113795
1.3992687
1.4137346
1.4039041
1.4455853
1.4141225
1.4075342
1.4083468
1.4162242
1.4065717
1.4079037
1.4124669
1.4085348
1.4122813
1.4038227
1.4111581
1.3877388
1.3961488
1.3890536
1.3966244
1.394557
1.3947893
1.3943081
1.4022486
1.4022118
1.380971
1.3942649
1.3839802
1.3798865
1.383767
1.4085798
1.3975071
1.3794386
1.388094
1.3802875
1.3779871
1.3790492
1.3860353
1.3686504
1.3713831
1.3787786
1.3776994
1.3675611
1.3712915
1.3696554
1.3640474
1.3679918
1.368508
1.3678409
1.3752327
1.3595524
1.3613837
1.3495573
1.3633673
1.3800073
1.352955
1.3580258
1.3543056
1.3322786
1.3490266
1.3531898
1.3488332
1.3563157
1.3523333
1.3558793
1.3616354
1.3432765
1.3521888
1.3502703
1.3560654
1.341412
1.3506618
1.3309507
1.3476776
1.3567103
1.3433982
1.3395846
1.3319179
1.3634156
1.3458787
1.3346003
1.3427914
1.3536123
1.3402892
1.345437
1.3317002
1.3490558
1.3485829
1.3475364
1.3540626
1.3490072
1.365299
1.3422934
1.3388162
1.351362
1.3481381
1.3357583
1.3568319
1.3505875
1.3579136
1.3565322
1.3486835
1.3459312
1.3579326
1.3497092
1.3489476
1.3548434
1.3547249
1.349562
1.3716148
1.3610216
1.3482373
1.3638966
1.3414378
1.3526441
1.3677624
1.3555413
1.3455501
1.3736352
1.3529477
1.3518176
1.3678309
1.3596714
1.3574373
1.3446999
1.3463643
1.3655843
1.3380425
1.3546677
1.3416308
1.3379315
1.3363625
1.3436041
1.3457965
1.343989
1.3423935
1.3470637
1.3318889
1.3342347
1.3486867
1.341391
1.3281902
1.33335
1.3267858
1.3397049
1.3357141
1.3287718
1.3186007
1.3410993
1.3343147
1.3500223
1.3307014
1.3143841
1.3425525
1.33177
1.3299223
1.3484079
1.3032784
1.3391072
1.3303702
1.3147864
1.3212129
1.3142024
1.3289542
1.3065742
1.340216
1.3125066
1.3057908
1.3106465
1.3185432
1.3052751
1.3206744
1.3155293
1.3097779
1.2974209
1.3056797
1.309929
1.2972445
1.3344405
1.3092617
1.3109629
1.290463
1.305752
1.3094552
1.2903506
1.30098
1.303718
1.2939487
1.3133641
1.2951261
1.2993653
1.2957726
1.2914109
1.2968777
1.2955635
1.2990851
1.2952839
1.293665
1.3045754
1.3013285
1.3029803
1.3142406
1.2880086
1.3000702
1.287801
1.311026
1.2964802
1.3143766
1.2984555
1.3040049
1.3021297
1.2911831
1.3014735
1.3017756
1.2863536
1.29821
1.2971898
1.2721646
1.2852923
1.2915391
1.2926642
1.299113
1.2925981
1.3049077
1.3061728
1.2991995
1.3139712
1.282094
1.3001765
1.2855349
1.2924087
1.29211
1.292651
1.2802287
1.287201
1.2904534
1.2702788
1.288818
1.2743119
1.2811852
1.2800809
1.2817514
1.2928474
1.2806756
1.2964478
1.2785132
1.2845672
1.2797927
1.2597319
1.2797452
1.2720841
1.2760215
1.2767318
1.2753074
1.2819738
1.283933
1.2735001
1.2774013
1.2788427
1.2816229
1.2843198
1.2875911
1.2760265
1.2783294
1.2794992
1.2758696
1.2726672
1.2742038
1.2814194
1.2774167
1.2886479
1.2836722
1.2781606
1.2780211
1.2886852
1.2743496
1.2595085
1.261413
1.2741284
1.2747159
1.2736925
1.2663548
1.2669364
1.2695274
1.2679988
1.2657542
1.2693636
1.2880161
1.269127
1.2583776
1.2615087
1.2597896
1.2440563
1.2642806
1.2541575
1.2631011
1.2397772
1.2529606
1.2484629
1.2598184
1.2513151
1.2663467
1.2570271
1.2465161
1.2765762
1.3093878
1.2584271
1.2393252
1.2427613
1.2599962
1.2456659
1.2783848
1.2662138
1.2721963
1.2729856
1.255068
1.2539492
1.2585311
1.2496226
1.249897
1.2546531
1.247696
1.2340748
1.2557609
1.2715391
1.2621219
1.2404909
1.2425935
1.244493
1.2665077
1.2453055
1.230715
1.2426552
1.2294586
1.2495651
1.2408979
1.2417817
1.237673
1.2253174
1.2578688
1.2333086
1.2403799
1.2352127
1.2415391
1.2486306
1.2568294
1.2329962
1.2264057
1.2329233
1.2300642
1.2315247
1.252696
1.2605627
1.2566425
1.2218684
1.2192878
1.2133877
1.2300988
1.2287185
1.241394
1.2205813
1.2388357
1.2369723
1.2307601
1.2257262
1.2369804
1.2387649
1.2337885
1.2349372
1.2314378
1.226351
1.2346581
1.2155943
1.2304578
1.2329828
1.2288967
1.2476013
1.2220106
1.2179374
1.2227129
1.2224375
1.2032717
1.2039232
1.2149627
1.2055871
1.2203506
1.2201302
1.200591
1.2055252
1.2149332
1.2101575
1.2097658
1.2369807
1.2132525
1.2246176
1.2283795
1.2138069
1.2253283
1.2156079
1.2159723
1.2260756
1.224736
1.2315361
1.2233485
1.2109667
1.2111791
1.2087342
1.231992
1.21633
1.211725
1.2141418
1.2194506
1.2881306
1.2227446
1.2150372
1.2077607
1.1891727
1.1957011
1.2029026
1.2283473
1.2054092
1.2089812
1.2153461
1.2051541
1.2237167
1.2270402
1.2095115
1.202428
1.2059089
1.1856226
1.2078351
1.2066216
1.2060815
1.204087
1.2050836
1.2158276
1.2103753
1.1994596
1.2065238
1.1980695
1.1866565
1.2183597
1.2242419
1.2016543
1.1999384
1.2069131
1.2115651
1.199215
1.2073122
1.201268
1.2184236
1.2108151
1.1987036
1.2258674
1.220841
1.1809798
1.2068751
1.1969988
1.1954645
1.2093879
1.2135489
1.193313
1.2020884
1.2166326
1.2039835
1.1950947
1.1783133
1.2041452
1.1906018
1.1989121
1.198741
1.1987935
1.2007433
1.1759301
1.1888895
1.1817243
1.1971146
1.1808369
1.1940172
1.181037
1.1898503
1.1898355
1.1864353
1.1897192
1.1922545
1.195273
1.1939423
1.1817322
1.180515
1.175969
1.1872205
1.1763396
1.181807
1.1636324
1.1806439
1.1883076
1.1800128
1.1768258
1.1714196
1.1692332
1.1563787
1.1884286
1.1644797
1.1739444
1.1758127
1.1768659
1.1770571
1.174645
1.1667155
1.1745198
1.1712298
1.1710597
1.1800603
1.1672691
1.1747558
1.1846296
1.1692309
1.1690093
1.1912979
1.1930975
1.1616888
1.1719984
1.1788805
1.1750094
1.1755923
1.1737963
1.1848655
1.1841842
1.1516694
1.1840392
1.1761943
1.1630889
1.1779166
1.1590786
1.1572331
1.180501
1.1752269
1.1786654
1.1718911
1.1450176
1.1531942
1.1593499
1.1756339
1.1682302
1.162386
1.1575036
1.1596464
1.1683521
1.1798892
1.1484762
1.1634136
1.1474992
1.1492198
1.1482451
1.1526625
1.1638277
1.1552663
1.1607698
1.1661702
1.1598918
1.1491005
1.1502911
1.1426454
1.1478281
1.1522653
1.1590682
1.1524678
1.1395417
1.1513414
1.1361392
1.1563001
1.1607915
1.1319048
1.1495258
1.1523113
1.1501787
1.1485864
1.1461788
1.1323458
1.1488696
1.1355101
1.1340442
1.1244297
1.1439651
1.1421008
1.1472638
1.1303552
1.142411
1.1364824
1.1561795
1.1384754
1.1488278
1.1606418
1.151412
1.1530074
1.139574
1.1370151
1.1432229
1.135637
1.1343467
1.1256907
1.127078
1.1296798
1.1352584
1.1188382
1.1298419
1.117001
1.134807
1.1149213
1.1211112
1.1379421
1.1393914
1.1289239
1.12373
1.1266344
1.1379652
1.1275488
1.1335406
1.1057624
1.1310501
1.122209
1.1190763
1.1094939
1.1111695
1.11853
1.1317751
1.1381272
1.1115545
1.111423
1.1075251
1.1068755
1.1148831
1.0960284
1.1094258
1.0968667
1.1018864
1.1101949
1.1119097
1.085515
1.0893003
1.0867405
1.1107742
1.0860833
1.0782355
1.0757558
1.0851543
1.0868256
1.0951779
1.1009527
1.093952
1.08645
1.089713
1.0890018
1.0628014
1.0997362
1.095887
1.0777426
1.0809991
1.0546278
1.077221
1.0910311
1.0700103
1.071801
1.0711402
1.0781953
1.0670545
1.073592
1.0738288
1.0553746
1.0600725
1.0634439
1.0566605
1.0539066
1.0787958
1.0615734
1.0661244
1.0572879
1.0503423
1.0438141
1.0475224
1.0697935
1.0515926
1.0421481
1.0561635
1.047957
1.0574846
1.0492918
1.0591428
1.0530001
1.0343592
1.041912
1.0503412
1.0449923
1.0530467
1.0630462
1.0432171
1.0310605
1.045465
1.0490402
1.0565816
1.0334327
1.0514256
1.0318694
1.0405525
1.0491269
1.0367877
1.0405288
1.0497726
1.0271239
1.0345055
1.0438561
1.0461609
1.0199192
1.0306436
1.0293896
1.0405166
1.0456527
1.0506374
1.0328506
1.0461134
1.0411358
1.0571836
1.0379691
1.040672
1.0476027
1.0288347
1.0389313
1.0430832
1.0225071
1.0362433
1.0350257
1.0209943
1.0479257
1.0338727
1.0327226
1.0344625
1.03313
1.0341047
1.0419723
1.0249009
1.0107521
1.034829
1.0221651
1.0140748
1.0280925
1.020772
1.0202459
1.0269917
1.008436
1.0053577
1.0203265
1.0027939
1.0194937
1.0233241
1.0046295
1.0103478
1.003391
1.0029262
1.0071636
1.0004749
0.9984413
1.006804
1.0063831
1.0196602
1.0102229
1.0145488
1.0057297
0.99955046
0.9875218
1.000701
1.0090859
0.9803875
1.0187613
0.99137217
0.990713
0.9796475
0.97969073
0.9824276
0.97719276
0.9849024
0.9780297
0.99160516
0.98773086
0.98006845
0.9709045
0.9691006
0.97346234
0.96463394
0.9682505
0.9672642
0.97781706
0.9799849
0.9863886
0.98066854
0.96052456
0.9682728
0.9698634
0.9658899
0.96586156
0.9621789
0.969617
0.97635835
0.9570522
0.9572476
0.96319544
0.9636339
0.9672298
0.9568737
0.9441748
0.9705697
0.9484459
0.9534672
0.96749955
0.9554788
0.96253365
0.96311563
0.9637577
0.9535432
0.9421916
0.94658446
0.962211
0.96035635
0.9374331
0.9589461
0.9624945
0.95206475
0.96222895
0.9464416
0.94425815
0.9558413
0.9553477
0.94011045
0.9478895
0.93368554
0.9378325
0.94057894
0.9489423
0.9417592
0.9418248
0.94189245
0.9452854
0.95815253
0.947324
0.9482319
0.93286353
0.9357073
0.93235344
0.93356955
0.93639994
0.938248
0.94950944
0.9593294
0.94325
0.9353517
0.9518401
0.93817014
0.9575602
0.9295683
0.9515912
0.9404741
0.93080807
0.93192816
0.9416659
0.94550735
0.9348801
0.9320666
0.95294464
0.9510527
0.9512671
0.93763715
0.9455505
0.94194376
0.9477772
0.93945646
0.9483309
0.94782585
0.9355536
0.9367094
0.9409622
0.9331083
0.9273688
0.9349635
0.94655615
0.94456285
0.94297254
0.9444099
0.9476073
0.9273373
0.93217796
0.9173864
0.926368
0.91521025
0.9137745
0.92815727
0.9374562
0.9414872
0.9262284
0.9268344
0.946502
0.93892443
0.9161069
0.9313617
0.9244932
0.9213153
0.92098373
0.93306017
0.90624225
0.9321719
0.9266964
0.92361283
0.91624385
0.9209845
0.9071418
0.9275784
0.9212575
0.93465966
0.9206442
0.9206328
0.9125687
0.9190546
0.9143933
0.9366119
0.92509276
0.93986547
0.9346519
0.9192652
0.932163
0.90693575
0.9282171
0.91761327
0.9310877
0.9207909
0.9161492
0.91900635
0.9045215
0.9505924
0.9123553
0.911613
0.920466
0.91959023
0.9218048
0.93490565
0.91793597
0.92279327
0.9315778
0.9308397
0.90257543
0.9289319
0.9063463
0.9349118
0.9332821
0.9344291
0.91483825
0.9293077
0.93365246
0.92432547
0.91832846
0.92651606
0.91450626
0.9229879
0.9205981
0.92806363
0.9228059
0.93998164
0.9270618
0.90656525
0.92115307
0.94141823
0.9153753
0.95664126
0.9327089
0.908162
0.92801285
0.9102112
0.92265004
0.9104994
0.92337805
0.9076017
0.90574604
0.8959867
0.9181767
0.92478836
0.8923367
0.9040335
0.9150901
0.90185153
0.8950929
0.90657836
0.9066661
0.9038445
0.9026501
0.9039399
0.88277787
0.89717364
0.8915715
0.8962535
0.9139743
0.88521516
0.905195
0.8914888
0.8952393
0.89913344
0.88747597
0.8829937
0.9064192
0.90641826
0.91274714
0.91580296
0.896217
0.8991038
0.92562795
0.90388495
0.902865
0.8863623
0.89845884
0.9051953
0.9180829
0.90252954
0.8993894
0.89116234
0.9043538
0.9095821
0.89644206
0.8974582
0.88028634
0.88654244
0.899116
0.9086811
0.9048465
0.9055582
0.89528507
0.90676606
0.88788474
0.9003471
0.8945448
0.88569236
0.8706827
0.88335985
0.8942427
0.87102306
0.9156555
0.8932805
0.8948481
0.8936648
0.8863171
0.88633597
0.8812249
0.9021799
0.8818645
0.886909
0.88091445
0.877795
0.89291334
0.8841193
0.8752575
0.88269484
0.8761926
0.86613476
0.89221364
0.8995464
0.87644744
0.8852775
0.89448744
0.8695958
0.8924894
0.8825013
0.8736914
0.88050985
0.89917755
0.88776803
0.8831573
0.87889606
0.8719727
0.8690157
0.8725178
0.8462862
0.8672801
0.868416
0.8655447
0.8646977
0.88997066
0.8640186
0.8670731
0.856696
0.8622169
0.8601396
0.85604554
0.859427
0.8781317
0.87032264
0.866418
0.8721756
0.84492534
0.8531945
0.8517641
0.86126274
0.8544796
0.86461055
0.85430324
0.8797141
0.86546606
0.86099494
0.8663787
0.84980845
0.8675848
0.85225874
0.8765186
0.8512166
0.85079306
0.8418404
0.85262084
0.8712628
0.84305793
0.8502656
0.8636694
0.8687109
0.84455395
0.8444063
0.8598606
0.84939617
0.854255
0.84798956
0.8432729
0.85354483
0.8540292
0.8536434
0.86065376
0.86438483
0.8593793
0.8727213
0.85627705
0.86898535
0.8487677
0.84265906
0.84908295
0.8564587
0.85114324
0.86642605
0.8591669
0.8511518
0.84378034
0.8337081
0.84766126
0.8584925
0.8274347
0.8563077
0.8356305
0.8403582
0.8651759
0.8551577
0.8268787
0.83325016
0.8324593
0.83985853
0.8509254
0.841949
0.83604
0.8413183
0.8459919
0.8567055
0.8358385
0.8305205
0.8441996
0.84210974
0.84653693
0.84096026
0.8536682
0.8388506
0.8450905
0.8424176
0.84656787
0.84054565
0.8347782
0.8483362
0.8332131
0.8435561
0.8302767
0.8281937
0.8413954
0.85649276
0.8466451
0.8355106
0.8405648
0.8228639
0.83068407
0.83153087
0.8377209
0.83547544
0.82550824
0.8441848
0.83087975
0.82669735
0.841674
0.8452079
0.84398854
0.8432792
0.831065
0.8557135
0.85097307
0.826596
0.84385943
0.8317415
0.85068154
0.8329931
0.83433914
0.8399864
0.82913387
0.8256643
0.8190468
0.8227528
0.8315965
0.8095306
0.83449984
0.83457077
0.82696545
0.83087945
0.83067125
0.8195748
0.8078898
0.81660324
0.8188006
0.8332616
0.8308244
0.8385747
0.8153849
0.81871957
0.84990454
0.8368072
0.8208879
0.82304615
0.8244408
0.823379
0.8413994
0.82813853
0.8207371
0.8307065
0.82576245
0.8245892
0.8415191
0.8288938
0.8174158
0.82794154
0.8064613
0.8245259
0.8341426
0.8152919
0.82445574
0.84183663
0.8171697
0.8294682
0.8232492
0.84291273
0.82975644
0.8281772
0.84349334
0.8128536
0.8235603
0.8493114
0.8229926
0.8123565
0.81897193
0.81193393
0.81635934
0.8117591
0.8161151
0.80772436
0.82659644
0.81875896
0.80355686
0.79444855
0.8084942
0.8116675
0.812179
0.8062508
0.80769545
0.7982485
0.8068658
0.82849866
0.8277579
0.8067404
0.7978508
0.81028175
0.8243622
0.8141683
0.7918201
0.79180765
0.79504466
0.78058386
0.7782544
0.80883497
0.801646
0.8418335
0.7932462
0.7961717
0.8093956
0.78461444
0.77235436
0.7734412
0.7691207
0.79246116
0.7946988
0.77913284
0.75824016
0.7812244
0.770321
0.7785711
0.7766163
0.7658295
0.78031534
0.7588879
0.7764702
0.7778296
0.7957257
0.774793
0.77808845
0.7674628
0.7588423
0.75727504
0.77069944
0.7600905
0.77506816
0.7771542
0.7525484
0.74683
0.77421105
0.7582492
0.7425153
0.7630969
0.769807
0.75421125
0.7613685
0.763203
0.75098807
0.76506627
0.77183485
0.77404326
0.7758909
0.7546912
0.756449
0.77175796
0.76202786
0.74429256
0.76058966
0.75227296
0.7754568
0.7438448
0.7366484
0.75414735
0.75445247
0.75544286
0.73897004
0.76185006
0.7411154
0.73475975
0.7632376
0.7532522
0.7529364
0.7513636
0.7323606
0.72637343
0.7412952
0.7308295
0.74583435
0.7503708
0.7441866
0.766046
0.72677773
0.75674963
0.7270637
0.7287906
0.73510957
0.80930823
0.7324824
0.7522236
0.72450477
0.75288326
0.7278583
0.7348169
0.73873234
0.72760123
0.733673
0.726358
0.7352586
0.74116266
0.7354317
0.72741586
0.7222011
0.7283427
0.7262904
0.7391789
0.7276047
0.74649024
0.74330854
0.7319626
0.7224128
0.7374566
0.7500793
0.729967
0.7052987
0.72549534
0.7389234
0.7254203
0.7261579
0.72985697
0.71455467
0.7328732
0.7058138
0.73501027
0.71579427
0.7081947
0.74218476
0.7373426
0.7285192
0.7291849
0.72019273
0.72583324
0.72800374
0.7407494
0.7309489
0.7354196
0.72200876
0.71382594
0.7303243
0.74291986
0.73501277
0.7261108
0.71986735
0.75059944
0.73516583
0.7172245
0.7113308
0.7424947
0.73024434
0.72211623
0.730334
0.7222776
0.7285082
0.7401095
0.74786294
0.74839675
0.7350439
0.7467567
0.7220055
0.7169321
0.7261282
0.74169505
0.72979784
0.71190226
0.72109205
0.7363543
0.7224803
0.7088719
0.71475476
0.72102463
0.73159254
0.70625436
0.715201
0.7234721
0.71561116
0.7297306
0.7374065
0.69357675
0.737532
0.7336639
0.7358196
0.71798027
0.71963215
0.7266285
0.7359377
0.73686695
0.73812944
0.7311427
0.719923
0.7092163
0.7133499
0.720447
0.70973134
0.7116906
0.7370148
0.70585495
0.70223075
0.722582
0.73260057
0.7325967
0.72445816
0.69946176
0.7075243
0.71119785
0.7172506
0.7247284
0.71537656
0.71230936
0.7210309
0.7130144
0.704137
0.7136937
0.698985
0.6958746
0.70063406
0.68740124
0.70592254
0.716077
0.69312453
0.7181534
0.6930294
0.70607907
0.7168726
0.6920963
0.69114053
0.7003635
0.6886285
0.70126307
0.6971329
0.6870488
0.712397
0.70710796
0.7005983
0.70613223
0.7006171
0.71402013
0.7061457
0.7162479
0.70073116
0.70199394
0.7017391
0.70997787
0.71646297
0.6995958
0.71588254
0.70246077
0.7169272
0.6921987
0.70333433
0.69344187
0.68585646
0.70442903
0.70814407
0.7045394
0.6937548
0.6901662
0.6834775
0.6776849
0.6982281
0.68908745
0.68700945
0.6698524
0.6846684
0.6968665
0.6946013
0.686263
0.6887238
0.66516256
0.68233377
0.68102294
0.6722964
0.67118174
0.66371924
0.68241096
0.68629515
0.6827527
0.6906152
0.6887075
0.67885506
0.68588346
0.68857425
0.6897503
0.67780435
0.6831155
0.6870429
0.6794142
0.70017207
0.6904906
0.68851054
0.67439026
0.7595157
0.68419766
0.67841774
0.68587327
0.6970939
0.6827452
0.69287586
0.67155313
0.68724716
0.6887993
0.668815
0.6799547
0.68871427
0.6697791
0.6898898
0.69010365
0.6780208
0.67701894
0.68538433
0.6827935
0.68323976
0.6734642
0.6694906
0.68086475
0.69118667
0.70079875
0.6845564
0.6974485
0.7045624
0.6791342
0.70073295
0.6925222
0.6969855
0.6874908
0.69843733
0.7076194
0.69578695
0.7173098
0.7075489
0.70933324
0.69052696
0.7057447
0.7365322
0.69815207
0.6860316
0.69540274
0.67626286
0.6715062
0.69462174
0.817048
0.6967875
0.6841379
0.6870223
0.7037535
0.69543517
0.6880266
0.66333133
0.6764968
0.67650527
0.7043787
0.70327926
0.6725459
0.689002
0.6908709
0.6862408
0.6872978
0.6799621
0.6623855
0.67318404
0.6762941
0.6828985
0.6967891
0.6988579
0.6746789
0.69974566
0.6756124
0.6736934
0.67674136
0.65952116
0.6795762
0.6848526
0.6706052
0.6746344
0.6675342
0.6933988
0.6703041
0.67762464
0.6681398
0.677034
0.6843709
0.6742753
0.68835837
0.69433635
0.70479906
0.6852457
0.67588514
0.7807563
0.6929629
0.69279885
0.69076884
0.6846795
0.69867986
0.6940908
0.677713
0.7071275
0.6704283
0.6772239
0.68065405
0.6966866
0.6793548
0.68023205
0.70928466
0.68288386
0.69035286
0.6851919
0.701321
0.7144716
0.70946896
0.70564157
0.6998559
0.70678705
0.67978007
0.69469535
0.69933784
0.6900977
0.71068317
0.7079903
0.69529486
0.6982766
0.68567353
0.7095198
0.6911904
0.69139767
0.7059044
0.7067932
0.69266725
0.72111756
0.68843657
0.68768394
0.67334986
0.70060223
0.69278157
0.6955123
0.66936827
0.67348087
0.6796438
0.6896233
0.68712837
0.68285626
0.7041804
0.6907537
0.6998611
0.69565475
0.7098477
0.7011048
0.67305666
0.7018564
0.6807287
0.72404426
0.6901856
0.70620686
0.7013204
0.6864792
0.68154806
0.688132
0.6733345
0.6600104
0.6734843
0.66071653
0.67302346
0.6882341
0.6562474
0.68911934
0.6991756
0.6669462
0.68082654
0.6690513
0.66885793
0.6646268
0.6751138
0.6623422
0.6785674
0.6464227
0.664335
0.65835893
0.68725806
0.6717556
0.67705184
0.6701061
0.6713486
0.6710047
0.68547547
0.69060296
0.6769616
0.67188907
0.6714471
0.66287804
0.66574156
0.6696533
0.6765471
0.6517845
0.6618197
0.674563
0.6629463
0.65723115
0.6638164
0.65950686
0.6804857
0.6565048
0.6514989
0.65944713
0.6549909
0.6720665
0.65428996
0.67403895
0.68421835
0.67613554
0.65062624
0.6542753
0.64733684
0.652704
0.6608532
0.6584177
0.6445519
0.64274365
0.6605498
0.64465946
0.64751893
0.65377
0.6456627
0.6426075
0.66751987
0.6549705
0.66084945
0.6422665
0.6604465
0.650269
0.65663415
0.6621809
0.6734986
0.6470992
0.64263135
0.6581498
0.6596603
0.66276765
0.6401957
0.6515967
0.65866286
0.65482986
0.65324223
0.650464
0.65858674
0.64913183
0.6456909
0.64339805
0.64960605
0.65724176
0.6421885
0.640922
0.6433136
0.6314424
0.64693785
0.652012
0.63794225
0.6764908
0.6400908
0.6412414
0.6490755
0.6331922
0.6479294
0.6389387
0.6274266
0.6459379
0.6260939
0.6512534
0.63450277
0.65159804
0.62544847
0.6299204
0.62569785
0.64151925
0.638748
0.61269605
0.6168896
0.61050355
0.6384288
0.6381315
0.6260384
0.62538105
0.6330558
0.6460139
0.6286178
0.6309465
0.61830306
0.61453897
0.6189352
0.63625914
0.62981874
0.63453394
0.61738
0.6193913
0.64168984
0.6205881
0.6383592
0.6294632
0.62676704
0.6272519
0.6220868
0.63211644
0.62933666
0.6303973
0.63325566
0.64846444
0.64778775
0.65633565
0.6451935
0.6193923
0.61598736
0.61697215
0.6095166
0.63786453
0.60513467
0.6352931
0.6316747
0.6354203
0.63761014
0.6415964
0.64592105
0.6366256
0.62481976
0.64367205
0.6592795
0.6280401
0.60756993
0.62061715
0.6419515
0.6180418
0.62324315
0.67266136
0.6269201
0.6138073
0.6277854
0.6417068
0.63748926
0.6065678
0.6368439
0.60701215
0.6217635
0.6536855
0.6128761
0.62112385
0.6274701
0.6197539
0.6280961
0.6244897
0.64438075
0.6292567
0.62560284
0.62169343
0.60785735
0.60260963
0.6107371
0.63857657
0.62623405
0.6147405
0.6075051
0.5943087
0.61957246
0.5923677
0.6109704
0.60220003
0.6336952
0.60309106
0.60448235
0.60337216
0.6087388
0.58852804
0.60539633
0.61917454
0.5925609
0.5936551
0.5748076
0.6021229
0.61602515
0.5953163
0.59459466
0.58319116
0.6021537
0.60154426
0.6089316
0.5894699
0.5978467
0.60063165
0.63071775
0.62066424
0.590359
0.61704254
0.6015366
0.60314816
0.59988755
0.5935692
0.60099393
0.60545814
0.5943553
0.59463453
0.6060743
0.61132514
0.59410477
0.6125024
0.6010183
0.5978579
0.595296
0.60515857
0.6388044
0.60573786
0.6312522
0.600063
0.5868252
0.595687
0.59622973
0.60087186
0.6114944
0.598022
0.6039958
0.5846657
0.5955904
0.5832552
0.59471554
0.56245387
0.6059723
0.58690566
0.5917138
0.5861189
0.6056026
0.5665701
0.5904612
0.5717927
0.58753884
0.5797445
0.60509264
0.5648461
0.58756775
0.58305484
0.60640436
0.5886043
0.59982
0.57782966
0.5723893
0.59747654
0.6018285
0.5910296
0.59010035
0.5892587
0.5641545
0.58958125
0.5837555
0.58594906
0.56467277
0.58241636
0.5624473
0.572956
0.6009488
0.569086
0.5848944
0.59405607
0.577151
0.57228243
0.57079166
0.58595234
0.5848428
0.5808463
0.57498264
0.56046426
0.5757598
0.5694973
0.5929285
0.5826554
0.5865559
0.58515275
0.57920194
0.5929153
0.5759232
0.60782766
0.59690356
0.6147394
0.57330775
0.59219027
0.586185
0.60493875
0.6129144
0.60078675
0.5743608
0.572986
0.5896743
0.59730977
0.5973774
0.5998706
0.60604936
0.59839875
0.60631084
0.60600203
0.57993096
0.63503665
0.62855023
0.5828572
0.60473955
0.6060914
0.621776
0.6072914
0.615582
0.6024809
0.60329074
0.6250875
0.5972167
0.605896
0.59607875
0.5962343
0.6199728
0.61484003
0.5941603
0.5975328
0.59055847
0.6225299
0.5965115
0.59008485
0.59154415
0.6043428
0.58728516
0.58852494
0.59703255
0.60271835
0.60172135
0.6088006
0.599727
0.61420727
0.6043369
0.5925396
0.58118975
0.6042822
0.5805889
0.6007434
0.5785468
0.59069264
0.5850204
0.58811533
0.6142315
0.58710605
0.5925438
0.58536077
0.6035394
0.6225639
0.59997433
0.5777608
0.61388177
0.5852061
0.5953002
0.60530466
0.61113936
0.6031794
0.5903992
0.58593714
0.5875641
0.5806645
0.5922749
0.6076131
0.5793658
0.58371866
0.5849612
0.57211524
0.5873132
0.60416275
0.6044471
0.5904475
0.57132494
0.56978106
0.5866361
0.595527
0.5760002
0.6093709
0.5771967
0.5884678
0.5817298
0.59691197
0.5701896
0.6024512
0.5938021
0.5786205
0.5936308
0.59894115
0.5945841
0.5843377
0.5812371
0.56644434
0.59377104
0.59577775
0.60736185
0.58394897
0.5736434
0.5717629
0.573225
0.6090035
0.6166081
0.58147115
0.5717071
0.574348
0.59894073
0.57233286
0.56950337
0.5768756
0.5861891
0.56780964
0.5727292
0.6043663
0.5641464
0.58244467
0.595626
0.5888312
0.5956359
0.5837318
0.5845804
0.5779607
0.5946241
0.59263545
0.6696035
0.5981744
0.59537256
0.5862467
0.6022362
0.5748405
0.59752285
0.57930404
0.60142434
0.60079306
0.58598393
0.58837795
0.5836885
0.5902257
0.5931997
0.60141516
0.5866624
0.59883606
0.58016044
0.5886384
0.6036384
0.58735245
0.5967305
0.5996148
0.57157105
0.60328615
0.5964516
0.59550285
0.5938162
0.5799165
0.5873731
0.58776075
0.5932559
0.57160485
0.58538043
0.561807
0.6090656
0.5667613
0.59699357
0.595511
0.58935857
0.5789286
0.5755246
0.59446055
0.55727303
0.57096124
0.5826555
0.6027503
0.5828049
0.5884799
0.57073003
0.5788859
0.5692025
0.5755052
0.57683265
0.56261855
0.59072435
0.55999553
0.57060695
0.59174854
0.56651413
0.54505056
0.5959609
0.57657224
0.5482814
0.5540724
0.56908196
0.56251425
0.58859503
0.570586
0.55947626
0.56885904
0.58033234
0.5640221
0.58293724
0.5654926
0.53735524
0.5845131
0.5772955
0.55584764
0.5747261
0.59088564
0.5715085
0.54894215
0.5543764
0.5488138
0.5896879
0.5696273
0.5721553
0.56286097
0.55279523
0.5818031
0.54222023
0.58042115
0.5572346
0.5785063
0.5687498
0.57974064
0.5925309
0.5563199
0.5841255
0.60039103
0.5907393
0.5810275
0.5815078
0.5670581
0.55086285
0.60362595
0.58002627
0.57877487
0.59146696
0.5631297
0.5583622
0.5567808
0.6176575
0.58170897
0.5625218
0.56696033
0.5835641
0.58051383
0.58371955
0.57853585
0.5637264
0.5871418
0.60664487
0.5710861
0.5514131
0.5783322
0.57070076
0.5755281
0.5764043
0.5587734
0.5737612
0.5832201
0.5494666
0.5352378
0.5720916
0.580695
0.5851388
0.55277765
0.5832633
0.5747053
0.5816813
0.5725115
0.5724016
0.5785614
0.5548164
0.53624654
0.57985806
0.56747067
0.571759
0.57000154
0.5597025
0.5500987
0.5831538
0.5547219
0.532253
0.5770587
0.56836337
0.54640913
0.54397035
0.545103
0.5610792
0.54145586
0.5384491
0.56298584
0.55020136
0.53127176
0.54696256
0.53445345
0.53778744
0.5299547
0.53471935
0.5382474
0.53802305
0.53180677
0.5427088
0.557821
0.54145885
0.533592
0.5214066
0.52797586
0.5436277
0.5288275
0.550658
0.52223086
0.524044
0.51940554
0.52969366
0.53595376
0.5407597
0.5448545
0.5411242
0.53117925
0.52520967
0.5331803
0.5433549
0.54060113
0.55386865
0.5509099
0.5248634
0.52917314
0.5545005
0.52237797
0.5158593
0.53890395
0.52349615
0.52239335
0.5090675
0.5254288
0.5277243
0.5454577
0.52970517
0.52138585
0.55950356
0.54014534
0.5219179
0.5285129
0.6550499
0.5297326
0.54619455
0.5184966
0.5531147
0.53244746
0.51513314
0.53624815
0.5402869
0.52721214
0.5202017
0.54308635
0.68753594
0.5370871
0.5130722
0.5151748
0.521081
0.5492742
0.516863
0.52867323
0.5189585
0.51445204
0.53493816
0.51435506
0.54197645
0.5128806
0.5315199
0.53132874
0.52292866
0.53492665
0.52171683
0.52792054
0.53318286
0.5151342
0.5377427
0.5258717
0.51090854
0.51836187
0.5165767
0.50870204
0.52786165
0.5294294
0.53676033
0.5194852
0.5324366
0.5241653
0.50024515
0.52565527
0.5225841
0.51867783
0.53489757
0.52680427
0.50647575
0.52056354
0.524488
0.5229894
0.5226458
0.51574886
0.5359871
0.50466615
0.5311561
0.5082584
0.499691
0.516778
0.5064338
0.5229151
0.5212196
0.5093191
0.50100255
0.52851355
0.52610224
0.52828276
0.5053066
0.52492166
0.5676341
0.51304823
0.5100839
0.5173105
0.5116138
0.5035381
0.52934086
0.5065128
0.50341225
0.5305822
0.52795756
0.5096956
0.51792455
0.53950447
0.5281874
0.51611406
0.5206022
0.49747783
0.50643027
0.5167781
0.5049932
0.49741626
0.53662723
0.51677257
0.51870906
0.51537734
0.5383964
0.51086485
0.58290935
0.5266528
0.530147
0.5616988
0.5026458
0.53120095
0.5240914
0.5308962
0.51066375
0.50365907
0.51680744
0.5258459
0.52970076
0.52721274
0.49178773
0.5080296
0.5186295
0.50736576
0.49889886
0.49864003
0.52040774
0.5070007
0.51266205
0.51908755
0.49344978
0.5372354
0.50288546
0.50957996
0.51441956
0.5079143
0.52591693
0.52469295
0.5055034
0.5054286
0.5268345
0.49586976
0.4838991
0.5051452
0.49848017
0.51153034
0.5105143
0.49984
0.5140855
0.5038829
0.5138272
0.52826566
0.48650378
0.50519013
0.5171211
0.49396202
0.5110372
0.5524696
0.49294838
0.52502996
0.49627137
0.52744305
0.5302487
0.5359801
0.50461894
0.5235796
0.5157445
0.530699
0.5304368
0.5151657
0.499608
0.5153374
0.5117567
0.53877336
0.49746603
0.51411927
0.5229235
0.5103211
0.5210632
0.5305585
0.47975028
0.5295944
0.4946193
0.49056637
0.5167711
0.5089269
0.5113025
0.51585436
0.52144396
0.49805775
0.5242793
0.49842492
0.4821582
0.50383323
0.4990868
0.51802146
0.5136251
0.51538545
0.51317745
0.48118305
0.5304707
0.5080669
0.51941895
0.4959358
0.5350061
0.48532727
0.49188098
0.50118357
0.5041314
0.5086695
0.4936227
0.519474
0.48414874
0.5244062
0.5112372
0.5277534
0.5128407
0.52204436
0.5053375
0.50097495
0.5076265
0.50183773
0.5019305
0.48437083
0.5044642
0.49852785
0.50091404
0.506705
0.50066674
0.51476216
0.5016648
0.50344867
0.48383284
0.5127131
0.5161484
0.506135
0.5067668
0.5006762
0.5185574
0.51964283
0.51468444
0.48427165
0.51934785
0.5082652
0.5058294
0.49940252
0.50885916
0.4996826
0.5119461
0.5224156
0.5274377
0.4897319
0.54162645
0.49091008
0.5077561
0.58544445
0.55295086
0.4832399
0.4967558
0.49530962
0.48661545
0.492701
0.47498682
0.48706895
0.5189383
0.49880776
0.48759156
0.4873282
0.49903706
0.47646093
0.487164
0.5092725
0.48886764
0.5134018
0.5181375
0.49967778
0.48917198
0.50613415
0.5076214
0.52559096
0.54760313
0.50770235
0.49191815
0.5012601
0.49215254
0.5163111
0.49976614
0.52079505
0.5027949
0.50989527
0.52283317
0.53767234
0.51309514
0.49243015
0.50901484
0.5269971
0.5683691
0.53821945
0.5127006
0.49958163
0.4993974
0.50198877
0.5121693
0.51102513
0.4987759
0.50724196
0.51187354
0.49733758
0.53420275
0.49956116
0.49392536
0.5148305
0.5016343
0.5027065
0.53194183
0.4772529
0.48101822
0.53446496
0.5484107
0.49308038
0.49336517
0.5353402
0.52264833
0.51057494
0.51128596
0.5218361
0.55562055
0.49368387
0.5406705
0.5154676
0.51497453
0.51932466
0.5064043
0.5381628
0.55811995
0.5200978
0.49888644
0.5265099
0.5018901
0.49281165
0.5000427
0.5014608
0.52785194
0.5154685
0.5087205
0.56491894
0.5244214
0.5616951
0.5280274
0.50448656
0.50849336
0.52439815
0.5327032
0.51357996
0.49019065
0.500158
0.50785494
0.49642137
0.5002955
0.47578788
0.5117658
0.4745023
0.5003744
0.5115995
0.49817944
0.47627026
0.49399224
0.48273876
0.491631
0.4828582
0.49852356
0.50371253
0.49002945
0.49356174
0.4831481
0.4740411
0.5122984
0.5008374
0.50146985
0.4773963
0.5067727
0.48542026
0.4930712
0.47581592
0.49462095
0.48299795
0.4726859
0.46425512
0.47997597
0.49719462
0.4647761
0.48436588
0.45960152
0.5057612
0.50250906
0.48008496
0.49231336
0.5095611
0.48643598
0.48918402
0.5301598
0.54941064
0.5058349
0.5210999
0.4912603
0.47424322
0.49401385
0.53518796
0.5152906
0.48815417
0.4837692
0.50274837
0.46322715
0.49553955
0.5561675
0.5439608
0.4774881
0.49726823
0.51824784
0.50435394
0.5087511
0.48482412
0.5222088
0.48594347
0.54036295
0.5017739
0.5107324
0.48355144
0.47899652
0.492719
0.5009802
0.4680599
0.49667582
0.4956227
0.49673647
0.5242348
0.4790125
0.49403846
0.5076828
0.48228765
0.4799748
0.48679525
0.5079594
0.517112
0.5217728
0.4855601
0.48637268
0.4948335
0.4820089
0.50718665
0.48288152
0.50552803
0.4711878
0.52560836
0.49679503
0.49304193
0.47351852
0.4857551
0.4865911
0.49351653
0.49570012
0.49730098
0.48558024
0.5043706
0.49260157
0.49163014
0.5022285
0.5101877
0.4988353
0.49865854
0.49465656
0.5577041
0.503596
0.4910099
0.46310526
0.50395834
0.48705935
0.47373712
0.5107
0.49725968
0.49817395
0.49960864
0.5036836
0.4646045
0.5090341
0.50032836
0.49020228
0.4852904
0.4966563
0.5303458
0.4724162
0.48800203
0.4914623
0.484632
0.47727227
0.48833758
0.4808646
0.46838012
0.52167064
0.4582668
0.464604
0.47543693
0.45485324
0.45937064
0.47560018
0.4886053
0.47598913
0.48179686
0.46767476
0.45210448
0.45496047
0.46125948
0.46218103
0.4348117
0.45842403
0.47726256
0.4851995
0.4601061
0.44887853
0.4515668
0.4774169
0.46989763
0.47118935
0.43839046
0.44701612
0.47134468
0.48075512
0.42401224
0.43681562
0.45203814
0.44360968
0.4580684
0.4523523
0.44170356
0.42712405
0.43560377
0.4313184
0.45943454
0.41522354
0.40915203
0.4422688
0.45377654
0.4911938
0.41155985
0.43874523
0.38402584
0.40156624
0.42486063
0.40779543
0.42686975
0.46582654
0.45560393
0.41544485
0.404979
0.44309166
0.42140463
0.41821533
0.45529482
0.42638698
0.43024835
0.3810312
0.42497492
0.41075715
0.3839621
0.40065032
0.3989126
0.43178523
0.38881356
0.47064894
0.40845165
0.40519542
0.41587585
0.43021834
0.39889464
0.40255687
0.40575564
0.39166725
0.40124965
0.43736959
0.40142503
0.39784986
0.42507613
0.42077506
0.44612622
0.398926
0.4260156
0.418358
0.40645465
0.43364245
0.40740874
0.4054365
0.4130032
0.3843977
0.40173498
0.39748904
0.4104115
0.41979787
0.39632493
0.40334558
0.39500836
0.393613
0.420796
0.3979659
0.38806298
0.41353676
0.40581512
0.37783343
0.38969234
0.4096034
0.43291172
0.3999319
0.41582245
0.41689026
0.4227035
0.4074048
0.4138074
0.3973912
0.39463133
0.401244
0.40364116
0.41652647
0.39190486
0.37899458
0.39271936
0.42263994
0.43675968
0.37593335
0.42676157
0.46350637
0.39290163
0.43223712
0.4186784
0.3797973
0.42650422
0.38290745
0.39040688
0.39253706
0.3845545
0.39228335
0.41258118
0.4049695
0.39669207
0.392628
0.38519883
0.38834918
0.391657
0.41068822
0.4788592
0.4489546
0.38844848
0.42071754
0.38636196
0.394884
0.40105554
0.39065877
0.39051625
0.4217128
0.41173083
0.3799129
0.39088944
0.3812828
0.37828612
0.41226253
0.377908
0.40907815
0.42489687
0.37956926
0.37542775
0.37071058
0.399551
0.39603236
0.36358303
0.3862503
0.4100813
0.41878793
0.38657215
0.37130255
0.4051072
0.39489323
0.43993485
0.36738807
0.4234522
0.39925155
0.38621533
0.40356112
0.3826831
0.39598092
0.38207644
0.39135748
0.41498607
0.39316687
0.41331765
0.36505553
0.3899789
0.39321247
0.39541155
0.38017252
0.3934652
0.38955244
0.39319816
0.37208033
0.3994753
0.37939233
0.41973552
0.4576941
0.40639848
0.37397546
0.3901058
0.40447962
0.3802432
0.3561254
0.41788572
0.41025904
0.38467628
0.43397668
0.36267084
0.36746907
0.38960686
0.40157074
0.4014835
0.3994414
0.38755515
0.39204928
0.38244402
0.371296
0.39826128
0.37286252
0.37746215
0.4194348
0.38200158
0.37940118
0.3527993
0.37217948
0.38148782
0.35246032
0.3714546
0.39428523
0.40126127
0.3644681
0.3878546
0.4225089
0.38285148
0.3691148
0.3658864
0.3694202
0.3693202
0.40789995
0.38122556
0.36859927
0.3669605
0.3680861
0.40502545
0.40350765
0.3786038
0.39404246
0.38479653
0.39549774
0.4127804
0.41506034
0.39269292
0.35610402
0.3696886
0.37498444
0.41291493
0.37395433
0.37493634
0.41654482
0.35551044
0.42821166
0.36610028
0.3732741
0.4236369
0.3911956
0.38876566
0.39266923
0.39200097
0.37490627
0.42469352
0.401965
0.3673655
0.41138652
0.38572332
0.40251434
0.43072584
0.35550404
0.35989624
0.36204538
0.36040786
0.3674906
0.34526938
0.34865662
0.4156539
0.3825171
0.35863575
0.34640467
0.40712652
0.36675718
0.37950957
0.3775136
0.3885212
0.3634365
0.340358
0.3717386
0.37766805
0.3981158
0.37655526
0.38444343
0.3596814
0.37696517
0.36507222
0.3621672
0.36738443
0.3582005
0.37439424
0.40443596
0.3689134
0.4125669
0.3639434
0.3681578
0.35195965
0.36405537
0.36081025
0.3855501
0.3866568
0.3720849
0.37041032
0.37993827
0.41925657
0.3908143
0.3500563
0.3961152
0.379122
0.36606282
0.3733297
0.3786402
0.36805645
0.35493663
0.34195182
0.35653105
0.37799475
0.33184332
0.36959854
0.34548688
0.3894381
0.36867222
0.3675557
0.3377654
0.3925284
0.3711943
0.34815687
0.36972192
0.34526578
0.34174073
0.35945013
0.3137724
0.41123125
0.3734817
0.3556505
0.34327352
0.2997569
0.36546472
0.4053255
0.36963797
0.38152564
0.36854374
0.41407508
0.35668918
0.3531728
0.3873983
0.356393
0.3187762
0.42622364
0.33107102
0.3497383
0.38409838
0.36545146
0.36402196
0.39426565
0.3779855
0.35322875
0.36989316
0.39576027
0.36636946
0.34483904
0.34093857
0.44075567
0.37537056
0.37009615
0.32554436
0.374631
0.35266456
0.38983467
0.3400267
0.35848975
0.33624685
0.37043968
0.38350663
0.36329108
0.3932695
0.3984099
0.35970715
0.3752652
0.36212882
0.3771234
0.3643495
0.36284792
0.3960458
0.38192374
0.34891474
0.383995
0.344067
0.35275438
0.36927065
0.37635475
0.3590826
0.40771627
0.38258842
0.35912108
0.3908688
0.36357203
0.39151534
0.37608013
0.3946098
0.45752537
0.36514607
0.35398695
0.40860465
0.34417504
0.37761086
0.37666556
0.3909471
0.37068245
0.3490068
0.38370335
0.39862478
0.41378674
0.35822263
0.3808162
0.38526714
0.38700482
0.35523006
0.3725184
0.33396745
0.37775037
0.38171732
0.4145334
0.36026248
0.37592375
0.36161554
0.36363187
0.4001357
0.3744878
0.39979267
0.3614921
0.40487725
0.42513466
0.39208597
0.38452548
0.3754622
0.37098855
0.37916377
0.33684137
0.3667984
0.39427552
0.34850708
0.36446962
0.36215913
0.3694801
0.35436386
0.33145204
0.37688807
0.40190366
0.33164173
0.36001384
0.38492092
0.34707776
0.3583599
0.38103673
0.37172413
0.39390433
0.3906303
0.37998483
0.40785936
0.38703957
0.37912592
0.3805285
0.38792253
0.39961672
0.37150326
0.35181615
0.46505475
0.35631326
0.42578664
0.37361544
0.39421752
0.35130084
0.39704236
0.387828
0.39751777
0.3481474
0.3959899
0.38278052
0.38830343
0.39016426
0.37155148
0.40873706
0.3899596
0.3739361
0.35766566
0.4331935
0.35706425
0.38388413
0.40478247
0.39162695
0.38104558
0.38206926
0.4066304
0.39471412
0.3527546
0.35599282
0.38045222
0.3778919
0.36417627
0.3822132
0.41003472
0.39921838
0.42199
0.36321884
0.42322072
0.38173124
0.34843868
0.4103909
0.3450106
0.38205433
0.3740343
0.37474334
0.42980126
0.42831278
0.43862024
0.32786706
0.37706205
0.37873417
0.3813497
0.36383152
0.4058882
0.4044646
0.37765285
0.39129192
0.37612486
0.44720688
0.3492236
0.351658
0.38623372
0.37565205
0.3722253
0.38790646
0.41412073
0.37007594
0.38397083
0.39551017
0.3705886
0.42443618
0.37080112
0.43830267
0.39489993
0.37718034
0.36551893
0.35859767
0.448413
0.39225352
0.405231
0.37639353
0.37040347
0.36437076
0.39696282
0.39312708
0.37734547
0.372268
0.3828105
0.3481889
0.37456974
0.341805
0.38595074
0.37451112
0.4129422
0.41158745
0.36031064
0.403998
0.3739293
0.3561774
0.3818753
0.3617597
0.38107732
0.360295
0.3614603
0.3197927
0.35827723
0.35276967
0.34674916
0.38738266
0.39171827
0.38275132
0.37400165
0.347309
0.3574985
0.37330323
0.33381626
0.3690437
0.35726178
0.39996785
0.35549927
0.4488387
0.3511103
0.4185328
0.3967604
0.38166085
0.38398695
0.35121349
0.38758817
0.38350663
0.32446066
0.37111756
0.36838502
0.32532328
0.36943904
0.36499575
0.39696163
0.4189865
0.36055696
0.40319243
0.3268969
0.37392005
0.34638
0.35730252
0.347116
0.34786507
0.32874152
0.33204365
0.33506387
0.3474614
0.34076232
0.34645617
0.3541887
0.3440637
0.44344977
0.35715175
0.36678514
0.34441796
0.3492463
0.42575848
0.377568
0.37246412
0.39054665
0.5253198
0.38365915
0.40466312
0.36714196
0.3428583
0.35177928
0.3300294
0.32627502
0.3607384
0.3195025
0.3287145
0.3471868
0.36891374
0.36664447
0.33516744
0.34613267
0.365522
0.3456791
0.32515597
0.34904477
0.34628972
0.3699855
0.31282878
0.36525503
0.3325184
0.31970662
0.32467455
0.31385347
0.34806967
0.3841856
0.46699768
0.45580396
0.37542623
0.3762533
0.3782458
0.37874052
0.35058436
0.40745583
0.3457289
0.48870024
0.40965015
0.34657112
0.37908044
0.35021147
0.41984627
0.35077438
0.40010703
0.35378826
0.3513807
0.32767028
0.36580852
0.34599295
0.32465014
0.35399857
0.35545745
0.37482518
0.34529343
0.372682
0.39832166
0.37359613
0.33816144
0.3776658
0.3557794
0.3673972
0.41381875
0.3962561
0.33890927
0.41148868
0.3850967
0.34872934
0.40150124
0.34698093
0.3679439
0.4098193
0.39390454
0.35519418
0.37194332
0.3806598
0.3748301
0.45433968
0.39189878
0.40455925
0.4057465
0.37293184
0.35979542
0.37471348
0.40443483
0.3616384
0.40254706
0.43521065
0.36558062
0.41205546
0.35788977
0.4476541
0.37021804
0.39411464
0.4274779
0.4451645
0.38327202
0.43661612
0.37816098
0.4306678
0.41413122
0.3902005
0.37791225
0.37328252
0.37808412
0.36308345
0.40464723
0.4157372
0.4104597
0.36731702
0.40267605
0.37258306
0.38690442
0.42445707
0.37183225
0.37705886
0.41436645
0.38812688
0.38350174
0.4090079
0.38562822
0.3994844
0.4075263
0.40451413
0.38209662
0.4270795
0.3782204
0.3661479
0.37744775
0.38632882
0.4103206
0.39515856
0.40279683
0.408441
0.3859882
0.38851595
0.41638017
0.39159545
0.37936994
0.4114708
0.40976396
0.38209456
0.39559764
0.38664442
0.37689063
0.37707913
0.38726625
0.36845747
0.38718203
0.44365358
0.3994757
0.38803226
0.37917593
0.3692605
0.361278
0.35621524
0.36119586
0.37508634
0.39222622
0.40726933
0.39213973
0.3718785
0.3552535
0.35571888
0.34877175
0.37169707
0.4111586
0.3748173
0.35419112
0.3509755
0.35070857
0.34974295
0.36238506
0.36788636
0.37544137
0.374997
0.37644583
0.37673163
0.36535284
0.3679896
0.3596845
0.35903555
0.361249
0.3632987
0.35765967
0.40017718
0.51637834
0.42077887
0.37363052
0.36785764
0.34152052
0.3367251
0.34614953
0.36642107
0.3765784
0.35932693
0.34952483
0.34828752
0.3695048
0.3857164
0.383626
0.37377116
0.3647682
0.34827486
0.33944288
0.3315999
0.32624385
0.3305025
0.34652868
0.34704122
0.34132385
0.33289912
0.3435525
0.34667823
0.34527448
0.33957934
0.3349155
0.3253208
0.33340707
0.33996707
0.3529649
0.34835622
0.35456195
0.35917395
0.35068738
0.34331468
0.33514878
0.3400573
0.3324675
0.34309223
0.33442822
0.34164423
0.3236584
0.33332318
0.32700372
0.32739654
0.33708262
0.34032106
0.34404722
0.33330938
0.32318076
0.3223374
0.3115728
0.3130093
0.3172087
0.32729802
0.3308775
0.3278733
0.32508606
0.32722795
0.34672454
0.34404385
0.35452804
0.33367562
0.34057498
0.3333747
0.33439857
0.34012973
0.34778062
0.3422118
0.33560354
0.3296549
0.3256169
0.31875232
0.30847028
0.31487697
0.3365858
0.3458218
0.36095458
0.34618062
0.3358826
0.33022037
0.3173397
0.3311423
0.32635653
0.34314325
0.33912435
0.32613176
0.33181787
0.32827923
0.33225468
0.311991
0.28944442
0.2901213
0.28157458
0.3066349
0.28894076
0.28860795
0.28723657
0.31223303
0.30057573
0.2876659
0.26476648
0.28279686
0.28521934
0.30397198
0.31060567
0.30184895
0.29294097
0.28627378
0.28526297
0.29020187
0.29620078
0.3029228
0.29240796
0.27103648
0.26942027
0.27558723
0.31256452
0.31057197
0.30689764
0.28430218
0.28497565
0.30027944
0.29749382
0.30619317
0.3170696
0.32092774
0.32662818
0.3037065
0.31042174
0.2908748
0.29540792
0.2846074
0.29774976
0.30551612
0.3191704
0.3267147
0.32246524
0.32177386
0.3309273
0.32995695
0.32046384
0.30697593
0.3080602
0.32401896
0.3213046
0.32287422
0.31613737
0.3170577
0.32235473
0.32480037
0.33198687
0.32849476
0.33069235
0.32403854
0.32757887
0.32545796
0.33167645
0.32732645
0.31416947
0.30573902
0.3055269
0.3251131
0.32952985
0.31724256
0.2960193
0.29610664
0.30804908
0.29757157
0.30192414
0.29982904
0.33100387
0.33090928
0.33009434
0.31723207
0.31744027
0.3318387
0.32505563
0.30225003
0.28960797
0.30907315
0.3250679
0.31941515
0.3018725
0.30907723
0.32224932
0.33704907
0.3289362
0.33373263
0.3200821
0.31848305
0.30449682
0.30627802
0.30218688
0.3088427
0.32494274
0.33780485
0.3255143
0.3187084
0.30863115
0.31749895
0.33447266
0.32917097
0.32512715
0.31472027
0.33293295
0.3319618
0.31693178
0.31910723
0.31447682
0.32165962
0.3040578
0.29505908
0.27984744
0.27398244
0.28293633
0.291798
0.30665487
0.29632843
0.307674
0.308237
0.31484753
0.28470942
0.2720302
0.26224443
0.2846714
0.2871384
0.3020987
0.31040496
0.30657515
0.30023482
0.27521902
0.2885039
0.2888264
0.29960027
0.2855248
0.2941717
0.29628882
0.29176345
0.27985352
0.2723659
0.2941842
0.28852117
0.28564686
0.27942273
0.2973525
0.3018912
0.2719403
0.2729589
0.26434016
0.2733978
0.28943393
0.29615054
0.29842588
0.31179184
0.28768915
0.31085482
0.29942682
0.3189614
0.28496864
0.273351
0.2826526
0.28640115
0.2974765
0.2771973
0.2884903
0.29062152
0.30292037
0.2911074
0.29057702
0.30555454
0.30564892
0.3027637
0.29707897
0.29052162
0.2950147
0.29578972
0.286713
0.2857424
0.2754247
0.26763338
0.26999843
0.27691308
0.27275616
0.2817031
0.29492563
0.2847888
0.274933
0.27323973
0.26279017
0.26170722
0.26353958
0.2594849
0.26981637
0.27416685
0.2681235
0.25612137
0.25406438
0.24313849
0.2453478
0.2521197
0.25092638
0.25343853
0.25882098
0.26084223
0.26064888
0.26522288
0.2642966
0.26276997
0.25519717
0.25901115
0.2609802
0.27675125
0.27954504
0.2717968
0.26551288
0.27056178
0.27754113
0.27365574
0.28851807
0.3151139
0.30882818
0.30177143
0.31712297
0.28707033
0.27668074
0.27981648
0.26340032
0.27432433
0.27294675
0.26550543
0.26524705
0.26055285
0.2526381
0.250877
0.24430928
0.25091746
0.28250858
0.2806712
0.29434246
0.27919364
0.27681634
0.2440737
0.25876775
0.25051534
0.26235056
0.2642158
0.2696871
0.27086988
0.26605022
0.2675997
0.26539183
0.28000227
0.26438928
0.26999378
0.2798378
0.2741288
0.25230226
0.24606957
0.24053143
0.22798227
0.22054426
0.2337212
0.24779785
0.2581275
0.26049203
0.27145147
0.26600102
0.2648869
0.25763634
0.2640043
0.2562418
0.26067296
0.26007962
0.26650992
0.26923165
0.27738956
0.27173242
0.2746346
0.26612854
0.2554173
0.24825686
0.26260075
0.26388395
0.26804745
0.28473398
0.28942364
0.2780957
0.2827588
0.28570676
0.26306018
0.2558456
0.26032647
0.24890667
0.23739092
0.24714726
0.25356117
0.25668892
0.24766923
0.2564107
0.25784922
0.25530374
0.23769416
0.25862634
0.25430974
0.26743743
0.25954664
0.2719783
0.2609024
0.26212898
0.24622987
0.2684895
0.26486152
0.2703553
0.26984066
0.2638535
0.24658826
0.24654067
0.2446156
0.2485081
0.25368878
0.2572293
0.26008543
0.26176676
0.26992488
0.27847955
0.27648717
0.27363026
0.2723844
0.2571062
0.24179283
0.23652163
0.23769203
0.2370832
0.23373602
0.24446677
0.24424388
0.24059539
0.23681027
0.23629893
0.25062644
0.25242653
0.25728723
0.27281332
0.28105226
0.29050142
0.27342215
0.266719
0.2650329
0.26736283
0.27336058
0.28373346
0.29358557
0.28966907
0.29175556
0.30165395
0.29930162
0.30154505
0.29037088
0.29210886
0.28442815
0.2716451
0.27165723
0.26899907
0.26651698
0.27132845
0.27043772
0.267223
0.2698907
0.26752737
0.25953943
0.26894534
0.25676927
0.25769186
0.25697824
0.25365683
0.25174266
0.25554016
0.2533929
0.25242615
0.24946447
0.254912
0.2590044
0.2534185
0.26032192
0.25973746
0.2697786
0.27274752
0.25832418
0.2562008
0.2586254
0.24195533
0.244206
0.23702873
0.2379181
0.23772457
0.23922978
0.24671154
0.25038335
0.25141463
0.25301743
0.2657154
0.26364538
0.25725394
0.2576526
0.2571974
0.25512812
0.25371823
0.24706778
0.24402073
0.24210666
0.24378763
0.23791158
0.23788063
0.24029401
0.2473039
0.2525876
0.2523086
0.26006725
0.25500956
0.26139027
0.27451727
0.2687351
0.26570004
0.26778498
0.2547455
0.24384412
0.2442065
0.23922817
0.23308991
0.2361735
0.22514515
0.22869916
0.2344854
0.23995762
0.23938583
0.2331067
0.23454489
0.23270339
0.23678829
0.24726099
0.24027291
0.23891822
0.23185433
0.23753099
0.24344711
0.24473356
0.24549104
0.2346058
0.22508433
0.23148794
0.22669381
0.23343666
0.23009086
0.22908333
0.23305963
0.22951323
0.23139104
0.23991713
0.2340377
0.23677084
0.23497614
0.23748806
0.2408535
0.24217337
0.24459904
0.24076283
0.23988551
0.24366227
0.24930628
0.25501812
0.25311893
0.25435248
0.25253856
0.2563861
0.2537337
0.26223022
0.245456
0.2491287
0.23969704
0.23889557
0.24274139
0.24520843
0.24263239
0.24492511
0.23527436
0.23232028
0.22982767
0.23158862
0.2195481
0.21653722
0.21719037
0.21126515
0.20256597
0.2024689
0.19836365
0.18769784
0.18293548
0.18142873
0.18268509
0.1779652
0.16863713
0.16304311
0.1629503
0.16449751
0.15943687
0.15394185
0.15051876
0.14573865
0.14275144
0.1387726
0.139548
0.13376704
0.1324005
0.12769201
0.119514726
0.111475475
0.10455631
0.09854067
0.09326451
0.088601284
0.08445181
0.08073726
0.0773942
0.07437099
0.07162519
0.06912157
0.06683068
0.064727694
0.06279152
0.06100416
0.059350144
0.057816092
0.056390405
0.055062946
0.053824842
0.05266829
0.051586382
0.05057301
0.049622733
0.048730705
0.047892585
0.04710448
0.046362888
0.045664653
0.04500692
0.04438711
0.043802883
0.043252107
0.042732846
0.042243335
0.041781966
0.041347265
0.040937886
0.040552597
0.040190272
0.039849877
0.039530464
0.039231163
0.038951177
0.038689785
0.03844632
0.038220163
0.038010765
0.03781762
0.03764027
0.037478294
0.03733132
0.037199013
0.03708107
0.03697723
0.036887262
0.036810964
0.036748175
0.03669876
0.0366626
0.03663963
0.036629792
0.036629792
0.036629792
0.036629792
0.036629792
0.036629792
0.036629792
0.036629792
0.036629792
0.036629792
0.036629792
0.036629792
0.036629792
0.036629792
0.036629792
0.036629792
0.036629792
0.036629792
0.036629792
0.036629792
0.036629792
0.036629792
0.036629792
0.036629792
0.036629792
0.036629792
0.036629792
0.036629792
0.036629792
0.036629792
0.036629792
0.036629792
0.036629792
0.036629792
0.036629792
0.036629792
0.036629792
0.036629792
0.036629792
0.036629792
0.036629792
0.036629792
0.036629792
0.036629792
0.036629792
0.036629792
0.036629792
0.036629792
0.036629792
0.036629792
0.036629792
0.036629792
0.036629792
0.036629792
0.036629792
0.036629792
0.036629792
0.036629792
0.036629792
0.036629792
0.036629792
0.036629792
0.036629792
0.036629792
0.036629792
0.036629792
0.036629792
0.036629792
0.036629792
0.036629792
0.036629792
0.036629792
0.036629792
0.036629792
0.036629792
