831.50366
300.2928
158.96758
116.15343
92.03038
75.7907
63.87152
55.94793
49.52456
44.780396
40.73813
37.42056
34.986134
32.332314
30.3145
28.427849
27.026297
25.50759
24.196178
23.517546
22.765282
21.278746
20.239222
19.508673
18.754343
18.014263
17.31531
16.796318
16.167822
15.587256
15.226525
14.657632
14.25962
13.815283
13.374945
13.074475
12.645889
12.3141365
11.96261
11.699355
11.41393
11.12404
10.92747
10.653927
10.401118
10.153389
9.970359
9.863994
9.6040125
9.350572
9.227768
9.0836315
8.916707
8.644485
8.50577
8.344408
8.218539
8.00954
7.9541397
7.791747
7.7091136
7.539894
7.4442053
7.245999
7.165663
7.0399275
6.9433994
6.8641567
6.7425385
6.5977488
6.5007153
6.432494
6.341748
6.28568
6.2068024
6.140756
6.1093154
5.9965467
5.9332113
5.8556113
5.8883405
5.711118
5.6404033
5.570527
5.5440173
5.443093
5.4095726
5.3450522
5.295875
5.2396054
5.1911926
5.189949
5.14036
5.164471
4.988635
4.9179077
4.867405
4.84346
4.753165
4.7173653
4.7125893
4.664822
4.6246934
4.58122
4.5433283
4.4988103
4.4857044
4.42777
4.389525
4.3268046
4.2714887
4.278368
4.3453364
4.249485
4.1769032
4.1278434
4.1196346
4.089327
4.043092
4.011555
4.002209
3.9606926
3.949596
3.9307144
3.8488607
3.8514504
3.81316
3.8420022
3.794776
3.7721007
3.7273397
3.7117932
3.709529
3.6482077
3.6662502
3.642205
3.6052787
3.5684555
3.5461543
3.5655315
3.5042102
3.545242
3.5225503
3.5062215
3.5365455
3.4751606
3.4199407
3.3942251
3.3876028
3.397073
3.3490717
3.386263
3.2935934
3.283299
3.297189
3.2678304
3.2379632
3.2309651
3.2009928
3.1858428
3.1623137
3.1664474
3.1544807
3.1185324
3.079032
3.0879655
3.1040666
3.0507457
3.0115855
2.9995754
3.0132031
2.9774292
2.96888
2.998131
2.9639938
2.9501328
2.9050891
2.8907497
2.893623
2.9118152
2.8795202
2.8692942
2.8668187
2.862934
2.8495822
2.8108313
2.8131604
2.8039305
2.7846522
2.783243
2.8087842
2.7749062
2.7452188
2.7171848
2.7189834
2.7146175
2.6993809
2.7342067
2.677953
2.654992
2.6613727
2.6555922
2.6674743
2.6483943
2.6136935
2.6488216
2.610781
2.5993876
2.5782936
2.5908065
2.556727
2.5546548
2.5783033
2.5455244
2.5496774
2.5570073
2.5494509
2.528491
2.5335088
2.4937577
2.5041478
2.515973
2.4870682
2.5053568
2.516218
2.5078378
2.488712
2.4565973
2.452457
2.4555006
2.4407425
2.3997812
2.422827
2.420436
2.3935916
2.3984601
2.3865905
2.3860395
2.385567
2.3580759
2.3636727
2.3678176
2.3986669
2.344605
2.3608806
2.3410845
2.3561227
2.301331
2.3114073
2.311252
2.301467
2.3155098
2.2982216
2.2955747
2.2937193
2.2724125
2.2703936
2.3117075
2.2525485
2.24982
2.2741597
2.2665334
2.2223995
2.2237315
2.2293377
2.2195148
2.2065442
2.191352
2.194937
2.1995375
2.1946328
2.2322173
2.1917224
2.1690114
2.140645
2.133425
2.1309958
2.1415398
2.121553
2.1236107
2.1270685
2.1063678
2.1128569
2.1197674
2.0956528
2.100946
2.0852277
2.0924363
2.086112
2.0805566
2.0620227
2.0776289
2.0835795
2.030512
2.0572467
2.020877
2.0496376
2.0055053
2.0304174
2.0374112
1.9992204
1.9964987
2.0218992
1.9994085
1.9960191
1.9718578
1.9652866
1.9659927
1.9618306
1.97945
1.958464
1.9454935
1.9321187
1.9331985
1.9512783
1.9384456
1.9241885
1.9176682
1.952936
1.8953036
1.9144449
1.9060647
1.8885047
1.8861114
1.8889103
1.8770664
1.8556535
1.8781275
1.859786
1.8548067
1.87884
1.8680111
1.870294
1.8456242
1.8619032
1.8512033
1.839593
1.8502454
1.849012
1.8341125
1.8165001
1.8348296
1.8465929
1.7912781
1.801863
1.8131865
1.781988
1.7849987
1.7917526
1.788759
1.7922251
1.7826248
1.7923211
1.774126
1.769578
1.7457913
1.7527386
1.752909
1.7840953
1.7529964
1.7372806
1.7581327
1.7500949
1.7275892
1.7311226
1.7081066
1.718032
1.7098669
1.7081159
1.7150409
1.7064967
1.6975844
1.7136678
1.6822973
1.691124
1.7103475
1.6940567
1.6973208
1.6821679
1.6708188
1.6858509
1.6652703
1.6484543
1.660484
1.6614342
1.6520498
1.6466793
1.6469306
1.6505203
1.6290693
1.639352
1.6369839
1.6315223
1.6294562
1.6350477
1.6373533
1.620141
1.6291678
1.6017929
1.6310159
1.5946336
1.603167
1.5983694
1.5895264
1.594421
1.5921501
1.599079
1.5896811
1.592014
1.5882269
1.5886728
1.5600111
1.5690112
1.5487889
1.5485367
1.5526774
1.549904
1.5464067
1.5416353
1.516652
1.5518838
1.5351794
1.5384372
1.6007282
1.5344437
1.5120473
1.5173558
1.6766871
1.5785593
1.6351578
1.51858
1.520193
1.5226115
1.4892519
1.5072676
1.5066588
1.4901787
1.4821025
1.4907979
1.486933
1.4694742
1.4955697
1.4780097
1.4812127
1.4643325
1.4482901
1.4649525
1.4443319
1.4434186
1.4420437
1.4488487
1.4563415
1.4464169
1.4274654
1.4230205
1.3995045
1.4119611
1.4046359
1.4027816
1.3763645
1.4107469
1.3944037
1.3901218
1.3994204
1.3909092
1.3782881
1.3894657
1.3800342
1.3579388
1.3673737
1.3704721
1.359826
1.3490082
1.3658777
1.3703612
1.3513458
1.3633392
1.3758504
1.348031
1.382293
1.3544893
1.3440915
1.3475507
1.3256339
1.3258976
1.330251
1.3170742
1.3252445
1.3295276
1.3109795
1.3242633
1.3197453
1.3068992
1.3061385
1.3000476
1.4113629
1.3214577
1.3006248
1.3119298
1.296097
1.3027794
1.301382
1.2910594
1.3129091
1.2974303
1.2910436
1.2954344
1.2834706
1.2998267
1.2730277
1.2707065
1.270992
1.2696607
1.2559516
1.2685943
1.2582319
1.2492263
1.2593259
1.2413123
1.2443748
1.2448438
1.2415117
1.2373027
1.2349193
1.2027979
1.2180578
1.2298476
1.2346815
1.216708
1.2124895
1.2031354
1.2074635
1.2013409
1.204864
1.2016536
1.2054963
1.2011309
1.2137312
1.1937605
1.1805532
1.1988686
1.1938847
1.1929507
1.1782482
1.2076104
1.1811713
1.2041969
1.1880268
1.1795771
1.1579938
1.1761509
1.1659225
1.1684781
1.1761184
1.1650285
1.1725188
1.1521199
1.1721605
1.1462078
1.1473154
1.1419771
1.1416671
1.1487844
1.130133
1.116982
1.1205347
1.1546555
1.1217941
1.1249553
1.1228076
1.1272708
1.1120874
1.1090378
1.0994359
1.0913401
1.1019856
1.1018013
1.0818062
1.087004
1.0788691
1.0885772
1.0901232
1.0977018
1.077878
1.0740697
1.1103754
1.0636483
1.0718006
1.05877
1.0857034
1.0612171
1.0560893
1.0634828
1.0893452
1.0572158
1.0528858
1.0792681
1.0622883
1.0577123
1.0479925
1.0354848
1.0495021
1.0400198
1.050135
1.0571684
1.0306365
1.02564
1.0432645
1.026336
1.0270888
1.0114325
1.0205353
1.0145067
1.01959
1.0244657
1.0255624
0.99594676
1.0063223
1.0086306
1.0146494
1.0035104
0.993236
0.98429626
0.9822774
0.9952295
0.99824107
0.9851096
0.99937606
0.98297167
0.97615904
1.0031447
0.9826543
0.9922518
0.9850287
1.03384
1.0343632
0.980449
0.99087805
0.9842373
0.97879755
0.98910475
0.97623026
0.9789656
0.971178
0.972084
0.98329943
0.9690661
0.95950526
0.96937084
0.9627643
0.9528489
0.96760666
0.9556822
0.95810324
0.9595165
0.9764947
0.9458916
0.95100856
0.93688464
0.94826233
0.9376737
0.9334774
0.9293021
0.9040432
0.9384795
0.92306256
0.92195624
0.92188424
0.93661267
0.9315088
0.9258657
0.90551454
0.925034
0.9094069
0.9213214
0.89968395
0.90209275
0.89835817
0.91867435
0.90228105
0.8927798
0.9021571
0.88698107
0.89224195
0.89258015
0.89497423
0.9013951
0.91492915
0.8922347
0.8908557
0.88114125
0.8833912
0.9032629
0.87373984
0.8687593
0.8800003
0.8575742
0.86378294
0.85956895
0.8736003
0.87015784
0.85615903
0.85536164
0.86050266
0.8469705
0.85531586
0.8635973
0.8516157
0.8506536
0.8647274
0.8608115
0.8349442
0.86187196
0.84644896
0.83873326
0.8435312
0.84256727
0.84694284
0.85034823
0.8173491
0.8505419
0.90874964
0.85920477
0.86106074
0.8282286
0.8256435
0.8240279
0.8281218
0.82614136
0.83069074
0.8139579
0.8260104
0.819358
0.818777
0.8130775
0.8159737
0.8117129
0.80087507
0.827945
0.8144036
0.79948455
0.8139659
0.80726665
0.79449904
0.8076252
0.801845
0.81121475
0.8074038
0.7919026
0.8048362
0.79538053
0.80335027
0.7937544
0.8060802
0.80848134
0.80495477
0.8055532
0.79515415
0.81917334
0.7872885
0.8004736
0.8016885
0.78999406
0.7945605
0.79682475
0.78982985
0.8079778
0.79005593
0.78702515
0.7715407
0.77773196
0.78508043
0.7856428
0.78235275
0.76720995
0.77009
0.76724523
0.7763548
0.76949775
0.7702258
0.7569632
0.7444219
0.78008026
0.7566401
0.7565959
0.7410942
0.7513369
0.75247097
0.7505261
0.75716645
0.74398744
0.74519473
0.73708093
0.7801272
0.74987465
0.75407255
0.73885435
0.7257389
0.7336716
0.7455957
0.72176224
0.739127
0.731441
0.749622
0.7387606
0.73387367
0.71449155
0.7213632
0.7131395
0.7294621
0.7236605
0.71449435
0.7118652
0.7040617
0.707191
0.70263433
0.71299887
0.7060709
0.7114689
0.71812886
0.7112275
0.7059675
0.70466274
0.69285107
0.69317156
0.6843263
0.6869474
0.6935011
0.69232404
0.68144226
0.69013983
0.7010826
0.675414
0.6885904
0.68039846
0.6725415
0.68246025
0.6778706
0.6618036
0.6797874
0.6825263
0.67045206
0.6724538
0.66054803
0.66840094
0.6702332
0.66553444
0.6597691
0.6530692
0.65984553
0.66005033
0.6599746
0.6588373
0.6580007
0.6533064
0.64503187
0.65235114
0.64228463
0.65201896
0.645452
0.6387388
0.6410426
0.63887143
0.6299184
0.625424
0.6305865
0.62509584
0.6289781
0.623989
0.6218947
0.6301181
0.62396824
0.63068295
0.6371759
0.6126758
0.6383972
0.6290892
0.63540417
0.62005025
0.60864186
0.62617797
0.6236893
0.61586744
0.612696
0.6198785
0.6178677
0.6179692
0.6236619
0.63052356
0.6181457
0.62182075
0.6067638
0.6032447
0.6126037
0.6133647
0.6165476
0.6100573
0.60327107
0.6103427
0.61795497
0.61069775
0.6010095
0.5962767
0.6029445
0.61054456
0.61234725
0.5897695
0.59487766
0.5830498
0.59517694
0.5886316
0.58850276
0.58691204
0.5907702
0.5885291
0.5815509
0.60081834
0.59105086
0.5837318
0.57868624
0.5869129
0.5815311
0.57088107
0.6059841
0.6216539
0.5755761
0.5852509
0.58066076
0.5869978
0.5709905
0.5941716
0.5841537
0.57077837
0.5794145
0.57939935
0.5754215
0.57228434
0.58260125
0.57090205
0.5544669
0.5722036
0.57123893
0.57175523
0.5502726
0.5592636
0.5647547
0.55267835
0.5974481
0.5515065
0.56633323
0.570402
0.55034924
0.5471394
0.5578727
0.5430535
0.5413773
0.5587617
0.5507094
0.55527186
0.54185843
0.54450285
0.6284794
0.5491431
0.53576946
0.53492117
0.5298051
0.54026103
0.5420608
0.52838796
0.5240912
0.52359784
0.5349216
0.5345396
0.52569896
0.5255669
0.51606077
0.5318031
0.5159527
0.5228418
0.5291597
0.5195231
0.52491236
0.5228997
0.51226074
0.51823485
0.53234553
0.52715105
0.5070094
0.5092327
0.5152481
0.52191746
0.5064074
0.5105954
0.50979716
0.51958877
0.5158841
0.51654094
0.51199687
0.50189406
0.4873106
0.5077744
0.50262797
0.5005605
0.5079314
0.4987292
0.5012263
0.5074228
0.5021248
0.498482
0.48981854
0.5041937
0.4991665
0.51626474
0.49860394
0.49719995
0.50150985
0.48968285
0.49939978
0.49311346
0.495583
0.49018508
0.48305312
0.48637408
0.49712119
0.47791803
0.5009717
0.47579187
0.47816774
0.47744003
0.48812073
0.49744952
0.48312497
0.48511758
0.48879024
0.48776475
0.48264876
0.47956333
0.48596907
0.49145916
0.48339555
0.48723903
0.47164625
0.48079967
0.4928861
0.4814315
0.46923155
0.47545943
0.47569183
0.49654675
0.4684961
0.47507983
0.46678245
0.4608623
0.47147414
0.4742963
0.47078705
0.45718375
0.46665883
0.46223035
0.46082154
0.46936077
0.45397806
0.4565664
0.45610127
0.44731483
0.46291134
0.45768577
0.4440475
0.45488036
0.45453033
0.4484631
0.44442064
0.4469952
0.44391432
0.44780314
0.45306188
0.45772344
0.44760254
0.44115153
0.447715
0.44889924
0.447017
0.44534767
0.44676876
0.449667
0.43991104
0.451003
0.46025428
0.43436196
0.44388717
0.44234723
0.44353092
0.4434322
0.4535715
0.4575408
0.44340926
0.43540642
0.4354363
0.4391168
0.44543228
0.42728803
0.43691123
0.4312192
0.43020296
0.43154714
0.43657514
0.428875
0.44519463
0.43176734
0.42582896
0.43300545
0.43148294
0.45340797
0.42704165
0.43340573
0.4342531
0.41843688
0.41184762
0.42600268
0.42156583
0.42285663
0.4196802
0.41565827
0.4251167
0.41795343
0.4137432
0.41526046
0.41431928
0.4255221
0.42965034
0.41959527
0.41147983
0.41737393
0.41408467
0.4196142
0.41534778
0.42019477
0.4138038
0.41298473
0.40942377
0.41478065
0.4082214
0.40816757
0.41358957
0.41068947
0.401732
0.40697262
0.40202165
0.400264
0.4097041
0.39919722
0.4015891
0.39761013
0.3953774
0.39836457
0.41271695
0.40229678
0.3933105
0.4014609
0.39776585
0.41228598
0.4174153
0.39816833
0.39246535
0.38998815
0.4015736
0.3835658
0.38147095
0.40098727
0.39234036
0.38619128
0.38828933
0.39515427
0.38542774
0.3859599
0.37789503
0.38796446
0.4202721
0.3873687
0.39084455
0.38823667
0.38380897
0.38986304
0.38629472
0.38525137
0.37755513
0.38201773
0.38661033
0.3912561
0.3875138
0.37973374
0.3783548
0.3729568
0.39730653
0.38923916
0.37650895
0.3746012
0.36360082
0.35942054
0.38705024
0.3763932
0.37689903
0.36610436
0.36747417
0.3755712
0.36598983
0.36595738
0.37577018
0.382382
0.36318946
0.37049434
0.3706825
0.37375772
0.3862405
0.38236284
0.36724976
0.36776307
0.35843164
0.3675469
0.37108544
0.3638756
0.36659327
0.36770296
0.35806906
0.38189992
0.36006296
0.36432
0.3656248
0.36920068
0.35503897
0.3564344
0.35291424
0.36101118
0.3569955
0.3632857
0.36172283
0.3566023
0.3544233
0.35414726
0.36173305
0.3791191
0.35172325
0.34869078
0.35251117
0.349062
0.3546044
0.3893231
0.35272047
0.34475285
0.36516955
0.35388273
0.34874615
0.3430243
0.34271884
0.34555689
0.3583056
0.34702736
0.34651715
0.34970886
0.36215672
0.38445687
0.34568685
0.3290125
0.35181272
0.33600107
0.34071204
0.33680692
0.3320662
0.35327548
0.341789
0.32950714
0.33595905
0.3547673
0.33094728
0.33220845
0.3362742
0.33603337
0.33488426
0.33173162
0.33723328
0.33731326
0.33737084
0.331369
0.3356189
0.32483834
0.32859117
0.32526273
0.34338987
0.3261911
0.32884732
0.32648867
0.32261124
0.33075544
0.33557457
0.3325929
0.3194298
0.3181114
0.32478276
0.32317767
0.3261378
0.32314438
0.31175882
0.3273133
0.3217435
0.3171345
0.31864586
0.31953838
0.31069964
0.3196853
0.32002792
0.33101854
0.31174257
0.31703603
0.3219416
0.326976
0.3285902
0.32452613
0.32096234
0.31490752
0.3212007
0.31775242
0.33329636
0.31610897
0.32573387
0.3195659
0.3078121
0.30819926
0.31084916
0.32255054
0.30522195
0.3013333
0.3073443
0.31647238
0.3186903
0.31424433
0.2959034
0.3143158
0.31264848
0.30346483
0.2999358
0.31251994
0.3033757
0.30301702
0.30400413
0.2969044
0.3176811
0.3085609
0.30896944
0.30457002
0.30680427
0.32639962
0.33777058
0.3667852
0.30233875
0.31122026
0.2944363
0.2952796
0.3101799
0.30725402
0.30874076
0.30527896
0.29673377
0.30253536
0.31081402
0.30303603
0.32530394
0.29944584
0.30148208
0.29583475
0.3148403
0.30115473
0.2880862
0.2956262
0.29474312
0.30795127
0.29253495
0.31063655
0.29833093
0.29404482
0.29484782
0.28435072
0.29276013
0.30760205
0.27673927
0.28921825
0.2846746
0.2853265
0.2906534
0.29267788
0.28807554
0.28046173
0.28351966
0.2776562
0.28859636
0.28551117
0.29389742
0.2829092
0.27412763
0.29816562
0.30408466
0.28149298
0.2824286
0.28398225
0.27856702
0.28205663
0.27488375
0.27404144
0.2839003
0.2797988
0.28150755
0.27201137
0.28801233
0.27399883
0.29151002
0.27471372
0.27000198
0.28840622
0.26866972
0.27418274
0.27360505
0.263686
0.26228717
0.27373815
0.27222618
0.2722987
0.2729408
0.27674013
0.2802183
0.2738699
0.26702303
0.26888776
0.2904744
0.27192557
0.28250685
0.26394522
0.27126336
0.26061368
0.27163932
0.27965707
0.27421477
0.27259538
0.27016816
0.2742058
0.26089758
0.26690686
0.2728095
0.2658141
0.27662808
0.26948112
0.26382586
0.26626268
0.28070515
0.26489168
0.2585115
0.2624694
0.25929698
0.25556928
0.2684083
0.25574875
0.2542207
0.26810202
0.25452453
0.25019032
0.2544154
0.25494486
0.2553247
0.25533152
0.2605687
0.26399422
0.25584978
0.26070347
0.25496754
0.26296726
0.25449854
0.2623298
0.25758207
0.25208744
0.27005315
0.25513238
0.25685117
0.25719047
0.24605681
0.25734198
0.2610553
0.26631445
0.2522042
0.25705454
0.25253844
0.26111498
0.26337644
0.2457875
0.25635946
0.25456187
0.24968137
0.2391408
0.25170475
0.24396771
0.23870672
0.25125033
0.25565937
0.24896361
0.23389614
0.23924814
0.23773482
0.25328898
0.2416729
0.2358581
0.23129304
0.23447753
0.24627031
0.2558658
0.23748419
0.24339183
0.23750596
0.23289657
0.22983901
0.24910207
0.2425269
0.23267768
0.24125907
0.24311726
0.23238748
0.23255368
0.22955842
0.23327228
0.23524852
0.2356222
0.23870511
0.25283676
0.24714828
0.23314594
0.23140308
0.22263198
0.22829594
0.23319124
0.22896682
0.23408227
0.2303255
0.22761679
0.23400944
0.22695826
0.2258043
0.22710076
0.23224984
0.2232274
0.23107253
0.23138319
0.22889718
0.21904935
0.2258251
0.2323619
0.22354916
0.22100501
0.22111514
0.22735052
0.22074635
0.22764751
0.22093728
0.22166292
0.2342014
0.22352573
0.2259799
0.22047436
0.22290096
0.23126172
0.21698244
0.20931435
0.22476333
0.21566723
0.21374258
0.22672877
0.21345685
0.21966058
0.2143856
0.21981354
0.21561418
0.21771419
0.21884102
0.20861511
0.22346608
0.21935691
0.22722188
0.21349101
0.21953802
0.20980045
0.21873698
0.21293208
0.20918934
0.2159781
0.22137566
0.21288465
0.22069365
0.21340491
0.21249478
0.211149
0.21158625
0.2066124
0.20881939
0.20338504
0.2092708
0.20632118
0.21124986
0.22253534
0.2083584
0.20925944
0.21487999
0.2062758
0.20925462
0.21952464
0.2098939
0.20754184
0.20295691
0.20845897
0.20594884
0.21697015
0.21438408
0.20542784
0.20649417
0.20106946
0.20703821
0.20176853
0.2062962
0.20862035
0.19444597
0.19979008
0.20074975
0.21140349
0.19659235
0.20355055
0.21667632
0.21291181
0.20664962
0.20878842
0.19901052
0.19682662
0.19592974
0.20060298
0.20766103
0.20001364
0.20248228
0.20181972
0.19217809
0.19739684
0.19805726
0.20851587
0.19844925
0.19388808
0.19311363
0.19962779
0.19449216
0.2005596
0.1875738
0.20563745
0.19966866
0.19361839
0.19437522
0.19429082
0.19740963
0.20021313
0.19479676
0.19737992
0.19252796
0.20312542
0.24518394
0.19607352
0.196948
0.1925243
0.18964967
0.19489351
0.19635396
0.18520549
0.20023124
0.1986264
0.18646257
0.19195126
0.195033
0.20048217
0.19745813
0.18605086
0.18346773
0.19123602
0.18717875
0.2008759
0.20732808
0.18465656
0.19292457
0.18291132
0.1901868
0.1889863
0.18994693
0.19566041
0.18430439
0.18482955
0.19523469
0.19072364
0.187481
0.1934393
0.18795812
0.19294071
0.18083489
0.18144718
0.18728383
0.180302
0.1827071
0.19365647
0.18086715
0.17787078
0.18547009
0.18049255
0.18184623
0.1844495
0.17776574
0.17429525
0.18389626
0.17490086
0.17664476
0.17866902
0.18811189
0.1819661
0.1750442
0.17940943
0.18005633
0.17494404
0.18574797
0.18115589
0.16938832
0.17854385
0.17762646
0.1750863
0.1727785
0.1792342
0.17227441
0.17580822
0.16712551
0.17887942
0.17184159
0.17216314
0.17466931
0.16935708
0.17247108
0.17601162
0.17566375
0.16877413
0.16573049
0.17129357
0.170918
0.17725079
0.17108496
0.16753116
0.17637819
0.17247203
0.17233582
0.17514183
0.1734535
0.17402041
0.17546004
0.16806465
0.16949658
0.17584234
0.16205968
0.1668514
0.1710449
0.17093325
0.16344169
0.16512431
0.16543342
0.17655727
0.16454183
0.16517565
0.16581222
0.16376847
0.16304097
0.16417554
0.16403198
0.15905428
0.16442151
0.16526525
0.16516244
0.1564211
0.16467603
0.16061251
0.1645204
0.15851618
0.1640598
0.16013694
0.1561692
0.16498819
0.16611253
0.1624196
0.16074772
0.16851933
0.16862719
0.1773438
0.1678011
0.17176421
0.16766137
0.16042289
0.16266428
0.16096969
0.16080986
0.16174541
0.357172
0.19700666
0.15827155
0.16809116
0.16617003
0.1666682
0.170284
0.1702821
0.17396316
0.15959544
0.15293363
0.15659627
0.165746
0.16594163
0.16568783
0.15401052
0.1511724
0.16337489
0.16102102
0.16252883
0.16144809
0.1533171
0.16121745
0.16308586
0.1664094
0.15484051
0.16215353
0.16144972
0.16891159
0.16367638
0.16262071
0.15932706
0.15412526
0.15639056
0.18827653
0.15705556
0.1595219
0.15514354
0.16018233
0.14964835
0.16601168
0.1597788
0.15643404
0.15961982
0.16218466
0.154708
0.15010922
0.15736088
0.14475799
0.15458845
0.15450732
0.15327145
0.15720737
0.15184397
0.14562953
0.15151401
0.15245344
0.15319121
0.15237099
0.15312618
0.15087497
0.16248602
0.14682715
0.15004095
0.14864577
0.14663626
0.15405218
0.14951472
0.15834872
0.14819893
0.16075355
0.16374682
0.15259163
0.14997639
0.1469768
0.15127493
0.14342885
0.15589376
0.15236019
0.15001266
0.14308079
0.15315576
0.1568726
0.15694869
0.14344485
0.1457106
0.15177532
0.13973616
0.14518411
0.14171615
0.14849176
0.14020967
0.15182473
0.14882429
0.14430912
0.14877696
0.15016426
0.14302625
0.14689013
0.1540946
0.15794173
0.14278905
0.1414035
0.14921479
0.1407082
0.14568032
0.14826496
0.13921845
0.13772158
0.15259226
0.15027057
0.14879599
0.15579785
0.14240673
0.14832999
0.14293961
0.1303162
0.14334841
0.1447577
0.13932933
0.13928394
0.14380442
0.13518745
0.14157012
0.14026822
0.13488093
0.14389704
0.14293484
0.14332882
0.14577956
0.13966073
0.13580932
0.13511209
0.13684957
0.15167761
0.14316031
0.14333087
0.14186633
0.13778464
0.14633694
0.14522722
0.13372463
0.16065468
0.14756687
0.14547409
0.14495009
0.13720526
0.14139429
0.1461017
0.14831504
0.14564198
0.14207494
0.14240399
0.14149274
0.14246373
0.14144954
0.14377594
0.13529721
0.13597202
0.13712029
0.14673546
0.13612354
0.12914532
0.14888793
0.1299917
0.14157633
0.13152896
0.13651769
0.1321554
0.14692049
0.14498976
0.14039071
0.12744847
0.13445345
0.14596057
0.13570796
0.13619624
0.13478531
0.14212011
0.15525472
0.13516775
0.13881661
0.13392918
0.13132706
0.12983528
0.13247192
0.13662158
0.13726625
0.1456587
0.14756022
0.12975447
0.13226806
0.1282367
0.13268018
0.12915035
0.13466449
0.123444654
0.13754347
0.1347698
0.13149518
0.13537635
0.1262608
0.12405443
0.12249425
0.124513984
0.13648449
0.12640513
0.13176247
0.1229596
0.13054925
0.13196203
0.12897195
0.1292283
0.1250586
0.124192245
0.13407357
0.1253531
0.12184704
0.12442664
0.12529914
0.12803383
0.13329186
0.13050795
0.13028301
0.12560847
0.12935987
0.12768134
0.14321192
0.13900818
0.1437067
0.131316
0.1414621
0.1363311
0.1368524
0.14113961
0.12951736
0.13733855
0.14034797
0.13553049
0.14684248
0.13118427
0.13118486
0.11643874
0.12277259
0.13611299
0.13412492
0.12816007
0.13069013
0.14742728
0.12517622
0.11760712
0.12543936
0.12596755
0.13511892
0.11621995
0.12918489
0.11645484
0.11898523
0.12225776
0.13028793
0.12567502
0.1234123
0.12306879
0.12550223
0.14719719
0.12225318
0.115037814
0.1184284
0.118577585
0.11869035
0.123855926
0.11949147
0.11387711
0.11648949
0.118832596
0.1247383
0.11810577
0.11843965
0.12531385
0.113017015
0.111126445
0.12031491
0.11685452
0.13745064
0.12682897
0.122078516
0.11383088
0.12539987
0.114055455
0.11471284
0.1119574
0.11074891
0.12307055
0.117753975
0.123876795
0.117131345
0.11133452
0.11147523
0.117071375
0.11794014
0.12094306
0.12416243
0.111165896
0.12167523
0.11054851
0.10571043
0.11779147
0.114971116
0.10955779
0.11899865
0.12329809
0.1168409
0.11884183
0.11332597
0.10774593
0.11316116
0.113003835
0.10743918
0.11437742
0.11188445
0.11609525
0.1083032
0.11514101
0.12345733
0.11235095
0.10837149
0.11690108
0.11973248
0.11378001
0.11649818
0.11054228
0.112412155
0.109391354
0.114704415
0.118603654
0.107981004
0.11315389
0.10819353
0.112558395
0.11169138
0.11396304
0.12551206
0.1250432
0.12379518
0.12579855
0.122601196
0.12517184
0.12778448
0.11548045
0.12412202
0.11048325
0.10772244
0.11895781
0.109274596
0.11019103
0.11703426
0.109350026
0.14252704
0.10644262
0.10519433
0.11581616
0.11278428
0.111123174
0.10775914
0.105583
0.11698005
0.11361965
0.106824026
0.109204575
0.10577789
0.108028
0.10279352
0.1138226
0.10583657
0.1083637
0.10101227
0.111110106
0.110595495
0.10847049
0.10357119
0.11312292
0.117713235
0.104281835
0.10344165
0.117919065
0.10886832
0.10854156
0.11243389
0.10158649
0.10053828
0.11947954
0.101315185
0.11233495
0.11300568
0.10299155
0.1039237
0.10543458
0.10979571
0.10452953
0.10102359
0.10407238
0.11905107
0.10664397
0.1075405
0.11196579
0.10771332
0.10670681
0.103245586
0.1073921
0.10912983
0.10653999
0.10289056
0.11970067
0.1073163
0.1059628
0.10560362
0.10369068
0.10319633
0.107969515
0.095921226
0.10687597
0.098091945
0.10629263
0.100571126
0.10898099
0.1033936
0.1107092
0.11952337
0.11363148
0.11999688
0.1025634
0.108019195
0.115226716
0.12264755
0.112882264
0.10089511
0.12174349
0.10927431
0.1408897
0.10743572
0.11675697
0.117294274
0.10559386
0.108621225
0.11329738
0.10324788
0.10096947
0.1037241
0.09561539
0.099399306
0.09855209
0.10619942
0.10357871
0.09770312
0.10264873
0.10224003
0.10087932
0.10111431
0.10168395
0.09835734
0.104740396
0.10337803
0.09611649
0.09757219
0.106027514
0.09900956
0.101202935
0.10286638
0.103864595
0.10781786
0.09728755
0.10064409
0.11930647
0.0993819
0.103188984
0.11289961
0.10093065
0.11432764
0.098245375
0.09746006
0.10240626
0.10235776
0.10143071
0.09637829
0.09542127
0.10320614
0.09774689
0.09249422
0.09934816
0.095357955
0.09846059
0.094091035
0.09542924
0.09673548
0.10050782
0.103037216
0.09957455
0.10891862
0.11111011
0.108798966
0.12445684
0.09694387
0.10250827
0.10387807
0.10390546
0.092991635
0.095017985
0.09074693
0.090607524
0.08878272
0.08782692
0.095281586
0.10157866
0.09593389
0.1003858
0.0970961
0.09604625
0.09905907
0.0958937
0.08988737
0.09537538
0.0956822
0.09326622
0.10254048
0.09902929
0.09650611
0.09300703
0.101107895
0.09584135
0.093562394
0.11401682
0.090047024
0.100926846
0.09977131
0.10297516
0.09840331
0.09765397
0.09609175
0.10035866
0.09902359
0.14768086
0.106013976
0.10062725
0.091058366
0.092671186
0.10689981
0.09582789
0.0998009
0.09963219
0.09487481
0.09235496
0.086614616
0.094307214
0.094040684
0.09660916
0.09523731
0.09120525
0.08947194
0.090627015
0.088232264
0.093024366
0.09452539
0.11007548
0.09490677
0.09068515
0.08712541
0.09620218
0.085750856
0.09441452
0.091434866
0.09189633
0.09625364
0.09293669
0.10425897
0.117378436
0.09247127
0.10103044
0.09940169
0.0925797
0.1055163
0.09802369
0.08885404
0.08403298
0.09074388
0.09377734
0.089293644
0.097104564
0.105259985
0.09593963
0.09216788
0.10081264
0.09816049
0.09613762
0.09305871
0.09435565
0.10587857
0.09562113
0.09510142
0.09716602
0.08788717
0.089661695
0.09687712
0.09247462
0.11656805
0.12210139
0.08982223
0.09154792
0.090798184
0.088044204
0.096687235
0.09602322
0.09800269
0.09519769
0.08805595
0.09117006
0.08901541
0.1028951
0.08665013
0.08981347
0.09982349
0.08982399
0.08944792
0.087003976
0.09278036
0.08398306
0.089302145
0.090964764
0.09490951
0.0963884
0.09812907
0.089850694
0.085917264
0.089404106
0.09516126
0.08780564
0.098028265
0.1247564
0.086589724
0.086244486
0.08267325
0.085967086
0.0850651
0.083842315
0.07999434
0.08526922
0.093193784
0.0786572
0.08901235
0.08246297
0.08977576
0.093433596
0.08489576
0.08828478
0.08455494
0.08588657
0.085671306
0.08693578
0.08596077
0.09109227
0.09016536
0.08874338
0.087930866
0.09757935
0.08756362
0.08371688
0.077859685
0.08388011
0.082971886
0.08752473
0.08096344
0.09096078
0.09730372
0.08202278
0.07938732
0.07924936
0.08383929
0.07752479
0.081601925
0.087481804
0.08382687
0.083409406
0.08425496
0.08907507
0.08259001
0.08299386
0.08116389
0.09404781
0.08213893
0.08555939
0.08702346
0.098293506
0.09320009
0.08584049
0.10560085
0.09194282
0.08422364
0.089988135
0.09396275
0.091005884
0.08626641
0.088164136
0.09011615
0.08799155
0.089203686
0.0887478
0.08216902
0.08641161
0.08655902
0.07727481
0.096670635
0.08848671
0.09711241
0.09062902
0.08840649
0.1017436
0.09449259
0.09084551
0.08764411
0.081385374
0.081031434
0.08439536
0.083258145
0.07988146
0.079442255
0.0918888
0.08873239
0.08151856
0.084918775
0.0842771
0.09070004
0.090079926
0.08048266
0.08004668
0.078249626
0.080967925
0.08415866
0.09037857
0.07981055
0.09428789
0.082133226
0.08431303
0.0751319
0.09126239
0.07699811
0.083234385
0.08660614
0.08421444
0.07604628
0.08832593
0.082212165
0.08451044
0.082045294
0.09078931
0.0872476
0.07332324
0.08063545
0.08618938
0.08041022
0.080535285
0.09531115
0.07882476
0.08275602
0.078407854
0.09465288
0.0704312
0.08420735
0.07704364
0.08308317
0.07592777
0.08483342
0.07749526
0.082642294
0.08018658
0.082769684
0.08242359
0.07985791
0.07911171
0.08522848
0.07659795
0.07642251
0.08475189
0.0869532
0.07968107
0.14644147
0.08289301
0.08329844
0.07554679
0.07893844
0.09145753
0.07544949
0.08753191
0.08038302
0.076536454
0.079929754
0.08076852
0.07274464
0.088674866
0.078201614
0.07144456
0.08305175
0.07341413
0.08584114
0.09840044
0.08002643
0.08043464
0.079709284
0.07433481
0.08472204
0.07905818
0.069069274
0.07678449
0.08313302
0.07919619
0.08322659
0.08298657
0.07859175
0.07210818
0.085124746
0.079689175
0.06597478
0.08379272
0.07982727
0.07409927
0.08358386
0.0832828
0.07344962
0.0793333
0.07746265
0.08380349
0.08581173
0.09145507
0.09649952
0.09566391
0.08770922
0.08634995
0.088497445
0.07812835
0.086876035
0.076806754
0.080069885
0.07495568
0.09263014
0.0856917
0.080033645
0.07966862
0.08016866
0.08083362
0.08949533
0.0814019
0.08153211
0.076065026
0.08044965
0.08216498
0.10194269
0.13007516
0.10971694
0.10482995
0.093816675
0.09235172
0.0800215
0.080857314
0.07598449
0.073100254
0.081917055
0.08122292
0.076926544
0.077236265
0.08267862
0.07398788
0.08955745
0.077447064
0.08810902
0.072481275
0.075239986
0.07974265
0.08742642
0.08503867
0.07786077
0.08194222
0.079827145
0.079155885
0.0757706
0.07948987
0.07644564
0.08223077
0.07526511
0.07196132
0.08835728
0.07977222
0.07045047
0.076039605
0.07708052
0.07093146
0.0723129
0.078076474
0.06728955
0.077851444
0.084403105
0.07240729
0.087932356
0.08246671
0.0761508
0.078769125
0.08406805
0.075986
0.07775036
0.08123059
0.07464974
0.06908631
0.06723559
0.06865153
0.08102417
0.12745266
0.074515596
0.08091769
0.077863544
0.06708348
0.10073418
0.077195324
0.08331419
0.07040513
0.08011315
0.07430738
0.06650722
0.07430983
0.077291794
0.09283996
0.07808059
0.08217845
0.08460837
0.08205088
0.13018574
0.07370304
0.07278156
0.07257753
0.13046578
0.06919352
0.077644095
0.073007286
0.06453704
0.07985696
0.06934423
0.061743923
0.09900074
0.06809442
0.07204943
0.0795318
0.07916446
0.07344494
0.08748747
0.07054727
0.069768675
0.072453834
0.07537859
0.068307094
0.07349811
0.06696247
0.072780736
0.06786174
0.077629305
0.07049342
0.10255354
0.07284451
0.080863796
0.084251024
0.0800823
0.07255464
0.074204154
0.076855995
0.06972082
0.08301164
0.07345536
0.09512434
0.08805401
0.07114754
0.068089806
0.07712138
0.07732646
0.07585157
0.07711281
0.07450164
0.07415772
0.07838578
0.069853075
0.096188255
0.07739919
0.08695317
0.06870586
0.08697286
0.079208635
0.06991645
0.07493747
0.06475967
0.07249532
0.06830958
0.060060553
0.0886016
0.07608436
0.07035218
0.08130847
0.07910264
0.07207779
0.07028651
0.07588729
0.080545336
0.07120824
0.073629096
0.07052335
0.067689784
0.068748936
0.08128476
0.077527456
0.08142899
0.07815332
0.08404202
0.06816004
0.081641495
0.07813073
0.079730205
0.0856944
0.069930166
0.06866084
0.075979866
0.069542825
0.117743134
0.07479384
0.07113411
0.0707273
0.07683131
0.07041706
0.06530038
0.06654004
0.080647975
0.07343149
0.075537294
0.08986751
0.07423489
0.06510906
0.06363699
0.06732535
0.074877046
0.06646417
0.064953305
0.07621101
0.0717432
0.062294602
0.07347633
0.06914044
0.06665015
0.07851881
0.088394016
0.0625451
0.07768533
0.06704355
0.07236594
0.07552563
0.06454628
0.07194384
0.064996496
0.076503165
0.062420562
0.069271505
0.065004885
0.08424594
0.07731359
0.059210952
0.07361196
0.062911704
0.06420458
0.06740231
0.062151447
0.06217866
0.06537198
0.07305808
0.070797466
0.06166799
0.069223166
0.07304043
0.06897045
0.091435246
0.060485773
0.06733721
0.06368261
0.05995279
0.06631477
0.07811216
0.07754861
0.06084483
0.056408644
0.06734257
0.060912862
0.060812052
0.07233907
0.06575585
0.06631866
0.074791305
0.06464554
0.07401316
0.07013912
0.05628153
0.06899012
0.11714648
0.05932811
0.066263616
0.06593715
0.0640794
0.05896659
0.066633366
0.05740143
0.051767595
0.05575982
0.063551046
0.0648541
0.06471101
0.06033628
0.056616005
0.07010356
0.05881712
0.064859524
0.06798383
0.066897266
0.059726506
0.07545385
0.054146174
0.07404952
0.08376697
0.08482791
0.068659
0.056783915
0.06557687
0.08065894
0.06298744
0.061800096
0.05718756
0.06767855
0.069968775
0.12307156
0.12011062
0.06398234
0.06862268
0.066387385
0.08239837
0.062241472
0.06306136
0.07067917
0.07332178
0.072198346
0.057305716
0.06670439
0.06837787
0.06605085
0.06109303
0.06392797
0.087541744
0.06963621
0.057803158
0.056952298
0.06897616
0.055088893
0.06408058
0.08504713
0.07129497
0.07217371
0.060011055
0.06665686
0.06078761
0.06446152
0.059083685
0.060571417
0.055815533
0.06876781
0.06461473
0.057621483
0.056928586
0.06364558
0.054539483
0.06697941
0.06267711
0.05538111
0.062664255
0.064534806
0.054550637
0.07920091
0.06026652
0.06994867
0.05657098
0.06218279
0.06676973
0.059608232
0.06697248
0.07128368
0.05825807
0.06341579
0.06757719
0.07223677
0.060610365
0.05945482
0.062180206
0.05721312
0.060702045
0.060549203
0.0691237
0.06760505
0.07707793
0.06444523
0.06444742
0.067838885
0.06112961
0.07804828
0.06273724
0.06743323
0.066562034
0.06588908
0.06900354
0.06824695
0.05965641
0.061616283
0.057622943
0.07620357
0.056071743
0.059394922
0.06696308
0.073710375
0.08069086
0.06407834
0.07637562
0.05880438
0.056816723
0.06197563
0.059223846
0.06436153
0.05642972
0.064294726
0.05585458
0.057382323
0.05729092
0.058540247
0.054359265
0.13655227
0.06226371
0.05675514
0.053406753
0.055565838
0.05792281
0.058471665
0.054146614
0.06337569
0.056761336
0.063750274
0.056957483
0.059764396
0.061312385
0.06807614
0.06331625
0.06511306
0.053310003
0.06870225
0.055360496
0.06381438
0.062221155
0.06374041
0.05821953
0.058522444
0.055433966
0.060232267
0.059897
0.06359905
0.059813663
0.05591349
0.06310179
0.05368243
0.05216233
0.064881384
0.0590652
0.061325505
0.056489464
0.051666167
0.06199064
0.057995684
0.063850075
0.06573018
0.058861237
0.06338641
0.057640698
0.064957306
0.06968992
0.06266214
0.059819512
0.06287475
0.07342968
0.059342857
0.0665531
0.055351287
0.058145422
0.054611392
0.06338603
0.05514205
0.057135317
0.061172653
0.050148603
0.05661527
0.05684369
0.059143424
0.068851754
0.056286737
0.058657877
0.05134832
0.05378914
0.059839092
0.05518569
0.05382202
0.06053912
0.05357081
0.058713637
0.054268993
0.05748576
0.059340116
0.06682948
0.06367524
0.05526703
0.0501231
0.055175856
0.05655571
0.05463712
0.051450036
0.05347611
0.052429065
0.0566526
0.06089663
0.06310625
0.06321806
0.0538409
0.05025928
0.055363316
0.0532485
0.05735246
0.0676826
0.057214707
0.056312002
0.061575253
0.05676952
0.060709547
0.05603389
0.059790257
0.050325133
0.053544104
0.055396315
0.050248813
0.052520018
0.062306024
0.06067135
0.054296084
0.05199421
0.050153956
0.051234905
0.05879571
0.055052053
0.0529872
0.04932135
0.05629865
0.05054457
0.053898863
0.061970647
0.05188476
0.057129685
0.053463098
0.053365204
0.050785422
0.05225008
0.04969546
0.053281162
0.05425143
0.052418776
0.056741208
0.05293097
0.070060596
0.066545166
0.058176063
0.05288356
0.052464858
0.054394126
0.060649272
0.05067935
0.065293066
0.051839605
0.053490125
0.055821814
0.05730795
0.058310207
0.059663497
0.054075688
0.06102086
0.057375763
0.05261197
0.054523718
0.05681985
0.05614205
0.052858576
0.05415788
0.062600054
0.051199935
0.053993978
0.05261742
0.057962637
0.05320215
0.052531265
0.05151493
0.05119495
0.05372804
0.05583168
0.06446014
0.05834808
0.05388211
0.050983913
0.061143246
0.069864355
0.05896004
0.06536863
0.06497146
0.06286147
0.053907957
0.05037929
0.051632352
0.05783993
0.05236399
0.060544424
0.053580012
0.051277883
0.051898092
0.05074058
0.051240105
0.054469094
0.051298328
0.051759657
0.055858865
0.08288611
0.060928237
0.05615979
0.056911677
0.054042924
0.06786356
0.06583695
0.05399433
0.058663603
0.052707735
0.051201977
0.052442975
0.055252478
0.056145363
0.05131547
0.050939925
0.053422198
0.054124657
0.05593235
0.055282943
0.06346838
0.05556351
0.053545535
0.051218998
0.052094962
0.05225607
0.054057814
0.053976152
0.0535497
0.057025883
0.05249088
0.052370496
0.0526409
0.054346435
0.05263603
0.05336795
0.052619264
0.054847494
0.05538281
0.056304563
0.05815972
0.052301306
0.050394963
0.052447144
0.0517863
0.0527719
0.05645991
0.054014135
0.051929165
0.051961225
0.05411378
0.054462224
0.054073244
0.050050657
0.054869954
0.054666504
0.055484507
0.0504447
0.050109718
0.054487307
0.052942153
0.055081252
0.054565754
0.05111325
0.05287656
0.059864286
0.054477654
0.05079479
0.04894649
0.049217273
0.049050014
0.047681205
0.047351588
0.04882981
0.05281097
0.056770347
0.058251858
0.055059604
0.054948747
0.047345456
0.044570427
0.047493294
0.10951006
0.22958846
0.06343428
0.054377563
0.048636712
0.051937416
0.060452167
0.0557067
0.056400068
0.057437744
0.050920475
0.04926568
0.049997836
0.053897027
0.057686847
0.05894287
0.05482396
0.056897387
0.05769026
0.064158134
0.06716162
0.07748717
0.0732889
0.059527986
0.05428373
0.053508382
0.057209488
0.05381808
0.0541496
0.054599926
0.051547203
0.05033454
0.047788266
0.048728507
0.049365103
0.05400672
0.056745227
0.051063117
0.04950326
0.04984128
0.05056958
0.051338337
0.054382823
0.05139591
0.050555352
0.047945347
0.05201457
0.05990524
0.059284586
0.05246392
0.053442203
0.06223281
0.051753346
0.04915596
0.04931214
0.051248193
0.04932125
0.051890664
0.049581874
0.05301031
0.05896523
0.06632077
0.0520243
0.04654415
0.04557481
0.04702947
0.048847005
0.055356253
0.050814107
0.047917806
0.050375164
0.049744118
0.051248778
0.05022806
0.053344965
0.05681351
0.05361898
0.058774292
0.060601633
0.0728368
0.05816991
0.05117742
0.05322918
0.056635153
0.05202671
0.05336016
0.06064589
0.058087416
0.04895414
0.0472931
0.046072032
0.046820696
0.04362109
0.048789844
0.057320546
0.048386354
0.043463286
0.046377864
0.046700187
0.04654694
0.044070087
0.04394476
0.049953196
0.060123745
0.04884034
0.0453881
0.045487266
0.046490718
0.04307864
0.042860087
0.045107342
0.049577
0.05024491
0.055186477
0.06354495
0.05951321
0.06733236
0.091466
0.06523552
0.049726173
0.048363812
0.04437578
0.045873594
0.049469505
0.058824036
0.053428706
0.046679653
0.04626558
0.05171677
0.061905373
0.08291168
0.062181752
0.049591944
0.048752155
0.05031572
0.054442592
0.057535656
0.052422404
0.052746493
0.05851773
0.058897845
0.059575915
0.06345955
0.060088027
0.059388958
0.070027955
0.058084767
0.06552712
0.054683134
0.05027967
0.05316884
0.05790679
0.058390297
0.05194734
0.04718052
0.04857685
0.048051734
0.051098686
0.05165884
0.061450668
0.07619939
0.07014355
0.05954684
0.05517105
0.054205753
0.05099288
0.04821685
0.05028092
0.062868714
0.054645833
0.052148923
0.04807468
0.05084142
0.049503293
0.05522185
0.0598665
0.052384887
0.048969116
0.049731664
0.046152323
0.04276001
0.042647388
0.042816922
0.046310663
0.04470628
0.04701848
0.044759125
0.04747826
0.04641064
0.04529003
0.042916413
0.041852936
0.043450173
0.045314126
0.04691211
0.047325097
0.045656864
0.042933945
0.041251853
0.040761642
0.043542434
0.04594335
0.04815081
0.044862725
0.043284155
0.041065477
0.044673048
0.04382866
0.044951558
0.043981254
0.048129134
0.049597707
0.04811659
0.046370015
0.045753594
0.047682837
0.046718013
0.045149233
0.043434087
0.04393232
0.045970827
0.04838922
0.04980067
0.045903884
0.04783704
0.054983806
0.07220591
0.05393544
0.04669205
0.05091681
0.050518196
0.049406346
0.042997975
0.043394074
0.042928457
0.0436555
0.042435825
0.04378114
0.04526886
0.053574834
0.06640748
0.049380265
0.04152866
0.045717943
0.046968028
0.04784682
0.044589847
0.045521
0.046584778
0.047727346
0.068556
0.112379156
0.1071562
0.06925637
0.050153002
0.048286427
0.042654254
0.047093928
0.06322428
0.054069027
0.052225303
0.052572288
0.054032017
0.052237228
0.04930103
0.049451146
0.04753203
0.047162797
0.04474261
0.047337443
0.05262176
0.053772718
0.05092862
0.046240006
0.046772018
0.04608746
0.04690767
0.04540101
0.044670884
0.045570996
0.04569056
0.04752298
0.043799803
0.04296661
0.04359999
0.04434697
0.04487904
0.0444508
0.0458076
0.05004418
0.050416134
0.05058944
0.046713404
0.047536843
0.046942048
0.04691332
0.045061897
0.04584352
0.047333673
0.04740879
0.04975168
0.04635124
0.044035543
0.037811078
0.03830972
0.040836632
0.043929927
0.04881214
0.050207164
0.050676644
0.045012504
0.045457687
0.048617058
0.050883744
0.050015103
0.045977797
0.04517827
0.044260576
0.04536376
0.0467084
0.045685444
0.043668732
0.0413235
0.041322395
0.042281028
0.04280866
0.044315968
0.04451673
0.045006126
0.045435257
0.044749737
0.04695969
0.048318893
0.051082604
0.051571343
0.052955586
0.058251992
0.066795215
0.05729131
0.052782923
0.055520922
0.051433135
0.050752006
0.05039417
0.051332615
0.049006797
0.044341046
0.042143054
0.041896705
0.044756576
0.04799092
0.04853682
0.048797816
0.047589377
0.04600832
0.04777451
0.04466809
0.046676647
0.04408678
0.046280283
0.04708494
0.04692014
0.044759803
0.04325785
0.046395093
0.048756815
0.049363974
0.047808733
0.04656233
0.04598614
0.040236115
0.042059593
0.042446885
0.046411723
0.044018917
0.041886885
0.0429531
0.045516737
0.044428132
0.041438468
0.043563347
0.04505084
0.044424415
0.05043137
0.07308871
0.054835487
0.043308448
0.050582916
0.068892546
0.048791748
0.038689848
0.042102132
0.045926243
0.04945614
0.045151852
0.044335295
0.041784823
0.044263165
0.03951152
0.040302053
0.04036749
0.03965142
0.039075192
0.03998757
0.042982657
0.040518027
0.037532575
0.037790325
0.047054566
0.051063344
0.05155569
0.04231959
0.041433826
0.0392271
0.045975972
0.04627021
0.046474855
0.04515151
0.044448815
0.04508085
0.043313842
0.040662564
0.04014801
0.039136212
0.04336935
0.04201018
0.041751355
0.038602553
0.04066018
0.039075483
0.03893698
0.03722723
0.03851017
0.041104887
0.04147003
0.03807041
0.035182256
0.034076538
0.038869563
0.036750447
0.041567408
0.040376645
0.04297958
0.03880783
0.036572136
0.042020485
0.045125272
0.047641482
0.046177506
0.042724315
0.0458021
0.041914646
0.045421816
0.041338865
0.04309989
0.041982766
0.043554507
0.0461525
0.04614879
0.049427878
0.046294745
0.04691142
0.046330888
0.04597373
0.04621725
0.04187284
0.04235908
0.050072085
0.05188722
0.048769854
0.040385406
0.03680406
0.038522363
0.037002064
0.039624527
0.041951947
0.04544957
0.04495814
0.045218702
0.04467971
0.045433547
0.04405813
0.042266387
0.0411467
0.039062053
0.04054783
0.04403482
0.044503767
0.045336645
0.042417902
0.046068624
0.04647992
0.052229155
0.05968424
0.060388822
0.05276336
0.047077
0.04328263
0.044640917
0.043413475
0.046846874
0.04812164
0.04896209
0.048331548
0.04876472
0.045461193
0.04381151
0.045226783
0.046245255
0.047479756
0.04521851
0.043300435
0.043009598
0.042758793
0.043100916
0.041755065
0.043133147
0.0452282
0.05399317
0.055478983
0.062414486
0.05258227
0.052407768
0.059073586
0.089055106
0.05974879
0.0439854
0.044352204
0.043264586
0.043082934
0.040393047
0.03961909
0.037994377
0.038154524
0.044300295
0.045474548
0.04506199
0.041956417
0.043626785
0.043897934
0.042697713
0.044931863
0.049307298
0.05268608
0.05062439
0.047575463
0.0719529
0.12476767
0.07374977
0.0501401
0.052988518
0.04818336
0.048083566
0.04640298
0.047196288
0.04381557
0.044752434
0.04399592
0.043470755
0.056698702
0.08448705
0.05357507
0.0427802
0.046086397
0.048860162
0.0471609
0.04616179
0.047983423
0.049332954
0.051582303
0.053099897
0.07115905
0.1053236
0.076264456
0.059564162
0.05273932
0.06918109
0.09513777
0.0799985
0.080287635
0.07024183
0.0646037
0.056618035
0.05796661
0.05336317
0.054410577
0.04914512
0.051296182
0.04902455
0.047629017
0.059678268
0.09223385
0.0603582
0.0425835
0.04467411
0.044782512
0.044126604
0.04243452
0.046973474
0.05115409
0.07871237
0.12743507
0.07834146
0.051752124
0.05049234
0.04827381
0.050851546
0.047664788
0.046152934
0.042067192
0.043741647
0.046463914
0.046287347
0.051990874
0.050090216
0.0510684
0.05067773
0.051012788
0.04960155
0.04136311
0.041817244
0.041531004
0.043997623
0.04402259
0.047437184
0.053804096
0.055470914
0.053555388
0.045939725
0.046759974
0.04697922
0.046577673
0.043531615
0.04024056
0.047636095
0.055188846
0.06278421
0.05496664
0.046203252
0.045707054
0.05477841
0.055733267
0.0507167
0.04475792
0.04754476
0.045195937
0.04054151
0.040221788
0.046052437
0.049877044
0.048531894
0.05199726
0.056740537
0.05523745
0.04868995
0.042384773
0.044786617
0.046417776
0.046143625
0.04312539
0.045009345
0.045326795
0.048735224
0.048128594
0.0493828
0.047638312
0.047851942
0.05302184
0.05576147
0.05375519
0.051709417
0.049026664
0.049025573
0.046977255
0.0485773
0.047606483
0.05057542
0.052816886
0.05880947
0.058892414
0.061056543
0.053291593
0.04855929
0.046065476
0.047228873
0.048202254
0.044494916
0.0453859
0.048744056
0.05405664
0.06241022
0.06732533
0.07143454
0.06409768
0.06268151
0.054181352
0.054655887
0.049958672
0.047925256
0.043715052
0.041818693
0.041353643
0.043052837
0.04118549
0.043885663
0.040710676
0.16004196
0.40123624
0.16177513
0.047423646
0.04636068
0.045844816
0.041896645
0.04758592
0.052429706
0.05295376
0.05450549
0.050740775
0.049537916
0.04491267
0.047408793
0.04925515
0.04745869
0.051660135
0.053650796
0.052459918
0.04663609
0.04326614
0.046045236
0.04773589
0.048469324
0.04780145
0.056615703
0.071287714
0.09229323
0.07170966
0.058027845
0.057743978
0.057384137
0.056831025
0.050219722
0.04666864
0.04487107
0.0471367
0.045174178
0.043324187
0.044493794
0.04642578
0.0490077
0.05271161
0.056286555
0.05772889
0.054040466
0.04722788
0.04703422
0.0458829
0.04968985
0.05467803
0.0558123
0.057540543
0.04972648
0.046897076
0.042770967
0.04445498
0.051164716
0.051985778
0.05196184
0.04882375
0.050879702
0.05168305
0.059216924
0.061989274
0.062204238
0.055234123
0.050856553
0.05213721
0.050173752
0.047357984
0.048695322
0.04747803
0.050611604
0.043337353
0.04188888
0.039961733
0.043950625
0.042510044
0.042503826
0.042581923
0.039694708
0.04025311
0.036951333
0.039673373
0.042783357
0.04442915
0.044323504
0.042083126
0.04282475
0.045256034
0.043598894
0.041354157
0.037475236
0.038249485
0.040907506
0.048932202
0.047131743
0.043561444
0.03790086
0.039868504
0.04495875
0.047918685
0.045187205
0.040896114
0.039805878
0.043243658
0.044058904
0.039259132
0.037415907
0.0398345
0.043134153
0.047896635
0.050731666
0.05727761
0.06074353
0.06889565
0.06559498
0.05997643
0.045936704
0.042393375
0.042853467
0.04227193
0.040332515
0.03647036
0.038132448
0.038775656
0.04013197
0.0391731
0.038704235
0.03505649
0.03793402
0.037610516
0.041315675
0.04121106
0.041957967
0.042664725
0.040944956
0.040868465
0.038216628
0.0355768
0.039312083
0.038108576
0.03905127
0.03600501
0.038469438
0.038997058
0.04109545
0.038834285
0.0383595
0.034379885
0.03254523
0.032573193
0.034250166
0.03561924
0.03571609
0.036067724
0.03621695
0.036530804
0.038444996
0.036457486
0.042173557
0.046386305
0.049602944
0.047985896
0.041963737
0.041232914
0.0368146
0.042513773
0.04447635
0.042904243
0.036976762
0.03606514
0.042502422
0.045147225
0.04223709
0.037906893
0.036138415
0.037821352
0.041203436
0.04274819
0.046186164
0.04227398
0.04014726
0.038568955
0.037650965
0.044094175
0.040337894
0.040725574
0.036260135
0.040141642
0.041103113
0.04264465
0.045751028
0.046314444
0.050997987
0.04742566
0.049080312
0.04001918
0.037604682
0.038830493
0.04360279
0.04508499
0.04178336
0.037891366
0.03881179
0.04478566
0.048131943
0.046680313
0.04183544
0.044471882
0.04559835
0.049136084
0.04563852
0.058178723
0.056206822
0.059533082
0.050928134
0.051173836
0.05001506
0.046466358
0.044172492
0.046877533
0.046187963
0.046393506
0.041806735
0.045887277
0.043310795
0.04150327
0.04028865
0.04336001
0.047975622
0.05526438
0.059528258
0.061434656
0.05573386
0.05298476
0.04959309
0.051929597
0.051204998
0.049098447
0.04351173
0.042893197
0.0426169
0.04012966
0.043136336
0.04183862
0.04755988
0.044327848
0.047212854
0.04012823
0.040616024
0.041746356
0.044249177
0.048821583
0.04779621
0.051088285
0.046838596
0.047675353
0.046554897
0.049488947
0.04986663
0.05051063
0.04635887
0.046722118
0.05361215
0.054541096
0.053558968
0.043837354
0.043548554
0.047299456
0.049624223
0.051247116
0.049316455
0.060648125
0.08013197
0.10006592
0.10203198
0.09559653
0.08372825
0.07588393
0.062903814
0.0528622
0.04600318
0.04511999
0.045026273
0.043418698
0.04078434
0.039324857
0.044037066
0.04441177
0.041063268
0.040680997
0.038819384
0.04161948
0.040744163
0.046710435
0.04766951
0.04444541
0.039741658
0.043717343
0.049650848
0.051023018
0.052950837
0.052396055
0.052591417
0.04623553
0.046725906
0.046837963
0.045106612
0.046484586
0.04504564
0.046041764
0.044100795
0.051922694
0.051101748
0.049700808
0.046099912
0.04648283
0.050129812
0.043836363
0.04479384
0.04027717
0.04636374
0.0457685
0.044596538
0.0400888
0.03958847
0.03982223
0.04046225
0.040854655
0.046351623
0.047754336
0.046952162
0.046982504
0.044644814
0.04651855
0.047676243
0.04849163
0.04551195
0.05066852
0.042489942
0.04458952
0.042423993
0.04675865
0.044950273
0.044693913
0.044310674
0.04579946
0.048913155
0.051350422
0.05382486
0.056703925
0.053268302
0.050959114
0.04888178
0.045835882
0.047998056
0.04274856
0.044299044
0.042788718
0.0443737
0.047836002
0.04569514
0.04405384
0.04344314
0.041819233
0.04436749
0.047326557
0.047783934
0.043485112
0.0419981
0.042264648
0.04477618
0.041193154
0.03883061
0.041492622
0.04087625
0.04426506
0.045199763
0.042691845
0.041923057
0.041882273
0.03711534
0.035825927
0.03335701
0.03287753
0.0327517
0.03420903
0.037565198
0.03870926
0.03559595
0.036849286
0.036722016
0.039806727
0.04369505
0.043665633
0.044575445
0.042403862
0.038220543
0.04071327
0.044561636
0.048186257
0.053773936
0.054867532
0.048390105
0.0437143
0.039757147
0.036375515
0.035787348
0.04061052
0.045158077
0.047341302
0.04531241
0.04214761
0.035641722
0.03407527
0.035074018
0.036609117
0.035511166
0.03761896
0.040154338
0.039163556
0.036277223
0.0385002
0.03867806
0.037735526
0.038329873
0.039549798
0.041153505
0.04009643
0.042992152
0.047430538
0.045008402
0.05094849
0.0463529
0.04456393
0.047248606
0.046590302
0.050524805
0.049949087
0.046264343
0.042765073
0.044969987
0.04555975
0.045004696
0.043813612
0.043850962
0.038744044
0.044239324
0.045721244
0.048379656
0.052006554
0.04732628
0.040494297
0.03796249
0.036246628
0.036699597
0.0371614
0.038734853
0.039730746
0.03929835
0.035962153
0.035286363
0.035385594
0.03449101
0.03552315
0.037005592
0.03865332
0.03707949
0.04184155
0.046355095
0.042244393
0.03983945
0.04153955
0.037586093
0.037759002
0.03861092
0.03785127
0.036210123
0.037096526
0.037872504
0.03683696
0.039502036
0.04171112
0.045384873
0.05033635
0.05000588
0.04858432
0.044516876
0.045278333
0.04740168
0.048627853
0.051075116
0.0487612
0.043953553
0.04207749
0.04150958
0.04071803
0.039540507
0.037409905
0.038175516
0.03754938
0.036890313
0.037244983
0.038326595
0.038507205
0.0410251
0.04168478
0.04231714
0.042262584
0.044674065
0.04119674
0.039859835
0.03815845
0.040714316
0.04073113
0.044091985
0.050001543
0.047131684
0.046999626
0.047571357
0.048476033
0.043031707
0.042293925
0.038105022
0.034725524
0.03635465
0.036687437
0.038969737
0.042510513
0.0441173
0.042367414
0.049272943
0.049793467
0.052380137
0.054483816
0.0478757
0.062736
0.07416963
0.08045758
0.07891013
0.051421765
0.04888032
0.051526524
0.04767996
0.043036804
0.041441776
0.040717427
0.037960168
0.037669156
0.036961272
0.03506532
0.033518344
0.034206875
0.039445378
0.040835235
0.042272512
0.04288526
0.04197537
0.040967833
0.03851003
0.036550704
0.03581369
0.036496058
0.032303013
0.03300188
0.038064994
0.0382772
0.039537996
0.039733294
0.039928533
0.039977625
0.04037983
0.041633382
0.041453414
0.042313993
0.038106352
0.038201552
0.035604663
0.0396559
0.039244026
0.041585654
0.04247525
0.041630544
0.03836912
0.037569188
0.038917538
0.037735615
0.041534968
0.0411063
0.04466726
0.047336824
0.049164463
0.052786328
0.05007686
0.04785057
0.043142807
0.044673882
0.04544276
0.044093158
0.04428763
0.04565148
0.045376703
0.045078803
0.043726243
0.040857438
0.039678894
0.04066379
0.038399354
0.04096003
0.044682834
0.044438604
0.042701762
0.047598034
0.046193104
0.045280296
0.046907894
0.0458012
0.043476187
0.04703377
0.04790262
0.049046252
0.051568795
0.048838887
0.043180343
0.04038708
0.038594276
0.03690028
0.03842852
0.04232345
0.050021153
0.052395858
0.05900999
0.059884276
0.058338422
0.05532963
0.056079198
0.057101265
0.054608732
0.05342748
0.048986018
0.048317995
0.05000592
0.041983634
0.04079403
0.04362242
0.040704735
0.04069722
0.04330058
0.040840235
0.03998867
0.04301513
0.04161842
0.042354632
0.04567776
0.04502243
0.044018455
0.045271527
0.042684298
0.038203713
0.038512032
0.038047474
0.036743652
0.037735675
0.039979517
0.049633656
0.051572848
0.062228676
0.062036075
0.06573319
0.062128756
0.14183627
0.28320494
0.12994225
0.09230497
0.043472856
0.03621832
0.03601991
0.037963863
0.038892582
0.039689086
0.04150893
0.04163319
0.04182567
0.0374186
0.035908893
0.038301446
0.037866898
0.0370804
0.039003085
0.038453024
0.043704357
0.04065969
0.0412735
0.040786143
0.04319267
0.040067207
0.035760287
0.03513337
0.03836138
0.037659265
0.038647123
0.04081333
0.039733123
0.0403404
0.039863523
0.03746056
0.038795978
0.039037
0.04022294
0.042583156
0.03893862
0.036867473
0.035866536
0.034788705
0.0333823
0.031122591
0.031813644
0.031970266
0.031397514
0.031002684
0.030087383
0.031085232
0.03210642
0.031802177
0.03369602
0.03534635
0.038489085
0.040319588
0.035845477
0.033870403
0.034741156
0.033794943
0.03132437
0.0325024
0.034386378
0.038837235
0.039095335
0.036679946
0.03907925
0.03659967
0.03254798
0.03448406
0.034501184
0.0354406
0.0355994
0.03546336
0.0368313
0.037429985
0.03321735
0.03276696
0.03160537
0.03073256
0.03236097
0.031020718
0.036131695
0.038428444
0.042482547
0.047766138
0.04673146
0.04928272
0.045681387
0.043127198
0.04332136
0.042017996
0.0383179
0.036308017
0.035807762
0.03557991
0.035435185
0.033033147
0.035373997
0.03556607
0.036557753
0.035048872
0.036907222
0.036025535
0.035882305
0.035032675
0.035545744
0.036772415
0.035410054
0.03537658
0.034589294
0.03393966
0.032779768
0.031659085
0.03136595
0.030682344
0.03077069
0.030807633
0.03176959
0.032850135
0.032442138
0.033703078
0.033631444
0.03127994
0.032619175
0.03199647
0.031605914
0.03176218
0.031347286
0.03297594
0.035462834
0.03403047
0.03822401
0.038315073
0.03789121
0.036043487
0.034450714
0.033297483
0.03745107
0.03342768
0.035127327
0.036564104
0.038283203
0.0388373
0.038945362
0.035487115
0.03560011
0.03519579
0.034924135
0.034334168
0.033989925
0.03574125
0.03576039
0.03586667
0.03542998
0.034842245
0.035391215
0.034974232
0.035144392
0.03393293
0.03475162
0.03440194
0.03588743
0.043833558
0.046666097
0.047269717
0.04930042
0.051539168
0.04745801
0.044384472
0.036289643
0.036983896
0.034272175
0.03292942
0.033960138
0.033852473
0.033128217
0.032364152
0.031158281
0.033750627
0.03432285
0.0381846
0.039289556
0.03790788
0.04077075
0.046336
0.047297478
0.043733403
0.04134047
0.040715523
0.041401424
0.039160587
0.035094645
0.035336494
0.034974877
0.033570066
0.0338436
0.035112165
0.0378096
0.038444575
0.037260007
0.03795555
0.0383701
0.036433585
0.035717543
0.03460561
0.033530116
0.03343658
0.033673644
0.033623356
0.034488194
0.03344055
0.034030627
0.03369221
0.032997727
0.03239437
0.031242846
0.031641494
0.03290867
0.032854382
0.032230195
0.033105057
0.033106633
0.032971837
0.032633558
0.034377202
0.033391245
0.03239679
0.03447281
0.034990627
0.037302047
0.039827947
0.046687137
0.050425116
0.06292828
0.066073276
0.06764357
0.07050235
0.07517593
0.066421404
0.06685452
0.06411583
0.06514474
0.05929209
0.059905045
0.05903928
0.06469547
0.066633314
0.068336315
0.067018226
0.064299
0.063310884
0.057239525
0.05090857
0.050534893
0.051299036
0.04771278
0.04572448
0.04325037
0.04060875
0.043501247
0.043977
0.04277475
0.042397536
0.04047739
0.040793695
0.042456035
0.03871597
0.03825889
0.04540224
0.045830615
0.050751798
0.045875974
0.04340146
0.04306164
0.040850602
0.04031416
0.040016595
0.040497553
0.03965772
0.040052507
0.03865762
0.04021515
0.04054902
0.034955896
0.03422118
0.034960035
0.035232946
0.03690114
0.036333043
0.035806265
0.033364717
0.040772717
0.04430386
0.043554112
0.043597538
0.043513156
0.0441578
0.045198753
0.049950577
0.04071977
0.041638173
0.03972455
0.04368378
0.045833185
0.044520594
0.04382268
0.045210242
0.044230234
0.045945648
0.043081876
0.039973795
0.039782144
0.038608395
0.04249309
0.04176591
0.04332712
0.041674294
0.04149355
0.04301123
0.041433726
0.0424441
0.039660167
0.036516983
0.03602188
0.038138255
0.03849753
0.037842155
0.038201403
0.0353796
0.03426276
0.036264557
0.03740814
0.03677186
0.034549017
0.03475451
0.034851454
0.036144186
0.03710778
0.041596152
0.04218283
0.045392904
0.047217604
0.049827714
0.053697813
0.05798304
0.05396563
0.05100273
0.047433738
0.04851297
0.048215393
0.043740064
0.04332201
0.04487135
0.04431591
0.043196104
0.04209858
0.04089265
0.041248005
0.042060066
0.042397488
0.0417454
0.04523256
0.05272419
0.051940653
0.058448352
0.05176487
0.049488198
0.046370983
0.045223016
0.042307798
0.036244288
0.035764698
0.039516214
0.039211884
0.040503267
0.039802633
0.0389972
0.04038415
0.042422872
0.042763002
0.04497631
0.043372072
0.042279184
0.04311183
0.048312828
0.046320792
0.04906073
0.048175056
0.088781476
0.10903394
0.14732315
0.33886337
0.14866692
0.112564474
0.091299385
0.049591143
0.055309594
0.054963086
0.053089406
0.053545203
0.06028716
0.06647095
0.06833597
0.07479669
0.07890245
0.078459576
0.072064444
0.062081162
0.052235756
0.046847913
0.044889864
0.042390775
0.04371021
0.041929435
0.04239454
0.046686627
0.049137954
0.051944334
0.052446585
0.04943932
0.04808618
0.04801692
0.046806507
0.048188556
0.04767335
0.04368539
0.04196584
0.044325247
0.046190165
0.047811486
0.049384415
0.05196655
0.053627163
0.051675934
0.053591542
0.05052896
0.050276957
0.051082734
0.05182886
0.053973656
0.059121754
0.05924579
0.06851066
0.06060558
0.05337451
0.047779582
0.04895383
0.04487028
0.042519763
0.04026215
0.042427458
0.040705416
0.042350166
0.04532139
0.043074228
0.041245677
0.042906743
0.043515846
0.046392508
0.044675045
0.04533254
0.044676032
0.04721651
0.05080246
0.04599249
0.044102874
0.041905746
0.038724933
0.038283914
0.040130448
0.039217405
0.04036526
0.03967198
0.042062245
0.04454823
0.045226295
0.049902
0.04899943
0.050682288
0.05319004
0.05205502
0.04824859
0.045244955
0.044915356
0.047651876
0.048455786
0.04622456
0.046406392
0.046274055
0.04190242
0.043582544
0.04216013
0.038762752
0.037394423
0.033756472
0.03530184
0.03512388
0.036437243
0.03707159
0.037802584
0.037836216
0.040530212
0.03866627
0.04084188
0.042768996
0.042952366
0.04203879
0.042996466
0.042122997
0.046819974
0.046069555
0.04850963
0.047220323
0.047195364
0.049104895
0.04704589
0.050011363
0.048510708
0.043508478
0.042835746
0.042243145
0.045242973
0.04527211
0.045571957
0.047844842
0.04560716
0.048696358
0.05519267
0.061425332
0.060119726
0.062016625
0.05990107
0.06293077
0.06351493
0.05789141
0.068242736
0.06753114
0.06752539
0.07641844
0.08156199
0.08981778
0.11356101
0.10249108
0.099576056
0.09489258
0.09286866
0.08272733
0.060884185
0.055219114
0.048089013
0.04699357
0.047437362
0.043710474
0.042596824
0.04079718
0.037727125
0.037925772
0.038702298
0.037560184
0.038557436
0.040081292
0.03857849
0.037654772
0.038348243
0.038459916
0.03864724
0.040151283
0.041245997
0.043787997
0.04806336
0.047135424
0.04705793
0.04745255
0.046883486
0.047029737
0.04834964
0.04749396
0.048589252
0.04546079
0.043005288
0.039999098
0.044396494
0.044719245
0.042964835
0.042308573
0.04116895
0.04166269
0.04056083
0.040360786
0.040395286
0.04096003
0.040229414
0.041382264
0.036217414
0.035500962
0.0367613
0.03687022
0.037961897
0.040242914
0.04207074
0.04428975
0.044066608
0.048682988
0.050200306
0.052459095
0.06367576
0.07117737
0.07166411
0.073156744
0.06989524
0.06916424
0.070964284
0.0679252
0.059010003
0.056302838
0.05019829
0.049617354
0.045001384
0.043772608
0.046343975
0.044746406
0.04089628
0.04338053
0.04597463
0.04375674
0.044745658
0.044538274
0.04402935
0.04394677
0.04509991
0.043560058
0.042344116
0.043312293
0.043446917
0.045345943
0.04720257
0.049984057
0.050177127
0.051402535
0.05096689
0.049714625
0.05164398
0.055793714
0.05756454
0.059161503
0.0585379
0.05334669
0.05025808
0.050993986
0.047882076
0.047373686
0.047337458
0.04387409
0.04334859
0.046569385
0.044425342
0.042519484
0.044992786
0.067202695
0.06943183
0.07795435
0.09157338
0.11297315
0.10390316
0.10578183
0.10896564
0.10355584
0.08433712
0.07361765
0.07059323
0.06682321
0.046779994
0.048166033
0.048726354
0.050095003
0.061214887
0.06571131
0.06961714
0.07286819
0.07898885
0.15358247
0.18635353
0.23916495
0.57975537
0.27109447
0.18331487
0.14502296
0.12016304
0.06168367
0.057373933
0.050161116
0.046671484
0.043106463
0.037562028
0.042513266
0.041342743
0.043050304
0.042762674
0.04182293
0.045576915
0.04571786
0.044207085
0.042888064
0.043127056
0.04486651
0.049486708
0.051231004
0.052672528
0.048498932
0.04579532
0.038591586
0.03768566
0.03773156
0.037662234
0.037895706
0.033188574
0.03544683
0.037134714
0.037757497
0.036693472
0.035283916
0.035360944
0.036162544
0.037788462
0.03781675
0.038729083
0.03742367
0.038206205
0.03692946
0.035937123
0.035056595
0.034290165
0.035809487
0.033576377
0.032498833
0.031683642
0.030891163
0.030419558
0.032159824
0.033201676
0.032718506
0.03403105
0.034111515
0.033909027
0.034372773
0.034642257
0.03529741
0.0354878
0.035262454
0.03419582
0.035116818
0.038711444
0.040928215
0.046540063
0.046779096
0.051077634
0.050973892
0.04806213
0.04917021
0.049738444
0.05031867
0.049806803
0.054352712
0.055427585
0.05487438
0.05279234
0.048933346
0.05159979
0.046971556
0.040937267
0.041289467
0.041461427
0.04128457
0.040619206
0.0432352
0.04338238
0.0446932
0.043669812
0.043018196
0.043330852
0.048463304
0.041223776
0.041581072
0.041998606
0.043685522
0.043612543
0.045454416
0.044840187
0.04451403
0.045727704
0.0430072
0.043379754
0.049097545
0.05073284
0.048920687
0.04239397
0.042223748
0.042561796
0.04209267
0.042383436
0.04057841
0.039829265
0.040427078
0.040650886
0.042228807
0.041209105
0.039887026
0.038375407
0.038267538
0.03858276
0.03880207
0.04450596
0.04618656
0.046329554
0.045386307
0.046471663
0.049876828
0.04641102
0.045174967
0.04571589
0.04333533
0.04430016
0.042016294
0.04188717
0.041817036
0.040061776
0.03629208
0.039528526
0.04016008
0.03475614
0.035310023
0.03656465
0.03576803
0.03621668
0.03731357
0.036106724
0.036260527
0.036215015
0.036505323
0.03691198
0.042278074
0.042705532
0.045116007
0.046020508
0.042779688
0.040969223
0.041565727
0.04304233
0.04220274
0.04068794
0.04067597
0.040899985
0.03923094
0.03722868
0.038103603
0.038403288
0.037711725
0.038346805
0.038359486
0.037715733
0.041035183
0.036416057
0.038381036
0.037218094
0.03831809
0.037392158
0.037581127
0.034300655
0.033770107
0.03450729
0.03633321
0.037571292
0.038559243
0.03981542
0.039349146
0.041789215
0.04126077
0.042645615
0.042681333
0.042795576
0.041379016
0.040712744
0.03680874
0.03834541
0.038811803
0.039075945
0.037355024
0.03742426
0.036396995
0.036731593
0.036048446
0.03607429
0.034969892
0.034859054
0.036841568
0.035972346
0.036108434
0.0362263
0.03664381
0.037024163
0.036887057
0.036361206
0.03736035
0.035980623
0.035894353
0.035564523
0.037116304
0.038330033
0.038702913
0.03964305
0.040935375
0.04324064
0.042978622
0.042924665
0.043684337
0.042243075
0.038253084
0.038602293
0.039768845
0.039857786
0.03801295
0.039409574
0.039161757
0.038961805
0.039976455
0.044220418
0.04465417
0.04257637
0.041266326
0.041429475
0.039634008
0.038881943
0.03659846
0.035617903
0.03542832
0.03715448
0.03632288
0.040226948
0.040345132
0.039137337
0.039515644
0.03969156
0.038474422
0.03706807
0.043288946
0.043448463
0.04209591
0.039537918
0.040347822
0.0392584
0.03803313
0.038226854
0.038565192
0.037443545
0.03757025
0.039590638
0.041904446
0.040609434
0.039801646
0.037228387
0.036611367
0.0354058
0.03243983
0.03255667
0.032947287
0.032499816
0.032192692
0.03241442
0.03304161
0.03252668
0.032862883
0.028218856
0.028509859
0.028497204
0.028660102
0.029147448
0.02909608
0.029136064
0.029034486
0.029904263
0.030131064
0.030928144
0.029319366
0.029983152
0.030854212
0.03168213
0.031904284
0.031810455
0.032372855
0.032643255
0.03228887
0.032551996
0.032209463
0.034172148
0.034972467
0.03551759
0.03612352
0.0356186
0.03535477
0.03609696
0.035883274
0.03520699
0.035091974
0.03594465
0.035441514
0.035472773
0.03529796
0.035512418
0.034897026
0.033880387
0.034069218
0.033418123
0.034414273
0.03342161
0.0321254
0.03211293
0.031550825
0.02993225
0.02997223
0.02948364
0.0290038
0.028543139
0.03011026
0.030191872
0.030122891
0.030500678
0.029109618
0.028409177
0.028712291
0.028799694
0.028053535
0.027649859
0.027647678
0.027038077
0.027585514
0.028153697
0.027783543
0.028332973
0.028533565
0.028625201
0.028577046
0.028848456
0.0297558
0.030365959
0.030611992
0.03057606
0.03108184
0.03190791
0.032041
0.03283302
0.033438846
0.037441637
0.038548846
0.04028105
0.038534988
0.039886415
0.04089309
0.040640138
0.03943309
0.039326217
0.0394142
0.039463416
0.03922624
0.03992753
0.039713398
0.041649427
0.04294156
0.043601565
0.044453304
0.05268404
0.0538224
0.054871365
0.055467498
0.05512675
0.05214587
0.05155132
0.05051747
0.050471738
0.04922152
0.047767006
0.047782004
0.047809605
0.044704083
0.043749202
0.043222785
0.043093197
0.044305004
0.04438626
0.044921808
0.044607706
0.048388347
0.049914833
0.04936251
0.048520334
0.053008888
0.052315842
0.050754834
0.047689885
0.049846474
0.05198253
0.054608356
0.052631915
0.051154584
0.052304786
0.05292063
0.052160617
0.051931553
0.052653667
0.050868057
0.049589314
0.049286015
0.04905089
0.048820227
0.04850358
0.046492316
0.04626169
0.04643926
0.046330746
0.04577463
0.044152934
0.04365007
0.04440115
0.043461435
0.043197833
0.04238274
0.038859088
0.038363885
0.037570387
0.037578575
0.03772558
0.037041422
0.03807149
0.037429698
0.032942213
0.032813653
0.03376949
0.03419876
0.036646336
0.036120422
0.03665653
0.03798799
0.037741344
0.037454005
0.037114095
0.037430003
0.037926532
0.037884682
0.04639887
0.047749955
0.048702795
0.0494438
0.04922254
0.049065743
0.055986147
0.057239555
0.059526116
0.056938563
0.056688707
0.060981292
0.06386391
0.06780528
0.06770651
0.06733026
0.06802198
0.069197655
0.07710969
0.08270556
0.08626444
0.08274495
0.07760723
0.073475555
0.072058514
0.07423046
0.07979038
0.087494254
0.093257755
0.08805454
0.091898136
0.08045016
0.07714513
0.07251874
0.06978747
0.067228846
0.059078116
0.059080116
0.05712697
0.058131523
0.057882484
0.056468215
0.057354797
0.061840694
0.06050414
0.059572577
0.05730566
0.053901933
0.053151798
0.058957357
0.060362536
0.06187682
0.0623966
0.060929187
0.059638627
0.053458966
0.059205577
0.060634945
0.060453475
0.058262073
0.05159497
0.049397975
0.04797734
0.04805595
0.055000182
0.05719746
0.05860788
0.060379323
0.063896015
0.06650371
0.064839296
0.06280443
0.062201507
0.06031236
0.059806533
0.061180755
0.065385245
0.062909804
0.06417009
0.06486988
0.06497715
0.06296784
0.061225682
0.06178931
0.06673099
0.059689876
0.059795626
0.060513634
0.060224514
0.060457524
0.060646232
0.062198862
0.061892774
0.059564967
0.061374098
0.060244102
0.060772534
0.056170933
0.058388002
0.06094263
0.080377944
0.084218256
0.076906025
0.081632674
0.08550485
0.090023406
0.08936298
0.086006634
0.11596213
0.11359128
0.12106311
0.12933594
0.13715668
0.13447163
0.14775625
0.15690649
0.18764625
0.20746687
0.23753302
0.26287392
0.31992075
0.40571538
0.4644085
0.56914663
0.6069562
0.84294504
0.60844314
0.4506213
0.36440563
0.31060225
0.2694022
0.22845502
0.20356865
0.18687181
0.1900047
0.16271074
0.1659003
0.1570084
0.15037322
0.14275013
0.13814364
0.13401067
0.13175197
0.13588193
0.13831139
0.1345556
0.13263337
0.12916005
0.12748335
0.12424764
0.122609995
0.076175466
0.07757002
0.079309225
0.07828435
0.07847267
0.07638162
0.075043015
0.07633727
0.07477166
0.073833495
0.07297321
0.07227976
0.07428049
0.073113695
0.072534636
0.07235905
0.073129885
0.073652595
0.07424508
0.074481376
0.073501125
0.07340313
0.07261611
0.071484365
0.07072181
0.06948943
0.07041635
0.06932235
0.06862184
0.06428935
0.06449793
0.06701637
0.066453524
0.067240626
0.066847645
0.067144684
0.06621399
0.06749101
0.06861831
0.067880094
0.06825285
0.068397105
0.06943319
0.07141826
0.07275503
0.07241533
0.072971255
0.0740329
0.075992435
0.0757865
0.07529927
0.07487624
0.07510523
0.07862798
0.091931924
0.08453841
0.08598825
0.08553379
0.08630475
0.08605262
0.08587893
0.085782744
0.08576353
0.08576353
0.08576353
0.08576353
0.08576353
0.08576353
0.08576353
0.08576353
0.08576353
0.08576353
0.08576353
0.08576353
0.08576353
0.08576353
0.08576353
0.08576353
0.08576353
0.08576353
0.08576353
0.08576353
0.08576353
0.08576353
0.08576353
0.08576353
0.08576353
0.08576353
0.08576353
0.08576353
0.08576353
0.08576353
0.08576353
0.08576353
0.08576353
0.08576353
0.08576353
0.08576353
0.08576353
0.08576353
0.08576353
0.08576353
0.08576353
0.08576353
0.08576353
0.08576353
0.08576353
0.08576353
0.08576353
