8659.307
2636.0156
1143.1855
779.48016
606.10016
502.2005
430.5857
377.74014
337.04834
303.2885
275.61243
252.2973
232.71469
215.16676
199.82918
186.34929
174.48056
163.52997
153.86877
144.84871
136.97964
129.25948
122.618576
116.64377
110.83412
105.44026
101.02973
96.99349
93.23982
88.99322
84.8769
81.189285
78.02362
75.15248
72.40537
69.19497
67.02918
64.36553
62.342678
60.021286
58.05647
56.25651
54.538017
52.591766
51.090878
49.526344
48.18869
46.58397
45.35484
44.032875
42.727097
41.505333
40.559883
39.40454
38.736996
37.571743
36.51472
35.723606
34.77773
33.872284
33.214226
32.38022
31.574528
30.870846
30.194016
29.669636
28.955599
28.43192
27.787464
27.208485
26.853315
26.151144
25.623234
25.190065
24.67888
24.245441
23.84609
23.391636
22.987904
22.589949
22.313776
21.87839
21.580256
21.192492
20.85998
20.503735
20.229525
19.888018
19.59172
19.401987
19.006876
18.75897
18.395084
18.20096
18.037342
17.716787
17.431662
17.198593
16.998007
16.789436
16.551167
16.379969
16.093771
15.913073
15.737546
15.5341625
15.358433
15.092057
14.969048
14.80886
14.604997
14.489183
14.355623
14.219329
14.023557
13.853427
13.699892
13.522597
13.471484
13.290638
13.127379
13.035992
12.85186
12.721466
12.604004
12.561463
12.405962
12.261741
12.148077
12.011093
11.928917
11.969847
11.75856
11.764336
11.560695
11.454679
11.343669
11.220404
11.186446
11.092109
10.995289
10.906663
10.754545
10.697296
10.594739
10.552218
10.595001
10.348105
10.298142
10.224664
10.118236
10.0415325
9.980834
9.897359
9.833781
9.729744
9.719781
9.611098
9.558158
9.495593
9.455554
9.349885
9.276923
9.194629
9.146349
9.149085
9.067179
8.93954
8.903997
8.870397
8.802543
8.738844
8.682165
8.622105
8.5612135
8.526252
8.473426
8.413745
8.435677
8.3701105
8.2479315
8.293731
8.241634
8.12033
8.087746
8.085638
8.019106
8.00652
7.8967285
7.888725
7.811488
7.78141
7.757609
7.6872807
7.6487365
7.5986695
7.5639024
7.5159006
7.5293117
7.473262
7.450874
7.420484
7.3680096
7.3493724
7.2936263
7.2709923
7.2028804
7.202195
7.146414
7.0980163
7.084214
7.039811
7.023355
7.022174
6.9917526
6.9220138
6.922163
6.8695693
6.8457103
6.8168473
6.8014646
6.757334
6.7359304
6.717014
6.701343
6.683979
6.654119
6.628896
6.596065
6.588175
6.5660605
6.5227456
6.4802794
6.499223
6.4572945
6.439551
6.3934555
6.359623
6.3569903
6.327308
6.308059
6.2938495
6.278243
6.243305
6.207883
6.1791873
6.1445546
6.117718
6.1135206
6.088275
6.0522237
6.041902
6.0093193
5.9811535
5.9659925
5.9394836
5.912019
5.8876467
5.8662333
5.8834963
5.8662305
5.805773
5.8089523
5.795685
5.76897
5.7492914
5.7127733
5.708689
5.719668
5.6818476
5.65832
5.6639347
5.640779
5.635594
5.6151423
5.6075945
5.5987873
5.582433
5.548962
5.551598
5.512711
5.54161
5.545656
5.5105205
5.5069556
5.476409
5.4554977
5.4536314
5.43998
5.4134955
5.394049
5.3756695
5.372661
5.3543744
5.3107333
5.346999
5.312681
5.32034
5.312823
5.2719045
5.2835984
5.246065
5.2330403
5.2204857
5.2187667
5.2011414
5.1837516
5.1819396
5.1603165
5.144311
5.133397
5.1216125
5.122969
5.0997868
5.1102495
5.0919504
5.0806017
5.092504
5.0633955
5.0526547
5.051558
5.045922
5.0314207
5.0203743
5.008777
5.0126476
4.990945
4.981571
4.9598823
4.958937
4.9706793
4.9492383
4.928895
4.908188
4.9014583
4.896736
4.883723
4.8777356
4.8722625
4.849275
4.8433385
4.8407593
4.820808
4.816264
4.810344
4.816495
4.791669
4.7869453
4.7752132
4.7527547
4.753368
4.749005
4.739713
4.7249184
4.7283635
4.7119827
4.69718
4.69492
4.6844697
4.6669545
4.6544213
4.641057
4.6557183
4.620462
4.6361184
4.6491146
4.6199594
4.623032
4.5918236
4.6003957
4.56696
4.574523
4.555828
4.534526
4.543583
4.5137105
4.503856
4.5040584
4.5084257
4.5088797
4.5029016
4.489118
4.480734
4.4704633
4.4786572
4.464326
4.4594703
4.457793
4.4633737
4.447241
4.4488163
4.449892
4.452122
4.4362745
4.4300017
4.4234395
4.4082246
4.421264
4.406413
4.404601
4.389011
4.398696
4.3860726
4.3819923
4.366498
4.370307
4.37877
4.3598957
4.3490505
4.3459315
4.338186
4.32851
4.327563
4.2998967
4.325198
4.3201785
4.2918034
4.2929373
4.2988887
4.27737
4.2936068
4.278903
4.2761807
4.2761445
4.2580886
4.264865
4.247043
4.2693524
4.232419
4.251058
4.227037
4.2199054
4.213602
4.2210493
4.203535
4.2351136
4.219192
4.190586
4.180165
4.18174
4.187052
4.17937
4.182953
4.1730156
4.1845975
4.165964
4.1668606
4.159107
4.1707215
4.154676
4.155635
4.154433
4.1518373
4.1428885
4.1225166
4.1469893
4.138467
4.146105
4.137175
4.1239996
4.1289515
4.1272316
4.133189
4.1221476
4.1031413
4.085663
4.115312
4.0839205
4.0974765
4.0860415
4.0810485
4.089111
4.0687923
4.0671983
4.0586376
4.068631
4.0531044
4.0439324
4.0437016
4.043265
4.052011
4.0514
4.0435
4.038261
4.036173
4.048968
4.0278273
4.0378532
4.071811
4.039377
4.051968
4.0468035
4.0251555
4.022895
4.0320797
4.0328417
4.0304427
4.037966
4.028171
4.0446205
4.0156603
4.027604
4.0402293
4.04088
4.0306735
4.015858
4.023517
4.0572753
4.0171604
4.035417
4.021231
4.0043273
4.0080967
4.005516
4.0124702
4.013302
4.009556
4.0099344
4.0703793
4.0149655
3.9991195
3.9934194
3.996582
4.0201926
3.9876256
3.999673
3.99208
4.050405
3.9993045
3.9844193
3.999263
3.9940445
3.9871175
3.9739444
3.9763613
3.9867754
3.96552
3.9592068
3.9790964
3.9624746
3.9708765
3.9503589
3.982722
3.9728203
3.9591718
3.9975364
3.9720976
3.9566245
3.9770553
3.9619992
3.9850323
3.966818
3.963898
3.979784
3.9879398
3.974797
3.9652839
3.9923964
3.9912486
3.9894319
3.984811
3.9986532
3.9859173
3.9985259
4.00186
3.9798195
4.0057178
4.0088363
4.006515
4.002653
4.0100317
4.015628
4.022699
4.001668
4.007825
4.0089445
4.0087366
4.003975
3.9909532
4.017787
3.9949667
4.015635
4.0565705
3.9992304
4.0029836
3.9757688
3.9794686
3.992436
3.9779167
3.9990144
3.9895725
4.0136356
3.9921124
3.9826512
3.9781995
3.995307
3.9803178
3.9893863
3.987988
3.9876287
3.9756362
3.9821475
3.972128
3.9851303
4.002348
3.9688222
3.9846714
3.9716313
3.9688592
3.9970036
3.988939
3.9953935
3.9974627
3.9765494
3.9772346
3.9913492
3.9789348
3.991599
3.9749875
3.982307
3.978771
3.9911456
3.960505
3.9724815
3.9686005
3.9843876
3.977358
3.9888747
3.977488
3.9674754
3.9612286
3.9911578
3.983172
3.9697807
3.971742
3.9462311
3.9904687
3.9644954
3.990011
3.974528
3.9933085
3.9680586
3.9629629
3.981275
3.9784904
3.9740639
3.984163
3.989169
3.9866045
3.9596875
3.9739535
3.9865937
3.9748507
3.9660385
3.9809654
3.9632015
3.9779365
3.9702141
3.976631
3.9549522
3.9897041
3.9697018
3.989167
3.9717221
3.9741066
3.9697685
3.9699714
3.9786615
3.9815855
3.990338
3.9478889
3.9656045
3.9791107
3.983115
3.9650505
3.985513
4.001466
3.9675298
3.9754019
4.011442
3.9893486
4.0014806
4.005691
3.9905984
4.0039115
3.9887424
4.00804
4.0034223
4.0099072
4.0014787
4.0398364
4.028661
3.9996057
4.0114937
4.031192
4.024492
4.023557
4.0268598
4.0250545
4.020374
4.0340624
4.029487
4.031009
4.0299053
4.024904
4.0405717
4.0378375
4.045383
4.050046
4.0512323
4.0379415
4.037523
4.0473394
4.0379176
4.029366
4.0514736
4.043241
4.0413585
4.0496364
4.0435147
4.0427947
4.0367255
4.047112
4.0408535
4.0314116
4.040156
4.029109
4.038424
4.0546703
4.048883
4.047773
4.064809
4.056769
4.0462456
4.059376
4.062982
4.0387783
4.0656314
4.073111
4.0601707
4.0591965
4.068505
4.0652866
4.081367
4.0558314
4.0547276
4.0694246
4.065835
4.044672
4.0625434
4.049322
4.066386
4.077346
4.0764356
4.0800767
4.0738792
4.071525
4.074678
4.062661
4.064895
4.069349
4.0525894
4.0754485
4.086439
4.086125
4.0790706
4.070153
4.0578675
4.060581
4.078646
4.067241
4.068705
4.069078
4.090533
4.063144
4.0443316
4.070673
4.0686707
4.067743
4.07254
4.091577
4.050132
4.071333
4.077963
4.0720234
4.0635104
4.0693755
4.0816784
4.0688286
4.062188
4.0842957
4.0727406
4.06347
4.07218
4.072854
4.053831
4.057337
4.053853
4.055935
4.0397635
4.046743
4.0500565
4.056445
4.026655
4.049706
4.064168
4.0481625
4.059822
4.044927
4.0615387
4.0658917
4.057653
4.0588017
4.0528226
4.0502357
4.055047
4.0511394
4.0573277
4.056538
4.0690823
4.0524707
4.0576715
4.049195
4.0469794
4.052919
4.049179
4.048051
4.046749
4.058731
4.0669637
4.0401096
4.0530424
4.045883
4.0523005
4.0529375
4.054611
4.056496
4.054107
4.0398097
4.0512223
4.046834
4.0605316
4.0387
4.032675
4.0479817
4.034345
4.013145
4.0313945
4.0312552
4.0337224
4.0247884
4.037744
4.019237
4.0254765
4.01619
4.0142155
4.0082545
4.002123
4.0208306
4.0362086
4.0067377
4.0415535
4.0307546
4.0113297
4.025759
4.0130663
4.031409
4.0049562
4.023989
4.0171843
4.001815
4.0098433
4.030523
4.024417
4.0024886
3.998763
4.001509
3.9921145
4.0115423
4.004475
4.0212536
4.003584
4.0031056
4.0007215
4.0056148
4.017322
4.019589
4.014141
4.0042872
4.002337
3.9700642
4.0007796
3.9863591
4.001383
3.9937463
4.0071387
3.9868846
3.9747667
4.0048103
3.9788132
3.9719265
3.9938524
3.9864466
3.9690506
3.9661422
3.978977
3.9597716
3.9646835
3.9501214
3.9636474
3.9579854
3.952301
3.958112
3.9656563
3.9653857
3.963634
3.9519863
3.9304008
3.9416797
3.9203691
3.927926
3.913385
3.9072907
3.9230642
3.9210572
3.9079187
3.9071276
3.9260304
3.9067128
3.9001997
3.9042788
3.9025662
3.8987093
3.9197476
3.904478
3.899109
3.899416
3.903049
3.9040577
3.9036322
3.8965096
3.8773813
3.88977
3.8942456
3.89762
3.8935978
3.891598
3.8714142
3.8695164
3.8986826
3.8720675
3.8910408
3.8686097
3.8793216
3.8638365
3.8460436
3.861117
3.869274
3.862304
3.8589013
3.8731973
3.862737
3.8623166
3.8489041
3.8432994
3.8304088
3.817228
3.8454466
3.8423839
3.8354063
3.809486
3.8267117
3.8310428
3.8352556
3.8258216
3.824392
3.826013
3.8259308
3.812
3.8103209
3.8409224
3.822901
3.80969
3.7964296
3.813895
3.7997222
3.8125567
3.809412
3.8044555
3.799788
3.808633
3.795259
3.7876794
3.8119383
3.7980247
3.786658
3.7852561
3.787832
3.7744634
3.7724147
3.769297
3.7759283
3.7545218
3.7560096
3.7929451
3.7724035
3.7679605
3.770075
3.750606
3.7582493
3.76585
3.752731
3.7599769
3.7545614
3.7535775
3.7627091
3.7475584
3.764897
3.7590349
3.7557838
3.7751272
3.777329
3.7813566
3.7614324
3.7443864
3.7519994
3.7415483
3.7452862
3.7401557
3.7483366
3.7450576
3.7349427
3.7518723
3.7394803
3.737744
3.7385561
3.72565
3.7351608
3.722218
3.7136424
3.729346
3.7281797
3.7295716
3.7188392
3.729338
3.7204
3.724519
3.709005
3.7140608
3.7245727
3.7019265
3.7038918
3.7093089
3.7058783
3.7027104
3.6910934
3.7024763
3.683965
3.6991587
3.6708047
3.6952496
3.6843557
3.6775186
3.6930692
3.6724305
3.6752028
3.670617
3.666476
3.6762278
3.6710749
3.6718967
3.6740675
3.6788077
3.6441972
3.6408856
3.6630728
3.6485832
3.6244826
3.6487713
3.6394455
3.639776
3.6320918
3.624247
3.640528
3.6224663
3.6646438
3.6414485
3.6240396
3.608585
3.6110663
3.6136856
3.6134582
3.5945435
3.6119103
3.6159468
3.6094258
3.6057916
3.6025088
3.6133888
3.6028798
3.575005
3.5891366
3.5919905
3.5734408
3.5838926
3.5842903
3.5637352
3.6004589
3.569775
3.5664573
3.5749907
3.6016235
3.5566735
3.5760837
3.5596766
3.5863307
3.5535674
3.557844
3.5369122
3.54117
3.5654366
3.5430286
3.533119
3.5273845
3.5287514
3.5227168
3.5180967
3.519902
3.5086527
3.5248983
3.532575
3.5022082
3.6280572
3.4788618
3.4884713
3.4890628
3.4972043
3.4886177
3.5295177
3.5081787
3.5082114
3.5063634
3.5329423
3.4748273
3.4730155
3.4844522
3.4697921
3.464751
3.4590473
3.4590802
3.45952
3.4644566
3.4807205
3.461475
3.458208
3.4435594
3.4770558
3.436288
3.4529707
3.4477396
3.4371984
3.434224
3.4885612
3.443648
3.4325244
3.4225962
3.4113686
3.4065049
3.4190693
3.4362628
3.455621
3.4005208
3.3973033
3.4064145
3.4495423
3.374126
3.4097204
3.3949375
3.3761868
3.3796415
3.3641863
3.3598535
3.382965
3.3605971
3.4182982
3.360526
3.3476653
3.35058
3.3628864
3.3542871
3.4065201
3.3494968
3.3584495
3.335593
3.3397741
3.3467047
3.4147274
3.3435788
3.345703
3.331882
3.321817
3.353342
3.3078573
3.330174
3.291465
3.3223586
3.2936356
3.2962587
3.2882633
3.2997746
3.3231676
3.2906885
3.277476
3.2924988
3.2826633
3.3155525
3.285607
3.268377
3.26173
3.2565122
3.3071167
3.253837
3.2571044
3.283971
3.2587845
3.2884595
3.2368884
3.2360616
3.2405126
3.2532127
3.252324
3.2570145
3.2758143
3.233866
3.2230783
3.2369325
3.2409234
3.241511
3.2345266
3.2185805
3.217218
3.2280097
3.2210634
3.2181768
3.2220378
3.2261198
3.2240043
3.2136695
3.2280905
3.243479
3.2140207
3.2217984
3.2069864
3.2076943
3.207962
3.2105713
3.2186816
3.2154927
3.223787
3.2135997
3.23384
3.2218468
3.2327302
3.2061658
3.2062342
3.1999557
3.1968298
3.2009544
3.2085001
3.1946094
3.199866
3.2063785
3.1975675
3.1768374
3.188123
3.1868567
3.1817298
3.1699295
3.171889
3.1811109
3.1657295
3.1785731
3.1648564
3.1718993
3.1500864
3.1606297
3.157687
3.1485395
3.137657
3.1378136
3.1436667
3.1702192
3.1761668
3.13459
3.1366913
3.1257186
3.1243355
3.1434665
3.1330247
3.1305418
3.121268
3.1302598
3.1232612
3.112496
3.125065
3.1238468
3.1248572
3.1230848
3.1194246
3.12211
3.1098952
3.1036868
3.109165
3.095385
3.0924084
3.0880325
3.10532
3.0768647
3.0895326
3.0945022
3.075921
3.0747511
3.074262
3.0649564
3.0858169
3.0810246
3.0678685
3.0590694
3.0777342
3.0575569
3.0681741
3.0512977
3.044883
3.0473833
3.063131
3.0523174
3.066734
3.0623114
3.0430627
3.034917
3.0424018
3.0494184
3.0205982
3.0416987
3.0469089
3.031482
3.031219
3.0217564
3.027534
3.021579
3.0167456
3.0054686
3.011688
3.0152202
3.013373
2.995089
3.0079548
2.9904044
2.9986465
3.0072687
2.9973555
2.9988074
3.0074968
2.9799068
2.9701383
3.0015314
2.9827485
2.979698
2.9883208
2.9764688
2.978141
2.976091
2.9673867
2.9789271
2.9851708
2.9841335
2.9751225
3.0091767
2.9793062
2.9752667
2.978649
2.9739635
2.969504
2.9667609
2.9647927
2.9747238
2.961512
2.951881
2.962104
2.9562933
2.9614875
2.9439042
2.9386601
2.9478269
2.944064
2.9392507
2.9446719
2.9375935
2.9447556
2.9389257
2.9260767
2.930775
2.9363973
2.9114356
2.9240563
2.9229567
2.9178264
2.9239855
2.914181
2.9130242
2.904654
2.9082255
2.912091
2.9030216
2.9160519
2.8924522
2.9030528
2.905611
2.903179
2.9004529
2.8999305
2.8995218
2.8933525
2.888021
2.8728743
2.876847
2.893932
2.887764
2.878286
2.8889742
2.8788412
2.882766
2.8649292
2.8773036
2.8888028
2.882631
2.886967
2.8810596
2.8624833
2.854049
2.856383
2.8583176
2.8532836
2.867545
2.847982
2.8465307
2.8766062
2.8496785
2.8768334
2.8686469
2.865279
2.853942
2.8530746
2.8574684
2.8581235
2.8549519
2.8431618
2.8486235
2.8254898
2.8955288
2.8283317
2.823326
2.8440921
2.8359518
2.815285
2.816042
2.8232853
2.8001468
2.8171902
2.8429809
2.791199
2.8087983
2.8202646
2.8089845
2.8062449
2.7861335
2.8139534
2.8007793
2.7984433
2.7954123
2.779771
2.7997391
2.799288
2.7782671
2.7790565
2.7856596
2.7781515
2.7762709
2.7792888
2.7893655
2.7689755
2.7584174
2.7889643
2.756709
2.752523
2.7546334
2.754943
2.7689004
2.758333
2.7539437
2.7501593
2.7475753
2.7429025
2.748672
2.7254698
2.724183
2.7498806
2.7405372
2.7414916
2.7241056
2.7281046
2.7317967
2.7486837
2.7356668
2.707067
2.7243533
2.7249272
2.7773044
2.7053597
2.7235174
2.6978502
2.713034
2.7490706
2.6860127
2.7263129
2.722082
2.6845763
2.6856668
2.7025566
2.6850624
2.6984873
2.6819816
2.6750739
2.6727037
2.6687021
2.674292
2.6656635
2.6855276
2.6657565
2.6534576
2.6584291
2.6594794
2.6613488
2.654447
2.6623356
2.6427817
2.6557844
2.6531165
2.6629431
2.6564653
2.6370502
2.6431613
2.6410093
2.6377232
2.659866
2.6444805
2.651426
2.6445286
2.634504
2.6381516
2.6190708
2.632011
2.6218944
2.6282575
2.6593256
2.623068
2.6177385
2.609605
2.6282723
2.607944
2.6101773
2.6225712
2.608686
2.6113808
2.6037254
2.598483
2.6050758
2.5885055
2.5935113
2.5965338
2.5790808
2.587129
2.5879235
2.5858867
2.5808585
2.5688279
2.5710225
2.577721
2.5856833
2.5775566
2.5602295
2.5791647
2.559153
2.564382
2.5736325
2.5832453
2.550203
2.5560122
2.5632095
2.5694473
2.5716038
2.5620325
2.5572703
2.5567007
2.5683277
2.557423
2.5562482
2.5655859
2.5710232
2.547883
2.5601933
2.5472946
2.546764
2.5619555
2.5438757
2.5436819
2.5460455
2.5508149
2.5350246
2.545841
2.555059
2.5313497
2.5224574
2.5354733
2.5239
2.5347672
2.5310202
2.5206542
2.5258672
2.526851
2.512055
2.5184894
2.5191042
2.5080857
2.5077252
2.495432
2.5082407
2.5004742
2.5033336
2.4977465
2.5063725
2.4981363
2.5091143
2.5057015
2.4991534
2.4874218
2.4972155
2.4896638
2.49059
2.4834301
2.485116
2.4786704
2.4775863
2.4849637
2.4820993
2.4775207
2.4905186
2.4601011
2.4638445
2.4674606
2.4579973
2.4409568
2.4639716
2.470931
2.4705653
2.4747927
2.45494
2.4671369
2.4554853
2.4479504
2.4672554
2.4529748
2.455921
2.4587772
2.4589248
2.4564474
2.4439714
2.4266005
2.446531
2.427522
2.4192317
2.4170542
2.4238076
2.4395456
2.4135704
2.4275708
2.4237413
2.4159973
2.4221866
2.4193711
2.4049091
2.3983285
2.4208372
2.4008472
2.4006119
2.3988192
2.3994503
2.390444
2.3993573
2.3860269
2.3744605
2.386089
2.3943052
2.3870685
2.3868046
2.3724654
2.3742292
2.3828895
2.370233
2.3819098
2.3635335
2.3696055
2.3537786
2.3781624
2.3554137
2.3513093
2.3573923
2.343217
2.3445487
2.3563542
2.3538837
2.3376915
2.343532
2.3563213
2.328176
2.3461442
2.3340027
2.348098
2.3200333
2.327083
2.319739
2.3299453
2.3136888
2.2967522
2.304579
2.3095882
2.307133
2.3150086
2.317378
2.3117185
2.3159032
2.3065412
2.2988083
2.2982924
2.2930071
2.2938602
2.294224
2.2899182
2.2862518
2.2996178
2.2891448
2.2804723
2.290348
2.283708
2.2695925
2.2954142
2.2665534
2.2604003
2.2667737
2.2649932
2.2615511
2.2534962
2.2569842
2.249991
2.2562478
2.2359078
2.2554264
2.2481399
2.2434034
2.2410872
2.2534142
2.245958
2.2450683
2.2590346
2.2537558
2.2744544
2.2474504
2.2419052
2.2575727
2.2442598
2.2273643
2.2336574
2.2316296
2.2283661
2.2326584
2.2279308
2.2393005
2.2328885
2.2326784
2.25088
2.233787
2.2279387
2.226049
2.216002
2.2292948
2.217411
2.2157488
2.2087324
2.2186239
2.2193062
2.214069
2.2162347
2.2294266
2.203745
2.206532
2.2041814
2.2073605
2.182265
2.1919882
2.1975446
2.1977243
2.1954324
2.1986022
2.1959999
2.1814702
2.1908119
2.1712117
2.2043846
2.1920483
2.184863
2.1902573
2.1851795
2.1717691
2.1951437
2.184143
2.1700847
2.1795626
2.1871583
2.175973
2.182459
2.1737692
2.182616
2.1658988
2.1780326
2.1688812
2.1722891
2.1533859
2.170473
2.1707797
2.1521332
2.1729646
2.1694036
2.156717
2.155602
2.1409254
2.1530824
2.1634636
2.136774
2.1560493
2.1341076
2.1259112
2.1383479
2.1250865
2.1490538
2.1400099
2.130635
2.1268265
2.1336381
2.1421547
2.1264641
2.1462018
2.121333
2.141126
2.119563
2.1155999
2.1121335
2.1083617
2.1115592
2.1121283
2.1093073
2.1152074
2.1246154
2.115934
2.0875823
2.1004403
2.106631
2.1063182
2.1035855
2.0930939
2.0947888
2.0934052
2.0750113
2.1001058
2.0808833
2.074633
2.0782995
2.082565
2.0677414
2.0621946
2.0671847
2.0665298
2.0496871
2.0456853
2.0515792
2.0553658
2.0469048
2.0345383
2.0338857
2.0390005
2.0354807
2.0460737
2.0535858
2.035742
2.0440338
2.0300424
2.0423403
2.0226893
2.0288923
2.0257878
2.023254
2.0113444
2.0401258
2.0192552
2.0236
2.0266368
2.011918
2.0134294
2.0112402
2.0057964
1.9999949
1.9949031
1.9968765
2.0139873
2.012431
1.9998158
2.0097117
1.9961549
2.0033631
1.993665
2.016342
2.0024421
1.9868959
1.9994612
2.0113442
1.9948504
1.9927609
1.9933878
2.0004408
2.0009136
1.9916806
1.9751947
1.9967664
1.9971114
1.9674064
1.9665011
1.9920758
1.9810044
1.9786178
1.9692072
1.9607366
1.9547479
1.9652445
1.965815
1.9645693
1.9678445
1.9571915
1.9458735
1.9469384
1.9537653
1.9675554
1.9364793
1.9256542
1.9419388
1.9324862
1.9318392
1.9210712
1.9247059
1.93984
1.9308589
1.9344467
1.913727
1.9441181
1.9210266
1.9072261
1.9135166
1.9132385
1.9183357
1.9154534
1.9224104
1.9049977
1.9084729
1.9197938
1.9009075
1.9056637
1.9026481
1.9145452
1.9017929
1.8971568
1.9072134
1.8867162
1.8983635
1.8848854
1.8937855
1.9036852
1.8918985
1.9122552
1.8827466
1.8837638
1.8893293
1.8875699
1.8703237
1.8684317
1.8657839
1.8633876
1.8616183
1.8700749
1.8618237
1.8551483
1.8680942
1.8562225
1.8619348
1.8502686
1.8506633
1.8520231
1.8578608
1.8472224
1.8538758
1.8408906
1.8500222
1.8312827
1.8417767
1.8468974
1.8330816
1.8337919
1.831405
1.8423436
1.8411548
1.8438227
1.8297234
1.8279098
1.8322545
1.8156382
1.8454685
1.8281348
1.8119502
1.8393945
1.8265822
1.8189133
1.8069768
1.8181087
1.8213605
1.8149469
1.8125958
1.803175
1.796988
1.8021507
1.8056494
1.7959611
1.7974608
1.7889142
1.7781602
1.7886728
1.7949369
1.7917414
1.781813
1.8067145
1.7894309
1.7824767
1.7789545
1.7764808
1.7848794
1.7793311
1.7831254
1.7778645
1.7753584
1.7867655
1.7833769
1.7840929
1.7760848
1.773677
1.77986
1.7843097
1.7803023
1.78173
1.7738513
1.7711163
1.7624464
1.7620862
1.761059
1.7725743
1.7604265
1.7623596
1.7548933
1.7644398
1.7537124
1.7667558
1.7593046
1.7448447
1.7567081
1.7339375
1.7238554
1.7391367
1.7506227
1.7412516
1.7347455
1.7333308
1.7302122
1.728787
1.7080055
1.7248425
1.7114261
1.7234598
1.7167567
1.710312
1.7071428
1.7309216
1.7193419
1.7131774
1.7062472
1.7179316
1.6965966
1.698018
1.705669
1.6975317
1.7001623
1.6967031
1.6951418
1.70452
1.6923984
1.693177
1.6889721
1.6894218
1.6896175
1.688765
1.6902323
1.6850839
1.6901104
1.6802557
1.673874
1.679772
1.6792078
1.6747912
1.6778566
1.6631119
1.6820146
1.6650171
1.6773329
1.6723106
1.6646495
1.670001
1.6752256
1.6690601
1.6643566
1.6639647
1.664096
1.6556387
1.670684
1.6541908
1.6611499
1.6401994
1.6352773
1.6510258
1.6444834
1.65394
1.6540715
1.6290798
1.6532017
1.6363956
1.6441264
1.6689256
1.6422468
1.6307545
1.6241477
1.6290089
1.6274525
1.622907
1.6283752
1.6466982
1.6277119
1.6258081
1.6160682
1.6231568
1.6246432
1.6140513
1.6284773
1.6133343
1.6137457
1.6105523
1.6150126
1.6163968
1.6252651
1.6153376
1.6085261
1.5997239
1.5932724
1.5951279
1.6007363
1.5967473
1.6008793
1.6055773
1.5826952
1.5853002
1.5935612
1.6006066
1.5816039
1.5940988
1.586178
1.5977718
1.5899196
1.5908856
1.593862
1.581713
1.5918347
1.5851034
1.5863823
1.5910043
1.5619733
1.5809284
1.5907133
1.5831071
1.5906221
1.5840969
1.5668024
1.5902467
1.5625786
1.5528549
1.5688318
1.5642034
1.5726708
1.5743096
1.5620383
1.5741055
1.5478572
1.5668513
1.5545523
1.5577363
1.5562642
1.5467322
1.5487592
1.5586561
1.5412725
1.5410248
1.5409623
1.5341792
1.556389
1.5543187
1.5370743
1.5411024
1.549247
1.5357232
1.5329857
1.5321168
1.5244623
1.5326948
1.5216222
1.5265268
1.5219812
1.5273877
1.5069492
1.5141786
1.5190742
1.513015
1.5153198
1.5107615
1.5065323
1.4993124
1.5222125
1.5066814
1.5101591
1.4879317
1.5044812
1.503015
1.4951286
1.5040323
1.496518
1.4866202
1.5057559
1.4999394
1.4998696
1.4897894
1.4965227
1.4906617
1.4784908
1.4950107
1.4887155
1.4919146
1.4816804
1.4826891
1.4804966
1.4653685
1.4873705
1.4929261
1.4767735
1.4782345
1.4716856
1.467408
1.4692147
1.465475
1.4783705
1.4621114
1.4754223
1.4599801
1.4625288
1.4496098
1.4655372
1.4557455
1.4564039
1.455839
1.4497324
1.4636574
1.4696382
1.4585085
1.4522922
1.4414489
1.4458904
1.4539319
1.4534115
1.4492365
1.4450271
1.4499797
1.4501585
1.4490684
1.4372492
1.4402245
1.440754
1.4406308
1.4297911
1.4308511
1.4486876
1.4366714
1.4309244
1.4140813
1.4321305
1.4441849
1.4413252
1.4320723
1.4363213
1.4155897
1.4353027
1.4287449
1.426598
1.4266177
1.4149668
1.4234859
1.4212167
1.4300122
1.402096
1.4252049
1.4096026
1.4083341
1.4014894
1.4104545
1.4164857
1.4145478
1.4277843
1.3950078
1.4235522
1.4059358
1.4136989
1.40387
1.4133574
1.4102705
1.4245414
1.4046128
1.4141698
1.4126666
1.3992159
1.3997145
1.4001725
1.40121
1.3961115
1.4188817
1.4096267
1.391255
1.4036434
1.3990173
1.4006816
1.3877571
1.404818
1.3883191
1.3797628
1.3936348
1.3924023
1.390893
1.3900832
1.3806028
1.3806535
1.389005
1.3762684
1.3821762
1.3871282
1.3827323
1.3822467
1.3903439
1.3808323
1.3660599
1.3794942
1.3808798
1.3798991
1.3772328
1.3697767
1.3724407
1.3770676
1.3705972
1.3733352
1.3702105
1.3574408
1.3604646
1.363377
1.3559427
1.3711905
1.3602574
1.3697482
1.3564909
1.365214
1.3458707
1.3582985
1.3606081
1.346434
1.3522961
1.3599732
1.3495272
1.3506238
1.3532053
1.3517284
1.3473775
1.353232
1.3539596
1.3633834
1.3558972
1.3485347
1.3427204
1.3470862
1.3389431
1.3433322
1.3503832
1.3419914
1.3442446
1.3437943
1.3393718
1.3439274
1.3469132
1.3530301
1.3414294
1.3345106
1.3298202
1.3336277
1.3242602
1.3274741
1.3259856
1.3240281
1.3294696
1.3267032
1.3088266
1.3134483
1.3242035
1.3059965
1.315698
1.3231831
1.3126636
1.3139921
1.3124634
1.316237
1.3159833
1.3250217
1.2974827
1.3159173
1.308564
1.297652
1.3071073
1.3178066
1.3042265
1.2990689
1.2967662
1.2886424
1.3055937
1.2992067
1.2916039
1.299419
1.305241
1.2980912
1.2788147
1.2939221
1.2917233
1.2947118
1.277998
1.291565
1.2873292
1.2835295
1.2800412
1.2788289
1.2878695
1.2791624
1.2774566
1.2866782
1.2867525
1.278108
1.2753648
1.2736175
1.2700726
1.2680674
1.2684511
1.2713393
1.2716163
1.2735214
1.2736292
1.2713362
1.2585051
1.2594445
1.2580402
1.2578126
1.2543597
1.2629865
1.2541863
1.2604347
1.2588559
1.2595332
1.2565838
1.2663141
1.256549
1.2668742
1.2510622
1.2358214
1.2386236
1.2450141
1.2410935
1.239455
1.2416869
1.2489681
1.2551554
1.2474872
1.243578
1.2502984
1.2321043
1.2440798
1.2485367
1.2439004
1.2582713
1.2390766
1.2389562
1.2370658
1.2379485
1.2314385
1.2323587
1.2384101
1.2388471
1.2285262
1.2308729
1.2422836
1.2379311
1.2330393
1.2215285
1.2345483
1.2365103
1.2337036
1.2327721
1.220681
1.2176248
1.223882
1.2280979
1.2302383
1.2262858
1.23437
1.2270503
1.2239093
1.2322757
1.228215
1.221313
1.2221804
1.2212925
1.2238852
1.2092314
1.2351391
1.2198317
1.2242382
1.2132547
1.2196225
1.227452
1.2199364
1.2011503
1.23415
1.2143053
1.1970863
1.221322
1.2087423
1.2033297
1.2133781
1.2038158
1.1933436
1.2049758
1.1941041
1.1836947
1.1973923
1.1921592
1.1866999
1.1830924
1.182367
1.1745075
1.1740496
1.1804706
1.186335
1.1789025
1.1908883
1.1833668
1.1775002
1.1779758
1.178183
1.1777496
1.1834869
1.1861627
1.1783313
1.1737044
1.1673397
1.1702079
1.1580193
1.1688069
1.1683308
1.1480172
1.1505644
1.1567796
1.1683505
1.1598401
1.147116
1.1648277
1.1710598
1.1724676
1.1515613
1.1580266
1.1653805
1.1610551
1.1611745
1.152904
1.1609125
1.1671531
1.1525896
1.1403091
1.1550086
1.1545265
1.1514004
1.1548795
1.1501427
1.1447345
1.1456732
1.1466584
1.1421795
1.1400828
1.1405582
1.1381154
1.1435207
1.1353079
1.1422304
1.1370106
1.1317227
1.1348801
1.1261108
1.126152
1.1225678
1.1367801
1.1269006
1.1171807
1.1205821
1.1173997
1.1256497
1.1203908
1.1184589
1.1110513
1.1219624
1.1023517
1.1078626
1.1175435
1.1023525
1.0984298
1.1023883
1.1080533
1.1030895
1.1054567
1.1030024
1.1024878
1.0978476
1.107917
1.0949981
1.0938467
1.1076686
1.0917078
1.0906157
1.0904733
1.0849903
1.0851172
1.0793833
1.0781766
1.0713736
1.0847776
1.0875726
1.0943288
1.0823925
1.0780354
1.072016
1.0765097
1.081644
1.0647839
1.074349
1.0649393
1.0644562
1.0764577
1.0679725
1.0750084
1.069353
1.0668328
1.0694541
1.0568192
1.0651354
1.0655295
1.0632027
1.0659115
1.0532169
1.067658
1.0618453
1.0539434
1.041582
1.0494056
1.0597671
1.0563316
1.0496572
1.0431503
1.0547299
1.0553093
1.045792
1.0503703
1.0453134
1.0403298
1.0479789
1.0516274
1.0634347
1.0485635
1.0399923
1.041668
1.038996
1.0607544
1.0380881
1.0429159
1.0341842
1.0404897
1.0352952
1.0257632
1.0360764
1.0320834
1.0448991
1.0342832
1.0256342
1.0285807
1.0440542
1.0248852
1.0340958
1.0352165
1.039717
1.024388
1.0400698
1.0142508
1.0328579
1.0199263
1.0255796
1.0261173
1.0192307
1.0206425
1.0103837
1.0142952
1.0104555
1.0141175
1.013669
1.0211344
1.0106347
1.0091141
1.0042218
1.0070425
1.007861
1.0160338
1.0021939
1.0030546
1.0099024
1.010816
1.0116737
1.0004882
1.0116442
0.99629
1.0113155
1.0065953
1.0124995
1.002722
1.0048908
0.9983222
1.0058951
1.0070614
1.0051206
1.013039
1.0145007
1.0034499
1.001484
1.0008458
1.0046417
0.9898492
0.9929075
0.99891907
0.9993958
1.0018212
0.9981185
0.99716127
0.9870091
0.9926285
0.9899511
0.9943952
0.98647976
0.9879522
0.98493636
0.98855776
0.98916984
0.9852978
0.9735646
0.97844535
0.97905666
0.9738794
0.97188866
0.9866923
0.9765239
0.9792844
0.97417754
0.9906748
0.979825
0.9856483
0.9861961
0.9787961
0.9762475
0.97569036
0.9761038
0.9804927
0.9758677
0.97279936
0.97546095
0.9790892
0.96326846
0.965651
0.97745115
0.9692822
0.97685844
0.96503484
0.96407175
0.9696082
0.97848505
0.97209066
0.97204614
0.9650173
0.9691975
0.9598698
0.97548664
0.9704297
0.9661845
0.96567136
0.9518457
0.9781268
0.96395165
0.9713393
0.9662569
0.97483397
0.97163445
0.96744114
0.9770431
0.9674748
0.970543
0.9656656
0.97602713
0.96367115
0.9612222
0.9757917
0.95581675
0.9701376
0.97221947
0.9657155
0.9658651
0.96588594
0.96036834
0.9587298
0.9620568
0.9633768
0.96471334
0.95451146
0.96050537
0.9654359
0.96211284
0.9670695
0.95288414
0.9536773
0.9531121
0.94774
0.95628417
0.95822746
0.94890046
0.9605383
0.9522223
0.9429431
0.94394135
0.9426191
0.9403262
0.9478892
0.94831884
0.95170856
0.9418009
0.9382917
0.94804525
0.948168
0.93845195
0.932463
0.95273817
0.93640727
0.9498891
0.940022
0.93251115
0.9395376
0.9307903
0.9452439
0.9383403
0.93253446
0.94576436
0.93723387
0.93336797
0.94490564
0.93808526
0.94896
0.9423591
0.94603676
0.94289976
0.93595827
0.95452636
0.9412723
0.9469772
0.948649
0.94937366
0.94410497
0.9487978
0.9333639
0.9421116
0.942501
0.94848
0.9402456
0.9444272
0.93673235
0.93866
0.94305897
0.9400924
0.9306633
0.93494636
0.9344853
0.93692786
0.9308987
0.93242204
0.93672127
0.93919015
0.9367612
0.9448517
0.9260367
0.9334076
0.9285473
0.9330026
0.9326911
0.93109834
0.9228897
0.935309
0.92979527
0.93095297
0.9276467
0.92305505
0.92073834
0.9202372
0.9263152
0.910894
0.92008615
0.9071647
0.915931
0.922495
0.9075045
0.9095984
0.91508055
0.90521294
0.8947654
0.90700173
0.91964436
0.90772074
0.904904
0.8993034
0.9122925
0.9064228
0.91130614
0.8991122
0.8957371
0.90701574
0.9032453
0.8980088
0.9039171
0.90025145
0.8896939
0.9031095
0.90590936
0.9055958
0.89521253
0.90304875
0.8938994
0.89215773
0.89992374
0.8908023
0.8992335
0.89505905
0.8994444
0.89808756
0.87825525
0.89696205
0.8904746
0.8999748
0.89114165
0.89932233
0.8918769
0.88869804
0.8949016
0.8893916
0.8856002
0.88588583
0.8826735
0.89084965
0.8861408
0.87760514
0.8862481
0.8858211
0.8857209
0.8855896
0.8756807
0.8870099
0.86996675
0.8766538
0.88503337
0.878288
0.8829085
0.8765334
0.8856482
0.8832147
0.87471676
0.8707473
0.875472
0.8705349
0.86800975
0.86946535
0.85356987
0.88113475
0.8629518
0.87113965
0.859953
0.87659556
0.864992
0.8604806
0.8654639
0.8582918
0.86316806
0.854492
0.8632765
0.8583185
0.8575559
0.8628269
0.8543001
0.85964847
0.8583522
0.854074
0.852099
0.85621566
0.8571571
0.860963
0.8471395
0.84665334
0.84876865
0.84440756
0.86001307
0.84171605
0.8491628
0.84065354
0.839734
0.8525591
0.8458212
0.83980286
0.8380492
0.8508848
0.8448079
0.83908147
0.8476208
0.85331964
0.8392013
0.8351147
0.84300715
0.8423007
0.8387638
0.83392864
0.8518809
0.8470591
0.83692545
0.8223847
0.8329551
0.8317512
0.83206964
0.82143223
0.82900816
0.8259475
0.84187204
0.82839924
0.81850433
0.82135814
0.8317614
0.82728416
0.81650877
0.82448137
0.8232214
0.81974053
0.81446916
0.84005845
0.82793164
0.81028086
0.81420463
0.803796
0.8217366
0.81985474
0.8162068
0.8078785
0.82634014
0.8137693
0.8105387
0.80890477
0.80906105
0.80837435
0.80892944
0.79892075
0.797345
0.8033555
0.7994726
0.81106323
0.7919507
0.79866946
0.79198694
0.78810227
0.8004272
0.7979377
0.7877974
0.79398626
0.790331
0.79879254
0.80617577
0.78543854
0.7917251
0.78596926
0.79040235
0.7811304
0.78370273
0.7936337
0.7932465
0.777834
0.79380906
0.8017135
0.79408777
0.79518384
0.7837551
0.78697056
0.7887936
0.7875482
0.7828321
0.77968234
0.77025926
0.7750767
0.7859153
0.77424204
0.7735392
0.7710922
0.77119267
0.78275186
0.76808155
0.77069354
0.7743177
0.77222276
0.76942396
0.77314085
0.77839386
0.7641899
0.76811093
0.76939994
0.76947767
0.7713799
0.77925354
0.7653008
0.7711727
0.765886
0.7652181
0.7721544
0.76673025
0.770059
0.7688796
0.7713507
0.7800843
0.77270705
0.7644227
0.7677203
0.76594293
0.7670607
0.7626742
0.77052355
0.7656881
0.77231467
0.77817786
0.75413424
0.7684809
0.7596503
0.779186
0.7576112
0.75988936
0.7685664
0.7693434
0.76855665
0.7675189
0.77260584
0.7695641
0.7649449
0.7668202
0.7712427
0.7632073
0.7780429
0.76778114
0.7532211
0.7571272
0.7676679
0.77678305
0.76291144
0.7570757
0.7676674
0.7580336
0.75826937
0.76163214
0.77151847
0.75958884
0.77239746
0.76395965
0.76125604
0.768445
0.764667
0.76642394
0.7710506
0.76962584
0.76901746
0.7761954
0.76763606
0.76638824
0.77605355
0.7654564
0.76667076
0.769372
0.7721814
0.7723479
0.7754739
0.77278453
0.75918996
0.7573334
0.7611831
0.7680379
0.765416
0.75721717
0.7585451
0.7645347
0.76630116
0.75828046
0.7538904
0.7565441
0.7654691
0.75310713
0.7635755
0.76325434
0.7512712
0.74710256
0.75807106
0.75490654
0.75744957
0.7591914
0.752296
0.7580006
0.7389467
0.74386954
0.76333046
0.74666804
0.74736154
0.75632775
0.74168265
0.7536886
0.7560303
0.7469356
0.7495451
0.7463396
0.7451361
0.748277
0.7409762
0.7327089
0.74257296
0.7452738
0.7430656
0.7495281
0.7258359
0.7373854
0.7374712
0.73856205
0.7362215
0.7439107
0.7326686
0.73491186
0.7284076
0.73828423
0.7535193
0.736006
0.72309226
0.7470953
0.7350846
0.7326536
0.74267024
0.7301911
0.73291034
0.717341
0.7373659
0.72870463
0.73124915
0.73278534
0.73419374
0.7324604
0.72877383
0.72785205
0.7321865
0.73086804
0.71990895
0.7226052
0.72762537
0.72753364
0.7148191
0.7206946
0.723909
0.712571
0.73544234
0.72369736
0.72113204
0.7159422
0.71590364
0.72592896
0.7217347
0.7124307
0.7223095
0.71555376
0.71780634
0.72011334
0.71939033
0.71430546
0.7105234
0.7254861
0.7110907
0.71687406
0.71940094
0.70106333
0.71597874
0.71224266
0.7174324
0.75438637
0.7117309
0.70934135
0.71123266
0.70481443
0.69014865
0.71189916
0.70525926
0.69550216
0.6994207
0.6971622
0.7116425
0.6991965
0.7052288
0.6940458
0.6967028
0.6893235
0.69273436
0.7057269
0.70063806
0.6918312
0.69727254
0.69549155
0.718762
0.69981486
0.6868038
0.6877852
0.68749416
0.6869492
0.68523085
0.6830772
0.6924113
0.6855437
0.6783329
0.6746611
0.69036525
0.68324465
0.6864949
0.6782517
0.6886739
0.6852355
0.6900567
0.6829432
0.68818
0.68510133
0.6854039
0.6853257
0.71528095
0.6842624
0.6794112
0.68222487
0.6837639
0.68049425
0.68657947
0.68230313
0.6845607
0.71737313
0.6748878
0.6699384
0.6802759
0.6881241
0.6711176
0.68045914
0.67276406
0.6736463
0.6765701
0.6776342
0.6776167
0.679326
0.6685818
0.66814584
0.67191905
0.67155457
0.6695684
0.6767738
0.6739655
0.67428887
0.68320227
0.66945463
0.68090105
0.6762006
0.6729983
0.6737024
0.67167884
0.67339844
0.6767679
0.68182325
0.6697687
0.6668109
0.66914994
0.6580277
0.66291016
0.663599
0.6725523
0.6805112
0.66178554
0.65565956
0.6614403
0.6645468
0.663471
0.660109
0.66367537
0.6610873
0.654734
0.6680961
0.65674937
0.6588792
0.65938014
0.6658176
0.6535335
0.65469694
0.66321164
0.6648515
0.66082793
0.649588
0.65872335
0.6562025
0.654721
0.6556965
0.65641993
0.6589671
0.6490408
0.6523383
0.6583854
0.6505116
0.6492651
0.66124314
0.6533495
0.650174
0.6500306
0.65002215
0.6419427
0.6460554
0.644853
0.6520586
0.6457295
0.64233786
0.64110667
0.64909196
0.6484536
0.65398705
0.6511781
0.6506374
0.6344172
0.63467395
0.639064
0.6350075
0.64958763
0.6368695
0.6425146
0.64443654
0.6449903
0.636793
0.6436746
0.6306598
0.64369065
0.6422965
0.63542676
0.6517408
0.6431737
0.63663816
0.6331652
0.6374207
0.63332754
0.6418052
0.6318055
0.6319089
0.62834364
0.626757
0.64319646
0.6245176
0.63003695
0.6222431
0.63288575
0.62872577
0.6380474
0.6301477
0.6275487
0.6255493
0.63043636
0.63644475
0.63107294
0.6239053
0.63796294
0.63889605
0.6311788
0.63573265
0.6184037
0.6304998
0.63340795
0.6240524
0.6192606
0.6341096
0.6147592
0.6220873
0.6126567
0.62367433
0.62145615
0.6191597
0.6325322
0.61772174
0.61896044
0.6106242
0.6250016
0.61639225
0.6106727
0.61949354
0.62002945
0.6053407
0.6213307
0.6299064
0.6210324
0.6124929
0.61483943
0.61583346
0.62868845
0.6189338
0.62299603
0.60764235
0.6060391
0.60710067
0.6065152
0.6101591
0.6149981
0.6086795
0.60832894
0.614629
0.6092667
0.60895205
0.61505425
0.62129486
0.61140317
0.6041597
0.60260683
0.6083287
0.613082
0.610806
0.6082038
0.6179725
0.59991926
0.6020285
0.59961927
0.6001715
0.60528517
0.6049533
0.6107321
0.60005635
0.60534966
0.59256864
0.59846747
0.60559547
0.60201937
0.5994855
0.601109
0.6063735
0.5958394
0.59243315
0.60037726
0.61206895
0.59505016
0.6114043
0.61011374
0.60471046
0.59427077
0.5898261
0.6025419
0.59527993
0.6035968
0.60388964
0.60360414
0.6001113
0.59750086
0.5940527
0.59586304
0.589454
0.59184426
0.5997641
0.6060242
0.6116691
0.6005587
0.60808957
0.6002217
0.5974955
0.59730494
0.59785765
0.59567845
0.6104771
0.60782707
0.60058105
0.59417486
0.6052479
0.5953156
0.5938447
0.5952082
0.5959335
0.5920729
0.5994165
0.5945315
0.6059482
0.6024963
0.604185
0.6049303
0.60561186
0.6099256
0.5915359
0.6040166
0.59699893
0.60326976
0.63005674
0.60605496
0.59836495
0.59983623
0.5887855
0.5948054
0.6004579
0.5941843
0.59129006
0.5989049
0.5999667
0.5982199
0.6030258
0.5925362
0.5913558
0.5945932
0.5961546
0.60822153
0.5987145
0.59240663
0.59792626
0.58790505
0.5872997
0.58940613
0.5861778
0.5926774
0.59973276
0.5950508
0.6035017
0.59363097
0.58326036
0.5967999
0.58191645
0.5958623
0.58295393
0.5821463
0.5838439
0.5861967
0.5877899
0.6023818
0.5905113
0.5837278
0.5795834
0.5915228
0.58130825
0.58424515
0.59282875
0.5869535
0.5838789
0.5786647
0.5853994
0.5960461
0.60133034
0.5777117
0.5939312
0.5959033
0.592252
0.58555126
0.5787867
0.58044237
0.59643316
0.6015051
0.5879142
0.59539276
0.5929046
0.59039885
0.5837084
0.59896886
0.58701575
0.5919052
0.59891164
0.5904864
0.58831805
0.57836133
0.59094673
0.6059726
0.59586406
0.5879403
0.5858008
0.5919285
0.58544964
0.59062946
0.5926784
0.5892125
0.57943213
0.5868186
0.58857465
0.59150606
0.58471936
0.5856375
0.5821581
0.5714867
0.5769083
0.5868158
0.5782328
0.58152413
0.5830116
0.5751023
0.5793481
0.58446366
0.57707053
0.5714237
0.5826374
0.5887037
0.57707196
0.5769484
0.582175
0.58364177
0.57194227
0.5732343
0.5705213
0.5867693
0.5750423
0.57737356
0.582028
0.57555467
0.57750875
0.5751602
0.57439065
0.5690915
0.5641426
0.5797963
0.5794068
0.57615054
0.57240045
0.57305145
0.5644395
0.566883
0.5705096
0.58155435
0.5614964
0.5668403
0.5756386
0.5633749
0.56824
0.55818135
0.56575817
0.56627405
0.56890386
0.56458825
0.5743251
0.5649411
0.5650459
0.5785706
0.56476325
0.5575147
0.56172484
0.56034017
0.56764394
0.5819675
0.56908953
0.54935575
0.557441
0.5586076
0.5465883
0.57735384
0.5626727
0.54896444
0.5591346
0.5817021
0.5668518
0.5601863
0.5627117
0.55591387
0.5690907
0.55478716
0.55759096
0.5680392
0.558924
0.5642271
0.5545637
0.56755406
0.5590309
0.5627835
0.56114876
0.5552026
0.55443543
0.55692506
0.5631594
0.57112825
0.5605069
0.5641866
0.5775166
0.5566082
0.54761785
0.5627834
0.55461836
0.5616538
0.5551118
0.554316
0.564696
0.5576735
0.5472554
0.55457836
0.55077195
0.55020285
0.55757105
0.5399503
0.5542984
0.54260635
0.5554953
0.55223864
0.55876774
0.5493692
0.5525005
0.5566067
0.55180407
0.54462016
0.5491111
0.5473182
0.5442625
0.5518656
0.5534746
0.5560217
0.54700464
0.546529
0.54504454
0.5458324
0.55884296
0.54936045
0.54386157
0.54844147
0.54368037
0.56786543
0.5453921
0.5477092
0.5413339
0.5637503
0.54742646
0.54713
0.54344374
0.5487861
0.54364824
0.54475766
0.5480676
0.53756523
0.54217243
0.5511931
0.562382
0.5431556
0.5532
0.5434278
0.5419932
0.5519078
0.55291426
0.54399574
0.5454206
0.5518555
0.5456413
0.5500061
0.54475117
0.53870434
0.5443525
0.535821
0.5363634
0.5350039
0.53768706
0.53732264
0.5426972
0.54219043
0.5383949
0.53942907
0.5304567
0.5253855
0.5465171
0.534002
0.5299404
0.5361307
0.5312711
0.53576
0.53611904
0.52365476
0.52599245
0.53060335
0.52400196
0.5219788
0.5195649
0.5142399
0.5191128
0.51631004
0.51962423
0.5144138
0.51446635
0.5128798
0.5136072
0.5194258
0.5094188
0.5151141
0.51433396
0.52165264
0.5237713
0.5179685
0.5145029
0.50419796
0.5183419
0.50615484
0.51430506
0.5164475
0.5063655
0.51037323
0.50910157
0.49572396
0.5027572
0.50233585
0.49501052
0.5044738
0.49885374
0.4934947
0.4962097
0.49857026
0.49418604
0.5001733
0.4895891
0.48731098
0.50262785
0.48463744
0.49623057
0.49116722
0.4891091
0.4947033
0.4868333
0.49350703
0.4825473
0.48153532
0.48355
0.47703078
0.4946792
0.4726593
0.4809882
0.4835096
0.4989452
0.48130906
0.4844839
0.48445317
0.47132897
0.47213447
0.48818648
0.472561
0.47365588
0.48152083
0.48129442
0.46386638
0.46946844
0.47126806
0.47721258
0.4724906
0.464102
0.4714914
0.48784354
0.4703508
0.47312826
0.46286738
0.4769096
0.47930643
0.4812268
0.47404853
0.46787146
0.47007042
0.46984127
0.4686685
0.47070464
0.4750856
0.4649174
0.47270623
0.47143686
0.4841254
0.46939996
0.46227622
0.470816
0.4529166
0.457737
0.46274215
0.4595348
0.46552387
0.46618104
0.45926675
0.4638326
0.4665282
0.45058674
0.4621173
0.46335575
0.45989022
0.44910294
0.45072937
0.45247373
0.45842537
0.44859818
0.45400617
0.44744936
0.4632603
0.46040633
0.45423862
0.4448785
0.45355487
0.4458203
0.45492625
0.44627514
0.44646615
0.4469856
0.4527556
0.44376627
0.44470638
0.45130715
0.4477608
0.4420374
0.43316692
0.44504493
0.44615903
0.44407287
0.44817823
0.44153404
0.43622524
0.4413355
0.44040072
0.44227433
0.4364079
0.4483957
0.44568387
0.43645844
0.43939438
0.44109067
0.4413978
0.44423592
0.44037372
0.44248968
0.4326999
0.43856797
0.43864685
0.43403104
0.43882805
0.43669584
0.42455998
0.43288973
0.43454257
0.42532548
0.42623246
0.4306732
0.4250699
0.4257246
0.42680448
0.4253971
0.4247408
0.42923403
0.4260787
0.42471045
0.42923653
0.43204293
0.4180947
0.41941148
0.43448475
0.41847086
0.42375612
0.42123747
0.43486795
0.4190051
0.4249195
0.42406654
0.4253504
0.42952985
0.4273673
0.42560533
0.42252252
0.4169028
0.41149855
0.40806854
0.42718542
0.41644812
0.4218305
0.4183766
0.41899174
0.41701305
0.41865563
0.41474923
0.41828567
0.41792566
0.41732916
0.4178971
0.41679874
0.42119968
0.41801244
0.41476232
0.40487194
0.41225037
0.41060942
0.41773948
0.42226827
0.425812
0.4249702
0.4047667
0.43387258
0.41816247
0.42042646
0.41897407
0.41256174
0.40288603
0.41960394
0.42016533
0.4093661
0.41935167
0.41991058
0.4123052
0.41088253
0.40330324
0.42071095
0.41448882
0.4098055
0.41839278
0.40607852
0.41358802
0.41081592
0.41033506
0.41819626
0.41310754
0.41607952
0.41165233
0.40835375
0.40826783
0.4046964
0.41419512
0.40742904
0.41612005
0.41008562
0.39916787
0.43086973
0.41136855
0.42890567
0.41805914
0.40153456
0.41359478
0.4115389
0.40586895
0.4072305
0.41159976
0.40935123
0.41928312
0.41898957
0.40799832
0.40640512
0.40299386
0.42111158
0.4273815
0.4133196
0.4183767
0.41098067
0.40866247
0.4194529
0.39789042
0.4085468
0.41013068
0.40794197
0.41397598
0.40605053
0.3988889
0.41110998
0.4033678
0.41350597
0.40140858
0.4049503
0.4032822
0.4045257
0.41295788
0.40558594
0.40733886
0.4101678
0.40302426
0.40035453
0.40870747
0.3987678
0.4058405
0.409102
0.412314
0.39823595
0.39498
0.39703593
0.41851655
0.39805532
0.41393033
0.40236336
0.40076697
0.4035923
0.41111436
0.40284544
0.39503032
0.3962952
0.3976834
0.40888736
0.40633914
0.40112445
0.4020645
0.419422
0.410619
0.4042573
0.39950025
0.40802407
0.3951349
0.40952963
0.41349545
0.4152921
0.39797327
0.40640277
0.39281315
0.39443445
0.40169707
0.40201792
0.39456007
0.40614918
0.40427843
0.4168692
0.40424007
0.39559066
0.39803144
0.4099514
0.39719203
0.4207186
0.40810153
0.40364242
0.40693447
0.40798008
0.39703712
0.39587915
0.39740214
0.39575127
0.40475494
0.40704778
0.4037047
0.3989451
0.39931226
0.40191567
0.3990137
0.41016918
0.3995883
0.38492414
0.38920575
0.4035391
0.39407283
0.39420772
0.38513964
0.39115933
0.38978034
0.4038182
0.3937648
0.39378422
0.39085877
0.39548406
0.3896821
0.38635823
0.39133337
0.40354344
0.3939683
0.39052463
0.38464543
0.390422
0.39865768
0.39478642
0.40446773
0.39997378
0.37861058
0.3859492
0.38637608
0.3988072
0.37160236
0.38851053
0.38972613
0.38949034
0.39080623
0.37897372
0.3921858
0.39767945
0.3937342
0.3814947
0.3905997
0.38493383
0.38659155
0.3956305
0.39165
0.38084462
0.38563675
0.38214424
0.3901257
0.37209302
0.38799867
0.37438387
0.38959372
0.37156698
0.38065016
0.37475228
0.38004166
0.37691286
0.3827581
0.38234073
0.38698417
0.36947006
0.37276983
0.3694432
0.3811491
0.37129414
0.37005907
0.3717584
0.38151082
0.37544838
0.3767812
0.38279
0.37364882
0.367876
0.37624767
0.3666406
0.36835888
0.3720862
0.36505082
0.37850624
0.38533783
0.37505776
0.37411276
0.37367988
0.3654084
0.3742041
0.36596003
0.36744872
0.366472
0.36674264
0.3694983
0.36204138
0.3617717
0.37962422
0.36377528
0.3639275
0.3721985
0.37800995
0.3577012
0.37317407
0.36226353
0.3642846
0.36632794
0.3730524
0.35858595
0.36702654
0.36397853
0.35275155
0.3586959
0.37494808
0.36461484
0.36849195
0.37005308
0.35531223
0.35722667
0.3722784
0.36164948
0.36167625
0.35793057
0.36865357
0.35531533
0.36776572
0.36190632
0.3553881
0.36746883
0.36854526
0.36624712
0.35179555
0.36752835
0.36916202
0.37976032
0.36480403
0.3569601
0.3620961
0.3690678
0.36026973
0.36738825
0.35938966
0.3636621
0.36051273
0.36018798
0.3598554
0.3724934
0.3641303
0.35594538
0.37164405
0.37277237
0.36181092
0.36886016
0.35822734
0.36664438
0.36331818
0.36594582
0.353352
0.35957977
0.35719344
0.3524677
0.35383856
0.3655077
0.35755607
0.37281626
0.36194605
0.3677861
0.36707482
0.3842202
0.35277373
0.35649478
0.36011147
0.35895383
0.36176518
0.36729908
0.3620338
0.36054352
0.3514967
0.3563778
0.35461876
0.35711884
0.34829366
0.35495064
0.35059485
0.3541468
0.36175355
0.36264208
0.35117027
0.34462538
0.34529313
0.3605881
0.35009122
0.35727158
0.3527334
0.3574061
0.36174792
0.35717508
0.344832
0.35489357
0.34911337
0.34971103
0.36854032
0.35201126
0.34939557
0.3568109
0.35226285
0.35853112
0.35236457
0.35867944
0.35726497
0.3513619
0.35432744
0.35540828
0.35411137
0.36292458
0.3451724
0.34769344
0.361089
0.3495116
0.35502592
0.35415006
0.35068873
0.35688418
0.34801134
0.3637948
0.34160626
0.34335846
0.34646
0.34044185
0.3531147
0.34802535
0.3415979
0.34786534
0.35052618
0.34754
0.3496817
0.35775977
0.35309273
0.34965295
0.33952403
0.35584396
0.34625417
0.33885145
0.34757373
0.3445225
0.35182104
0.35080585
0.3514921
0.35294288
0.35552981
0.34965524
0.3652289
0.3646583
0.34993196
0.35819417
0.35935092
0.35453734
0.35973758
0.34813347
0.3445222
0.35094476
0.34867185
0.34964582
0.3537524
0.35743737
0.3495446
0.35072973
0.34436294
0.3542373
0.35236353
0.34982747
0.35174298
0.333065
0.34312516
0.3489603
0.34670246
0.34159943
0.34431106
0.3436689
0.34676793
0.34544247
0.3534321
0.3400778
0.3419058
0.33968756
0.33906984
0.34712005
0.3488838
0.34975785
0.33703712
0.34349278
0.34969833
0.33834678
0.348067
0.3473304
0.34818995
0.3406328
0.3379628
0.33646762
0.33921516
0.34654436
0.33709186
0.33663705
0.34102318
0.34573063
0.3349186
0.34996906
0.3338527
0.34334698
0.32829353
0.33782274
0.346228
0.32488993
0.3359363
0.33658278
0.33998913
0.33755347
0.33706433
0.3345419
0.3296197
0.34260172
0.33508876
0.33912435
0.33160695
0.330072
0.32388952
0.33111772
0.32859302
0.3473596
0.32448894
0.32856062
0.3342849
0.3320665
0.34542248
0.3288362
0.3260411
0.3272471
0.32000583
0.32866853
0.3240022
0.32816887
0.32640848
0.33433756
0.3368066
0.3325523
0.32175508
0.32935196
0.32459843
0.32900906
0.3206249
0.329019
0.31345066
0.3213152
0.3158412
0.31936765
0.32840416
0.32620806
0.32861394
0.32195032
0.31485268
0.32293126
0.31603748
0.32728156
0.31708598
0.32565695
0.31891292
0.3066654
0.31456593
0.313043
0.3155932
0.31162316
0.33204356
0.3131607
0.30900338
0.3238283
0.3094878
0.31906605
0.3050127
0.30310935
0.30886465
0.31422663
0.30375317
0.30289426
0.31071234
0.30684277
0.30712995
0.310401
0.29621363
0.30039454
0.3072884
0.31094536
0.30468258
0.31494376
0.3127314
0.3045247
0.29839277
0.29333755
0.31211343
0.32231128
0.3092221
0.29809466
0.30321148
0.29841316
0.31148076
0.2971558
0.30809706
0.296573
0.3056279
0.29251805
0.30996034
0.3074394
0.31644905
0.3006685
0.29234022
0.292396
0.30097076
0.3002858
0.29969192
0.3034347
0.30533835
0.30428752
0.30489346
0.29717788
0.30003434
0.2850843
0.29754698
0.2905441
0.29849854
0.30939293
0.28480047
0.29342622
0.29273257
0.28391778
0.29687032
0.28783333
0.2938877
0.28588578
0.29197386
0.28747734
0.2915815
0.2936903
0.28325966
0.2833603
0.29748324
0.29348254
0.30783737
0.29408246
0.2848505
0.2885481
0.28748426
0.2935405
0.28689656
0.30326292
0.29734835
0.2875804
0.30219594
0.29591784
0.2979025
0.28818235
0.30609572
0.29186413
0.30402473
0.29708105
0.29041046
0.29559758
0.30029494
0.29326665
0.29782206
0.2861778
0.29957297
0.28147063
0.28754997
0.28479162
0.28643012
0.29227167
0.2847866
0.28523207
0.29110295
0.2915448
0.28643936
0.29063207
0.28464904
0.29110432
0.2873527
0.2844657
0.28772175
0.29733604
0.29888806
0.28710464
0.29304853
0.29455325
0.2990436
0.30834618
0.28354207
0.30298698
0.28516695
0.2851185
0.2939189
0.2825836
0.2847487
0.29154125
0.28753436
0.28375846
0.27871773
0.28748932
0.28531578
0.28764674
0.27931687
0.27897123
0.28504375
0.27750173
0.2755033
0.29460546
0.291624
0.2880657
0.28432837
0.27765697
0.28248453
0.2817085
0.2880982
0.27960566
0.2763273
0.27493912
0.29384658
0.27256995
0.2793276
0.28881502
0.28310472
0.27428284
0.28322777
0.2811004
0.27977857
0.28303137
0.28544608
0.2878644
0.27860418
0.29565552
0.2859883
0.28210947
0.28413236
0.2809813
0.29380733
0.2761516
0.27243474
0.27947813
0.2830574
0.28493667
0.2842992
0.2845259
0.2838157
0.29230925
0.27890885
0.28467408
0.2790433
0.2848217
0.2832998
0.27591223
0.27910626
0.29127434
0.28358698
0.26873752
0.27881885
0.28888744
0.28283358
0.2801925
0.28785628
0.27523577
0.27723572
0.30910182
0.2747971
0.27739725
0.29577127
0.28778556
0.29652157
0.27420735
0.27747232
0.28479928
0.28689453
0.28275713
0.29063243
0.29241893
0.28840455
0.28443763
0.2870646
0.27902803
0.28993094
0.2833232
0.29506618
0.27456728
0.2769915
0.2823358
0.27364784
0.27026135
0.27986217
0.28440338
0.28369662
0.2793018
0.27777407
0.28386134
0.28088477
0.27878132
0.2824698
0.28860402
0.28005984
0.28322047
0.29765353
0.2824699
0.28219065
0.29138032
0.28262806
0.2768091
0.27812687
0.27199978
0.29239956
0.27929378
0.27204546
0.3004786
0.28979933
0.28260192
0.3018663
0.2799151
0.28289455
0.28474507
0.2891155
0.28596783
0.28853232
0.29246843
0.28127888
0.28911325
0.27786177
0.29346886
0.28663653
0.28328618
0.27607054
0.28122094
0.2807208
0.28146383
0.28323627
0.28341764
0.2983175
0.28928146
0.2834137
0.28399923
0.28643957
0.2746145
0.28565928
0.27101722
0.2845454
0.288278
0.28882396
0.27778873
0.2865239
0.27379337
0.28510016
0.29096475
0.277071
0.27734604
0.2797977
0.27212557
0.27950826
0.26728195
0.28696656
0.28474894
0.2818346
0.2712215
0.28174385
0.27112633
0.28364795
0.27800372
0.27646345
0.2893145
0.2903803
0.28422812
0.27964637
0.28564477
0.27608177
0.29670376
0.28227893
0.27244937
0.27463728
0.27596128
0.2789081
0.2611618
0.26405784
0.28227434
0.28638124
0.26900056
0.28888687
0.2760638
0.26991105
0.2869939
0.2794923
0.2828677
0.27598843
0.26304713
0.27509972
0.27502406
0.2896011
0.27093446
0.27022004
0.28754434
0.27018344
0.26979432
0.27675837
0.27441818
0.27440932
0.27113423
0.2647407
0.2598717
0.27497092
0.2689272
0.2799512
0.276561
0.2682036
0.2752931
0.26559958
0.28714523
0.28072876
0.27477905
0.27512398
0.28068092
0.26703486
0.27331623
0.27185887
0.27570236
0.26844293
0.2724183
0.28572896
0.2666478
0.26362583
0.27194703
0.2661846
0.2679719
0.2761009
0.27493632
0.2771939
0.27488002
0.27548054
0.2667409
0.2663107
0.27385986
0.2804408
0.26931176
0.27175936
0.29300585
0.27181914
0.2750756
0.27108592
0.27838343
0.26832533
0.28205135
0.27270678
0.26024383
0.27810985
0.26214498
0.26060668
0.2639549
0.2918449
0.27143398
0.25525004
0.26870888
0.27523884
0.2625026
0.26493526
0.25682625
0.25732422
0.25949016
0.2706632
0.26924786
0.27235594
0.2577467
0.2649768
0.26792073
0.25887895
0.260257
0.26100382
0.2547037
0.26915416
0.2547833
0.26069793
0.25614417
0.2546575
0.2643556
0.26429126
0.26763403
0.26342395
0.24800737
0.27544647
0.26472858
0.2534693
0.2532266
0.2547563
0.25401825
0.2577542
0.2603292
0.25776654
0.2563341
0.2608321
0.25758812
0.26616818
0.2543743
0.25162372
0.24422346
0.25039425
0.24691834
0.24841985
0.2450064
0.25076252
0.25796497
0.26173753
0.24100707
0.24506196
0.25623226
0.24224247
0.25953373
0.26416495
0.24526124
0.24363369
0.25313634
0.24886571
0.25489226
0.24262129
0.25538757
0.26083294
0.24357252
0.24809267
0.2588776
0.24853542
0.2570254
0.2511534
0.25287607
0.25043923
0.26292896
0.24957475
0.25092372
0.25644386
0.25379324
0.24947207
0.24885848
0.25232077
0.24761023
0.2564406
0.24046935
0.24520423
0.24796467
0.24400498
0.24550514
0.24151966
0.25391743
0.25487354
0.24435282
0.24585363
0.23901789
0.25908595
0.24551648
0.22925001
0.25403634
0.24830194
0.24071088
0.24167906
0.24196717
0.23337494
0.25504282
0.24784555
0.24304052
0.23562042
0.24257883
0.23819868
0.22899967
0.24816142
0.25112146
0.25021732
0.23828214
0.23834021
0.25395393
0.22885835
0.23188199
0.24031489
0.24494757
0.2417797
0.24310097
0.23388678
0.23776136
0.22417924
0.23997653
0.22879542
0.23643257
0.23404847
0.24021919
0.23218311
0.23504189
0.24065866
0.23820668
0.23557436
0.2314674
0.23166549
0.24210864
0.24599122
0.2400108
0.24654469
0.24051878
0.23977967
0.22840537
0.24137135
0.22644833
0.24765192
0.24181597
0.23099504
0.24250545
0.22455163
0.23676813
0.2321031
0.22351773
0.22335467
0.23856851
0.23006675
0.25160015
0.22468857
0.23350132
0.23511268
0.2263119
0.22587137
0.24215196
0.24116497
0.22369674
0.22793935
0.23599564
0.21915895
0.22985512
0.2449969
0.23469453
0.23295341
0.2273472
0.22705445
0.23614821
0.23479807
0.23150872
0.21717921
0.22246516
0.2221474
0.25248903
0.22585745
0.2291629
0.22778314
0.23432304
0.21884209
0.22952698
0.23923825
0.22817156
0.22285096
0.22409397
0.24385019
0.23251134
0.23593028
0.2272898
0.24618274
0.22533725
0.22717437
0.23479846
0.22957954
0.22232817
0.22279948
0.23017298
0.21675315
0.23333795
0.23545595
0.23317884
0.22580478
0.23535627
0.24291573
0.23555441
0.23806676
0.23264886
0.22577177
0.23340648
0.22922075
0.23913468
0.22602312
0.2215884
0.22091787
0.23900151
0.2266039
0.2306068
0.23107558
0.23682027
0.23417887
0.22589526
0.25890893
0.22636315
0.23441531
0.23577638
0.22289173
0.23366691
0.22019741
0.24623726
0.23448522
0.25696588
0.22960658
0.23995696
0.24508446
0.23183766
0.2285027
0.2334738
0.2291557
0.23138046
0.23639351
0.2314449
0.22926451
0.23230475
0.2325723
0.22934923
0.2205651
0.23505406
0.25100687
0.22565345
0.22398704
0.23022199
0.22517645
0.21445365
0.2289488
0.22930652
0.22839612
0.24369541
0.23119593
0.22778164
0.21534486
0.23549075
0.22646119
0.22058992
0.23033345
0.21565123
0.22374807
0.23095983
0.22708516
0.23197289
0.2278045
0.23477972
0.22541802
0.23156376
0.22682507
0.22896841
0.22840516
0.22746755
0.21975487
0.22394045
0.2420008
0.2190394
0.22548278
0.22308753
0.22681402
0.22235808
0.22103544
0.23889774
0.23748775
0.2261153
0.23527566
0.22312129
0.22955048
0.21751492
0.21866095
0.23258147
0.22512443
0.23436618
0.2321768
0.22038478
0.23413135
0.23555803
0.21235701
0.2456291
0.22899641
0.24683148
0.2348123
0.23451665
0.22532438
0.22829974
0.23360915
0.22630186
0.23741496
0.22934486
0.22530043
0.2332533
0.2293138
0.23755273
0.21954776
0.23266114
0.23885871
0.24055251
0.24073985
0.22879077
0.22501966
0.2409999
0.24062571
0.23275015
0.2393523
0.22044173
0.24602854
0.23209712
0.23333603
0.23439965
0.23784211
0.24607185
0.2304864
0.23841266
0.22444625
0.24571843
0.24253091
0.23454495
0.23061633
0.23582493
0.23723601
0.23394933
0.23338136
0.23582765
0.24177046
0.2420843
0.25837967
0.23804562
0.23281729
0.24212919
0.23906343
0.23223493
0.22213869
0.23864143
0.26531956
0.2413738
0.24688187
0.23267163
0.23368528
0.24032807
0.2377465
0.23373337
0.24074489
0.24445437
0.22674578
0.24660935
0.22586827
0.22402711
0.22948802
0.23763144
0.23461202
0.23958194
0.22963017
0.23061894
0.2501229
0.23419286
0.2280725
0.2297596
0.24441938
0.24605983
0.22650927
0.23632795
0.24531767
0.24956253
0.23872747
0.23696758
0.24434586
0.2294125
0.22324648
0.23614879
0.23080404
0.23501596
0.23722672
0.22752142
0.23968266
0.22786373
0.2301188
0.2321854
0.23326394
0.23792104
0.22977349
0.23810838
0.23894888
0.24168052
0.24448156
0.24284534
0.24324097
0.24090737
0.24238771
0.2562342
0.2446129
0.24265929
0.23662585
0.2429734
0.2473145
0.25632042
0.23472361
0.22563
0.23797287
0.2367094
0.23166078
0.2520025
0.23863801
0.24249603
0.23838863
0.24880598
0.23315823
0.2594126
0.23136431
0.23911275
0.23333292
0.23599188
0.24273245
0.23930642
0.24211305
0.22592208
0.24157758
0.23225775
0.23524758
0.23624787
0.23274004
0.23529877
0.24683517
0.23061363
0.23697588
0.22738497
0.23825361
0.24375172
0.24752139
0.23555039
0.23809005
0.24409917
0.23145871
0.22759336
0.23625575
0.23492414
0.22936535
0.23547171
0.23612879
0.22975416
0.24681468
0.2522442
0.22560006
0.23171143
0.24315761
0.23739307
0.25253993
0.251932
0.23738372
0.23697735
0.2359214
0.23733948
0.24946253
0.23445353
0.23770417
0.2288905
0.25273973
0.22164637
0.23547108
0.2382626
0.2529792
0.23699301
0.23891577
0.231762
0.23776333
0.23522441
0.2410876
0.23611026
0.22463576
0.24713005
0.23910984
0.23611599
0.23926544
0.24388976
0.21905787
0.22549574
0.244945
0.22687232
0.22984797
0.22696175
0.23383345
0.2339959
0.22589599
0.22760995
0.23291479
0.23037493
0.24407157
0.22412084
0.24605066
0.22907995
0.23278202
0.23944439
0.23135428
0.23025244
0.23677896
0.24436696
0.23327355
0.23602246
0.22336018
0.24275912
0.22939709
0.24026108
0.23863837
0.23301844
0.22764736
0.22945996
0.24299684
0.23182306
0.23117658
0.22934254
0.22035165
0.24924767
0.22835498
0.22912079
0.21110961
0.26000854
0.22747435
0.21956842
0.23309185
0.21859454
0.21673495
0.23030251
0.23524992
0.22594298
0.23514129
0.24495047
0.23387101
0.22209562
0.23020509
0.23465738
0.23443738
0.2360596
0.23817371
0.24477652
0.22403774
0.22049497
0.23490436
0.22077449
0.22814445
0.23311746
0.2356342
0.22410187
0.22168712
0.23635525
0.23766865
0.2358531
0.21925615
0.22656608
0.22443189
0.23445153
0.2340626
0.22833382
0.24449337
0.23290356
0.20050009
0.22266752
0.2306911
0.24261358
0.227578
0.21778426
0.21202408
0.22746907
0.2237739
0.22591107
0.21174139
0.23336837
0.2298531
0.22284421
0.21893182
0.2200066
0.21831098
0.23433957
0.21577641
0.22024228
0.22820994
0.23685384
0.22204798
0.23613957
0.21036088
0.2333388
0.2213403
0.2379687
0.22106664
0.22404332
0.24940811
0.2099683
0.22559221
0.22380036
0.21740688
0.22373053
0.22666174
0.22244482
0.22299041
0.21793222
0.22705701
0.21818465
0.23201711
0.20822223
0.23669957
0.2164107
0.23213872
0.23104131
0.21987784
0.21271808
0.21518491
0.20956118
0.23077369
0.21810488
0.20248982
0.21349046
0.21686834
0.22153956
0.2252868
0.23020619
0.22287622
0.22779277
0.21544568
0.21094523
0.21665779
0.21787553
0.24116866
0.20032424
0.21707128
0.21980502
0.214791
0.21107298
0.22304952
0.22323844
0.20994666
0.2156014
0.20132174
0.22460449
0.2184328
0.21940048
0.22918834
0.21628502
0.21853192
0.21671674
0.22286262
0.21024056
0.22589171
0.22066912
0.21889043
0.1959754
0.21650001
0.19928312
0.21203864
0.21396078
0.21711151
0.22300346
0.21245125
0.2154492
0.21750706
0.20682088
0.22194965
0.22769248
0.21830156
0.20003036
0.20683956
0.20753808
0.22576043
0.21578813
0.21157405
0.20914648
0.21439667
0.21125391
0.21209824
0.21655688
0.21937856
0.21275501
0.21076615
0.21624596
0.20637164
0.21307045
0.21691205
0.19829364
0.20897467
0.21079484
0.22344437
0.20529178
0.21183416
0.21495152
0.21806109
0.21313342
0.22425124
0.2156755
0.21360128
0.21419933
0.20002271
0.2057292
0.21674086
0.20670372
0.2044507
0.2096805
0.20707455
0.21200283
0.20855191
0.22040741
0.2002746
0.21836303
0.21611486
0.21335267
0.21621221
0.23432954
0.21759944
0.206519
0.19803706
0.21106948
0.21492794
0.20875777
0.20741135
0.20139799
0.20574707
0.20614205
0.20465203
0.20991759
0.21156494
0.21802245
0.20901316
0.21492854
0.2191946
0.21757588
0.21168505
0.19562711
0.19925863
0.19973965
0.21728435
0.20822713
0.22510698
0.20295863
0.20438446
0.19638555
0.19583029
0.2138807
0.20820126
0.21309058
0.20822738
0.21746008
0.2123536
0.21150282
0.20464116
0.21145767
0.21266069
0.19984117
0.21164925
0.2141974
0.20055251
0.20137613
0.20807485
0.20290284
0.2023037
0.20148642
0.21677901
0.20092578
0.20238301
0.19277637
0.21445449
0.21671617
0.23842117
0.21529639
0.20254484
0.19816256
0.21033962
0.20616868
0.19867846
0.20576066
0.20458737
0.2053884
0.21379422
0.19846587
0.4330301
0.19889176
0.21204762
0.20431545
0.21659593
0.2064514
0.20283727
0.22279993
0.21641465
0.21225426
0.20812981
0.20646596
0.21900569
0.206674
0.21478043
0.21214376
0.21101603
0.2053422
0.19340771
0.221479
0.20894367
0.204853
0.19891815
0.2101725
0.21179502
0.1968696
0.19526042
0.2262874
0.21258824
0.20002623
0.20786108
0.19631867
0.20832624
0.19418338
0.19862619
0.18948732
0.21024281
0.21089058
0.200762
0.21542042
0.2010389
0.20280679
0.21115164
0.20566325
0.20437554
0.21439612
0.22036307
0.23139791
0.21461609
0.20498058
0.2104066
0.22162776
0.20204419
0.21441343
0.22049749
0.21121609
0.19451511
0.21628243
0.21635967
0.21391924
0.19855733
0.20959751
0.20253122
0.20978424
0.21495838
0.1926354
0.19779587
0.21220596
0.20696555
0.21697375
0.2040707
0.20486075
0.2158224
0.2076424
0.19987498
0.18681744
0.20566978
0.2096976
0.20570655
0.19420737
0.20079152
0.22549029
0.20675282
0.22336936
0.19771576
0.20477648
0.2088738
0.21300362
0.19544832
0.18529409
0.20490544
0.19512579
0.20988867
0.20232747
0.20477553
0.20542221
0.19801822
0.20622168
0.1945746
0.2157139
0.19740833
0.20552206
0.2101504
0.1991649
0.20390469
0.20611008
0.22348404
0.20681298
0.19169386
0.20989726
0.22408406
0.20070003
0.20661294
0.19973956
0.19213043
0.18562894
0.20188627
0.21123414
0.22771356
0.21630622
0.20426443
0.19674945
0.20365652
0.21286142
0.19564313
0.19787492
0.20978917
0.21761541
0.21476617
0.2131688
0.19692843
0.21574429
0.2220733
0.1932073
0.19542809
0.2111193
0.1992317
0.20488448
0.2126994
0.20808326
0.20811306
0.19187655
0.19398503
0.21156202
0.21552674
0.20515156
0.21187581
0.1900713
0.20485598
0.20534903
0.23255295
0.2146931
0.19361733
0.20365685
0.19534628
0.19987065
0.19276023
0.21155721
0.23695576
0.19485487
0.2043249
0.22493328
0.21435556
0.22008346
0.20825261
0.20147839
0.19992831
0.21610047
0.19580506
0.20416099
0.20699666
0.22464268
0.19240306
0.19473566
0.19447857
0.20362331
0.19690429
0.19949621
0.19416216
0.19915129
0.18408465
0.18765467
0.20266744
0.21372828
0.2008513
0.19839785
0.21126898
0.19422019
0.20826407
0.21633893
0.22613661
0.19384623
0.24691066
0.20617574
0.2162831
0.20120427
0.22026743
0.21869399
0.22274552
0.19917628
0.20462395
0.1907164
0.21435702
0.20908809
0.2171935
0.19207336
0.22304204
0.21266657
0.20182191
0.19727758
0.20302533
0.20244114
0.20311059
0.20863043
0.20763063
0.21432054
0.21724093
0.21822418
0.20100908
0.20289475
0.20318025
0.20502558
0.21278755
0.20811148
0.20372729
0.19796531
0.20685618
0.21046115
0.19983645
0.19236876
0.18923417
0.19224857
0.2079098
0.1869771
0.21303138
0.21848069
0.19554703
0.19905618
0.18452878
0.19930428
0.18969706
0.20188239
0.1807781
0.20046565
0.20308019
0.18745787
0.18998143
0.19597794
0.21527722
0.20649312
0.185295
0.19344671
0.20250395
0.20003513
0.18966067
0.19364826
0.1954762
0.2128988
0.20822868
0.18959771
0.19103587
0.17972924
0.19109632
0.19067976
0.18515913
0.18454225
0.18959458
0.1827907
0.20003827
0.17391604
0.18873352
0.18494464
0.19012605
0.20074445
0.17913678
0.16863899
0.19405417
0.1775936
0.17809518
0.1720148
0.19950913
0.19030759
0.16740452
0.16862665
0.18315285
0.1817116
0.1658755
0.18076994
0.17763555
0.18934208
0.19355497
0.17456384
0.20518121
0.18530615
0.18219744
0.18672377
0.1953671
0.1916201
0.19356559
0.17569083
0.18373255
0.17031462
0.17441079
0.186561
0.17848754
0.18121439
0.19504324
0.18154944
0.17914605
0.17926599
0.18147814
0.19051945
0.18599647
0.17238827
0.18390854
0.18196443
0.19734645
0.19855677
0.18708573
0.18872531
0.20073022
0.20107885
0.17993964
0.19313668
0.18720897
0.18648705
0.17876127
0.18986468
0.18349288
0.19912682
0.20026407
0.19065939
0.17213117
0.17142825
0.17832993
0.18286623
0.18754894
0.19742472
0.18365139
0.22363423
0.17719808
0.18777241
0.18027301
0.18287112
0.20126678
0.1840951
0.17872347
0.1938971
0.19000083
0.18506311
0.18257463
0.21123049
0.18070081
0.18051773
0.19391832
0.16603489
0.19223231
0.19398437
0.19103734
0.18632534
0.20180239
0.1986855
0.17296484
0.19032866
0.19194877
0.18798344
0.18385623
0.17840862
0.20123696
0.18158816
0.16822894
0.18681714
0.1828725
0.18906368
0.16838439
0.17118807
0.18736875
0.17918514
0.1719874
0.17241696
0.18451838
0.17929459
0.17188488
0.19323047
0.16310078
0.17616563
0.15447044
0.17141476
0.20891564
0.17204468
0.16337301
0.17397171
0.17283271
0.16662383
0.16279665
0.16786969
0.15730351
0.18053739
0.1680052
0.15645961
0.16124389
0.17042495
0.1829233
0.16436893
0.15203167
0.1929117
0.15128726
0.14216438
0.16169994
0.15610217
0.16092776
0.16154931
0.16141735
0.16875604
0.15909205
0.15949379
0.15999621
0.15143949
0.16386116
0.17193405
0.15317348
0.15212479
0.15523615
0.15605208
0.15427443
0.15105827
0.15921578
0.14234339
0.1488826
0.16455881
0.15667708
0.16283584
0.1413528
0.1596466
0.15641657
0.17701213
0.16078416
0.1646636
0.17766145
0.1667
0.15318704
0.14128262
0.14284015
0.14609207
0.15687989
0.17122032
0.16411103
0.14665137
0.14258745
0.1506916
0.17621824
0.16389415
0.15022412
0.14457883
0.15232085
0.17030457
0.14819814
0.14438123
0.15339273
0.14909743
0.13943057
0.15549035
0.17075631
0.15441336
0.15274866
0.14760786
0.15678376
0.16676368
0.13860154
0.15010186
0.15302387
0.14556433
0.14177513
0.16053464
0.1532239
0.14522167
0.14135838
0.16381335
0.14027101
0.14485979
0.15274966
0.15248974
0.14986056
0.14826451
0.13654757
0.14124373
0.14468269
0.13630395
0.13929668
0.13962643
0.1510763
0.15468174
0.16948852
0.13582915
0.15157525
0.13663736
0.16226757
0.15216364
0.14831753
0.15897875
0.14776322
0.15643896
0.14321315
0.15886909
0.14682814
0.15347025
0.14450748
0.14900675
0.1640365
0.16307034
0.15315819
0.16374908
0.1412684
0.16536573
0.15535478
0.15156253
0.15930215
0.14407036
0.17348169
0.15836936
0.14907376
0.23678963
0.21248764
0.16038226
0.1506628
0.17190982
0.17752343
0.14389771
0.16191344
0.14955057
0.1479973
0.15692496
0.1537933
0.14305007
0.15065543
0.15892355
0.155413
0.14512376
0.14207777
0.15320536
0.15985087
0.17317282
0.17282958
0.14958014
0.15226004
0.18755287
0.15638396
0.14556232
0.1624777
0.17152998
0.16129677
0.14698747
0.15641575
0.14653201
0.14958905
0.16406105
0.1614813
0.14694546
0.14237647
0.14780717
0.14682007
0.1486143
0.15739584
0.15407147
0.15278296
0.14571407
0.14148192
0.1432071
0.14825366
0.15985334
0.15197669
0.1452524
0.14974056
0.15093492
0.16205673
0.15519577
0.1627463
0.16630279
0.20707422
0.16394787
0.14675303
0.15557736
0.15128334
0.14425555
0.14872274
0.16224131
0.14931852
0.14223914
0.1501946
0.16656522
0.17846775
0.15802988
0.14814083
0.14931798
0.15457623
0.16109107
0.15643425
0.16816057
0.15479623
0.15278465
0.16435224
0.16312702
0.14757791
0.14273068
0.15061595
0.15719554
0.15606491
0.16196997
0.15606457
0.158277
0.15361218
0.156254
0.1580007
0.18622902
0.1670886
0.1667621
0.1895806
0.15628052
0.15286835
0.15392761
0.15947413
0.1473598
0.15042785
0.16873215
0.17330016
0.15931058
0.14830647
0.14829782
0.14308289
0.13897108
0.13315946
0.13791385
0.14362061
0.15297715
0.16432005
0.15766574
0.16494903
0.15550171
0.14936274
0.14352368
0.1497531
0.16142109
0.14496246
0.1422652
0.14519008
0.15109636
0.14820799
0.16930456
0.2123486
0.17291631
0.1516272
0.1450752
0.14129765
0.14018819
0.15305488
0.1753546
0.1614941
0.15066464
0.14806743
0.14741495
0.15677199
0.17096642
0.15457167
0.14898694
0.15578787
0.1551099
0.15380238
0.1496086
0.14943027
0.1443044
0.1411461
0.14220315
0.14274238
0.13682604
0.1319604
0.1303304
0.14011127
0.13690808
0.14146341
0.13721748
0.14018308
0.1452855
0.14740992
0.14908984
0.15092985
0.1512958
0.15009749
0.1466276
0.1427233
0.13831492
0.12981619
0.12961666
0.12787385
0.13359693
0.1353362
0.16139899
0.20042586
0.16944513
0.17933364
0.16639943
0.16448583
0.17363589
0.15075226
0.13857017
0.13966157
0.13309433
0.13826366
0.13844682
0.14547741
0.13865197
0.14620045
0.15191641
0.16178203
0.1505438
0.14639668
0.13686572
0.14186205
0.13648446
0.13576427
0.13595805
0.13442245
0.1363935
0.13263401
0.14347832
0.14030983
0.14792675
0.13760348
0.13935404
0.15287729
0.1947768
0.1697786
0.1872145
0.14937128
0.13235678
0.12758628
0.13081591
0.12546957
0.124546856
0.12124408
0.13161904
0.14984325
0.15478101
0.15016356
0.12865655
0.12242515
0.11751025
0.13145925
0.13547817
0.14006282
0.13118632
0.12793736
0.1257358
0.13343057
0.13504931
0.13111623
0.12449984
0.12753677
0.13909622
0.140695
0.13888903
0.12799823
0.13031027
0.12642998
0.13145883
0.1316383
0.14186373
0.14340751
0.1436485
0.137125
0.13219452
0.12859109
0.12139771
0.12553583
0.12691659
0.13758866
0.12674417
0.12769534
0.120901465
0.14353861
0.14361577
0.14944111
0.13322078
0.13094427
0.124908164
0.1358438
0.14063331
0.14277668
0.13824336
0.13228467
0.13202658
0.13261798
0.13380109
0.13341478
0.12786087
0.13214774
0.13831803
0.14457199
0.14174847
0.13462158
0.12958762
0.13144678
0.13093232
0.13240296
0.1276927
0.12940995
0.13315924
0.13697855
0.13846941
0.13492353
0.1376008
0.14080584
0.14258593
0.14058305
0.1465741
0.13777737
0.14309433
0.13705961
0.14854465
0.1424965
0.13609657
0.12840983
0.1235511
0.12882398
0.12643194
0.12784761
0.12956178
0.13727576
0.1421851
0.13795394
0.13817438
0.13594934
0.13812385
0.13727216
0.13914727
0.13442625
0.14182463
0.13488069
0.13729683
0.14079899
0.14732923
0.15896828
0.1450865
0.15124711
0.13944894
0.15802479
0.1452052
0.15192418
0.13373998
0.1509742
0.14425689
0.14667773
0.13801058
0.14498407
0.14699192
0.14724292
0.14374365
0.13889891
0.1499721
0.15041831
0.1540412
0.1451444
0.14050083
0.13149922
0.13856192
0.14096066
0.14557254
0.13263474
0.13449459
0.14033286
0.13617927
0.14827684
0.14369619
0.1557536
0.14355029
0.15074779
0.15061478
0.16030008
0.1557146
0.15410262
0.1521662
0.15181558
0.14363587
0.13287863
0.14221185
0.15352887
0.1841067
0.1712313
0.16501217
0.13839474
0.15167114
0.14700386
0.15258588
0.14603004
0.14596836
0.13792679
0.1409294
0.13971147
0.14051236
0.13251908
0.13836974
0.14178804
0.14071427
0.14722446
0.15570627
0.1644496
0.1591324
0.14776911
0.13654251
0.13756555
0.13919057
0.14449246
0.14095132
0.1382436
0.1366124
0.13709058
0.13547212
0.13142018
0.13256055
0.13194035
0.13781251
0.13990584
0.13915223
0.13914515
0.13803603
0.14144906
0.14155212
0.14023802
0.1447997
0.15697843
0.15292923
0.16252023
0.14875521
0.15349181
0.14060256
0.1423965
0.14479539
0.14653629
0.14144821
0.1394507
0.13477913
0.13970956
0.13571659
0.14149469
0.14755711
0.1555276
0.14795832
0.14944239
0.14881337
0.150182
0.14299524
0.14389913
0.15609027
0.15929247
0.15168563
0.14700066
0.14056666
0.1516589
0.14042328
0.14831486
0.13245894
0.13479294
0.1255742
0.13860346
0.14196014
0.14644092
0.1393529
0.1393035
0.14219199
0.14376992
0.14506176
0.14432049
0.14108439
0.13696897
0.13149057
0.132631
0.13499741
0.13657469
0.13942431
0.14612886
0.14339454
0.1409557
0.1297201
0.13459478
0.13354853
0.1369822
0.1318487
0.1358716
0.14964136
0.1556678
0.17050743
0.15769611
0.1515206
0.13096277
0.13569826
0.14848565
0.15574583
0.17416361
0.17698109
0.17800143
0.15458363
0.14224899
0.14026207
0.14480965
0.14224541
0.14400262
0.14470442
0.14072351
0.129152
0.13304175
0.14459717
0.15553486
0.15036553
0.14780553
0.14224814
0.14454092
0.14060012
0.14713581
0.14085208
0.13497387
0.12894894
0.13094729
0.15538436
0.15671478
0.15593523
0.13361143
0.13030374
0.20617768
0.36630455
0.24269354
0.1634883
0.1438217
0.1330453
0.13290533
0.15951939
0.15283473
0.14949794
0.13214128
0.14004606
0.14503975
0.1401885
0.12906437
0.12712456
0.14745453
0.1471781
0.1422391
0.12576172
0.1281951
0.13977697
0.14167027
0.15268748
0.14684199
0.14532198
0.13297924
0.14379443
0.14712703
0.15271348
0.14598109
0.13645282
0.13882776
0.14047962
0.14805456
0.14057793
0.15202926
0.14632069
0.14882411
0.16746375
0.17194608
0.17195517
0.1423189
0.14105076
0.14082482
0.1310792
0.12590377
0.12512913
0.12712754
0.12946947
0.13199525
0.13071775
0.1346938
0.12768765
0.13232626
0.14651017
0.15825416
0.15453708
0.14245462
0.13521741
0.13291723
0.12858689
0.1324507
0.20155346
0.32484576
0.22969899
0.16976908
0.15803416
0.14663441
0.14672829
0.15288933
0.1649844
0.15470213
0.14791547
0.13481584
0.14766212
0.14946316
0.15203756
0.15662502
0.1526978
0.15928721
0.15103956
0.15566601
0.15776977
0.16384675
0.15792641
0.14809874
0.17042162
0.17014278
0.16281766
0.14148478
0.13839118
0.14761454
0.1355387
0.13569061
0.1361615
0.14123106
0.1456856
0.16862053
0.16885167
0.16851072
0.14300726
0.14398584
0.144217
0.14054966
0.14221016
0.14791091
0.15379745
0.15303606
0.15711366
0.14805952
0.15898985
0.15889113
0.18624598
0.19099937
0.18406239
0.1711639
0.17578761
0.17648517
0.17025805
0.14991207
0.1460731
0.13758567
0.14399871
0.14317812
0.15101777
0.14864354
0.15057029
0.14669575
0.15241902
0.15322061
0.17115653
0.16124111
0.16951734
0.15302302
0.1610383
0.15943977
0.16541171
0.15647848
0.15544018
0.15581234
0.15678069
0.15927507
0.16175778
0.16790365
0.16668727
0.16762312
0.16503972
0.1573892
0.1517401
0.15302563
0.15462819
0.14979605
0.14338128
0.14731187
0.15340275
0.15292835
0.15411165
0.15800157
0.15610453
0.15856142
0.15725397
0.16472602
0.1567341
0.14453398
0.14163314
0.13994259
0.14840518
0.14891304
0.16139255
0.15624514
0.14649612
0.13300927
0.14048807
0.14246728
0.14883213
0.14222787
0.15178445
0.14662836
0.14248642
0.13495071
0.14559709
0.15125175
0.1580916
0.13826899
0.13757801
0.13702846
0.13862148
0.19172515
0.19360465
0.19037034
0.14488176
0.14470932
0.14973457
0.15208241
0.1401625
0.14079025
0.1401407
0.1392086
0.13507265
0.13454126
0.13049987
0.13586996
0.14058368
0.13327506
0.13363104
0.1354614
0.14004496
0.15196839
0.14522155
0.13809124
0.1356304
0.12814367
0.12764084
0.13318266
0.12941232
0.12731631
0.12400767
0.11957472
0.11691854
0.11869925
0.11670952
0.119546585
0.12284982
0.12265307
0.122415006
0.12555635
0.12450696
0.12734625
0.12550399
0.123297594
0.1257202
0.12985133
0.13126473
0.13089983
0.12555815
0.13057216
0.12861519
0.12590389
0.1270636
0.13350691
0.12468161
0.12398833
0.12079992
0.12055388
0.11581186
0.11327955
0.11080337
0.12065058
0.11798747
0.1208626
0.12253167
0.12214473
0.11089779
0.11326319
0.115558095
0.11486113
0.11599208
0.11992584
0.118756995
0.1194058
0.1253305
0.123210564
0.12697533
0.12615922
0.12601194
0.122650415
0.123004645
0.11229927
0.11539458
0.11373429
0.10872486
0.111286804
0.11397517
0.10916426
0.108006224
0.10954672
0.10868401
0.107204564
0.10995262
0.10297823
0.10427828
0.09746902
0.091388285
0.096998245
0.09532147
0.094982326
0.09166238
0.093604885
0.09456313
0.099511184
0.092978336
0.09099197
0.09485903
0.095454365
0.09405566
0.093405046
0.092063405
0.091786265
0.09226755
0.0893445
0.08632853
0.08811546
0.089530304
0.08924928
0.090433314
0.08883896
0.08948712
0.09281541
0.09342533
0.09561923
0.09247399
0.09349227
0.09709684
0.09917918
0.103945255
0.1027663
0.10205084
0.10544297
0.10649627
0.10558307
0.10366956
0.098523356
0.10230512
0.10324747
0.10515396
0.10300769
0.10209919
0.10399354
0.10628781
0.10443092
0.10118032
0.103617534
0.10143532
0.10207313
0.10142239
0.101599574
0.09992637
0.10040652
0.09634131
0.09942286
0.0986461
0.0999917
0.09636886
0.10046873
0.100558504
0.09802975
0.0955155
0.09653289
0.09113338
0.09406965
0.09130532
0.093063354
0.09213721
0.09152749
0.0890757
0.09182948
0.08914132
0.088527694
0.08469152
0.082095586
0.08553491
0.08637576
0.08667684
0.08698478
0.08688081
0.08768685
0.08848525
0.09254816
0.09316645
0.09262326
0.09449171
0.09391887
0.09792463
0.09833464
0.09864076
0.09980214
0.099781305
0.10333318
0.10344939
0.10227965
0.10392555
0.10552208
0.10304315
0.10453752
0.09902267
0.10527852
0.10131474
0.09865297
0.096249826
0.09328572
0.09260031
0.09486539
0.096834235
0.09191974
0.091418006
0.09176188
0.09410182
0.09561576
0.100622155
0.10396742
0.09822855
0.09674565
0.09924488
0.10351494
0.09971604
0.09849993
0.09736292
0.09320045
0.093433246
0.096429065
0.095571935
0.09396334
0.096100226
0.09494716
0.0968837
0.097525075
0.0999651
0.096599415
0.09901433
0.09911937
0.09822076
0.09918326
0.09974186
0.09536248
0.09732238
0.0952508
0.095313616
0.09536221
0.09729789
0.095915094
0.0957243
0.09401867
0.094461024
0.09397993
0.094567016
0.0959039
0.09233324
0.09064469
0.09180293
0.09015803
0.09179854
0.093007244
0.09159284
0.09145068
0.09195973
0.09253923
0.09266715
0.090979256
0.093086295
0.09073262
0.09074846
0.08992947
0.091772944
0.089560635
0.08604866
0.08559525
0.084973164
0.085979156
0.08194727
0.08314675
0.08596567
0.08589075
0.08326336
0.082661696
0.08291089
0.08432767
0.08454817
0.08558295
0.08417108
0.08711953
0.09048453
0.08815419
0.08708581
0.087036096
0.08920287
0.09103019
0.09112323
0.09050851
0.08998373
0.09409123
0.093772806
0.09166357
0.09123237
0.092063695
0.092661195
0.09167245
0.08816993
0.08730549
0.08928818
0.08898439
0.0877495
0.08733669
0.08570585
0.08744303
0.08614139
0.08571471
0.08485471
0.084577575
0.087927304
0.08730229
0.08717951
0.087945215
0.087228306
0.08563011
0.08544718
0.087168366
0.087737404
0.08801962
0.09024888
0.08730119
0.08723489
0.08759365
0.08589752
0.08858374
0.08987796
0.09054533
0.08867583
0.08898548
0.08967784
0.08829933
0.09008881
0.08745782
0.08562444
0.08599605
0.084307075
0.0830442
0.08293547
0.08055865
0.08015236
0.07692617
0.07400155
0.074483916
0.07442962
0.07478641
0.07639195
0.074978985
0.075502664
0.07385406
0.07564873
0.075760245
0.0765778
0.07656494
0.07809643
0.07902939
0.079673685
0.07783222
0.078326605
0.07994349
0.08042802
0.08194364
0.07874158
0.077854745
0.07794694
0.07687257
0.07482122
0.07634059
0.07547016
0.077065594
0.07875007
0.08022005
0.08033583
0.078844234
0.078927144
0.077266395
0.07878107
0.08089021
0.081256144
0.08373732
0.08489588
0.08495681
0.087613374
0.087760426
0.08387195
0.08191516
0.08221332
0.08076115
0.07969879
0.078942366
0.078953974
0.07866418
0.07734481
0.07547316
0.07669908
0.07515493
0.0750455
0.07264561
0.07065065
0.073102824
0.073193125
0.07458187
0.07558152
0.0777161
0.08026558
0.082259625
0.0825581
0.08263164
0.08288893
0.08231408
0.08224954
0.08219437
0.08413842
0.08631301
0.088866964
0.088214405
0.08961511
0.08911103
0.086573295
0.083334096
0.08142702
0.081925325
0.08292488
0.082158074
0.08097946
0.08310556
0.08212157
0.08220712
0.08413939
0.08283267
0.08160937
0.081520334
0.08195262
0.0822387
0.084840804
0.08627238
0.086848915
0.08704332
0.08524648
0.08618983
0.083973974
0.08488083
0.0822464
0.08077463
0.081088915
0.07708139
0.07757779
0.078561395
0.07774736
0.078323014
0.07665484
0.07587994
0.07598039
0.07590488
0.075608626
0.077151686
0.07630904
0.07459002
0.07518796
0.07495736
0.075442545
0.075311
0.07622365
0.077023804
0.07612824
0.0751157
0.07424381
0.07313284
0.07296249
0.07200905
0.07200598
0.07045827
0.068769164
0.06710888
0.06686304
0.06563496
0.065098315
0.06551321
0.067871764
0.0674404
0.06881616
0.06956694
0.06875413
0.06732604
0.06704615
0.06646108
0.0663937
0.06682864
0.066887096
0.066433236
0.06625787
0.065248445
0.06586176
0.06652503
0.06840685
0.07028491
0.07089244
0.069718026
0.06936894
0.0696592
0.06939163
0.06825172
0.06674433
0.06617736
0.06471124
0.06410867
0.06423528
0.064190045
0.065034635
0.06488429
0.065471515
0.06475132
0.06331843
0.06397684
0.0643058
0.06286803
0.06376858
0.063711524
0.06358191
0.06316374
0.063110836
0.06117066
0.060583346
0.06099719
0.061425827
0.060920734
0.060429342
0.059819244
0.059636578
0.060455404
0.0607732
0.06124086
0.061322298
0.061789464
0.06182564
0.061086327
0.05932166
0.06020335
0.059354648
0.059595928
0.059521854
0.06075664
0.06035244
0.061467182
0.0616783
0.060895737
0.061198927
0.05986674
0.05915876
0.05809086
0.058362037
0.060299966
0.06099206
0.061522957
0.061555434
0.06167149
0.062154476
0.061508495
0.06095441
0.06090381
0.061664965
0.061767004
0.06112126
0.060300898
0.06022639
0.060986433
0.059590116
0.058201674
0.058870368
0.058053862
0.05669955
0.056600157
0.056015212
0.056251347
0.05615403
0.05666538
0.05779626
0.057103254
0.056367975
0.054840937
0.053994328
0.053795584
0.05335148
0.05308486
0.051734436
0.05173297
0.05182499
0.052268665
0.052609526
0.051560767
0.05097302
0.050896432
0.05027991
0.048568312
0.048179273
0.04661922
0.045843873
0.045427464
0.044361982
0.04333914
0.04218518
0.041893225
0.04082498
0.039825767
0.038889468
0.03801067
0.037184585
0.036406934
0.03567391
0.034982093
0.03432842
0.033710122
0.033124715
0.03256993
0.03204372
0.031544227
0.031069746
0.030618735
0.030189771
0.029781558
0.029392902
0.029022709
0.02866997
0.028333755
0.028013205
0.027707528
0.02741599
0.027137911
0.026872661
0.026619652
0.026378345
0.02614823
0.02592884
0.025719738
0.025520513
0.025330788
0.025150206
0.024978442
0.024815183
0.024660146
0.024513062
0.02437368
0.024241772
0.024117116
0.023999514
0.023888778
0.023784734
0.023687221
0.02359609
0.023511201
0.02343243
0.023359658
0.02329278
0.023231696
0.023176322
0.023126576
0.023082389
0.023043696
0.023010444
0.022982586
0.022960084
0.022942906
0.022931028
0.022924434
0.022923118
0.022923118
0.022923118
0.022923118
0.022923118
0.022923118
0.022923118
0.022923118
0.022923118
0.022923118
0.022923118
0.022923118
0.022923118
0.022923118
0.022923118
0.022923118
0.022923118
0.022923118
0.022923118
0.022923118
0.022923118
0.022923118
0.022923118
0.022923118
0.022923118
0.022923118
0.022923118
0.022923118
0.022923118
0.022923118
0.022923118
0.022923118
0.022923118
0.022923118
0.022923118
0.022923118
0.022923118
0.022923118
0.022923118
0.022923118
0.022923118
0.022923118
0.022923118
0.022923118
0.022923118
0.022923118
0.022923118
0.022923118
0.022923118
0.022923118
0.022923118
0.022923118
0.022923118
0.022923118
0.022923118
0.022923118
0.022923118
0.022923118
0.022923118
0.022923118
0.022923118
0.022923118
0.022923118
0.022923118
0.022923118
0.022923118
0.022923118
0.022923118
0.022923118
0.022923118
0.022923118
0.022923118
0.022923118
0.022923118
0.022923118
0.022923118
0.022923118
0.022923118
0.022923118
0.022923118
0.022923118
0.022923118
0.022923118
0.022923118
0.022923118
0.022923118
0.022923118
0.022923118
0.022923118
0.022923118
0.022923118
0.022923118
0.022923118
