578.063
486.05978
206.28632
133.08852
98.0201
77.66285
64.625244
55.46232
48.722973
43.35092
39.09664
35.867558
33.085346
30.63027
28.651295
27.124313
25.630577
24.249954
23.153116
22.158995
21.25282
20.456247
19.671944
19.025211
18.254843
17.632593
16.955826
16.526857
16.018528
15.718243
15.29989
14.929099
14.576755
14.173972
13.881893
13.646908
13.360488
13.16897
12.929688
12.68585
12.546039
12.440583
12.043207
11.850856
11.64735
11.569962
11.3830805
11.215903
11.036487
10.962012
10.869374
10.721371
10.657679
10.461143
10.394075
10.336687
10.233604
10.078802
10.016914
9.903636
9.879224
9.723975
9.68399
9.775678
9.52937
9.489079
9.416363
9.298795
9.206665
9.226645
9.151221
9.280181
8.996652
9.019524
8.840736
8.751746
8.746446
8.641611
8.6400385
8.529956
8.452571
8.418816
8.478792
8.334582
8.288286
8.216565
8.237724
8.263186
8.193708
8.085071
8.0206175
7.987316
8.037588
7.9817805
7.9145503
7.9707947
7.9232264
7.895757
7.851832
7.826057
7.741758
7.7636614
7.718506
7.732172
7.7018905
7.626126
7.563492
7.494321
7.459584
7.423832
7.3840384
7.4159427
7.3014402
7.3445635
7.222346
7.2893543
7.2234216
7.1887655
7.0902123
7.113898
7.0344286
7.0021677
7.0453014
7.0376163
7.0065556
6.9305253
6.9697194
6.9298706
6.8588862
6.862348
6.801433
6.8153124
6.8073626
6.810563
6.7861924
6.796979
6.8142033
6.762887
6.7209086
6.748607
6.718044
6.627679
6.6175494
6.60956
6.596198
6.6004634
6.597457
6.5115433
6.556616
6.520654
6.5428376
6.523427
6.4725657
6.4690204
6.4696546
6.5002174
6.4610267
6.4504743
6.4671383
6.425473
6.467557
6.4078856
6.449922
6.3989315
6.337141
6.256335
6.2706223
6.20642
6.2310195
6.220631
6.2809987
6.209701
6.191587
6.233433
6.166824
6.162171
6.202521
6.1850333
6.1876907
6.1358485
6.115146
6.1261516
6.195269
6.155123
6.1299863
6.065853
6.095219
6.0280204
6.047115
5.9973516
6.000433
5.936236
5.9321704
5.853127
5.879188
5.8775725
5.895139
5.8355694
5.8293324
5.8706546
5.8919635
5.795831
5.840853
5.8212323
5.852519
5.822951
5.778214
5.756858
5.801155
5.7532034
5.7029405
5.7407365
5.701286
5.690795
5.6774583
5.6491804
5.6632905
5.638248
5.6862082
5.6490417
5.693561
5.743615
5.659689
5.6542788
5.6962748
5.6869745
5.671078
5.6467996
5.6177945
5.591355
5.573126
5.5639195
5.5221066
5.536499
5.5347977
5.5434885
5.4853406
5.5438
5.5525713
5.5839124
5.534202
5.591266
5.610078
5.627068
5.5739646
5.6098003
5.579699
5.555185
5.623487
5.561984
5.5520625
5.533378
5.4864755
5.4819016
5.507256
5.5331655
5.5216312
5.501407
5.485615
5.5353293
5.498637
5.5631323
5.5472846
5.573156
5.6044717
5.640607
5.695014
5.6789865
5.633377
5.6315923
5.630371
5.658238
5.635826
5.641803
5.607206
5.6113195
5.567641
5.557744
5.543349
5.5685062
5.594878
5.5926223
5.5719953
5.6136656
5.6576977
5.5698385
5.6504927
5.690561
5.6123443
5.649551
5.6269226
5.6550746
5.6087213
5.5616984
5.6008725
5.583162
5.6523137
5.624574
5.6393723
5.669345
5.6155634
5.65487
5.6507874
5.712784
5.668685
5.7138743
5.676714
5.664685
5.6135354
5.5834804
5.620626
5.6031275
5.627414
5.596708
5.6774554
5.623133
5.605091
5.6408687
5.6395197
5.6416483
5.5916514
5.6397185
5.65548
5.6584144
5.6102686
5.6172028
5.533325
5.55236
5.5886045
5.587801
5.622846
5.62072
5.592094
5.6428933
5.672852
5.64677
5.703245
5.670392
5.6496325
5.617149
5.5885515
5.609814
5.5307546
5.6214814
5.6049347
5.5464015
5.5913267
5.5587354
5.606451
5.5996017
5.5777845
5.5051427
5.540864
5.559452
5.5535684
5.5656424
5.5059233
5.5444965
5.6069164
5.5882883
5.5958085
5.582565
5.5610347
5.6073737
5.5662956
5.570905
5.5610447
5.57246
5.591732
5.5925117
5.5540714
5.580418
5.5468135
5.494348
5.460682
5.480467
5.418499
5.4947124
5.44462
5.4394736
5.404903
5.466257
5.468717
5.4761195
5.4955287
5.478398
5.4504223
5.4992332
5.5401816
5.494209
5.510819
5.4686627
5.4722037
5.512377
5.5089545
5.392394
5.478535
5.4559245
5.4425664
5.355092
5.465378
5.4607806
5.4552097
5.3979506
5.42992
5.3565097
5.4518266
5.3771324
5.439439
5.341614
5.3687654
5.3945227
5.3056226
5.3104978
5.360246
5.3108754
5.296169
5.266529
5.3389773
5.3275437
5.3182836
5.2367563
5.2273474
5.203066
5.172733
5.235363
5.1626496
5.150391
5.1190815
5.1552334
5.1090055
5.0693707
5.0236516
5.0044837
5.0221777
4.98946
5.0684924
5.031656
4.9946485
4.978705
4.978693
4.9337187
4.926442
4.8622003
4.936049
4.978713
4.9966593
4.9389873
4.933477
4.996996
5.01929
4.9883366
4.9631863
4.94464
4.919073
4.929615
4.8682957
4.847994
4.896733
4.8716702
4.8256865
4.9134803
4.8694115
4.85795
4.7899227
4.8108425
4.752044
4.738524
4.740235
4.697465
4.7132087
4.7297654
4.646006
4.67586
4.697974
4.607947
4.638432
4.620862
4.6486917
4.6065025
4.5158153
4.518116
4.4994297
4.4340997
4.4773426
4.465226
4.45765
4.4684896
4.4412007
4.400259
4.42447
4.3879747
4.3379326
4.3440895
4.3704486
4.3654857
4.360432
4.285079
4.2943783
4.312097
4.259285
4.262697
4.2513947
4.240468
4.183056
4.263648
4.283555
4.201013
4.165979
4.177811
4.1272445
4.165187
4.165953
4.120873
4.04191
4.055677
4.061481
4.0592523
4.085684
4.050405
4.0584006
4.060323
4.040337
3.9990182
3.9576774
3.999102
3.972575
3.9775112
3.9804358
3.9706643
3.9710832
3.9384
3.860593
3.8900514
3.8497484
3.8291123
3.7887208
3.8005404
3.8227925
3.797577
3.804216
3.7791698
3.7658846
3.7161753
3.7065718
3.721888
3.7015455
3.6414416
3.6889775
3.6586015
3.596821
3.5699093
3.603297
3.5396874
3.5693047
3.5274408
3.540637
3.5204604
3.5362177
3.5275106
3.518275
3.4976704
3.4896393
3.4645703
3.4862115
3.512252
3.4652505
3.4773707
3.5059788
3.4380617
3.4593685
3.4129388
3.3889453
3.3640301
3.36709
3.3799176
3.3298836
3.3444076
3.3503463
3.3003998
3.3129241
3.350262
3.3171647
3.275155
3.245005
3.272297
3.2580836
3.2368526
3.2255542
3.2208567
3.1744812
3.2206776
3.2245598
3.13488
3.160646
3.1591494
3.1626446
3.192791
3.1669617
3.22595
3.2084208
3.1638699
3.161706
3.1647599
3.1389089
3.1526349
3.1442795
3.1622128
3.1421583
3.0986695
3.1140628
3.05258
3.042321
3.0114915
3.064574
2.9744465
2.9752939
3.002521
2.9714415
2.9587092
2.9600153
2.8982708
2.909023
2.9119766
2.9191966
2.8808713
2.8590899
2.9060638
2.9056656
2.8797965
2.8911316
2.866305
2.8328967
2.8335943
2.8545969
2.8444164
2.8519478
2.8554752
2.8696735
2.8163302
2.7751498
2.797897
2.788075
2.8312001
2.8051448
2.7704144
2.760032
2.7443638
2.7647095
2.7719896
2.7265897
2.713175
2.7418034
2.727614
2.7309573
2.7203891
2.702041
2.7215884
2.7466717
2.7303658
2.7544909
2.6629717
2.7281456
2.6909232
2.6669598
2.594376
2.6530256
2.620097
2.60546
2.607333
2.5546405
2.5370054
2.569694
2.5958903
2.6151633
2.5934026
2.5697505
2.5862892
2.546799
2.5354404
2.586055
2.593425
2.5252461
2.5147212
2.525217
2.507583
2.502369
2.5149176
2.5165849
2.5062125
2.4998941
2.5014083
2.4627347
2.4493318
2.4978106
2.4677858
2.4579706
2.4606829
2.4357548
2.4351273
2.4155338
2.4138372
2.4411018
2.420905
2.4044733
2.4158924
2.4388938
2.3839564
2.4393446
2.4008625
2.398629
2.3650842
2.3535163
2.3306246
2.327382
2.3000908
2.3185701
2.350589
2.322249
2.358061
2.3455303
2.3530343
2.3310845
2.3507695
2.3255432
2.2787125
2.3148205
2.3127906
2.2867713
2.297076
2.2860808
2.339704
2.2943463
2.3372757
2.2460165
2.279908
2.279666
2.2749324
2.2741778
2.2711725
2.2844436
2.2966201
2.2747226
2.2845592
2.2426653
2.2602692
2.2372057
2.2229016
2.2297525
2.192955
2.2442193
2.1734972
2.2174673
2.2179992
2.2036862
2.2042527
2.2156525
2.1658397
2.2103336
2.1801298
2.1493862
2.1634512
2.1500664
2.1498346
2.153709
2.1640549
2.1511483
2.1602662
2.1132553
2.1048234
2.1096737
2.1461787
2.071291
2.0994248
2.0871701
2.0859673
2.09172
2.0237617
2.0498683
2.0187306
1.9689642
2.0296047
2.029604
2.009516
2.0569353
2.0448873
2.019038
2.0354667
2.021225
2.023117
2.0648324
2.0056322
1.9825588
1.9802849
1.936888
1.9502207
1.952452
1.9416543
1.9097159
1.9403147
1.9230105
1.8793176
1.9033924
1.9398395
1.8794273
1.872834
1.8811992
1.9108061
1.9044135
1.9332225
1.889072
1.9127909
1.9069755
1.9193854
1.8939501
1.9050652
1.844988
1.8722643
1.9131281
1.8558894
1.827721
1.8153404
1.8840603
1.8240814
1.8644285
1.8486916
1.8593262
1.8802301
1.8743958
1.8536202
1.8116488
1.863084
1.8487313
1.8136877
1.8402345
1.8402514
1.8613136
1.8076636
1.8680482
1.8166494
1.7931898
1.822471
1.7975835
1.8052408
1.7537637
1.777186
1.7799258
1.8102016
1.7768561
1.7427155
1.7535344
1.7906252
1.7754432
1.7355424
1.7307588
1.7141205
1.759753
1.7591118
1.7204255
1.7245173
1.7416644
1.7446489
1.7216963
1.696174
1.7156862
1.6608884
1.6915163
1.6898277
1.6481253
1.7059474
1.6780208
1.6392547
1.6426228
1.5949944
1.6381133
1.6349337
1.6412693
1.6608007
1.6534384
1.6671163
1.6477562
1.6418753
1.6437356
1.619786
1.6220578
1.6427829
1.6066138
1.6289272
1.6301278
1.6165131
1.630874
1.6174349
1.6440953
1.6566548
1.6269101
1.653538
1.6185447
1.6227732
1.6110235
1.6006835
1.6227919
1.6421796
1.6084864
1.5857732
1.568988
1.5946451
1.5553492
1.5746931
1.5087112
1.520294
1.5381938
1.5179701
1.5217834
1.5331421
1.5552615
1.5064933
1.5312771
1.563197
1.5974951
1.5534579
1.555764
1.5769973
1.5568546
1.5080369
1.5098226
1.5299989
1.5081701
1.5101209
1.4717146
1.5081013
1.5057976
1.5008827
1.4658555
1.4698089
1.463903
1.4503913
1.4666649
1.473356
1.4643385
1.4740489
1.4515902
1.4675593
1.4534986
1.4625376
1.4627758
1.4385885
1.3936931
1.3903654
1.4205453
1.4134083
1.3947731
1.4200633
1.4199097
1.4189324
1.4285266
1.4187063
1.4318902
1.3860478
1.4354216
1.4407861
1.4265666
1.3712056
1.4056013
1.4287946
1.3574703
1.3806506
1.3609635
1.4250325
1.4072524
1.362428
1.3837366
1.4409281
1.4182632
1.4110578
1.3764355
1.3860437
1.4249785
1.4360442
1.3990632
1.4136949
1.3993044
1.3996389
1.3557162
1.3592895
1.3682153
1.348942
1.381665
1.3227422
1.3320738
1.321285
1.3664901
1.3163309
1.3102695
1.3208679
1.3406987
1.3259552
1.3073115
1.3247762
1.3160504
1.3637837
1.3785044
1.3551718
1.337503
1.3161075
1.3121816
1.2996668
1.282989
1.2752873
1.2594583
1.305243
1.2717174
1.2580916
1.2530926
1.2250328
1.252343
1.2268025
1.2216969
1.2269163
1.177396
1.2120636
1.2091672
1.2038082
1.1600667
1.1926434
1.1889372
1.2013439
1.18665
1.197924
1.1992646
1.1759931
1.1520811
1.1684082
1.1776748
1.1476775
1.1741923
1.1614453
1.1680841
1.1480267
1.1217984
1.1408393
1.1711819
1.1873534
1.1593904
1.1527725
1.1931559
1.1655834
1.102168
1.0899696
1.0808538
1.1198591
1.1389613
1.1533507
1.1285311
1.1346142
1.0975118
1.1458199
1.1065725
1.1196359
1.1131529
1.0997558
1.1184326
1.1056958
1.099143
1.1050804
1.1085786
1.1119953
1.1159549
1.117939
1.1225003
1.1044177
1.0887284
1.0914421
1.1184508
1.124011
1.101998
1.1296551
1.1145905
1.1126467
1.1153004
1.0751723
1.0733075
1.0743221
1.0642064
1.0144645
1.0353051
1.0490793
1.0774418
1.0392642
1.0349185
1.043477
1.0239859
1.0213475
1.0045934
1.008272
1.0286102
1.0375422
1.0364481
1.0496163
1.0493635
1.0624682
1.0843482
1.0558813
1.0280169
1.0397879
1.0467926
1.0471363
1.0051719
0.99854565
1.0298072
1.033009
1.010083
1.0265754
0.997656
1.021434
1.0337669
0.98216665
1.0011725
0.9881441
0.9891367
1.0313003
0.9962326
0.9810112
1.0106107
1.0357555
1.0342156
1.0122786
1.032795
1.004121
1.0143152
1.0021392
1.000703
0.991828
0.997432
0.96889216
0.9700881
1.0235767
0.997506
1.0337354
0.9892844
0.9994904
1.0163496
0.97963375
0.96503615
0.9891346
0.982777
1.0170367
0.96483177
0.9672861
0.9631178
0.96889997
0.95282674
0.9255502
0.93347996
0.94990337
0.92338914
0.9348357
0.9591029
0.93782985
0.9889599
0.94338787
0.93285227
0.9534092
0.9120329
0.96406263
0.9183868
0.9272106
0.92911327
0.95777684
0.9509243
0.9509359
0.95277226
0.97189116
0.90701765
0.9351219
0.95020676
0.9249654
0.922935
0.91296804
0.93160933
0.89901537
0.8868379
0.8995189
0.8652177
0.89639825
0.9234281
0.86488336
0.87327063
0.8814336
0.86990905
0.89326507
0.88502765
0.88468933
0.8825664
0.9159762
0.9000562
0.9749758
0.8839214
0.8612104
0.8831103
0.891136
0.88906246
0.89800954
0.88753814
0.8977927
0.8767627
0.8824172
0.94694716
0.89567554
0.847139
0.85458463
0.86629444
0.8668981
0.8721269
0.8426522
0.8838114
0.8837256
0.8586309
0.8756084
0.85407466
0.8458569
0.84425354
0.8884346
0.8710095
0.84455323
0.8662584
0.8663486
0.84490544
0.8433834
0.8436611
0.835421
0.86593014
0.82946014
0.86515254
0.85271525
0.8645127
0.86417913
0.8740442
0.86288744
0.8582638
0.84612405
0.88831204
0.8449258
0.85474515
0.82684886
0.8064308
0.8135015
0.84111184
0.7970198
0.8228963
0.81224
0.80746055
0.80748445
0.8570886
0.84543496
0.8353127
0.8345984
0.8212385
0.84967035
0.8642991
0.8906906
0.86719227
0.86217433
0.8772294
0.87330997
0.8775436
0.88283813
0.88759685
0.8262433
0.8218518
0.8123021
0.8204388
0.8340535
0.8529771
0.81122714
0.8105274
0.810381
0.79017305
0.77991486
0.7828314
0.7863703
0.77579385
0.7444522
0.7717182
0.7621927
0.77647775
0.7754702
0.7627979
0.7659732
0.78444487
0.7605399
0.75794953
0.73887974
0.75857145
0.7487128
0.72872406
0.75563765
0.755686
0.75629693
0.73566496
0.7582762
0.7793907
0.776994
0.7730545
0.72738653
0.7478557
0.7530438
0.74158096
0.7597811
0.73353624
0.7808205
0.72286683
0.72097206
0.7185295
0.6952518
0.7070285
0.684856
0.6874882
0.69680196
0.712765
0.70793676
0.73977566
0.744744
0.7029988
0.7428107
0.69790274
0.7341352
0.6984885
0.6832668
0.6767009
0.72404873
0.693151
0.7216204
0.7188037
0.681718
0.6993243
0.6953889
0.69607407
0.70704275
0.7016574
0.6834557
0.7303958
0.7126772
0.718176
0.7277157
0.6817419
0.7033357
0.7017953
0.7046432
0.6916357
0.69638026
0.68569565
0.67574435
0.67988217
0.685062
0.67172146
0.6644155
0.660191
0.65243375
0.67673975
0.6742104
0.6876324
0.6984525
0.67049634
0.6806185
0.6426547
0.6672785
0.6677961
0.6573188
0.67060244
0.66103
0.650471
0.64542395
0.6699236
0.64451176
0.6582897
0.64601964
0.62672627
0.6327431
0.64459246
0.66301733
0.66171557
0.6549064
0.6483998
0.6617326
0.67083085
0.6637014
0.65361243
0.6468499
0.67537856
0.65892124
0.6590113
0.66314733
0.63486004
0.64879346
0.6552157
0.65113884
0.64151907
0.6408129
0.6419602
0.6462236
0.65985477
0.65364796
0.65436256
0.6493585
0.64420474
0.63945794
0.6494015
0.658221
0.6509204
0.65015864
0.6578459
0.6349142
0.6382243
0.6598881
0.6238611
0.6358645
0.6407531
0.6048056
0.62100744
0.6288625
0.64329064
0.6207256
0.639612
0.6178674
0.60000825
0.61562383
0.6176664
0.6296519
0.61953956
0.6293661
0.6320814
0.61373055
0.6410221
0.6613093
0.6323641
0.6449002
0.6134578
0.6346664
0.61329633
0.6054646
0.623761
0.6203221
0.6375765
0.61530817
0.6196995
0.6369296
0.61581177
0.6398936
0.60203916
0.5774898
0.6071333
0.56712085
0.5900112
0.6077898
0.5929804
0.6105477
0.5653711
0.62314093
0.5846384
0.58417976
0.5898709
0.5986939
0.58127093
0.5942531
0.6225209
0.6040988
0.5806144
0.5946979
0.5930435
0.62240535
0.5918145
0.61056554
0.609272
0.5969687
0.59984326
0.5927292
0.6132687
0.6182328
0.6317337
0.6134871
0.6328673
0.5914214
0.6111426
0.6048876
0.61448306
0.6339143
0.60034114
0.63097405
0.6086612
0.6044751
0.6094364
0.5654692
0.6032024
0.5897382
0.59447646
0.60377324
0.5982283
0.5834113
0.60641104
0.5797576
0.5641921
0.5851178
0.60455567
0.58676285
0.5948693
0.56918555
0.6017188
0.5964554
0.5814315
0.58373815
0.59141964
0.58676434
0.6023653
0.5967515
0.5985841
0.60417736
0.57892257
0.6080102
0.5811368
0.61233306
0.5663197
0.5926564
0.6422048
0.6097479
0.5731202
0.57866895
0.5787524
0.57829475
0.5754499
0.57883286
0.579234
0.5773307
0.57556236
0.5876386
0.56061375
0.5715996
0.55443627
0.57094836
0.54440796
0.5631585
0.5752866
0.5815302
0.55496955
0.56906164
0.5750947
0.56242937
0.5844747
0.59346026
0.604761
0.5488802
0.5962228
0.6046562
0.566533
0.5655757
0.5648552
0.5478848
0.56365955
0.56043327
0.55317074
0.5425196
0.54776484
0.5539857
0.52784437
0.5338651
0.5363623
0.55879813
0.52432036
0.55598885
0.5776048
0.54803735
0.5671979
0.59477806
0.58260083
0.5710847
0.57200277
0.5622413
0.5932347
0.5042367
0.5275639
0.56130713
0.5461208
0.5536875
0.56175274
0.56346613
0.54814094
0.55624133
0.5419118
0.5418031
0.5398542
0.54151577
0.5528644
0.5613246
0.54329985
0.5633462
0.5354825
0.56239253
0.55701643
0.56097454
0.5154605
0.54130125
0.5718572
0.5494089
0.5535937
0.5654815
0.54201585
0.5280148
0.5671974
0.5679484
0.54657894
0.57686627
0.5383617
0.55547106
0.5640807
0.5563211
0.5334999
0.57692224
0.5653002
0.5627998
0.5500242
0.5604748
0.577305
0.5618622
0.53642064
0.54586524
0.55193615
0.5461589
0.53435
0.5227257
0.5745825
0.56050843
0.5390294
0.5504039
0.5400925
0.5462364
0.5393833
0.5353154
0.55022204
0.54792273
0.539848
0.5319963
0.5457582
0.528067
0.53399193
0.535533
0.53942484
0.5383184
0.5346698
0.55293274
0.56755567
0.561848
0.5409941
0.5470078
0.54596776
0.57490575
0.5402572
0.52857906
0.5718192
0.5653958
0.5574634
0.5245831
0.53140944
0.56081164
0.54588604
0.57439476
0.5475533
0.5530086
0.56155777
0.5795064
0.56726646
0.5547168
0.5506686
0.5533848
0.555862
0.54490095
0.5634477
0.56699175
0.575951
0.58411884
0.58759916
0.5425112
0.5640054
0.5785843
0.559762
0.55956984
0.56410897
0.5568261
0.5895581
0.5738938
0.57276523
0.56709546
0.5651065
0.5408185
0.57085323
0.53310215
0.53553975
0.5555447
0.5360573
0.5433942
0.5412757
0.5269334
0.54144824
0.52991617
0.5596116
0.53369194
0.55667794
0.51465666
0.57049686
0.56346196
0.5554208
0.54946464
0.53900474
0.5526141
0.5286923
0.54600006
0.5342045
0.54137665
0.5469678
0.5473668
0.5334565
0.53594923
0.54099435
0.50888574
0.5459501
0.561216
0.5349783
0.5100448
0.52093434
0.538266
0.5350283
0.5159934
0.5356532
0.53992015
0.53142244
0.53069955
0.5393414
0.5187368
0.54484195
0.5630076
0.5261306
0.5473001
0.5375335
0.53954273
0.54169846
0.5422759
0.550085
0.56418955
0.5844438
0.5741838
0.56899875
0.5539164
0.55888665
0.5491067
0.5509919
0.5538815
0.56860954
0.5819907
0.5835664
0.58111936
0.5269844
0.53591955
0.57350355
0.56927097
0.5720266
0.5374118
0.5976231
0.5254121
0.5429755
0.55740273
0.5374179
0.5441437
0.5678515
0.5682847
0.5455818
0.57993364
0.53590006
0.5449093
0.54287314
0.55775046
0.56381166
0.55288464
0.55795634
0.57077485
0.5525595
0.55343866
0.5337468
0.55501086
0.51733553
0.5429896
0.52974325
0.5042493
0.53029823
0.5403671
0.524773
0.5464451
0.542901
0.533844
0.5192525
0.53608316
0.50446516
0.5351217
0.55728143
0.5179848
0.53604215
0.49553254
0.5059918
0.5306871
0.537079
0.52613467
0.5624204
0.540582
0.51613754
0.51962817
0.5280964
0.51322645
0.5283782
0.5187359
0.54545546
0.5331782
0.5153853
0.5264909
0.5013032
0.50908816
0.5022587
0.50128376
0.5232493
0.5326475
0.49902394
0.5130072
0.5025917
0.5280121
0.48985997
0.49591976
0.5082824
0.4858674
0.4868495
0.5049587
0.49947804
0.49755374
0.5478205
0.51340306
0.50557
0.49196488
0.5163645
0.51458496
0.5081916
0.50006294
0.52357805
0.51942056
0.4805217
0.49200168
0.4845389
0.49886343
0.49009517
0.48628893
0.49706572
0.47519305
0.49383512
0.4805447
0.46825498
0.47668695
0.49362266
0.4845202
0.4940192
0.46459225
0.45999467
0.49833348
0.49297905
0.50158316
0.4961148
0.47263336
0.4876424
0.49661684
0.52627987
0.4845782
0.4993581
0.48622862
0.4971182
0.4866403
0.5168172
0.4859997
0.5038463
0.4937909
0.4895093
0.47870007
0.47903642
0.49332184
0.47226512
0.49001223
0.48716182
0.48268947
0.48595595
0.4802831
0.48899367
0.5018938
0.5043626
0.47897065
0.4965273
0.48574406
0.50269955
0.48660785
0.47928622
0.47928408
0.4829298
0.51627105
0.50801057
0.49302644
0.49507937
0.5077248
0.48634717
0.5000925
0.5023336
0.51432645
0.50990814
0.52101606
0.5025718
0.50873077
0.4905038
0.48340663
0.46362597
0.4693624
0.49147198
0.50002664
0.49123773
0.50713426
0.49725893
0.51754564
0.51168364
0.5119618
0.51689976
0.49648347
0.5080425
0.5040045
0.51067126
0.53244007
0.50037855
0.5242115
0.51747364
0.49501088
0.5001276
0.49757177
0.49790773
0.5126854
0.51141757
0.4899604
0.50523704
0.5227457
0.5118813
0.5152223
0.51591086
0.49570045
0.52641076
0.5412802
0.5212343
0.5048543
0.5234832
0.51864815
0.50466067
0.4655813
0.47439784
0.50323975
0.48667035
0.49814367
0.507622
0.52087647
0.4919155
0.4938742
0.5127335
0.5279402
0.501386
0.49730197
0.47452986
0.48573342
0.5040433
0.49961063
0.48251137
0.48406264
0.46371397
0.4570152
0.49822095
0.50018454
0.4595113
0.4933926
0.44684035
0.48724398
0.4665683
0.4753775
0.50152576
0.48321873
0.49438778
0.4957672
0.46950436
0.5113896
0.49236047
0.52849615
0.48778647
0.48655695
0.4727453
0.46775687
0.47550943
0.47161976
0.46307734
0.48984927
0.49613932
0.48821712
0.4802407
0.48847649
0.5096489
0.4768559
0.5288685
0.50659066
0.5049432
0.5588987
0.49784946
0.5125217
0.504621
0.49820015
0.4836413
0.47483203
0.5040224
0.48441723
0.51190025
0.50810546
0.5079904
0.5017847
0.49312675
0.49271494
0.5395216
0.47886598
0.4870597
0.4690327
0.47912085
0.4780821
0.4940909
0.49722138
0.4986929
0.5282852
0.51473844
0.50086117
0.509331
0.5107201
0.49550956
0.5127296
0.5012788
0.5069116
0.47558725
0.5025713
0.4856431
0.4828157
0.51103413
0.4963158
0.50578904
0.5101917
0.5057676
0.47952667
0.48214692
0.5271446
0.50581336
0.5235506
0.50545746
0.51044095
0.48568642
0.54121864
0.500711
0.5058303
0.5105055
0.45767716
0.50189674
0.49007654
0.502206
0.49827382
0.4936575
0.50563645
0.5138777
0.51310813
0.5025328
0.52383024
0.49143457
0.5068024
0.5253028
0.5096782
0.52809477
0.50948274
0.521797
0.50191355
0.5189404
0.4873361
0.52180976
0.49516055
0.50488526
0.51050055
0.54756397
0.51976585
0.5294222
0.51555353
0.540488
0.5131051
0.51980054
0.50344455
0.4840438
0.5150401
0.49659
0.5104767
0.48044354
0.50877446
0.5360491
0.5354573
0.5226306
0.5357881
0.53570634
0.53968585
0.5514904
0.5390151
0.5233347
0.56443095
0.5467324
0.52787435
0.54313564
0.5311876
0.5059322
0.52448577
0.54821587
0.52165943
0.50585055
0.5000889
0.5380669
0.49739233
0.5369669
0.48437098
0.49634096
0.5220001
0.5192248
0.49367428
0.5677016
0.5172347
0.50946885
0.5385407
0.53072244
0.5370701
0.54130954
0.520612
0.4982352
0.5414338
0.50791675
0.50678223
0.5387569
0.52732676
0.4949993
0.52626646
0.51992404
0.526326
0.508987
0.50614876
0.5804718
0.53657985
0.53391963
0.5034437
0.5001187
0.53062624
0.50793105
0.49276325
0.5111406
0.5048162
0.52007866
0.5241485
0.55719393
0.53626996
0.561425
0.5315567
0.54300255
0.53246176
0.52266663
0.53051144
0.5016869
0.5348502
0.563577
0.53885126
0.565399
0.5571459
0.56193674
0.5412778
0.57842845
0.5462013
0.54781103
0.52803457
0.53018373
0.5272169
0.52924705
0.52605593
0.5410569
0.53067386
0.5188066
0.5220371
0.54508257
0.53690535
0.51418674
0.55871016
0.5229405
0.5141105
0.519892
0.51066375
0.5196156
0.5004875
0.4853272
0.5289877
0.5188748
0.57059896
0.51695293
0.54173386
0.56046265
0.53630775
0.5307911
0.55296373
0.51733714
0.4966297
0.5248581
0.5559872
0.51680726
0.5618577
0.5355619
0.50816315
0.5028801
0.53286165
0.5306401
0.5392873
0.54012525
0.51996547
0.51518863
0.5262517
0.49496117
0.5285704
0.5948092
0.50414276
0.5442839
0.5150602
0.5346628
0.5252648
0.5666407
0.51356554
0.560968
0.5444823
0.54488784
0.53613615
0.4989796
0.5193794
0.5364916
0.5139048
0.48907265
0.50873274
0.49670404
0.5089721
0.48074988
0.53461736
0.48847514
0.49675715
0.50501364
0.49147412
0.5122755
0.49608156
0.4957546
0.51996386
0.5102212
0.54072475
0.5573851
0.50859535
0.54130226
0.54401547
0.49503657
0.51314294
0.5360241
0.54941094
0.56606466
0.5287361
0.5388779
0.51941496
0.57532203
0.54554623
0.55182695
0.5320197
0.52567095
0.51748735
0.5269509
0.51615894
0.5122445
0.5043098
0.49717385
0.51858747
0.5411503
0.54291195
0.5459165
0.5331897
0.5469369
0.5712341
0.52993023
0.55239683
0.5959803
0.6043187
0.5473203
0.5579417
0.5747844
0.5833095
0.567716
0.5823226
0.57418144
0.5954087
0.5963994
0.59732705
0.57158214
0.57205576
0.5534836
0.548628
0.5440435
0.5398096
0.577547
0.54729325
0.5275012
0.5779082
0.5589931
0.57653224
0.573154
0.53686255
0.51239043
0.5609304
0.5680291
0.52942073
0.53303736
0.5877599
0.5634111
0.5023013
0.56090736
0.6023071
0.535503
0.5940787
0.57734233
0.58095956
0.5924079
0.58991224
0.5914189
0.57710016
0.5894613
0.57505226
0.57925576
0.5517297
0.58944786
0.5936037
0.5829
0.5955471
0.6414181
0.5731242
0.599184
0.60170245
0.5764534
0.62142265
0.6263242
0.58079296
0.6046248
0.5915794
0.5695272
0.5906291
0.60354406
0.6272825
0.5957588
0.6353612
0.6363149
0.6058406
0.62988657
0.65045965
0.6070592
0.625958
0.6251478
0.6367488
0.61233467
0.6287468
0.63295114
0.6214557
0.633213
0.6068395
0.5960176
0.632507
0.59861165
0.66038215
0.61507326
0.5873368
0.60103357
0.56281555
0.5826543
0.5983312
0.58000165
0.58705944
0.6127108
0.5879896
0.61288893
0.59428465
0.6071527
0.5742408
0.5886525
0.5644474
0.61601603
0.5766729
0.5829066
0.5521029
0.5929224
0.55676717
0.59327346
0.59845793
0.5826117
0.5919692
0.5883191
0.5838546
0.58276623
0.5720569
0.5732206
0.5673221
0.60602385
0.616083
0.60847616
0.6118035
0.56228465
0.5733367
0.5858799
0.5935065
0.54224813
0.5754087
0.5974891
0.6130417
0.60459375
0.5904882
0.6169979
0.61077005
0.5740547
0.5983512
0.56510234
0.6084632
0.6000179
0.58408904
0.58606637
0.65529776
0.5513249
0.62224114
0.60269606
0.5772829
0.614173
0.6347925
0.62838453
0.58420116
0.6548274
0.6184688
0.6412164
0.6277038
0.6594561
0.62017846
0.63374597
0.6223561
0.634079
0.6041578
0.6110167
0.67798483
0.65646416
0.6450005
0.65227175
0.61024797
0.61509836
0.6189688
0.5770636
0.62404007
0.6336781
0.59828496
0.60653216
0.60155636
0.62203914
0.59718883
0.6073915
0.6633156
0.59094614
0.6474463
0.60591334
0.56736565
0.6254602
0.6823408
0.6382039
0.593643
0.62427825
0.5953428
0.57503664
0.5885618
0.5867654
0.6152385
0.59943426
0.6411789
0.61958134
0.60050595
0.62224174
0.67158425
0.6267706
0.64556336
0.6175793
0.6053817
0.6304206
0.5830887
0.56374454
0.60317075
0.6234121
0.6325266
0.6102673
0.5982561
0.5989264
0.5967121
0.61319524
0.63181067
0.60860133
0.58825946
0.604973
0.5797533
0.62332535
0.62485766
0.65986973
0.63464695
0.6115657
0.6496723
0.6038421
0.60519904
0.6322122
0.6397923
0.641848
0.6522715
0.58961236
0.6419396
0.58832735
0.64900815
0.63190985
0.59274125
0.5721047
0.59982884
0.6360827
0.5899252
0.61024696
0.5918121
0.58698833
0.54665166
0.584135
0.59456676
0.5726087
0.61929077
0.52345145
0.5685057
0.55668
0.54792076
0.5737085
0.54986477
0.6010409
0.5941652
0.59206367
0.5775014
0.6131595
0.5657986
0.64388853
0.63870555
0.6007084
0.6140886
0.5680114
0.5830827
0.6031293
0.6192975
0.62846255
0.6230263
0.6288011
0.6282115
0.600559
0.615889
0.5922135
0.6071552
0.6172544
0.60280997
0.64358705
0.6095986
0.6463969
0.6486745
0.6510312
0.6062775
0.6260206
0.6205248
0.6438848
0.66391915
0.64587533
0.63849175
0.61797464
0.63083243
0.65518284
0.6714191
0.6515735
0.6601557
0.70895743
0.6800323
0.6697053
0.6750783
0.65045965
0.6156194
0.6263403
0.6346297
0.6239353
0.60618794
0.5943092
0.6307342
0.6223115
0.67776287
0.6349196
0.69141006
0.65958524
0.6599031
0.6532818
0.63584346
0.62488186
0.6413362
0.65936244
0.6293573
0.66978484
0.6682744
0.68581986
0.67618823
0.58783644
0.64995617
0.64719796
0.63116354
0.64987075
0.65986395
0.72173935
0.6648839
0.6604823
0.6846993
0.6881434
0.72069144
0.65159565
0.7116271
0.63130325
0.68903375
0.6650565
0.68730956
0.67432666
0.67341965
0.6486218
0.6676407
0.6656979
0.6596312
0.63948834
0.76122993
0.6742432
0.6586754
0.646896
0.64717346
0.6202708
0.6287525
0.61905724
0.63439167
0.624656
0.6750043
0.67327154
0.65191907
0.69915074
0.6730041
0.64994013
0.6251505
0.5909975
0.5988932
0.6254092
0.673543
0.61600137
0.6794187
0.60026276
0.67771065
0.62945366
0.63989645
0.66735756
0.62707996
0.6226474
0.6585253
0.68611586
0.6467332
0.63668674
0.68057173
0.66706175
0.59608305
0.6241676
0.6566849
0.67387354
0.6448282
0.6542657
0.66180307
0.70266044
0.68710357
0.67612576
0.640336
0.622349
0.64570355
0.6102986
0.6313626
0.65275484
0.72459555
0.7148613
0.71164554
0.67649513
0.65036595
0.62811846
0.6383636
0.65411216
0.62941724
0.63460076
0.7486188
0.6624479
0.6614398
0.65758973
0.6843549
0.6406214
0.62825245
0.67682475
0.72075224
0.67771864
0.707343
0.69789207
0.6732881
0.7511415
0.6659096
0.6476424
0.66422683
0.6878752
0.6102847
0.7213027
0.6908297
0.64104265
0.62482864
0.69436175
0.6809125
0.63576514
0.62899053
0.64580554
0.67976296
0.658067
0.60180515
0.65033287
0.6662185
0.63554627
0.63341105
0.6608167
0.6503449
0.60923904
0.62905514
0.68784827
0.68958837
0.6489828
0.66251165
0.6719422
0.65236884
0.6572496
0.6314943
0.6780591
0.646773
0.70339453
0.6271778
0.6677567
0.70601094
0.72716665
0.6243432
0.72065604
0.67129654
0.68679404
0.6602704
0.6850412
0.7119095
0.60660547
0.66107935
0.64620686
0.65384793
0.64005566
0.64889437
0.6928616
0.67651695
0.6175233
0.63279057
0.62880737
0.6427661
0.6714061
0.6635464
0.66703796
0.6932822
0.7256729
0.71081877
0.7149499
0.6477528
0.72437215
0.69466245
0.7590258
0.7060869
0.66835403
0.7116752
0.70763123
0.6348787
0.7146208
0.64755046
0.6800151
0.68892664
0.6550688
0.6666432
0.6840326
0.6738027
0.69126964
0.6900351
0.7000731
0.68685216
0.65832746
0.71855706
0.69364405
0.75708556
0.7067292
0.68431085
0.70965624
0.7008592
0.6532367
0.74478173
0.6870505
0.73492074
0.72347796
0.74343526
0.67995834
0.7062537
0.72450846
0.6727525
0.71630657
0.66509604
0.7268195
0.7147277
0.74618405
0.7296211
0.731354
0.69954437
0.7259063
0.78145283
0.7056496
0.76691353
0.6989471
0.7054431
0.7406292
0.702088
0.68659616
0.70899755
0.70268685
0.728624
0.65609765
0.6882729
0.71001184
0.7609885
0.67274433
0.68921185
0.64095986
0.699671
0.6427526
0.6828208
0.66809416
0.7395705
0.7270327
0.64556324
0.63188696
0.6623768
0.6886419
0.62332696
0.67073613
0.7148872
0.63009715
0.6672459
0.6256072
0.6921912
0.68227977
0.6790085
0.7024783
0.72675174
0.6525215
0.72360975
0.72928375
0.6899658
0.72262293
0.7764847
0.7101604
0.7202077
0.7517742
0.7020843
0.6684414
0.75510544
0.73058856
0.7104983
0.7488759
0.78008693
0.73779315
0.7047
0.68433785
0.7626636
0.7700256
0.7058976
0.7460603
0.78107065
0.7862584
0.8354177
0.7767277
0.8006852
0.8033865
0.8619537
0.7605607
0.8343806
0.8184688
0.8579839
0.8658846
0.8228537
0.8479559
0.8079705
0.7620554
0.7571584
0.78803927
0.7911687
0.83971286
0.67165244
0.72392917
0.72112113
0.702427
0.79015636
0.74497586
0.8358837
0.664688
0.6677717
0.66971815
0.7762147
0.68536717
0.6476357
0.68193805
0.74462754
0.75795096
0.67294943
0.68070865
0.65035254
0.7136284
0.68355566
0.69355434
0.7595379
0.77441454
0.68915707
0.6897883
0.7249683
0.7134547
0.71199185
0.65103626
0.6910259
0.67981136
0.71032953
0.69246167
0.8333487
0.69935876
0.6691773
0.71050274
0.7227364
0.69880277
0.65788054
0.71005505
0.61645496
0.71723354
0.67737037
0.6918392
0.6618867
0.64848703
0.66741353
0.71998364
0.73774904
0.68830514
0.7470929
0.7539727
0.66788936
0.6687232
0.75192004
0.69719857
0.71490175
0.715288
0.7029224
0.80809146
0.7002596
0.7866992
0.70901316
0.80686927
0.7574494
0.7371477
0.66842526
0.6316179
0.7469162
0.67281044
0.68918246
0.7405584
0.7372581
0.67435384
0.70446616
0.8640913
0.6783928
0.6610641
0.58317256
0.692436
0.61937064
0.71821624
0.73574555
0.71744424
0.68386626
0.6778064
0.6969988
0.65364367
0.725076
0.594566
0.7019983
0.6465798
0.6594562
0.7097856
0.6342566
0.6734892
0.6585792
0.71001333
0.7348661
0.6688273
0.7138835
0.70989287
0.7029366
0.67255926
0.6758687
0.7571634
0.74797153
0.717429
0.73167527
0.7019225
0.6943362
0.71217686
0.6968372
0.78162813
0.70420915
0.67332786
0.6842915
0.7389988
0.74731976
0.7168067
0.7815516
0.7377473
0.76454616
0.7488233
0.7370861
0.721859
0.6932942
0.7065926
0.6903605
0.76835364
0.7132795
0.68383086
0.7467815
0.7309396
0.70972407
0.6928474
0.67602855
0.70249265
0.7540513
0.77921724
0.69038016
0.7384726
0.6891918
0.74691427
0.6943383
0.7281603
0.70886546
0.7213722
0.68832463
0.76000005
0.7373665
0.76057607
0.8005109
0.7464823
0.7477795
0.711551
0.75544953
0.84275013
0.7729268
0.7377731
0.7307054
0.779425
0.82132405
0.7670054
0.88538605
0.81806177
0.79726464
0.7664443
0.8061475
0.7535875
0.8235762
0.71944815
0.7915045
0.7612931
0.79981375
0.74406296
0.74917597
0.8166046
0.82332295
0.8338067
0.79868007
0.8566396
0.83542514
0.83830494
0.8349943
0.8751196
0.75861526
0.8076991
0.86027163
0.82124645
0.74839556
0.82665443
0.7217845
0.8148284
0.7833418
0.79944813
0.8434024
0.7629494
0.81072325
0.76593816
0.73796725
0.7763991
0.7985577
0.70585334
0.76316375
0.83848125
0.8601785
0.8488129
0.82710105
0.8592374
0.7648532
0.77429074
0.7918048
0.8346841
0.75552636
0.72913605
0.85326666
0.7917962
0.7517287
0.71170264
0.7400845
0.675648
0.7334889
0.6463794
0.71393263
0.7036593
0.7169861
0.692234
0.65583843
0.72438294
0.69614017
0.8135885
0.76465523
0.76164806
0.7625051
0.78997225
0.7137267
0.7237407
0.7300638
0.73781663
0.7433326
0.77193344
0.7320901
0.74656236
0.7647878
0.72322637
0.7711766
0.76575994
0.8341902
0.769997
0.8071319
0.7654611
0.7398773
0.7214492
0.73533064
0.7241329
0.75942236
0.6854833
0.73159945
0.8034712
0.8608293
0.7781128
0.8426539
0.9241668
0.81315154
0.85882074
0.72061974
0.8110756
0.801111
0.76253265
0.9479516
0.87090856
0.8854889
0.88897574
0.8704662
0.89336413
0.7922837
0.8535179
0.84447664
0.91596353
0.86445624
0.91359484
0.79290867
0.85505635
0.83327836
0.8581167
0.7927274
0.9257377
0.8469421
0.8719084
0.9034357
0.90533227
0.8254348
1.0053581
0.8539889
0.9261356
0.86635375
0.8603928
0.8581403
0.8386332
0.8852122
0.9862645
0.96175957
0.8093111
0.8913964
0.8814487
0.8463694
0.8374938
0.8778684
0.84022266
0.83379334
0.9491782
0.9454357
0.9333931
0.90914494
0.92970353
0.84726447
0.94874597
0.9192708
0.9561883
1.0202321
0.98747104
0.8988138
1.018881
0.95271885
0.91391695
1.086339
1.051315
1.0167031
1.0123146
0.90963805
0.9700775
0.99617934
0.89224255
0.9407818
1.0013856
0.91836774
0.92369175
0.87474024
0.8571546
0.79157805
0.90011567
0.9215342
0.91517466
0.9893852
0.97994107
0.9462066
1.0002816
1.0123826
1.1122322
0.90208524
0.97699463
0.8828485
0.9051243
0.921329
0.926825
0.91528076
0.9935332
0.95856166
0.9709839
1.0228642
0.98977286
0.920674
0.97403485
0.894147
0.8966738
0.924492
1.0216327
0.9826654
1.0574743
0.98096246
0.953347
0.9226309
0.969053
1.1163911
0.99044037
1.0575958
1.0420632
1.099544
1.0681452
1.1008223
0.9121883
1.0555528
1.0047148
1.0778052
1.0120435
0.99125427
0.95901537
1.0077088
1.0210248
0.9343645
0.9598389
0.9821398
0.94538325
0.98622286
1.1144994
1.1409566
1.0580535
1.0903176
1.0838093
1.0171409
1.0041815
1.021365
0.9779475
0.97308004
1.0683407
1.0768379
0.9877572
1.0646275
1.0217866
0.9804443
0.96831036
0.98831326
0.97942096
0.9026125
0.99747837
1.0112844
1.090086
1.0621128
0.95517325
0.9944192
1.009942
0.9893797
1.0412571
0.92483497
1.046497
1.1215247
1.036736
1.0545744
0.9602328
1.0473888
0.9927
0.99739945
1.0166359
1.006122
0.9422559
0.9377298
1.1177361
1.0546432
0.96929365
0.949479
1.0755545
1.074999
0.9973086
1.0906155
1.0267053
0.9797073
1.0913411
1.1064932
1.0073484
1.024
1.031396
0.98914295
1.1156963
0.93567353
0.9309315
1.02565
0.96790135
0.9559136
1.0465978
0.92674327
0.9902817
0.90409523
0.8454515
0.8895252
0.84126043
0.9219927
1.0173985
0.93899196
0.8958958
1.0556134
1.0061398
0.9477259
0.9603151
0.91895586
1.0478635
0.988573
1.030653
0.9415202
1.0936699
1.1443197
1.1552601
0.99510324
1.1703393
1.0197086
1.100065
1.1684842
1.0979236
1.1175094
1.0875745
1.0566257
1.0377958
1.0756584
1.0474682
0.9953751
1.1425885
1.1049165
1.0393898
1.1029963
1.063921
0.9730002
1.0995859
1.1356308
1.1920317
1.0730779
1.0035325
1.0937135
0.9933992
1.1589088
1.0569191
1.0917267
1.0488526
1.0360327
1.0531543
0.99004513
0.9448338
1.0808251
1.145327
1.049598
1.11092
1.1894603
1.1933409
1.1022172
1.0458292
1.0340647
0.96788025
1.1504519
1.0437497
1.2297372
1.1926863
1.2016441
1.122742
1.1969647
1.1464319
1.0950592
1.1030807
1.1793786
1.2544227
1.1703532
1.2931617
1.2223442
1.193117
1.1586862
1.1147375
0.9428637
0.98291737
1.1381291
1.1405003
0.9792247
0.95278937
1.2260444
1.172007
1.1499274
1.2745787
1.1820349
1.0530429
1.0115634
1.0410686
1.2204359
1.1105031
1.2435851
1.2399985
1.0317235
1.1643462
1.2182192
1.0480503
1.2308111
1.2230718
1.1792344
1.2388805
1.1249969
1.2630175
1.0908592
1.1123419
1.1195477
1.2434607
1.1597368
1.1435192
1.0713899
1.2033474
1.1360772
1.1840175
1.1703091
1.1347233
1.1618983
1.097367
1.0227672
1.1590149
1.0947913
1.3264024
1.1669966
1.2801164
1.1954021
1.2515119
1.26336
1.1427226
1.1164253
1.2413226
1.1745027
1.1033077
1.1220741
1.2367837
1.2046895
1.1680781
1.2938503
1.2584738
1.283473
1.1692424
1.2012295
1.0845641
1.1739515
1.2531968
1.1027981
1.1510015
1.1051022
1.1046166
1.10588
1.0540257
1.1245608
1.0670646
1.104795
1.1000721
1.1061281
1.0728458
1.1407307
1.0656916
1.0676441
1.147196
1.0957164
1.0429021
1.0420558
1.0521398
1.1326329
1.1260298
1.1790657
1.134823
1.0993695
1.1303151
1.2281995
1.2626413
1.2785358
1.1611203
1.2282017
1.1841685
1.1884699
1.264133
1.2837081
1.1905197
1.1881533
1.2202588
1.3365595
1.1973604
1.277374
1.3694538
1.3204821
1.3050593
1.3882438
1.306401
1.3327285
1.2070838
1.1912696
1.2862382
1.287209
1.3596839
1.5074012
1.415777
1.5137291
1.3366216
1.3273715
1.2891977
1.3324304
1.4161801
1.2758328
1.4058555
1.5585786
1.5864862
1.3201908
1.3331264
1.3310733
1.4869459
1.3492105
1.3068509
1.4957557
1.3532785
1.3228405
1.3831564
1.4030888
1.3260512
1.5083321
1.4290714
1.3415875
1.247324
1.2146794
1.2772381
1.2760626
1.337012
1.4273717
1.3818899
1.4585102
1.3276262
1.2225188
1.198818
1.2175704
1.2206556
1.2961706
1.4251083
1.2724569
1.2630281
1.3046504
1.3179199
1.2656187
1.2360901
1.2320504
1.3417879
1.5720743
1.488182
1.4703432
1.501544
1.5297211
1.4828335
1.5432569
1.3739953
1.3267773
1.3626417
1.3814569
1.4340323
1.5614085
1.4023341
1.3472649
1.2986724
1.2652963
1.2315981
1.3034501
1.3156816
1.2177329
1.1717064
1.1341769
1.2182627
1.1654483
1.2419788
1.262924
1.3622545
1.3396502
1.3287427
1.1904696
1.1619774
1.1954898
1.2222657
1.1910697
1.066844
1.0784405
1.1417133
1.1804048
1.2077963
1.1459768
1.1116527
1.0344833
1.030893
1.0432594
1.0802244
1.093294
1.1239629
1.0908848
1.1332961
1.0970592
1.1604694
1.2161214
1.2447863
1.2216008
1.1574256
1.2077073
1.2840489
1.2959448
1.3028011
1.2692654
1.3078027
1.3787298
1.4029341
1.3525485
1.390916
1.3503973
1.3930163
1.2966021
1.3330059
1.3496313
1.2661494
1.2373816
1.195608
1.247311
1.2458475
1.2449257
1.2420607
1.309387
1.3566121
1.3712432
1.3198375
1.2647084
1.2995003
1.3306768
1.3867221
1.455554
1.4296601
1.4698718
1.3982966
1.4227545
1.4895537
1.4926101
1.534022
1.440618
1.4156178
1.4218472
1.4384459
1.4826965
1.3794458
1.3472273
1.2302039
1.3629473
1.4230047
1.4891917
1.4326998
1.3434634
1.3719803
1.3556663
1.4018077
1.5237386
1.5319256
1.46741
1.3238221
1.2962152
1.3819964
1.5601484
1.6250408
1.5814245
1.4540111
1.476332
1.4621623
1.4023454
1.2578231
1.2491015
1.245743
1.3619312
1.3864865
1.49817
1.4962746
1.453384
1.4418755
1.4399122
1.4751962
1.4142451
1.4918888
1.5938306
1.7165365
1.7652557
1.7615485
1.6193905
1.5780109
1.5148907
1.5148671
1.3958976
1.4055883
1.4115309
1.4326552
1.4951754
1.5556617
1.5824199
1.5320151
1.5490592
1.5237075
1.4788427
1.5117377
1.5817155
1.7202592
1.811825
1.7908783
1.7410038
1.5796529
1.5147504
1.4454283
1.4688802
1.4859642
1.5090859
1.4520733
1.5917803
1.5621417
1.5269811
1.3914503
1.3059113
1.3389502
1.4119642
1.4606851
1.4480159
1.317167
1.3229496
1.367318
1.4124035
1.5608255
1.5050641
1.4035579
1.4292408
1.345164
1.3885676
1.438437
1.407943
1.5529503
1.5965672
1.6965334
1.6543187
1.6440204
1.5236512
1.6588151
1.6449479
1.6382033
1.5261143
1.6492769
1.6866579
1.6020557
1.6425809
1.5859623
1.6944594
1.6537024
1.6448519
1.7513644
1.8843329
1.972665
1.8230067
1.8878903
1.8116351
1.8532883
1.8568007
1.8095641
1.8579557
1.9222223
2.190873
2.3166745
2.331045
2.014991
2.1347425
2.1268852
2.230153
2.343126
2.2579966
2.232116
2.2043154
2.0536416
2.0911674
2.197354
2.115546
2.124665
2.221477
2.1821918
2.2554302
2.4279811
2.6170614
2.8213537
2.9084806
3.2983418
3.6330447
3.797452
3.69546
3.2521944
2.9957254
2.883376
2.8893816
2.8830178
3.028538
3.0177357
2.898284
2.6302352
2.555761
2.4737594
2.285838
2.3720276
2.4683251
2.5280223
3.0138197
3.0173037
3.3147972
3.8049874
4.0422006
4.0783534
4.1612153
4.0340014
4.158811
4.12362
4.695021
4.924293
5.340956
5.0927987
4.775594
5.079976
4.528746
4.285287
3.9540343
3.7362487
3.9084995
4.4644537
4.1929255
4.00315
3.9867463
3.9290204
3.9290204
3.9290204
3.9290204
3.9290204
3.9290204
3.9290204
3.9290204
