1359.9106
277.6092
178.91602
143.96579
122.80821
107.05112
94.820694
84.337204
75.73017
68.30073
61.684574
55.962902
51.057365
46.610275
42.443817
39.14095
35.890694
33.071537
30.557474
28.31996
26.252619
24.368511
22.73616
21.263266
19.951014
18.678425
17.469797
16.56667
15.523852
14.638557
13.82353
13.149683
12.453181
11.848868
11.324033
10.821698
10.288255
9.894905
9.4742565
9.09525
8.6913595
8.39515
8.011371
7.7150025
7.500363
7.2174845
6.982014
6.7234874
6.53496
6.352547
6.1680007
5.9542646
5.787832
5.6763396
5.511321
5.346212
5.208189
5.145064
5.001861
4.887408
4.754081
4.715984
4.5842023
4.4687004
4.372264
4.3565426
4.204339
4.154346
4.0487676
3.9845092
3.8936634
3.8304768
3.7983527
3.6802886
3.674
3.5965838
3.5449455
3.4811018
3.4699557
3.4047894
3.306931
3.2857103
3.2653756
3.1720493
3.1915505
3.110112
3.0257134
3.0302775
2.9753408
2.9815338
2.9185197
2.882642
2.847681
2.8546896
2.7788007
2.748638
2.749753
2.677646
2.6789613
2.6645055
2.595391
2.575376
2.5444143
2.563209
2.5287325
2.4739702
2.4823945
2.4429345
2.4100513
2.399844
2.4173148
2.3379297
2.3383827
2.2950826
2.3063242
2.2822745
2.304961
2.2622776
2.244318
2.223275
2.2151546
2.1591458
2.2084618
2.17029
2.11713
2.0946984
2.0912218
2.078907
2.0550618
2.0573752
2.0731199
2.0296803
2.004007
2.017421
1.978129
1.9696778
1.9709316
1.9405824
1.9222152
1.890192
1.899689
1.8973322
1.8840494
1.9127337
1.8589159
1.8311712
1.8777127
1.8396025
1.7964451
1.8119105
1.8022144
1.804232
1.7661245
1.7782638
1.7526879
1.7317958
1.7446673
1.7238618
1.7246764
1.696559
1.7155354
1.6910235
1.7434596
1.6736233
1.7040716
1.6720942
1.6435711
1.6540948
1.6548692
1.6585481
1.6218865
1.6323575
1.626529
1.6111447
1.6066275
1.6016923
1.5939564
1.5938311
1.5878485
1.5762485
1.5879102
1.5609396
1.5546105
1.5532011
1.54844
1.5292662
1.5260032
1.5089593
1.4964787
1.5055304
1.5074339
1.5009779
1.5032852
1.5046915
1.4822699
1.4876074
1.5080116
1.4785346
1.5074192
1.4749599
1.4847646
1.4992166
1.4671879
1.4389853
1.4761184
1.4392761
1.4403416
1.4263968
1.4260061
1.4075137
1.4201199
1.409341
1.4034003
1.4020087
1.3977779
1.3972334
1.3677698
1.3816376
1.3819367
1.3913249
1.3545797
1.3763678
1.3383524
1.3442714
1.3387566
1.3344586
1.3771538
1.3505745
1.329382
1.3248192
1.338669
1.3077621
1.342342
1.3121866
1.3326442
1.29671
1.3037212
1.3015345
1.3699957
1.2719237
1.3058188
1.2945498
1.278773
1.275375
1.2789553
1.274096
1.2591652
1.2607216
1.2618244
1.2684774
1.2526683
1.2512085
1.2800767
1.2833813
1.2354243
1.2509179
1.2481433
1.243459
1.2166935
1.2174081
1.2523197
1.2416036
1.2490561
1.2277772
1.2338928
1.2377969
1.2242773
1.2427617
1.2169895
1.2325121
1.2392156
1.2063968
1.1912478
1.2070142
1.2058654
1.2169135
1.2057993
1.1810538
1.1951467
1.1854918
1.1742969
1.179549
1.1910435
1.1852252
1.1771483
1.1647038
1.1696997
1.1834613
1.1674598
1.1618952
1.1705991
1.180644
1.1654861
1.1447853
1.1630901
1.1438972
1.1541113
1.152281
1.1697934
1.1555313
1.1521647
1.1415693
1.1544513
1.1466974
1.1517363
1.160725
1.1508222
1.1428233
1.1431333
1.14558
1.1342218
1.1282052
1.1208295
1.1170927
1.1273087
1.128264
1.1284759
1.1158502
1.116389
1.1127042
1.1075146
1.1017581
1.1092242
1.1021504
1.1036714
1.0829071
1.1023002
1.0851041
1.0832022
1.100021
1.0927904
1.0751623
1.0900348
1.0605087
1.0787653
1.0713586
1.075871
1.0619243
1.073363
1.0549405
1.0729293
1.0605116
1.0678949
1.0540582
1.0609332
1.0593781
1.0560939
1.0685326
1.0455087
1.049554
1.0448442
1.0503885
1.0430175
1.0433425
1.0443586
1.045627
1.0320823
1.0410185
1.0478708
1.0284389
1.0390202
1.0319768
1.0253785
1.0249457
1.024959
1.0169997
1.0172365
1.0148354
1.0194346
1.0065185
1.0109632
1.007302
1.0030925
0.99964786
0.99540037
0.9991142
1.0117033
0.9926654
0.9915043
0.987046
0.9767151
0.98601466
0.9970866
0.99054027
0.9925616
0.9917657
0.97562444
0.97576094
0.97706676
0.9820671
0.97247076
0.96530396
0.976399
0.9650803
0.96672404
0.96452373
0.95371604
0.955405
0.9554526
0.94942063
0.9521543
0.947932
0.94567317
0.9480499
0.94453025
0.9533349
0.9343244
0.9260109
0.943865
0.9357329
0.9232365
0.93194425
0.92482334
0.92203087
0.91886294
0.91272485
0.92352474
0.9053739
0.9063595
0.9136308
0.90773565
0.91625553
0.9004971
0.8973138
0.90761894
0.8965548
0.8885356
0.90601724
0.89662117
0.8930342
0.89838266
0.8902909
0.8983243
0.89826185
0.8953993
0.89154655
0.8949202
0.8865769
0.87983644
0.8960164
0.8925752
0.88560885
0.88455224
0.8850141
0.88142484
0.87409484
0.8861917
0.8819506
0.87843007
0.8802117
0.8703303
0.8732488
0.87838244
0.8706701
0.87045187
0.871066
0.8562295
0.85525686
0.87224525
0.8625407
0.86139643
0.85214865
0.86056805
0.8684
0.8673808
0.85326385
0.8498762
0.8488927
0.85334164
0.8513904
0.8431475
0.8449115
0.85018873
0.8385827
0.8420726
0.840618
0.83867323
0.83589303
0.8447793
0.8272427
0.8287432
0.834788
0.83294785
0.83184355
0.8314559
0.8255769
0.8290076
0.8330667
0.8245937
0.8271862
0.82768077
0.805877
0.81808686
0.8160353
0.81520075
0.80779505
0.8112548
0.81675893
0.81650853
0.8109677
0.7937502
0.81216776
0.81195825
0.79933524
0.7998591
0.80285513
0.803113
0.79817325
0.79693645
0.787316
0.7939047
0.78289515
0.7908706
0.78657365
0.790401
0.7902174
0.7830229
0.79193056
0.78625345
0.7914547
0.7841054
0.78248614
0.7836328
0.78354055
0.7786794
0.7736226
0.77527833
0.7746833
0.77775276
0.775902
0.7696611
0.76701117
0.76036763
0.7708374
0.7679758
0.76725316
0.76990634
0.7588825
0.76232994
0.7631822
0.76466066
0.7451433
0.7549116
0.7692296
0.7531797
0.7603291
0.74830294
0.74755204
0.74827576
0.73989844
0.7505197
0.74086577
0.75139725
0.7468929
0.7318314
0.7606237
0.74671257
0.73573667
0.73689985
0.7407019
0.74984074
0.74707353
0.7413516
0.7448057
0.72948647
0.7318067
0.7295945
0.7304532
0.73184085
0.7422955
0.72958046
0.7187279
0.72871286
0.7194803
0.72768176
0.7207307
0.7143578
0.72743076
0.7238487
0.71080434
0.71814775
0.7152105
0.71100664
0.7053206
0.7155827
0.7015465
0.69829255
0.70399255
0.6936575
0.6955128
0.6955556
0.7018686
0.68997943
0.67744637
0.68563116
0.6828195
0.68619734
0.68722135
0.6780008
0.6879011
0.6859332
0.6820087
0.6806682
0.6737715
0.68262655
0.68021005
0.6761679
0.66680795
0.6601598
0.6724559
0.6578093
0.66804075
0.6539271
0.6646188
0.66766244
0.65114903
0.6567839
0.6608339
0.66515046
0.65250504
0.6501815
0.654523
0.6569687
0.6510005
0.6511099
0.6422003
0.64735013
0.6416902
0.63129824
0.63159025
0.65373933
0.65009373
0.6455117
0.64312017
0.6363486
0.6307196
0.63389736
0.6318662
0.62673014
0.62472624
0.6184229
0.62608063
0.6215266
0.62418896
0.6230958
0.6313123
0.6185589
0.61827016
0.61951685
0.61841226
0.6289058
0.6219744
0.62384826
0.62391376
0.6164231
0.6205993
0.6230236
0.6031062
0.60938555
0.59973156
0.61584634
0.6142436
0.6034492
0.60593
0.6097295
0.6024713
0.59955984
0.60586107
0.6017915
0.5930366
0.6004434
0.5941678
0.59368724
0.59237045
0.59777176
0.59477156
0.60322714
0.58654004
0.59138644
0.585748
0.5784053
0.5966991
0.5812928
0.5873106
0.58140814
0.58520293
0.5889382
0.5802597
0.5768462
0.57893425
0.57768655
0.5698877
0.5694301
0.57453007
0.5699802
0.56923753
0.57850367
0.5879274
0.5736549
0.5616791
0.55972457
0.5644339
0.5539643
0.5672462
0.56216663
0.5569516
0.5646022
0.5640565
0.57145983
0.56933254
0.5578586
0.5591417
0.5558104
0.56284755
0.5558298
0.55547875
0.56157017
0.548775
0.5556815
0.5593484
0.5663947
0.54898643
0.548417
0.55247533
0.5493819
0.5558442
0.5628637
0.5533829
0.5587258
0.5504875
0.5509913
0.5499423
0.54662746
0.55147284
0.5424344
0.53419924
0.53925616
0.5428481
0.5460034
0.54578745
0.5403785
0.54721934
0.53967
0.5327649
0.528814
0.53221184
0.53827304
0.53266335
0.53187114
0.5238069
0.5291846
0.5384831
0.51863253
0.53049254
0.52449685
0.51162034
0.50883305
0.50590265
0.5197778
0.51158
0.5164677
0.5137411
0.52779025
0.51167893
0.50678617
0.5085928
0.49894243
0.5082839
0.510532
0.5080003
0.5100817
0.5213469
0.5026766
0.5018978
0.5075672
0.5035784
0.5154374
0.50678104
0.5039321
0.49401185
0.49855712
0.5044292
0.49911216
0.5016703
0.4980146
0.4891232
0.49144372
0.50059885
0.49299693
0.49691093
0.4931342
0.49642488
0.496377
0.48656106
0.47623944
0.4871893
0.49464646
0.48517072
0.47167912
0.48172945
0.47383934
0.4790714
0.48640922
0.47217348
0.48085842
0.48062414
0.47503623
0.4685784
0.4645521
0.46772125
0.4619675
0.47382337
0.46765897
0.46863228
0.45763275
0.47302666
0.470294
0.4623991
0.46780074
0.46153802
0.45740825
0.4567867
0.45877966
0.44576883
0.46040076
0.45844764
0.4571251
0.45712203
0.4453092
0.45074204
0.44663376
0.44549897
0.43272978
0.44718912
0.44645646
0.44028643
0.43746033
0.4371708
0.4421414
0.43762627
0.4480004
0.43877956
0.43869567
0.43979913
0.43806845
0.44007283
0.4348359
0.4326665
0.42119923
0.42795122
0.4290782
0.42656815
0.4408642
0.42802253
0.42648998
0.42734465
0.42216498
0.42156732
0.42368403
0.42820525
0.41196832
0.42278776
0.42439246
0.4225385
0.4298598
0.42034224
0.40674353
0.41432443
0.42044416
0.4255382
0.41557184
0.4130588
0.4094562
0.4127176
0.4148646
0.4147228
0.41544804
0.4160797
0.4160305
0.4118473
0.41502059
0.41039562
0.41323543
0.4131235
0.41576943
0.4084666
0.41147348
0.405798
0.410213
0.41449675
0.40817833
0.4144434
0.39220142
0.41422978
0.40442595
0.4033698
0.40190554
0.40862238
0.41319606
0.40680876
0.4049366
0.39632767
0.40393156
0.40067482
0.40036145
0.4095874
0.40445468
0.40198383
0.39834613
0.4061135
0.3977127
0.3949389
0.39347997
0.39495394
0.3940052
0.3928948
0.3943933
0.38771212
0.38923573
0.38705444
0.397103
0.38706097
0.38953227
0.38822845
0.39016142
0.39976463
0.3855194
0.38514742
0.384676
0.3875338
0.38180685
0.3802795
0.38334772
0.38499385
0.3767444
0.38807896
0.37722373
0.3841724
0.3852919
0.37831753
0.36650208
0.3792789
0.37859145
0.37360746
0.36797372
0.37058482
0.38048404
0.37371874
0.36878502
0.36977628
0.37462634
0.37235922
0.3727146
0.3772473
0.36881894
0.36746728
0.37172323
0.3726383
0.37177482
0.35993853
0.36842528
0.3762845
0.36650366
0.36387813
0.36362916
0.35533968
0.36379617
0.36310363
0.36104742
0.37005377
0.36232167
0.362428
0.35947248
0.37126973
0.36462393
0.36451727
0.35751498
0.370591
0.361906
0.37187907
0.35481519
0.3679307
0.36009744
0.36558658
0.36460426
0.35792315
0.36903372
0.3631981
0.36347365
0.37013018
0.3606632
0.3603324
0.35840243
0.355919
0.35646716
0.35306227
0.3461541
0.35211873
0.35739222
0.35889196
0.3465058
0.3515477
0.34881285
0.35137734
0.35223132
0.36160785
0.3505051
0.34739983
0.3496167
0.3490518
0.3478977
0.3575112
0.34233856
0.34761807
0.34976313
0.34716886
0.3483076
0.3413668
0.34335795
0.3485491
0.34224877
0.35525376
0.3408497
0.3407848
0.33528742
0.33933595
0.34534863
0.33679646
0.34048668
0.32796428
0.33792055
0.3365505
0.33888635
0.3347412
0.3431265
0.34318784
0.32600406
0.33128795
0.3282058
0.33982465
0.33601642
0.3363414
0.33905983
0.33776596
0.3334809
0.33408073
0.32871407
0.3266157
0.3364399
0.3319525
0.32894284
0.33803692
0.33386236
0.32631746
0.32412446
0.32920277
0.33054057
0.32595408
0.33206078
0.32898423
0.3240977
0.33020595
0.3239135
0.32686442
0.32269055
0.3302244
0.33094993
0.3241843
0.32517204
0.32867584
0.3207682
0.32539728
0.3238897
0.32416636
0.32035398
0.326882
0.32988417
0.32575867
0.3190996
0.31822237
0.3207338
0.32049206
0.31776506
0.3146184
0.3176513
0.31141979
0.31886053
0.31872064
0.32783073
0.3171505
0.31152055
0.31788966
0.31594884
0.32030928
0.30785948
0.31083408
0.3185384
0.31448
0.3091712
0.32492888
0.31221607
0.30896533
0.31057018
0.31131527
0.30853596
0.30558845
0.30969974
0.3035158
0.30787414
0.304874
0.305627
0.30202907
0.30705702
0.303981
0.3066166
0.30459666
0.306795
0.3031814
0.30771774
0.30752075
0.30526087
0.3037904
0.3074084
0.30415758
0.30342272
0.30458325
0.31207344
0.2921606
0.30759582
0.29839095
0.29536784
0.29705504
0.3074089
0.30451512
0.3052215
0.28954116
0.3037935
0.29442433
0.29655528
0.29753953
0.29794002
0.29969558
0.2866721
0.30075642
0.29435977
0.29910433
0.29366887
0.2864037
0.28465152
0.2951523
0.29343483
0.29452115
0.28817198
0.29399058
0.29155144
0.29710886
0.2931956
0.29090703
0.29858392
0.2940382
0.29216936
0.29396275
0.28883255
0.29462487
0.28399143
0.28748757
0.2870766
0.30041942
0.2988005
0.28878406
0.28329524
0.29219952
0.2881802
0.28601503
0.28913105
0.29066598
0.28607374
0.28547975
0.2837476
0.27557334
0.28863242
0.28828928
0.2896489
0.28331637
0.28209263
0.28078157
0.28408217
0.27894083
0.2788513
0.2831366
0.28057143
0.26991716
0.27942145
0.26967427
0.27705124
0.27444342
0.28471276
0.28332087
0.28514868
0.27582484
0.2800175
0.28504673
0.28056377
0.27354074
0.274839
0.27374417
0.28010765
0.2702037
0.276862
0.27542162
0.28163
0.27681175
0.26706713
0.27237192
0.26200902
0.26387507
0.27814198
0.2784731
0.26529446
0.26362872
0.2740043
0.27199557
0.27591679
0.27310607
0.26451612
0.2741668
0.26011878
0.26701173
0.26683667
0.26208937
0.2652401
0.2656032
0.26724088
0.2611029
0.2587308
0.25542495
0.25973994
0.25741124
0.30582273
0.26143035
0.2598637
0.26517007
0.26273817
0.25731438
0.2516953
0.2538823
0.26353493
0.26265255
0.2556152
0.25630334
0.2517398
0.2507977
0.2608326
0.25724322
0.25496364
0.25276425
0.25358856
0.2571757
0.2567918
0.25541288
0.25083387
0.2534456
0.25084844
0.25187436
0.24756832
0.2510005
0.25595304
0.2463964
0.24654992
0.24731803
0.25089183
0.24983875
0.24982482
0.25167805
0.25240776
0.2446799
0.24826068
0.24684125
0.2454847
0.24212524
0.25215942
0.24923189
0.24670447
0.25298014
0.25165805
0.25157928
0.24807331
0.24382368
0.2464097
0.24587573
0.25095254
0.24379322
0.24345751
0.24321435
0.2389063
0.25029653
0.24849063
0.2426474
0.24323191
0.24347545
0.23989266
0.24845184
0.2321412
0.24103744
0.23399863
0.23901458
0.2471465
0.2378527
0.2418256
0.24525312
0.23743522
0.23771627
0.23913142
0.2374045
0.23690869
0.23559509
0.23809958
0.24179141
0.23958077
0.23454836
0.23974045
0.23438005
0.23874605
0.22959773
0.2392884
0.23220523
0.23376979
0.234435
0.2338545
0.23589276
0.23283191
0.23139258
0.2267782
0.23904522
0.22692166
0.23588093
0.23915999
0.2328485
0.22667721
0.23109974
0.2308828
0.22905253
0.23571788
0.22523938
0.23904172
0.23012207
0.22787334
0.22524409
0.2311245
0.22534822
0.22609757
0.2300626
0.22734354
0.23458421
0.22703825
0.23704645
0.22847365
0.22086391
0.22415575
0.22519729
0.22621825
0.22851065
0.22775547
0.22582771
0.22336203
0.2271549
0.22804597
0.23525265
0.22413145
0.22499447
0.22927758
0.22657865
0.22445479
0.22358888
0.2277529
0.22272387
0.22835177
0.21629637
0.22122271
0.22107355
0.22287032
0.22308838
0.22385985
0.21631734
0.22141926
0.22649848
0.21879877
0.21998142
0.2200458
0.22362936
0.21875852
0.22180572
0.21667476
0.2179039
0.22418486
0.21930249
0.21826176
0.22073236
0.22134899
0.21533999
0.22281553
0.21182206
0.21780662
0.21912017
0.21515733
0.2175447
0.21044953
0.21876903
0.2145826
0.21126756
0.21470448
0.22162339
0.21375345
0.22150551
0.21965866
0.21650457
0.21692519
0.2045232
0.21063836
0.21218182
0.21106438
0.21579343
0.20752785
0.21379805
0.21418162
0.2133245
0.20630297
0.2133447
0.20803502
0.21464363
0.2029001
0.20694831
0.21427786
0.20590812
0.21158707
0.21165763
0.21057308
0.21688794
0.20314431
0.20199159
0.20208777
0.2115583
0.21515116
0.21434431
0.20363244
0.21017979
0.2104276
0.20661369
0.20801984
0.2061298
0.215301
0.21119761
0.20993094
0.20198756
0.20249376
0.21455653
0.21137643
0.20303772
0.20266917
0.2048028
0.20559224
0.20175953
0.20175874
0.19922745
0.2103825
0.20486006
0.20440203
0.20337673
0.19897759
0.20089354
0.1998674
0.2067252
0.20488104
0.21289888
0.204708
0.20058247
0.19986747
0.19776402
0.20705841
0.202426
0.20744759
0.20135419
0.20183955
0.1964738
0.20281374
0.20143005
0.19628206
0.19750415
0.20610246
0.19633225
0.20154364
0.19925262
0.2007992
0.1943946
0.20220846
0.19675629
0.2012021
0.1998933
0.19997998
0.20034014
0.20765549
0.19553074
0.20611687
0.20173806
0.20255004
0.20068103
0.19651306
0.20075358
0.20297585
0.19733007
0.19933105
0.20525129
0.20035286
0.19509788
0.19169338
0.20128368
0.2015657
0.20187467
0.19636475
0.2017671
0.1988777
0.20243138
0.19830726
0.1901388
0.19142435
0.20528199
0.1971576
0.19008404
0.1980705
0.19548163
0.20155798
0.19174686
0.2034111
0.19480783
0.19396478
0.19203438
0.19548345
0.19364348
0.18967691
0.19384858
0.19575025
0.1859837
0.19012798
0.19361179
0.19539025
0.1897132
0.19573878
0.18851013
0.18785271
0.19353612
0.19130099
0.19068779
0.19219153
0.18639128
0.1873376
0.18782018
0.18434897
0.19365036
0.1826973
0.19233178
0.18302962
0.18757536
0.18125878
0.18806432
0.19371179
0.19161752
0.18905364
0.19094485
0.18213525
0.18836991
0.1854974
0.1818696
0.18391106
0.1860688
0.19053583
0.18239282
0.18634877
0.18635595
0.18128309
0.18128668
0.18718223
0.183743
0.18301539
0.18007626
0.18733287
0.18164313
0.18083148
0.18326136
0.18318824
0.18000731
0.18948732
0.18186446
0.1782415
0.18098176
0.18050247
0.17982785
0.18353578
0.17754066
0.17596479
0.17881088
0.1711226
0.1724533
0.18754075
0.17517014
0.17367698
0.17799103
0.17314842
0.18083318
0.178628
0.18366984
0.17447872
0.18228397
0.17699355
0.18268968
0.18123809
0.178219
0.17882937
0.18027532
0.1772289
0.1768627
0.17206326
0.1744786
0.17284912
0.17553283
0.17451654
0.18102328
0.17614561
0.17798251
0.18036541
0.1811435
0.17794879
0.17685498
0.17355452
0.17636646
0.18409957
0.17551644
0.17171651
0.17858674
0.17095503
0.17582569
0.1749796
0.18116468
0.17699562
0.18122646
0.17501079
0.18122327
0.17488174
0.17559738
0.17466573
0.17543879
0.17563617
0.17283608
0.17979766
0.17990664
0.1851897
0.17291324
0.17433968
0.17197183
0.17403053
0.1732576
0.17698419
0.17539148
0.17461002
0.17056946
0.17570038
0.17231098
0.17681254
0.17633052
0.17635375
0.16953914
0.17431642
0.17504968
0.17159396
0.17477088
0.17144875
0.17448102
0.18063648
0.1752702
0.17398241
0.17497131
0.176508
0.1713552
0.18090364
0.17166172
0.17960581
0.170403
0.17446193
0.16731097
0.1736931
0.16733618
0.17607464
0.17682905
0.17976406
0.17567375
0.16555688
0.17413893
0.16987985
0.1748048
0.17619959
0.17637312
0.17095405
0.16917446
0.17299886
0.16840251
0.17520303
0.17591384
0.17018221
0.17628297
0.16932893
0.17264889
0.16743682
0.1686686
0.17345947
0.17562702
0.16527192
0.16530375
0.16724575
0.16920215
0.16921496
0.16922864
0.17411341
0.17082784
0.17061242
0.16697855
0.17591627
0.17483045
0.17118762
0.16444299
0.17145735
0.18104927
0.17314915
0.16744885
0.1627524
0.1686674
0.16941181
0.16620596
0.16788094
0.16511181
0.16573115
0.16885166
0.17196149
0.1588934
0.16166216
0.16905542
0.15650027
0.1638442
0.16507524
0.15905175
0.16714972
0.16993862
0.16790713
0.16999988
0.16182242
0.16250047
0.16505729
0.16127715
0.17115511
0.15921009
0.16941412
0.17283233
0.17113873
0.16703412
0.16373506
0.16827525
0.17182645
0.15984944
0.16654666
0.16560484
0.16817404
0.16675901
0.16444102
0.16477248
0.17039132
0.15859409
0.16454326
0.16852817
0.16251081
0.16739912
0.17226292
0.16616645
0.16597588
0.16352895
0.16409543
0.16854733
0.16496854
0.17229936
0.16976735
0.16447784
0.16301173
0.1634285
0.15797263
0.16621229
0.15928176
0.16468039
0.16609627
0.1546742
0.16334598
0.15686163
0.1602663
0.16358712
0.1600036
0.16772817
0.16154069
0.16310956
0.16578284
0.1684513
0.16057304
0.16327766
0.16212288
0.15807562
0.1544957
0.16184098
0.15822665
0.16111259
0.15277761
0.16258076
0.15873545
0.15810691
0.15966077
0.16509512
0.16588825
0.16019806
0.16410616
0.16171312
0.15712541
0.15924062
0.16378672
0.16147579
0.15833193
0.16269392
0.16193122
0.16077648
0.1689398
0.1568592
0.16172244
0.16010424
0.16394374
0.1713155
0.16141367
0.16123968
0.16523634
0.16308844
0.16384049
0.16252263
0.16099842
0.16123389
0.1581736
0.16050698
0.15988117
0.16432394
0.15762885
0.16473204
0.15402499
0.16167767
0.16119139
0.15983586
0.16240841
0.1574885
0.15938927
0.1657483
0.1670957
0.1641941
0.1606893
0.1631989
0.15646386
0.15656053
0.16100125
0.15954113
0.15590692
0.16124246
0.16549039
0.16173781
0.1525499
0.1576167
0.15812635
0.15697792
0.16532354
0.16505608
0.15888205
0.15785697
0.16231738
0.15390517
0.15103075
0.15723473
0.15768261
0.1575953
0.16340506
0.15441313
0.15308101
0.15775342
0.15138832
0.14842045
0.15448025
0.15798123
0.15462069
0.16384912
0.15357582
0.15584098
0.16012144
0.15480115
0.154605
0.1488681
0.1513149
0.1545432
0.15470806
0.14563346
0.15076368
0.15520886
0.15619989
0.15460075
0.15982126
0.15436363
0.15481444
0.1544846
0.16911446
0.1540594
0.15647678
0.1577914
0.15391715
0.16203906
0.1471992
0.15407701
0.1507231
0.1530389
0.15178896
0.15404366
0.15450566
0.15016362
0.14960219
0.15715054
0.1497137
0.14607239
0.1602097
0.15223087
0.1558985
0.15573896
0.15979657
0.15653045
0.15338233
0.1575399
0.15704666
0.14603342
0.15072425
0.15947545
0.15344848
0.1522638
0.1517491
0.15969792
0.1589083
0.15370047
0.15669271
0.15341268
0.15861107
0.15933156
0.15435004
0.15297924
0.15693876
0.15588892
0.15229346
0.15549143
0.14611329
0.15098545
0.1537796
0.15490486
0.15643051
0.16467802
0.14904325
0.1518254
0.14863154
0.1533966
0.15414166
0.1618003
0.15705445
0.14822662
0.153006
0.15501872
0.14773403
0.1500722
0.150568
0.15073085
0.15379989
0.14655714
0.15835755
0.15062948
0.15434638
0.15180944
0.15263768
0.15341534
0.15938808
0.15228865
0.15014441
0.1542856
0.15645124
0.1491875
0.15030327
0.14598978
0.15166438
0.14757286
0.15083636
0.14364435
0.15216044
0.15710047
0.15759009
0.15325649
0.15158743
0.15747327
0.15128599
0.15250984
0.1563232
0.14803056
0.15430988
0.14590342
0.14675024
0.15017346
0.15220147
0.15317577
0.15378909
0.15565194
0.21087533
0.15367529
0.15409419
0.15121078
0.15004623
0.15067258
0.15363951
0.14850138
0.14652224
0.15375727
0.15041393
0.1537407
0.14273746
0.14712225
0.14860798
0.14901896
0.15169096
0.15754724
0.14966682
0.15028125
0.15598884
0.14873843
0.14318262
0.14382939
0.14590251
0.14650416
0.14819464
0.14852327
0.15278813
0.14406167
0.14214787
0.14740816
0.14068387
0.14185481
0.14069024
0.14857869
0.14420192
0.14053944
0.13814482
0.14719896
0.14135061
0.14152373
0.15231112
0.14326574
0.1447912
0.14552082
0.144733
0.1528901
0.15647168
0.14640613
0.14575335
0.14960954
0.14735977
0.14817938
0.14535391
0.1394499
0.14265762
0.14778987
0.14449605
0.1442272
0.14610857
0.15224007
0.13993628
0.14232963
0.14266606
0.15134221
0.13847627
0.14979225
0.13901694
0.13996416
0.14439715
0.14035422
0.1437014
0.14473702
0.14521232
0.15721664
0.1432656
0.14317083
0.15126449
0.14070883
0.13717532
0.1395944
0.13872652
0.14944541
0.13980214
0.14052644
0.14680994
0.14571115
0.14550841
0.14265324
0.13891469
0.14377825
0.14427091
0.13991864
0.13918449
0.13903597
0.14479364
0.14728808
0.13638556
0.13723314
0.14497197
0.14124784
0.13681413
0.138448
0.14303039
0.14728655
0.13430169
0.14347757
0.14536904
0.14255725
0.14089686
0.14406721
0.13799787
0.14248922
0.14575937
0.14265412
0.14449018
0.1393486
0.13567404
0.14044139
0.14266376
0.1390209
0.14463103
0.13933286
0.14349504
0.14305998
0.14217179
0.13981846
0.14175159
0.1456937
0.14031757
0.14073686
0.1385468
0.137998
0.14222527
0.14168371
0.14123239
0.14086187
0.13532914
0.13658221
0.14388067
0.14028783
0.13461353
0.14546631
0.14025421
0.13471061
0.13855928
0.14482509
0.14198874
0.14109515
0.13926308
0.14057824
0.1403316
0.13530394
0.13707331
0.14229348
0.13669859
0.14313288
0.13816556
0.1386061
0.13763724
0.13603745
0.1401298
0.13876155
0.13685536
0.13823286
0.14182273
0.13908549
0.13257205
0.1390276
0.13675229
0.13674574
0.1428941
0.13403302
0.13073963
0.1477674
0.13912627
0.14063257
0.13489208
0.13996866
0.13677181
0.1347144
0.13673201
0.14300618
0.13928023
0.13506752
0.14477631
0.14284174
0.13670875
0.14125831
0.13342026
0.15016305
0.1416091
0.14362101
0.14431693
0.15143657
0.1336913
0.14396083
0.1390093
0.13575628
0.1416744
0.13839541
0.13826844
0.14263329
0.13773495
0.14434534
0.14260706
0.14012718
0.14150509
0.13568221
0.13937318
0.14456455
0.13991599
0.14951938
0.1424876
0.13603063
0.13935326
0.1417496
0.14625071
0.1417095
0.13883375
0.14225306
0.14063913
0.14109462
0.13584997
0.14196175
0.1353896
0.1495313
0.13676237
0.14783369
0.1421863
0.14095657
0.1396239
0.14390707
0.1418488
0.14027636
0.14940119
0.13575974
0.13675345
0.13701485
0.13863309
0.13447751
0.14295682
0.15116173
0.14036953
0.1416084
0.13754117
0.14640306
0.1383317
0.14864863
0.1429392
0.14282797
0.14341673
0.14144798
0.14029318
0.13864455
0.14047368
0.13949977
0.13546006
0.1407631
0.13768613
0.13909805
0.14413503
0.13810205
0.13976409
0.13969634
0.13890454
0.13855591
0.14073394
0.14832452
0.14453533
0.13788223
0.1482404
0.13641804
0.1433141
0.14319782
0.14375886
0.15009172
0.13478392
0.13870177
0.1349849
0.13719827
0.14016452
0.14343809
0.13539983
0.1428995
0.13983588
0.1393386
0.14385322
0.14503452
0.13489686
0.13733174
0.15170409
0.13661163
0.13296977
0.14599828
0.14203466
0.1549842
0.14147739
0.13879791
0.13833703
0.14502458
0.1449718
0.14262484
0.14241393
0.13982473
0.13971323
0.13834
0.13468629
0.14385569
0.14209063
0.14326078
0.1371982
0.14462267
0.14242338
0.13852523
0.1359831
0.13714038
0.14190714
0.13799822
0.13611463
0.13968149
0.1377029
0.13681504
0.14266981
0.14606783
0.14029853
0.14550887
0.13356256
0.14005584
0.14336552
0.13108237
0.14081325
0.12845944
0.1352083
0.13031155
0.1305469
0.13668805
0.13845931
0.13758156
0.13973403
0.13786732
0.140443
0.13146791
0.1370878
0.13721056
0.15243253
0.13510093
0.13354975
0.131885
0.13690999
0.13641888
0.13505223
0.13480867
0.13798381
0.13892078
0.14001727
0.14086981
0.13411139
0.14600225
0.14445657
0.13663562
0.13648538
0.14333782
0.12821868
0.13275646
0.13806783
0.14543316
0.14494884
0.13124354
0.14557463
0.13839315
0.14160202
0.131741
0.13911784
0.1379729
0.13653956
0.13701186
0.13903123
0.1454773
0.13860995
0.1480699
0.13833387
0.14381483
0.1407733
0.14219512
0.13932665
0.13635261
0.13825113
0.13447334
0.13210483
0.141211
0.13876618
0.135081
0.136459
0.14135322
0.13932903
0.13932107
0.14060327
0.1344599
0.13450314
0.1373355
0.13575462
0.1315463
0.12946591
0.13870735
0.14100905
0.13738355
0.13802584
0.14993122
0.14317857
0.13775545
0.13709469
0.13044174
0.13549891
0.1359743
0.13995884
0.14116427
0.13853882
0.15097868
0.1386997
0.14253987
0.13241224
0.13969079
0.13687171
0.13994023
0.1353539
0.1362517
0.14155081
0.13522318
0.13278054
0.14232562
0.14195439
0.13591476
0.13962743
0.13715829
0.13864191
0.1426388
0.14769952
0.14331834
0.14219739
0.13344532
0.12981309
0.14269815
0.13871253
0.14486966
0.14820963
0.13566418
0.13658911
0.13912983
0.13768661
0.14056551
0.14338927
0.1320668
0.14225116
0.13722771
0.13809325
0.14172448
0.14303078
0.14183363
0.14143097
0.14565712
0.14953084
0.14116187
0.15389949
0.14006467
0.14104903
0.14612027
0.14171897
0.14320947
0.14297754
0.1396828
0.13945499
0.13944456
0.1399077
0.14946926
0.14411719
0.14757617
0.147335
0.14743163
0.1417126
0.14401866
0.13867663
0.13931124
0.14288427
0.13849276
0.14319696
0.14649373
0.15777352
0.15072744
0.14477289
0.15421523
0.15979774
0.16094817
0.16795915
0.17616582
0.17447442
0.18181111
0.1750409
0.18721743
0.18842743
0.20294903
0.20953493
0.22201361
0.21617831
0.20524119
0.20654799
0.19769436
0.20100254
0.19335686
0.19289798
0.1853744
0.18080725
0.17138772
0.15646344
0.1497902
0.15306844
0.14625894
0.1473213
0.14923875
0.14513786
0.14522585
0.1458821
0.14551254
0.1444652
0.14064263
0.13916676
0.1420241
0.1357797
0.138012
0.14034802
0.14212555
0.14222573
0.1394896
0.13641876
0.13481115
0.1391071
0.13852887
0.13323055
0.1341379
0.1374829
0.13154966
0.13454118
0.1428227
0.13458878
0.12968752
0.13888212
0.13358462
0.13578683
0.13761288
0.14219224
0.13694887
0.13173717
0.1367374
0.1354915
0.13288781
0.1348881
0.13292484
0.13870357
0.14208786
0.14022928
0.13432826
0.1354459
0.13791125
0.14480527
0.13669357
0.13658553
0.13312481
0.13350965
0.1367615
0.13721547
0.13967176
0.13572286
0.1343266
0.13241136
0.14326899
0.1378227
0.13367526
0.1346817
0.14632264
0.13125242
0.13854091
0.13392201
0.13799882
0.13721079
0.1356389
0.13600427
0.13778925
0.1330065
0.1435278
0.13332663
0.13050966
0.13153483
0.13884993
0.13773572
0.13446032
0.13001199
0.13536702
0.1343292
0.12754722
0.1304756
0.12767814
0.13341877
0.13037053
0.13021778
0.1297763
0.13221473
0.13607559
0.1355453
0.12520407
0.13014399
0.12784664
0.13432485
0.13441288
0.1487371
0.14212976
0.13019755
0.1405723
0.12518601
0.13225695
0.13462599
0.13588065
0.13151343
0.13929972
0.13794763
0.13023107
0.13192283
0.1381015
0.12759233
0.13404459
0.12830372
0.12930003
0.13574265
0.12798205
0.13031103
0.1289704
0.14090815
0.13293996
0.12709571
0.1375386
0.12313764
0.12778099
0.12838548
0.13512518
0.12466845
0.13198183
0.122693606
0.13404587
0.13409317
0.12415701
0.13003215
0.12177339
0.1315357
0.12273332
0.13633142
0.12901503
0.12698247
0.13171646
0.12698832
0.12416633
0.12518907
0.12388621
0.1324109
0.12932454
0.13314703
0.12754999
0.12516245
0.1314233
0.13399878
0.13327323
0.12522574
0.13630597
0.13244738
0.12456944
0.12193793
0.12999363
0.1294473
0.12615412
0.1242037
0.12789708
0.12917422
0.12974192
0.12900488
0.12628992
0.12675822
0.12743273
0.12861222
0.12551108
0.13049172
0.12904358
0.12361359
0.12723769
0.12815131
0.13302037
0.12760371
0.12755175
0.12934032
0.1273268
0.122089826
0.123996206
0.12037882
0.12483219
0.124495454
0.12679297
0.1259556
0.13507442
0.12385624
0.12978347
0.12471806
0.121519946
0.12049222
0.12703326
0.12855347
0.12300842
0.12570569
0.12520266
0.13149473
0.12326527
0.12633094
0.12614846
0.12931357
0.12678663
0.121403635
0.12472364
0.13374208
0.12837128
0.12719265
0.13145927
0.13090605
0.12165167
0.12726595
0.12718882
0.13315555
0.12991992
0.13149692
0.132531
0.1294525
0.1312377
0.119406156
0.123018175
0.1301638
0.12977873
0.12579365
0.12080997
0.12961447
0.13236621
0.1281051
0.12505253
0.12304331
0.13012733
0.12873149
0.12497379
0.12217284
0.13109793
0.1325817
0.12768437
0.12561226
0.1339742
0.13140061
0.13080049
0.13211496
0.13113298
0.13225968
0.12603061
0.12951344
0.13433062
0.13170426
0.13243653
0.12626126
0.1336676
0.1245721
0.13198313
0.13012528
0.131722
0.12667716
0.130298
0.12116904
0.13222091
0.12683237
0.12980954
0.12900196
0.12783308
0.13128866
0.1353775
0.13821085
0.13307293
0.13315362
0.12957686
0.13360272
0.136203
0.12628776
0.12791826
0.12698455
0.122724935
0.13002285
0.12776738
0.12652811
0.124267966
0.12772755
0.13381733
0.13142627
0.13268802
0.13608037
0.12340815
0.1293926
0.12847267
0.13296
0.12730032
0.12708564
0.12646043
0.12495179
0.12998442
0.12988955
0.12697892
0.12653741
0.12483782
0.12819076
0.12883306
0.12973097
0.13216338
0.12627997
0.12115071
0.12227119
0.12727903
0.12837008
0.121853024
0.12346155
0.121548615
0.122141235
0.12138851
0.13036646
0.12551849
0.13579743
0.12376341
0.121167876
0.1245923
0.119221024
0.12114453
0.12993792
0.13854863
0.13379732
0.12541737
0.1283545
0.12354961
0.122007206
0.1281349
0.12874745
0.13123377
0.12788917
0.12504812
0.12732725
0.13139796
0.12336084
0.13556415
0.12820755
0.12814921
0.12840258
0.13760144
0.12217445
0.13837361
0.12124017
0.13931416
0.13508657
0.1390208
0.13814494
0.12895028
0.1232718
0.13181064
0.12561244
0.123790205
0.13476078
0.13695858
0.12777188
0.12594439
0.13285388
0.13236643
0.13133396
0.1312394
0.13561688
0.12747662
0.13312387
0.12672688
0.12646756
0.12631716
0.13143656
0.12502293
0.12380141
0.12814455
0.131391
0.138246
0.1272623
0.12002696
0.12649886
0.13433439
0.13038073
0.1317232
0.12767737
0.12621243
0.12491514
0.1346285
0.12424277
0.12568653
0.1316857
0.13133416
0.1318286
0.13292587
0.12913397
0.12948537
0.12598224
0.13719796
0.12524599
0.12899813
0.1326237
0.13255975
0.12152938
0.13459133
0.12920968
0.12413166
0.12970874
0.14252698
0.13501069
0.13701266
0.14121045
0.12963289
0.13648988
0.14746065
0.1310255
0.13483086
0.12714107
0.13526143
0.13299845
0.12931615
0.12994099
0.12805903
0.13700955
0.13754801
0.12594448
0.13311492
0.1313355
0.1297834
0.12257467
0.13698399
0.13745418
0.13143882
0.13835984
0.13424839
0.1369622
0.13079791
0.12683886
0.13276343
0.13311785
0.124770544
0.13067079
0.12920308
0.14054973
0.13492757
0.13082658
0.12636442
0.12375023
0.12928458
0.13226746
0.13355409
0.1330356
0.13500561
0.12751319
0.12849562
0.126597
0.1342544
0.12932022
0.12866046
0.13291663
0.13393548
0.12633589
0.1348518
0.14102101
0.13253948
0.13400066
0.13094804
0.13524163
0.13743779
0.121710815
0.12763205
0.13708034
0.13668862
0.12968414
0.13749598
0.12933835
0.13383551
0.12929487
0.12869571
0.12916435
0.124644004
0.12621309
0.13122763
0.11584509
0.12320545
0.12530747
0.11764198
0.134945
0.12534072
0.12170258
0.12949982
0.12627648
0.1230139
0.1294572
0.12605181
0.13547425
0.12975794
0.12184032
0.12949872
0.12399637
0.12989219
0.11851309
0.1173647
0.12723857
0.124858566
0.12543796
0.13695349
0.13313235
0.116737954
0.12873206
0.12031426
0.12393718
0.12526244
0.13483478
0.121836826
0.1284171
0.12307218
0.12525722
0.12705934
0.12825066
0.12488839
0.122810975
0.13265842
0.12667905
0.12916069
0.13085026
0.12271913
0.11804877
0.13504466
0.12366946
0.12257583
0.12611017
0.12067428
0.12388356
0.13045225
0.12973101
0.12383277
0.12328346
0.12624764
0.12343663
0.12417583
0.12988518
0.1248091
0.13287236
0.12510206
0.12354693
0.11553066
0.1265081
0.12856744
0.12450347
0.13015
0.12396753
0.13218285
0.12585099
0.1315221
0.12653428
0.12736154
0.13282995
0.13423766
0.12223388
0.12777029
0.12234299
0.12510598
0.1228514
0.12303263
0.12112377
0.13090412
0.12474865
0.12912463
0.12798053
0.123738095
0.13021371
0.12910351
0.13176964
0.13374251
0.12009995
0.12589307
0.12825352
0.1314188
0.1230479
0.13177015
0.13148075
0.12660807
0.1314909
0.1299784
0.13106677
0.12592797
0.13298547
0.12522492
0.12744094
0.12981774
0.12441343
0.13260733
0.13055094
0.12544835
0.1281754
0.12690802
0.1295423
0.12657483
0.12522215
0.12902589
0.13754185
0.12692463
0.13184687
0.124747775
0.12121071
0.1235229
0.12509285
0.12448686
0.123660244
0.12855437
0.12789723
0.12662683
0.12073745
0.12874883
0.12677813
0.12421374
0.13179521
0.13251968
0.12157613
0.1309123
0.12353953
0.11943024
0.12429216
0.121369444
0.12589526
0.128476
0.12265614
0.13160479
0.11911992
0.122445494
0.13105147
0.12938717
0.12236006
0.12192526
0.12857188
0.13048445
0.12743081
0.12159847
0.13216695
0.12159408
0.12090064
0.12971823
0.13515615
0.12346669
0.12858966
0.127302
0.1208871
0.12870786
0.13539658
0.13325627
0.12610246
0.11742377
0.1285855
0.13720182
0.13297623
0.122059815
0.13065511
0.12822902
0.13185838
0.1347249
0.12077345
0.13374816
0.12719655
0.13415228
0.12595937
0.12534441
0.13201396
0.13585995
0.13187593
0.12977777
0.13026889
0.13034542
0.13296264
0.12741391
0.1327016
0.12955126
0.13620734
0.12825543
0.12754506
0.12734726
0.13247083
0.12546268
0.12984684
0.13454805
0.13230534
0.13850322
0.13853934
0.126301
0.13615447
0.13329251
0.12977451
0.1384389
0.13437088
0.12842171
0.13324799
0.12985125
0.1383135
0.13460112
0.13651252
0.13756138
0.1258743
0.13446125
0.12994635
0.12850997
0.13326313
0.13569188
0.12931627
0.16747124
0.13623561
0.12642924
0.12925278
0.13371329
0.13574429
0.1333997
0.14080654
0.12999058
0.1287653
0.13607232
0.13080008
0.1356496
0.13375884
0.12662488
0.1340995
0.12932345
0.13047789
0.12574585
0.13447478
0.13318597
0.12753963
0.12365517
0.1380537
0.126278
0.13285822
0.13963656
0.13472977
0.12609842
0.12670527
0.12379646
0.13023865
0.13602352
0.12279633
0.13178124
0.123014905
0.12794663
0.12663475
0.12795448
0.1345887
0.13534
0.13920055
0.13262856
0.13229705
0.13957338
0.12909697
0.13051972
0.13237777
0.13427134
0.12626179
0.13241461
0.13070785
0.13056576
0.13828659
0.1260298
0.13043551
0.13142933
0.13504864
0.13272782
0.13706999
0.12955323
0.13592084
0.13769914
0.13502751
0.13349421
0.13796635
0.1207055
0.13793382
0.1280745
0.13378088
0.1352937
0.12914807
0.126525
0.13310799
0.13236095
0.13202004
0.13465
0.1245529
0.12750289
0.13345937
0.13351104
0.14085114
0.13259691
0.12714642
0.12523976
0.1268644
0.13595021
0.1377827
0.12819251
0.13141984
0.120774016
0.13347493
0.13995029
0.13448657
0.14080174
0.12903064
0.13895342
0.13110445
0.1295058
0.13105685
0.12427956
0.1390607
0.12938137
0.13425212
0.13193141
0.13426992
0.13504907
0.13946436
0.13198693
0.13530457
0.13616966
0.13391499
0.13002574
0.12862156
0.13035253
0.14587142
0.13500276
0.13286304
0.14007753
0.13037354
0.13982463
0.13746017
0.12897934
0.13449766
0.13307188
0.14053914
0.13179791
0.13954976
0.12630945
0.13550116
0.13414615
0.13253705
0.13565311
0.1353903
0.13062564
0.13417286
0.13175015
0.14335959
0.13787052
0.1324213
0.13999653
0.1405119
0.13610657
0.131342
0.13932887
0.14385933
0.1391312
0.13624413
0.12619382
0.14189054
0.13444422
0.13061094
0.13001956
0.121458076
0.12848485
0.13522962
0.1346131
0.1359234
0.13551159
0.12858312
0.12799738
0.13336855
0.13283086
0.13083263
0.13820781
0.12903808
0.13154441
0.13869564
0.12889591
0.1280782
0.14539501
0.13856848
0.14637236
0.13274525
0.13512754
0.14172576
0.1365819
0.13423784
0.14301254
0.13474335
0.13514362
0.13450459
0.12996419
0.13118264
0.13340637
0.12772165
0.13260868
0.13548389
0.1318555
0.13322452
0.13160157
0.13747856
0.14172088
0.12681103
0.120730214
0.1291504
0.13272619
0.13479505
0.13194291
0.14308614
0.13155484
0.13315056
0.12421868
0.13082474
0.12512325
0.15430103
0.132739
0.12014668
0.13935511
0.1362067
0.13356033
0.12563181
0.135572
0.1375893
0.13086882
0.12538423
0.12760346
0.12592961
0.12207265
0.13336878
0.12535886
0.12825115
0.12766501
0.12828389
0.12977168
0.12941921
0.12633035
0.1319511
0.12864158
0.12338888
0.12707776
0.13267858
0.12900712
0.13229862
0.1362909
0.139228
0.12853353
0.14479123
0.13597035
0.14014281
0.13443516
0.13158481
0.1275967
0.1248509
0.13881642
0.14012876
0.13510732
0.13390839
0.12753914
0.12943138
0.13828436
0.1248256
0.13678154
0.12704372
0.13117997
0.1298135
0.13363059
0.12942472
0.13843434
0.13278842
0.13755038
0.1431045
0.13531692
0.1265922
0.1317801
0.13404846
0.13410741
0.13316786
0.13693506
0.12780851
0.1426151
0.12954985
0.13260452
0.13477285
0.13026857
0.14074446
0.12994273
0.12840854
0.13947989
0.13043718
0.13361673
0.13487804
0.14082812
0.13552873
0.15597184
0.13121836
0.13833533
0.14461043
0.1442091
0.13138947
0.12883526
0.13758889
0.14329015
0.13750306
0.13133205
0.13571258
0.13683763
0.13633847
0.13528377
0.13998248
0.13563514
0.13789281
0.13372916
0.13541004
0.1348438
0.13072649
0.14054626
0.1326795
0.14092489
0.13857083
0.13238414
0.13865155
0.13718924
0.13042368
0.13606784
0.12722102
0.13725208
0.13409233
0.13500133
0.14471126
0.12772255
0.14198153
0.13842644
0.13513972
0.13436511
0.13584061
0.14020883
0.12573186
0.13797608
0.13191159
0.1337156
0.13036376
0.1300141
0.124404065
0.12438592
0.14042978
0.12662174
0.13453051
0.122164935
0.13761336
0.13811511
0.12849014
0.12987785
0.12990029
0.15091926
0.13142695
0.1339456
0.13198315
0.12550092
0.12500897
0.13597915
0.13452277
0.14394647
0.13388377
0.1336114
0.13647416
0.13269767
0.14460093
0.12442821
0.123830944
0.13175681
0.1321997
0.12584548
0.13270427
0.12945692
0.124413945
0.13672589
0.14189048
0.12398885
0.12118235
0.1311769
0.12679645
0.13243689
0.12621975
0.1344491
0.13660792
0.13221537
0.1282696
0.13824439
0.1270553
0.126981
0.12282858
0.12149926
0.13354877
0.123029195
0.1268149
0.12601243
0.12149514
0.13369696
0.13026041
0.12371617
0.13027422
0.12825468
0.1280413
0.13532828
0.13062891
0.12121731
0.12623647
0.13750003
0.12781969
0.12773256
0.12946215
0.12938501
0.123864554
0.13696297
0.12336502
0.1247798
0.12134468
0.1335775
0.12505525
0.12341736
0.13107589
0.13646623
0.12337212
0.13128759
0.13084985
0.12756003
0.124036156
0.12644327
0.1285714
0.13115898
0.12706907
0.1394071
0.12756892
0.12021593
0.12494192
0.1264475
0.12899329
0.12851863
0.12579465
0.13057594
0.12889647
0.121972024
0.1211158
0.12482028
0.124604896
0.13436948
0.12865783
0.11976175
0.12456281
0.123139076
0.13180913
0.13222668
0.12906677
0.12663944
0.12745143
0.12528943
0.11613665
0.1255304
0.12574683
0.12785374
0.12781425
0.1324184
0.13335006
0.12975453
0.1262518
0.12765244
0.13237634
0.12829168
0.123333625
0.11997038
0.12531151
0.124638975
0.12615055
0.13058706
0.1297254
0.1300153
0.13402781
0.12716138
0.13717037
0.12687457
0.13207895
0.12895952
0.124326184
0.12501682
0.12601525
0.12857918
0.12225582
0.12342947
0.13271992
0.12995549
0.12467782
0.1252492
0.12585062
0.12984844
0.12339374
0.12551975
0.123152494
0.13270247
0.12874871
0.12772092
0.13103575
0.122717895
0.14078304
0.13800278
0.12840794
0.1350665
0.13482329
0.13671878
0.13707367
0.1277651
0.12361474
0.13274898
0.12925941
0.12672195
0.12348963
0.13197994
0.12896247
0.12214595
0.13028106
0.1416491
0.1312133
0.13026206
0.13313292
0.13889566
0.13445564
0.12869619
0.12531802
0.1416464
0.12736374
0.12826368
0.12898053
0.13290066
0.13274246
0.13677685
0.13269791
0.13521037
0.1330812
0.13024281
0.13854977
0.13224758
0.12928496
0.12426795
0.12846242
0.1275242
0.13207112
0.1351245
0.13305905
0.12739636
0.13792072
0.13257962
0.13405348
0.13085689
0.1285983
0.13953388
0.1285207
0.13099274
0.13571349
0.12427267
0.12696488
0.13071427
0.13477372
0.14225513
0.13713996
0.13612443
0.12734091
0.13886209
0.13498345
0.13378555
0.13750103
0.12407696
0.13614011
0.15898052
0.1319834
0.1341565
0.13926499
0.13498405
0.13375196
0.13665517
0.13981703
0.13483661
0.14133699
0.13271865
0.14054905
0.1320097
0.13491164
0.13888988
0.14074595
0.1340513
0.1358667
0.15072511
0.1420669
0.14695649
0.14644966
0.13695514
0.13192302
0.13486384
0.13527094
0.1415985
0.13742265
0.12781177
0.13296235
0.13400136
0.12344283
0.14202051
0.13308084
0.13687107
0.13750161
0.14350842
0.13924539
0.1390777
0.12852861
0.13242973
0.13693033
0.13111366
0.130987
0.12178965
0.13368882
0.1392332
0.13744698
0.1266948
0.13406162
0.13969783
0.13588952
0.14263849
0.13896585
0.1347051
0.13597572
0.13357429
0.13134424
0.13552138
0.12713107
0.13068952
0.13326597
0.13852465
0.14097336
0.13351496
0.13898504
0.13528654
0.13993138
0.1381389
0.13572945
0.14067185
0.14777271
0.13342503
0.14721838
0.14458893
0.15005869
0.1380421
0.13420519
0.14010131
0.14054236
0.14168912
0.1388198
0.13777767
0.13776234
0.15334995
0.13812862
0.14905791
0.14102651
0.13411146
0.14101367
0.14047235
0.13935977
0.14525124
0.13334627
0.14044833
0.14165507
0.14171493
0.13355103
0.12666893
0.1432831
0.12830397
0.13968478
0.1342004
0.14020467
0.13725391
0.1334789
0.13312608
0.13833846
0.13545705
0.13858095
0.13957086
0.13275751
0.12810192
0.13167796
0.14013223
0.13843274
0.13811862
0.13231291
0.13983409
0.136813
0.13717946
0.1338746
0.14625742
0.14298308
0.14863914
0.13638829
0.13412829
0.13463435
0.13676217
0.13665272
0.13330019
0.1387357
0.1318226
0.14198662
0.13290419
0.13519162
0.12761904
0.13490604
0.14305268
0.13977928
0.1342966
0.14161411
0.14126381
0.13135327
0.12887183
0.12853847
0.14119887
0.13490672
0.13621937
0.12562472
0.14136158
0.1317799
0.1380137
0.14124905
0.12980628
0.13487357
0.1298517
0.12659647
0.12982745
0.13688233
0.13911514
0.1275371
0.124795176
0.13595363
0.12816386
0.14235179
0.13454704
0.12955739
0.1440382
0.13386832
0.13697064
0.12914228
0.1318993
0.12468886
0.12906823
0.13276638
0.13235441
0.13646935
0.136882
0.13674878
0.14210375
0.13805467
0.13860618
0.1272819
0.13083181
0.12210068
0.12883613
0.12941544
0.12522641
0.13419382
0.13014814
0.121670276
0.12750435
0.13626167
0.13160849
0.12348583
0.1402943
0.13016544
0.125256
0.1271127
0.11918266
0.122769
0.117345676
0.13308965
0.12537915
0.12926854
0.13457693
0.13482569
0.11601599
0.12170384
0.13327496
0.1426371
0.12799983
0.12595911
0.12695569
0.13193588
0.13081174
0.1309965
0.13648368
0.13847736
0.139426
0.1320558
0.13794899
0.13316093
0.13614629
0.1497918
0.13120769
0.13546294
0.13969976
0.12862484
0.12900613
0.13316192
0.12852255
0.13128048
0.12957163
0.1323697
0.14114797
0.14351872
0.13131027
0.13075624
0.13220012
0.13806967
0.1448157
0.13304965
0.1308097
0.12881325
0.13689719
0.136882
0.13791652
0.1355661
0.1284371
0.13559996
0.13663314
0.13935013
0.13624321
0.14506103
0.13678147
0.12722209
0.1332622
0.12601519
0.14099258
0.13442677
0.13950431
0.14245889
0.12820683
0.14971131
0.13241446
0.13426657
0.13979603
0.14558668
0.14357115
0.139626
0.13968898
0.14338487
0.13750857
0.13345046
0.14371718
0.13595158
0.12973376
0.13753974
0.12966824
0.14177798
0.15019225
0.1449051
0.14548247
0.13899347
0.15748821
0.13359587
0.14401722
0.13573232
0.14834394
0.14261743
0.13434802
0.13450538
0.1309719
0.14297195
0.13680625
0.14834964
0.13421486
0.13946621
0.145133
0.13483952
0.14822455
0.14042115
0.13483477
0.12919572
0.13528672
0.1331431
0.13279834
0.1381435
0.14789477
0.14439444
0.13857016
0.13745935
0.14139543
0.13989261
0.1530269
0.13774432
0.13949202
0.12879208
0.14026253
0.13654074
0.14026783
0.13595162
0.13419212
0.13120274
0.13973857
0.13183333
0.1363776
0.14287528
0.14542992
0.13621451
0.13802339
0.14074713
0.14594674
0.13894923
0.13346614
0.13839887
0.13914967
0.15180352
0.13412252
0.14263105
0.13969025
0.14644197
0.14053413
0.14473784
0.13649027
0.14248866
0.1358769
0.13783804
0.1429782
0.13648157
0.14062238
0.1391989
0.14525802
0.14047173
0.13688171
0.14355002
0.13936014
0.14772777
0.14425391
0.15268229
0.13888565
0.14335883
0.14200199
0.14555594
0.14426184
0.15068816
0.14614664
0.13136746
0.13709229
0.14238219
0.14439142
0.14162107
0.13685744
0.14771812
0.14674711
0.13842805
0.14801228
0.15088359
0.13368823
0.14638029
0.14332907
0.14059703
0.15235707
0.14614607
0.13915864
0.16081189
0.13925545
0.15044503
0.1421665
0.13756213
0.13498873
0.15340362
0.14207572
0.13867721
0.13130237
0.14102903
0.13589603
0.1452479
0.14743952
0.14342044
0.14389913
0.13726224
0.14122234
0.13244641
0.14184113
0.15096034
0.1429984
0.13402992
0.14154792
0.14289661
0.14136499
0.14821275
0.13934651
0.13605046
0.14166507
0.14873536
0.15187986
0.14861919
0.13955203
0.1498768
0.1532368
0.15373836
0.14219053
0.1504277
0.14804345
0.15115501
0.15965344
0.14845596
0.14174363
0.14915557
0.14540094
0.151612
0.14684306
0.16090831
0.14893635
0.15357964
0.16172889
0.14962159
0.13800088
0.15479338
0.14544345
0.1441434
0.15421535
0.1458745
0.14962219
0.14778526
0.14335667
0.14231698
0.15439774
0.1451317
0.14390755
0.14622743
0.14604226
0.1421508
0.1491627
0.1386704
0.13637048
0.13483188
0.14670354
0.13962919
0.14206265
0.15257561
0.1447435
0.14410919
0.1494124
0.14925534
0.14582466
0.15358852
0.14858323
0.14033362
0.14626478
0.15761435
0.14533645
0.15717253
0.14513811
0.14683442
0.15049125
0.13758902
0.15470915
0.14739932
0.14249921
0.149236
0.14408743
0.1379024
0.14152941
0.14222284
0.14402165
0.14404607
0.14903945
0.15050729
0.13610627
0.14932843
0.1463031
0.13941835
0.14278117
0.161078
0.15431364
0.15130511
0.14486043
0.14223686
0.13634945
0.16055325
0.13474786
0.14295907
0.13467953
0.14480007
0.13742319
0.14435272
0.16268581
0.13744678
0.14609711
0.13022923
0.1491356
0.1386862
0.14203472
0.1515167
0.16437532
0.13144416
0.14049464
0.14484537
0.13277547
0.1453508
0.14321426
0.14535944
0.14969894
0.14400302
0.13962549
0.14902857
0.1379753
0.13869838
0.141652
0.14227998
0.1425847
0.14331459
0.1385987
0.15511075
0.1401646
0.13819979
0.13473873
0.14191161
0.12861168
0.13049985
0.15481816
0.15295932
0.143711
0.1503508
0.14423418
0.14034835
0.13580358
0.13965163
0.14451239
0.14001292
0.1351971
0.13611957
0.14643145
0.13669676
0.14052312
0.14078325
0.14222057
0.13008608
0.15066734
0.13342121
0.13866064
0.13824934
0.14151485
0.1545556
0.15286428
0.15395695
0.13807952
0.14107935
0.13302343
0.13214089
0.15696166
0.12803042
0.14113499
0.14798716
0.13765949
0.14140661
0.1335026
0.13391423
0.1356647
0.1354371
0.1352621
0.12929933
0.14034727
0.13265742
0.12809002
0.14878747
0.14235474
0.14138727
0.13300782
0.13346937
0.13658826
0.1432727
0.12834972
0.13650253
0.13448955
0.13538013
0.13436086
0.1418313
0.14135733
0.13281092
0.13664833
0.13550182
0.14337774
0.13579613
0.14473478
0.14078714
0.15043816
0.13936019
0.1452306
0.14930275
0.13194633
0.13323465
0.14845985
0.13567287
0.12535898
0.13526027
0.13078369
0.13865922
0.15273984
0.13300635
0.1424688
0.14098433
0.137604
0.13820133
0.14955382
0.14523278
0.14539619
0.13211352
0.1409756
0.13295598
0.14031887
0.13125032
0.15002477
0.13016964
0.13386136
0.14188232
0.1400562
0.1436568
0.14726716
0.13286307
0.1410904
0.14510661
0.14898117
0.14220768
0.14126937
0.12193264
0.13896808
0.14463633
0.14460172
0.1410568
0.1319943
0.12775104
0.13924073
0.15889886
0.14436191
0.14430678
0.14741269
0.14418125
0.1397382
0.15143691
0.13947386
0.13302878
0.15024413
0.15821134
0.14110476
0.14878614
0.14660223
0.15076976
0.14094535
0.14888604
0.13693567
0.14625375
0.14612427
0.15142314
0.14577717
0.14239736
0.14642271
0.14839117
0.1715922
0.14029951
0.16848531
0.14922906
0.1491334
0.14046377
0.16065362
0.14009725
0.14972623
0.14309378
0.14997187
0.15971182
0.14896062
0.14950582
0.15410319
0.1589363
0.14586422
0.15255901
0.15529187
0.14226548
0.13471428
0.14562987
0.14305307
0.14129227
0.1448862
0.14374085
0.14591937
0.14661407
0.15312186
0.15238114
0.1539874
0.14164968
0.14336291
0.15354298
0.1485334
0.14510575
0.15412706
0.14703989
0.148542
0.14296243
0.14425525
0.14969079
0.14559828
0.15661348
0.15561703
0.14773838
0.15919474
0.16036126
0.14791462
0.14824636
0.14082667
0.13946714
0.152814
0.15408725
0.15453425
0.14244033
0.15942141
0.16079585
0.1371367
0.18247531
0.1523983
0.15577084
0.15183796
0.15125437
0.15927187
0.15037242
0.14933454
0.14566925
0.14776058
0.15131883
0.14177479
0.15231882
0.14266427
0.14741455
0.16012675
0.159791
0.15109256
0.15016502
0.15258087
0.14234388
0.15142557
0.13328308
0.14857851
0.15391845
0.1576012
0.14586458
0.14533561
0.13600758
0.15620106
0.13975056
0.14984505
0.15323481
0.14836963
0.16371727
0.15756723
0.14381206
0.16634247
0.16001154
0.14396049
0.14981398
0.15469782
0.14522684
0.14756985
0.14840408
0.15423462
0.1374417
0.1703093
0.14655964
0.15914038
0.15024306
0.15270282
0.15436867
0.15382977
0.14781024
0.14662658
0.14596325
0.15432282
0.15435046
0.14492099
0.1617424
0.14410865
0.14638072
0.1512851
0.15264007
0.13914661
0.15150996
0.1637717
0.1605776
0.13841574
0.14933395
0.1531944
0.14020917
0.14053605
0.14742622
0.14722645
0.1497891
0.15638323
0.1390301
0.1467689
0.14344257
0.14310648
0.1472856
0.14519571
0.14220972
0.14551081
0.1557451
0.13838188
0.15273513
0.14252977
0.14402647
0.14341934
0.13596676
0.14356247
0.14353575
0.15772668
0.14058003
0.14744979
0.14864752
0.14073859
0.1357606
0.14535937
0.1383098
0.14936772
0.14991146
0.14129786
0.15267986
0.14763233
0.14406319
0.14454596
0.1585694
0.14019237
0.15161322
0.14951956
0.15341742
0.14833693
0.13691492
0.14657618
0.15004587
0.13684544
0.15726642
0.14198457
0.15231119
0.14421472
0.15108936
0.15487921
0.14854269
0.15324673
0.142626
0.150968
0.14790195
0.13110407
0.15389067
0.15392281
0.14053658
0.14711
0.14535916
0.13449441
0.14268412
0.1461468
0.14215878
0.14062154
0.1498286
0.12915438
0.15964471
0.15555915
0.1516126
0.14591686
0.16005634
0.15354992
0.1527163
0.15537204
0.14058867
0.15495147
0.14641479
0.13717864
0.1419708
0.14715934
0.14275254
0.14563377
0.15107445
0.15709999
0.16001274
0.1694759
0.1652487
0.15112148
0.14713599
0.16390777
0.162372
0.14423366
0.15320833
0.14059263
0.14370117
0.14854153
0.13345243
0.13933101
0.15198308
0.1450224
0.14629973
0.15265636
0.14003883
0.13774566
0.15319982
0.14653055
0.1332729
0.14559288
0.1566836
0.14360462
0.14698802
0.13980132
0.14743157
0.14129367
0.15061867
0.14519404
0.14567426
0.15892121
0.14302926
0.13821587
0.1481174
0.157851
0.14819013
0.16612805
0.15262693
0.14586663
0.14939393
0.1476863
0.16682367
0.14354755
0.15604316
0.15450132
0.14973004
0.14519922
0.14642015
0.15198942
0.14936621
0.15245487
0.14527017
0.1554522
0.16751264
0.14609495
0.14865015
0.14970298
0.14435768
0.15599358
0.137285
0.14322215
0.14682688
0.14824225
0.14703739
0.14148861
0.15249723
0.15131901
0.14990176
0.1406307
0.15174493
0.14685372
0.13879935
0.14942218
0.15919085
0.14431629
0.1436761
0.14475305
0.14214109
0.1425137
0.1449023
0.14802511
0.16317633
0.14453429
0.1479789
0.15095742
0.14652866
0.14146347
0.15291248
0.16120848
0.14571097
0.15571167
0.15564758
0.15888463
0.14463651
0.15328696
0.16248058
0.15359505
0.13554482
0.15380411
0.16070522
0.16110322
0.1393405
0.16481803
0.13932115
0.16088156
0.14834978
0.15991
0.16284472
0.15377606
0.15768766
0.15504897
0.16132692
0.15200357
0.1657873
0.14785615
0.15347597
0.15872248
0.15973851
0.15453637
0.1497116
0.14996159
0.15266137
0.15426904
0.16417798
0.15058729
0.15472697
0.15855293
0.16115013
0.16101657
0.15630095
0.16151755
0.15845181
0.15354495
0.15827836
0.14943092
0.17111161
0.16686971
0.16547634
0.16331097
0.1654368
0.15215918
0.16836046
0.17735885
0.16064355
0.15805618
0.15782432
0.16351086
0.17351277
0.1580618
0.17251499
0.16247715
0.15178618
0.16537192
0.16485365
0.14760393
0.15132672
0.16499043
0.14881702
0.16418692
0.16204248
0.17138122
0.162713
0.15365387
0.16636826
0.16501448
0.16116302
0.1648154
0.16666509
0.15582465
0.15810075
0.15857269
0.17234212
0.15867709
0.16456853
0.16383684
0.17831263
0.1574163
0.17613281
0.1564438
0.16068138
0.17793797
0.1597474
0.16440406
0.18596053
0.16459854
0.16418679
0.16269116
0.16821004
0.17082289
0.15320718
0.15933867
0.16530949
0.16318019
0.17173299
0.16809234
0.15557125
0.1550807
0.16349472
0.17221294
0.16212487
0.17927545
0.14612567
0.17089184
0.1715647
0.16027194
0.15444103
0.16883005
0.15561514
0.17786573
0.15893167
0.16387913
0.15902716
0.16664656
0.17612708
0.17843981
0.16462044
0.16120772
0.15562974
0.16710377
0.16414575
0.17285523
0.16451436
0.16278096
0.1641702
0.16109805
0.17933999
0.16525109
0.16511056
0.14928615
0.15239602
0.16159284
0.15470967
0.16271576
0.1626796
0.16738403
0.1655044
0.15430807
0.16008444
0.14744796
0.14206651
0.16475825
0.17190647
0.16555542
0.1621079
0.15127793
0.15480842
0.1565655
0.16486384
0.16557544
0.15769778
0.16056481
0.16848947
0.18278839
0.16315465
0.17152295
0.15680426
0.14928716
0.15708672
0.17261353
0.16339205
0.15929091
0.17269418
0.15700372
0.15717295
0.15137556
0.15505469
0.16021936
0.1588553
0.16766848
0.17814471
0.15898962
0.16715418
0.15517624
0.16054739
0.15775949
0.15876704
0.17013106
0.15965462
0.1764094
0.17736843
0.17217007
0.15003325
0.16546416
0.16153222
0.14615175
0.16527006
0.15020345
0.16809314
0.1639879
0.16810903
0.14665382
0.15406364
0.15195484
0.15050349
0.15087537
0.15650785
0.14738669
0.15224817
0.15510115
0.15385875
0.14597857
0.15386547
0.15473121
0.15307714
0.1540746
0.15610065
0.14689688
0.15781736
0.17571294
0.15938927
0.16123411
0.16855639
0.15560319
0.14215986
0.17600106
0.15293056
0.16560191
0.14860839
0.1712026
0.14142565
0.16557091
0.16047242
0.14869028
0.15774828
0.16821167
0.17116593
0.1676886
0.15548575
0.16015264
0.1636289
0.16290526
0.15676498
0.16277643
0.148952
0.17481194
0.15307593
0.16816129
0.1591366
0.14230363
0.15883951
0.16587703
0.16273625
0.15764935
0.14058022
0.16180322
0.14769699
0.15363538
0.15960763
0.15532577
0.1538015
0.1422614
0.15693823
0.15341862
0.16026035
0.15535213
0.15464051
0.1438648
0.15378104
0.15318991
0.16360627
0.15003724
0.13984264
0.15162294
0.15390362
0.14114691
0.14049187
0.15699245
0.16705392
0.14415401
0.16810068
0.17456667
0.15372315
0.14390655
0.1356832
0.15164733
0.12999085
0.13229202
0.14116962
0.14022931
0.14313495
0.13594857
0.16710356
0.13407414
0.14657462
0.13819401
0.13350342
0.13661712
0.12994254
0.13853101
0.14521123
0.15386823
0.14554305
0.13306306
0.14337733
0.14287803
0.14415933
0.1421913
0.14296825
0.14026931
0.14088726
0.14738992
0.14350463
0.1470088
0.14194454
0.14828765
0.15216656
0.1545374
0.13970548
0.16955282
0.1452256
0.15473968
0.15423103
0.14810586
0.14995645
0.14723563
0.14487204
0.14601277
0.14337069
0.14029467
0.13664225
0.13981427
0.15633991
0.14955226
0.15708297
0.13278818
0.14856072
0.13904576
0.13993035
0.14705019
0.14768249
0.14919387
0.14986339
0.1587491
0.15337132
0.14790244
0.14834985
0.15911129
0.1582766
0.14913596
0.14800021
0.14745656
0.1469893
0.1398486
0.15400554
0.14756842
0.15535203
0.16335437
0.15831591
0.15781356
0.1483743
0.15142632
0.15351877
0.16095869
0.14206207
0.16780968
0.15360093
0.15341638
0.14743401
0.14949542
0.15267739
0.15960845
0.17120962
0.15181166
0.14158596
0.14116114
0.14977135
0.16096833
0.156086
0.14453936
0.14940973
0.14641996
0.16198495
0.14256851
0.1495284
0.14869697
0.1449753
0.15215455
0.15458147
0.15195465
0.15567817
0.15660676
0.13667417
0.14918725
0.14706025
0.15335757
0.15464021
0.15812549
0.15008444
0.15760565
0.15356669
0.15016516
0.15739529
0.1368708
0.16532147
0.14605384
0.1535271
0.15757367
0.16028598
0.16323368
0.1430429
0.14434148
0.15551774
0.1515667
0.14811125
0.1468806
0.16309223
0.15784165
0.1683845
0.16570297
0.16383359
0.15702306
0.16202366
0.1513641
0.14153385
0.1744262
0.17129186
0.15606037
0.1660747
0.16595958
0.1669772
0.15909448
0.15204428
0.16352423
0.14329472
0.16015841
0.15558316
0.15822281
0.16191168
0.15146935
0.15920013
0.16109304
0.15138435
0.16840608
0.14307983
0.16208656
0.16044205
0.17075598
0.14882235
0.15685648
0.16248314
0.18173836
0.16372585
0.15494001
0.1703059
0.15660302
0.1667029
0.18187857
0.15799737
0.1609107
0.16228332
0.16963871
0.1556992
0.16057302
0.15480268
0.14687285
0.15810896
0.1750871
0.16581823
0.14853959
0.17893277
0.1566427
0.16349299
0.16271375
0.15594476
0.17316364
0.15142262
0.17413835
0.18327631
0.16202682
0.15975937
0.17492238
0.15785412
0.16838
0.16261305
0.17684838
0.15677723
0.16375431
0.19508006
0.16485034
0.16965196
0.16018087
0.14810617
0.1531742
0.160391
0.1608594
0.14835581
0.16711842
0.15841712
0.16426104
0.1668573
0.16553798
0.15066205
0.14609186
0.15203883
0.15983105
0.14992464
0.16423135
0.15896443
0.1438535
0.16460027
0.16673954
0.16874765
0.14828417
0.15152167
0.15977827
0.15653667
0.15381664
0.15366471
0.1563553
0.14903964
0.15232335
0.17330025
0.16053891
0.16430336
0.1560855
0.15771484
0.15139979
0.14555433
0.14924966
0.15397353
0.15793066
0.1566414
0.15543579
0.1463951
0.15736017
0.16549137
0.15362602
0.15525956
0.15121302
0.16645898
0.16450809
0.1581952
0.15566073
0.1741014
0.15263583
0.1599044
0.15290013
0.15723737
0.15791193
0.15119168
0.1566731
0.17416912
0.16024782
0.15034887
0.14716932
0.18154731
0.16633895
0.14930142
0.18905985
0.1582936
0.1503075
0.16354132
0.15686925
0.16169325
0.1542635
0.14841938
0.15251894
0.14990023
0.16356964
0.17229582
0.1748443
0.15253128
0.16464943
0.16567656
0.15414949
0.15444516
0.157905
0.16566987
0.15772304
0.16039139
0.1605491
0.15793504
0.1607747
0.16130273
0.15686749
0.15931989
0.1608533
0.17157272
0.15525283
0.14924397
0.16243684
0.15356788
0.14683527
0.15113169
0.14620431
0.14938018
0.1536751
0.16414441
0.1747278
0.18475965
0.17821556
0.15644129
0.15202439
0.1543966
0.1624522
0.15298514
0.14960559
0.16141571
0.14963928
0.15606862
0.1668459
0.16129792
0.16298963
0.14834218
0.14197376
0.1519208
0.15235318
0.16227517
0.15534118
0.1538808
0.16292368
0.16232364
0.15382989
0.14793289
0.15151879
0.14225642
0.15815651
0.16224064
0.1560547
0.17001049
0.15639742
0.15322824
0.1550871
0.16408555
0.14129485
0.1468528
0.15706697
0.15675546
0.16442248
0.14833209
0.16709514
0.15481102
0.16219896
0.14246485
0.15074097
0.15180957
0.17482504
0.1556705
0.15958385
0.13940555
0.15389135
0.1603209
0.14919119
0.1494129
0.14723302
0.14678945
0.1565509
0.14907661
0.14867881
0.16645697
0.14634289
0.14747874
0.15481445
0.14920571
0.13259433
0.14875655
0.14732486
0.14322251
0.15151258
0.15081193
0.14405563
0.15015633
0.14824536
0.1720752
0.15148115
0.145717
0.14385743
0.15045278
0.13820995
0.13450812
0.13897112
0.14106132
0.14602064
0.15278295
0.15156382
0.14091766
0.13994351
0.1465295
0.14552164
0.13569322
0.15416326
0.15381786
0.1484207
0.13714072
0.13509478
0.14699158
0.13564596
0.13300595
0.1349331
0.14143702
0.13663356
0.14126664
0.14871927
0.14838816
0.15429017
0.14771971
0.1564543
0.19562156
0.15634972
0.14030005
0.15889952
0.20456448
0.14183657
0.14118207
0.14928986
0.1525345
0.14892645
0.14775033
0.16468313
0.15536739
0.14119127
0.14728308
0.14379942
0.14702569
0.16737299
0.13849816
0.15560362
0.1960613
0.15268272
0.14225145
0.16553721
0.1558876
0.15207317
0.15492108
0.1474325
0.14136417
0.15404707
0.17428689
0.15395783
0.15144144
0.1479599
0.14911653
0.14474952
0.16696945
0.14439943
0.14767729
0.147966
0.15866925
0.1418294
0.14218183
0.15493934
0.13945766
0.13778186
0.14994223
0.14475869
0.14017418
0.14435948
0.13609637
0.13419655
0.13605805
0.13920239
0.14247684
0.1485035
0.14925572
0.13970563
0.13790931
0.1438839
0.15013662
0.16593622
0.15352447
0.14444096
0.14772111
0.14437565
0.15492676
0.1438403
0.14340901
0.15365672
0.15267777
0.14664033
0.14486563
0.14566931
0.14515126
0.14643969
0.14579202
0.1553492
0.1512367
0.15344714
0.15045291
0.15846983
0.14589494
0.14440721
0.15403165
0.14807832
0.15005447
0.1549642
0.1495921
0.15455532
0.15028866
0.15385489
0.1600182
0.18282674
0.16577867
0.15142787
0.15977673
0.1458349
0.1571097
0.15191236
0.15488596
0.15322514
0.15841918
0.14730194
0.14831002
0.14149411
0.14123808
0.147557
0.1491948
0.14821756
0.14996368
0.16144113
0.1518394
0.14839251
0.16015217
0.15555869
0.1479769
0.14299856
0.1474856
0.15737171
0.15813737
0.17018913
0.15677764
0.15272105
0.15431777
0.15241385
0.16413988
0.15563452
0.16089994
0.16089849
0.16289066
0.15753096
0.15945874
0.1526056
0.15960106
0.16495028
0.16980907
0.15379135
0.1596934
0.16302456
0.15759084
0.16186832
0.16350812
0.16803703
0.16130126
0.16247441
0.16508079
0.1599907
0.15949261
0.15611343
0.15902166
0.15429047
0.15558751
0.16435036
0.15280536
0.15361238
0.15682513
0.14767128
0.14851868
0.15939124
0.18602803
0.15624137
0.16636017
0.16656066
0.18998373
0.17100914
0.17462952
0.163027
0.15215641
0.16406602
0.19881082
0.17316586
0.16271716
0.17551109
0.17396416
0.1669561
0.17944106
0.1602016
0.14925495
0.15064305
0.15364441
0.15984121
0.15693621
0.15619333
0.14911027
0.14968258
0.15792897
0.17338783
0.20734249
0.17170122
0.18290801
0.17058957
0.17338882
0.16399817
0.16365835
0.17381908
0.16681705
0.16375381
0.17196925
0.1749752
0.16577305
0.15508106
0.15030876
0.15805104
0.16644928
0.16236109
0.17410196
0.16453964
0.16114396
0.16230279
0.16100466
0.16063213
0.16930862
0.16076304
0.16049665
0.15922764
0.16032568
0.16379666
0.17391627
0.20176686
0.17587043
0.16351879
0.1586576
0.16130577
0.15842515
0.17122534
0.16869077
0.16523486
0.16764891
0.17482832
0.15772441
0.14927694
0.15457675
0.16786729
0.1663152
0.17209768
0.16008049
0.1600762
0.17211547
0.17352587
0.16862993
0.1637565
0.1788052
0.17064919
0.18073699
0.17107375
0.16309704
0.17113899
0.19524084
0.17459634
0.16814518
0.16813484
0.17029272
0.17008132
0.18802279
0.17673963
0.18280534
0.17521636
0.1792052
0.19270878
0.17471868
0.17678215
0.17769252
0.19531402
0.17807825
0.18327007
0.17581134
0.17823915
0.16634686
0.16888173
0.1673513
0.16900294
0.1774579
0.18435565
0.17482105
0.1739845
0.16885993
0.17890021
0.19970559
0.18593696
0.19155693
0.17036508
0.17375103
0.18524131
0.21776325
0.18923935
0.18236105
0.17396641
0.17545085
0.19957866
0.1805583
0.183239
0.21494584
0.18948507
0.19404377
0.18808512
0.17511591
0.17951189
0.2493421
0.1875314
0.18475747
0.1957928
0.174394
0.1760396
0.18457137
0.18791287
0.18540676
0.19664794
0.18176052
0.17436592
0.20071086
0.18850926
0.20002621
0.191735
0.17563818
0.17758173
0.18522626
0.17524493
0.18074559
0.17581326
0.16909677
0.1703524
0.17960206
0.17242646
0.16970627
0.16889639
0.17400348
0.18196283
0.18265301
0.15748437
0.15335521
0.15845484
0.16451634
0.16627096
0.17156081
0.17453077
0.1685709
0.16498022
0.16195282
0.16102438
0.16359952
0.16532211
0.17049873
0.16559789
0.15627041
0.15385607
0.15592328
0.16376613
0.16142319
0.16190796
0.15958846
0.15929987
0.14990832
0.15225679
0.15191145
0.16413653
0.15952337
0.15795942
0.14521272
0.14071466
0.14243482
0.14927208
0.15545122
0.1563256
0.15707238
0.15211505
0.15009734
0.14951628
0.15847242
0.1567141
0.16006158
0.15403098
0.15576518
0.1515328
0.14931233
0.14537022
0.1559964
0.1853917
0.1680748
0.16063406
0.16022375
0.1452443
0.14104535
0.13982818
0.14882085
0.15240684
0.14574598
0.14236747
0.14236175
0.14999717
0.15767178
0.16412568
0.15954317
0.15797137
0.14873794
0.14751858
0.14593206
0.1390673
0.14990425
0.14454551
0.14514339
0.13551842
0.14502187
0.15292765
0.15142132
0.14995384
0.14835489
0.14980644
0.15643285
0.15636328
0.15806407
0.15144412
0.1475048
0.1484074
0.13519324
0.1385714
0.14207684
0.1554074
0.1570627
0.14537042
0.13791299
0.13675517
0.14853798
0.15894493
0.16171609
0.16065954
0.16362739
0.15789315
0.15727393
0.14276385
0.1480432
0.14419532
0.14529398
0.13675068
0.12861814
0.12588635
0.13238212
0.1470609
0.14820962
0.14361593
0.13895243
0.13993163
0.14198081
0.14060557
0.1446135
0.1415067
0.14496987
0.14161201
0.13705295
0.12698735
0.1259683
0.13251558
0.14478046
0.14380527
0.14417681
0.13814957
0.14743383
0.14809878
0.1381987
0.12891154
0.12684062
0.13837919
0.13588287
0.13555062
0.12995706
0.14412984
0.14578983
0.1507627
0.14922264
0.14618284
0.13979937
0.12912366
0.12624
0.1301368
0.13777973
0.13729607
0.13431188
0.12095906
0.11876973
0.11416127
0.11913707
0.1165347
0.11696604
0.11774646
0.118188284
0.119291894
0.11562353
0.114802405
0.118716136
0.11820314
0.12046752
0.114621356
0.11345853
0.11987727
0.1234646
0.12483912
0.11887566
0.11368899
0.11660038
0.117559515
0.13011278
0.12855086
0.12937039
0.118144125
0.12327804
0.121722326
0.11953671
0.114438586
0.11681165
0.12639521
0.13136348
0.12608227
0.11840243
0.11749816
0.12204273
0.119854234
0.11785236
0.118721634
0.120727226
0.11811441
0.113935255
0.116011925
0.11999668
0.11872365
0.11968716
0.11684195
0.12223275
0.118584946
0.11761239
0.1142073
0.1164596
0.11775768
0.113792226
0.11556201
0.11523145
0.12175068
0.11596382
0.12323784
0.11987627
0.1266491
0.11593646
0.111706175
0.11527193
0.11787195
0.121798284
0.11991223
0.11865854
0.12635842
0.119891524
0.11884693
0.11930574
0.121998936
0.125135
0.12264425
0.12793426
0.13175239
0.132422
0.13195573
0.12979162
0.12783383
0.12331771
0.11893407
0.12180589
0.12528042
0.13366422
0.13284442
0.13197994
0.13747773
0.13813142
0.13651554
0.13277233
0.13312349
0.13522796
0.13068308
0.13338584
0.14159885
0.13817921
0.13268404
0.12558776
0.12732838
0.123496465
0.12347321
0.1284334
0.13363941
0.13055432
0.12824859
0.12796257
0.13222733
0.1324094
0.13691449
0.13859573
0.13948458
0.13735536
0.13227776
0.1360205
0.1332058
0.1389883
0.13398199
0.13689876
0.13047321
0.12868513
0.12926626
0.12902829
0.13261096
0.12503065
0.12567729
0.12872185
0.13342711
0.13864711
0.13198644
0.1337937
0.13409485
0.13499124
0.12822223
0.1248546
0.12689552
0.1404115
0.13608164
0.13213336
0.12997799
0.13298242
0.13844839
0.13560799
0.14011522
0.14439878
0.14118911
0.13589323
0.12774399
0.12588692
0.12562951
0.13015433
0.13077274
0.1381403
0.13948242
0.13646577
0.13399833
0.13119529
0.14037544
0.15045948
0.15594877
0.16023318
0.15011205
0.14704184
0.13783643
0.13440828
0.12603875
0.12508492
0.12706976
0.13864538
0.13791154
0.1397602
0.1336904
0.13852504
0.1334207
0.14143007
0.14936881
0.15448293
0.15269879
0.13762212
0.13348061
0.1381836
0.14647567
0.15314794
0.14876632
0.15104388
0.15207413
0.14655034
0.14135195
0.13892663
0.1504175
0.14803876
0.14794247
0.14792094
0.15141001
0.1524096
0.14049985
0.14168376
0.1403326
0.14254749
0.14640221
0.14403184
0.14729412
0.14090583
0.14580102
0.1400493
0.1385543
0.1388811
0.13878049
0.14562349
0.14355487
0.14997894
0.15498191
0.15516652
0.14925674
0.14792554
0.14537829
0.14751855
0.14181441
0.15928374
0.15786664
0.15752631
0.13819504
0.14359067
0.15137556
0.15410195
0.15344647
0.14587039
0.14805467
0.15264322
0.16056502
0.15503594
0.14846708
0.14385957
0.15493786
0.15616643
0.1634572
0.1579485
0.15855418
0.15559274
0.15214723
0.14798942
0.14080122
0.14345893
0.14075364
0.13504608
0.13228376
0.13279793
0.13388744
0.1352134
0.14508373
0.14929211
0.14880854
0.14617616
0.13911821
0.13970406
0.13210334
0.13891554
0.13810432
0.1387525
0.14173323
0.13858901
0.13717544
0.13437735
0.13450971
0.14059284
0.13974245
0.13964468
0.13968456
0.13846827
0.13942261
0.13689944
0.14432341
0.14906804
0.15333234
0.15508336
0.15835054
0.1553954
0.14831309
0.14047502
0.13709298
0.13080087
0.13625431
0.13368376
0.13632615
0.13035181
0.13566788
0.13937035
0.14959179
0.14587478
0.14609562
0.1367922
0.14174226
0.14252523
0.137812
0.13100551
0.12578763
0.1305451
0.12861095
0.12926847
0.12609453
0.13694584
0.14212517
0.14122891
0.13478018
0.1285797
0.13111614
0.13147286
0.13848189
0.13557744
0.13756517
0.13587227
0.13376707
0.13113256
0.12636423
0.12749918
0.13454647
0.1372736
0.14464638
0.1367825
0.13428637
0.13423628
0.13912115
0.1339675
0.13350232
0.1300762
0.13296442
0.12745816
0.12729298
0.13450827
0.13809069
0.13519259
0.1284732
0.12961932
0.1386895
0.1372293
0.13063782
0.12659064
0.13231404
0.13459274
0.13325663
0.13776892
0.13547911
0.1343141
0.13039331
0.13800123
0.13899705
0.13113351
0.12717056
0.12457567
0.13261612
0.13644965
0.14153954
0.14267866
0.14352138
0.14827462
0.14571236
0.14600295
0.13851577
0.13554142
0.13264297
0.13495286
0.1462574
0.15244782
0.15634346
0.14689916
0.14705355
0.14199664
0.14428039
0.14259647
0.1482717
0.14947376
0.16052811
0.15750356
0.15420756
0.13875157
0.13952076
0.14354627
0.14761886
0.15003084
0.15038788
0.14814475
0.14941575
0.14912033
0.14706367
0.14532076
0.1476798
0.1585301
0.15621652
0.15567598
0.15110165
0.15466307
0.15425828
0.16207023
0.15877815
0.16170673
0.15386917
0.15777253
0.14971764
0.1515816
0.16074151
0.1730355
0.17177369
0.1576253
0.15094806
0.15231554
0.15790202
0.16843954
0.17508687
0.17827332
0.17480704
0.17125498
0.17644541
0.17900005
0.18006627
0.1696583
0.16612816
0.16970482
0.17626055
0.17375772
0.1658873
0.16330962
0.1627353
0.1669935
0.16735151
0.16629493
0.1603932
0.16794647
0.16892016
0.17676994
0.17264353
0.1717345
0.16882841
0.16543631
0.17243911
0.17191036
0.16649061
0.16687888
0.16616435
0.17214674
0.17180102
0.16608468
0.16432483
0.15658103
0.16029465
0.16257572
0.16992864
0.16916548
0.16466787
0.15882894
0.1654927
0.16832611
0.17240039
0.16708034
0.16596924
0.16676189
0.16734868
0.17023146
0.16996555
0.17671302
0.1718102
0.17026924
0.16738965
0.16945656
0.16309012
0.16346893
0.17718646
0.19117731
0.19551666
0.17527016
0.1673196
0.15864587
0.17515856
0.16905235
0.17162561
0.16290778
0.16598162
0.17000112
0.1728039
0.17010373
0.16835563
0.16887733
0.17074265
0.1658043
0.16961965
0.17247416
0.17729019
0.16919124
0.17114115
0.16150929
0.16007555
0.15727045
0.16205873
0.1660137
0.16439955
0.17676167
0.17562899
0.17631568
0.16699167
0.16291335
0.16898158
0.16445304
0.17073998
0.17501803
0.17974988
0.17445536
0.16698138
0.1649176
0.17229383
0.1746464
0.17966612
0.17470181
0.16656385
0.17210256
0.17419237
0.18580171
0.17498456
0.18920824
0.18326822
0.18287525
0.1751464
0.17667316
0.18009205
0.18131587
0.17875943
0.18506984
0.17700718
0.18668538
0.17926234
0.17642978
0.1692034
0.16256548
0.16621533
0.16698354
0.17234686
0.16466881
0.1893591
0.19197088
0.20673046
0.18316987
0.18638615
0.17847607
0.18233801
0.17736949
0.17612283
0.17208512
0.17090821
0.17829636
0.17580928
0.1799338
0.17777535
0.1780514
0.18158786
0.17348823
0.17358646
0.16679868
0.17697197
0.18419372
0.18435806
0.18666537
0.1759027
0.18286398
0.17458636
0.1767935
0.1714076
0.1705965
0.17523539
0.1833156
0.18805684
0.18874867
0.18017264
0.18024674
0.17290476
0.17131443
0.17000854
0.18034618
0.17785399
0.17686203
0.16580743
0.17068423
0.18565306
0.18904348
0.1853206
0.16547292
0.1681489
0.16600528
0.17071328
0.17195278
0.17288713
0.17666982
0.18205912
0.1925896
0.18834674
0.18336819
0.18497682
0.18132661
0.18022844
0.17307442
0.17490716
0.17602196
0.17635342
0.18547821
0.18362856
0.18887684
0.17383757
0.17299244
0.17623715
0.18668818
0.18808776
0.182203
0.18042576
0.18924958
0.18667246
0.18832916
0.18846402
0.19436933
0.19175532
0.17777653
0.16894989
0.17428622
0.180975
0.1965928
0.1992849
0.20213294
0.19121623
0.18881918
0.18137568
0.17426947
0.17027459
0.18092111
0.2013154
0.21303412
0.21160607
0.19685079
0.19976588
0.18774147
0.18975258
0.17707834
0.18793432
0.19075583
0.19069386
0.19279985
0.18851611
0.1897067
0.18764111
0.19808406
0.20111611
0.20386702
0.2006453
0.1960086
0.19592321
0.19036917
0.18779956
0.18668784
0.18762201
0.19984025
0.19000413
0.19811754
0.18592907
0.19292124
0.19734219
0.19995989
0.20347366
0.18843754
0.19046879
0.1830084
0.19117007
0.19209036
0.20241843
0.21107464
0.20723334
0.20132434
0.20225514
0.21641663
0.21747828
0.20737888
0.20468709
0.20702071
0.20713496
0.19669883
0.19267115
0.19731714
0.20180076
0.20471117
0.19652244
0.19939168
0.19711374
0.2078873
0.20711595
0.21179226
0.20671391
0.2106308
0.21269612
0.21948487
0.22467257
0.22858016
0.20877683
0.19957504
0.1959944
0.20670593
0.2099722
0.20117156
0.20316093
0.19818367
0.20479992
0.19822127
0.19799593
0.18804908
0.19590521
0.19348203
0.20407204
0.19805484
0.19611825
0.1892012
0.20833224
0.21727243
0.21561666
0.20161757
0.19449832
0.1973644
0.19205251
0.18096548
0.18049803
0.18547629
0.19460945
0.19903763
0.19668296
0.20459706
0.20617352
0.20977971
0.20380409
0.19442868
0.19013831
0.1957616
0.19830665
0.1973641
0.19564575
0.203678
0.20892413
0.21105444
0.20838498
0.20770428
0.20791192
0.20883062
0.20395744
0.20079781
0.2048674
0.20630166
0.20124884
0.18876883
0.19641566
0.20752794
0.2136843
0.20731647
0.20232287
0.20670168
0.2059912
0.19580673
0.19616245
0.19843778
0.2092367
0.20045924
0.20362277
0.20360535
0.20939079
0.20817393
0.2159214
0.21951169
0.20769908
0.19538775
0.19079593
0.19379309
0.20111327
0.19829474
0.20779753
0.20475465
0.21087563
0.20576864
0.2123095
0.20723997
0.21116416
0.20768704
0.20406045
0.19662058
0.21593496
0.21937951
0.21000066
0.19946004
0.20551449
0.21609019
0.20917073
0.201292
0.20159388
0.19740576
0.19670483
0.18917291
0.1856495
0.19525543
0.20499784
0.19985132
0.19549091
0.19464368
0.19797933
0.19605207
0.19912085
0.20861219
0.21336223
0.21167761
0.20682736
0.20524478
0.20617987
0.20917955
0.20008773
0.19789983
0.19159634
0.1995639
0.2066654
0.20991693
0.2092256
0.20077977
0.19086818
0.19058096
0.20162754
0.20792867
0.21276216
0.20293798
0.19956389
0.19122835
0.20010129
0.20462841
0.20868813
0.20404269
0.2059167
0.20903192
0.2140341
0.22002213
0.2106338
0.20253533
0.19473553
0.21621862
0.21014993
0.2019348
0.18146287
0.18799312
0.18772782
0.18628423
0.19278589
0.208247
0.21099249
0.20948875
0.20581889
0.20856309
0.20379458
0.20259869
0.20883325
0.20824061
0.20369042
0.19317028
0.19121435
0.18989393
0.1979409
0.20701984
0.21168318
0.21660224
0.21035725
0.20594046
0.20012283
0.20943117
0.21510485
0.22744013
0.22899123
0.23068483
0.21597244
0.20062618
0.19754738
0.19663109
0.20409475
0.20546512
0.20840894
0.200363
0.2016414
0.20568307
0.20379257
0.20809315
0.2106152
0.21492527
0.21140371
0.21397777
0.22126947
0.21987799
0.2093151
0.20137008
0.20809504
0.20761746
0.20861076
0.213017
0.21506596
0.22789474
0.21536887
0.21973525
0.21428081
0.22506872
0.22974607
0.2269732
0.22163835
0.22822028
0.24170843
0.24108543
0.23687242
0.22346383
0.22533745
0.21617274
0.216801
0.2236993
0.23118776
0.24529892
0.24363658
0.24521533
0.24065353
0.24723762
0.24956876
0.24722804
0.24378826
0.24228188
0.2497313
0.24604255
0.23798634
0.23016585
0.23084113
0.23686989
0.25010318
0.23161845
0.23473267
0.2270953
0.24611731
0.2459073
0.24199322
0.2393954
0.2502823
0.24998139
0.25053522
0.24114062
0.23975557
0.24339752
0.24403676
0.2511017
0.2555271
0.2530428
0.24622492
0.23561819
0.24028534
0.24979936
0.25893235
0.25763696
0.25901175
0.2637977
0.25487202
0.24244618
0.23196594
0.23481354
0.23497935
0.24552746
0.24819694
0.25118154
0.23418328
0.23602398
0.24025145
0.25506753
0.25182155
0.25135022
0.25841174
0.26351172
0.26130778
0.2568067
0.25208694
0.2473438
0.23949951
0.24388033
0.23844354
0.24064125
0.24611667
0.25314277
0.25506002
0.25424233
0.25500402
0.24901895
0.23546165
0.23720162
0.23519504
0.2294012
0.22370407
0.22578052
0.22772464
0.24100278
0.24551585
0.2510952
0.25051528
0.24436642
0.25566018
0.26525116
0.26717135
0.2624793
0.2567555
0.26126358
0.2501779
0.24511339
0.23557171
0.24993494
0.2457066
0.25353858
0.2485423
0.2535034
0.25784397
0.28125307
0.29846665
0.29884604
0.2847856
0.2676062
0.25146815
0.24067739
0.24121022
0.2433034
0.25590223
0.24910364
0.26587966
0.26143387
0.26788518
0.2561357
0.25280294
0.25940087
0.27171895
0.26806036
0.2584488
0.24812414
0.24516289
0.24413094
0.24624616
0.25114936
0.2627981
0.2567851
0.26254955
0.24628405
0.2539874
0.24585278
0.24327204
0.24162032
0.24125998
0.23762488
0.2423054
0.25648493
0.2681199
0.2559102
0.24294333
0.23106474
0.24522464
0.23761283
0.24769765
0.22916277
0.23739499
0.23125292
0.24036178
0.23843111
0.24444704
0.23888008
0.24413262
0.23886882
0.2441237
0.23343398
0.23634043
0.240175
0.24047449
0.23292485
0.23514566
0.23774621
0.24705881
0.260959
0.25756878
0.2630059
0.24743518
0.24493021
0.24219984
0.25051796
0.25523907
0.2473259
0.23405416
0.23213235
0.24393603
0.25445747
0.25549227
0.2501684
0.26002172
0.25267577
0.25005558
0.2438778
0.24873915
0.2362267
0.22996064
0.23446219
0.2424174
0.23898187
0.25243276
0.25661653
0.239889
0.21119525
0.21617167
0.22987968
0.24989726
0.23654589
0.22416967
0.22717527
0.23767954
0.24497236
0.23904918
0.23597579
0.24301948
0.2431956
0.23649584
0.24272299
0.23440088
0.25101137
0.24402641
0.2488977
0.23672669
0.23903266
0.23864153
0.25356758
0.24596831
0.2504644
0.2510834
0.25776052
0.27021557
0.26683876
0.27627486
0.27531338
0.26474082
0.25002718
0.24447942
0.2619135
0.27430415
0.30824336
0.29416698
0.2824928
0.25816423
0.26955947
0.28089905
0.28923136
0.28252542
0.28503025
0.27817294
0.2794628
0.27804583
0.2608837
0.25859776
0.26227865
0.29365882
0.30484214
0.31116885
0.2958444
0.30143428
0.29372773
0.29084024
0.3104069
0.3036297
0.31583932
0.28989154
0.31096438
0.30313772
0.30404004
0.3058608
0.31307778
0.31690344
0.3147876
0.3031985
0.3031833
0.3065546
0.32858574
0.33383846
0.33921713
0.33143046
0.3337501
0.34730572
0.34342766
0.33939183
0.32904094
0.31585652
0.31889075
0.3172028
0.3244661
0.32968795
0.32492584
0.33891755
0.33944824
0.32672587
0.3109615
0.32052988
0.3197959
0.3244126
0.31495723
0.31979534
0.3238613
0.30600426
0.3075875
0.30546358
0.3023686
0.29817027
0.29162654
0.30737695
0.30689886
0.32392347
0.3129078
0.3047693
0.2907274
0.28269762
0.28152922
0.27100623
0.2916324
0.28659016
0.2943468
0.28657463
0.2938738
0.29885864
0.29034966
0.28609973
0.2755027
0.2812933
0.3170061
0.32707337
0.33204356
0.2925777
0.28810704
0.2796952
0.27592084
0.28708804
0.29756597
0.3190147
0.31454793
0.3004802
0.28509212
0.26902702
0.27881777
0.271061
0.27026197
0.254429
0.26295653
0.27669266
0.28877366
0.2883999
0.28754112
0.26143745
0.25311393
0.24047197
0.25696504
0.27400726
0.28649044
0.28603724
0.27249774
0.26077482
0.27521744
0.2835119
0.28557298
0.2653747
0.27440128
0.26905534
0.27741668
0.27230918
0.29200894
0.2883236
0.2909977
0.27275428
0.27301022
0.26674163
0.259042
0.26171046
0.28649807
0.32273242
0.34389922
0.3276008
0.3098039
0.29980996
0.2980494
0.29826432
0.28885853
0.28696474
0.29179022
0.31798783
0.3168466
0.30345735
0.2835277
0.2830437
0.28884527
0.2859073
0.300677
0.30219463
0.30104852
0.30205438
0.30304125
0.30282524
0.28564885
0.2867781
0.27795368
0.27338716
0.27264318
0.27718848
0.27038124
0.27286854
0.28467315
0.31317496
0.29819348
0.30240235
0.28395095
0.29490674
0.284126
0.27499986
0.27521414
0.26968578
0.28583878
0.28320307
0.2807643
0.27326784
0.26301897
0.26146826
0.25653082
0.26209453
0.25643864
0.25015652
0.24802285
0.2578112
0.25834152
0.26691204
0.26513144
0.26974756
0.23975787
0.24003018
0.23575562
0.24004805
0.25059155
0.25739074
0.27234316
0.27765426
0.25392562
0.25575954
0.25311944
0.24660812
0.25989497
0.26220566
0.2700118
0.25406578
0.25348756
0.24358095
0.22933076
0.22549644
0.24952637
0.263512
0.25695232
0.25158754
0.23784998
0.22812256
0.23202567
0.24299861
0.2603207
0.24534449
0.23072006
0.23356129
0.23518679
0.23635116
0.23643214
0.23848619
0.23283578
0.22737573
0.23273934
0.25247046
0.26941797
0.2738288
0.26324165
0.25179687
0.24252033
0.2444786
0.25211942
0.26389736
0.26194498
0.26112273
0.2603084
0.26058483
0.2534185
0.24662544
0.24596468
0.25226125
0.27023044
0.30122656
0.28355992
0.28135186
0.27156234
0.25662443
0.26513
0.2678334
0.27522755
0.28458783
0.2859267
0.28498897
0.27681154
0.28390795
0.28662306
0.27680847
0.27497712
0.27484015
0.26833495
0.2776083
0.28122324
0.27487108
0.27963072
0.25770667
0.26293227
0.26520383
0.2671368
0.2956243
0.28596273
0.27272648
0.26470622
0.24747701
0.24523297
0.2428772
0.2327596
0.23488815
0.23803131
0.24951176
0.22949316
0.22628887
0.22656748
0.22932097
0.23354962
0.242567
0.2489684
0.24712628
0.25279444
0.25120524
0.2592293
0.26595598
0.27017134
0.27508926
0.26043278
0.2628938
0.2577285
0.2596716
0.2604547
0.2632629
0.25520578
0.2579206
0.26244074
0.25792614
0.25662115
0.26350158
0.25920144
0.26181874
0.25657368
0.26455188
0.27337214
0.2776205
0.27699253
0.29200438
0.29162142
0.29211414
0.29890093
0.2888775
0.27483317
0.27438828
0.26397666
0.2664307
0.28678167
0.28599676
0.28055057
0.27745992
0.26716775
0.24192889
0.24846518
0.25095466
0.26072845
0.26026356
0.27735248
0.2758401
0.28766778
0.2862274
0.28526285
0.28650042
0.29563263
0.2771787
0.29032427
0.29550096
0.29706147
0.2977979
0.3179057
0.2990763
0.30214033
0.29957163
0.29737002
0.28985414
0.28471592
0.29006076
0.28460386
0.27602366
0.28473026
0.29715228
0.31298035
0.32334283
0.33592874
0.32761106
0.31154722
0.2849297
0.28568292
0.2788308
0.2826776
0.2835584
0.3037787
0.28711313
0.2800411
0.26660502
0.26923636
0.24458978
0.24608608
0.24166399
0.23509598
0.2385027
0.23989764
0.23208688
0.23863618
0.25061065
0.2426365
0.23581111
0.2366396
0.23376259
0.23018421
0.2195423
0.22768371
0.23285243
0.22934267
0.22379608
0.21998976
0.23346704
0.23427236
0.2331079
0.2382147
0.24350856
0.24155706
0.2425057
0.25310466
0.23919198
0.24142037
0.25370342
0.2571996
0.2557343
0.26023722
0.26840287
0.30030337
0.28441605
0.29373273
0.28882015
0.2875201
0.2708304
0.26038405
0.26716784
0.29001412
0.27993745
0.2735739
0.27410316
0.25380504
0.25285384
0.2515398
0.25748476
0.26345563
0.2711951
0.2725736
0.29226422
0.28955045
0.29120243
0.29010195
0.27881712
0.27051422
0.26811025
0.27354246
0.2757888
0.27865222
0.2735755
0.2671962
0.26407528
0.2600016
0.25625178
0.25867116
0.27650118
0.2868085
0.28514388
0.2988483
0.30371553
0.31236953
0.2999269
0.31042346
0.30844364
0.31831723
0.31195733
0.30444467
0.29068086
0.2935774
0.2833663
0.2815943
0.2836175
0.29727164
0.3083729
0.3064696
0.30980638
0.2881785
0.2773893
0.27588996
0.27399364
0.25862476
0.25656155
0.25552595
0.25535613
0.25479552
0.24126884
0.23626207
0.24737528
0.25089797
0.2659942
0.2695528
0.275619
0.28716853
0.29380617
0.29479384
0.29581672
0.29046667
0.29907748
0.2991981
0.30625498
0.28843763
0.29001874
0.28544325
0.27880737
0.28535932
0.28242233
0.29249188
0.30701965
0.3098027
0.3151825
0.32748005
0.3337799
0.33649096
0.32721207
0.3420046
0.35162944
0.3723014
0.37834132
0.38290256
0.37423107
0.37041917
0.3522228
0.33280772
0.32941222
0.33937925
0.34754896
0.35396677
0.37348187
0.37702775
0.38388267
0.39097714
0.38920012
0.4049688
0.41533718
0.391475
0.44250354
0.46943912
0.438138
0.45161492
0.44968012
0.40754172
0.38675675
0.38550356
0.43125206
0.45245743
0.4983798
0.5191007
0.5346099
0.51781493
0.46791184
0.44064987
0.4707171
0.522605
0.53902656
0.55535716
0.53856504
0.5224012
0.45992437
0.44968632
0.46762538
0.457136
0.45790663
0.48438197
0.54067796
0.54080486
0.5120965
0.53904814
0.5930195
0.5607678
0.5638852
0.5975072
0.559043
0.48841453
0.47618288
0.48445565
0.49507886
0.48464713
0.56052226
0.5780737
0.63926095
0.66129214
0.6523581
0.6140758
0.6208649
0.5683961
0.54718184
0.56563103
0.54571074
0.57453257
0.5873184
0.5738152
0.5783664
0.56883603
0.5478036
0.5646998
0.58625424
0.60270536
0.65816873
0.63312644
0.6245291
0.574612
0.5582389
0.5452419
0.50983536
0.5166571
0.53996646
0.58112955
0.6077958
0.59809387
0.61226785
0.6527162
0.63102555
0.5953348
0.5602673
0.56695896
0.57244587
0.55497223
0.5899108
0.6114955
0.651143
0.71619844
0.6642784
0.6640136
0.67591
0.7086137
0.70505047
0.7858139
0.76786417
0.7248991
0.72457975
0.6872576
0.63756424
0.64046305
0.68251276
0.705922
0.6471349
0.68209136
0.7419145
0.7678503
0.728056
0.6817973
0.70928204
0.7774049
0.7747477
0.71308565
0.6748702
0.76069295
0.8038918
0.77484244
0.7740622
0.7748437
0.790979
0.8417889
0.74050283
0.7577019
0.77947646
0.81254596
0.777526
0.78750145
0.8328012
0.86399496
0.80825573
0.8130449
0.790635
0.792342
0.7862287
0.7755809
0.6769695
0.72028977
0.7356306
0.706902
0.6817152
0.7165425
0.69927984
0.68953663
0.6804612
0.67267025
0.68645716
0.68003553
0.6749665
0.6874942
0.6778182
0.6783955
0.65610594
0.64300144
0.62293285
0.6403871
0.630642
0.6527495
0.65021574
0.62799764
0.5879455
0.5903913
0.5859454
0.59607095
0.5863273
0.5995492
0.60532933
0.61223525
0.62111855
0.618423
0.6319988
0.60762167
0.6436549
0.632801
0.6529823
0.6776259
0.7052288
0.68944055
0.7223968
0.7289996
0.7309571
0.70983756
0.6913673
0.71599543
0.7291658
0.71770144
0.70025504
0.700421
0.7382197
0.73682153
0.73682153
0.73682153
0.73682153
0.73682153
0.73682153
0.73682153
0.73682153
0.73682153
0.73682153
0.73682153
0.73682153
0.73682153
0.73682153
0.73682153
0.73682153
