1220.3365
677.24243
361.4352
240.57352
180.91829
143.5399
118.58777
99.71827
85.68028
74.87094
66.03715
58.970898
53.517853
48.723537
44.71132
41.186
38.06875
35.7146
33.100285
31.006886
29.214342
27.588045
26.143047
24.935326
23.636444
22.705093
21.505629
20.48922
19.75221
18.822168
18.054802
17.459229
16.790794
16.261497
15.559788
15.002638
14.521303
14.109442
13.646902
13.175616
12.778183
12.542211
12.200127
11.813409
11.615284
11.281132
11.034679
10.811879
10.461904
10.233977
9.936459
9.831725
9.50266
9.3612385
9.140975
8.972548
8.708007
8.528879
8.332565
8.147818
8.014657
7.79264
7.674621
7.624227
7.483293
7.379544
7.334463
7.2022777
7.1420064
7.05058
7.1047435
6.971111
6.980248
6.7229676
6.606574
6.450198
6.431511
6.2809424
6.212042
6.141771
6.0027933
5.912956
5.8878927
5.7612405
5.7635894
5.6933346
5.644945
5.559257
5.519078
5.4377093
5.4037437
5.3297205
5.247152
5.149907
5.1279883
5.093522
5.0174327
4.9986916
4.9229355
4.9058204
4.8889413
4.7630286
4.7649627
4.7613845
4.7435493
4.6361365
4.54318
4.487114
4.455095
4.463754
4.4226065
4.394358
4.3504405
4.2973623
4.2895255
4.2281446
4.2118487
4.2269087
4.2024155
4.1719995
4.0931816
4.0565686
4.0434113
4.0291114
3.962083
3.9864197
3.9269323
4.115802
3.9274726
3.8535247
3.8476174
3.7993603
3.7544632
3.7351086
3.787254
3.7199016
3.6467304
3.5984588
3.664025
3.6097836
3.602156
3.5705526
3.5605288
3.52726
3.5318005
3.485588
3.502905
3.4648137
3.4129198
3.441817
3.4111092
3.392175
3.3637116
3.3103733
3.367479
3.326362
3.3465884
3.303632
3.3343801
3.2959769
3.3020082
3.251792
3.2291408
3.215793
3.2269711
3.2018087
3.2281432
3.1763122
3.1509492
3.1218283
3.1439242
3.0867317
3.1089268
3.0194724
3.0494666
3.014134
3.0094256
2.950043
2.9667237
2.9474845
2.8951151
2.9384933
2.9270308
2.8943248
2.9207337
2.8988454
2.9212248
2.889922
2.8880346
2.8917475
2.8859026
2.8748174
2.8477018
2.8740218
2.8763719
2.8222082
2.771119
2.7649572
2.7583268
2.7861822
2.7706463
2.7417412
2.7347867
2.735524
2.6909525
2.7154036
2.711836
2.6920862
2.6828518
2.6447167
2.6735752
2.6633127
2.6524935
2.6665013
2.6713095
2.6519954
2.6132512
2.6240535
2.5953624
2.599207
2.6010637
2.5646248
2.5777946
2.5636134
2.5621262
2.5992968
2.5637255
2.541722
2.5392547
2.5281622
2.5376866
2.5489411
2.5050812
2.5307634
2.5178416
2.4970865
2.5528605
2.5406392
2.4850748
2.4928637
2.5225518
2.5616505
2.453206
2.4510634
2.4981027
2.457756
2.4582171
2.4782329
2.4531598
2.4370027
2.4094617
2.3722434
2.4759154
2.3960245
2.3875172
2.404024
2.4406607
2.3931544
2.4050636
2.3527286
2.3692057
2.3658667
2.3433967
2.3693306
2.3621984
2.363112
2.3440197
2.3520496
2.31729
2.3558106
2.3610036
2.361188
2.373259
2.344451
2.3336332
2.3323832
2.3674395
2.3902218
2.3870707
2.3808079
2.377062
2.3309875
2.2908068
2.3018944
2.3343523
2.2830787
2.272089
2.2189143
2.2400935
2.2441523
2.2170098
2.2117336
2.2170608
2.1688273
2.1958437
2.1848242
2.1956768
2.2229285
2.1968892
2.1915607
2.208721
2.2181501
2.1882803
2.175337
2.1839526
2.1739814
2.1683657
2.164705
2.1533558
2.2054384
2.2143068
2.2437181
2.2281756
2.2071142
2.2188098
2.23561
2.2122602
2.2103202
2.2274396
2.2287197
2.1711638
2.1781824
2.2051923
2.1683652
2.2006721
2.1720588
2.1752765
2.1553917
2.1650596
2.1444898
2.1262631
2.0936291
2.090428
2.1341743
2.0898619
2.0723088
2.0541043
2.023718
2.044848
2.0177786
1.9883372
1.9951704
2.013515
1.978666
1.9621642
2.0836148
2.026987
1.9560571
1.9575592
1.9751428
1.9980816
1.9746777
1.9992585
2.0194447
2.0041556
1.9762707
1.9835151
1.9386584
1.9711444
1.9573874
1.9574965
1.9666619
1.962933
1.9338146
1.9661183
1.962478
1.9265156
1.9759237
1.9656826
1.9527844
1.95726
1.9383664
1.9583616
1.9097879
1.9278415
1.9283384
1.8970698
1.9072671
1.917111
1.8884655
1.9044615
1.908946
1.9163735
1.9123006
1.9040613
1.8445152
1.8859216
1.8733952
1.8910941
1.9183865
1.896218
1.8978459
1.9224796
1.9052399
1.9244869
1.8589239
1.8889935
1.9809134
1.8616682
1.8081517
1.8571057
1.831278
1.8643259
1.9081371
1.9104669
1.8523461
1.8561625
1.833153
1.8258
1.7904024
1.8175652
1.8482746
1.8181559
1.8107623
1.8772523
1.8248019
1.8813192
1.815659
1.7838767
1.814908
1.8362607
1.7912594
1.8325405
1.832268
1.7850609
1.7453402
1.8344132
1.8098066
1.7711017
1.801795
1.7790176
1.7661061
1.7515963
1.7354798
1.7538027
1.7731237
1.7454414
1.7458079
1.7406819
1.8061739
1.7797531
1.7778461
1.7368962
1.7814832
1.7515422
1.7636093
1.7929465
1.7637922
1.7451568
1.779598
1.7497675
1.7489808
1.7371378
1.7706032
1.7451905
1.7257352
1.6866395
1.7107722
1.6837056
1.69129
1.7205839
1.6827593
1.6913401
1.7033721
1.7048182
1.6877829
1.7027324
1.6851392
1.6956874
1.6755881
1.6713157
1.668295
1.6898794
1.7240144
1.6844602
1.7096388
1.7857738
1.7216436
1.6981703
1.6972698
1.723769
1.6883421
1.6937308
1.6683906
1.6979152
1.7501844
1.7432781
1.7453356
1.6539174
1.6289697
1.6129857
1.5849389
1.632709
1.6206459
1.6184949
1.5870423
1.6002885
1.6186978
1.6218674
1.5732499
1.6264536
1.6118672
1.6835096
1.6687138
1.6205152
1.6338301
1.6323581
1.6513267
1.7020084
1.6060425
1.6147009
1.6225703
1.6179737
1.6341337
1.6270717
1.6518568
1.5897864
1.5648243
1.5372183
1.5474751
1.5595948
1.5745653
1.5679865
1.614073
1.6181607
1.5580466
1.6210018
1.5792842
1.5490227
1.5927498
1.5754596
1.6057196
1.5768508
1.5589021
1.5708094
1.5627201
1.5629648
1.5550188
1.573728
1.6205012
1.5769612
1.549736
1.5679111
1.5463063
1.5080475
1.548107
1.5498953
1.4935913
1.5121751
1.5704504
1.5300709
1.551678
1.5444534
1.525284
1.528394
1.5450922
1.5404725
1.533389
1.51595
1.5751544
1.512528
1.5047148
1.5483578
1.5090117
1.536157
1.561129
1.5432277
1.5203741
1.5711148
1.5464188
1.5136919
1.5048051
1.5261288
1.5467006
1.5414094
1.5482305
1.5286928
1.5269687
1.5101867
1.5089669
1.5248668
1.4992121
1.5057396
1.5032959
1.5391525
1.4892609
1.5245565
1.5046468
1.5106094
1.4935156
1.4955816
1.4579284
1.4765242
1.5277237
1.5027605
1.5123358
1.5058537
1.5047408
1.5291027
1.5119014
1.477655
1.4565563
1.4692717
1.469224
1.5067466
1.4607046
1.4580975
1.4683357
1.4966258
1.4543922
1.438204
1.4756202
1.4633944
1.4805809
1.5077798
1.5039535
1.4838933
1.5077009
1.4880829
1.496794
1.4616474
1.5056032
1.5229843
1.5767642
1.5156826
1.5697808
1.5411106
1.4914522
1.4752063
1.5239308
1.4934299
1.4426444
1.4876215
1.4429476
1.4062208
1.4678053
1.4414936
1.4514118
1.4546369
1.4633608
1.4598589
1.4066399
1.4631728
1.4572333
1.4370246
1.4310664
1.4524181
1.4263508
1.4304997
1.4444993
1.4159385
1.396364
1.3981282
1.4172388
1.4111862
1.3902376
1.416329
1.3629925
1.427676
1.3835398
1.3286904
1.3508847
1.3634475
1.3598074
1.3768148
1.3727511
1.3791858
1.3830907
1.4074566
1.3747406
1.3928818
1.3891815
1.3977996
1.3804162
1.3354406
1.3455083
1.3350782
1.3361496
1.3515621
1.3767493
1.3284712
1.3721753
1.3873339
1.4083883
1.3774471
1.3507212
1.3442343
1.3627336
1.3694888
1.3483337
1.320351
1.3642207
1.3303384
1.3404129
1.3731496
1.4446862
1.434522
1.4032164
1.3707328
1.3249428
1.3104581
1.3277109
1.3132071
1.3504319
1.335734
1.3223827
1.3451159
1.3322992
1.3796576
1.3310306
1.3401159
1.3245016
1.3118123
1.3951728
1.3723017
1.4097497
1.346657
1.3406538
1.3586375
1.3402848
1.325515
1.2969061
1.34423
1.3540537
1.3677483
1.3294493
1.3062855
1.3137703
1.3207836
1.3091452
1.2523609
1.3018777
1.2592597
1.2660583
1.266693
1.2591735
1.3073251
1.2560682
1.25303
1.2619004
1.2603589
1.2667886
1.280277
1.2687548
1.2693942
1.3922566
1.2665803
1.271516
1.2851322
1.3022513
1.329254
1.294708
1.2530416
1.2774332
1.2744836
1.2760001
1.3081214
1.3328933
1.2624983
1.2859303
1.29406
1.3134209
1.3341606
1.3009168
1.2737364
1.2930036
1.2771357
1.3757365
1.2964053
1.2846192
1.2985575
1.2492958
1.2409811
1.2670561
1.2383188
1.256842
1.240591
1.2341
1.2453884
1.2502216
1.2478582
1.3124079
1.2644931
1.2511446
1.2504046
1.2507427
1.2545439
1.254002
1.2371476
1.260707
1.276891
1.2597623
1.2793573
1.2695451
1.3528799
1.3744746
1.3344322
1.3844699
1.3899747
1.4206408
1.4209398
1.4239724
1.446934
1.4197114
1.4100528
1.4176884
1.4529622
1.4013734
1.3694897
1.357722
1.4013046
1.3797686
1.4370564
1.3445213
1.3415549
1.3642886
1.2704536
1.28588
1.2560016
1.2431794
1.2298356
1.2503369
1.2027991
1.229367
1.2632034
1.1877208
1.1873703
1.220613
1.220217
1.1910807
1.2135963
1.1768051
1.1957153
1.2197505
1.1656555
1.1867664
1.2052598
1.218461
1.1863981
1.1611314
1.1872714
1.1684086
1.1856997
1.1525098
1.1411495
1.1590194
1.1682636
1.1684688
1.138199
1.1427068
1.1405962
1.1451942
1.128858
1.1681147
1.1678232
1.1406368
1.1254098
1.1834219
1.1580341
1.1491678
1.1513081
1.1194446
1.139972
1.1234218
1.1195916
1.1610783
1.1414521
1.1510915
1.1424139
1.1675789
1.192502
1.1028137
1.1076485
1.1077633
1.125449
1.1372914
1.1173041
1.0930197
1.084213
1.111355
1.0773768
1.1027437
1.081216
1.0767794
1.0855752
1.0773178
1.1179453
1.0718178
1.099667
1.1110075
1.101259
1.0707365
1.0928384
1.1039466
1.0895247
1.0577713
1.089878
1.0894403
1.0915043
1.0774539
1.0843841
1.1351657
1.0858513
1.0889083
1.1703451
1.3058604
1.134324
1.1355039
1.095974
1.1147565
1.0924017
1.0998552
1.1716821
1.2575374
1.116876
1.0943648
1.094626
1.0724459
1.0801735
1.0779641
1.174753
1.0770538
1.0948291
1.0643849
1.09206
1.0633252
1.0604694
1.0611433
1.1258827
1.0950007
1.1105592
1.028251
1.0399826
1.0354955
1.0943578
1.075497
1.0911216
1.0475488
1.0851634
1.0621383
1.0567622
1.0811721
1.0653635
1.0647019
1.0729429
1.053442
1.0693585
1.0651476
1.0484971
1.044782
1.0834427
1.0536069
1.0249423
1.061128
1.0786655
1.0585263
1.0813723
1.0830879
1.1244742
1.0717418
1.0718904
1.0478671
1.0713384
1.056458
1.0642719
1.0847839
1.0447876
1.0812732
1.052651
1.0584465
1.0483006
1.092325
1.0420763
1.0396174
1.0397784
1.0371208
1.0095122
1.0138276
1.0233295
1.0303354
1.0153173
1.0062062
1.0512818
1.1119258
1.0179328
1.0108973
1.027906
0.9978736
1.0306798
1.0103607
1.0049615
1.0257623
1.0034268
1.0161088
0.9574901
1.0188318
0.9566673
1.0036104
0.98739
0.98381346
0.9700969
1.0382247
1.01541
1.0022981
0.9984449
0.9706737
1.0157157
0.9888491
0.973102
0.96514904
0.9784587
0.97433597
0.9957905
0.98501927
0.9588359
1.010712
1.0303788
1.0204054
1.0372217
1.0251735
1.0090415
0.95954627
1.0046461
0.98822516
0.9813749
0.9688738
0.98804027
0.94556373
0.9714626
0.9578556
0.97419107
1.0336641
0.9584773
0.94416124
0.93949133
0.9341415
0.93647736
0.9602325
0.9384245
0.9383929
0.9579541
0.9809125
1.03025
0.9339956
1.0083674
0.95278716
0.95425814
0.9596606
0.97973573
0.9274409
0.966741
0.95082444
0.9250827
0.9478444
0.9265845
0.96160847
0.9411793
0.946163
0.9488745
0.96142274
0.9410012
0.9618041
0.94034827
0.9724826
0.9534473
0.9600397
0.92148864
0.8931295
0.93902344
0.94035274
0.95180404
0.9525123
1.0254157
0.9775196
0.9891184
0.97959507
1.001831
1.0112215
0.99407923
0.9832588
0.98447466
1.0220773
1.0120908
0.9917713
1.0441116
1.0681562
1.104935
1.1094257
1.1551688
1.1851603
1.1687591
1.2076536
1.1709763
1.0869665
1.0335758
0.99761695
0.9961052
0.97681034
1.0051938
0.986875
0.95604974
0.9924321
0.9523525
0.97031265
0.9539889
0.97306645
0.936522
0.9856509
1.0275197
1.0405676
0.9518163
0.92951536
0.9181781
0.92057043
0.9281125
0.94662684
0.9383627
0.9282092
0.9089432
0.9133442
0.9017247
0.8875937
0.88684255
0.9071956
0.90700483
0.91320807
0.8846173
0.84696555
0.91997254
0.8885859
0.8965764
0.8933767
0.8911188
0.89055896
0.8850704
0.89087456
0.8640218
0.86148906
0.8998709
0.895522
0.8774885
0.9186417
0.8595709
0.8947654
0.9050365
0.9289452
0.89156765
0.87998253
0.9115422
0.9284692
0.8860605
0.92861813
0.86475474
0.89727175
0.86244726
0.8813795
0.90031856
0.91759586
0.95323277
0.93037254
0.9662074
0.9023276
0.9150808
0.9140348
0.91437453
0.96240234
0.9344216
0.9332012
0.934872
0.9143317
0.93267936
0.9554016
0.952887
0.94760495
0.9523451
0.9886821
0.95972675
0.90836173
0.89367765
0.87057906
0.86939526
0.88973933
0.8833477
1.0274264
0.8783727
0.8860553
0.89373314
0.8989595
0.8667015
0.892645
0.8710795
0.89008343
0.8709896
0.88886386
0.8660719
0.8622914
0.8715058
0.82606393
0.85094506
0.87669086
0.8597305
0.8518323
0.84135514
0.83837384
0.86220235
0.84987456
0.8483597
0.8784959
0.8623628
0.87787014
0.8890805
0.8768477
0.89967513
0.8829157
0.9068737
0.8147236
0.80994225
0.8261645
0.797485
0.8161748
0.8034348
0.783004
0.82404286
0.82710814
0.8034312
0.78922045
0.80308723
0.78764874
0.7912294
0.80936086
0.8049325
0.8013547
0.8298613
0.8238147
0.7832412
0.80730444
0.8089045
0.7841064
0.7966517
0.7855013
0.8007613
0.8066844
0.83440346
0.7895934
0.78360903
0.8270001
0.81852645
0.78724605
0.79097474
0.7958318
0.8160602
0.80142975
0.8154997
0.77904004
0.79952127
0.7761523
0.7683799
0.77053416
0.74531245
0.7772448
0.76624095
0.7494252
0.77801526
0.76836497
0.7623693
0.7702499
0.76108015
0.78283924
0.782978
0.80092627
0.77871144
0.7736711
0.7917159
0.8225879
0.75252
0.76029783
0.8006072
0.7749588
0.7795234
0.7841031
0.76200026
0.7312554
0.7648381
0.82744765
0.75027263
0.7396946
0.7197901
0.7493994
0.7607419
0.75751895
0.80052805
0.79558593
0.7820552
0.7888613
0.7499818
0.7608616
0.73273206
0.7364347
0.7266075
0.789069
0.7286892
0.733216
0.76489913
0.804876
0.76670355
0.72246593
0.73675615
0.8211463
0.78185594
0.7818817
0.77254444
0.7257948
0.73143375
0.74393016
0.7169587
0.72073394
0.7000138
0.7234367
0.71193707
0.72218615
0.7078019
0.7212501
0.73050755
0.7148691
0.7104805
0.71973294
0.83181834
0.7714768
0.72509444
0.7143762
0.72704345
0.697488
0.7318854
0.725206
0.7054346
0.70978886
0.7194019
0.7141125
0.7113653
0.70237845
0.7081374
0.69268405
0.708443
0.794124
0.6861875
0.7159782
0.70410633
0.7051635
0.70344377
0.7148332
0.6808975
0.6997122
0.7127268
0.71081376
0.680843
0.70323056
0.6915229
0.6699568
0.6943822
0.7305761
0.7434374
0.7189993
0.6800096
0.7266346
0.70360726
0.690837
0.6869573
0.71702546
0.7402991
0.76195115
0.6858705
0.70014656
0.68585503
0.6932924
0.7137999
0.6934655
0.68746513
0.7322485
0.76107115
0.7205358
0.702028
0.7145194
0.66639644
0.7074135
0.7238665
0.7416531
0.7107361
0.6982367
0.68372285
0.69694775
0.6804108
0.70903397
0.73017025
0.7106764
0.7659152
0.6881449
0.70537466
0.71258163
0.7277425
0.73621917
0.8130451
0.70952266
0.72513735
0.70450556
0.6934212
0.701017
0.709002
0.6945868
0.6984857
0.6606432
0.67941713
0.6605951
0.67419904
0.6624234
0.6857131
0.6411721
0.6542728
0.64549965
0.6563785
0.67312795
0.66476446
0.65690684
0.6576007
0.6825118
0.71777886
0.6621397
0.69030523
0.6759781
0.7142126
0.6858151
0.66153085
0.68519217
0.7103343
0.6865266
0.6890564
0.6811948
0.6898578
0.6819451
0.65698844
0.64071286
0.6371539
0.6286464
0.6863325
0.6906661
0.6551772
0.68857604
0.65601724
0.638906
0.67799693
0.6320691
0.6998373
0.72244793
0.6799177
0.647112
0.6723105
0.6668967
0.642051
0.6342056
0.64584607
0.6306761
0.61893535
0.59987634
0.6148103
0.62559855
0.621145
0.66835594
0.6250317
0.6371682
0.6551562
0.66945297
0.63996273
0.6506946
0.6723981
0.70462596
0.6357472
0.62344813
0.6316843
0.6159946
0.6228935
0.6258107
0.67718476
0.6225042
0.5903978
0.61712456
0.6294923
0.63229865
0.63274604
0.6147245
0.59480625
0.6441799
0.6075516
0.6303216
0.64912
0.63412213
0.66121894
0.678659
0.62092304
0.6220872
0.61797893
0.59633327
0.575984
0.6060726
0.596729
0.59944415
0.62102896
0.63241416
0.6293671
0.6011641
0.6079846
0.58342445
0.5860562
0.59084284
0.6091564
0.6002042
0.57498515
0.60286
0.57545525
0.57375354
0.614087
0.610988
0.62347054
0.5978933
0.60726714
0.60317475
0.62829936
0.61191386
0.6357945
0.5897809
0.5623702
0.59443533
0.5933322
0.63093656
0.619944
0.5867282
0.62934965
0.6663505
0.7068522
0.594662
0.6000969
0.608476
0.60417855
0.6357777
0.6987145
0.7834299
0.67022204
0.6361844
0.62643313
0.6486285
0.6932025
0.6732045
0.67792594
0.62436515
0.6043294
0.6395668
0.64711887
0.7225279
0.67662513
0.621301
0.58723927
0.59615767
0.6091024
0.59755635
0.58235013
0.63735783
0.5989275
0.5908479
0.57795376
0.73821443
0.6102295
0.5755603
0.564595
0.6402601
0.57414544
0.58340347
0.57688695
0.5684008
0.5872916
0.57781947
0.56343025
0.58092946
0.57941455
0.6123277
0.55401945
0.55413187
0.546139
0.5804205
0.5835392
0.5629904
0.5669267
0.56271976
0.55323946
0.5510124
0.5650877
0.56534505
0.5600381
0.5744588
0.5709476
0.5994046
0.56927776
0.54363894
0.5579107
0.55884933
0.563918
0.5664965
0.5763769
0.57994056
0.5341727
0.5636612
0.54381645
0.556045
0.59180826
0.55636835
0.6077377
0.5917578
0.61446416
0.64193773
0.6198193
0.64983904
0.61602724
0.61491483
0.598978
0.60451764
0.59507936
0.59915316
0.579699
0.5877358
0.57666194
0.5798766
0.56757635
0.58617264
0.60996133
0.59040415
0.596422
0.5577752
0.5804414
0.55745065
0.5741467
0.60936236
0.58140045
0.6099184
0.568273
0.5747722
0.5479527
0.53689945
0.55791086
0.61233157
0.58999574
0.5634834
0.59797037
0.5523454
0.5423778
0.5324758
0.5415077
0.5200191
0.53291315
0.5426491
0.5320459
0.54247355
0.5526559
0.5545411
0.52557796
0.5325037
0.5325824
0.53557456
0.5228142
0.5270593
0.53965944
0.5031348
0.5272192
0.5075731
0.54243207
0.5270909
0.5264251
0.5026888
0.54047793
0.4964359
0.5111625
0.5303997
0.5019122
0.51676923
0.51426464
0.5145445
0.51201785
0.5271632
0.52562404
0.56609523
0.55367553
0.5315612
0.5226171
0.51986647
0.52646667
0.5575958
0.5282141
0.515934
0.51355064
0.5074447
0.527064
0.52778035
0.53384864
0.57226646
0.5079493
0.51983374
0.5246311
0.54103714
0.5075237
0.516305
0.630291
0.56795484
0.50762457
0.5371958
0.5113594
0.51043344
0.52639264
0.6740013
0.573209
0.55786324
0.5020745
0.5107729
0.5168107
0.48218098
0.5022431
0.51172346
0.52126896
0.5300996
0.51898396
0.5219057
0.53241676
0.54727244
0.58591044
0.5956212
0.5322065
0.51839674
0.50655013
0.5116647
0.4995434
0.52108634
0.4958226
0.5101701
0.46247908
0.49537307
0.4935444
0.4761491
0.49135324
0.497923
0.47951922
0.51301205
0.48958936
0.5306519
0.48669764
0.5001484
0.46583942
0.49250278
0.47376856
0.4961866
0.480685
0.446498
0.47338423
0.48779103
0.47191113
0.47398353
0.482489
0.49035636
0.48058033
0.46191534
0.48186418
0.47035268
0.5169593
0.48558027
0.5044687
0.46658444
0.46194157
0.4713168
0.4853151
0.45419604
0.46564043
0.47523892
0.46924743
0.49749014
0.4868681
0.5686848
0.49752134
0.48426485
0.509486
0.6889079
0.53505117
0.46877742
0.51221997
0.47624654
0.4830633
0.55174816
0.512256
0.4496758
0.47865957
0.44926018
0.4772991
0.4641743
0.47339028
0.51435995
0.47779343
0.44213793
0.45046836
0.47897765
0.61526567
0.49188983
0.47159857
0.5072878
0.46443084
0.46775383
0.46485266
0.43653694
0.49731064
0.46596265
0.48508886
0.50656086
0.49809965
0.47725487
0.49907097
0.46601737
0.48447636
0.47613418
0.49830076
0.49010637
0.49914634
0.47915128
0.47334775
0.49521977
0.58724904
0.47820905
0.45967293
0.49641863
0.49737337
0.52968395
0.4712573
0.49990118
0.49340042
0.4668266
0.46958902
0.4802682
0.46054062
0.49660435
0.47859782
0.4680359
0.46611556
0.5067403
0.44207856
0.47162148
0.44387668
0.46153072
0.45817512
0.4618995
0.46103552
0.49581087
0.51424617
0.6780969
0.704054
0.80919033
0.78845745
0.49032024
0.5223067
0.4783757
0.51087725
0.48349977
0.4839728
0.45059663
0.48921773
0.45536953
0.45379746
0.497367
0.46428627
0.47453415
0.46033338
0.47208327
0.4335765
0.49241346
0.45513886
0.4483024
0.48289567
0.49845546
0.47852477
0.4758938
0.4580665
0.4740851
0.5432983
0.4836898
0.48890203
0.47877687
0.46020374
0.4563264
0.47696808
0.47546482
0.49876806
0.4946622
0.47956723
0.72538
0.5632176
0.49248353
0.49884188
0.51957506
0.46836674
0.49613848
0.47972974
0.48619887
0.5001214
0.49565536
0.51066196
0.46458596
0.48093522
0.53114456
0.5159246
0.5008922
0.51642627
0.4833293
0.49977237
0.5665506
0.5339617
0.475922
0.5092596
0.5017849
0.4899852
0.5111801
0.52016115
0.5077493
0.48979238
0.5132655
0.4884281
0.5280842
0.48997256
0.5110815
0.51744974
0.48910627
0.49518746
0.5018971
0.509885
0.5235931
0.48784927
0.49815568
0.49105322
0.47696218
0.47446427
0.47829103
0.47944915
0.5001885
0.45005912
0.4609615
0.49584514
0.46044958
0.47593513
0.45841834
0.45418048
0.448933
0.44935074
0.46491647
0.47773546
0.4707751
0.45563382
0.46620613
0.45095482
0.4573504
0.45545664
0.46685952
0.45003262
0.47065318
0.441113
0.4585989
0.46687737
0.44249097
0.48502365
0.45304862
0.48684755
0.4500862
0.44088787
0.4496116
0.43068686
0.46166906
0.54443365
0.44846532
0.4637161
0.45658672
0.4690133
0.46960428
0.49650145
0.4556337
0.44775668
0.49673933
0.5129561
0.43756464
0.45169878
0.4795101
0.45964265
0.45921454
0.46489775
0.5463344
0.4560764
0.47467434
0.47378248
0.465697
0.44648826
0.44938332
0.49484125
0.44534126
0.44453958
0.46112582
0.42280507
0.4440773
0.4749135
0.473975
0.44002205
0.43991476
0.43904626
0.428082
0.42784625
0.43703386
0.4089063
0.42952186
0.40151164
0.4483331
0.40730384
0.3889264
0.42004207
0.40419835
0.3988397
0.42731762
0.4124309
0.40204263
0.4060864
0.430143
0.40429497
0.4086126
0.41808185
0.43414205
0.43949005
0.4464318
0.43796638
0.4620583
0.40352467
0.43664488
0.40625295
0.43067625
0.40183604
0.4051122
0.4553834
0.4892781
0.45399627
0.48648775
0.48878708
0.49878576
0.44271255
0.4724451
0.45864528
0.46799558
0.4163273
0.4393694
0.45751518
0.45163363
0.42034414
0.44351405
0.43900225
0.46410167
0.39305902
0.46674177
0.42507225
0.41396052
0.42539078
0.50925446
0.46037313
0.4278693
0.43912572
0.4467012
0.43245274
0.42721796
0.44098154
0.6433661
0.5268269
0.45198643
0.4540526
0.43842348
0.45084345
0.41161525
0.44161785
0.42075926
0.45997015
0.44806343
0.42761862
0.46983233
0.42273012
0.42870295
0.4450363
0.42002264
0.4598089
0.43343863
0.4035065
0.44554406
0.42387363
0.41109067
0.49217078
0.42456192
0.43521082
0.41168678
0.40698662
0.4139979
0.42149484
0.4308373
0.4393023
0.43115383
0.4227292
0.40600377
0.4690528
0.4568533
0.46107236
0.4681875
0.42603552
0.38850167
0.41650897
0.43551615
0.38589516
0.4043664
0.4402889
0.3916354
0.42705503
0.40236866
0.4113886
0.3946189
0.46057117
0.39535326
0.3762969
0.4362136
0.40119302
0.39342302
0.38404253
0.41585886
0.43016523
0.41003016
0.36121446
0.38873076
0.4202322
0.43546864
0.35521454
0.39527798
0.39738896
0.40963835
0.37235957
0.388212
0.3843523
0.38493666
0.3768081
0.37246165
0.41325694
0.40988362
0.40679672
0.4316706
0.41065684
0.42638204
0.44397223
0.3845074
0.41975424
0.46076685
0.43027598
0.43463865
0.40472087
0.4261906
0.4014711
0.4418197
0.40918154
0.4165023
0.43740147
0.41774738
0.40176204
0.4269511
0.42500705
0.39471748
0.44656828
0.4192606
0.41568473
0.40083933
0.3862143
0.41013187
0.4299295
0.44416788
0.4425999
0.41366515
0.40963092
0.3849613
0.39778915
0.38864693
0.3964492
0.44186613
0.4421421
0.46770227
0.43123254
0.40404278
0.42507982
0.48401985
0.4522965
0.4333408
0.5054249
0.4729806
0.4483054
0.5172411
0.52100414
0.48799497
0.43295518
0.48702407
0.4282705
0.39073804
0.39222175
0.41768652
0.40545034
0.45670015
0.41947836
0.42493066
0.41946018
0.40779838
0.46617326
0.41358486
0.45136744
0.48309994
0.41861984
0.39327648
0.4313922
0.44589847
0.39597246
0.42426997
0.43656293
0.40456504
0.42080963
0.4408314
0.42618585
0.4249907
0.4221585
0.40680686
0.40410265
0.5308168
0.4476837
0.46127993
0.5388813
0.4325161
0.39444327
0.45573318
0.44979563
0.47897637
0.41643703
0.406342
0.428399
0.43639264
0.3728136
0.43282264
0.4025906
0.4299089
0.4349024
0.42942497
0.54842275
0.46587062
0.47951367
0.49317202
0.533962
0.5112595
0.44118482
0.42547512
0.45674604
0.50560516
0.5751079
0.49755087
0.43950874
0.479037
0.44694847
0.45741183
0.43953806
0.46148267
0.42980975
0.4301172
0.4392721
0.42533365
0.4114257
0.40091005
0.4386795
0.4386831
0.39333108
0.42784092
0.40950683
0.4116006
0.41513175
0.43111625
0.41828498
0.40512338
0.4330005
0.48307246
0.50100017
0.6412038
0.64415634
0.8494447
0.6769259
0.5641978
0.44497317
0.43775705
0.42668048
0.46411297
0.42575413
0.46148738
0.41590467
0.44706318
0.43105358
0.43320155
0.39600137
0.39430404
0.38815016
0.38080564
0.419719
0.4122792
0.39993906
0.37479165
0.4835759
0.39128086
0.43685043
0.4159531
0.42017698
0.42192715
0.42358157
0.41609937
0.4036391
0.42184937
0.39880565
0.42098346
0.39354798
0.45912609
0.40567866
0.46443188
0.40282896
0.39987686
0.37785783
0.41312093
0.39459455
0.5609511
0.43317828
0.40319997
0.41189286
0.35989645
0.41383064
0.41512415
0.4009273
0.404903
0.40748814
0.41979742
0.4204925
0.40184313
0.3836949
0.42750674
0.44043747
0.40022194
0.37720662
0.4090631
0.44819367
0.36419716
0.36917135
0.413144
0.39259955
0.4260105
0.44129714
0.45161784
0.44815728
0.44481015
0.4951627
0.46438155
0.42545214
0.44372812
0.41145766
0.42136973
0.39326885
0.4056363
0.4142724
0.42355534
0.40082666
0.44004557
0.41786093
0.41829193
0.40827855
0.42189395
0.43709192
0.43591723
0.3593515
0.36204776
0.42486626
0.43426424
0.4406284
0.4020445
0.38601875
0.44623327
0.38743055
0.44461203
0.783121
0.39682445
0.47082892
0.5921387
0.45502794
0.40972605
0.3940995
0.3553916
0.37981063
0.38758433
0.37901664
0.37782064
0.42715895
0.38790327
0.40963608
0.37551707
0.38307187
0.38434288
0.35867086
0.35239175
0.38319874
0.383223
0.41076684
0.349252
0.3810001
0.3870429
0.38737664
0.37898275
0.36965543
0.3558192
0.3755403
0.3643143
0.39138597
0.38636658
0.39233154
0.36467016
0.36610225
0.37578642
0.3663807
0.36314166
0.38681516
0.44005433
0.34895423
0.45134073
0.43533432
0.47835588
0.3937073
0.4032299
0.3795984
0.39731547
0.35043
0.41110414
0.39135632
0.4059892
0.3916538
0.38143435
0.36086345
0.33503327
0.35710597
0.40766174
0.35972136
0.40105352
0.3358535
0.37343097
0.35791674
0.40277913
0.44153684
0.34915364
0.395471
0.37909475
0.3868575
0.34586993
0.417151
0.38196674
0.36912468
0.450515
0.37669206
0.38704997
0.38203964
0.36750498
0.3962748
0.37502444
0.34575704
0.378207
0.36922216
0.39308232
0.40349677
0.37678918
0.37961173
0.36470255
0.34505928
0.3527825
0.36763248
0.38034177
0.33790472
0.37117267
0.37873504
0.41251796
0.35121953
0.37949055
0.34092394
0.3639201
0.3417853
0.3633102
0.37620598
0.38704744
0.36124358
0.36438522
0.36656386
0.44191578
0.44027275
0.41246104
0.42665148
0.4485825
0.3880945
0.3878024
0.38963333
0.39398873
0.38661146
0.4346641
0.43588015
0.37223843
0.37830386
0.38719672
0.38933653
0.3966833
0.40524143
0.3757672
0.378226
0.34094638
0.3725367
0.396621
0.37642375
0.39240548
0.40415624
0.38073978
0.42117378
0.51698023
0.3756656
0.42583603
0.39919296
0.4289912
0.3954815
0.39975244
0.44053763
0.39552736
0.44633797
0.4862357
0.4476473
0.5061194
0.46380585
0.44470227
0.5363788
0.53646445
0.44274932
0.41699708
0.42287594
0.42007738
0.39181927
0.4454581
0.3699271
0.35776976
0.42337105
0.3936061
0.41235593
0.39666602
0.36494356
0.39619043
0.3684889
0.3588494
0.38773093
0.47066653
0.38353696
0.3870273
0.37650537
0.42219982
0.38321683
0.39462295
0.39601877
0.42043632
0.4429211
0.37272334
0.3674328
0.46245134
0.39246267
0.5729207
0.3660589
0.34536406
0.36763147
0.3997772
0.3913268
0.390977
0.3763084
0.3519963
0.35098314
0.38632563
0.3183017
0.3290165
0.33776757
0.3748447
0.35324523
0.37550622
0.38292786
0.34061056
0.36984894
0.3743812
0.35647896
0.38115224
0.41375884
0.35594222
0.40444326
0.36569405
0.36495903
0.3565641
0.3757285
0.36617875
0.35448578
0.3589082
0.32917807
0.35648656
0.35083294
0.3670157
0.38509429
0.40824565
0.3775275
0.36303905
0.41557044
0.4002868
0.3786291
0.33653706
0.3354936
0.31837252
0.35827053
0.36193016
0.3844819
0.3921038
0.36540446
0.4113596
0.5560896
0.40299028
0.41725248
0.3813176
0.35494176
0.36554158
0.3887015
0.36456308
0.39386407
0.35845512
0.3477254
0.37965927
0.41163412
0.36789802
0.38326493
0.37164277
0.43883994
0.343456
0.3964835
0.3465574
0.40414765
0.39308175
0.45754492
0.43986282
0.42285487
0.35401568
0.45619765
0.39867103
0.35863778
0.352876
0.36677945
0.37679684
0.47040376
0.3619902
0.3651055
0.38500258
0.34489366
0.3796321
0.36734775
0.38765487
0.34801182
0.35473832
0.42129648
0.3481852
0.3980698
0.44441625
0.4808905
0.5873626
0.4390138
0.453906
0.43454272
0.36483365
0.40872115
0.38538992
0.36082968
0.45796084
0.37810794
0.41601387
0.36528143
0.36799222
0.40537563
0.42135465
0.38040033
0.38149935
0.34201148
0.35750532
0.37582695
0.40511927
0.38913366
0.35242328
0.34542266
0.40226737
0.3797017
0.36505532
0.3229086
0.4069753
0.39211583
0.37041673
0.34444025
0.39434165
0.40808457
0.50930685
0.3839781
0.4320348
0.35698646
0.37616152
0.44029725
0.4046794
0.43190408
0.42389107
0.4072956
0.47305423
0.41573232
0.5841645
0.6692219
0.6029738
0.44487745
0.3759004
0.38432723
0.42980972
0.43759134
0.3972279
0.39320788
0.44624776
0.3729119
0.43812147
0.4070556
0.3740434
0.40820357
0.43812266
0.46305686
0.45891505
0.39395738
0.40524992
0.4122448
0.3972004
0.43222547
0.42642888
0.3967574
0.4173514
0.3665786
0.39607915
0.38681057
0.38923398
0.3869362
0.34927627
0.37740698
0.34580934
0.33234775
0.35187992
0.3880524
0.3894516
0.36941704
0.38236025
0.34026796
0.40860102
0.40063617
0.777546
0.37456602
0.3504913
0.4250955
0.4277486
0.47607395
0.63475573
0.4440017
0.42713293
0.39933944
0.42264897
0.40326554
0.44627663
0.40152034
0.40382603
0.416625
0.40721464
0.3855946
0.43030584
0.41084757
0.42480853
0.43546355
0.39235926
0.36053398
0.35489234
0.40361714
0.37350723
0.41444746
0.362306
0.3966908
0.40647715
0.4058961
0.3648657
0.42744243
0.36683866
0.44147208
0.3757004
0.37712932
0.3584227
0.40042824
0.3864859
0.40246335
0.42681646
0.34525213
0.4032326
0.37611818
0.35344598
0.36946926
0.36218452
0.38810986
0.42409676
0.44338337
0.3990192
0.3868453
0.36789253
0.37926188
0.37099442
0.383076
0.35339898
0.40251997
0.3652001
0.35376638
0.36063313
0.41517472
0.3824914
0.34849602
0.35613057
0.36412808
0.3880166
0.36668316
0.4183804
0.39013854
0.42725593
0.40180135
0.3734587
0.37314665
0.3976641
0.42132196
0.36736086
0.36526653
0.33535427
0.38373587
0.35511747
0.37094575
0.33742365
0.37207806
0.35157692
0.34819266
0.33543745
0.3650586
0.33038616
0.37361073
0.35712072
0.36105478
0.37017193
0.3575736
0.3666723
0.36792603
0.34487137
0.36993966
0.3649679
0.38409072
0.36335444
0.35041305
0.40807313
0.3884804
0.4309314
0.45209253
0.3873329
0.44667006
0.46473268
0.5023981
0.37009433
0.41184464
0.377847
0.42635024
0.39040247
0.38027826
0.38620293
0.49542254
0.4422709
0.4160795
0.40307754
0.46765992
0.5523657
0.42408
0.4085278
0.47385266
0.4878057
0.42642674
0.4550285
0.37661245
0.49358815
0.42719784
0.40900436
0.37315115
0.37240094
0.3652026
0.3996656
0.4028974
0.3860285
0.35529342
0.3572261
0.3855206
0.40735713
0.38834593
0.39585802
0.37306026
0.41975555
0.3637082
0.4651699
0.50495434
0.45615345
0.4657351
0.44007403
0.42451793
0.4310887
0.4287714
0.48963246
0.45746106
0.3909608
0.53758264
0.3638563
0.52418345
0.35993138
0.4017953
0.43027225
0.41029176
0.40676692
0.47086415
0.4203217
0.46344066
0.40023035
0.3767987
0.44439545
0.45597473
0.46207356
0.55585456
0.43098265
0.481488
0.5988596
0.45164302
0.50445986
0.5502367
0.49902192
0.53297377
0.46960106
0.6029244
0.46555436
0.48893273
0.42382753
0.4768143
0.43287528
0.4381063
0.5732391
0.74862885
1.3097994
1.4459532
2.8258903
1.7282528
4.2573223
3.956275
2.2006087
2.7783937
1.3192383
0.74090874
0.6844704
0.7717067
0.64738894
0.67591166
0.6953637
0.6836782
0.6755942
0.63202184
0.631332
0.6190647
0.499804
0.54975307
0.5054309
0.5025542
0.5256963
0.5104073
0.54652643
0.7008664
0.42517978
0.56235313
0.44283292
0.46945554
0.42539158
0.45946
0.40433338
0.4586803
0.37103066
0.4058905
0.41356662
0.38116866
0.4035106
0.491694
0.49433228
0.3631255
0.38855588
0.4100113
0.4423629
0.4427491
0.5815431
0.40799445
0.429725
0.4231398
0.48982808
0.45666695
0.43257517
0.51013154
0.5419802
0.47139454
0.49070895
0.7097357
0.45777643
0.48495018
0.4645107
0.43234053
0.5003279
0.3960495
0.49388474
0.4693321
0.53493804
0.42415145
0.4633841
0.5136646
0.47706452
0.38838047
0.4000313
0.38814113
0.4085914
0.50059795
0.50558126
0.41603544
0.42727
0.44156682
0.6232578
0.4547021
0.42341638
0.48565802
0.55532783
0.543971
0.61195177
0.4984546
0.5959321
0.4813533
0.52569574
0.54310423
0.43069842
0.3884384
0.44072
0.43960962
0.41704822
0.44055513
0.42348415
0.45093483
0.4334135
0.5362993
0.4646316
0.56965667
0.5016342
0.47789165
0.39745316
0.40602317
0.40629557
0.392569
0.3969846
0.4519905
0.50791866
0.42033592
0.55785125
0.52618587
0.6219228
0.4575383
0.4485828
0.46502513
0.44742486
0.39168966
0.41890377
0.46386552
0.38010767
0.3770021
0.5012842
0.3885477
0.3617202
0.34460223
0.33309135
0.34300414
0.3886067
0.34868369
0.32513005
0.34126875
0.3664412
0.42393857
0.44850332
0.3974193
0.41204494
0.46915397
0.53153414
0.43634275
0.4096434
0.38460177
0.37063965
0.35365206
0.3631041
0.39603886
0.35937658
0.3763114
0.4473204
0.37852898
0.35590643
0.3758241
0.38270453
0.39593232
0.41964498
0.37374642
0.3582787
0.37466946
0.36207294
0.33589348
0.3392882
0.37148994
0.4289026
0.39566582
0.4182876
0.38310868
0.37511304
0.42800528
0.508882
0.5317615
0.45220536
0.39903498
0.4307285
0.5131129
0.54161817
0.48055103
0.46249178
0.49861106
0.47795647
0.4617068
0.51195675
0.44246247
0.4424872
0.4442658
0.4457283
0.38886687
0.36050993
0.3734248
0.40598488
0.4792646
0.3962626
0.3709501
0.40703976
0.41886652
0.41109788
0.43141973
0.49673343
0.45960125
0.46517387
0.5097339
0.50133073
0.77333075
0.66109556
0.74462754
0.5685275
0.73001003
0.7462533
0.5585176
0.5344413
0.5076812
0.5222768
0.60624915
0.48060524
0.41903374
0.43432942
0.47479698
0.47780588
0.5307946
0.4523801
0.42744648
0.44123822
0.45274922
0.48249522
0.5055472
0.45583963
0.41861126
0.37941608
0.39463246
0.38175938
0.37930557
0.36273512
0.37592816
0.377349
0.38932002
0.39740866
0.3952501
0.40801394
0.42220774
0.4173578
0.4132577
0.42395666
0.46484074
0.47893533
0.46728694
0.45677885
0.41531214
0.40243715
0.41169018
0.46793178
0.5285217
0.5149683
0.4722722
0.46077642
0.43712017
0.42896885
0.4742441
0.61731046
0.58948237
0.6613599
0.51962686
0.4792384
0.5409998
0.46268412
0.42499137
0.38529122
0.36853343
0.35098627
0.3809998
0.41250798
0.44472274
0.43524078
0.45708466
0.44259673
0.43445423
0.39359686
0.35166734
0.347088
0.33797944
0.36658165
0.37749842
0.40242666
0.39135543
0.3950805
0.41641188
0.44585854
0.4805527
0.4530828
0.47945577
0.4316728
0.44099075
0.40992337
0.46855217
0.47887897
0.508542
0.49203563
0.5371942
0.5889022
0.5093137
0.43997777
0.45086822
0.42934996
0.4168639
0.39070123
0.37696669
0.41001484
0.48052037
0.4642622
0.43996757
0.3819717
0.38469216
0.40572515
0.40113226
0.39920244
0.37363538
0.44198632
0.4426161
0.43578863
0.34173778
0.38474557
0.4167195
0.43778357
0.47465265
0.46046853
0.44709247
0.3513802
0.35087314
0.36626068
0.3741057
0.36162516
0.3143016
0.31772375
0.34158975
0.3757175
0.38718462
0.38133478
0.3847957
0.38434923
0.3517014
0.33984563
0.3390882
0.34492737
0.35782152
0.51460546
0.85225165
0.7904184
0.5455302
0.43133727
0.42292467
0.421567
0.41620612
0.40761453
0.39640033
0.39494792
0.40332273
0.43855947
0.39332289
0.3895069
0.35027406
0.37229255
0.35281113
0.35137782
0.355281
0.35738736
0.4173607
0.41355708
0.44926342
0.3881583
0.38395572
0.41211104
0.42539942
0.42773515
0.36758152
0.38792872
0.39975592
0.4308108
0.40440887
0.39558962
0.39096573
0.46981353
0.49042177
0.48115665
0.44272456
0.4818827
0.7440683
1.1895669
0.73981243
0.5311413
0.5175123
0.51146406
0.48120582
0.46450174
0.46484438
0.4722727
0.45394215
0.47283655
0.4653431
0.47139838
0.49060807
0.512015
0.5384142
0.54212326
0.58405167
0.64972657
0.6825628
0.6476
0.627141
0.5985522
0.57271546
0.5380915
0.6090229
0.6910563
0.7096013
0.73424155
0.8402223
1.0477424
0.95505476
0.7670606
0.6401104
0.59874576
0.6122034
0.62766993
0.6718262
0.6449406
0.63588285
0.6274945
0.6108778
0.6971639
0.64190567
0.67467326
0.6733556
0.7963339
1.7060726
3.3544338
2.0426521
0.9709567
0.7667203
0.6194286
0.5703084
0.54121655
0.5402815
0.5531746
0.52201545
0.62696874
0.6436852
0.66592926
0.58039016
0.56528115
0.8246785
1.3266884
0.84652287
0.56655014
0.5076911
0.54809004
0.6032971
0.6002733
0.55018336
0.4953953
0.4711471
0.48582464
0.5099538
0.5706252
0.604624
0.606406
0.57363164
0.54256314
0.54133964
0.57169527
0.66741216
0.7144567
0.7325492
0.6287964
0.5521733
0.5212073
0.51079303
0.53174114
0.49803758
0.4662548
0.45044085
0.41369438
0.46870884
0.4903028
0.46610397
0.4387783
0.45205772
0.45148098
0.4541092
0.48024204
0.5336934
0.5601958
0.5387443
0.55457944
0.557948
0.5947227
0.55208594
0.50333786
0.4603633
0.43224773
0.46139535
0.48574096
0.57298243
0.5960096
0.5916663
0.52585834
0.56729597
0.541732
0.60473746
0.5955501
0.57924414
0.6332096
0.6994478
0.8488959
2.397143
5.45675
1.6010594
1.292783
0.9253006
0.6396423
0.546917
0.5749812
0.546522
0.57929987
0.59422255
0.61231995
0.54738855
0.5596559
0.54230225
0.60379964
0.6063652
0.60839194
0.6371427
0.6457629
0.7218853
0.6916294
0.67480296
0.67211336
0.68112415
0.75122744
0.747891
0.73526925
0.65967745
0.59654254
0.5980352
0.5700607
0.5423702
0.55690074
0.5329977
0.5113661
0.508678
0.5227753
0.500374
0.5524639
0.5330933
0.55695885
0.5557392
0.55201703
0.477791
0.4829857
0.47665226
0.47873998
0.50628304
0.5595042
0.5702334
0.5859894
0.5688077
0.78191006
0.8695746
0.974255
1.2257317
0.919661
0.8046091
0.7293412
0.56620204
0.57793504
0.5379602
0.49322093
0.478918
0.52197355
0.51949793
0.4911387
0.5171356
0.4968405
0.532313
0.5583813
0.5342623
0.57787806
0.6022492
0.6374915
0.6294667
0.56737596
0.56590813
0.6067151
0.572044
0.580144
0.6441258
0.7418884
0.7166264
0.6410002
0.66571134
0.67082286
0.62560725
0.55753094
0.5232911
0.5208565
0.50619847
0.58753484
0.64641505
0.6581151
0.7540969
0.8029984
0.82606006
0.72984815
0.6724226
0.66776246
0.7355019
0.75581354
0.8224992
1.0431322
1.2440732
1.4185883
1.6785803
1.5534842
1.3691977
1.2415403
1.0395195
0.9946213
0.83013
0.8076781
0.7561638
0.68160474
0.66381985
0.62147665
0.6852046
0.68794566
0.72515357
0.71744394
0.8388802
0.9525217
0.95474064
0.99171585
0.9576905
1.0095602
0.9877883
0.9568441
0.95273113
1.0019132
1.0575249
1.0875552
1.2913358
1.4229069
1.5166492
1.4681679
1.5306245
1.3512917
1.2230657
1.2047726
1.2326895
1.222814
1.2841655
1.3319273
1.3480557
1.3893104
1.3661641
1.2600187
1.2154953
1.153937
1.2517396
1.227465
1.2519618
1.3664402
1.5260792
1.555225
1.5515609
1.5510443
1.6229688
1.7963815
1.915133
2.170264
2.2467105
2.548275
2.8900578
3.646066
4.5583053
4.3951325
3.9060445
3.122989
2.220629
2.2052643
2.5984058
3.9789395
5.331538
4.975524
4.568074
3.3081684
2.897795
2.7525735
1.938787
2.179412
2.14236
2.4442658
2.5748534
2.6630886
2.8859527
3.1668952
3.5143733
3.713843
3.944731
4.3201833
4.724112
5.1674685
7.9670787
9.194293
13.117483
14.003508
10.816811
11.120775
10.060307
9.731764
9.944925
9.944925
9.944925
9.944925
9.944925
