477.62827
105.80162
62.472477
50.348785
42.979782
37.538223
33.27933
29.795963
26.85791
24.273354
22.012878
20.087969
18.416796
16.854134
15.486072
14.295078
13.226408
12.250401
11.404594
10.598046
9.890299
9.235984
8.637122
8.102799
7.662435
7.1664667
6.7825747
6.435294
6.1020403
5.7387114
5.4664626
5.225542
4.960123
4.725809
4.532399
4.299073
4.1694713
3.9332035
3.804728
3.645373
3.4885275
3.4117875
3.25579
3.1631734
3.0434337
2.911692
2.8423557
2.749093
2.6598382
2.6043994
2.5073495
2.4662302
2.3746822
2.3125763
2.2578325
2.1926665
2.1491826
2.0910678
2.0639753
2.0079484
1.9604377
1.9352379
1.8750982
1.8220884
1.809066
1.7764257
1.7313507
1.7028801
1.6604891
1.6546581
1.6018747
1.5935535
1.5571826
1.5249611
1.4901279
1.4818345
1.4699285
1.4345063
1.4103453
1.4040103
1.3867593
1.3423908
1.3334364
1.331406
1.3029897
1.282719
1.2587242
1.2333974
1.2621816
1.2284628
1.2125065
1.1964523
1.17526
1.173334
1.1588333
1.1391767
1.1188395
1.1194627
1.1109748
1.1416531
1.0844123
1.1242849
1.0597332
1.054621
1.0461465
1.0276688
1.0403657
1.0072601
1.0199347
1.0156472
1.0027089
0.97959065
0.9705018
0.992411
0.9733135
0.9785923
0.9562819
0.94469744
0.943479
0.9416502
0.9420833
0.90775794
0.9209339
0.91584355
0.89642495
0.90283334
0.87790096
0.8915391
0.8703606
0.8791582
0.9050922
0.86024576
0.8586068
0.86204743
0.87140065
0.8632264
0.8295435
0.84750336
0.8228139
0.8338843
0.8278016
0.8159796
0.8196596
0.8005256
0.8024426
0.8162767
0.7784519
0.7757216
0.78890556
0.78248125
0.796299
0.7814732
0.8034711
0.7598498
0.7858393
0.7591008
0.75881106
0.7624369
0.7515348
0.7581668
0.737214
0.75397635
0.73794717
0.733279
0.7415863
0.7249344
0.72884893
0.72211695
0.7243176
0.71802026
0.7244359
0.7120349
0.72638464
0.70236814
0.7046663
0.71917623
0.7039304
0.692194
0.6937348
0.6886651
0.6949226
0.703355
0.6891085
0.6928755
0.7086287
0.70834106
0.684171
0.67266434
0.67441565
0.67804164
0.6782482
0.66045284
0.6666617
0.6713146
0.6603707
0.6685045
0.66114223
0.645053
0.6629126
0.6550179
0.6588301
0.6536879
0.6536029
0.6389755
0.65834266
0.63699996
0.6408703
0.64645094
0.63535357
0.6264794
0.6403386
0.62373614
0.624964
0.6297552
0.6199645
0.61104333
0.6303383
0.618486
0.61422795
0.60981584
0.62999433
0.6240604
0.6104032
0.60090613
0.60435873
0.60426867
0.591632
0.6012219
0.59440213
0.60056245
0.6000272
0.6020014
0.5967193
0.5891301
0.59376395
0.5855375
0.58270586
0.59443355
0.5808687
0.58930266
0.5924243
0.59131235
0.5840225
0.57777685
0.5726513
0.5636999
0.5746194
0.589006
0.57261455
0.5740669
0.58349264
0.5740574
0.5743089
0.57058644
0.58123606
0.58174074
0.56627923
0.5580265
0.5619291
0.55681014
0.57662565
0.57099026
0.572167
0.56201315
0.55681306
0.5730107
0.59142196
0.5514131
0.56433785
0.560793
0.55988824
0.54601383
0.5457526
0.5526513
0.55492675
0.55411416
0.54935855
0.54643804
0.53646535
0.5447958
0.5542387
0.5489578
0.5422993
0.54552233
0.54042006
0.53598136
0.5336362
0.54056835
0.5373048
0.5332013
0.5385347
0.5376043
0.5367353
0.54273564
0.54000586
0.5338941
0.52825665
0.5356484
0.53326213
0.5316361
0.5354134
0.5306136
0.5356706
0.5355104
0.53258187
0.53613776
0.53169614
0.53446954
0.537196
0.52520114
0.53088623
0.5280159
0.53268325
0.52070224
0.51842886
0.52231705
0.52544534
0.5274268
0.5248345
0.5185591
0.5217437
0.50902563
0.5130607
0.5167783
0.51576555
0.5105656
0.5058474
0.5034533
0.5086475
0.51687014
0.512197
0.5018766
0.50442266
0.50706327
0.50755894
0.509673
0.50174284
0.5074291
0.49733093
0.4996477
0.5009525
0.5056428
0.51115984
0.5023863
0.50468135
0.5096161
0.51017755
0.4967649
0.5075578
0.49801004
0.5040722
0.5045009
0.49334496
0.49074474
0.49434587
0.4955064
0.49546134
0.49457914
0.49448156
0.492239
0.4899041
0.4969608
0.49325082
0.5037908
0.4904002
0.49688962
0.48357785
0.49105594
0.48447347
0.49336907
0.48977453
0.49350807
0.48561528
0.4853218
0.48127842
0.4882215
0.49417058
0.48307678
0.4870834
0.48102835
0.47365597
0.47078785
0.47184074
0.48130995
0.48330823
0.47359556
0.47736302
0.4739941
0.4739284
0.47678664
0.46966115
0.47282946
0.4678414
0.46533123
0.4752481
0.46577278
0.47004384
0.45974702
0.47712773
0.4618427
0.46903557
0.46455932
0.46382067
0.4640303
0.46218327
0.46459678
0.4679892
0.46880826
0.45936275
0.46843824
0.46491408
0.4545138
0.46586967
0.4588173
0.45602253
0.45911792
0.4498254
0.4526869
0.45343763
0.46478298
0.46206093
0.4593122
0.45203164
0.45631802
0.4511035
0.45536
0.46159866
0.45750394
0.4534853
0.44894165
0.45085606
0.45717064
0.44809398
0.4438979
0.45485106
0.45037672
0.44796035
0.44831425
0.4510356
0.45682
0.4477342
0.44828895
0.44408992
0.44701874
0.45383045
0.45056596
0.45708588
0.4406523
0.44701862
0.43119937
0.44658133
0.43920887
0.44510463
0.43956697
0.44992384
0.43621573
0.44288194
0.43554455
0.44852987
0.43471384
0.43104902
0.43753618
0.43965784
0.44191387
0.43565777
0.44178954
0.43864208
0.43487406
0.43222204
0.44210616
0.43471187
0.43528306
0.43564242
0.43626946
0.42976227
0.41925517
0.42427233
0.42961553
0.42097828
0.42370462
0.43200302
0.4284345
0.4230761
0.4200776
0.4229704
0.42435429
0.42552376
0.42693096
0.4258205
0.4268392
0.42004532
0.42302218
0.41992712
0.42574632
0.41787317
0.41712236
0.4204986
0.42237642
0.40987724
0.4285036
0.42525944
0.41790378
0.41689804
0.41180333
0.4125655
0.4109538
0.4134552
0.41355696
0.4116283
0.41984767
0.42184028
0.4120659
0.41452208
0.4139815
0.42169315
0.41252014
0.41504246
0.41034487
0.4109142
0.41373977
0.41409406
0.4122842
0.4097973
0.41421905
0.40620998
0.4080794
0.3978732
0.406498
0.40469894
0.4083302
0.400909
0.40570408
0.4065575
0.40226474
0.40028134
0.40313977
0.40200728
0.40409362
0.40758237
0.4080018
0.39567533
0.40474898
0.39576975
0.40495867
0.3913244
0.40635008
0.3972988
0.40222108
0.40216142
0.39435834
0.40119582
0.40064406
0.399285
0.4021954
0.3928205
0.40239128
0.39817563
0.39409104
0.39430112
0.40160686
0.39451334
0.39972752
0.39709002
0.3926497
0.39532655
0.3910478
0.39126924
0.3990482
0.3846285
0.40243024
0.39407974
0.3879205
0.39398858
0.38661906
0.38744035
0.38886368
0.39278793
0.38327226
0.38702884
0.38593745
0.38288525
0.3794024
0.38217363
0.38421392
0.37510756
0.3773227
0.3771297
0.38137344
0.3730991
0.3691982
0.37365505
0.37261456
0.37294182
0.37729913
0.37582237
0.38339338
0.37189418
0.37272504
0.37409985
0.36615112
0.36969823
0.37262252
0.36832866
0.37253663
0.37424457
0.36745366
0.36299413
0.3685709
0.36744925
0.36321953
0.36249918
0.36312804
0.37761602
0.37365845
0.3608876
0.36596286
0.35986125
0.36887425
0.3635037
0.35886127
0.3672976
0.3568136
0.36281058
0.35396603
0.36225173
0.36364546
0.3601315
0.35748824
0.35877886
0.35614035
0.36311463
0.34812248
0.3532242
0.35569265
0.35313025
0.35564288
0.3546076
0.34457406
0.35268077
0.3464695
0.35463935
0.35086375
0.35438022
0.34888068
0.34888813
0.34556475
0.35152125
0.3598676
0.33339489
0.3519816
0.34632376
0.34540144
0.34733546
0.35691324
0.35084823
0.34272826
0.34356782
0.33760527
0.34776887
0.34614414
0.34585854
0.34354466
0.32878965
0.34092948
0.34047675
0.3407192
0.33539453
0.3393842
0.34373838
0.34586123
0.3406297
0.34077764
0.33636582
0.33799583
0.3314464
0.33588913
0.3332982
0.32805392
0.3296766
0.3370605
0.3343586
0.3389254
0.33271623
0.33329886
0.33115664
0.3322278
0.33421916
0.3325469
0.32627133
0.33290124
0.3368528
0.32955363
0.3314836
0.33116364
0.32983127
0.33672896
0.32730094
0.32717186
0.32674697
0.3220311
0.32418203
0.32522354
0.3315864
0.32174164
0.33259267
0.3233994
0.32865632
0.31936604
0.32488522
0.33056435
0.3272195
0.32150182
0.32455006
0.32463574
0.32810682
0.32255954
0.32001594
0.3217266
0.3215524
0.31868744
0.32403365
0.31878808
0.3167866
0.32248613
0.3283035
0.32366115
0.32450628
0.3234438
0.31843114
0.32518128
0.32029453
0.31615257
0.3242206
0.3151788
0.31198567
0.31646696
0.31487066
0.31569767
0.3206719
0.31466353
0.31126755
0.31476355
0.316768
0.30948368
0.31221032
0.30582234
0.30502734
0.30530453
0.3132208
0.30837065
0.30122894
0.30448493
0.31251726
0.30454165
0.29959795
0.29936966
0.30983898
0.30517718
0.30454692
0.30134043
0.29514146
0.29443637
0.30645153
0.295835
0.30197415
0.2963795
0.30128992
0.2929871
0.29185575
0.2962854
0.2884408
0.29748076
0.29577368
0.29958397
0.30126104
0.3001253
0.2931508
0.29281113
0.29587072
0.2924437
0.29540437
0.29715565
0.2928901
0.29481846
0.2980671
0.29593047
0.28480434
0.2933792
0.2919276
0.29745287
0.28750974
0.29322064
0.29273254
0.29211453
0.2917442
0.28516954
0.28675058
0.28439248
0.2880126
0.28845182
0.28731897
0.27877966
0.28255665
0.28518793
0.29363504
0.28653592
0.2814781
0.2867953
0.28440538
0.2839306
0.29071102
0.28380206
0.27859184
0.2797826
0.28055245
0.28391773
0.2747945
0.27085698
0.2825178
0.2786732
0.2752003
0.2738681
0.2778404
0.2813759
0.27469778
0.2691964
0.27780646
0.2707901
0.28205088
0.27327347
0.2604292
0.264744
0.2711179
0.27324575
0.265222
0.26953486
0.2623556
0.26443622
0.26335198
0.26618966
0.25983837
0.26756945
0.26139385
0.2726877
0.26218507
0.26974893
0.2644522
0.26336664
0.26224244
0.2688489
0.26141036
0.26264566
0.26474974
0.2619157
0.25644115
0.26392415
0.26621634
0.2582975
0.2598817
0.2573977
0.26280418
0.25717363
0.25881037
0.25751987
0.25595146
0.2526757
0.26116142
0.25281128
0.2559162
0.24743639
0.25608978
0.25316143
0.25251147
0.25588492
0.25649983
0.2419738
0.25263545
0.24952756
0.2593646
0.24916163
0.25129166
0.25201717
0.2500467
0.25851852
0.25186214
0.25416565
0.24614179
0.24672522
0.25218147
0.24737467
0.2480544
0.25605235
0.24969682
0.24618584
0.25134888
0.25158402
0.24050497
0.2540501
0.24728803
0.25718233
0.24627215
0.25941542
0.24469955
0.26153782
0.24427758
0.25035518
0.24278587
0.24476461
0.24543948
0.24860683
0.24718837
0.25357252
0.24767254
0.24252416
0.24648808
0.24882841
0.24057361
0.23831257
0.23690256
0.240108
0.24137524
0.24307114
0.23549601
0.23901492
0.24397208
0.23965456
0.23954917
0.24283454
0.2341837
0.2371177
0.2364057
0.2338204
0.23602681
0.2401188
0.23360428
0.23686035
0.23733328
0.2330239
0.23682769
0.23678699
0.2333451
0.24208553
0.23784973
0.23770605
0.23357885
0.23665184
0.24005592
0.23628613
0.22715834
0.23980397
0.23473534
0.23131303
0.23827803
0.23139168
0.22953184
0.2397994
0.24303299
0.23404908
0.22829929
0.2337243
0.23824085
0.23488675
0.22899044
0.2386947
0.234567
0.23367289
0.23462953
0.22818926
0.2295581
0.24008925
0.23677388
0.23113827
0.22630179
0.23543884
0.23241004
0.22469696
0.22711796
0.23822245
0.23381783
0.23271848
0.23441605
0.23378184
0.23197736
0.22946888
0.23062487
0.22250034
0.23130088
0.2282848
0.22672528
0.22492275
0.22717787
0.22414401
0.22933905
0.22307166
0.22507173
0.22194518
0.22966494
0.22675285
0.22709075
0.23059608
0.22749458
0.22928488
0.2208847
0.22522913
0.22384508
0.2265227
0.22339019
0.21697563
0.2274417
0.22417563
0.22595519
0.22316608
0.22064993
0.21967079
0.21483915
0.23093085
0.21682966
0.219578
0.22191755
0.22273502
0.22516817
0.22216596
0.22229092
0.22506309
0.2283495
0.22186945
0.21754432
0.21339732
0.21632904
0.2153567
0.2242426
0.22040041
0.22417198
0.20954414
0.21603094
0.2121752
0.22007024
0.21684416
0.22502808
0.21656302
0.2100803
0.21621366
0.21716976
0.21931954
0.21157819
0.22165698
0.21549925
0.21137275
0.21447435
0.21663341
0.214376
0.219417
0.21517494
0.21336508
0.21655369
0.21375348
0.21516684
0.2123146
0.21365991
0.2172414
0.21905419
0.21927093
0.2163305
0.2106047
0.21605091
0.21502858
0.21144037
0.21817954
0.21628778
0.20989606
0.20732401
0.21267965
0.21491908
0.21193415
0.22069307
0.21469904
0.21190031
0.2122153
0.21124849
0.20823969
0.21454762
0.21294023
0.21410626
0.20306735
0.20540036
0.20951156
0.21296023
0.21595706
0.20606193
0.20076843
0.21565025
0.20349409
0.20877846
0.21066147
0.20848273
0.20349276
0.21102297
0.20742467
0.20377706
0.20831263
0.20187801
0.21346076
0.20152198
0.20679761
0.20138024
0.20008022
0.20502733
0.19888167
0.20390326
0.19985572
0.20144719
0.19929202
0.2012905
0.20253953
0.19591391
0.19915798
0.19810839
0.20623961
0.1975581
0.200078
0.19746545
0.19770396
0.19551751
0.19904923
0.20096487
0.20535475
0.19741268
0.20151591
0.20546728
0.20942916
0.19547461
0.19938336
0.20294367
0.2017979
0.20272343
0.20248488
0.19605222
0.20150545
0.1971265
0.20373525
0.19986925
0.19779785
0.19872263
0.19474229
0.19453754
0.20014834
0.19517148
0.20077035
0.203753
0.19983655
0.19438319
0.19596371
0.20207202
0.19769026
0.1901363
0.19733746
0.19487804
0.19839992
0.19863841
0.2018383
0.1960348
0.19280247
0.20014465
0.19896625
0.19868647
0.19239956
0.19084755
0.19592994
0.195689
0.19177565
0.19327027
0.19245335
0.19099915
0.19902384
0.1886794
0.19377646
0.19439742
0.19210564
0.18314898
0.19972432
0.19037999
0.19201311
0.19091123
0.19203754
0.19111967
0.19312525
0.1895068
0.19124922
0.19414613
0.18757968
0.18549399
0.19456394
0.19683693
0.18770547
0.18477102
0.19407378
0.1898902
0.19486256
0.19211687
0.18730766
0.18856207
0.19320503
0.19467776
0.19218221
0.19052218
0.19214463
0.19459192
0.19158691
0.20143461
0.18570787
0.19103946
0.18584375
0.1882364
0.18455951
0.19024615
0.18641502
0.19083095
0.18291683
0.18510152
0.18240702
0.18101247
0.18458663
0.19410795
0.18840729
0.18109743
0.18470098
0.18209821
0.1843005
0.18365845
0.19144125
0.17699923
0.18212096
0.18600987
0.18546149
0.18106428
0.1849147
0.17994297
0.18385482
0.18573552
0.18399058
0.18118514
0.17775814
0.17396078
0.17642915
0.18563208
0.18467069
0.18415621
0.18164577
0.18343471
0.18224773
0.1781484
0.17577873
0.17863286
0.17703311
0.17738004
0.18123928
0.1782121
0.17646915
0.17572649
0.17736208
0.17201559
0.18179817
0.17097798
0.17770527
0.1809719
0.17461632
0.17898443
0.16859503
0.177622
0.17780183
0.17422196
0.1705237
0.17221507
0.17222744
0.1734551
0.17247368
0.17677042
0.17198044
0.1714188
0.17474535
0.17759332
0.17904386
0.17646474
0.17420147
0.17886773
0.1755082
0.17220612
0.16657136
0.1710401
0.1743612
0.16691765
0.1790266
0.17501503
0.18030661
0.1741075
0.17506653
0.17130008
0.17385118
0.1703912
0.17519154
0.17510398
0.17082599
0.17067677
0.16791284
0.1698119
0.16956617
0.17188856
0.17362545
0.16549408
0.16923124
0.16778752
0.16978976
0.16753507
0.16654424
0.17091246
0.16484451
0.1718571
0.16853571
0.16929059
0.1713891
0.16670068
0.1632832
0.1664271
0.16950408
0.17174554
0.16886774
0.17036624
0.16777278
0.1611649
0.17011735
0.16126353
0.16862686
0.16677265
0.17193496
0.16864567
0.1662162
0.16969556
0.16902593
0.16501129
0.1628941
0.17062636
0.16415605
0.16509409
0.16314363
0.16678174
0.16329534
0.16468492
0.16123459
0.16598324
0.1659008
0.16238874
0.16183357
0.16430092
0.16902433
0.16784085
0.16639723
0.16408077
0.16067234
0.16908112
0.16874851
0.16558743
0.16434973
0.16287158
0.1612758
0.16266194
0.16488288
0.15738867
0.16163388
0.16268484
0.16100849
0.16041441
0.1565078
0.15735747
0.16271077
0.15748684
0.15770237
0.15800482
0.16017956
0.16147675
0.15888429
0.16129002
0.16066769
0.15862933
0.15856303
0.15708892
0.16019925
0.15359943
0.15475543
0.15249616
0.16491497
0.15511522
0.16315013
0.15789947
0.15611921
0.15276887
0.16080844
0.15825868
0.16354282
0.16268349
0.15867163
0.15704736
0.15515757
0.15883578
0.16080795
0.15652405
0.15459508
0.16041413
0.15701368
0.15345821
0.15804408
0.15247612
0.16044363
0.15919875
0.15467505
0.15180856
0.15072417
0.15980159
0.15595718
0.15967031
0.1581867
0.15091759
0.15942036
0.15717624
0.15433627
0.15012456
0.1562992
0.15203267
0.14810735
0.15006202
0.15328152
0.15524058
0.15061535
0.15005349
0.1544465
0.15711462
0.14790928
0.15014438
0.14736529
0.15480454
0.15433367
0.15144713
0.15246733
0.14572772
0.153359
0.15801625
0.15273368
0.15182257
0.15514204
0.15402523
0.15699297
0.16118045
0.15296984
0.1498748
0.1439542
0.14725237
0.15097001
0.15602247
0.15271094
0.14472649
0.15211868
0.15388504
0.14500456
0.15362337
0.15317905
0.14705375
0.14772066
0.14998958
0.14862798
0.15678154
0.14834438
0.14422305
0.15002546
0.15141834
0.1514149
0.15130153
0.14729343
0.1453455
0.15675963
0.15061507
0.14629686
0.15071374
0.14973001
0.1487867
0.14855736
0.14643481
0.14949158
0.14845206
0.15249258
0.14708385
0.15078445
0.15530355
0.14613913
0.14620699
0.14953542
0.14908117
0.15176538
0.14891054
0.15167208
0.14387137
0.15308179
0.14800556
0.15356766
0.15324992
0.14915171
0.14895017
0.14927071
0.1507948
0.15040296
0.14536907
0.15317392
0.15110168
0.15399277
0.14881448
0.15006189
0.14554301
0.15381576
0.15235768
0.16184004
0.14756134
0.14538097
0.15086468
0.14650513
0.14816129
0.14856213
0.14926925
0.15212628
0.14900444
0.14603133
0.14483237
0.14400351
0.15220709
0.15119424
0.14664407
0.14444734
0.14402507
0.14875409
0.14551646
0.14948758
0.14981177
0.14218318
0.1380865
0.15014336
0.14357753
0.14636092
0.13906343
0.1423179
0.14189799
0.14636162
0.14482507
0.14435987
0.14333089
0.1526709
0.14060712
0.14307201
0.1395442
0.1480943
0.13932632
0.14488465
0.14223398
0.14015691
0.14775805
0.1413864
0.14109676
0.13841914
0.13536216
0.14617969
0.15221342
0.14342141
0.1454417
0.13997698
0.14497958
0.14117426
0.14359443
0.14571273
0.1474577
0.13157614
0.13945644
0.15264449
0.13655524
0.14491662
0.13859604
0.14232412
0.14273573
0.13996182
0.14061734
0.14577094
0.1428695
0.13557482
0.13688022
0.13840139
0.13486172
0.13855232
0.13878062
0.13894211
0.13518062
0.13944748
0.13668442
0.14361157
0.14394127
0.14035943
0.13523099
0.14715494
0.13529247
0.13152482
0.13997214
0.13331527
0.13925734
0.13840576
0.14166145
0.1415725
0.14047472
0.14207985
0.13700235
0.14130202
0.14327742
0.1335194
0.13623218
0.13670026
0.13947448
0.14032201
0.14078704
0.13192114
0.13552666
0.13345732
0.13954265
0.13072588
0.13954869
0.13368797
0.13593265
0.13787518
0.13615105
0.13944939
0.1373423
0.13758644
0.13497858
0.13481791
0.13430591
0.13331372
0.13468066
0.13612606
0.13343589
0.1363274
0.13817434
0.13271347
0.13416326
0.13299848
0.13550642
0.13496138
0.13947327
0.14308858
0.13278015
0.13113734
0.13366668
0.12960188
0.13959062
0.13584255
0.13003261
0.13225915
0.13796572
0.13896601
0.13899697
0.13679421
0.13670936
0.12852314
0.1374001
0.13520087
0.13456027
0.13935213
0.13526239
0.12856998
0.13204102
0.13391808
0.14217421
0.12862723
0.1315335
0.14792195
0.1296927
0.13835049
0.14040759
0.12665413
0.13497686
0.1357388
0.1252245
0.13133022
0.13834146
0.13829143
0.13367009
0.13407342
0.13632898
0.13487153
0.13411625
0.13093986
0.13594924
0.13428849
0.13476732
0.13979274
0.13793199
0.13711579
0.12635031
0.13326122
0.13248733
0.13070813
0.13218097
0.13361287
0.13108586
0.12889156
0.13396473
0.12793607
0.13017714
0.12816384
0.13897674
0.13233802
0.1286932
0.14236137
0.12963185
0.13383216
0.13982707
0.12993604
0.13629961
0.13384166
0.12905236
0.13091734
0.13427326
0.1277297
0.12942398
0.12990169
0.13484336
0.13518053
0.13317457
0.12757525
0.13138478
0.13186812
0.1334945
0.12418216
0.12437739
0.13681683
0.12991598
0.12877786
0.12844872
0.12829725
0.12960948
0.12939478
0.13172977
0.13191137
0.13222395
0.13035211
0.12630181
0.13057788
0.13219473
0.12753214
0.12480961
0.1289186
0.12773995
0.1341757
0.12911734
0.13499108
0.13435312
0.12648907
0.12654579
0.12912112
0.12965417
0.12709579
0.1328543
0.13419743
0.1265226
0.12681155
0.1319711
0.12962781
0.13176101
0.131281
0.12872408
0.12830018
0.13006502
0.13023998
0.13194531
0.1333567
0.1270104
0.13148314
0.12400846
0.1384596
0.12732998
0.128088
0.13190913
0.122139685
0.1306904
0.12646283
0.12989035
0.132704
0.13113002
0.12703934
0.12750052
0.12995344
0.13004139
0.12802725
0.13120273
0.13258886
0.12826243
0.12833072
0.12785915
0.12763137
0.13315463
0.13182698
0.1246077
0.12779483
0.12826876
0.12947407
0.12932852
0.13180305
0.13621578
0.12997481
0.12565655
0.12688209
0.12596165
0.12859043
0.1258627
0.12610441
0.12182445
0.12282833
0.12768607
0.12612115
0.12345019
0.13141532
0.1274753
0.1239279
0.12955067
0.12827475
0.1301874
0.1281266
0.12674518
0.12506813
0.12908289
0.12542354
0.13038205
0.12913005
0.1276541
0.12880015
0.12727802
0.12505038
0.12864985
0.12851511
0.12277331
0.12726985
0.13629559
0.12221486
0.1290051
0.12816593
0.13530688
0.12571064
0.12818164
0.13408819
0.13048232
0.13273458
0.12826517
0.12738478
0.12561032
0.12975962
0.12933016
0.12418875
0.12588547
0.12653098
0.13066989
0.120661296
0.1330368
0.122968085
0.12671575
0.12542614
0.12424478
0.12655292
0.12315898
0.13138597
0.12997198
0.12346405
0.12332586
0.1286187
0.12888785
0.125027
0.12682508
0.11968007
0.12971011
0.1311989
0.121865116
0.12964834
0.12796962
0.12661734
0.12468708
0.12690432
0.12406122
0.13210651
0.12740394
0.124710985
0.12962142
0.12791413
0.12190225
0.12509778
0.12942758
0.12645371
0.1287289
0.12390788
0.124891534
0.12075227
0.1241396
0.12724008
0.12416164
0.1289832
0.121827014
0.1324263
0.12933113
0.12898283
0.12820396
0.1209518
0.118938275
0.12227486
0.12428778
0.12259294
0.12703905
0.12230321
0.12873615
0.12449444
0.12294294
0.12361808
0.12499849
0.12536447
0.12400897
0.123953104
0.11930063
0.12440478
0.12523499
0.12413136
0.1230714
0.11953317
0.1263394
0.12229385
0.11852721
0.12367855
0.12622346
0.11951239
0.118888274
0.12169901
0.12711446
0.12368553
0.12471944
0.119169235
0.12580597
0.1277044
0.12215595
0.124287866
0.12810147
0.12869613
0.12975104
0.121084
0.12273031
0.123252384
0.1163841
0.12245212
0.1314853
0.12627387
0.12574321
0.122364014
0.12407053
0.12983704
0.12730694
0.12459636
0.13204461
0.12680608
0.12436372
0.122146696
0.121574394
0.11972717
0.12686172
0.1263111
0.12343979
0.11781068
0.12343667
0.1288301
0.119678475
0.12601298
0.12158454
0.119862095
0.12524372
0.12209979
0.122312285
0.12460998
0.12124755
0.12077074
0.11788484
0.12303067
0.12570356
0.120936185
0.121305175
0.12493626
0.12657891
0.1180865
0.120802574
0.11722408
0.1203176
0.13180749
0.11807115
0.12166073
0.121836804
0.1209297
0.122912064
0.11684036
0.12440979
0.118420966
0.122409575
0.12091853
0.12137437
0.12200317
0.1245324
0.11221059
0.12811176
0.12523833
0.12378932
0.125421
0.121584654
0.12060923
0.120787546
0.123636924
0.12214491
0.12040389
0.121422976
0.1247166
0.12319701
0.124884374
0.122661054
0.118684866
0.11969136
0.113096334
0.11656663
0.12680238
0.1236008
0.11689526
0.121187545
0.12125762
0.1252795
0.12985864
0.13215436
0.12016655
0.119608454
0.11903148
0.122527935
0.12182014
0.11291825
0.12540084
0.12313697
0.12543444
0.11694223
0.11968473
0.11273971
0.116745085
0.11999034
0.12218799
0.11602587
0.113944195
0.12275605
0.11973415
0.11689563
0.11671092
0.12338044
0.12058146
0.11975906
0.11818523
0.11804397
0.11713452
0.11788746
0.11485565
0.1275087
0.12087192
0.12374817
0.12163904
0.12044571
0.11365422
0.1161959
0.123057164
0.118219264
0.11980349
0.12084606
0.11918043
0.12264188
0.12151792
0.11204747
0.12165429
0.11721683
0.12140084
0.12139249
0.11797442
0.11344664
0.12562598
0.11589045
0.115181446
0.11518868
0.1188971
0.12122811
0.11898608
0.119501114
0.114029065
0.12309032
0.11777983
0.117317915
0.1140375
0.11769017
0.11868669
0.12686414
0.113941126
0.11340205
0.11815331
0.12270111
0.11295151
0.11662786
0.11507596
0.11800226
0.11955525
0.11744203
0.11086291
0.121178694
0.11220296
0.117236614
0.12086982
0.11845602
0.11810082
0.12089029
0.11591753
0.1155992
0.11481402
0.11567782
0.11456699
0.11852502
0.11767064
0.1127476
0.11656799
0.12628168
0.11701504
0.116334885
0.11790429
0.11856567
0.11643767
0.11696744
0.11669968
0.11670892
0.11607555
0.1185962
0.12132886
0.109932214
0.12198262
0.121056676
0.117270805
0.118684895
0.11777975
0.11672884
0.118458055
0.11447013
0.12181519
0.11577723
0.12072055
0.119102076
0.11384837
0.123335734
0.11283775
0.12103862
0.118643254
0.11733954
0.1252468
0.124777235
0.11361781
0.11495062
0.1141851
0.11738719
0.11556888
0.11603172
0.12102744
0.12033187
0.11429137
0.11988571
0.113665745
0.110664
0.112746924
0.12600428
0.1165475
0.11309849
0.11898695
0.113591395
0.11762802
0.11053224
0.11104735
0.111450225
0.11121417
0.11469628
0.11213424
0.1172434
0.12234749
0.120905794
0.115514524
0.1160344
0.11304181
0.116434604
0.115800604
0.10841973
0.10999194
0.11240791
0.113972865
0.11557894
0.11565733
0.117396146
0.11100571
0.115341045
0.121088944
0.12032144
0.124270335
0.117818065
0.11348195
0.11541074
0.11510534
0.11701175
0.1163399
0.11923486
0.10911323
0.12284209
0.11379383
0.12018105
0.11596692
0.118230514
0.12070869
0.11432832
0.12135094
0.11818651
0.12233265
0.11659366
0.11107773
0.11878515
0.11656449
0.11655312
0.119453296
0.11781342
0.12049818
0.11182487
0.11712998
0.11399198
0.119945526
0.115833335
0.11594447
0.1104688
0.11873945
0.120254405
0.11765526
0.111548625
0.122405894
0.11501344
0.11642657
0.121162914
0.119979605
0.12061392
0.11767756
0.11283863
0.1158353
0.10955344
0.119720794
0.118680626
0.11578651
0.11474648
0.119222514
0.120963655
0.11767833
0.11912822
0.11401306
0.11924103
0.11759049
0.11942373
0.12015696
0.11835678
0.115471065
0.11922704
0.117932886
0.114463866
0.11573075
0.12557568
0.10982046
0.11898804
0.12170637
0.11906391
0.12328019
0.11524428
0.112262584
0.1204118
0.1214938
0.11774491
0.11579069
0.12177483
0.12190246
0.11610903
0.11484366
0.12202998
0.12228074
0.119475864
0.1157199
0.116385
0.118335314
0.112767264
0.11230334
0.11491775
0.11411694
0.115494594
0.11819463
0.11787612
0.11272088
0.123106286
0.120650604
0.11316001
0.10674628
0.109796725
0.11868545
0.11745515
0.114024475
0.1138284
0.11911554
0.11727929
0.1165553
0.11820088
0.11692565
0.11396328
0.11725779
0.12126689
0.11259712
0.11463288
0.11067756
0.11542533
0.11948546
0.11291676
0.12023908
0.11625164
0.11480629
0.115989275
0.11254535
0.12380329
0.10982492
0.1151769
0.114260234
0.11724831
0.1178691
0.11591069
0.116659075
0.11726734
0.11743395
0.11615859
0.120329835
0.11320397
0.11488408
0.11606403
0.11527907
0.121575065
0.11689394
0.11716896
0.11721253
0.117883384
0.116503656
0.11184399
0.113760255
0.116091006
0.11216102
0.10988462
0.11752041
0.11536976
0.117740095
0.11699729
0.11425672
0.11461126
0.11811251
0.11074537
0.11937101
0.11781838
0.10971823
0.11576852
0.11898145
0.12072381
0.10985155
0.113067985
0.11545653
0.10600271
0.11307708
0.11116753
0.11486426
0.11110124
0.120104775
0.11650984
0.12197026
0.115965754
0.11567918
0.115118876
0.1095518
0.115268335
0.11437897
0.11656137
0.11388113
0.12303207
0.11537619
0.12294603
0.11767837
0.1104958
0.12298255
0.114267476
0.11202961
0.11509386
0.11914231
0.11837775
0.11011191
0.117218085
0.11658616
0.12102406
0.118681535
0.11452779
0.115159966
0.114330955
0.11524247
0.11464201
0.11402559
0.11580823
0.10978538
0.111019306
0.12863128
0.11671288
0.11482093
0.112615265
0.11804307
0.10714201
0.11380482
0.11192862
0.10876087
0.11185905
0.11231848
0.11691455
0.11439488
0.118259825
0.11702892
0.117175944
0.115440845
0.11433622
0.11815285
0.1149871
0.11401709
0.12192516
0.12182071
0.11563998
0.10697952
0.114930496
0.117988646
0.1101374
0.113827474
0.11363507
0.10833429
0.11747864
0.112322226
0.11471263
0.11602465
0.11096217
0.11501746
0.12158414
0.10958462
0.11601453
0.115736626
0.11390032
0.11843665
0.11347051
0.11717784
0.11669137
0.109376594
0.11745219
0.11088201
0.119636275
0.11428193
0.11518284
0.11415085
0.11743613
0.12322824
0.11634665
0.110389076
0.11620332
0.1177719
0.11582307
0.11913666
0.1130987
0.11658342
0.118976265
0.11905021
0.11787982
0.11953118
0.1119796
0.12018576
0.11529565
0.11693321
0.11942524
0.1190874
0.12223758
0.11643712
0.11766276
0.1251404
0.122110344
0.11193337
0.11891766
0.11490926
0.12423586
0.114089236
0.1186797
0.1192345
0.11997606
0.12507772
0.11954374
0.121316515
0.1271726
0.12326257
0.12129892
0.11796785
0.118101135
0.1250245
0.121620096
0.11631833
0.12646715
0.12330799
0.1314554
0.13506757
0.13208075
0.13492411
0.13834997
0.14767793
0.14269271
0.13436867
0.1401699
0.13123976
0.13813497
0.13657221
0.13090841
0.13292769
0.12870358
0.12492537
0.1279181
0.120904505
0.11436348
0.11351161
0.113620445
0.1258236
0.11623904
0.118095085
0.11304902
0.12576751
0.11623157
0.11003062
0.117644496
0.1199063
0.10994506
0.11417252
0.11563877
0.11766206
0.11397216
0.10958291
0.10887086
0.114391364
0.1144304
0.114558
0.116159685
0.11032911
0.11573577
0.11215098
0.11725378
0.13026379
0.115128815
0.11269531
0.107324
0.11549676
0.11553767
0.10762818
0.116289765
0.10817543
0.11490461
0.11557128
0.11924231
0.113126084
0.1110308
0.110787556
0.11058244
0.11975824
0.11582249
0.11534585
0.113132015
0.111198016
0.11702149
0.11697917
0.118221685
0.119592406
0.111131065
0.11365433
0.11860953
0.11394389
0.115735576
0.11494025
0.11109133
0.115008116
0.121759154
0.10801083
0.11890821
0.120433904
0.120619185
0.11742927
0.11247199
0.114682555
0.11650203
0.11386617
0.11572164
0.11651003
0.117606446
0.11316958
0.113372475
0.109946735
0.11608861
0.11544013
0.11771672
0.11219414
0.11066475
0.11441653
0.10974226
0.10644947
0.112906955
0.112903595
0.11053436
0.115872405
0.11100746
0.10655654
0.1192246
0.11486374
0.107865274
0.11409923
0.10781867
0.10869893
0.10485759
0.114659466
0.110907935
0.115451545
0.110414855
0.109885864
0.122707374
0.106966846
0.11040815
0.11166831
0.12016577
0.11354453
0.11733662
0.110531166
0.11399733
0.115746304
0.11557888
0.115292564
0.11165916
0.10870754
0.11425405
0.11652034
0.10648795
0.11480555
0.110145725
0.10632204
0.11086104
0.113127336
0.11399252
0.11481951
0.10875657
0.11157829
0.108486086
0.121206336
0.11570592
0.108084604
0.10996018
0.11239166
0.111573026
0.122809045
0.10260955
0.11029378
0.104263745
0.107455924
0.10805082
0.10492734
0.11506651
0.11085267
0.114331
0.11446748
0.11848176
0.11493669
0.10244908
0.10843534
0.10829885
0.11258014
0.11357292
0.10511953
0.117337756
0.1150365
0.115668036
0.10963305
0.10705372
0.1133143
0.10665154
0.10555662
0.11398413
0.10842771
0.10894326
0.10618754
0.11560756
0.10589072
0.10976724
0.11329185
0.10419897
0.110595785
0.110649996
0.11171694
0.106907316
0.09930414
0.10715184
0.1102849
0.11039687
0.11586769
0.109282546
0.10893205
0.09805865
0.102707855
0.10663287
0.11348072
0.10446499
0.10626167
0.10278592
0.10773225
0.110605225
0.10962764
0.10889777
0.10774081
0.10629044
0.10601694
0.108985305
0.109604865
0.10978553
0.10577203
0.10576541
0.10822069
0.10926492
0.10939172
0.11505256
0.105509564
0.11099002
0.10496851
0.10895811
0.11091177
0.11065701
0.10708448
0.10760175
0.11022454
0.11463892
0.111314945
0.11129397
0.1076147
0.1046733
0.10529716
0.11177724
0.11170236
0.10201718
0.10823634
0.10463066
0.11178555
0.11140317
0.11082953
0.10626355
0.108869985
0.11196926
0.11666084
0.108634606
0.10978327
0.1152466
0.112614684
0.10705957
0.11059482
0.11190879
0.10561913
0.11271354
0.11369633
0.10451422
0.11546189
0.10910878
0.112521894
0.113056816
0.11076116
0.11205238
0.11738177
0.10505832
0.115511924
0.10992306
0.11122202
0.11217596
0.11522285
0.1114895
0.115208425
0.11056873
0.110805005
0.11263276
0.10207848
0.108148456
0.112619095
0.105134465
0.11161584
0.11242885
0.1052855
0.11250828
0.1107034
0.11739726
0.11858913
0.12400681
0.10743038
0.11068484
0.11208196
0.10923522
0.10899254
0.106295064
0.1088405
0.10900475
0.11349248
0.10252562
0.11137901
0.10869799
0.100475214
0.11156918
0.11011506
0.10705629
0.12178773
0.11010098
0.10557942
0.11007768
0.10696916
0.10847258
0.10864256
0.115844995
0.11275798
0.10885388
0.104967184
0.105017185
0.11228586
0.10950869
0.107301295
0.10697542
0.10016763
0.10866881
0.10680951
0.10980577
0.11085495
0.0998655
0.10564377
0.11405023
0.10129728
0.11021752
0.10691777
0.11593539
0.10927495
0.10494746
0.11827811
0.11014884
0.11410516
0.10931074
0.11226256
0.10625397
0.11648419
0.10281874
0.1086687
0.1078946
0.114843234
0.11309574
0.107335605
0.10763331
0.111122556
0.11064659
0.115681045
0.109460674
0.11253299
0.1125851
0.109286256
0.11648321
0.109931774
0.11704325
0.10692411
0.10681695
0.117375694
0.10910365
0.11701613
0.10939542
0.11399471
0.1089608
0.11742773
0.110337935
0.10988789
0.112351164
0.109001845
0.11225596
0.11458618
0.11322093
0.111115366
0.10942197
0.11078861
0.11141336
0.110589385
0.11084444
0.12238519
0.119280644
0.10911663
0.11235948
0.11433164
0.10945919
0.11244107
0.113201685
0.11851993
0.107510224
0.11150135
0.10837351
0.117851265
0.10669765
0.11708532
0.10520668
0.11420033
0.12269564
0.11117667
0.110042684
0.112732686
0.11090901
0.11161617
0.123588644
0.108438484
0.11720521
0.11036545
0.10958591
0.11163419
0.13050528
0.10956879
0.111861825
0.11018649
0.11408212
0.11611393
0.10348638
0.1065986
0.10927442
0.12324739
0.10486987
0.113540545
0.1297403
0.11640464
0.11027453
0.10932176
0.10900502
0.11402556
0.114596136
0.12896138
0.11176253
0.118923314
0.118955396
0.11231617
0.11952115
0.110583074
0.11798845
0.11025038
0.123950705
0.11110531
0.11781157
0.10418684
0.10903276
0.11488717
0.11240284
0.1176076
0.12773022
0.10618953
0.11348973
0.11493561
0.11542144
0.11680469
0.11555091
0.107172176
0.11407924
0.11337593
0.10941035
0.1100584
0.11150495
0.10940367
0.11571126
0.11148355
0.11638133
0.10548956
0.11282701
0.103929944
0.11233957
0.115799636
0.10692105
0.11248089
0.106402464
0.112502694
0.10652702
0.11238993
0.11146949
0.11281058
0.10299055
0.11543682
0.11174917
0.10409462
0.11235012
0.106845595
0.11394333
0.10977527
0.11200026
0.11029051
0.10923307
0.106457524
0.11384512
0.11585189
0.10493707
0.11206713
0.11538576
0.11502019
0.1042687
0.11506796
0.11148519
0.106777936
0.1061601
0.112816885
0.10517314
0.1100696
0.10973051
0.11102417
0.112262785
0.10788473
0.104292355
0.108819835
0.10858189
0.108018726
0.1030657
0.10223772
0.11133981
0.10634613
0.11224039
0.11560734
0.12180869
0.12202083
0.111094415
0.11346275
0.11102061
0.114938304
0.10660541
0.11245704
0.1043001
0.116063684
0.11045976
0.118071675
0.110408515
0.10983043
0.107897915
0.111200504
0.1136442
0.11134142
0.11068891
0.11083356
0.10824662
0.109300956
0.11189098
0.111190535
0.1098745
0.106958546
0.11181313
0.11132298
0.10931904
0.113540165
0.1058205
0.111046374
0.11258763
0.107265495
0.10048367
0.10753022
0.11281333
0.11115586
0.111936904
0.098768204
0.10531665
0.110013485
0.10092166
0.118521184
0.110889316
0.11586013
0.11722173
0.11199025
0.11384351
0.1057774
0.11724034
0.10406146
0.10686078
0.11643269
0.11183907
0.1077888
0.10969346
0.10666996
0.11066431
0.11255506
0.108426884
0.11055038
0.112267904
0.113286905
0.11125554
0.11146493
0.11568495
0.11374111
0.110397875
0.11123949
0.10736628
0.10805511
0.110372834
0.112398446
0.10556094
0.10747858
0.10548419
0.11103277
0.10582869
0.10873675
0.1124667
0.11228107
0.10701594
0.114969924
0.11772019
0.11050991
0.110563055
0.12112925
0.11302266
0.11026866
0.11009534
0.11552352
0.112195976
0.112200506
0.11197421
0.106441885
0.11844952
0.11275655
0.10797384
0.1099798
0.1066934
0.10613703
0.106938295
0.110274516
0.113429375
0.11621106
0.10574962
0.10369747
0.111157954
0.10321736
0.100478835
0.11439433
0.10869242
0.10233249
0.10637029
0.107908554
0.10469784
0.11030311
0.11106887
0.117561
0.10690005
0.11623629
0.11065817
0.11328218
0.10680382
0.111377254
0.10578067
0.10752824
0.120820016
0.11171993
0.11221174
0.1121668
0.11430638
0.11020494
0.11401231
0.11636904
0.10780934
0.1155738
0.105947874
0.111275
0.11466812
0.1103068
0.11372445
0.10820831
0.11398927
0.10906316
0.11168947
0.10826309
0.111158065
0.10739816
0.10868949
0.112629525
0.11095718
0.11330102
0.11186032
0.1088181
0.115918115
0.12179891
0.10799499
0.113348864
0.115234494
0.10989876
0.113295406
0.109785624
0.11382046
0.10996866
0.11797721
0.106046975
0.11419897
0.110851176
0.11428992
0.110123366
0.11250019
0.115768336
0.10789871
0.10608006
0.112986505
0.10962077
0.110261306
0.11790359
0.106441244
0.10611585
0.1102076
0.11375582
0.118128866
0.10854508
0.11814889
0.116474815
0.11108776
0.10521056
0.10681602
0.11779545
0.11069302
0.12029467
0.11385867
0.112650074
0.116612926
0.11313175
0.12663175
0.111877926
0.11050307
0.112115905
0.1105798
0.11808129
0.10916929
0.10920904
0.110940225
0.11633362
0.124710426
0.10685173
0.11751594
0.114644445
0.115968175
0.10595142
0.11223393
0.121322095
0.10925317
0.11332408
0.11543817
0.109290615
0.11224003
0.11241043
0.11781452
0.11921581
0.10957855
0.11124906
0.10978821
0.11515099
0.1072085
0.11173806
0.11439964
0.114834055
0.11039353
0.10653098
0.10823569
0.11636966
0.107340366
0.11144716
0.118743636
0.11593682
0.11702365
0.11376557
0.11487493
0.10874781
0.12592149
0.10861952
0.10785162
0.11030775
0.11126047
0.110227935
0.10953813
0.113385454
0.10770157
0.11131717
0.116010964
0.10932465
0.11699011
0.108326755
0.11372361
0.11165712
0.10558465
0.1142972
0.11490807
0.11580236
0.11520272
0.11400108
0.11577733
0.111251764
0.109609574
0.113306105
0.112768374
0.12008313
0.10698161
0.11156068
0.10882933
0.121475756
0.11054517
0.12485105
0.12205991
0.100789085
0.10950738
0.11678782
0.112764664
0.11924521
0.11776378
0.11635214
0.11630401
0.10959764
0.109343015
0.11085577
0.11365481
0.107021
0.11832525
0.11325202
0.11023298
0.11760405
0.10832428
0.11084147
0.11541292
0.11733962
0.116937555
0.111982696
0.12121727
0.11778915
0.120190695
0.11720272
0.11620048
0.11788761
0.12095881
0.11598877
0.120055035
0.119813606
0.11502034
0.12298778
0.11448097
0.11320631
0.11337243
0.11449826
0.11788478
0.114134595
0.11553242
0.11067338
0.11620522
0.11803097
0.11490294
0.1301654
0.11989371
0.11670783
0.11831375
0.11031277
0.109842375
0.107423924
0.11645115
0.12272648
0.11868296
0.116551735
0.119177215
0.112024054
0.10555486
0.11609584
0.11613969
0.11828132
0.12258753
0.109828815
0.112528026
0.1143894
0.1292707
0.11825284
0.11654463
0.10896838
0.12085314
0.111882605
0.11840891
0.109597474
0.1152741
0.111547165
0.11287976
0.109435804
0.11565235
0.11304961
0.11738575
0.11330215
0.12151741
0.11351905
0.11033445
0.11764684
0.10755949
0.11225907
0.11096568
0.10771896
0.111022905
0.121405795
0.11090536
0.116143554
0.119342506
0.11593602
0.11172671
0.11350054
0.11252267
0.11359484
0.11420946
0.12298529
0.1090364
0.113942884
0.112011835
0.11096405
0.11331984
0.11736609
0.12178923
0.11121618
0.1194684
0.113848865
0.11249676
0.11384664
0.11539262
0.1151514
0.11194825
0.12022867
0.11667201
0.11287775
0.10758485
0.108148836
0.11314513
0.1131878
0.10559917
0.11557373
0.114510134
0.11002645
0.11441346
0.11420471
0.113715746
0.11708448
0.10749727
0.116520874
0.10603704
0.11458385
0.11781465
0.11296311
0.11616371
0.11298684
0.108060785
0.119363606
0.10817126
0.11591029
0.11085443
0.108685516
0.11220776
0.11889805
0.11601314
0.110949256
0.11592988
0.10773834
0.11248278
0.12447859
0.10877982
0.11103356
0.10884446
0.113935076
0.10990886
0.114507444
0.10663146
0.11249184
0.12000825
0.11213566
0.11427617
0.113282636
0.113144994
0.10834628
0.10853427
0.10905589
0.12210365
0.116913415
0.109240375
0.11037396
0.11500531
0.11809023
0.116618976
0.12147682
0.11530419
0.11317836
0.11710721
0.10970472
0.11094762
0.109524876
0.112796284
0.11283457
0.117245875
0.10286989
0.11744281
0.116194084
0.10939086
0.11391718
0.111781105
0.12254925
0.107110515
0.11281815
0.105354466
0.11881063
0.114264965
0.12221166
0.12123734
0.111300655
0.11515962
0.11559989
0.11516321
0.11530885
0.115835235
0.114895575
0.120039485
0.12048751
0.121822
0.12166909
0.118038975
0.12637666
0.12787671
0.11433493
0.11581454
0.10974077
0.10813405
0.115146555
0.11702439
0.11465921
0.10874942
0.11452482
0.113120995
0.108309016
0.10743775
0.12081474
0.11216093
0.10778002
0.12482995
0.12000415
0.11650775
0.118159726
0.11153188
0.118565224
0.11863737
0.11787224
0.110649936
0.11585964
0.11528486
0.11886411
0.11314976
0.11984896
0.12583017
0.11601747
0.12462513
0.1191909
0.113383405
0.11267262
0.11550549
0.11837522
0.11288463
0.114068314
0.112616144
0.11550257
0.11597817
0.118970454
0.116239734
0.117998675
0.12130284
0.118779734
0.11384444
0.11840703
0.114944965
0.11459243
0.107717395
0.113468975
0.11152244
0.12006749
0.11660746
0.116855524
0.117193416
0.12261384
0.12444935
0.12270844
0.10910869
0.11107206
0.11041777
0.10252398
0.11229396
0.11479623
0.113924995
0.105691195
0.11392717
0.11910703
0.121252276
0.10991583
0.12231485
0.10969498
0.11478479
0.11144235
0.11013495
0.12327609
0.11740217
0.118192196
0.122094534
0.11361718
0.11281058
0.1151303
0.10800714
0.12029301
0.11828043
0.11218186
0.11678746
0.11039732
0.11326146
0.110439904
0.1089136
0.110681705
0.109013245
0.11062037
0.11403028
0.10646003
0.11449644
0.10932135
0.11141383
0.11083294
0.115354165
0.11267948
0.118432075
0.13087034
0.11621998
0.113351054
0.1223073
0.11360507
0.109640434
0.1115188
0.106629975
0.11468642
0.107675344
0.108318485
0.119516894
0.10999907
0.11309106
0.11110824
0.113617815
0.10657029
0.10974479
0.10705292
0.11153475
0.108760394
0.10247698
0.10808495
0.1094722
0.10303371
0.11177283
0.11375203
0.11254049
0.10957167
0.10631521
0.117011234
0.110038236
0.112836085
0.109257385
0.11026705
0.108306184
0.11517777
0.1046402
0.11430241
0.10612461
0.110487014
0.10879472
0.12297557
0.11629598
0.111857526
0.116369024
0.10855797
0.10665496
0.112337306
0.107272066
0.10820863
0.12159928
0.109768674
0.10740196
0.10720378
0.106839076
0.11550277
0.11015148
0.10745653
0.10794335
0.1108531
0.106544785
0.11288704
0.11151604
0.113289416
0.12180062
0.11371473
0.11932606
0.10661694
0.10737309
0.11011804
0.111041345
0.121586755
0.11567527
0.1170639
0.108774
0.11715169
0.11293853
0.12115389
0.11685349
0.11695502
0.117545396
0.11517552
0.10822718
0.12605144
0.112554505
0.11224248
0.10992098
0.10925712
0.12119168
0.113986336
0.11148351
0.1132947
0.110558525
0.10760431
0.11726519
0.12400606
0.10472807
0.11063653
0.12189502
0.11996132
0.11003039
0.10802734
0.10980181
0.11764022
0.122057445
0.11222145
0.114477195
0.113417216
0.1222616
0.115396984
0.11347795
0.11920867
0.116993226
0.116053
0.107589275
0.115386076
0.11851439
0.120846726
0.119453125
0.121502176
0.11301165
0.10550065
0.11083332
0.11780909
0.11515526
0.11859007
0.11236767
0.11761188
0.10832162
0.1218543
0.107387915
0.116138734
0.117743835
0.11473622
0.12329748
0.11011434
0.10523694
0.12403559
0.12547664
0.115289934
0.11981503
0.12811962
0.10944773
0.12733197
0.11527383
0.11803773
0.11213622
0.11765996
0.12089583
0.110650726
0.121666044
0.109264575
0.11901521
0.112076156
0.11855946
0.116141036
0.11576316
0.11176328
0.11365983
0.1119222
0.11446455
0.13180557
0.11438502
0.11473094
0.11334134
0.11761205
0.10650323
0.11764131
0.11271607
0.11512939
0.11635634
0.11555003
0.11885766
0.12254484
0.11838057
0.11827255
0.11124079
0.11987535
0.115752995
0.11040514
0.11271615
0.11195641
0.113156706
0.112062275
0.11607424
0.116270415
0.11185612
0.114870064
0.12340137
0.11569153
0.11252149
0.11106624
0.113897495
0.120407216
0.1122575
0.115602516
0.11764128
0.12086405
0.11457445
0.11158224
0.11221642
0.11990615
0.12181078
0.12791832
0.12180283
0.123733506
0.104775116
0.11260309
0.10815049
0.118100494
0.111950934
0.10658069
0.114266895
0.11597087
0.118724264
0.11254826
0.11086054
0.11618391
0.12351804
0.113078564
0.112887554
0.111239366
0.112201236
0.11699683
0.10435063
0.11476154
0.112311326
0.11468588
0.11810931
0.12105253
0.11783503
0.111906536
0.11680209
0.114896104
0.109967515
0.1201016
0.11406636
0.10979469
0.10635067
0.116681576
0.12463504
0.111893274
0.1098805
0.11985778
0.11314868
0.116742246
0.11012544
0.11854171
0.11645893
0.12175751
0.10366379
0.12238927
0.12501785
0.11544277
0.11087313
0.111650415
0.12125498
0.11736249
0.10976151
0.10988435
0.12365967
0.11282949
0.10707167
0.11707076
0.11298892
0.10472351
0.112951264
0.11758311
0.13413715
0.12206916
0.11405959
0.11599822
0.11036556
0.11573318
0.11735727
0.10839491
0.11418197
0.10685407
0.11447519
0.11370814
0.110761285
0.11581492
0.11651939
0.11522632
0.11879846
0.12085062
0.11038198
0.1227078
0.118566945
0.11091493
0.11868411
0.11772164
0.119311415
0.11001442
0.10771345
0.11296567
0.11514696
0.11860224
0.114829
0.11374588
0.11574829
0.11685592
0.11667261
0.11671723
0.112773605
0.123045355
0.117844366
0.11100304
0.11440498
0.11797941
0.11624772
0.11866755
0.12149551
0.10725547
0.115524866
0.1185058
0.11505023
0.11925384
0.11704367
0.11690347
0.121071026
0.1148897
0.109830424
0.11672574
0.1261057
0.11159712
0.11910002
0.118334085
0.1163906
0.10593881
0.11633699
0.10968706
0.10733934
0.10849975
0.11399762
0.12045266
0.110016234
0.114471264
0.11409013
0.1146298
0.11279129
0.11003769
0.11455508
0.10976256
0.11552751
0.11300612
0.11263751
0.11416392
0.10564802
0.11150418
0.10312232
0.110057734
0.115840286
0.10622555
0.107516676
0.11235382
0.1134025
0.118472695
0.1112527
0.11317106
0.11343448
0.11946859
0.123207524
0.10989044
0.12002891
0.11358975
0.11970757
0.11854617
0.11911547
0.113825984
0.11159762
0.1097016
0.120021656
0.1044226
0.11413546
0.12242959
0.117764905
0.11620787
0.10966986
0.116148874
0.11565693
0.117859535
0.116166905
0.11591871
0.105577044
0.12315854
0.108544976
0.115642264
0.11855209
0.12161903
0.11833917
0.12036297
0.113803945
0.117652096
0.1106513
0.1269537
0.111813925
0.110561565
0.1135697
0.108588696
0.10892201
0.11414122
0.1199917
0.10969848
0.11792321
0.12830275
0.12002353
0.1093186
0.11861989
0.11694088
0.119006276
0.12130248
0.109891
0.10880307
0.11908767
0.104342096
0.10627771
0.10936577
0.12115021
0.11515474
0.11691888
0.122811474
0.11468485
0.10520425
0.11886412
0.124184236
0.11136807
0.11564253
0.12905078
0.11980823
0.121419266
0.12319696
0.11571905
0.122852996
0.118580975
0.12086676
0.10638793
0.1178354
0.11645114
0.11861186
0.123962246
0.1127617
0.12087689
0.11966133
0.11493078
0.12114749
0.11908872
0.116413385
0.11033585
0.12092858
0.1107896
0.11715543
0.12420697
0.107155696
0.12798922
0.118663326
0.12278647
0.11797817
0.12519147
0.121775374
0.114699945
0.11247226
0.120194316
0.11580319
0.120868325
0.1156072
0.11539014
0.11784218
0.12383147
0.12532696
0.114456065
0.117346935
0.1212413
0.11317822
0.12239055
0.1208593
0.120400235
0.12767883
0.11779158
0.11810784
0.11999753
0.12022487
0.12531267
0.12624839
0.110877566
0.11207521
0.11646385
0.116233006
0.11249387
0.12037851
0.12025228
0.115510166
0.1203961
0.11978602
0.11401246
0.108308725
0.123771705
0.116326965
0.1179914
0.11456061
0.121260926
0.12296029
0.12507132
0.120399475
0.124152645
0.114382796
0.114295386
0.122288145
0.11038265
0.118296735
0.12611419
0.11470872
0.112018764
0.1205269
0.119954355
0.111702874
0.12792332
0.11793682
0.114799485
0.121701635
0.11992208
0.120551705
0.11729429
0.11750352
0.11541938
0.12224414
0.12314473
0.118463166
0.13230546
0.12262003
0.11986249
0.12678668
0.12446197
0.11837657
0.12217163
0.12691505
0.12594135
0.12365212
0.12508142
0.11384865
0.118514284
0.1177485
0.11544203
0.12635544
0.12116235
0.11723972
0.12030357
0.12025915
0.12083545
0.13159321
0.119413875
0.11402331
0.119142234
0.119114935
0.12679708
0.10829001
0.12539488
0.11822234
0.117424466
0.124615364
0.117465295
0.112656064
0.12926058
0.11761947
0.12487989
0.11698909
0.1208055
0.12440929
0.121530615
0.12309005
0.122400515
0.12569202
0.12506743
0.12205964
0.11757452
0.134554
0.11339892
0.11599601
0.12374174
0.12056496
0.1253039
0.11969274
0.12060002
0.11903199
0.12184348
0.123549804
0.12546186
0.12124882
0.11876506
0.12076991
0.1281856
0.114008486
0.13244154
0.119771525
0.12736358
0.12825885
0.11334744
0.12416662
0.12716536
0.12248565
0.12679937
0.11080624
0.116126575
0.12813796
0.11607837
0.11521328
0.1157477
0.11108001
0.11906186
0.12665467
0.118982315
0.123761564
0.116383664
0.12606911
0.122175016
0.12382754
0.11756146
0.11172854
0.11518564
0.122641884
0.120545
0.114534736
0.12763414
0.11872532
0.12838262
0.12407274
0.11978476
0.114489816
0.10890789
0.120652236
0.13455832
0.12578124
0.13194247
0.11652235
0.121337496
0.14398734
0.11973068
0.10804615
0.12457552
0.12125272
0.11821882
0.11064552
0.11938634
0.10989474
0.11748244
0.11309639
0.117429696
0.11968895
0.119796194
0.10929678
0.117425464
0.11483553
0.11520273
0.13886544
0.11198675
0.11323275
0.11584278
0.119170666
0.11190286
0.11117579
0.1233366
0.12762596
0.12369536
0.11810926
0.114504136
0.14860484
0.11384486
0.112162925
0.12215991
0.11928172
0.10802332
0.113499716
0.11098935
0.112383485
0.11408905
0.11382321
0.11571109
0.110072024
0.11518073
0.11772303
0.10912407
0.12127639
0.12102242
0.109936655
0.10865497
0.119860046
0.11904741
0.1176062
0.11195469
0.11980383
0.12184425
0.1218739
0.11822733
0.12453691
0.11555833
0.118672416
0.11618009
0.12027278
0.12006483
0.11873375
0.12565164
0.11730231
0.116434164
0.12056135
0.12023052
0.11345016
0.11461623
0.11051583
0.11610907
0.11798464
0.116148315
0.111893386
0.120338835
0.1133165
0.11584845
0.10558255
0.1239561
0.12148307
0.12705062
0.12102295
0.11775032
0.11135787
0.10468271
0.11181329
0.10550836
0.11919092
0.11244401
0.12642051
0.120753065
0.12218311
0.1364324
0.11569737
0.11306019
0.11767996
0.110376425
0.11674833
0.11408024
0.10987675
0.1061324
0.11717212
0.11396561
0.111096784
0.10980042
0.11413013
0.10892402
0.11112006
0.12651561
0.10657191
0.118647285
0.1044358
0.118503876
0.11005446
0.10695952
0.110651776
0.11175214
0.12133597
0.11356585
0.10236248
0.11424774
0.10100168
0.11838996
0.11791449
0.11840307
0.12171064
0.110724166
0.11424216
0.108669356
0.12056712
0.1174175
0.120808244
0.12402305
0.10244526
0.11970739
0.1215229
0.1235873
0.11333819
0.11575223
0.124737896
0.11389423
0.11662587
0.11269226
0.1111137
0.11342499
0.10862877
0.11598804
0.112245075
0.11654366
0.102126725
0.11747651
0.115553424
0.11793027
0.12694706
0.12981042
0.12191232
0.11166098
0.11968445
0.11632022
0.114709206
0.11505532
0.12504146
0.111842334
0.11231478
0.1149874
0.112593874
0.12952465
0.109499864
0.11013925
0.11100834
0.11057256
0.11763684
0.110209666
0.11461167
0.1229188
0.12094378
0.13633716
0.11926632
0.11353532
0.11908476
0.13178276
0.11291187
0.11146934
0.117503315
0.12040149
0.13955632
0.11854436
0.12923144
0.123591304
0.12008229
0.12036941
0.12008078
0.13302833
0.122951284
0.12019574
0.12422486
0.106811434
0.11970464
0.12789768
0.122528
0.12106748
0.122844405
0.119799785
0.122019865
0.11647958
0.1139881
0.13632058
0.11881374
0.13389853
0.12833062
0.11479701
0.122490294
0.11561033
0.12810203
0.12161688
0.10692322
0.11629508
0.117900155
0.11752773
0.12480975
0.12861863
0.11999703
0.11763716
0.109902084
0.120554484
0.11176541
0.12250397
0.12313459
0.11602916
0.12546411
0.11579171
0.12602916
0.11872735
0.12966399
0.11325117
0.118854396
0.11931747
0.12983525
0.12256669
0.11224784
0.11925687
0.120245956
0.12493496
0.1240663
0.109023355
0.11713454
0.12368544
0.12814875
0.1263205
0.11005013
0.12032307
0.11755187
0.13121128
0.12342582
0.12176832
0.12283991
0.121347226
0.1151383
0.115319796
0.12781274
0.11326673
0.121651955
0.123425394
0.13805442
0.12010009
0.12588853
0.11597495
0.12131625
0.12887056
0.11344071
0.12404629
0.12349583
0.121930234
0.12001267
0.11850909
0.11524387
0.12152797
0.12264313
0.1147851
0.1165197
0.12416242
0.1189368
0.11546794
0.119497545
0.11442217
0.12544048
0.120887324
0.12344398
0.12492884
0.118015796
0.122397356
0.1291232
0.12621391
0.12156361
0.10136092
0.12208068
0.116323315
0.115351655
0.121295825
0.116829194
0.12008839
0.119205944
0.11175135
0.12700352
0.11318682
0.13273518
0.12110126
0.112272166
0.11773241
0.116924234
0.11869676
0.12322138
0.13413863
0.11360102
0.13046041
0.12722705
0.13169767
0.116550036
0.117143944
0.114248976
0.123903714
0.12622687
0.11985322
0.1208203
0.12421771
0.12489107
0.12006377
0.11842088
0.12669219
0.124144636
0.11182302
0.11499115
0.123466276
0.11884354
0.13310698
0.122426346
0.11840522
0.11615147
0.13006084
0.12165433
0.12738693
0.12271705
0.12334914
0.12041961
0.11327863
0.1272407
0.11326095
0.1194476
0.12432595
0.11975062
0.108480506
0.11514599
0.12069648
0.107405104
0.10838815
0.122890644
0.12679929
0.1093219
0.114739135
0.111125745
0.12257877
0.12149588
0.12647903
0.1232054
0.121497005
0.11916549
0.12585945
0.12067357
0.11709864
0.12116213
0.1276597
0.11123939
0.11440807
0.12742998
0.11822816
0.12302204
0.12418123
0.12346311
0.12399286
0.12498105
0.11687674
0.12533787
0.112208456
0.12459161
0.12612504
0.119219795
0.11137466
0.12580797
0.12870106
0.11739345
0.112954974
0.12084309
0.11926216
0.10831164
0.10639211
0.11698024
0.1270227
0.116905324
0.11558448
0.12107037
0.1388386
0.123309284
0.14230841
0.117123775
0.12026156
0.12274122
0.1177485
0.11100965
0.11343574
0.116844535
0.1221945
0.11968071
0.11511276
0.11849169
0.11336248
0.118649945
0.11385326
0.13226971
0.1253765
0.121465385
0.13089651
0.12537652
0.11753245
0.12333098
0.12048323
0.122434646
0.12040403
0.109073915
0.13332638
0.12340458
0.11473584
0.10948762
0.115933485
0.120448045
0.12211988
0.1181125
0.12427998
0.118190736
0.1168335
0.11686396
0.12642495
0.11514276
0.10748114
0.13368142
0.112017155
0.12542303
0.112907834
0.12400882
0.12090337
0.12169544
0.11379372
0.11843287
0.1250204
0.11785402
0.120919555
0.12556723
0.12532301
0.12148616
0.10923684
0.11421576
0.1233271
0.11063597
0.11202513
0.1122067
0.11851543
0.10927979
0.11267577
0.11179271
0.13534097
0.118742384
0.108750686
0.11050741
0.115752965
0.12193478
0.12690277
0.124815516
0.12952428
0.12194048
0.124883585
0.11831303
0.117424
0.11741856
0.124121085
0.11474971
0.10797315
0.11920494
0.117507845
0.12948391
0.1257366
0.13016774
0.12323459
0.12003731
0.118854396
0.10830634
0.11623356
0.11422034
0.11068868
0.11667735
0.11591929
0.11661688
0.11633573
0.12170177
0.10679029
0.1133553
0.15703304
0.11419749
0.11962265
0.12576936
0.11671214
0.11682159
0.107538775
0.1166883
0.11988727
0.14789586
0.11372028
0.11124274
0.1307831
0.1284648
0.116177134
0.11231832
0.11204788
0.12408224
0.118608944
0.11692938
0.11362943
0.1135926
0.1251098
0.13100345
0.12159466
0.10989781
0.11305829
0.12471304
0.119666144
0.1186853
0.12442114
0.12571456
0.118333295
0.15654182
0.13230889
0.11613401
0.12051578
0.11621482
0.13339645
0.11941226
0.11548747
0.11653859
0.12465468
0.14318573
0.12730664
0.114173196
0.12352949
0.12088044
0.11630632
0.11745542
0.12750348
0.13329498
0.11345652
0.13795844
0.11491031
0.13276672
0.13106924
0.120368
0.12411565
0.13033493
0.11687858
0.12899223
0.11725068
0.1149589
0.11685215
0.13820572
0.12544689
0.12102956
0.12980805
0.11862166
0.121709414
0.11990878
0.12547371
0.12146287
0.1266397
0.10581219
0.13749906
0.12959482
0.1322477
0.12513982
0.13341473
0.12734926
0.12820594
0.12818392
0.11806093
0.123306006
0.12618668
0.12819792
0.12501925
0.11914423
0.11577885
0.12374976
0.12900959
0.12283769
0.12223829
0.13355649
0.115752794
0.12674402
0.12050909
0.124503545
0.1275775
0.12749945
0.14300264
0.11755964
0.12491156
0.13599844
0.1405658
0.13009667
0.13280658
0.12910976
0.114475675
0.12107776
0.13919705
0.118953004
0.13843097
0.123379305
0.1276725
0.123417616
0.14243796
0.13627884
0.12395045
0.12865558
0.12749024
0.14451325
0.13095193
0.13319114
0.13299026
0.122329816
0.12682472
0.12559254
0.13284642
0.13392039
0.12743244
0.13313088
0.1186557
0.121951
0.1364388
0.124564804
0.12039741
0.12370218
0.12257751
0.13171215
0.13900262
0.12294445
0.13315445
0.12193206
0.13089396
0.13607341
0.1305602
0.12424551
0.12760682
0.12078665
0.12705983
0.12851489
0.12779067
0.12701301
0.12130365
0.11780703
0.12910526
0.12933357
0.13528082
0.11930549
0.12441317
0.12617937
0.1336789
0.11334775
0.12485424
0.11879565
0.12194175
0.1403831
0.12230918
0.1287489
0.11832492
0.1263922
0.12495195
0.13339894
0.118848726
0.13275924
0.12846054
0.13714294
0.12180149
0.14497174
0.12231209
0.12819193
0.1278047
0.13618697
0.12909476
0.11390141
0.12540746
0.13266222
0.1310741
0.12808941
0.13447747
0.123104714
0.14122233
0.130852
0.12537965
0.13217773
0.12030735
0.11705234
0.13197027
0.12044788
0.1299037
0.13068175
0.12180614
0.128412
0.13385135
0.12779032
0.122952454
0.13281001
0.12200555
0.12333044
0.121345155
0.10845607
0.12690951
0.1275369
0.12588383
0.12916656
0.120014474
0.12323225
0.116613165
0.14360376
0.13425604
0.1162237
0.11747933
0.11789864
0.13400617
0.12989713
0.13043007
0.12790288
0.15248138
0.12508434
0.13472104
0.13090716
0.12957919
0.12873198
0.13425043
0.117185205
0.13159561
0.12229743
0.1195848
0.13237327
0.121316664
0.12024536
0.117222525
0.12173598
0.12832436
0.11406729
0.12178898
0.15516731
0.12207773
0.12284715
0.111221254
0.14415069
0.12099445
0.120616645
0.12147069
0.12697712
0.122297876
0.13576387
0.12587169
0.13499568
0.115470484
0.11675749
0.12543482
0.1279518
0.118177086
0.12781547
0.12193323
0.12517409
0.11536357
0.13248923
0.12180534
0.12238036
0.11641317
0.116346076
0.10774954
0.11604298
0.123674825
0.1312079
0.10844445
0.10854889
0.12316968
0.11360495
0.12468914
0.11909633
0.11434975
0.12771714
0.123758964
0.11566163
0.11298323
0.11766994
0.11832898
0.123794146
0.120359525
0.12158098
0.110272035
0.1289409
0.10701032
0.11390964
0.11462147
0.11764913
0.12033666
0.11381348
0.11266778
0.111502744
0.10689059
0.11031647
0.10957696
0.10418303
0.11244348
0.110495076
0.11314231
0.109682545
0.11143834
0.1138559
0.11052126
0.11878657
0.108796515
0.104051836
0.11502344
0.11636811
0.10775376
0.12167907
0.104093656
0.11529694
0.115752205
0.12446212
0.1180842
0.12144512
0.10929537
0.121780075
0.12713024
0.11818775
0.113327585
0.110242724
0.12460219
0.111332625
0.105357565
0.11831034
0.11111116
0.109361514
0.11778603
0.11083184
0.117336296
0.11112012
0.115447305
0.11200085
0.11638164
0.11348272
0.12222568
0.117107965
0.11542431
0.10931009
0.11194132
0.11626244
0.11291605
0.11518202
0.11082739
0.10905638
0.11808908
0.12496548
0.1326793
0.12499571
0.13018422
0.116359755
0.12446145
0.10843172
0.11961632
0.12969151
0.11959486
0.11729367
0.119360484
0.11263386
0.11178615
0.11817751
0.115326345
0.1141227
0.13263099
0.12160927
0.11419714
0.109837405
0.12043292
0.122543044
0.11364115
0.12772833
0.12660009
0.12141024
0.12030816
0.1193797
0.112438
0.11703935
0.120717734
0.11699705
0.13606444
0.11101578
0.11476914
0.11856491
0.11424963
0.116386704
0.10884084
0.1272934
0.12333906
0.11694275
0.12670697
0.11295812
0.11821308
0.12189845
0.12088108
0.11926377
0.11641041
0.12187166
0.11512058
0.12600845
0.12056633
0.11335733
0.114891514
0.114189796
0.1150366
0.11693492
0.1408005
0.122642495
0.12147207
0.11171465
0.113835014
0.11844779
0.12379584
0.118442744
0.12520346
0.117206946
0.113131635
0.13287766
0.12486897
0.12414896
0.13951445
0.1206439
0.117174424
0.13413332
0.123901635
0.1174673
0.12898335
0.12026547
0.11685843
0.120369956
0.12562191
0.12465308
0.11625262
0.11192404
0.123657025
0.12017341
0.127659
0.12025712
0.11836387
0.121135935
0.118807964
0.124333754
0.12059981
0.11892723
0.12594588
0.12240295
0.116697185
0.12176369
0.11955134
0.11726263
0.12246642
0.12991267
0.11324944
0.1207831
0.11454225
0.11695474
0.12079978
0.12036264
0.122515306
0.11492255
0.11652022
0.11427346
0.1250563
0.12952714
0.12626566
0.11409823
0.12736154
0.12714489
0.13143364
0.1303438
0.118094236
0.12539284
0.121845625
0.12452263
0.12449513
0.11965587
0.12114146
0.12599634
0.13343348
0.12355773
0.11528338
0.12149198
0.11867507
0.121472545
0.12159012
0.12464975
0.12107065
0.12792346
0.119304955
0.12564282
0.13219082
0.13661838
0.12191615
0.123922214
0.12170817
0.12713964
0.12129582
0.12032454
0.124629125
0.12058204
0.12666886
0.11973516
0.119215086
0.12874593
0.12687655
0.120339446
0.11966254
0.12066647
0.11834563
0.11890835
0.11566725
0.115255766
0.11767917
0.1378393
0.11780375
0.1254567
0.117967166
0.11480097
0.1131055
0.11163892
0.11270247
0.11916694
0.12915821
0.120061785
0.11657411
0.116772845
0.12066491
0.1240177
0.124945484
0.11990386
0.13654128
0.12168195
0.12289664
0.11743864
0.11815467
0.1250564
0.1191191
0.12298782
0.1323128
0.1259926
0.11954621
0.12548634
0.12462472
0.13122483
0.13236965
0.123129934
0.122492895
0.13724421
0.12803125
0.1287519
0.11648349
0.11524569
0.12505959
0.11928653
0.11631525
0.11581262
0.11677488
0.120380834
0.1382642
0.13107146
0.12096648
0.11845422
0.123549275
0.14449403
0.12785433
0.12603857
0.12997276
0.12956484
0.120034195
0.116144426
0.11736801
0.11774327
0.1205951
0.12646778
0.12242449
0.12077335
0.12265197
0.12619077
0.11807779
0.1238957
0.12158952
0.12492092
0.12533619
0.12902695
0.1254612
0.12440102
0.13206431
0.120326936
0.11445133
0.118769564
0.12565708
0.12946793
0.121708184
0.11778575
0.12368242
0.13899325
0.12800631
0.12620997
0.1230903
0.13264644
0.13277568
0.12570922
0.11984741
0.12055421
0.118677914
0.11904482
0.11462328
0.11327867
0.11201246
0.11553467
0.115123704
0.120448425
0.1284715
0.120889924
0.11732472
0.1179544
0.11959089
0.121885434
0.11910948
0.1192392
0.11769129
0.11650277
0.115851015
0.113713525
0.1150769
0.115579784
0.116071925
0.12193032
0.13110445
0.12355094
0.122420006
0.12772457
0.12158865
0.11995804
0.12252093
0.12246734
0.12655827
0.13512364
0.11719446
0.11404222
0.12268798
0.118337184
0.11960843
0.12952808
0.119707584
0.116120175
0.116074465
0.12308646
0.13389038
0.1251745
0.13713135
0.12389698
0.114775956
0.118333824
0.117335565
0.11971396
0.11859181
0.12040571
0.11996886
0.115743086
0.111133866
0.1155873
0.124360025
0.13329406
0.116984494
0.10910636
0.10890297
0.110975735
0.106832504
0.10395866
0.11155868
0.13153797
0.1114358
0.107055955
0.1093603
0.11795808
0.116620526
0.11400944
0.10803542
0.10799453
0.10964877
0.11521132
0.114796065
0.11326189
0.1088716
0.108686924
0.11091489
0.114187926
0.11412441
0.11347613
0.109877214
0.111383416
0.11309193
0.110648304
0.10566548
0.10746782
0.112811446
0.115679756
0.1145858
0.11095321
0.10665809
0.10374026
0.10655789
0.11276494
0.11485599
0.113103166
0.110466585
0.10552566
0.10648638
0.11144843
0.11693048
0.117596224
0.10997835
0.10728446
0.106488936
0.11572903
0.12073909
0.1205093
0.11944615
0.11253707
0.11570841
0.11501458
0.11929364
0.11983719
0.11960176
0.11381498
0.11155787
0.11156772
0.11550562
0.11478156
0.1153221
0.116878346
0.11632943
0.10981322
0.1211309
0.14749512
0.12014228
0.112251356
0.11961484
0.123453714
0.11981492
0.115615904
0.11320022
0.11368966
0.10807101
0.10591554
0.10862327
0.11399083
0.114277035
0.10470044
0.10338518
0.10342088
0.11097684
0.1156816
0.122812726
0.11818666
0.113460824
0.106756456
0.10934882
0.11395936
0.11517753
0.11518844
0.115483314
0.116215214
0.1179509
0.11332877
0.112772375
0.11525497
0.113752715
0.1150705
0.111852616
0.11503004
0.11091839
0.110535525
0.108724914
0.111447
0.11765824
0.1201625
0.120708965
0.11531273
0.11624819
0.11947346
0.119268104
0.11762205
0.115585856
0.11371219
0.113302074
0.10969805
0.113535285
0.11285803
0.12166736
0.11708824
0.1164747
0.1096655
0.11334563
0.11182882
0.10826154
0.10519673
0.10752538
0.113781355
0.11480618
0.1149317
0.1088945
0.11062055
0.11090113
0.11877449
0.11790018
0.11666031
0.11544618
0.11695235
0.11559331
0.10829474
0.109850965
0.11669384
0.11905723
0.11666158
0.11251567
0.11007375
0.11449575
0.11722643
0.121271715
0.11631044
0.115887456
0.11866892
0.11501064
0.11904634
0.11593998
0.117491275
0.110956386
0.11181889
0.11707004
0.121316716
0.13008717
0.12962891
0.12762526
0.12078503
0.119760364
0.121137336
0.126503
0.12934981
0.13136679
0.12681411
0.12518719
0.123313695
0.12649754
0.12631527
0.12163181
0.11286849
0.11409418
0.119165376
0.122807086
0.11657336
0.11877735
0.11852212
0.120500386
0.11810098
0.120020464
0.12620425
0.12107154
0.11821285
0.117634304
0.122364536
0.130626
0.12825833
0.12788717
0.1179887
0.1185569
0.120585635
0.121660754
0.114977784
0.11572749
0.12128549
0.12927864
0.12819189
0.1302152
0.1278156
0.12493151
0.12040977
0.12188656
0.120085545
0.12390828
0.12299802
0.121278524
0.12126173
0.12308281
0.12715414
0.11936471
0.11675541
0.12065919
0.13173972
0.13805807
0.13676387
0.12642364
0.12321738
0.12041171
0.12141629
0.11675744
0.12088389
0.122714974
0.12785527
0.12378515
0.120781474
0.12133846
0.124252625
0.12864533
0.122940205
0.12003122
0.116732076
0.11668413
0.11278933
0.11793559
0.1187564
0.12628269
0.12620586
0.13147661
0.12785257
0.12620291
0.120816305
0.12075158
0.12604257
0.13006254
0.1291562
0.12023529
0.118302636
0.12334589
0.1284477
0.12762403
0.12181574
0.12000477
0.121643946
0.11927262
0.12464311
0.12436802
0.124102056
0.123105355
0.1244729
0.13072102
0.12669861
0.123670846
0.12136561
0.12328824
0.1211785
0.12459791
0.11769248
0.12254446
0.12601501
0.1318386
0.12795863
0.12351163
0.12061794
0.1225
0.122468285
0.12141916
0.12678236
0.12686086
0.13475628
0.13311161
0.13110615
0.120778464
0.112290405
0.11570907
0.1176703
0.12287894
0.13376991
0.13475859
0.13955404
0.12451802
0.12555194
0.1283934
0.13153078
0.13812254
0.1317269
0.13312192
0.12891069
0.13002507
0.12516789
0.122148916
0.11310562
0.11094299
0.1089999
0.11742911
0.12667434
0.13829716
0.14462431
0.14265282
0.13851696
0.13429305
0.1347424
0.13346985
0.13202535
0.13077965
0.13416289
0.13930525
0.13446607
0.13512538
0.13193028
0.14008904
0.13821058
0.13373473
0.13479827
0.13030487
0.14249635
0.14488915
0.14389297
0.13466215
0.12974453
0.13230035
0.12692767
0.12976669
0.13047953
0.13669668
0.13563691
0.13948809
0.14281772
0.14016944
0.13581567
0.1351252
0.13294466
0.13687016
0.13656704
0.13181576
0.13148326
0.12830032
0.12921569
0.13091435
0.12753159
0.13867027
0.13279717
0.13338703
0.12725514
0.12572238
0.12992676
0.13027544
0.13063307
0.1258976
0.1278676
0.12577917
0.12800974
0.12766661
0.12853059
0.1269848
0.11710246
0.11676112
0.124681376
0.12930706
0.13054985
0.116618924
0.11461093
0.111813046
0.1193599
0.123079374
0.121990085
0.11963104
0.118320234
0.120802455
0.12518854
0.12670398
0.12358069
0.11554862
0.10951066
0.10742173
0.12232072
0.13292141
0.1394104
0.12459757
0.11577343
0.11387212
0.120281346
0.1190431
0.11769876
0.11569204
0.11798336
0.12186504
0.11902615
0.1140905
0.111214995
0.11161177
0.11150905
0.10699276
0.10425868
0.10898081
0.11498596
0.11532975
0.11653179
0.11717006
0.117494926
0.11641564
0.117691256
0.11945114
0.115881756
0.11277031
0.10845709
0.114514776
0.114331104
0.11607495
0.11433988
0.113935046
0.11659742
0.10857828
0.10794052
0.10574549
0.11047919
0.10935827
0.10716648
0.11048221
0.10822586
0.10348036
0.10563933
0.10911383
0.112942554
0.10755263
0.11063248
0.11799996
0.11624472
0.1058265
0.10142196
0.10526418
0.111651115
0.10728361
0.105787754
0.101651445
0.10259882
0.09786329
0.102676585
0.109268084
0.11048115
0.107772335
0.10288402
0.10544818
0.11349668
0.1136624
0.11776353
0.110154584
0.10741358
0.10437739
0.10316089
0.10538381
0.101077855
0.11321373
0.11121234
0.11563529
0.11019106
0.11527274
0.111602515
0.101276666
0.09838608
0.104746945
0.110630006
0.11410164
0.106106654
0.10437264
0.09869144
0.11559355
0.117575705
0.12456768
0.113099456
0.108695954
0.110593334
0.11045135
0.11161657
0.100920536
0.10146787
0.09752514
0.10597124
0.102524385
0.11232463
0.10676317
0.10991649
0.10501398
0.108942874
0.11348207
0.11457716
0.11511067
0.10770589
0.10488666
0.1067012
0.10885861
0.10963221
0.10081257
0.099591814
0.09662469
0.09687871
0.0920509
0.09243615
0.09739816
0.10096043
0.098470435
0.090891
0.0853624
0.086576335
0.087388664
0.09153239
0.089069836
0.08999365
0.08672312
0.094413355
0.09669304
0.09682053
0.09225121
0.08617629
0.08582398
0.091095805
0.0933873
0.09785496
0.092503384
0.093172796
0.092548616
0.09609566
0.097216316
0.09534472
0.09077206
0.0962563
0.0962987
0.09700521
0.08995657
0.0894366
0.08944364
0.088873595
0.09149236
0.0915582
0.09125507
0.088384695
0.09077108
0.09392601
0.09244089
0.09372978
0.09677346
0.09720016
0.092404075
0.09240478
0.091528356
0.09562071
0.090650395
0.0938857
0.093383566
0.09263373
0.09718528
0.095931165
0.102905415
0.099410295
0.09799527
0.090668924
0.08966192
0.09224215
0.09738126
0.09580626
0.09715315
0.0927887
0.09514537
0.09143931
0.095802024
0.09935019
0.10303437
0.10095011
0.09368615
0.091783874
0.093468465
0.096035786
0.100360945
0.10244043
0.09885458
0.09230232
0.08840753
0.0913934
0.093696475
0.09036059
0.091551736
0.09141644
0.09562025
0.09369094
0.08977855
0.09390995
0.09268145
0.094800234
0.0928238
0.095748276
0.10045024
0.09974705
0.097872585
0.09661748
0.09339336
0.09759303
0.092980154
0.09760404
0.09937367
0.10523345
0.10336988
0.09753088
0.09528016
0.099790044
0.10522722
0.10257781
0.10052868
0.09988055
0.10248044
0.100456394
0.101816714
0.1069444
0.109
0.10624129
0.10171233
0.096270815
0.09769612
0.092787094
0.09564704
0.09271539
0.10107882
0.104379155
0.10584249
0.10326505
0.09464236
0.0919833
0.08848419
0.08814569
0.0930997
0.09687926
0.099905446
0.098124236
0.09912014
0.09813732
0.09892448
0.09613929
0.10131422
0.102195755
0.09975136
0.09489689
0.09203174
0.08991343
0.09537543
0.09678783
0.10174233
0.09947977
0.0989391
0.095522
0.0995462
0.0991036
0.10376339
0.09921877
0.10186355
0.10662804
0.11130981
0.10929721
0.10622212
0.10398899
0.1046078
0.10112398
0.09968645
0.101298146
0.10291988
0.10420183
0.100587405
0.1010812
0.1024494
0.100155145
0.10073616
0.09617444
0.09951175
0.10086263
0.100121364
0.09986092
0.09838454
0.11176006
0.111588694
0.112743914
0.10524171
0.10923613
0.10672195
0.10028697
0.103478186
0.10346339
0.10753548
0.1036583
0.109370224
0.104816504
0.103016704
0.10086897
0.103706464
0.10513874
0.10074481
0.1048564
0.10887298
0.113008596
0.10927049
0.10639695
0.1055414
0.10337269
0.100686975
0.09785146
0.10263895
0.10449866
0.10996708
0.11362659
0.10933329
0.1103098
0.10986468
0.120645106
0.11646034
0.112516955
0.10824452
0.10066619
0.09691147
0.09535424
0.1046348
0.10723527
0.10495062
0.10109001
0.10857182
0.10955411
0.11354826
0.11335083
0.11663731
0.110494114
0.10213438
0.102494575
0.104975305
0.10908965
0.1074669
0.10824295
0.10959209
0.104396224
0.10679771
0.10270516
0.105291136
0.10637648
0.10373978
0.10032876
0.09765731
0.10377429
0.10672422
0.10672837
0.1066142
0.10865002
0.1069083
0.1061997
0.11481696
0.119717516
0.11853342
0.1068136
0.100830324
0.09553157
0.1008136
0.10246027
0.107489154
0.100764975
0.10050905
0.101483546
0.10304017
0.10573746
0.100546144
0.09512703
0.10048245
0.10502362
0.11499205
0.11092279
0.11246685
0.11300434
0.10801368
0.10551144
0.10046388
0.09888443
0.096651234
0.09660046
0.09908926
0.1000352
0.09629068
0.09743399
0.09625529
0.10496283
0.10699889
0.104739614
0.105857186
0.10691077
0.1077003
0.10454219
0.096126325
0.10093752
0.098618045
0.1008681
0.09139154
0.090307474
0.10362846
0.11512631
0.11423232
0.09877846
0.097406544
0.09909261
0.10463983
0.10204666
0.098231874
0.091485664
0.09052099
0.09797293
0.0998683
0.10028146
0.09797519
0.09979326
0.09870768
0.09147147
0.09445152
0.0922287
0.09492065
0.08941329
0.09040619
0.09043931
0.09646654
0.09666329
0.10122556
0.09622037
0.100296944
0.09786848
0.09847536
0.0972996
0.09802024
0.09766103
0.09357583
0.093160756
0.096441045
0.09633889
0.09708434
0.09274152
0.09513712
0.09548691
0.091956064
0.08651202
0.08639692
0.09295149
0.093838274
0.09137779
0.09642232
0.10033156
0.10033943
0.10099834
0.10083763
0.099078685
0.09809042
0.09893815
0.100960426
0.10277647
0.09993251
0.10371549
0.099499285
0.108645275
0.1090049
0.10657571
0.10206179
0.09813197
0.101756066
0.10552984
0.1030595
0.10057708
0.09191867
0.094427645
0.09696435
0.103880845
0.10903732
0.10172569
0.1031048
0.10238179
0.10838948
0.10832511
0.106189094
0.1066945
0.101723045
0.111608736
0.10919597
0.11387929
0.10190095
0.108404025
0.107707664
0.11069807
0.108571194
0.1089475
0.10906264
0.11247014
0.11584786
0.117282346
0.11390719
0.10942061
0.107617594
0.10839342
0.11336339
0.116691716
0.117427334
0.11751639
0.117637336
0.1159045
0.1188768
0.11812357
0.12132419
0.11417919
0.113114536
0.11221525
0.122154616
0.12000413
0.11523705
0.103547834
0.1076763
0.11032119
0.109887674
0.11087188
0.1082855
0.10907379
0.11244275
0.119596496
0.11992494
0.11966636
0.11270933
0.12222159
0.12189673
0.1231119
0.11534146
0.1105555
0.113482766
0.10954868
0.11396282
0.11448887
0.12453711
0.117047735
0.1186
0.114778936
0.120067865
0.11831931
0.11758774
0.121247225
0.11925414
0.12532835
0.11726301
0.118524835
0.11580977
0.123612225
0.12060938
0.11560078
0.11402253
0.12310349
0.12518571
0.12613401
0.12021656
0.119563475
0.12093613
0.11737244
0.11878046
0.1069205
0.11259737
0.11218076
0.11949703
0.11519071
0.11918503
0.12429637
0.12552863
0.117980115
0.11297635
0.11669152
0.11635206
0.11515991
0.10951959
0.10989852
0.11037251
0.1162046
0.11965601
0.11524352
0.11230515
0.10677848
0.11486035
0.11639562
0.12262882
0.116182916
0.11118786
0.10571914
0.10572129
0.105197564
0.10686175
0.10404179
0.10699454
0.11448592
0.118594654
0.12291443
0.1223518
0.121208385
0.11615522
0.11012858
0.110259905
0.11641488
0.11952327
0.123007834
0.11954228
0.11808969
0.115973786
0.11488554
0.11358107
0.11333949
0.11237566
0.11657088
0.119787574
0.12329843
0.12058176
0.116794035
0.11468445
0.112038605
0.10855783
0.11384565
0.110911176
0.11492103
0.11116779
0.11686277
0.1200591
0.117821105
0.12052594
0.11974642
0.12020596
0.11660336
0.114196785
0.10908451
0.10869408
0.117641844
0.12513024
0.11659942
0.1147501
0.11839849
0.12734745
0.11676049
0.11333782
0.114249535
0.11748539
0.11462434
0.10922563
0.111298785
0.11261334
0.11996986
0.12767272
0.123255685
0.1230699
0.11524134
0.12188212
0.12283769
0.12167524
0.11284995
0.112062454
0.10544222
0.111104004
0.10358165
0.10968681
0.10883307
0.119398884
0.11969241
0.120237894
0.11372138
0.11834184
0.11654706
0.12277331
0.12048174
0.12498398
0.12129118
0.11596794
0.11426865
0.11519854
0.11749217
0.11586562
0.11398412
0.122011594
0.12328103
0.12618765
0.12678406
0.13007797
0.13335335
0.1286662
0.124341324
0.121109575
0.12232854
0.120511636
0.11965605
0.11991011
0.12548572
0.12518182
0.12645625
0.12673923
0.12507913
0.12896873
0.12682728
0.12815455
0.12435153
0.12254018
0.12933101
0.1281654
0.12940943
0.11789424
0.11886034
0.116304055
0.1271671
0.1202149
0.13089208
0.124132164
0.12767655
0.11518298
0.1127202
0.10922894
0.11784152
0.12105863
0.1309186
0.13682958
0.13888983
0.13157026
0.12884563
0.136622
0.13624577
0.13040815
0.120594524
0.13334037
0.13536984
0.12965132
0.12626375
0.12635067
0.12851395
0.12608095
0.124939516
0.13088864
0.12745242
0.12705898
0.12713006
0.12818176
0.12727408
0.1280972
0.12723252
0.12726223
0.12522146
0.123056054
0.123472124
0.118680894
0.12021772
0.11618421
0.11480927
0.11791522
0.12475915
0.13228302
0.13606219
0.13556159
0.13736169
0.13397501
0.13355207
0.139698
0.14587416
0.1430025
0.13532996
0.1283563
0.12595387
0.12616509
0.12201437
0.13103251
0.13221076
0.14063835
0.13562946
0.13378152
0.12393561
0.122435205
0.118358165
0.12347146
0.13049023
0.1261452
0.13099134
0.1295191
0.12973015
0.12780498
0.13042632
0.13807726
0.13753988
0.12515998
0.12456069
0.118740976
0.123961486
0.1279626
0.1349398
0.13517775
0.13575771
0.13156818
0.1386369
0.13963109
0.1385861
0.13198952
0.13620013
0.13988507
0.1426522
0.1363026
0.13375628
0.1403701
0.15013711
0.15466249
0.15355396
0.13516416
0.13287179
0.12950654
0.15025336
0.15599582
0.15290764
0.14971
0.14353037
0.1440997
0.13923723
0.13745882
0.13374959
0.12853275
0.1293445
0.13105394
0.13805111
0.13484605
0.13811933
0.12623353
0.12905358
0.13407472
0.13845457
0.1373611
0.12672351
0.12849568
0.12589465
0.11954416
0.11076859
0.11668541
0.12649906
0.13516895
0.13047354
0.12829027
0.13088112
0.1415347
0.1420854
0.13810001
0.13243899
0.13598716
0.13599662
0.13498613
0.13826835
0.13959572
0.13638139
0.13661595
0.13191137
0.13110916
0.123345844
0.12802498
0.12606645
0.13265628
0.12838791
0.12880877
0.11809361
0.12773632
0.12586504
0.13816236
0.13476732
0.14504772
0.14589748
0.15900025
0.15801783
0.15826373
0.1462583
0.14265728
0.13617451
0.12852162
0.12847519
0.13138838
0.13345836
0.15435393
0.15343869
0.14860032
0.12826885
0.12406755
0.12842558
0.12739952
0.13255611
0.130684
0.12908925
0.121710114
0.12516724
0.1278154
0.1338136
0.13057585
0.13055715
0.123250335
0.1338484
0.121258914
0.12627868
0.122530885
0.13012236
0.12879632
0.12456438
0.121037096
0.12491599
0.127366
0.13536143
0.14073834
0.13432947
0.13392136
0.12877806
0.13740203
0.13293728
0.1262091
0.12083812
0.12959324
0.12775081
0.13008495
0.12723681
0.13435417
0.13449384
0.136515
0.13859314
0.1374389
0.13512291
0.13409963
0.13593204
0.14597225
0.14718236
0.14149302
0.12899381
0.12495511
0.12630564
0.12497207
0.12771359
0.138671
0.13284041
0.12663339
0.12237659
0.13043995
0.13668075
0.13872781
0.13610213
0.13761425
0.13601243
0.13867095
0.12904435
0.12880237
0.13187398
0.14097019
0.13625042
0.13341531
0.12741743
0.12348914
0.12369741
0.123080164
0.12460875
0.13149169
0.12554576
0.1283557
0.12906519
0.13604182
0.1366627
0.12700275
0.12648442
0.12621129
0.12700117
0.12336065
0.1254098
0.12567082
0.12627883
0.12657176
0.12739612
0.12665392
0.12929943
0.13357805
0.13755967
0.13869387
0.13318731
0.12915827
0.13041285
0.13912386
0.1392658
0.13856517
0.13966188
0.1304549
0.13003904
0.12892275
0.14275202
0.15065208
0.14817347
0.1485432
0.14547709
0.14152503
0.13349453
0.13818303
0.13606828
0.13789964
0.13280669
0.14186864
0.13634361
0.13739215
0.1396605
0.14345278
0.14501499
0.14022924
0.14737812
0.14566712
0.14526322
0.13718629
0.13233873
0.14120115
0.14676026
0.14838776
0.1388174
0.1458136
0.14052297
0.14925319
0.14387797
0.14537413
0.13482787
0.13456511
0.13209878
0.1352627
0.13425456
0.13910916
0.14113541
0.14878513
0.15323061
0.15233563
0.15061887
0.15443458
0.14858006
0.14525244
0.16166717
0.15899886
0.15783788
0.13668
0.13591836
0.14698623
0.15514846
0.16291478
0.15576696
0.15740785
0.14979075
0.15734059
0.1556873
0.16646686
0.16764805
0.16628928
0.16176361
0.15050928
0.14819871
0.15765484
0.16365202
0.16291004
0.15161578
0.15029348
0.14996
0.15086919
0.1491154
0.15593423
0.17318252
0.17320554
0.1702061
0.1576751
0.1626535
0.1643337
0.16153733
0.15564676
0.14893264
0.15128314
0.15857069
0.16584417
0.16455287
0.15919401
0.15552825
0.15204896
0.15314253
0.15527472
0.15251996
0.15662162
0.15788943
0.16632365
0.16016781
0.15519151
0.15525067
0.15783319
0.15148218
0.14729728
0.14749853
0.15143433
0.14629664
0.14610942
0.1444093
0.14625686
0.1516394
0.1432277
0.1509443
0.14562613
0.15574463
0.16119865
0.15691605
0.15094675
0.15228619
0.14740509
0.1475383
0.1576986
0.15773256
0.16230948
0.1574313
0.16360326
0.16640253
0.16794
0.15690485
0.1458668
0.15023229
0.15943472
0.16603684
0.15864283
0.1583001
0.15592308
0.15720524
0.19032703
0.18196647
0.183323
0.15186748
0.154475
0.15200698
0.15367512
0.15355743
0.15951736
0.18395816
0.16695482
0.1622706
0.16129218
0.15725122
0.16443497
0.17203964
0.16801885
0.17069277
0.16096161
0.16102082
0.15983133
0.15785293
0.1520246
0.15943404
0.159055
0.15413506
0.1555529
0.15908639
0.16221309
0.1559627
0.15635619
0.16068357
0.15801099
0.15281494
0.14225735
0.14459763
0.14359957
0.14087068
0.14546202
0.14773208
0.14398597
0.14492108
0.14858527
0.14667927
0.15454815
0.16160631
0.16504385
0.1678459
0.16492112
0.15572694
0.15187238
0.15419914
0.15638871
0.15473294
0.16052452
0.15651132
0.15010795
0.15019865
0.14358546
0.14453405
0.14163531
0.14359246
0.14251237
0.14230148
0.14571115
0.14809275
0.14667517
0.15149382
0.15683872
0.15915003
0.1629398
0.15674219
0.15750277
0.15633811
0.15331031
0.16495416
0.16235666
0.16480206
0.15779012
0.15775333
0.14423385
0.14578412
0.14824031
0.15276851
0.15395467
0.16434595
0.16810398
0.16199662
0.16844276
0.16970031
0.16801846
0.16605389
0.15902202
0.15265466
0.15913683
0.16362713
0.17378545
0.16891164
0.16032207
0.15981473
0.15290467
0.14861058
0.14976218
0.15069175
0.14466657
0.14428008
0.14626989
0.14582203
0.14468269
0.14390913
0.14721361
0.15286137
0.16389829
0.17544216
0.1879839
0.17924571
0.17958045
0.17173433
0.17276381
0.16853182
0.16861928
0.17443502
0.17567185
0.18029375
0.17192055
0.17723544
0.1737138
0.17364842
0.16393907
0.17420426
0.18527748
0.17642643
0.19164726
0.18907468
0.20862915
0.20308529
0.19200414
0.17991425
0.17930187
0.17759982
0.17790397
0.17860962
0.18684584
0.18602386
0.1847903
0.19196814
0.21140154
0.19844007
0.19375135
0.18503715
0.18305549
0.18117361
0.18201555
0.18442194
0.1878605
0.19232073
0.18372943
0.18107665
0.19323494
0.20405535
0.19527003
0.21351755
0.19456306
0.18402675
0.18149887
0.18375272
0.18210797
0.19566998
0.19558297
0.19796628
0.19410016
0.20165756
0.19380431
0.19044675
0.18785353
0.18446554
0.1898759
0.20126571
0.20644274
0.20720334
0.21246523
0.20831172
0.20479324
0.20086834
0.20560649
0.20477119
0.19635975
0.18960486
0.18427053
0.1774988
0.17213394
0.16657794
0.17461506
0.18268941
0.19862522
0.20202178
0.21023963
0.19709435
0.20394725
0.19318159
0.19030274
0.18652466
0.18661301
0.19306526
0.18650779
0.1801975
0.17381623
0.17018746
0.17149152
0.16549607
0.16264187
0.17029089
0.16432552
0.15799937
0.16283995
0.16890259
0.16868077
0.17596312
0.17987306
0.18085986
0.17762305
0.17733525
0.17810036
0.17206499
0.1595652
0.16014668
0.16563469
0.16959028
0.17401922
0.18282789
0.18642096
0.18109818
0.16916786
0.16955373
0.1683547
0.16202243
0.16237903
0.17255442
0.17681742
0.18060221
0.18784669
0.19088523
0.18247245
0.17872843
0.17722589
0.16738796
0.16161196
0.16791847
0.17281525
0.17195056
0.1763167
0.16902122
0.16478416
0.16416875
0.16618593
0.16482371
0.16657288
0.16866125
0.16502649
0.1704973
0.16684836
0.18079855
0.17977718
0.18356346
0.1771228
0.17670049
0.1817734
0.17836507
0.17134486
0.16128065
0.157694
0.15321667
0.16221689
0.16557178
0.17567964
0.1773664
0.173122
0.17119247
0.17814654
0.1755227
0.18140759
0.18586543
0.17746702
0.16865556
0.17348391
0.16967118
0.1563828
0.1586895
0.16193667
0.15832795
0.1714537
0.1727165
0.17395101
0.17575336
0.18352997
0.1674906
0.17279384
0.17157933
0.17121945
0.16485777
0.17427117
0.16682309
0.16974139
0.16657811
0.16021377
0.1543951
0.1530153
0.1499626
0.15132344
0.15342589
0.15649527
0.15734844
0.16296381
0.15735464
0.15961158
0.17070208
0.1767256
0.17067143
0.17852911
0.18444675
0.17571948
0.17025052
0.17506552
0.1706005
0.16441175
0.1602978
0.15580031
0.15316524
0.14944154
0.16594264
0.16302338
0.17662242
0.1724001
0.17384513
0.1589026
0.1615384
0.15541707
0.15412214
0.1579621
0.15080217
0.15407749
0.15235956
0.15269883
0.15086946
0.149756
0.15297192
0.1489071
0.1533193
0.15069693
0.15734392
0.15719621
0.15181686
0.15107147
0.150802
0.15442032
0.151402
0.14404747
0.14033611
0.13701092
0.13468139
0.13054459
0.1279008
0.1326584
0.1330643
0.13853768
0.13822457
0.14280164
0.13940485
0.14752077
0.14749831
0.15537827
0.16232297
0.16342522
0.1720996
0.1804637
0.17419825
0.16232432
0.15811506
0.15646999
0.1489631
0.13733707
0.14089094
0.14720345
0.14832786
0.1468369
0.14499271
0.15200141
0.155851
0.15331033
0.15168685
0.14835131
0.1479076
0.15054862
0.146753
0.14956473
0.15053032
0.14980529
0.16022205
0.16504063
0.16500258
0.1616125
0.15846977
0.15965036
0.16130784
0.15071027
0.15082353
0.18290135
0.18941708
0.19264275
0.19770733
0.19385897
0.18946122
0.18283728
0.15435861
0.14370292
0.14171785
0.1536329
0.16371141
0.1558937
0.15327004
0.15462105
0.1645867
0.1611368
0.15301725
0.15193671
0.16148345
0.1614612
0.16025358
0.15403393
0.15110168
0.16246624
0.15769993
0.15712894
0.1580883
0.15430959
0.15454605
0.15520257
0.1456782
0.14575417
0.13996346
0.13921973
0.14550023
0.15342602
0.15924585
0.16194122
0.16312306
0.16794367
0.17152317
0.16914418
0.16517483
0.16198252
0.15683815
0.15943193
0.15437141
0.15682156
0.15288818
0.15710902
0.15687811
0.16385122
0.15916502
0.16216184
0.15578681
0.16215134
0.1595345
0.16033097
0.15491942
0.1622152
0.17181568
0.17270121
0.16986513
0.19013818
0.20635341
0.20881264
0.19527465
0.1988552
0.20741934
0.20660225
0.18947881
0.18649484
0.19510518
0.1892412
0.18639064
0.18398103
0.18981123
0.19072632
0.18576266
0.17973383
0.1842111
0.17756931
0.17159775
0.16094102
0.15288611
0.15449327
0.1553287
0.15746677
0.16702916
0.16170305
0.15902187
0.1599781
0.15929717
0.15980752
0.15250683
0.15127712
0.1398131
0.14420055
0.14432116
0.14557086
0.14154409
0.14127202
0.14233303
0.14064775
0.14147037
0.14636308
0.14618053
0.14880958
0.14816032
0.14811823
0.14312339
0.13951679
0.13957046
0.14285997
0.13838309
0.13381486
0.1302031
0.13009442
0.13542272
0.13792054
0.1430462
0.14651112
0.14703095
0.15381335
0.16172813
0.16865487
0.16003506
0.15610737
0.15697773
0.15718013
0.15606928
0.1523532
0.15232472
0.14754625
0.15695806
0.1646708
0.16733299
0.16943686
0.17172395
0.17640537
0.1723454
0.17633589
0.1747312
0.16623981
0.16118726
0.1607599
0.15832405
0.15780817
0.15568453
0.1577006
0.15798733
0.15251477
0.14829932
0.14982313
0.15185915
0.15282954
0.15323004
0.15658768
0.15150198
0.1537555
0.16276452
0.17137931
0.16661939
0.16117126
0.1586545
0.1515975
0.1521849
0.14840363
0.14563446
0.14355458
0.1369295
0.136255
0.14123769
0.14419754
0.14875363
0.15206148
0.15668643
0.15724288
0.15914825
0.16222179
0.16571414
0.16410357
0.16245031
0.17299116
0.17486021
0.17614004
0.17746714
0.1764814
0.17483956
0.18268374
0.18679447
0.18967982
0.18267006
0.17803486
0.17322165
0.17264864
0.18134652
0.187826
0.17203462
0.17575692
0.17171866
0.17242546
0.17507271
0.18095942
0.18673037
0.18310896
0.18496323
0.19286941
0.18802348
0.19231127
0.19675191
0.19569063
0.19392247
0.19386618
0.1907359
0.19030578
0.1856528
0.18358259
0.19207114
0.1851527
0.19114418
0.19536732
0.19293693
0.19863656
0.20243202
0.19665281
0.21202978
0.20151606
0.20432003
0.21068294
0.21548094
0.22631396
0.23862436
0.25606307
0.25049636
0.2592794
0.26577494
0.25456986
0.2534259
0.2621069
0.26865345
0.26177916
0.2684129
0.2795879
0.2880446
0.30155292
0.2961059
0.2796107
0.2685385
0.2717251
0.26928043
0.2601826
0.2642511
0.25968692
0.2577925
0.27006385
0.25996608
0.25132057
0.2556008
0.24671453
0.25313133
0.24671932
0.24557655
0.2539224
0.24254125
0.2652063
0.28067487
0.3068949
0.3177844
0.33027
0.348291
0.3492081
0.3783192
0.3531801
0.3534109
0.31646624
0.3178391
0.32556358
0.31961334
0.32109046
0.3562175
0.3407253
0.34845695
0.35112244
0.36141214
0.3580772
0.34178838
0.33705908
0.3138882
0.35168388
0.37427902
0.35362038
0.3330027
0.32659367
0.33058146
0.34205338
0.363342
0.33474198
0.32910588
0.33972254
0.34043282
0.34498885
0.358235
0.38264462
0.4071384
0.4066087
0.38654625
0.40007317
0.39797953
0.41179088
0.39342803
0.37474746
0.35694292
0.38034594
0.37140504
0.3655481
0.3962834
0.40632206
0.44454074
0.43137842
0.42083284
0.42635322
0.42412588
0.43510717
0.40521735
0.37234318
0.36434576
0.366678
0.37876302
0.37651935
0.36090273
0.3620946
0.36648154
0.3979351
0.4026974
0.39113292
0.37869018
0.37644467
0.39575383
0.39613724
0.4095241
0.44408208
0.42910317
0.43949005
0.42602885
0.4682983
0.5168745
0.5061703
0.5290144
0.5447888
0.51744217
0.5117226
0.5687066
0.561301
0.5501454
0.48873785
0.51067376
0.4997659
0.48364446
0.5304238
0.53717995
0.54809827
0.5333803
0.5467151
0.6101401
0.64645255
0.67775345
0.6405339
0.584455
0.6592233
0.68739384
0.69364744
0.6775359
0.63977784
0.6258007
0.6505691
0.64793974
0.64149255
0.6240127
0.5721349
0.56794906
0.5289718
0.5194491
0.5185776
0.5117615
0.5055935
0.4889908
0.47834823
0.5091203
0.48930696
0.47858733
0.46173403
0.45983618
0.43831557
0.4358574
0.43136442
0.45688957
0.48247343
0.47382542
0.4989693
0.47516954
0.47001463
0.4642036
0.45396373
0.44134137
0.4793985
0.4746674
0.47236642
0.4554922
0.45519358
0.4711319
0.4769482
0.476618
0.49499267
0.50321406
0.51024777
0.5068282
0.4984313
0.5105889
0.49332264
0.48869377
0.48335555
0.49601838
0.47458315
0.50006866
0.52628595
0.5207769
0.52917993
0.52270013
0.523827
0.5231201
0.5231201
0.5231201
0.5231201
0.5231201
0.5231201
0.5231201
0.5231201
0.5231201
0.5231201
0.5231201
0.5231201
0.5231201
0.5231201
0.5231201
0.5231201
0.5231201
0.5231201
0.5231201
