662.1262
556.7437
236.28494
152.44255
112.27441
88.95675
74.02319
63.52777
55.808376
49.65511
44.78216
41.083496
37.89669
35.084595
32.81783
31.06879
29.357834
27.776438
26.520094
25.381405
24.343452
23.431042
22.53268
21.7919
20.909502
20.196764
19.42158
18.93023
18.347979
18.004025
17.524834
17.100122
16.696539
16.235184
15.90063
15.631472
15.3034
15.084032
14.809953
14.530655
14.370512
14.249721
13.794558
13.574234
13.341134
13.252491
13.038433
12.846945
12.641438
12.556133
12.450023
12.280497
12.207541
11.982426
11.905605
11.839871
11.721799
11.544484
11.473597
11.343844
11.315883
11.138057
11.0922575
11.197278
10.915153
10.869002
10.785711
10.651047
10.545519
10.568405
10.482013
10.629725
10.304965
10.331163
10.126376
10.024445
10.0183735
9.8982935
9.896492
9.770401
9.681763
9.643099
9.711798
9.546617
9.4935875
9.411436
9.435673
9.464838
9.385256
9.260819
9.186995
9.1488495
9.206432
9.142509
9.065502
9.129926
9.075439
9.043976
8.993663
8.96414
8.867581
8.892671
8.840948
8.856602
8.821917
8.735134
8.663392
8.584162
8.544374
8.503422
8.457842
8.494386
8.363232
8.412626
8.272635
8.349388
8.273868
8.234172
8.121287
8.1484165
8.057391
8.020439
8.069845
8.061043
8.025465
7.938378
7.9832716
7.937628
7.8563213
7.860286
7.790513
7.8064103
7.7973046
7.8009706
7.7730556
7.7854114
7.80514
7.7463613
7.6982784
7.730005
7.694997
7.5914907
7.5798883
7.5707374
7.555432
7.5603175
7.556874
7.4584665
7.5100937
7.468902
7.494312
7.4720783
7.4138203
7.40976
7.4104867
7.445494
7.4006033
7.3885164
7.407604
7.35988
7.408084
7.3397346
7.3878846
7.3294787
7.2587023
7.166145
7.18251
7.1089716
7.1371484
7.1252494
7.1943955
7.11273
7.0919814
7.1399126
7.0636177
7.0582876
7.104505
7.084475
7.0875187
7.028137
7.0044246
7.0170307
7.096199
7.0502152
7.0214224
6.947963
6.9816
6.9046288
6.9265
6.8695
6.8730297
6.7994967
6.7948403
6.7043023
6.734153
6.7323027
6.752424
6.684191
6.677047
6.724378
6.748786
6.6386743
6.6902432
6.6677694
6.7036057
6.6697373
6.6184945
6.5940332
6.6447725
6.589847
6.5322747
6.5755672
6.53038
6.518363
6.503087
6.470697
6.486859
6.4581747
6.513109
6.470538
6.5215316
6.5788646
6.4827332
6.4765368
6.5246396
6.5139875
6.495779
6.46797
6.4347467
6.4044623
6.383582
6.373037
6.325144
6.3416295
6.33968
6.349635
6.283031
6.349992
6.3600383
6.3959374
6.3389983
6.404361
6.425908
6.445369
6.384543
6.42559
6.3911114
6.3630323
6.441267
6.3708205
6.359456
6.3380547
6.284331
6.279092
6.3081336
6.3378105
6.3245993
6.301434
6.283345
6.340289
6.298261
6.3721356
6.3539834
6.3836164
6.4194865
6.4608765
6.5231957
6.5048375
6.4525957
6.450551
6.4491525
6.4810715
6.455401
6.4622464
6.422618
6.42733
6.3773
6.365964
6.349475
6.3782907
6.4084983
6.4059143
6.382287
6.4300175
6.480453
6.379817
6.4722
6.518095
6.428504
6.4711213
6.4452024
6.4774485
6.424354
6.370493
6.415364
6.3950777
6.474286
6.4425125
6.459462
6.493794
6.4321914
6.477214
6.4725375
6.54355
6.493038
6.544799
6.5022345
6.4884562
6.429868
6.3954425
6.43799
6.4179473
6.4457655
6.4105935
6.503084
6.440862
6.420196
6.461177
6.4596314
6.4620695
6.4048023
6.459859
6.4779124
6.4812737
6.4261265
6.4340687
6.3379936
6.359797
6.401312
6.4003916
6.440533
6.438098
6.4053087
6.4634953
6.497811
6.467936
6.532624
6.494993
6.4712143
6.434007
6.4012513
6.425606
6.335049
6.4389696
6.4200172
6.3529716
6.40443
6.3670993
6.421754
6.4139085
6.388919
6.3057127
6.346629
6.3679204
6.361181
6.375011
6.3066072
6.35079
6.422287
6.4009495
6.4095635
6.3943944
6.369733
6.4228106
6.3757586
6.381039
6.3697443
6.3828197
6.404894
6.4057875
6.3617573
6.391935
6.3534436
6.2933483
6.2547865
6.2774487
6.206469
6.293766
6.236389
6.230494
6.190896
6.261173
6.2639904
6.272469
6.2947006
6.275079
6.243035
6.298944
6.345847
6.293189
6.312215
6.263928
6.2679834
6.313999
6.310079
6.176568
6.275236
6.249337
6.2340364
6.1338415
6.260165
6.2549
6.248519
6.182933
6.2195516
6.135465
6.2446437
6.1590867
6.2304544
6.1184034
6.149503
6.1790066
6.077178
6.0827622
6.139745
6.0831947
6.0663495
6.0323997
6.1153836
6.102287
6.09168
5.998297
5.9875197
5.9597073
5.9249635
5.9967012
5.913414
5.8993726
5.86351
5.9049187
5.851969
5.80657
5.7542024
5.7322474
5.7525144
5.715039
5.805564
5.7633705
5.7209816
5.7027197
5.702706
5.651191
5.6428566
5.5692725
5.6538606
5.7027287
5.7232847
5.657226
5.650914
5.7236705
5.7492065
5.713752
5.684944
5.6637006
5.634416
5.6464906
5.576254
5.553
5.6088266
5.5801196
5.5274487
5.6280093
5.5775323
5.5644045
5.486484
5.510446
5.443097
5.427611
5.4295707
5.380581
5.3986144
5.417578
5.321639
5.355834
5.3811646
5.2780447
5.312963
5.292838
5.3247147
5.2763906
5.1725154
5.175151
5.153747
5.0789165
5.128448
5.114569
5.1058917
5.118307
5.08705
5.040155
5.0678864
5.026084
4.968765
4.9758167
5.0060086
5.0003247
4.9945364
4.908225
4.9188766
4.9391723
4.87868
4.882588
4.8696423
4.857126
4.791365
4.8836775
4.906479
4.811934
4.771805
4.785358
4.7274375
4.770898
4.7717757
4.72014
4.629694
4.6454625
4.652111
4.6495576
4.679833
4.639424
4.6485825
4.6507845
4.627892
4.5805645
4.5332117
4.5806603
4.550276
4.5559297
4.55928
4.548087
4.548567
4.511131
4.422009
4.4557514
4.4095874
4.3859506
4.3396854
4.353224
4.3787117
4.349829
4.3574333
4.328745
4.313528
4.25659
4.2455897
4.2631335
4.2398324
4.170988
4.2254367
4.190644
4.119879
4.0890536
4.1272964
4.0544367
4.088361
4.040409
4.0555243
4.0324135
4.0504627
4.040489
4.0299106
4.0063095
3.9971106
3.968396
3.9931843
4.0230117
3.969175
3.9830577
4.015826
3.9380324
3.9624376
3.909256
3.8817735
3.853235
3.8567398
3.8714328
3.8141227
3.8307588
3.8375611
3.7803514
3.7946973
3.8374646
3.7995543
3.7514355
3.7169008
3.7481618
3.7318814
3.7075632
3.6946216
3.689241
3.6361213
3.689036
3.6934826
3.5907614
3.6202743
3.61856
3.6225634
3.657094
3.6275084
3.695075
3.6749966
3.623967
3.6214883
3.6249864
3.5953763
3.611098
3.6015277
3.6220691
3.599098
3.5492852
3.5669167
3.496493
3.4847422
3.4494295
3.510231
3.4069972
3.4079676
3.4391544
3.4035554
3.3889713
3.3904674
3.3197439
3.3320599
3.3354428
3.3437126
3.299814
3.2748652
3.32867
3.3282142
3.2985828
3.3115666
3.2831297
3.244863
3.245662
3.269719
3.2580578
3.2666845
3.2707248
3.286988
3.2258873
3.1787183
3.2047737
3.1935232
3.2429197
3.2130752
3.1732943
3.161402
3.1434553
3.1667597
3.1750984
3.1230965
3.1077309
3.1405225
3.1242695
3.1280992
3.1159945
3.0949776
3.1173677
3.1460989
3.1274219
3.1550553
3.0502272
3.1248786
3.0822434
3.0547953
2.971656
3.0388346
3.0011172
2.9843519
2.9864972
2.9261422
2.9059424
2.943385
2.9733906
2.9954662
2.970541
2.9434495
2.962393
2.9171603
2.90415
2.9621248
2.9705667
2.892473
2.8804176
2.8924398
2.8722413
2.866269
2.8806424
2.8825524
2.8706717
2.8634346
2.8651686
2.820871
2.805519
2.861048
2.8266568
2.8154142
2.8185208
2.7899675
2.789249
2.7668061
2.764863
2.7960923
2.7729588
2.754137
2.767217
2.7935634
2.7306368
2.7940798
2.7500012
2.747443
2.7090201
2.69577
2.6695495
2.6658351
2.6345751
2.655742
2.692417
2.6599557
2.7009757
2.6866224
2.6952178
2.670076
2.6926239
2.663729
2.6100879
2.651447
2.649122
2.6193187
2.631122
2.618528
2.679949
2.6279953
2.6771677
2.5726373
2.6114573
2.61118
2.6057582
2.604894
2.6014514
2.6166525
2.6305997
2.6055179
2.616785
2.5687985
2.5889626
2.5625453
2.5461612
2.5540082
2.5118594
2.5705788
2.489572
2.5399363
2.5405457
2.5241513
2.5248003
2.5378575
2.4808009
2.5317655
2.497169
2.4619548
2.478065
2.462734
2.4624686
2.466906
2.4787567
2.463973
2.4744167
2.4205697
2.4109113
2.4164674
2.4582808
2.3725026
2.404728
2.390691
2.3893132
2.3959029
2.3180618
2.3479648
2.312299
2.2552955
2.3247545
2.3247535
2.3017442
2.3560593
2.3422594
2.3126512
2.3314688
2.315156
2.3173234
2.3651052
2.2972956
2.270867
2.2682624
2.2185545
2.2338262
2.2363818
2.224014
2.187431
2.2224796
2.2026591
2.1526122
2.1801882
2.2219353
2.1527379
2.1451857
2.1547675
2.1886797
2.1813576
2.2143562
2.1637852
2.1909533
2.184292
2.1985068
2.1693726
2.182104
2.1132903
2.1445332
2.1913395
2.125777
2.0935123
2.0793312
2.1580446
2.0893433
2.135558
2.1175325
2.1297138
2.1536574
2.1469748
2.1231778
2.075103
2.134018
2.117578
2.077438
2.1078455
2.107865
2.13199
2.070538
2.139704
2.0808306
2.0539594
2.087499
2.0589921
2.0677629
2.0088
2.0356283
2.0387666
2.073445
2.0352504
1.9961451
2.0085373
2.0510218
2.033632
1.987929
1.9824497
1.9633918
2.0156603
2.0149257
1.9706136
1.9753006
1.9949411
1.9983598
1.9720691
1.9428356
1.965185
1.9024185
1.9375005
1.9355662
1.8877994
1.9540302
1.9220424
1.8776388
1.8814967
1.8269421
1.8763314
1.8726895
1.8799465
1.902318
1.8938853
1.909552
1.8873767
1.8806405
1.8827714
1.8553389
1.8579412
1.8816801
1.8402512
1.8658094
1.8671846
1.8515902
1.8680395
1.8526459
1.8831834
1.8975693
1.8634989
1.8939992
1.8539171
1.8587606
1.8453022
1.8334585
1.8587819
1.8809891
1.8423961
1.81638
1.7971537
1.826542
1.7815317
1.8036885
1.7281114
1.7413784
1.7618815
1.7387167
1.7430844
1.756095
1.7814312
1.725571
1.7539588
1.7905207
1.8298064
1.7793653
1.7820066
1.8063277
1.7832558
1.727339
1.7293844
1.7524948
1.7274916
1.7297261
1.6857346
1.7274128
1.7247741
1.7191446
1.6790235
1.6835518
1.676787
1.6613104
1.6799507
1.6876148
1.6772859
1.6884084
1.6626837
1.6809751
1.6648697
1.6752231
1.6754959
1.6477913
1.5963671
1.5925554
1.6271242
1.6189493
1.5976042
1.6265721
1.6263962
1.6252768
1.6362662
1.6250178
1.640119
1.58761
1.6441638
1.6503085
1.6340212
1.5706093
1.6100069
1.6365732
1.5548767
1.5814279
1.5588778
1.6322639
1.6118983
1.5605552
1.5849627
1.6504711
1.6245103
1.616257
1.5765998
1.5876052
1.632202
1.644877
1.6025182
1.6192775
1.6027944
1.6031774
1.5528674
1.5569606
1.5671843
1.5451083
1.5825899
1.5150983
1.5257869
1.5134293
1.5652082
1.5077548
1.5008118
1.5129515
1.5356661
1.5187784
1.4974238
1.5174282
1.5074334
1.5621082
1.5789696
1.552244
1.5320057
1.5074989
1.503002
1.4886672
1.4695642
1.4607425
1.4426116
1.4950544
1.4566535
1.4410461
1.4353201
1.4031798
1.4344616
1.4052069
1.3993587
1.4053372
1.3486156
1.3883246
1.3850071
1.3788686
1.3287662
1.3660803
1.3618351
1.3760461
1.3592153
1.3721287
1.3736645
1.3470086
1.3196194
1.3383207
1.3489348
1.3145754
1.344946
1.3303453
1.3379495
1.3149754
1.2849329
1.3067427
1.3414979
1.360021
1.3279916
1.3204113
1.3666674
1.3350852
1.2624477
1.2484754
1.2380341
1.2827115
1.3045917
1.3210737
1.2926447
1.2996124
1.2571144
1.3124475
1.2674929
1.2824559
1.27503
1.2596847
1.2810776
1.2664886
1.2589829
1.2657837
1.2697905
1.2737042
1.2782395
1.2805122
1.2857368
1.2650245
1.2470537
1.2501621
1.2810984
1.2874672
1.2622529
1.2939321
1.2766768
1.2744503
1.2774899
1.2315263
1.2293903
1.2305524
1.2189656
1.1619903
1.1858616
1.2016388
1.2341259
1.1903964
1.1854187
1.1952219
1.1728961
1.1698742
1.1506835
1.1548972
1.1781931
1.1884239
1.1871707
1.2022538
1.2019643
1.2169747
1.2420366
1.20943
1.1775135
1.1909962
1.1990197
1.1994132
1.1513462
1.1437564
1.1795641
1.1832315
1.1569715
1.1758624
1.1427374
1.1699731
1.1840996
1.1249956
1.1467654
1.1318423
1.1329792
1.1812743
1.141107
1.123672
1.1575761
1.1863774
1.1846135
1.1594864
1.1829863
1.1501424
1.1618192
1.1478726
1.1462275
1.1360619
1.1424809
1.1097907
1.1111605
1.1724275
1.1425656
1.1840636
1.1331484
1.1448386
1.1641494
1.1220943
1.1053739
1.1329768
1.1256946
1.1649364
1.1051397
1.107951
1.1031766
1.1097996
1.091389
1.0601457
1.0692288
1.0880405
1.0576705
1.0707816
1.0985779
1.0742112
1.1327766
1.0805774
1.0685097
1.0920562
1.0446628
1.1042588
1.0519407
1.0620477
1.064227
1.0970589
1.0892098
1.0892231
1.0913266
1.1132258
1.0389183
1.0711094
1.088388
1.0594759
1.0571504
1.0457339
1.067086
1.0297523
1.0158038
1.030329
0.9910396
1.0267545
1.057715
0.9906567
1.0002637
1.0096136
0.99641323
1.0231657
1.0137303
1.0133429
1.0109112
1.0491796
1.0309443
1.1167591
1.0124632
0.98644954
1.0115341
1.020727
1.0183519
1.0286001
1.016606
1.0283518
1.0042635
1.0107403
1.0846543
1.0259267
0.97033185
0.97886026
0.9922729
0.9929644
0.9989536
0.9651926
1.0123373
1.012239
0.98349494
1.0029413
0.97827613
0.9688633
0.96702677
1.0176327
0.9976737
0.9673701
0.9922316
0.99233496
0.9677735
0.96603006
0.96634823
0.95690984
0.9918557
0.9500821
0.99096495
0.976719
0.99023205
0.98985
1.0011497
0.9883705
0.9830745
0.9691693
1.0174924
0.96779686
0.97904414
0.9470911
0.9237038
0.9318027
0.96342826
0.9129242
0.9425637
0.9303578
0.9248833
0.92491066
0.9817284
0.96838
0.9567858
0.9559676
0.9406649
0.9732313
0.98998743
1.0202168
0.99330133
0.98755366
1.004798
1.0003086
1.005158
1.0112225
1.0166732
0.9463975
0.9413673
0.9304289
0.9397489
0.9553435
0.97701895
0.9291976
0.9283961
0.92822844
0.9050818
0.8933319
0.8966725
0.900726
0.88861156
0.85271204
0.8839432
0.8730325
0.8893949
0.8882408
0.87372565
0.8773628
0.89852065
0.87113935
0.8681723
0.8463293
0.8688846
0.8575923
0.83469677
0.8655242
0.86557955
0.8662793
0.842647
0.8685465
0.8927315
0.8899862
0.8854738
0.8331647
0.8566106
0.8625531
0.84942335
0.8702702
0.8402087
0.8943692
0.82798773
0.82581747
0.8230197
0.7963569
0.8098462
0.7844493
0.78746426
0.7981324
0.8164169
0.81088656
0.84735554
0.85304636
0.8052305
0.8508319
0.7993933
0.8408948
0.80006427
0.782629
0.7751082
0.82934153
0.79395056
0.82656
0.82333374
0.78085494
0.80102164
0.796514
0.7972987
0.80986255
0.803694
0.7828453
0.83661157
0.8163163
0.8226147
0.83354175
0.78088236
0.8056164
0.80385196
0.807114
0.792215
0.79764944
0.78541106
0.7740126
0.77875215
0.78468525
0.7694047
0.7610363
0.7561975
0.7473121
0.77515274
0.77225566
0.7876294
0.800023
0.7680014
0.7795956
0.73611104
0.7643157
0.7649085
0.7529076
0.768123
0.7571585
0.7450639
0.73928297
0.7673454
0.7382381
0.7540196
0.73996526
0.71786624
0.724758
0.73833054
0.75943476
0.75794375
0.75014436
0.7426915
0.75796324
0.7683846
0.7602184
0.74866223
0.74091625
0.7735936
0.75474304
0.7548462
0.7595837
0.7271828
0.7431424
0.7504986
0.7458289
0.73481023
0.73400134
0.7353155
0.7401989
0.7558123
0.74870294
0.7495215
0.74378973
0.7378864
0.73244935
0.7438389
0.753941
0.7455787
0.74470615
0.7535113
0.7272449
0.73103637
0.7558505
0.71458435
0.72833335
0.73393285
0.6927578
0.71131575
0.7203131
0.7368394
0.7109929
0.73262584
0.707719
0.68726283
0.70514923
0.7074889
0.7212173
0.70963436
0.7208899
0.7240001
0.70298064
0.73424095
0.75747836
0.7243239
0.73868304
0.7026682
0.726961
0.70248324
0.69351256
0.71446973
0.71053076
0.73029435
0.7047877
0.7098175
0.7295533
0.7053645
0.7329483
0.689589
0.6614697
0.695424
0.6495929
0.67581195
0.696176
0.679213
0.6993349
0.6475887
0.7137595
0.6696578
0.66913253
0.67565125
0.68575734
0.6658007
0.68067074
0.7130493
0.6919482
0.6650486
0.6811802
0.67928517
0.712917
0.6778775
0.6993553
0.6978737
0.68378127
0.6870738
0.6789253
0.7024516
0.7081376
0.7236019
0.7027018
0.7249003
0.6774273
0.7000163
0.6928517
0.7038426
0.72609955
0.6876441
0.7227317
0.6971741
0.6923792
0.698062
0.647701
0.6909214
0.67549926
0.68092656
0.6915753
0.685224
0.6682523
0.6945967
0.6640672
0.6462382
0.670207
0.6924715
0.6720912
0.6813765
0.6519578
0.68922204
0.68319327
0.66598463
0.66862667
0.67742527
0.6720929
0.6899626
0.6835325
0.6856316
0.6920382
0.66311073
0.69642836
0.66564703
0.7013799
0.6486752
0.6788418
0.7355957
0.69841886
0.6564646
0.6628203
0.6629158
0.6623917
0.65913314
0.66300803
0.6634675
0.6612875
0.6592619
0.67309433
0.6421395
0.6547229
0.63506365
0.6539769
0.623577
0.6450543
0.6589461
0.66609764
0.6356745
0.6518159
0.6587262
0.64421916
0.6694703
0.67976254
0.6927067
0.6286996
0.6829269
0.6925867
0.6489196
0.64782304
0.6469977
0.6275595
0.64562815
0.6419327
0.6336141
0.62141407
0.62742203
0.63454753
0.60460466
0.611501
0.6143613
0.6400598
0.60056823
0.63684195
0.66160136
0.6277341
0.6496811
0.68127203
0.667324
0.6541331
0.6551847
0.6440037
0.6795043
0.57756394
0.60428345
0.64293367
0.62553895
0.634206
0.64344406
0.64540666
0.62785286
0.6371312
0.6207178
0.62059337
0.618361
0.62026423
0.6332632
0.64295363
0.6223078
0.64526933
0.61335355
0.6441769
0.638019
0.6425527
0.59041995
0.6200185
0.65501803
0.62930524
0.63409853
0.64771503
0.620837
0.60479987
0.6496805
0.6505407
0.62606364
0.66075546
0.61665154
0.6362489
0.64611065
0.6372225
0.6110826
0.6608196
0.6475074
0.6446434
0.63001
0.6419803
0.661258
0.6435694
0.61442816
0.62524617
0.63219994
0.6255826
0.6120563
0.59874165
0.6581396
0.6420188
0.6174163
0.6304449
0.618634
0.6256713
0.61782163
0.61316216
0.63023657
0.6276029
0.61835396
0.60936046
0.6251236
0.6048597
0.61164623
0.6134114
0.6178692
0.6166018
0.6124227
0.63334143
0.65009093
0.6435532
0.61966664
0.6265549
0.6253636
0.65850985
0.61882263
0.6054462
0.6549744
0.6476169
0.63853097
0.6008691
0.6086882
0.6423662
0.62527
0.65792453
0.62717974
0.63342834
0.6432208
0.66377956
0.6497596
0.63538504
0.63074803
0.6338593
0.6366967
0.6241417
0.64538556
0.64944494
0.65970707
0.66906273
0.67304915
0.62140447
0.6460243
0.6627233
0.6411638
0.64094377
0.64614296
0.63780105
0.67529297
0.6573507
0.6560581
0.6495637
0.6472856
0.6194656
0.65386796
0.61062706
0.6134191
0.6363333
0.61401194
0.6224158
0.6199892
0.60356116
0.62018687
0.6069778
0.6409916
0.6113026
0.6376313
0.58949924
0.6534598
0.6454019
0.63619137
0.629369
0.61738807
0.63297653
0.6055759
0.6254006
0.6118897
0.62010485
0.62650913
0.6269661
0.6110329
0.6138882
0.61966693
0.5828891
0.6253434
0.6428293
0.612776
0.58421665
0.59668976
0.61654186
0.6128333
0.59103036
0.6135491
0.6184365
0.60870314
0.6078751
0.6177736
0.59417266
0.6240741
0.6448814
0.6026417
0.62688977
0.61570287
0.61800426
0.6204735
0.6211349
0.6300796
0.6462352
0.6694349
0.6576829
0.6517438
0.63446814
0.6401612
0.628959
0.63111836
0.6344282
0.651298
0.6666251
0.66843
0.665627
0.6036197
0.61385417
0.65690374
0.6520557
0.655212
0.61556345
0.6845308
0.6018187
0.6219362
0.63846153
0.6155704
0.62327427
0.6504298
0.6509259
0.62492156
0.6642689
0.6138318
0.62415123
0.62181896
0.6388598
0.64580244
0.63328636
0.6390956
0.6537782
0.63291395
0.63392097
0.61136544
0.6357218
0.5925676
0.62195235
0.60677975
0.57757837
0.60741544
0.6189485
0.6010867
0.62591034
0.62185085
0.61147684
0.59476334
0.61404157
0.5778256
0.61294025
0.6383226
0.59331137
0.6139946
0.567594
0.5795743
0.6078608
0.6151822
0.60264635
0.6442089
0.6191947
0.59119546
0.5951936
0.6048933
0.58786094
0.60521615
0.5941716
0.62477684
0.61071414
0.5903338
0.60305446
0.57420385
0.5831209
0.5752983
0.5741816
0.5993414
0.6101063
0.57159317
0.5876099
0.5756798
0.6047968
0.5610965
0.56803757
0.582198
0.5565233
0.55764824
0.5783909
0.5721133
0.5699091
0.62748575
0.5880633
0.57909113
0.5635075
0.5914554
0.5894171
0.58209395
0.57278323
0.5997179
0.5949559
0.55040026
0.56354964
0.5550017
0.5714093
0.5613659
0.5570062
0.5693501
0.5442967
0.56564975
0.5504266
0.53634965
0.5460079
0.5654064
0.5549802
0.5658606
0.5321543
0.52688813
0.5708023
0.5646692
0.5745245
0.5682609
0.5413648
0.55855644
0.568836
0.60281265
0.5550467
0.5719758
0.5569371
0.56941026
0.55740863
0.5919739
0.5566749
0.5771167
0.5655991
0.5606949
0.54831374
0.54869896
0.5650618
0.54094297
0.5612709
0.558006
0.55288327
0.55662477
0.55012697
0.56010425
0.57488036
0.5777081
0.5486236
0.5687334
0.55638206
0.5758033
0.55737144
0.5489851
0.5489827
0.5531585
0.59134835
0.5818866
0.56472343
0.5670749
0.5815593
0.5570729
0.5728171
0.5753841
0.589121
0.58406013
0.5967834
0.57565695
0.5827115
0.561834
0.5537047
0.5310475
0.53761816
0.5629429
0.5727416
0.56267464
0.58088285
0.56957144
0.5928083
0.58609384
0.5864125
0.59206843
0.5686832
0.5819232
0.5772979
0.58493423
0.6098687
0.57314473
0.60044354
0.5927258
0.56699646
0.5728573
0.5699298
0.5703146
0.5872413
0.5857891
0.5612115
0.5787097
0.5987646
0.5863202
0.59014714
0.59093577
0.56778634
0.6029626
0.6199944
0.5970334
0.5782714
0.5996093
0.5940711
0.5780496
0.53328717
0.54338586
0.576422
0.557443
0.57058483
0.5814416
0.59662354
0.56345093
0.56569445
0.58729637
0.60471445
0.5742987
0.5696207
0.5435371
0.55636984
0.5773424
0.57226515
0.55267924
0.5544561
0.5311483
0.52347535
0.57067335
0.5729225
0.52633446
0.56514287
0.51182085
0.5581001
0.5344177
0.544508
0.5744588
0.5534895
0.56628275
0.5678628
0.5377807
0.585757
0.5639606
0.60535127
0.5587215
0.55731314
0.541493
0.5357791
0.5446591
0.54020375
0.5304191
0.5610843
0.56828904
0.5592148
0.5500784
0.55951184
0.5837632
0.54620135
0.60577774
0.5802602
0.5783732
0.640175
0.5702479
0.5870537
0.5780042
0.57064956
0.5539735
0.54388314
0.5773185
0.55486226
0.5863419
0.5819953
0.5818635
0.5747554
0.56483835
0.56436664
0.61798006
0.54850376
0.55788904
0.5372405
0.5487957
0.5476059
0.5659427
0.56952846
0.5712139
0.60510963
0.5895929
0.5736975
0.58339906
0.58499014
0.5675677
0.5872919
0.5741759
0.5806278
0.5447482
0.5756563
0.5562664
0.55302787
0.58534986
0.56849116
0.57934207
0.58438486
0.57931745
0.5492605
0.5522618
0.60380316
0.5793699
0.5996865
0.57896227
0.5846704
0.556316
0.6199239
0.57352555
0.5793893
0.58474433
0.5242336
0.5748837
0.56134456
0.57523793
0.5707339
0.5654463
0.57916725
0.58860695
0.58772546
0.57561225
0.6000068
0.5629001
0.58050275
0.6016936
0.58379674
0.6048915
0.58357286
0.5976779
0.57490295
0.59440583
0.5582056
0.5976925
0.5671679
0.57830685
0.58473873
0.62719196
0.59535134
0.606412
0.5905265
0.619087
0.58772194
0.5953911
0.5766566
0.55443454
0.5899384
0.5688052
0.58471143
0.55031073
0.5827616
0.6140026
0.6133247
0.5986327
0.6137036
0.61360997
0.6181682
0.63168937
0.61739993
0.5994392
0.6465118
0.6262395
0.60463905
0.62211967
0.6084341
0.57950604
0.60075766
0.6279386
0.59752035
0.5794125
0.5728129
0.6163139
0.56972426
0.61505383
0.5548093
0.56851995
0.59791046
0.5947316
0.5654655
0.650258
0.5924521
0.58355695
0.6168565
0.6079013
0.615172
0.620028
0.59632057
0.5706897
0.62017035
0.5817791
0.5804796
0.6171042
0.6040118
0.5669832
0.60279727
0.59553254
0.6028655
0.5830051
0.57975405
0.66488534
0.6146105
0.61156344
0.5766556
0.57284707
0.60779107
0.5817956
0.564422
0.5854718
0.5782277
0.5957097
0.60037136
0.63822234
0.61425555
0.6430686
0.6088569
0.6219672
0.60989356
0.598674
0.60765964
0.5746433
0.6126293
0.6455336
0.61721224
0.6476206
0.6381673
0.6436548
0.61999166
0.6625448
0.6256311
0.62747496
0.6048225
0.60728425
0.603886
0.60621136
0.60255617
0.6197386
0.60784566
0.5942526
0.5979529
0.62434965
0.6149834
0.58896095
0.6399591
0.5989877
0.58887357
0.5954958
0.5849256
0.5951793
0.5732695
0.5559046
0.6059143
0.5943307
0.6535768
0.5921294
0.620514
0.6419664
0.6142988
0.60797995
0.633377
0.5925695
0.5688507
0.6011841
0.6368401
0.5919625
0.64356434
0.6134445
0.58206135
0.57601005
0.6103516
0.60780704
0.61771166
0.61867154
0.59558
0.5901085
0.6027804
0.56693953
0.6054363
0.6813077
0.5774563
0.6234349
0.5899614
0.61241466
0.60165
0.64904284
0.5882494
0.6425452
0.6236621
0.6241267
0.6141023
0.5715423
0.59490865
0.6145094
0.588638
0.5601947
0.5827138
0.5689359
0.58298796
0.5506616
0.6123626
0.5595103
0.5689967
0.57845384
0.56294537
0.5867718
0.5682228
0.5678483
0.5955782
0.5844187
0.6193581
0.63844126
0.5825564
0.6200197
0.62312746
0.5670259
0.58776534
0.6139739
0.6293075
0.6483831
0.6056261
0.61724275
0.5949494
0.6589866
0.6248808
0.63207483
0.6093872
0.6021152
0.5927415
0.6035813
0.59121996
0.58673626
0.5776476
0.569474
0.5940016
0.61984557
0.6218634
0.6253049
0.61072737
0.6264737
0.65430427
0.60699385
0.6327276
0.6826491
0.6922
0.62691283
0.63907886
0.65837085
0.66813564
0.6502746
0.6670053
0.6576802
0.6819944
0.68312913
0.6841917
0.65470284
0.65524536
0.63397247
0.6284107
0.62315947
0.6183099
0.66153514
0.62688184
0.6042117
0.6619489
0.64028317
0.66037285
0.6565033
0.61493427
0.5869034
0.6425021
0.65063316
0.60641026
0.61055285
0.67323333
0.6453436
0.57534707
0.6424757
0.689896
0.613377
0.680471
0.6613008
0.665444
0.67855716
0.6756986
0.6774244
0.6610234
0.6751821
0.65867764
0.66349244
0.6319635
0.67516667
0.6799269
0.6676666
0.6821529
0.73469454
0.65646917
0.68631864
0.6892033
0.66028255
0.71179134
0.7174057
0.6652532
0.6925507
0.6776082
0.6523491
0.67651975
0.6913128
0.71850336
0.68239534
0.72775686
0.7288493
0.6939433
0.72148615
0.7450509
0.6953391
0.71698624
0.7160582
0.7293463
0.70138174
0.7201806
0.7249963
0.7118292
0.72529626
0.69508743
0.6826918
0.72448766
0.6856631
0.75641644
0.7045186
0.6727486
0.6884372
0.6446614
0.6673852
0.6853419
0.6643468
0.67243093
0.7018125
0.6734964
0.70201665
0.68070686
0.6954462
0.6577482
0.67425567
0.6465306
0.7055985
0.66053396
0.6676742
0.632391
0.6791465
0.63773346
0.6795486
0.68548703
0.66733634
0.6780547
0.67387384
0.66876006
0.6675134
0.6552467
0.6565797
0.6498233
0.6941532
0.7056752
0.6969622
0.7007733
0.64405334
0.65671265
0.6710799
0.6798156
0.6211031
0.6590859
0.6843773
0.7021916
0.69251513
0.67635834
0.7067231
0.6995896
0.657535
0.6853648
0.6472808
0.69694734
0.68727386
0.6690286
0.67129344
0.7505926
0.6314998
0.71272886
0.6903415
0.6612327
0.7034874
0.72710544
0.71976566
0.669157
0.75005394
0.70840794
0.7344635
0.7189859
0.75535566
0.7103662
0.7259068
0.7128605
0.72628814
0.69201577
0.69987214
0.77657896
0.7519286
0.73879796
0.7471266
0.6989916
0.70454735
0.7089806
0.66098154
0.7147894
0.72582895
0.6852889
0.6947354
0.6890361
0.71249753
0.6840334
0.6957197
0.7597764
0.67688286
0.7415994
0.69402665
0.64987326
0.71641606
0.7815683
0.73101294
0.67997193
0.7150622
0.6819189
0.65865976
0.6741517
0.67209417
0.70470786
0.68660533
0.7344206
0.7096823
0.68783283
0.7127295
0.76924753
0.71791697
0.73944265
0.70738906
0.6934177
0.7220978
0.6678828
0.64572555
0.6908852
0.71407
0.72450995
0.6990137
0.6852558
0.68602365
0.68348736
0.7023675
0.72369003
0.6971055
0.6738055
0.6929496
0.6640623
0.7139707
0.71572584
0.7558295
0.7269388
0.70050097
0.74414915
0.69165415
0.69320846
0.72414994
0.7328323
0.73518705
0.7471263
0.67535514
0.7352919
0.67388326
0.74338835
0.7238036
0.67893904
0.6553014
0.6870573
0.7285833
0.6757135
0.6989904
0.67787474
0.67234945
0.626147
0.6690812
0.68103004
0.6558787
0.70934945
0.59957296
0.65117913
0.6376337
0.62760067
0.6571384
0.6298274
0.6884456
0.68057007
0.67816293
0.661483
0.70232654
0.64807826
0.7375243
0.7315875
0.68806475
0.7033908
0.6506129
0.6678759
0.6908378
0.70935714
0.719855
0.7136282
0.7202428
0.7195674
0.6878936
0.705453
0.67833453
0.6954491
0.7070169
0.69047195
0.7371789
0.69824773
0.74039733
0.74300617
0.7457056
0.6944438
0.71705794
0.7107629
0.7375199
0.76046777
0.7398
0.7313426
0.70784193
0.7225695
0.75046104
0.76905835
0.7463268
0.75615704
0.81205565
0.7789241
0.7670953
0.7732496
0.74505097
0.7051442
0.71742415
0.726919
0.71466935
0.6943411
0.680735
0.722457
0.7128094
0.7763247
0.72725105
0.7919565
0.7555036
0.7558677
0.7482835
0.7283093
0.71575356
0.7346008
0.7552484
0.7208798
0.76718646
0.7654564
0.78555334
0.77452105
0.67332095
0.7444743
0.7413149
0.72294873
0.7443764
0.7558229
0.82669634
0.76157284
0.7565311
0.7842698
0.78821474
0.825496
0.74635214
0.81511354
0.72310877
0.78923464
0.76177055
0.7872597
0.7723888
0.77134985
0.74294585
0.7647305
0.7625051
0.7555563
0.7324842
0.8719297
0.7722932
0.7544614
0.74096906
0.7412869
0.7104719
0.7201871
0.70908195
0.72664636
0.71549493
0.7731649
0.7711802
0.74672264
0.8008228
0.77087384
0.74445593
0.7160613
0.6769417
0.6859857
0.7163576
0.7714911
0.7055817
0.7782213
0.6875543
0.7762649
0.72099024
0.73295164
0.7644062
0.7182713
0.7131942
0.7542895
0.78589237
0.7407826
0.72927517
0.779542
0.7640674
0.6827668
0.7149355
0.7521815
0.7718698
0.7386006
0.7494105
0.75804394
0.80484295
0.7870237
0.7744495
0.7334551
0.7128524
0.7396032
0.6990496
0.7231768
0.74767995
0.82996786
0.81881803
0.81513464
0.77487254
0.7449436
0.71946084
0.73119587
0.7492346
0.7209485
0.7268858
0.8574846
0.75878257
0.7576278
0.75321794
0.78387535
0.73378205
0.7196143
0.77525014
0.82556564
0.776274
0.81020635
0.79938114
0.7711992
0.8603742
0.7627477
0.741824
0.7608202
0.7879076
0.6990336
0.8261962
0.7912917
0.7342645
0.71569264
0.79533744
0.7799323
0.72821957
0.72045976
0.73972
0.7786156
0.75376457
0.689321
0.7449057
0.7631015
0.7279688
0.7255231
0.75691414
0.74491954
0.6978359
0.7205337
0.7878767
0.78986984
0.7433594
0.7588556
0.76965755
0.7472378
0.7528283
0.7233276
0.77666396
0.74082816
0.80568373
0.7183834
0.7648634
0.80868065
0.83291286
0.7151366
0.8254555
0.76891804
0.7866692
0.7562884
0.7846614
0.81543696
0.6948194
0.757215
0.74017966
0.74893194
0.733134
0.74325806
0.79361916
0.7748976
0.7073249
0.7248124
0.72024995
0.7362386
0.7690435
0.76004076
0.7640401
0.7941008
0.8312019
0.81418765
0.81891954
0.7419505
0.829712
0.79568183
0.8694051
0.8087676
0.7655476
0.8151686
0.81053656
0.7272042
0.8185426
0.7417187
0.77890444
0.7891119
0.7503304
0.76358795
0.7835062
0.77178854
0.7917956
0.79038155
0.80187935
0.7867357
0.75406295
0.8230512
0.7945153
0.8671827
0.8095033
0.78382486
0.8128561
0.80277973
0.7482319
0.85308963
0.786963
0.84179455
0.8286877
0.8515473
0.7788394
0.8089587
0.82986814
0.7705857
0.8204735
0.7618158
0.8325153
0.818665
0.8546958
0.8357243
0.8377091
0.8012737
0.83146924
0.89509344
0.80826676
0.8784398
0.8005895
0.8080302
0.8483332
0.80418724
0.7864425
0.81210154
0.8048731
0.83458215
0.75150883
0.78836304
0.81326336
0.87165314
0.7705763
0.78943855
0.73416966
0.80141866
0.7362231
0.78211814
0.7652499
0.8471205
0.83275944
0.7394425
0.7237774
0.75870115
0.78878576
0.71397257
0.7682761
0.81884766
0.7217273
0.76427835
0.71658444
0.7928512
0.78149843
0.77775145
0.8046343
0.83243763
0.7474126
0.8288387
0.8353379
0.79030216
0.82770836
0.8894029
0.81343347
0.82494193
0.8610989
0.80418295
0.7656477
0.86491454
0.8368324
0.81382054
0.85777915
0.89352894
0.84508467
0.80717903
0.7838558
0.8735719
0.88200444
0.80855083
0.8545541
0.89465576
0.9005979
0.956906
0.88968116
0.91712266
0.9202168
0.98730093
0.87116313
0.95571816
0.9374924
0.9827539
0.99180347
0.9425149
0.9712675
0.92546743
0.8728752
0.8672661
0.9026377
0.9062222
0.9618258
0.7693257
0.82920456
0.8259882
0.80457556
0.9050627
0.8533119
0.9574398
0.76134837
0.76488054
0.76711005
0.8890936
0.78503484
0.74181634
0.78110707
0.85291296
0.8681739
0.77081126
0.7796988
0.7449283
0.8174059
0.7829599
0.7944126
0.8699916
0.8870316
0.78937584
0.79009885
0.83039486
0.8172069
0.8155313
0.74571145
0.7915164
0.7786711
0.81362724
0.79316103
0.95453614
0.8010611
0.7664905
0.81382567
0.82783836
0.8004243
0.753551
0.8133128
0.7061012
0.8215352
0.7758751
0.79244804
0.7581397
0.7427915
0.76447034
0.8246853
0.8450342
0.7884
0.8557368
0.8636171
0.76501536
0.76597047
0.8612659
0.7985868
0.81886435
0.8193068
0.80514294
0.92560595
0.8020929
0.9011027
0.8121195
0.924206
0.8675994
0.84434533
0.7656291
0.7234692
0.85553443
0.770652
0.7894049
0.848252
0.8444718
0.7724199
0.80691123
0.9897494
0.7770462
0.75719756
0.6679788
0.7931316
0.70944095
0.82266086
0.84273934
0.8217766
0.7833156
0.7763745
0.7983579
0.748698
0.83051825
0.68102914
0.8040844
0.7406069
0.75535583
0.8130042
0.72649163
0.77142954
0.7543512
0.8132651
0.84173197
0.7660897
0.81769806
0.81312704
0.8051592
0.7703644
0.774155
0.86727184
0.8567433
0.8217591
0.8380771
0.80399764
0.79530805
0.81574327
0.7981728
0.8952943
0.8066168
0.7712447
0.7838027
0.84646565
0.8559967
0.82104635
0.8952066
0.84503216
0.87572813
0.8577188
0.8442748
0.82683337
0.79411465
0.8093469
0.79075426
0.88008934
0.81700623
0.78327507
0.8553802
0.8372345
0.81293374
0.79360276
0.7743381
0.8046507
0.8637072
0.89253277
0.7907768
0.8458629
0.78941566
0.8555322
0.79531056
0.834051
0.81195027
0.8262757
0.7884224
0.87052095
0.84459597
0.8711808
0.916923
0.85503745
0.8565232
0.81502634
0.8653087
0.96530473
0.8853275
0.8450617
0.8369662
0.89277077
0.9407629
0.87854505
1.0141408
0.9370262
0.91320467
0.8779024
0.9233793
0.86317587
0.9433425
0.82407194
0.90660685
0.87200207
0.91612446
0.8522663
0.8581228
0.93535715
0.9430524
0.9550607
0.9148259
0.9812141
0.95691454
0.9602131
0.9564211
1.0023816
0.86893475
0.92515653
0.9853743
0.940674
0.85722893
0.9468684
0.826748
0.93332255
0.89725715
0.9157056
0.9660519
0.8738992
0.92862046
0.8773226
0.8452841
0.8893048
0.9146857
0.8085001
0.87414473
0.96041507
0.9852676
0.97224915
0.94737995
0.9841896
0.87607986
0.8868899
0.9069508
0.9560657
0.8653967
0.83516866
0.9773506
0.906941
0.8610468
0.8152001
0.8477093
0.77390224
0.84015447
0.7403773
0.8177543
0.805987
0.82125187
0.7929002
0.75121194
0.8297244
0.7973744
0.9319024
0.8758531
0.8724086
0.8733903
0.9048518
0.8175185
0.82898873
0.8362313
0.8451116
0.8514297
0.8841897
0.83855236
0.8551292
0.876005
0.8283996
0.8833228
0.87711847
0.9555
0.88197166
0.9245068
0.87677616
0.8474719
0.826364
0.84226406
0.8294379
0.8698593
0.7851678
0.83799034
0.9203138
0.98601305
0.8912677
0.9651945
1.0585612
0.9314019
0.9837124
0.8254139
0.92902404
0.9176104
0.87342185
1.0858049
0.997558
1.0142587
1.0182526
0.9970513
1.0232792
0.9074994
0.97763836
0.96728235
1.049165
0.9901674
1.0464519
0.9082152
0.9794006
0.95445555
0.982906
0.9080076
1.0603606
0.9701063
0.9987033
1.0348154
1.0369877
0.94547135
1.1515595
0.9781779
1.0608163
0.99234086
0.9855131
0.982933
0.9605891
1.0139418
1.1296893
1.1016208
0.92700297
1.0210253
1.0096309
0.96945035
0.959284
1.00553
0.9624097
0.9550454
1.0872098
1.082923
1.0691292
1.0413549
1.0649031
0.9704756
1.0867147
1.0529532
1.0952394
1.1685965
1.1310713
1.0295213
1.1670489
1.0912653
1.0468208
1.2443168
1.2041996
1.1645544
1.1595277
1.0419197
1.1111484
1.1410459
1.0219945
1.0775924
1.1470094
1.0519189
1.0580171
1.0019469
0.98180395
0.90669113
1.0310125
1.0555458
1.0482614
1.1332638
1.1224463
1.0838062
1.1457448
1.1596055
1.2739755
1.0332685
1.1190714
1.0112343
1.0367495
1.0553107
1.0616059
1.048383
1.138015
1.0979578
1.1121866
1.1716114
1.1337079
1.0545605
1.1156812
1.0241759
1.0270702
1.0589337
1.1702008
1.1255668
1.2112546
1.1236162
1.0919849
1.0568019
1.1099749
1.2787391
1.1344724
1.2113938
1.1936024
1.2594422
1.2234771
1.2609063
1.0448408
1.2090538
1.1508226
1.234542
1.1592172
1.1354047
1.0984776
1.1542522
1.1695045
1.0702419
1.0994209
1.1249648
1.082863
1.1296415
1.2765725
1.3068771
1.211918
1.248874
1.2414192
1.1650558
1.1502118
1.1698943
1.1201628
1.1145875
1.2237011
1.2334341
1.131399
1.2194481
1.170377
1.1230227
1.1091243
1.132036
1.1218506
1.0338725
1.1425339
1.1583476
1.2486087
1.2165676
1.0940766
1.1390299
1.1568102
1.1332575
1.1926792
1.0593265
1.1986809
1.2846193
1.1875006
1.207933
1.099872
1.1997025
1.1370606
1.1424435
1.1644773
1.1524346
1.0792809
1.0740966
1.2802798
1.2080117
1.1102505
1.0875543
1.2319641
1.2313278
1.1423395
1.2492152
1.1760111
1.1221786
1.2500464
1.2674019
1.1538392
1.1729125
1.181384
1.1329863
1.2779434
1.0717412
1.0663097
1.1748023
1.1086557
1.0949247
1.1987965
1.0615124
1.1342907
1.0355707
0.9683989
1.0188819
0.9635984
1.0560709
1.1653508
1.0755423
1.026179
1.2091231
1.1524549
1.0855464
1.0999663
1.0525925
1.2002462
1.1323335
1.1805328
1.0784382
1.2527138
1.3107291
1.3232605
1.1398134
1.3405328
1.167997
1.2600389
1.3384079
1.2575862
1.2800201
1.2457321
1.2102826
1.1887144
1.2320831
1.1997933
1.1401248
1.3087463
1.2655959
1.1905402
1.2633965
1.2186388
1.1144961
1.2594901
1.3007768
1.3653796
1.2291274
1.1494685
1.2527639
1.1378615
1.3274399
1.2106186
1.2504879
1.2013791
1.186695
1.2063063
1.1340197
1.0822337
1.2380011
1.311883
1.2022328
1.2724724
1.3624343
1.3668792
1.2625041
1.197916
1.1844407
1.1086316
1.3177532
1.1955341
1.4085684
1.3661294
1.3763897
1.2860137
1.37103
1.3131486
1.2543051
1.2634932
1.3508865
1.4368436
1.3405486
1.4812163
1.4001002
1.3666227
1.3271849
1.2768452
1.0799772
1.1258554
1.3036385
1.3063544
1.1216258
1.0913461
1.4043386
1.3424429
1.3171524
1.4599308
1.353929
1.2061788
1.1586672
1.192463
1.3979144
1.271995
1.4244301
1.4203218
1.181759
1.333668
1.3953754
1.2004601
1.4097984
1.4009336
1.3507212
1.4190413
1.2885965
1.4466883
1.2494944
1.2741011
1.2823548
1.4242876
1.3283883
1.3098123
1.2271938
1.3783408
1.301288
1.3562001
1.340498
1.2997372
1.3308642
1.2569487
1.1715003
1.3275615
1.2539984
1.5192908
1.3367039
1.4662739
1.3692403
1.4335096
1.4470807
1.3088999
1.2787783
1.4218385
1.3453015
1.2637532
1.2852486
1.4166397
1.3798782
1.3379426
1.482005
1.4414839
1.4701185
1.3392762
1.3759149
1.2422838
1.3446702
1.4354396
1.2631695
1.3183826
1.2658086
1.2652525
1.2666997
1.2073044
1.288097
1.2222396
1.2654568
1.2600471
1.2669837
1.2288615
1.3066185
1.2206669
1.2229033
1.3140239
1.2550579
1.1945633
1.193594
1.2051443
1.2973429
1.2897797
1.3505281
1.2998514
1.2592423
1.294688
1.406807
1.4462575
1.4644635
1.329973
1.4068096
1.3563728
1.3612999
1.4479661
1.4703878
1.3636477
1.3609372
1.3977116
1.530925
1.3714832
1.4631327
1.5686028
1.5125096
1.494844
1.5901253
1.4963808
1.526537
1.3826207
1.3645067
1.4732858
1.4743979
1.5574121
1.7266109
1.6216625
1.733859
1.5309961
1.5204008
1.4766757
1.5261953
1.6221242
1.4613672
1.6102983
1.7852306
1.8171966
1.5121759
1.5269926
1.524641
1.7031808
1.5454158
1.4968961
1.7132717
1.5500754
1.5152109
1.5842981
1.6071291
1.5188886
1.7276771
1.6368903
1.5366842
1.4287127
1.3913207
1.462977
1.4616305
1.5314434
1.6349434
1.5828475
1.6706101
1.5206926
1.4003003
1.3731529
1.3946322
1.3981661
1.4846627
1.6323508
1.4575005
1.4467006
1.4943757
1.5095747
1.4496678
1.415845
1.4112179
1.5369138
1.800689
1.7045968
1.6841639
1.7199018
1.7521766
1.6984706
1.7676808
1.5738049
1.5197203
1.5608001
1.5823514
1.6425725
1.788472
1.6062646
1.5431873
1.4875283
1.4492986
1.4107
1.4930007
1.5070109
1.3948183
1.3420986
1.2991114
1.3954251
1.3349304
1.4225901
1.4465812
1.5603566
1.5344651
1.5219715
1.3635904
1.3309547
1.3693407
1.4000103
1.3642777
1.2219868
1.2352698
1.3077438
1.352062
1.3834368
1.3126273
1.2733119
1.1849202
1.1808077
1.1949725
1.237313
1.2522833
1.287412
1.2495238
1.2981026
1.2565961
1.3292274
1.3929726
1.4258059
1.3992487
1.325741
1.3833348
1.4707782
1.4844041
1.4922574
1.4538448
1.4979863
1.5792278
1.6069518
1.5492392
1.593186
1.5467752
1.5955919
1.485157
1.5268546
1.5458977
1.4502758
1.4173244
1.369476
1.4286977
1.4270214
1.4259657
1.4226838
1.499801
1.5538937
1.5706526
1.5117712
1.4486251
1.4884766
1.5241868
1.5883822
1.6672239
1.6375645
1.6836238
1.60164
1.6296548
1.7061679
1.7096688
1.757103
1.650116
1.6214801
1.6286154
1.647628
1.6983136
1.580048
1.5431441
1.4091028
1.5611503
1.6299413
1.7057533
1.6410462
1.5388329
1.5714968
1.5528103
1.6056617
1.745324
1.7547016
1.6808041
1.5163354
1.4847137
1.5829694
1.7870287
1.8613578
1.8113987
1.6654565
1.6910235
1.6747931
1.6062777
1.4407386
1.4307487
1.4269017
1.5599864
1.5881126
1.7160373
1.7138662
1.6647384
1.6515563
1.6493075
1.6897225
1.6199077
1.7088426
1.825609
1.9661591
2.0219631
2.017717
1.8548859
1.8074888
1.7351894
1.7351624
1.5988922
1.609992
1.6167988
1.6409951
1.7126071
1.7818894
1.8125389
1.7548041
1.7743268
1.7452885
1.6938994
1.731578
1.8117322
1.9704232
2.0753047
2.0513117
1.9941844
1.8093696
1.7350289
1.6556257
1.682488
1.7020564
1.7285407
1.6632371
1.8232605
1.7893118
1.7490382
1.593798
1.4958198
1.5336633
1.6172951
1.6731012
1.6585897
1.5087124
1.5153359
1.5661565
1.6177983
1.7878042
1.7239339
1.6076664
1.6370842
1.5407808
1.5904962
1.6476177
1.6126893
1.7787838
1.8287436
1.9432471
1.8948935
1.8830975
1.745224
1.9000438
1.8841598
1.8764344
1.7480453
1.8891183
1.9319355
1.8350302
1.8814486
1.8165965
1.9408715
1.8941875
1.88405
2.0060518
2.158357
2.2595344
2.0881124
2.1624317
2.075087
2.1227975
2.1268208
2.072715
2.1281438
2.2017562
2.5094745
2.6535704
2.6700308
2.3080156
2.4451816
2.4361815
2.554467
2.6838686
2.5863595
2.5567153
2.524872
2.3522868
2.3952699
2.5168984
2.4231937
2.4336386
2.5445292
2.499531
2.5834198
2.7810636
2.9976404
3.2316413
3.3314385
3.777994
4.1613703
4.349686
4.232862
3.7251358
3.4313705
3.3026829
3.309562
3.3022728
3.4689548
3.4565816
3.3197591
3.01273
2.9274256
2.8334992
2.6182497
2.7169733
2.8272743
2.895653
3.452096
3.4560869
3.7968426
4.3583174
4.6300263
4.6714363
4.766349
4.6206346
4.7635946
4.723286
5.377782
5.640395
6.11765
5.833405
5.470072
5.818718
5.1873264
4.908463
4.529039
4.2795825
4.4768825
5.1136847
4.8026705
4.585297
4.566508
4.500387
4.500387
4.500387
4.500387
4.500387
4.500387
4.500387
4.500387
