426.28864
268.91492
129.20216
87.05517
65.92948
52.711197
44.073666
37.86931
32.90842
29.150505
26.272528
23.801329
21.588888
20.068142
18.54582
17.238295
16.000349
15.009698
14.173684
13.292262
12.502864
11.872228
11.351258
10.769818
10.261714
9.781569
9.365587
8.978244
8.554139
8.32029
7.989334
7.6722074
7.401271
7.2295375
6.92398
6.728092
6.574468
6.3074336
6.188272
6.0071516
5.888261
5.7880926
5.596456
5.485742
5.337921
5.269182
5.1634474
5.0097475
4.8824306
4.7837944
4.7069817
4.633836
4.525217
4.487094
4.387493
4.3040557
4.2511396
4.142087
4.2042155
4.004112
3.9325933
3.865361
3.7853968
3.724331
3.6554844
3.5770612
3.513134
3.5106268
3.4199562
3.3817344
3.3672042
3.3265412
3.2641554
3.2696202
3.1877158
3.1303172
3.118898
3.0815532
3.0412574
2.9915566
2.9682162
2.9237554
2.9157598
2.9006782
2.8663893
2.8206737
2.8070297
2.7789874
2.751442
2.767155
2.684918
2.6981323
2.6409895
2.6287773
2.5889213
2.590609
2.551453
2.5055206
2.5079124
2.4535859
2.432942
2.3991086
2.3791726
2.3746314
2.369087
2.367652
2.314301
2.3085234
2.3003507
2.2897706
2.272756
2.2744923
2.244178
2.2139645
2.2095459
2.164376
2.1897728
2.15592
2.1561737
2.130895
2.0867553
2.0938392
2.0685346
2.0611587
2.0260305
2.024196
2.0483198
2.0309765
2.002498
1.9620606
1.9379337
1.9163773
1.9770702
1.9173222
1.9292299
1.893462
1.9095135
1.8853259
1.8589625
1.848442
1.8314519
1.8050663
1.8072529
1.8057736
1.7880466
1.7867718
1.7956192
1.798802
1.7731515
1.7533565
1.7416342
1.7436006
1.725034
1.7070781
1.7177584
1.694386
1.7090073
1.6846359
1.6946459
1.6542716
1.660103
1.6661
1.6220319
1.6353935
1.5850059
1.6017158
1.5806986
1.599652
1.5531976
1.5552845
1.5519474
1.5664667
1.5254651
1.5316677
1.5092466
1.5375234
1.5086141
1.5028774
1.5041943
1.4950527
1.5123678
1.4866704
1.4789019
1.4632057
1.4609137
1.4656743
1.4448174
1.42426
1.4419168
1.4668043
1.400699
1.4411489
1.4301717
1.4145328
1.4129336
1.4066907
1.3930233
1.4099753
1.4074732
1.3802361
1.3680097
1.3680243
1.3677847
1.3548719
1.3652446
1.3626498
1.3501862
1.3345699
1.3282691
1.3369114
1.3191335
1.3168322
1.2925601
1.2983104
1.2724532
1.3061457
1.3100593
1.3081166
1.2847183
1.273283
1.2885245
1.2858282
1.2686745
1.2729908
1.2426826
1.2445313
1.262707
1.2515836
1.2401618
1.2577854
1.248772
1.237265
1.2527865
1.2584747
1.2485752
1.2100204
1.2527826
1.2311097
1.2174414
1.2203656
1.2160988
1.2331845
1.221064
1.2227587
1.1997966
1.2094016
1.1878942
1.2219293
1.1794553
1.1957728
1.1987615
1.1902986
1.1659517
1.1644708
1.1824919
1.1751504
1.1636615
1.1795418
1.1573256
1.1719311
1.1457379
1.142097
1.1411381
1.089957
1.1222874
1.1170695
1.1148071
1.1002679
1.0967369
1.0907203
1.1095222
1.0837572
1.0801172
1.08061
1.0796449
1.0688326
1.0663085
1.0506009
1.0406463
1.0506909
1.0504823
1.051672
1.0337353
1.03938
1.0510795
1.0403594
1.038998
1.0295819
1.0507708
1.0431671
1.0271978
1.0283757
1.0414733
1.011838
1.020091
1.0196779
1.0102713
1.0337996
1.0029829
1.0017456
1.0008669
1.0181633
0.99291825
0.9910073
1.000573
1.0019176
1.0026405
0.9891263
0.99168885
0.97713166
0.9882511
0.97787064
0.98493
0.9993432
0.97383946
0.9909716
0.97607285
0.9534812
0.9554804
0.94760185
0.9412335
0.94681865
0.940906
0.96037686
0.9404989
0.96496403
0.9376977
0.94541407
0.9413993
0.95040876
0.9273058
0.9445354
0.9152893
0.9220738
0.89653426
0.9014685
0.9109854
0.91976756
0.90939796
0.911184
0.9040967
0.90592146
0.90247303
0.9019784
0.889324
0.9195069
0.91658324
0.89490736
0.8986252
0.9066051
0.8762203
0.89447576
0.8864823
0.8776888
0.8860356
0.8793091
0.87030184
0.8668281
0.86451316
0.8796037
0.8759581
0.8703523
0.848756
0.85172623
0.8693392
0.8854387
0.8561424
0.8625429
0.85595965
0.84665155
0.85008675
0.8589007
0.847161
0.8636211
0.8618668
0.8535829
0.8428109
0.8512787
0.8354915
0.8411085
0.83030885
0.83560485
0.8347907
0.82957876
0.81641537
0.8299522
0.839669
0.80139947
0.8229147
0.82197475
0.81504554
0.8161869
0.8210902
0.82815623
0.80200917
0.81465393
0.7964387
0.7954218
0.7881678
0.7988177
0.8011125
0.7785894
0.7962164
0.8050166
0.79909307
0.79456043
0.80258197
0.79229
0.7983877
0.7938769
0.8083806
0.78032637
0.79460937
0.77579445
0.800387
0.8039889
0.7819152
0.7960041
0.7981225
0.8033876
0.78599864
0.7744292
0.7788359
0.7696368
0.75312966
0.7622864
0.77471054
0.7667676
0.7682747
0.7685124
0.76513493
0.74032104
0.75257593
0.75411755
0.7378063
0.74989927
0.72648853
0.72884744
0.74831414
0.73333687
0.7256647
0.7320326
0.7226136
0.73247886
0.7142385
0.7276103
0.7149961
0.72453296
0.72291785
0.7148922
0.7094522
0.7055293
0.70763147
0.69814754
0.7079941
0.72108746
0.71343434
0.6934586
0.71437484
0.698709
0.6995134
0.6854413
0.6903884
0.70479935
0.68819624
0.6874872
0.6897834
0.6909923
0.6861945
0.68251854
0.66700375
0.6722225
0.66430193
0.6730767
0.6646221
0.6643647
0.6714212
0.6644739
0.66978604
0.66061044
0.6766949
0.65891033
0.67020184
0.6612185
0.6678353
0.6561393
0.6622497
0.6583183
0.65532756
0.66442937
0.6549351
0.654883
0.6524846
0.6527129
0.6441991
0.64481175
0.63233596
0.6438607
0.6288634
0.6378128
0.63680375
0.6385016
0.6408394
0.64201903
0.6394052
0.6502618
0.6294697
0.6329627
0.6221091
0.6346655
0.63099265
0.6442647
0.6447983
0.63574076
0.63188994
0.62394494
0.62010115
0.6201191
0.63042873
0.61899704
0.61539656
0.6049308
0.6144585
0.6104885
0.61148506
0.6216038
0.6095032
0.62265754
0.6275537
0.61417395
0.6298145
0.6194514
0.6138715
0.5915271
0.60822
0.59658796
0.611779
0.6102077
0.611405
0.59965473
0.600311
0.61841494
0.59995395
0.58979934
0.61320645
0.60464156
0.6070739
0.598163
0.5875389
0.5960731
0.5969428
0.6017627
0.6163613
0.6089828
0.6058218
0.6034872
0.59753364
0.58633524
0.57913953
0.5767409
0.58486646
0.5653483
0.5750683
0.5785125
0.56832874
0.578238
0.5764963
0.5616296
0.5651163
0.57545334
0.55729294
0.5717149
0.5871923
0.57281566
0.5779789
0.55583197
0.56832093
0.57320154
0.57444584
0.57369566
0.57045364
0.56278867
0.5477465
0.55784565
0.55210245
0.5530699
0.5548919
0.5610837
0.5494123
0.55892164
0.5747415
0.55089265
0.5481234
0.5449686
0.5488649
0.55428654
0.54820806
0.5486386
0.55236524
0.5237781
0.55504215
0.54589015
0.53392404
0.5373246
0.5462009
0.5254603
0.51966304
0.52476406
0.5405105
0.5107953
0.51362926
0.5143426
0.5250392
0.53198177
0.5242094
0.5183688
0.51942307
0.53483784
0.5221521
0.51943904
0.5196369
0.5186685
0.5168369
0.5131615
0.508335
0.5138737
0.51128
0.5095402
0.51608396
0.5112703
0.5236201
0.50532657
0.52542585
0.5078449
0.5090957
0.518087
0.51719797
0.497646
0.5044351
0.49994332
0.50503
0.5165483
0.5055601
0.50158787
0.5022147
0.50615996
0.50894874
0.49924633
0.49773332
0.5117231
0.50647813
0.49914038
0.49298108
0.5021577
0.48401937
0.5089736
0.49867907
0.5097412
0.4990041
0.49806198
0.49813366
0.5032942
0.5061228
0.49519056
0.48191568
0.4768128
0.5024049
0.5040486
0.49564603
0.4814788
0.4894134
0.49411395
0.49577442
0.49278814
0.49001893
0.4814665
0.48791036
0.48647308
0.48133284
0.48372522
0.47419554
0.4801745
0.48098838
0.46563417
0.46813565
0.4790522
0.46776083
0.45863086
0.4619529
0.46454516
0.4523026
0.47060683
0.47206476
0.4503675
0.45176178
0.46094716
0.4635727
0.45196986
0.45592234
0.4521003
0.4508297
0.45212898
0.45905894
0.45867872
0.4551357
0.45573407
0.45259938
0.44977108
0.4617906
0.44111237
0.44245005
0.44388488
0.44490114
0.44532713
0.44279134
0.43904874
0.4496683
0.44573796
0.44334158
0.43815565
0.4452824
0.43646723
0.4363001
0.43792892
0.44294295
0.43515855
0.44389755
0.44313937
0.42661098
0.4329643
0.43223372
0.4411548
0.44447774
0.4363061
0.42130962
0.42995718
0.4356618
0.42702675
0.4274872
0.42572793
0.42751542
0.42581797
0.44196072
0.43038785
0.4292287
0.4356976
0.43217424
0.42922366
0.4389192
0.4286164
0.43947744
0.426993
0.41811812
0.4254436
0.4255883
0.4235445
0.42549548
0.42573458
0.41461596
0.41870436
0.41860977
0.42304218
0.42151162
0.42083704
0.41313136
0.40947175
0.41069317
0.42388704
0.42131943
0.4138023
0.41046876
0.4125078
0.4088216
0.4087168
0.40050855
0.4103003
0.4183471
0.40897003
0.39661157
0.41106692
0.4059497
0.43411213
0.42801058
0.40187475
0.39739367
0.39879248
0.39498788
0.39868495
0.40833798
0.40805006
0.39931312
0.38925737
0.39799345
0.39049166
0.3965293
0.39072683
0.40197545
0.39196625
0.39054233
0.39150712
0.38702944
0.3808828
0.38279843
0.3850613
0.37813157
0.37930173
0.38032496
0.39065838
0.3849966
0.3711126
0.3687082
0.38132578
0.38379684
0.37681088
0.3801619
0.380351
0.38197207
0.38257644
0.37580585
0.36573493
0.3704373
0.3709478
0.3608103
0.38557097
0.3730393
0.3715754
0.3813486
0.3661025
0.39081153
0.3733852
0.37445962
0.3687619
0.3707238
0.37504232
0.37028193
0.3678559
0.365613
0.37443757
0.37059382
0.36760488
0.38000676
0.36672953
0.3674985
0.36408487
0.36119658
0.3698522
0.3685727
0.36273688
0.3634514
0.36243734
0.36246815
0.36590514
0.35048062
0.36336288
0.36597046
0.36641404
0.35885173
0.3632607
0.35166386
0.35891435
0.36208403
0.36690047
0.34861776
0.35921672
0.3435061
0.3577755
0.3590914
0.34288552
0.35082623
0.34322098
0.3485524
0.3470075
0.34608528
0.3522287
0.34109038
0.34822324
0.3437081
0.34711742
0.33698064
0.33640784
0.33729252
0.3260834
0.34418353
0.34055474
0.340697
0.34317875
0.3424009
0.3446981
0.33208692
0.3311074
0.3415283
0.33975908
0.33679038
0.33461905
0.3294071
0.32600635
0.32964924
0.3264273
0.33313745
0.32424018
0.3222285
0.34295347
0.3220387
0.3224421
0.32439274
0.32811242
0.33113444
0.33104795
0.32555428
0.32404593
0.3313795
0.3304334
0.32563937
0.32604358
0.3229014
0.3160059
0.32346928
0.33009836
0.31897184
0.31995162
0.32712552
0.31979722
0.3156717
0.32316542
0.31365278
0.30961046
0.31996968
0.31946623
0.31922492
0.3203262
0.31332782
0.31977364
0.3135895
0.31138554
0.31999367
0.30902168
0.32451168
0.30648673
0.323521
0.30534154
0.30160576
0.31879133
0.3005243
0.3037009
0.32025447
0.30888224
0.31767985
0.3169542
0.30646172
0.31719944
0.3085606
0.31466845
0.31427577
0.30222198
0.3055673
0.30502716
0.30758524
0.32024345
0.30593565
0.31545123
0.31143013
0.303693
0.30640832
0.3167996
0.30197996
0.29879415
0.29736432
0.31340256
0.30564207
0.3267
0.32906115
0.31534213
0.30938184
0.29649508
0.29515383
0.301656
0.29734695
0.30216652
0.29728267
0.29557213
0.2964732
0.29103333
0.2983454
0.29685798
0.29842868
0.3051866
0.28379232
0.2956517
0.287192
0.28643486
0.29318598
0.2849306
0.2808431
0.28956154
0.27638197
0.30705756
0.28556433
0.29581484
0.28934595
0.29318595
0.2860805
0.29615545
0.2978536
0.29087037
0.30436406
0.28924266
0.28781757
0.28489974
0.29539692
0.27857196
0.30141178
0.28513205
0.28469995
0.2918139
0.28165075
0.27518618
0.2761571
0.2836906
0.28276962
0.27906612
0.283144
0.28268304
0.27660042
0.2699804
0.29062465
0.27724138
0.27562082
0.28150758
0.27646205
0.2755057
0.27010927
0.27592182
0.27498275
0.27166063
0.2741227
0.26708016
0.26957166
0.26703137
0.2682137
0.2686094
0.26485658
0.2816749
0.26673278
0.26729468
0.2584509
0.2566562
0.27144298
0.26992992
0.3115146
0.29290444
0.25588945
0.26768005
0.2605242
0.25833875
0.25659877
0.26200458
0.2639918
0.25979957
0.25865328
0.27423003
0.263289
0.26479393
0.26295072
0.27019852
0.25713813
0.26872385
0.26171818
0.25735554
0.25758168
0.26016012
0.25513682
0.2611818
0.25844094
0.25887185
0.2510649
0.2760111
0.26176834
0.26225486
0.25380528
0.25869966
0.25642905
0.2648459
0.26645073
0.259948
0.26541412
0.2553166
0.25888288
0.25719658
0.25879943
0.25896177
0.25604787
0.25259423
0.26887664
0.2522211
0.2654136
0.25457072
0.25860566
0.2553105
0.26488915
0.2480101
0.25040814
0.25115323
0.24757674
0.24643558
0.25397632
0.24349023
0.25116718
0.25093648
0.24389893
0.24361293
0.24821201
0.24242203
0.24521245
0.25284263
0.25115454
0.24372652
0.24220419
0.24885228
0.238503
0.24172902
0.23861416
0.24419487
0.24265385
0.24531853
0.25214255
0.23803468
0.24460372
0.2475779
0.2395434
0.24923834
0.24504238
0.24841014
0.24777427
0.25214565
0.24745795
0.25895187
0.23631454
0.24016449
0.23089127
0.2367467
0.23916335
0.24133912
0.23727682
0.23445667
0.2373023
0.23698893
0.2333925
0.24064788
0.24664243
0.23312119
0.23218745
0.235753
0.23550774
0.23411234
0.23780915
0.23314139
0.23462726
0.2308632
0.23091967
0.23085171
0.23409715
0.23015599
0.22906
0.2257367
0.2279263
0.2252433
0.222499
0.23678413
0.22654663
0.23119901
0.22506252
0.22444697
0.2321472
0.22696145
0.22495708
0.22206222
0.23546678
0.2285316
0.22319031
0.23579913
0.23206756
0.2270813
0.22771886
0.23052216
0.23659614
0.23569667
0.2323951
0.24107577
0.24174722
0.23513412
0.23125093
0.23672374
0.228489
0.23783499
0.23501936
0.22729027
0.22230063
0.24165621
0.2263464
0.22788319
0.22971837
0.2306211
0.22393402
0.2203043
0.22750509
0.22352336
0.21908346
0.22338194
0.21568851
0.22033666
0.22412314
0.22838032
0.2287763
0.21321794
0.22762428
0.21985674
0.2335512
0.22514102
0.22757989
0.21738502
0.22259834
0.22806625
0.22984141
0.21928872
0.22890933
0.23051463
0.23070571
0.21388508
0.22629596
0.21516776
0.2295126
0.21732588
0.21623822
0.22609201
0.21876271
0.22655481
0.21502754
0.22151487
0.21187449
0.21868788
0.21339476
0.20949024
0.21024784
0.21778964
0.20895925
0.2061422
0.20798019
0.21350089
0.2084908
0.21316667
0.21464245
0.20824884
0.20579791
0.20728832
0.2143483
0.21087366
0.2049459
0.20815611
0.21554601
0.20656803
0.20141171
0.20520017
0.20548253
0.20242873
0.20574622
0.2187774
0.20295681
0.20104054
0.20801724
0.2038543
0.20774399
0.21483742
0.20752738
0.19877017
0.1986767
0.1986684
0.20219946
0.21327175
0.2020016
0.20224941
0.19774027
0.20242475
0.20045884
0.20152977
0.19872485
0.20875567
0.20537572
0.19984598
0.20125155
0.19675137
0.20023252
0.19274531
0.19847032
0.20016067
0.20686607
0.20098205
0.20327637
0.19479291
0.2015565
0.2096363
0.19476873
0.19937895
0.19353779
0.19508334
0.19201308
0.19638504
0.20680836
0.2007526
0.1999907
0.20171764
0.20237027
0.19393207
0.19728719
0.19804598
0.19127326
0.19792236
0.19580811
0.19205633
0.19403198
0.20814148
0.19424403
0.19080988
0.18584737
0.1903422
0.20035046
0.1829987
0.19732574
0.19098751
0.2003343
0.187939
0.19024853
0.19958274
0.1929721
0.1995574
0.19229008
0.18964759
0.19037741
0.18727085
0.18395366
0.1851626
0.18857315
0.18764335
0.19228944
0.18088381
0.18833524
0.19011478
0.18523538
0.18837172
0.18463892
0.1818765
0.18459965
0.18028428
0.18952529
0.18422242
0.18162325
0.18557037
0.18283096
0.18445987
0.17801559
0.18585882
0.17231654
0.1748357
0.18267609
0.18377277
0.17467247
0.19903311
0.1810487
0.18320778
0.18742456
0.17840624
0.17984326
0.17968604
0.18217027
0.19380967
0.1877978
0.18463138
0.18490608
0.18211702
0.18029548
0.1857504
0.18109299
0.18367654
0.18816115
0.17925484
0.17709064
0.18150036
0.18095902
0.1730303
0.17253003
0.17316633
0.18396205
0.17755216
0.17591779
0.20281295
0.18058927
0.17721087
0.18136847
0.17926547
0.1771328
0.17059538
0.16728729
0.17222768
0.16923833
0.1723743
0.17774558
0.17556423
0.17154308
0.17876491
0.17968473
0.17196336
0.17725877
0.17620604
0.17191377
0.16916023
0.17697333
0.18482207
0.17379993
0.1751242
0.17440511
0.17969757
0.17352885
0.17099328
0.17471464
0.17893516
0.18138167
0.1713074
0.18237577
0.17118832
0.17463773
0.18149123
0.18287656
0.17138676
0.17817834
0.17709216
0.17873104
0.17746031
0.17583479
0.17131183
0.18076997
0.178983
0.1780985
0.17823635
0.1810955
0.17607643
0.17610398
0.17615455
0.17908704
0.16724218
0.17356284
0.17437695
0.16921963
0.17215715
0.17026028
0.1693398
0.16794652
0.1743212
0.16938137
0.17060639
0.16877185
0.16109496
0.17282194
0.16981706
0.16549279
0.16851924
0.1670472
0.17140484
0.15979223
0.15438217
0.16097218
0.1632009
0.15817529
0.1600744
0.15773527
0.16510709
0.16741471
0.15610547
0.1669101
0.16639657
0.15805657
0.15908934
0.16317494
0.16615017
0.15838173
0.16137466
0.1638062
0.1625254
0.16070953
0.15906858
0.15476497
0.15609977
0.16299564
0.16270572
0.15734622
0.16626357
0.16524412
0.16007222
0.15294814
0.15842004
0.16062485
0.15239
0.15668973
0.16279422
0.15462276
0.15230788
0.15518124
0.15757872
0.16015907
0.16090392
0.15275466
0.15534833
0.16074207
0.15246329
0.16044839
0.16792291
0.15428452
0.15254392
0.15531638
0.16105603
0.1550051
0.15483995
0.15162878
0.15615207
0.14961927
0.15193097
0.1526808
0.15247887
0.15450034
0.14882033
0.14925161
0.15154955
0.15368481
0.15168206
0.15433766
0.14902315
0.15268855
0.15689163
0.14717498
0.15213396
0.15283167
0.14933994
0.15548943
0.1578983
0.15336408
0.14959948
0.15384655
0.14439447
0.14678547
0.15253375
0.15953647
0.15308931
0.14744042
0.15303627
0.14693347
0.14607593
0.147261
0.14758258
0.14852227
0.14626278
0.14978577
0.14800304
0.15964966
0.15131183
0.14719917
0.14694399
0.15560302
0.15529135
0.15249704
0.15199172
0.14767401
0.14821316
0.15163758
0.14380735
0.14748453
0.14624125
0.14492692
0.14125523
0.14410399
0.14715059
0.13673724
0.1533839
0.14341132
0.15044011
0.14930692
0.14583425
0.14535879
0.14893706
0.14901468
0.13894117
0.13863494
0.15087822
0.14884162
0.15191098
0.14514442
0.1404869
0.15314943
0.15006791
0.14990234
0.15013441
0.14365396
0.14536345
0.14932232
0.14804734
0.14539678
0.15290073
0.14864957
0.14792913
0.15006728
0.14473534
0.1403401
0.14164184
0.13875604
0.14799397
0.13621469
0.14361869
0.14308085
0.14314945
0.14571366
0.14353314
0.14197972
0.14732698
0.14410654
0.13502103
0.13546039
0.15023197
0.13319835
0.135956
0.14097284
0.13776016
0.13943963
0.14142987
0.13628648
0.13634032
0.1378231
0.13755253
0.1411219
0.13719578
0.1396666
0.13462766
0.13692416
0.13846935
0.13796346
0.13283388
0.14047825
0.1433841
0.13405529
0.13859148
0.1359064
0.14196771
0.13510579
0.13645665
0.1378984
0.13462162
0.1350609
0.13849573
0.13559061
0.13251927
0.13469103
0.13711765
0.13774312
0.135741
0.13686652
0.13742585
0.1292355
0.14825562
0.15710272
0.14370823
0.13759573
0.13873574
0.138733
0.12910244
0.13854773
0.13530234
0.12975004
0.13046601
0.13587525
0.13597602
0.13213208
0.13206735
0.13156892
0.1336797
0.1320082
0.12727751
0.14255074
0.13278507
0.1267634
0.12812567
0.1288654
0.12867793
0.13397409
0.13539344
0.13229811
0.13587545
0.12827072
0.13066967
0.13108678
0.13898486
0.12737942
0.13143246
0.13072555
0.1267659
0.12969781
0.12788875
0.12619776
0.12954484
0.12698562
0.12164603
0.124956176
0.12690412
0.13189058
0.12632091
0.11532676
0.13086234
0.12128729
0.12902504
0.12448053
0.124233186
0.12962322
0.12336087
0.13346028
0.12329249
0.1255517
0.1306965
0.12405393
0.1310839
0.12425136
0.128099
0.12810445
0.12414068
0.13156188
0.12300759
0.12872219
0.12673263
0.118191816
0.12131586
0.12279265
0.12198797
0.12846363
0.12367502
0.11972923
0.11762098
0.11999791
0.124915026
0.12374081
0.13285066
0.12408408
0.123470694
0.12518537
0.11956955
0.12890248
0.12733744
0.12407564
0.11972586
0.11756085
0.12517549
0.128552
0.12185026
0.1221304
0.12226873
0.12602963
0.12224208
0.1252048
0.13220692
0.12562354
0.12850107
0.12853225
0.12558141
0.13093556
0.12789787
0.13153958
0.12692967
0.12394033
0.13311656
0.12100497
0.12533024
0.121790245
0.12099587
0.12246152
0.12835136
0.12183013
0.12133936
0.12088562
0.13121249
0.11876741
0.12968434
0.11882462
0.1209604
0.12595317
0.12423017
0.124008335
0.12998892
0.13214017
0.13708818
0.12093776
0.12448691
0.12289797
0.11908557
0.117313705
0.112113126
0.11803121
0.11898074
0.116536535
0.11636718
0.121850416
0.123369575
0.11596485
0.11835777
0.11414566
0.1180595
0.11098345
0.11918515
0.11576579
0.11836004
0.11691179
0.11430734
0.11534145
0.12095567
0.12048223
0.11276866
0.11731355
0.11522845
0.11249607
0.11613134
0.11508118
0.12014955
0.11876824
0.11821834
0.11397863
0.11140534
0.11054788
0.11877276
0.11438781
0.11177556
0.10613586
0.11978827
0.10957399
0.11386411
0.116191044
0.10720441
0.10992675
0.10466136
0.11987804
0.114098
0.114660665
0.12540758
0.1074383
0.113031276
0.11003603
0.11669319
0.10818479
0.10730541
0.108146995
0.11048508
0.10377797
0.11233096
0.116360515
0.11608971
0.1115175
0.113652006
0.11195045
0.11249178
0.113158256
0.1121867
0.11315398
0.11395566
0.11235592
0.11016215
0.12064931
0.11255062
0.11445387
0.11636144
0.1055744
0.1070246
0.10732041
0.116510406
0.10971891
0.11201464
0.11092426
0.108795285
0.10534311
0.1091404
0.10749105
0.102417864
0.10869238
0.10058924
0.10658488
0.106416635
0.106808566
0.10756646
0.10659929
0.1138071
0.113011956
0.10614778
0.106802605
0.107717074
0.1079546
0.10066654
0.11039679
0.10163364
0.10647679
0.108201355
0.09937107
0.10791257
0.104981765
0.104927376
0.1124067
0.102507696
0.10528501
0.10021625
0.09889477
0.10214169
0.10723936
0.10469683
0.110084765
0.0973253
0.09976617
0.10105148
0.10536453
0.09999191
0.0977875
0.097990245
0.09888531
0.09974434
0.11137316
0.10530024
0.096798286
0.09989303
0.100777596
0.09702715
0.10496299
0.10190022
0.11303307
0.099242315
0.10521595
0.093386516
0.10087773
0.10309396
0.1047196
0.09765566
0.102204956
0.10344828
0.09668111
0.10111767
0.09462136
0.091590025
0.09912864
0.10270725
0.10216402
0.096500196
0.099888675
0.101137
0.097259186
0.10056564
0.0997152
0.09789597
0.09595214
0.09343984
0.09430714
0.09668988
0.098036624
0.09972556
0.097282976
0.100219294
0.103908375
0.10055224
0.09722419
0.09878276
0.09924568
0.10997451
0.098767884
0.099664584
0.1002348
0.09502216
0.093911245
0.10042003
0.098384105
0.09630082
0.09612346
0.10082138
0.094498314
0.09238287
0.09207036
0.09362884
0.09184145
0.09616383
0.095128275
0.09775262
0.09686842
0.09256016
0.09764441
0.09387932
0.10270059
0.092520185
0.0946272
0.09671771
0.08861474
0.095350325
0.10661823
0.09180424
0.095298946
0.09731841
0.096574575
0.09401994
0.09471186
0.0963935
0.09557756
0.096543625
0.09746838
0.095447615
0.10054652
0.095346175
0.09314416
0.09119623
0.0942353
0.09103557
0.08953653
0.094762295
0.09284537
0.09062327
0.08984429
0.09141196
0.088566944
0.09434536
0.0893254
0.09456324
0.09308841
0.095583804
0.10320525
0.090600446
0.09471492
0.08866185
0.08774731
0.08732815
0.09279166
0.09316494
0.087660186
0.0931543
0.0887358
0.087868765
0.09830818
0.0919138
0.09563192
0.08663205
0.09181517
0.08670727
0.09266247
0.0881498
0.09328567
0.09364902
0.09349621
0.094939224
0.09380825
0.08942787
0.08676989
0.08940146
0.086178675
0.09127875
0.09207059
0.09175833
0.09345813
0.08179008
0.0937968
0.08881155
0.09017617
0.08710841
0.09109308
0.093417384
0.09039508
0.09559583
0.08591657
0.09483024
0.086477354
0.093599945
0.09266451
0.09354475
0.08796009
0.09130443
0.087783664
0.09248648
0.086939156
0.086560205
0.08954823
0.09144478
0.09377425
0.16155054
0.08900958
0.08400408
0.08746239
0.087422974
0.09073837
0.0885245
0.08655306
0.08612879
0.089902356
0.08418055
0.090032764
0.08713136
0.085630774
0.08549629
0.08226988
0.09014676
0.08313139
0.08492606
0.0844999
0.08805506
0.08764696
0.08472517
0.09275742
0.08913034
0.092427365
0.086362116
0.09202216
0.08783978
0.08852622
0.08672384
0.08789167
0.08965639
0.089549765
0.088121735
0.08730818
0.08901487
0.085197836
0.0895748
0.09267189
0.0843549
0.09028517
0.08565121
0.08081795
0.09144837
0.0852298
0.085011296
0.09572951
0.0870322
0.08929813
0.08196982
0.08924567
0.08912774
0.083484285
0.08884861
0.07945955
0.0838954
0.083371416
0.08330597
0.08422406
0.09007023
0.091500655
0.09446154
0.08726117
0.093145505
0.09005923
0.081409775
0.08452031
0.08733363
0.081950545
0.08033876
0.07780896
0.08152861
0.08352608
0.08338584
0.08043666
0.08351469
0.07929285
0.08493283
0.08314267
0.08385305
0.08170451
0.08444554
0.082636096
0.08760667
0.078619644
0.07934461
0.084286876
0.085302465
0.085839555
0.0893675
0.08670254
0.08517124
0.08804879
0.08171766
0.08466091
0.08343441
0.079161055
0.086449735
0.08572704
0.09883881
0.0786859
0.08303486
0.08525987
0.08025509
0.07752575
0.08060826
0.08072201
0.09582757
0.08677948
0.08466574
0.081961565
0.091604106
0.080588475
0.08864792
0.07843247
0.080555074
0.086224645
0.08390813
0.08024645
0.07846812
0.08339249
0.08198778
0.08020048
0.08031819
0.083475165
0.08432181
0.08533505
0.07847539
0.08004825
0.08271075
0.08455618
0.079534695
0.08175828
0.081769
0.08170494
0.08709886
0.07426455
0.08186372
0.0810277
0.07854394
0.079829514
0.07942204
0.078016914
0.07890485
0.081551366
0.08059464
0.078123905
0.08113417
0.0809538
0.07937893
0.07761092
0.08091272
0.08405216
0.08234239
0.07647506
0.078301035
0.078247614
0.07779238
0.0775972
0.071485184
0.07754282
0.08087422
0.07306451
0.075999506
0.08410762
0.07909485
0.07895507
0.079272896
0.075326525
0.075021274
0.08333526
0.07298346
0.08370632
0.07959888
0.079144076
0.07557614
0.080169454
0.078079276
0.07904898
0.08299035
0.07675002
0.08571524
0.082945056
0.08069532
0.07990753
0.08464503
0.082017206
0.07373808
0.08228837
0.07433238
0.07353877
0.07766893
0.076399796
0.07969594
0.07515189
0.0778312
0.07474244
0.07429175
0.07547071
0.07801294
0.0767753
0.07623372
0.075868554
0.076585084
0.07645051
0.07911041
0.079582214
0.07489255
0.07948086
0.07430522
0.07257626
0.07704385
0.08114161
0.07643768
0.07927569
0.07734727
0.07841143
0.073990986
0.06753309
0.072849795
0.0764187
0.07150034
0.0739048
0.07056053
0.07373565
0.07669621
0.08139698
0.078315325
0.07607227
0.07278111
0.070829555
0.07579197
0.0738784
0.073870786
0.07645085
0.07691937
0.07901555
0.07932975
0.07361257
0.07595634
0.07322461
0.072907194
0.076092474
0.07278371
0.076021425
0.07300913
0.07278631
0.080319144
0.07270965
0.074900605
0.07515095
0.07678375
0.07313165
0.076804936
0.0685273
0.08168867
0.07658639
0.07792872
0.08436783
0.07896365
0.07130489
0.07589749
0.080285616
0.074770115
0.07613949
0.07837995
0.07102505
0.07286456
0.06908611
0.07652011
0.076674506
0.072378494
0.074595794
0.07854135
0.06930619
0.07456133
0.07464709
0.073946565
0.07313902
0.07238582
0.072422884
0.07128308
0.07264332
0.07533174
0.07607516
0.069479086
0.07119564
0.06986053
0.073140465
0.07301289
0.07414965
0.06889497
0.07125985
0.091051355
0.07085033
0.07270226
0.07692435
0.07695144
0.067317784
0.06952419
0.070949264
0.0775424
0.07340918
0.07756208
0.069582984
0.07137429
0.07718137
0.069560185
0.07761946
0.07753848
0.06994324
0.070209965
0.0741009
0.07444041
0.07128763
0.0710217
0.07706078
0.069403514
0.07067945
0.07135816
0.07096459
0.07400476
0.0781208
0.07661657
0.07673163
0.07502459
0.07247483
0.07001522
0.07787744
0.07426731
0.08305385
0.107132986
0.08755183
0.0814206
0.076647684
0.07273794
0.071446545
0.06763846
0.0743398
0.06807194
0.07166505
0.07353505
0.07378326
0.06737502
0.07001482
0.0720903
0.07000204
0.06865132
0.06929277
0.070775345
0.07102912
0.06583417
0.06993934
0.075721376
0.073259175
0.07094771
0.07226734
0.070938714
0.07220805
0.06204591
0.071032144
0.07600133
0.067331925
0.066377364
0.06626654
0.07313222
0.07255434
0.06935652
0.06267814
0.068473235
0.084079206
0.069394
0.07064417
0.07057367
0.07806
0.073438525
0.06429546
0.06966172
0.06978721
0.06555078
0.06866956
0.06655101
0.06614806
0.07331474
0.07507351
0.074522905
0.061649635
0.0730331
0.067414105
0.06755222
0.0708322
0.06311258
0.07009209
0.06625854
0.07186067
0.07486719
0.07120794
0.0712462
0.068318196
0.06620118
0.06460658
0.072450675
0.06110689
0.06308964
0.06663713
0.06827882
0.070784375
0.06493512
0.06372422
0.061449826
0.07113564
0.0691877
0.060560714
0.0621988
0.071343325
0.07145942
0.06578654
0.06626641
0.07040979
0.06468999
0.06673193
0.06519483
0.06296714
0.063386366
0.0669447
0.065762274
0.06898626
0.06435978
0.069322266
0.06821101
0.07533056
0.06547847
0.06602772
0.06246889
0.06571134
0.066709235
0.07034869
0.06901525
0.06375053
0.06832923
0.07000024
0.06676219
0.06871067
0.07266523
0.06829696
0.068513215
0.06536094
0.06598337
0.062080003
0.06872033
0.06507863
0.07412234
0.0801693
0.06295343
0.065730974
0.06749967
0.06687015
0.06968171
0.069044486
0.067765765
0.07049904
0.06618647
0.064095266
0.06576291
0.06824914
0.07037824
0.06586122
0.06704625
0.06355039
0.06677371
0.06359692
0.062005673
0.06761355
0.0624421
0.06566595
0.061042856
0.06308454
0.05983565
0.06374843
0.06344889
0.06185311
0.0661312
0.061272692
0.069942236
0.06618952
0.062560365
0.06271683
0.05855272
0.052972596
0.058410816
0.06467719
0.0711073
0.06729981
0.06386588
0.06479643
0.061104126
0.06463086
0.0698888
0.060038716
0.06606346
0.0680503
0.0646163
0.062337548
0.064297736
0.06594766
0.06595646
0.060314514
0.06502517
0.05759134
0.06463409
0.06162239
0.064180344
0.06355146
0.060493983
0.061406553
0.062073655
0.059435382
0.06656827
0.067730665
0.059157107
0.069287956
0.060269948
0.06671202
0.061699543
0.06264141
0.06803035
0.06103789
0.062066197
0.065789245
0.06069761
0.063689
0.059043784
0.06068724
0.06848794
0.06418518
0.06656231
0.05641268
0.056490865
0.06423354
0.06464186
0.06480255
0.062132575
0.056575634
0.058874454
0.065304205
0.06751187
0.06237173
0.06358046
0.060687505
0.0651377
0.063273914
0.06511308
0.06343655
0.05772148
0.06217776
0.0625562
0.06470665
0.07107742
0.06578966
0.06562423
0.06568554
0.06440329
0.06507828
0.0625704
0.05923397
0.062444597
0.05671134
0.06371634
0.061768737
0.06036371
0.063474
0.060740322
0.07181159
0.06426687
0.058113832
0.06008086
0.063040175
0.05842427
0.06636679
0.059952613
0.05643639
0.06402636
0.06075809
0.060208663
0.06381248
0.05671929
0.066047125
0.054601848
0.06412211
0.09163884
0.10731055
0.063990764
0.06709639
0.05893444
0.05707141
0.05935129
0.061008215
0.06294056
0.0559643
0.060815092
0.059055313
0.057971727
0.062515974
0.05929148
0.06890055
0.063130334
0.05442972
0.05574881
0.05962087
0.05353918
0.05923571
0.05666345
0.06006252
0.05597634
0.056008577
0.056550175
0.05695826
0.054977786
0.05841326
0.058853924
0.05709885
0.054542124
0.05726314
0.05986008
0.053011578
0.055295628
0.05511959
0.061755423
0.057384662
0.056354225
0.05924177
0.061039127
0.054587226
0.05763316
0.057113584
0.057110436
0.056425147
0.052093763
0.057698686
0.062030055
0.060425133
0.056855857
0.056432817
0.05558705
0.058457922
0.056393374
0.058260746
0.0593302
0.053968843
0.056044832
0.06006756
0.057790462
0.05749806
0.061374035
0.057079133
0.056625515
0.058658224
0.05990194
0.05897329
0.05782518
0.056015324
0.05900844
0.06111923
0.057131574
0.06008761
0.061269537
0.06663925
0.058987994
0.057073783
0.055892922
0.053838752
0.059760835
0.055680227
0.05584558
0.051251214
0.06126572
0.0551669
0.052410815
0.05364776
0.06237524
0.05571303
0.056692883
0.053735822
0.074392684
0.054883633
0.058498945
0.060399294
0.05908944
0.05561974
0.05938392
0.05737775
0.055622596
0.05875416
0.05578325
0.05407435
0.051831476
0.053344637
0.055071514
0.058734305
0.055394355
0.053630564
0.055464778
0.05810417
0.054543607
0.054800455
0.054652322
0.054337967
0.057385765
0.067335315
0.057174873
0.05715889
0.055564445
0.055376314
0.053690862
0.05909967
0.05641268
0.05409722
0.055922396
0.05571009
0.05492977
0.056139555
0.05571738
0.061434068
0.051775828
0.055577267
0.055091046
0.055423822
0.055444777
0.054679178
0.05024243
0.054621376
0.060594104
0.05377548
0.056270484
0.05561083
0.05628736
0.05009231
0.060015485
0.053996522
0.05274836
0.057061974
0.057629418
0.05194399
0.055011682
0.059532665
0.050626893
0.052195895
0.05587445
0.053613227
0.062107455
0.060939457
0.051477365
0.062654
0.055301506
0.053202517
0.05340145
0.055387232
0.048208617
0.057833906
0.04832461
0.052960742
0.05783749
0.055189874
0.053397223
0.053386
0.05351778
0.053893473
0.05280317
0.05315561
0.055283435
0.05941107
0.051254127
0.063923076
0.05310429
0.055001624
0.06130544
0.054133043
0.056113325
0.055641767
0.057915386
0.05292386
0.060539156
0.05344623
0.057368945
0.055827763
0.056788504
0.06297628
0.056261323
0.05213937
0.052788075
0.051670156
0.0584701
0.057128996
0.055103075
0.056257114
0.060064223
0.056848872
0.074723035
0.065259226
0.056077205
0.056534458
0.05350478
0.060207613
0.06310211
0.056660075
0.058293354
0.061631057
0.05739977
0.053561702
0.05191851
0.056455255
0.047822744
0.05230871
0.052625857
0.053223845
0.055164747
0.052341986
0.04828829
0.050733287
0.05164052
0.055193756
0.0545879
0.05151451
0.056311257
0.05613594
0.05184479
0.047753107
0.050030783
0.054412086
0.053186804
0.051310096
0.051209886
0.049817562
0.053389657
0.05393369
0.051397026
0.049431026
0.051339425
0.057811834
0.05654559
0.04809795
0.04932399
0.05216934
0.05112881
0.054391682
0.049843594
0.054944046
0.053829454
0.05157522
0.048614763
0.051946253
0.059916038
0.048424892
0.051807273
0.053062983
0.050300166
0.050050363
0.05239837
0.050564453
0.049282063
0.05010529
0.050401323
0.056425363
0.0490448
0.054056745
0.05208591
0.060192794
0.05130275
0.06261086
0.050068233
0.055354804
0.054348893
0.05060413
0.05981115
0.052910157
0.052096993
0.079902336
0.050126076
0.055992026
0.054371245
0.05642122
0.054617118
0.059127923
0.052789442
0.04932622
0.051159784
0.05028658
0.050932743
0.05357296
0.051763464
0.05074228
0.051485218
0.055223443
0.05145783
0.0717941
0.053247124
0.05110647
0.052584246
0.056901667
0.053545266
0.052496247
0.05046552
0.053329132
0.05028726
0.051328942
0.05463639
0.057222035
0.05309654
0.050571375
0.050723977
0.049970053
0.050542735
0.05115138
0.05214351
0.04892489
0.049051795
0.052528802
0.048767716
0.04689488
0.04766438
0.05192084
0.05162478
0.051927086
0.051114935
0.05223163
0.05057205
0.050836615
0.052273393
0.05460434
0.05215651
0.05405834
0.05116754
0.05071538
0.054794226
0.05835846
0.05045323
0.050529763
0.051645555
0.05186874
0.05394146
0.050859768
0.04977768
0.053548135
0.05178548
0.052214418
0.059290063
0.051354293
0.048217665
0.048508454
0.048306447
0.049021482
0.052035127
0.052548528
0.05538978
0.053201016
0.055401668
0.056093518
0.055385422
0.061946504
0.05186022
0.057588343
0.052761544
0.05107776
0.049416922
0.047766566
0.048451353
0.04840998
0.05032757
0.05187897
0.049328975
0.049587835
0.052659485
0.051156223
0.05411768
0.05610779
0.053596742
0.05493802
0.050199974
0.04833064
0.049854267
0.052053325
0.055849448
0.049954254
0.04905191
0.05314946
0.051984657
0.049247954
0.0476493
0.04798325
0.047989357
0.049562618
0.051911186
0.04846715
0.046576273
0.046202336
0.05025085
0.05744399
0.051451385
0.049006805
0.048659164
0.050339453
0.051597103
0.05063472
0.053760838
0.052339975
0.053364336
0.04951483
0.048544347
0.047775194
0.047686666
0.0459981
0.04680588
0.04535389
0.04625736
0.046788935
0.04843233
0.04873707
0.04853442
0.050522175
0.05305943
0.04913973
0.047190584
0.046530437
0.04790072
0.046966713
0.048089553
0.048758257
0.049126595
0.04615567
0.045474157
0.046188187
0.047237933
0.047861826
0.04831942
0.04798088
0.048395094
0.04552734
0.046767157
0.044145744
0.04529502
0.04285837
0.046675008
0.054873046
0.055124465
0.057547726
0.0462762
0.043802015
0.04551857
0.047924206
0.04882386
0.052841462
0.048210744
0.04719234
0.047091514
0.047299504
0.04703845
0.04624835
0.046360843
0.04757672
0.04864447
0.048782684
0.047852453
0.04661106
0.047941994
0.047982913
0.04961646
0.04864894
0.04881709
0.04947167
0.048399784
0.047646016
0.045436237
0.043695748
0.04411291
0.04497047
0.0452082
0.043514285
0.043205604
0.043367133
0.042848784
0.042683028
0.043331556
0.04681236
0.04781018
0.049320027
0.04836396
0.04790158
0.048898112
0.049568493
0.052218422
0.051316634
0.048763204
0.046435554
0.04652546
0.046032976
0.046160836
0.044365197
0.04638914
0.04610536
0.047065828
0.047027167
0.04875292
0.050238706
0.04970264
0.04643951
0.043645285
0.044020068
0.046137575
0.048207693
0.046392675
0.046224564
0.045820937
0.046841763
0.051651143
0.061977748
0.050426148
0.04592942
0.04648678
0.047573246
0.047213487
0.047041267
0.04580287
0.04590342
0.047591016
0.04907046
0.05294878
0.059362806
0.06363406
0.05761218
0.05207147
0.051255073
0.055170145
0.053291738
0.052290026
0.053032693
0.054449454
0.058405586
0.05289819
0.048761625
0.046182826
0.046204243
0.047317646
0.04850254
0.048735578
0.046607003
0.046600502
0.04533053
0.047867402
0.048654445
0.04963914
0.051434554
0.055952776
0.05248994
0.048632823
0.04637551
0.045375615
0.04356697
0.042548552
0.041847467
0.04433922
0.045260064
0.042881493
0.042834606
0.04377904
0.044337217
0.043412063
0.042210516
0.043371692
0.043253016
0.04453573
0.043739505
0.043154642
0.041567817
0.04381108
0.0438484
0.043656435
0.041852634
0.04466935
0.045329228
0.045171596
0.04238813
0.041008104
0.039373256
0.040851932
0.042088576
0.042535037
0.040276106
0.039605472
0.041707538
0.0417394
0.043359403
0.041809782
0.044528335
0.04427323
0.04366904
0.04146235
0.042119414
0.041951664
0.042381283
0.040663388
0.041996732
0.040967397
0.040839534
0.041223023
0.04136832
0.042767793
0.043195214
0.043385398
0.04412838
0.04441853
0.04658718
0.0436459
0.042118646
0.04055163
0.041443456
0.041250188
0.04081281
0.041680902
0.042655617
0.04379408
0.043424115
0.043694437
0.043757834
0.0435149
0.04291874
0.045321252
0.04465243
0.04303755
0.039082855
0.038872313
0.04014212
0.041197505
0.043232463
0.04235611
0.041530512
0.039875567
0.038248625
0.03932575
0.040117044
0.041654967
0.04025035
0.03949097
0.039132692
0.04071646
0.04077615
0.041637693
0.040615924
0.04164462
0.04245677
0.04171943
0.0408338
0.042126976
0.04280327
0.041627944
0.038706295
0.03938933
0.039243896
0.039471876
0.038773328
0.0405738
0.04027692
0.040013164
0.03974637
0.041388664
0.0417905
0.041658953
0.041816894
0.04094402
0.042520866
0.041838527
0.04372031
0.04098044
0.042406373
0.040556386
0.039187368
0.03914755
0.038876146
0.040509146
0.039006684
0.039764002
0.041271348
0.040366873
0.041685123
0.040159147
0.04309399
0.041140344
0.039989077
0.03784983
0.038145423
0.038848687
0.038126428
0.038117923
0.039020002
0.038919732
0.039151162
0.038250126
0.041309554
0.041471563
0.040873937
0.03723573
0.036979806
0.03874083
0.04170133
0.040949877
0.040583666
0.05222433
0.080028445
0.05244191
0.040440384
0.03948459
0.03917778
0.037244264
0.038623974
0.038916294
0.03974688
0.03992344
0.04066594
0.041738506
0.041710787
0.042213555
0.040573765
0.039197233
0.03754347
0.03774402
0.037995033
0.038489796
0.037246592
0.036345903
0.03845176
0.03945796
0.040600542
0.041949473
0.04130886
0.041349914
0.03810252
0.038704794
0.03941363
0.03985588
0.0395128
0.038129553
0.03834023
0.03782327
0.0375359
0.03565012
0.036060937
0.035974156
0.03954458
0.041270334
0.04545534
0.041533444
0.039852638
0.03605602
0.03879285
0.040565003
0.041619983
0.040192753
0.03742459
0.03726371
0.03592124
0.03751127
0.036925092
0.040022243
0.038923312
0.039932642
0.036746025
0.039004356
0.0379177
0.040626917
0.03881095
0.048728902
0.06805269
0.05545236
0.047032017
0.039143242
0.0377094
0.03673119
0.035249203
0.03849962
0.036447957
0.037874274
0.034860343
0.035294715
0.0350917
0.038544327
0.037892703
0.03772853
0.03623294
0.037354156
0.038555942
0.038308203
0.037666485
0.03722325
0.036319833
0.03939093
0.03822503
0.03756878
0.03432518
0.036162514
0.036478788
0.0375651
0.03469674
0.038471486
0.037176393
0.04254319
0.041772086
0.041381646
0.037902724
0.03698718
0.03909899
0.03847776
0.036214598
0.036274314
0.036584586
0.03757978
0.036070257
0.036805615
0.036082648
0.038752206
0.03954411
0.040723927
0.037691467
0.037740644
0.035073824
0.036202643
0.03407945
0.03627998
0.037116412
0.03907393
0.039071325
0.038248032
0.037496
0.036589943
0.035893798
0.035812628
0.035490543
0.03542279
0.035211556
0.035177313
0.034345858
0.031702742
0.032104824
0.03583136
0.039209988
0.037820037
0.03276507
0.03224852
0.034869224
0.03809344
0.038419053
0.039917175
0.04045976
0.039264016
0.036524408
0.035324614
0.03530388
0.035517436
0.035356693
0.037304986
0.036484
0.036153633
0.032993358
0.03346351
0.033560626
0.036830124
0.0378606
0.037271746
0.034702912
0.034344006
0.034636393
0.03579158
0.037546743
0.03919895
0.037742466
0.03490734
0.03424549
0.034250304
0.03534034
0.033364467
0.03411421
0.032960422
0.03329142
0.032262325
0.033013064
0.035309058
0.036108296
0.03570199
0.035473436
0.037242945
0.037603524
0.036269635
0.035375744
0.035999402
0.040054854
0.039633393
0.03716106
0.03215211
0.03305586
0.035123102
0.03726092
0.03535371
0.035328534
0.035515673
0.03575976
0.03474205
0.03385449
0.0342803
0.036123976
0.036915615
0.037869122
0.036677472
0.034552053
0.03243015
0.031345006
0.032351363
0.035156384
0.0390432
0.040287144
0.042462107
0.042944986
0.043151774
0.03904115
0.03426731
0.03329764
0.035219748
0.036195014
0.034718685
0.032802578
0.035072897
0.035173938
0.036656745
0.034000278
0.03453292
0.032321513
0.031380158
0.030563025
0.03127138
0.03315301
0.033061694
0.032229505
0.031121714
0.032561194
0.033565897
0.035178915
0.035575558
0.035930503
0.03501766
0.0320227
0.030442422
0.029405372
0.032331433
0.0330002
0.033643454
0.031486597
0.030820403
0.031580303
0.033198953
0.03389987
0.03269206
0.032520834
0.031147761
0.032954462
0.032336205
0.03470593
0.03482755
0.035030346
0.03243741
0.031661518
0.03359384
0.03646617
0.036825858
0.034483485
0.032143485
0.030704709
0.031439733
0.031809423
0.03263081
0.03445665
0.035085816
0.034258988
0.03184064
0.033664916
0.03367507
0.033543497
0.031972628
0.031151967
0.031240575
0.031590704
0.0321183
0.03236662
0.032050714
0.03207558
0.033344187
0.032384027
0.033212785
0.040136512
0.044167224
0.043496422
0.036423743
0.033604387
0.033238094
0.03184517
0.031128667
0.03163344
0.032374945
0.031189391
0.0335125
0.031781282
0.033507567
0.030815793
0.03487964
0.034388117
0.03359019
0.033502616
0.0340531
0.035089273
0.031937677
0.033099502
0.035162657
0.03538425
0.031751387
0.029399797
0.028530002
0.032188855
0.032635324
0.042654064
0.040774282
0.042481013
0.033528604
0.03412172
0.03429723
0.03288319
0.033581123
0.039042663
0.040020008
0.037739184
0.03130362
0.035180423
0.03561522
0.036946435
0.03439729
0.036353208
0.033782918
0.031941764
0.03199891
0.03319319
0.036190882
0.034894735
0.035669353
0.033802602
0.033627488
0.03338686
0.03287979
0.031418044
0.03045467
0.031738624
0.032082584
0.031288553
0.028286768
0.028708184
0.030181022
0.033634834
0.034111477
0.03223647
0.031126812
0.031653978
0.03186059
0.031807918
0.031632423
0.031932794
0.031645603
0.030545237
0.03132677
0.030089337
0.031616963
0.029926786
0.03147252
0.030367108
0.030575762
0.028539041
0.027730355
0.028839098
0.03377718
0.035316166
0.03548089
0.033075083
0.03292443
0.03355955
0.030934256
0.030377904
0.029480543
0.029747512
0.030098695
0.028014656
0.029825635
0.03588489
0.036250204
0.034835298
0.028979443
0.03288954
0.033769727
0.033600383
0.03111672
0.030599827
0.03112704
0.03050593
0.029599681
0.02807688
0.02700303
0.028067712
0.028847469
0.03233801
0.0344401
0.03224276
0.031739965
0.030957086
0.032152396
0.030673927
0.029900135
0.029616041
0.029648006
0.028496502
0.0302429
0.029610336
0.031536296
0.03047438
0.029419703
0.02682052
0.03144147
0.032874092
0.032464016
0.027917532
0.027496027
0.02929624
0.030324982
0.030627476
0.030898774
0.030530201
0.032069765
0.03125475
0.030274885
0.030754205
0.030741207
0.03328837
0.031146016
0.031853575
0.030289961
0.03098338
0.029926859
0.030314011
0.031031566
0.032223336
0.03125908
0.030943427
0.032701116
0.035062347
0.03412063
0.032212995
0.028979016
0.029797288
0.03006365
0.031518783
0.040676337
0.041814465
0.04281304
0.03357054
0.03195451
0.029775202
0.03002196
0.029863572
0.03028669
0.027388578
0.029176429
0.031124394
0.03556022
0.03601674
0.03432346
0.033223655
0.030957881
0.030372515
0.028638007
0.029637195
0.029138856
0.03020039
0.029960938
0.03162453
0.031200517
0.030261526
0.029203488
0.028755408
0.030295787
0.029346364
0.032781515
0.031420276
0.031085763
0.028734494
0.028265275
0.02909826
0.02775864
0.027842296
0.028030783
0.02814516
0.030339919
0.02900839
0.030608427
0.030307451
0.031772576
0.03174447
0.032008644
0.03151939
0.030733531
0.02933083
0.029352695
0.031090314
0.029522946
0.028510543
0.027596727
0.026896799
0.028392125
0.0292041
0.031126328
0.03019799
0.029305276
0.028899785
0.02982714
0.031223575
0.032189723
0.035397545
0.03211071
0.030234067
0.028720733
0.028343087
0.028502649
0.02930179
0.031209178
0.029395217
0.029687649
0.029463775
0.029714458
0.028557386
0.030245762
0.029886171
0.03002722
0.028649637
0.028512819
0.027762452
0.029436497
0.030165875
0.028034287
0.027722059
0.0268112
0.026835559
0.028132366
0.028886983
0.03126444
0.03176619
0.03166061
0.029987562
0.029547084
0.029911814
0.03123072
0.030502865
0.02945284
0.029713195
0.029665716
0.030387662
0.030409848
0.029147081
0.026709063
0.025856026
0.02523704
0.024970284
0.025248952
0.027557267
0.028243579
0.03020481
0.028585035
0.028063662
0.026653174
0.026301323
0.026771883
0.028024413
0.028178196
0.02876347
0.029607855
0.028395213
0.028091256
0.028078048
0.028042166
0.02845369
0.027888343
0.027444372
0.027636714
0.026243933
0.027072381
0.027344022
0.02648237
0.028744679
0.03004025
0.034184057
0.037147522
0.034263458
0.033513337
0.034415275
0.03366508
0.031968534
0.030141389
0.02835398
0.027866611
0.02645588
0.026118375
0.027278291
0.026941182
0.027234258
0.028552538
0.028813899
0.026898677
0.027828004
0.028217874
0.028174795
0.026922457
0.027912125
0.026842033
0.02593711
0.025054272
0.025647769
0.025881395
0.025513265
0.026212798
0.026771817
0.027237603
0.027031617
0.028179567
0.028049104
0.028523982
0.029367229
0.029985446
0.030941544
0.031098356
0.030807922
0.031175606
0.027865514
0.02827994
0.027658924
0.02761692
0.027102826
0.028122311
0.026613614
0.025766987
0.02482338
0.02636429
0.026863158
0.025943171
0.0264621
0.027297828
0.027003653
0.026932212
0.029188378
0.029624885
0.02905489
0.029678488
0.028964968
0.02790549
0.026788656
0.02668215
0.025494436
0.02660122
0.025680313
0.02697338
0.026247604
0.026066227
0.02572392
0.027688151
0.027820544
0.028235028
0.028651964
0.028197726
0.027286679
0.0266012
0.025297146
0.024497835
0.025825145
0.024891673
0.024680616
0.025701344
0.026512705
0.025047535
0.025321942
0.025134288
0.025897082
0.026671872
0.027100457
0.027385594
0.02890977
0.028475424
0.026988858
0.026310345
0.025874527
0.024814911
0.02385921
0.02823257
0.028187951
0.0296055
0.033372182
0.03055872
0.027903378
0.027620552
0.026637437
0.026796369
0.025946414
0.025087167
0.025920969
0.024933476
0.025127081
0.026284056
0.026184486
0.02606273
0.026340269
0.025075007
0.024656784
0.023985567
0.025329065
0.026380321
0.02786527
0.027755106
0.02867711
0.02673517
0.026383245
0.026133042
0.026639381
0.02566737
0.026591446
0.026038267
0.025475552
0.024576962
0.0253954
0.024526278
0.024863984
0.02427522
0.023849037
0.024061637
0.023727044
0.024465933
0.025040831
0.025834033
0.025015779
0.025212003
0.024088668
0.02530516
0.025830464
0.026915904
0.027967786
0.027624434
0.026654493
0.027004566
0.025984736
0.025257336
0.02640133
0.026930239
0.027325647
0.027951185
0.028239207
0.02918923
0.02916629
0.028493565
0.028661592
0.029063536
0.027900761
0.027167015
0.026858125
0.026442377
0.025456905
0.024866479
0.025230559
0.024688128
0.025824903
0.026522685
0.026275164
0.025021533
0.026098963
0.024914887
0.024138538
0.025158947
0.025641097
0.025110127
0.025031727
0.026180312
0.02554569
0.025898803
0.026755651
0.026149908
0.025825258
0.026610332
0.027042368
0.025805619
0.027871795
0.028043153
0.027222384
0.028003093
0.027849998
0.025945215
0.02492919
0.02649253
0.026473848
0.027251614
0.02648236
0.027079938
0.02543605
0.024183644
0.02379589
0.025852008
0.026170276
0.026274055
0.026523886
0.02587976
0.025231803
0.02564106
0.026835097
0.026689207
0.026682792
0.027106635
0.027086642
0.026191873
0.026410172
0.026087994
0.023844292
0.023251733
0.023714533
0.023486635
0.025155928
0.027055439
0.02582386
0.02595918
0.028743763
0.026817007
0.026398242
0.026252374
0.026177745
0.022817552
0.024926223
0.024544396
0.025337217
0.025258519
0.025312837
0.025313256
0.025775999
0.02573608
0.025072785
0.0262813
0.02514298
0.025084311
0.025010878
0.024812957
0.024595607
0.024907345
0.025123069
0.02617297
0.027020626
0.026337069
0.026018474
0.027535314
0.028138941
0.027952617
0.029789234
0.030048946
0.027513092
0.027583111
0.027047336
0.026471991
0.025846567
0.02621375
0.024703708
0.025599977
0.025408134
0.026929768
0.02864101
0.028432375
0.028339364
0.026616655
0.025165113
0.025320461
0.024837386
0.025072558
0.026898352
0.028132513
0.026871042
0.028634254
0.028368624
0.02733074
0.027348882
0.026902836
0.027317999
0.02749044
0.028273629
0.028597806
0.028447632
0.02760346
0.029392622
0.03063045
0.031117411
0.03231099
0.03094366
0.029342504
0.028191676
0.028121969
0.027059633
0.028815953
0.027387254
0.027807238
0.02614639
0.027268099
0.026295215
0.026311157
0.02418286
0.025784697
0.024738012
0.025717298
0.026813399
0.027384726
0.025810756
0.026339173
0.025031837
0.025097618
0.025591811
0.0247493
0.023931148
0.02394573
0.023316577
0.023636678
0.023779986
0.023761027
0.024805881
0.025107568
0.028688317
0.027072027
0.027626561
0.027981786
0.028246585
0.026227336
0.02676404
0.026858108
0.025724808
0.02574048
0.024664592
0.025477456
0.026021326
0.027469523
0.027072195
0.026794197
0.025956288
0.025772689
0.024484005
0.02340247
0.02420432
0.023410695
0.023688477
0.024127297
0.024655862
0.024001122
0.02420206
0.024398023
0.023952194
0.023755843
0.023007581
0.023789983
0.02663726
0.037436813
0.04690462
0.047336508
0.0440607
0.037961975
0.02706793
0.027445892
0.028090533
0.027660536
0.026718616
0.027866684
0.02667609
0.025162268
0.02656763
0.026036154
0.026502648
0.026832225
0.027265944
0.026987514
0.02736161
0.027289202
0.02655242
0.026060704
0.026677396
0.025452407
0.02425434
0.025985587
0.026627792
0.02620558
0.025427649
0.025415502
0.024484487
0.023390282
0.022163538
0.02254093
0.022912724
0.023673344
0.024284359
0.025543995
0.02565418
0.024284882
0.025898809
0.02471921
0.02455057
0.025899738
0.025570294
0.02566244
0.02534588
0.025555976
0.027209485
0.027628554
0.026494628
0.026729347
0.026348699
0.025800703
0.027472042
0.028804647
0.030456474
0.029854955
0.02871789
0.026731258
0.025719795
0.024663996
0.02501853
0.024867658
0.025020568
0.025225589
0.025199205
0.026063733
0.026503662
0.027161248
0.026132146
0.026067058
0.02550766
0.02600019
0.025564473
0.02514688
0.02552384
0.025318014
0.025885899
0.025769752
0.026058493
0.025223061
0.025661549
0.025448719
0.025282342
0.024559366
0.025054026
0.025977233
0.025997132
0.026586493
0.02715814
0.027239056
0.027675243
0.026375085
0.026807675
0.026617683
0.027282195
0.025576923
0.024719074
0.025076818
0.024321495
0.024149228
0.023706723
0.024506032
0.02476721
0.024389116
0.02421637
0.02478768
0.024560733
0.024232335
0.024773305
0.025512176
0.025671909
0.02452233
0.025273634
0.026813868
0.02615875
0.024837244
0.024119386
0.024198875
0.025957357
0.023562495
0.02399022
0.024568513
0.025240593
0.02588219
0.026189044
0.027743036
0.026243474
0.025504794
0.026465384
0.026255785
0.026405575
0.026545143
0.027198913
0.0285241
0.026634004
0.026968256
0.026637066
0.025126144
0.025117038
0.024796112
0.025336867
0.025286898
0.025016904
0.026493615
0.025504924
0.024725825
0.024894591
0.025851874
0.025192602
0.025221756
0.025835972
0.026951779
0.02646068
0.02584982
0.026504247
0.027723935
0.02702625
0.025305904
0.025192449
0.02496973
0.024513228
0.022539696
0.023328094
0.024016403
0.024483629
0.024766225
0.025615731
0.025318325
0.025522007
0.025762627
0.025821287
0.025633093
0.025764678
0.025297338
0.02535652
0.025442466
0.024674043
0.023785625
0.023769783
0.023131216
0.02345534
0.02377001
0.023754787
0.02456576
0.025607167
0.025857762
0.02578599
0.026644293
0.02756624
0.029607082
0.029161442
0.029145515
0.030638412
0.02908784
0.030621404
0.030117447
0.030479098
0.029620001
0.02914883
0.027196784
0.02628068
0.024166249
0.023645837
0.023783525
0.025212027
0.025662214
0.026689388
0.02739376
0.029165275
0.029404905
0.028496148
0.028416036
0.0274166
0.027893955
0.027765088
0.027796619
0.02729036
0.028810836
0.027715351
0.027501933
0.026807252
0.0266613
0.026597625
0.027221747
0.028150776
0.028610835
0.02909845
0.02881048
0.028707061
0.029466461
0.028802294
0.028788675
0.026285473
0.027579322
0.027477467
0.02652822
0.026485728
0.025990095
0.026372822
0.026162252
0.024873067
0.024659831
0.023994436
0.023439027
0.023127561
0.023318404
0.02363635
0.023541125
0.023032669
0.024165526
0.025389634
0.02539984
0.02701137
0.02821259
0.029958215
0.030272216
0.029990995
0.030717641
0.028192196
0.02697166
0.026372977
0.026639149
0.025015745
0.024640856
0.024814578
0.025402576
0.025115872
0.025178676
0.025254183
0.026053343
0.028091952
0.029148545
0.030522136
0.030502627
0.030911257
0.029675659
0.02777266
0.026010286
0.026253885
0.026073158
0.025900558
0.025948934
0.026300395
0.02751742
0.028303506
0.027981313
0.027994532
0.027703213
0.027795523
0.028474938
0.028040262
0.02831842
0.028825724
0.031233108
0.033065822
0.030777114
0.028637365
0.030529974
0.028367355
0.027493505
0.025470773
0.025727604
0.026517384
0.027438844
0.025414675
0.026745347
0.026799757
0.02633053
0.02622735
0.025425917
0.025884354
0.026718806
0.026147157
0.026033321
0.026499325
0.026949605
0.027038177
0.026168915
0.025651714
0.026324393
0.026657553
0.025916299
0.025851654
0.026418176
0.026141452
0.026415497
0.02581682
0.02562851
0.025744515
0.02635518
0.02667953
0.025883505
0.026554368
0.027107738
0.030732136
0.03216469
0.030356808
0.03262801
0.031030523
0.029856117
0.02949117
0.02630857
0.026969926
0.026193336
0.02558216
0.028280528
0.02965294
0.029767899
0.028932318
0.028526375
0.029590784
0.02958657
0.02645409
0.025087442
0.024678653
0.024965197
0.024375096
0.024052024
0.023993308
0.02392924
0.023836825
0.024280986
0.02445917
0.024027023
0.023618022
0.023629442
0.023825923
0.024125563
0.024096673
0.023559425
0.023513982
0.024245435
0.024885295
0.024928309
0.024680573
0.025372252
0.024431821
0.024161149
0.023778876
0.023699865
0.023093665
0.023675323
0.023862869
0.023632437
0.024860224
0.025537
0.026243482
0.02645855
0.02802953
0.02738028
0.027438173
0.027160171
0.027328305
0.026095893
0.025292087
0.026584487
0.027790153
0.028058104
0.028074373
0.027873429
0.028839976
0.028886927
0.026958998
0.025214517
0.024937911
0.025146697
0.024328336
0.023401842
0.02391369
0.024419557
0.023962362
0.024388028
0.025757749
0.026606202
0.027889248
0.029300218
0.028003123
0.02745664
0.026380576
0.025463369
0.025116984
0.023861544
0.02310702
0.022552012
0.02292922
0.02360694
0.02469406
0.0256908
0.025709469
0.026057659
0.025576435
0.029382579
0.02981677
0.029397227
0.029244488
0.029348964
0.029552005
0.030107398
0.02730439
0.028174354
0.02789283
0.026988246
0.02686165
0.025944734
0.025506139
0.025275763
0.024550028
0.02465245
0.024512172
0.02490688
0.024881553
0.025213445
0.025192847
0.024664085
0.024399355
0.024304423
0.023020992
0.023042986
0.023095556
0.022407252
0.021783967
0.022455698
0.02380336
0.023873754
0.02438074
0.0243658
0.025174394
0.02539421
0.027113488
0.027171524
0.026327927
0.024377134
0.02478897
0.024233574
0.024233598
0.023563776
0.023443876
0.023437697
0.023844546
0.023797931
0.025335247
0.025377974
0.02516855
0.025921598
0.02624665
0.025691036
0.02414405
0.023515688
0.024891721
0.02473957
0.023948384
0.024658462
0.024083635
0.023557272
0.023646284
0.024335088
0.02523643
0.023999287
0.023116097
0.023626823
0.023540853
0.022683633
0.022432303
0.022428928
0.023636617
0.022439662
0.023384606
0.02312824
0.02296715
0.022550499
0.023733718
0.02497286
0.02434935
0.02366107
0.024443815
0.022723215
0.023071952
0.0230095
0.022669671
0.022775067
0.022050882
0.021797469
0.022022761
0.021912822
0.021680554
0.02261487
0.022918437
0.02289165
0.02194648
0.02141111
0.02218671
0.022424966
0.02271524
0.023119343
0.023803879
0.023332175
0.023429167
0.024190458
0.024405435
0.024786944
0.024115881
0.024302041
0.023716701
0.023876192
0.022802768
0.0226046
0.0224673
0.021882042
0.022584273
0.02316409
0.0235079
0.023210447
0.023173014
0.022064505
0.02236213
0.02258271
0.023195647
0.024406256
0.023293281
0.02297041
0.022370681
0.021783847
0.022336664
0.021718994
0.022092279
0.027966022
0.028449124
0.03138421
0.029381443
0.031180358
0.028784378
0.02864505
0.027592989
0.027926555
0.02795331
0.026362078
0.021400318
0.021541389
0.020250298
0.020964356
0.020858338
0.021617068
0.021611664
0.02249144
0.023144696
0.023858814
0.02419699
0.024109634
0.025933236
0.026139861
0.025814056
0.025415674
0.026270846
0.027792208
0.027082246
0.026147116
0.034261174
0.036432613
0.03570512
0.034923088
0.034204494
0.036334038
0.036450114
0.036802754
0.033980727
0.025720539
0.02670721
0.02657138
0.02757253
0.026572144
0.023017894
0.023046017
0.02301019
0.02291776
0.022563778
0.022269301
0.02176681
0.021407817
0.021504864
0.021320466
0.021588061
0.023169333
0.023175046
0.023105169
0.022733968
0.022952426
0.024188383
0.024593417
0.024745787
0.023361882
0.02289787
0.021794101
0.021596579
0.020248003
0.019975042
0.020113299
0.019602895
0.020798447
0.020302393
0.02130616
0.022380246
0.023899473
0.028243348
0.029980222
0.02932715
0.029370677
0.030046014
0.03291136
0.030838639
0.030347843
0.02880139
0.027852269
0.026036518
0.02250867
0.023429204
0.023960479
0.02316014
0.026065126
0.025575876
0.025500001
0.024876697
0.02428433
0.024698615
0.024625128
0.024701305
0.023607306
0.02319842
0.023214448
0.02349721
0.02278369
0.019530445
0.020004392
0.020387923
0.020207403
0.02023711
0.020511428
0.020337772
0.020460218
0.020613393
0.020454384
0.02026873
0.021756994
0.021416182
0.02104157
0.020304682
0.02035683
0.021181416
0.02116084
0.020394303
0.020958167
0.02141839
0.021544
0.021488147
0.021287186
0.022416418
0.025897818
0.02734117
0.028124817
0.029830268
0.031260606
0.032533012
0.031769637
0.03143845
0.031196788
0.031850725
0.029117066
0.02657672
0.025844408
0.02242442
0.022231363
0.021591129
0.021574302
0.021204382
0.021033933
0.021925252
0.021722728
0.021766588
0.022641659
0.02279751
0.023585133
0.023593694
0.023951508
0.023530744
0.023865134
0.023180233
0.024891134
0.025179915
0.026050655
0.026183717
0.027392667
0.030115677
0.03081761
0.030788394
0.0340619
0.03629256
0.036693774
0.03514894
0.034010593
0.0338001
0.03199424
0.031142427
0.027671564
0.026784806
0.026452841
0.025247207
0.024636082
0.020308109
0.019978989
0.019306432
0.028100949
0.029222399
0.029578127
0.03289745
0.03402118
0.03404969
0.035437725
0.03598601
0.041712586
0.042110544
0.042529095
0.038411
0.03502084
0.0324347
0.03117257
0.022259558
0.022296222
0.022781335
0.022468323
0.02220139
0.021981591
0.022394871
0.022520183
0.022673616
0.022677325
0.022507219
0.02245589
0.02360519
0.02377149
0.024079023
0.023361573
0.022947326
0.022784552
0.022944024
0.022951845
0.022074431
0.02072657
0.020843942
0.021196842
0.021949772
0.022608433
0.022111746
0.021466041
0.021188548
0.021760054
0.02389569
0.024344109
0.024288554
0.024386557
0.024587328
0.025395028
0.024722325
0.024430238
0.02398219
0.023818215
0.023761904
0.02376583
0.023547625
0.024026226
0.02290414
0.02057979
0.022214493
0.022102106
0.02235912
0.023127861
0.023297904
0.02315569
0.022647144
0.02285524
0.0230769
0.022733742
0.022839721
0.022160001
0.022847133
0.02295112
0.022891339
0.021029938
0.02103817
0.020564198
0.020641651
0.019747816
0.019252034
0.018816728
0.018836204
0.018659364
0.019145882
0.020047393
0.019861687
0.019522175
0.019115822
0.019226039
0.020501927
0.020498537
0.020699967
0.02114905
0.021977004
0.02236718
0.022721201
0.024092104
0.02478916
0.02360925
0.022516428
0.022340795
0.02228826
0.023140479
0.023938932
0.024464188
0.02339759
0.022858849
0.022717586
0.022835081
0.022396453
0.022457594
0.022059869
0.022042936
0.022184644
0.022370722
0.022360377
0.022294512
0.021836622
0.020832963
0.019685412
0.019685054
0.019462068
0.020138163
0.020823712
0.0203004
0.020634603
0.020595912
0.02017093
0.020173002
0.020340094
0.02004686
0.020652808
0.020458322
0.020199496
0.02008863
0.02073654
0.02140381
0.020891508
0.020771798
0.02103376
0.020317504
0.023053752
0.021972653
0.021753257
0.021400187
0.021387126
0.020938592
0.020853592
0.021015828
0.02375021
0.02365995
0.024271926
0.024321659
0.024503026
0.024817513
0.024784401
0.024573717
0.023464754
0.02337387
0.02158229
0.021903552
0.02246184
0.022661878
0.023974642
0.024045546
0.024115682
0.023626894
0.023931058
0.020947833
0.02185172
0.021858752
0.022213917
0.021629257
0.02223024
0.021666998
0.022408383
0.021665242
0.02240497
0.022798521
0.022422593
0.02273009
0.022926653
0.023430169
0.022950321
0.022682765
0.022247478
0.022849109
0.022107188
0.02189041
0.022199092
0.021885442
0.02268884
0.021735424
0.021237422
0.021169463
0.020559708
0.019867469
0.019491846
0.01948092
0.01911509
0.020170003
0.02018559
0.021074653
0.0207956
0.020233093
0.020879248
0.021144474
0.020686176
0.021098496
0.020705381
0.020670107
0.021152535
0.020925596
0.020851875
0.020820687
0.021415904
0.021493942
0.021308577
0.022754923
0.022336377
0.020798942
0.0214586
0.02091681
0.02120396
0.021599947
0.028329253
0.028641015
0.030618252
0.032622997
0.0336333
0.034646884
0.036741324
0.03702988
0.034718875
0.03296615
0.033309497
0.032863345
0.0323464
0.02986845
0.028552247
0.02893915
0.026770625
0.02539491
0.027016126
0.027542062
0.021030772
0.020457968
0.01979578
0.020576391
0.021096133
0.020234892
0.020194236
0.020365892
0.020333888
0.020178178
0.02027853
0.020682774
0.02094031
0.020497363
0.021271586
0.022372775
0.02265308
0.021892147
0.022212708
0.019714102
0.019656712
0.019524844
0.01886134
0.019020699
0.019894946
0.020016978
0.018993469
0.019062296
0.01907129
0.019542668
0.020724567
0.02118967
0.021396505
0.021401294
0.021767419
0.021858573
0.022259537
0.021685997
0.021958742
0.0215341
0.021141231
0.020362008
0.020396722
0.020331174
0.020407574
0.020075236
0.019508071
0.019482212
0.018576624
0.01889234
0.018793967
0.018488863
0.018590659
0.018460196
0.018342635
0.017456688
0.01721618
0.017061535
0.017006978
0.016491212
0.016115274
0.01619559
0.016655881
0.016846066
0.01741778
0.017456058
0.017545743
0.017794866
0.017718991
0.01781251
0.0177667
0.01800993
0.018081473
0.017763829
0.017478228
0.017833183
0.017989203
0.018069025
0.017720055
0.017312735
0.017297836
0.01719636
0.016889606
0.016751511
0.016902918
0.016985161
0.01699832
0.01707598
0.017122535
0.017727302
0.017330555
0.017024582
0.01668853
0.016850654
0.016051816
0.016162366
0.016190697
0.015965713
0.016403012
0.016300691
0.016155858
0.016157893
0.016639233
0.016719379
0.016730452
0.016421214
0.016430067
0.016397677
0.016208237
0.01662886
0.0173703
0.01757203
0.017569143
0.017743066
0.017515922
0.017214958
0.017213022
0.016811464
0.016716966
0.016819663
0.016375817
0.016609551
0.016708186
0.016728843
0.016469711
0.016628295
0.016833274
0.017332582
0.017743303
0.01791789
0.018292489
0.018568125
0.018165434
0.017865634
0.01796356
0.018041885
0.018272407
0.017983036
0.018022815
0.017964816
0.01820574
0.017081993
0.01697929
0.017017849
0.017856723
0.018213958
0.01806172
0.018479954
0.018612133
0.018414669
0.018391306
0.018133748
0.017815389
0.017664868
0.017826796
0.01815104
0.018269025
0.017835703
0.017155716
0.017086513
0.016664373
0.016301034
0.015724517
0.015511338
0.01562594
0.015826976
0.015453579
0.015574248
0.0155861555
0.015371643
0.016437199
0.01628171
0.016205175
0.015838146
0.016421536
0.016015688
0.015709309
0.015412804
0.014818103
0.0150597235
0.0148915425
0.015017074
0.015399982
0.015269674
0.015226448
0.015344276
0.015452794
0.015646078
0.015600714
0.015525681
0.015765095
0.015927548
0.01590016
0.015962709
0.016231172
0.016318161
0.017850472
0.017954798
0.017992638
0.017387103
0.017448707
0.017764129
0.017363945
0.017443173
0.017467838
0.016409013
0.016234145
0.016256532
0.016383696
0.015930505
0.01632609
0.016334962
0.016268028
0.016281774
0.015977511
0.015885774
0.015787212
0.01575463
0.015738476
0.015568059
0.015223627
0.015298045
0.015241432
0.014836377
0.014951306
0.014984104
0.015288898
0.015293826
0.015179747
0.015055414
0.014827085
0.014613211
0.01436571
0.014520294
0.015073383
0.014554567
0.014893655
0.014941272
0.014608321
0.014546962
0.01451134
0.014692895
0.014532681
0.014649214
0.014741648
0.015048038
0.014988674
0.015367401
0.015378858
0.01551115
0.015664963
0.015702104
0.015707565
0.016073542
0.01592009
0.016182588
0.016255852
0.016473657
0.016778832
0.016815558
0.017420948
0.017510545
0.017473055
0.017206559
0.016852688
0.016574943
0.016521316
0.01622308
0.016564948
0.016225567
0.016199384
0.016354932
0.016327476
0.016209502
0.015752856
0.015465116
0.015603104
0.01524844
0.015160272
0.014615079
0.014806383
0.015276722
0.015531331
0.015363841
0.015586647
0.016098356
0.01592023
0.016251124
0.01645572
0.016197056
0.016337266
0.016658917
0.01759824
0.017460072
0.017213412
0.016913421
0.016680421
0.01669428
0.016382635
0.016288448
0.01608433
0.015868045
0.016088404
0.016166767
0.016148271
0.016665766
0.016390845
0.016505828
0.016861811
0.0167117
0.018604254
0.018787257
0.01950405
0.019992
0.0203082
0.020303942
0.020618677
0.02035107
0.020248584
0.019641036
0.019018339
0.018710976
0.018670324
0.018409712
0.018342426
0.018074237
0.018226659
0.018170703
0.017832322
0.017644716
0.017744634
0.018191257
0.017869262
0.016602302
0.01671079
0.01673234
0.016610216
0.016402876
0.016567767
0.017071571
0.016863901
0.017033089
0.017160129
0.017414987
0.01760147
0.017609525
0.017966773
0.018040784
0.018503197
0.018832609
0.018545793
0.016747942
0.016663542
0.016994718
0.016433183
0.01668885
0.016600493
0.016807387
0.017125424
0.017319644
0.017282085
0.016811885
0.016861234
0.016702548
0.016787572
0.016499203
0.016354496
0.016327653
0.015972298
0.015932737
0.016416084
0.016256586
0.016066233
0.015854755
0.015669644
0.015611792
0.015806613
0.01581967
0.015781438
0.01631575
0.016543848
0.016598415
0.016440572
0.01624079
0.016289685
0.016350098
0.016466318
0.016157791
0.016243193
0.016084028
0.015772741
0.015742518
0.0155826295
0.01561711
0.015197342
0.015292279
0.015054668
0.014974184
0.0149316
0.014923604
0.0151085295
0.014996098
0.014266538
0.014610115
0.014560893
0.014429145
0.014583384
0.0146244215
0.014718697
0.014888904
0.016231442
0.016457334
0.016694203
0.016638001
0.016603451
0.016721047
0.016630452
0.016605064
0.01693583
0.017134028
0.017040052
0.016882196
0.016764015
0.016910503
0.017012239
0.016947672
0.01710242
0.01665147
0.016907565
0.01687181
0.016831528
0.01698711
0.01695737
0.017037213
0.017084934
0.017159099
0.01774012
0.017972482
0.01823454
0.01807059
0.018301047
0.0180344
0.018623322
0.01909129
0.019032555
0.019008897
0.019141959
0.019330502
0.019728262
0.020109557
0.020115277
0.01964778
0.019390445
0.018863184
0.019157419
0.0188238
0.018801183
0.021696959
0.020165404
0.020562032
0.019852113
0.01993397
0.019672753
0.019461464
0.019141521
0.018665029
0.018780028
0.019202275
0.01933994
0.019126792
0.01927552
0.019322887
0.019302158
0.018753527
0.018361129
0.018039655
0.018086845
0.018267248
0.017956505
0.017705679
0.017675135
0.017616918
0.017712671
0.017626124
0.01748226
0.017550992
0.01689689
0.016779581
0.016843779
0.01689334
0.016900463
0.016691014
0.016388366
0.016682614
0.016699532
0.016863748
0.016772298
0.016813446
0.017106313
0.017243179
0.017489063
0.01738724
0.017431583
0.017580502
0.01742752
0.017742999
0.017877528
0.017731408
0.017862406
0.017744584
0.015481953
0.015872305
0.016051935
0.016544957
0.016613347
0.016492665
0.016775059
0.016943222
0.01670312
0.016801385
0.016757855
0.016515058
0.016437
0.016524363
0.016849022
0.017012494
0.017011264
0.017323362
0.01752064
0.017595895
0.017775046
0.01794891
0.018102294
0.018210333
0.017868003
0.018397717
0.018625932
0.018621018
0.019088749
0.019368768
0.01951769
0.019236427
0.019470483
0.019615596
0.019712616
0.019845994
0.019471107
0.01957948
0.019538635
0.01942412
0.019315952
0.018950367
0.018917568
0.018966064
0.018766664
0.018881379
0.018542394
0.018877346
0.018912833
0.019036314
0.019098485
0.019329632
0.019398857
0.018952014
0.018650144
0.018477201
0.018240668
0.018196588
0.018388271
0.018788379
0.018748114
0.018449703
0.018281395
0.018473495
0.018248277
0.018308554
0.018051289
0.018134864
0.018084818
0.017891288
0.017995011
0.018169275
0.017884362
0.017677115
0.01758534
0.017661367
0.017821701
0.017648172
0.017787904
0.018014863
0.01805648
0.017889887
0.018128617
0.018361261
0.018874828
0.018177615
0.01993221
0.019517865
0.01950464
0.019597286
0.019627023
0.01965259
0.019574063
0.019252744
0.019065112
0.02005258
0.02025314
0.020694492
0.020542024
0.020411856
0.020481525
0.020848943
0.021286026
0.021105858
0.021687226
0.021070708
0.020692116
0.02061458
0.020151779
0.020032085
0.0196237
0.019473877
0.019610282
0.019815318
0.02016682
0.019693432
0.019833002
0.019859714
0.019821728
0.019635161
0.019528313
0.019069286
0.018687427
0.018424189
0.018146131
0.018303031
0.018511124
0.018510554
0.018588318
0.01849651
0.0183355
0.018506063
0.01867594
0.018781535
0.019145744
0.01909051
0.019127509
0.019041162
0.019198665
0.019216964
0.019209217
0.019172488
0.019051017
0.019311346
0.019302493
0.019208537
0.019271204
0.0191405
0.018890426
0.018567812
0.018378476
0.018239325
0.017947221
0.017922387
0.01783526
0.018009994
0.017924402
0.017816357
0.017180808
0.016924344
0.016652351
0.016690047
0.016586937
0.016742913
0.016893266
0.015387195
0.015487502
0.015535309
0.015392213
0.015588711
0.015754422
0.015655667
0.01567044
0.015648952
0.01568269
0.015035296
0.015014759
0.015236347
0.015156656
0.015205141
0.015183738
0.015318628
0.015238583
0.015143421
0.014977938
0.01506629
0.014755285
0.014908087
0.014836218
0.015110193
0.015182448
0.015140146
0.015113414
0.015324644
0.015382412
0.01554907
0.0154089155
0.015489243
0.01575905
0.015820796
0.01583961
0.015812784
0.015760738
0.01578521
0.016070236
0.016246468
0.016631177
0.016923446
0.016937507
0.017059889
0.016869452
0.016873818
0.016720118
0.01661968
0.01662673
0.016698858
0.016799457
0.016949007
0.016967846
0.016915556
0.01674899
0.016720539
0.016933044
0.017066048
0.017263258
0.017350737
0.017432006
0.017652757
0.0175436
0.0172798
0.017103385
0.01716949
0.017088985
0.017007397
0.01694536
0.016860599
0.0167468
0.016526481
0.016393185
0.016503813
0.016593639
0.016580619
0.016760962
0.016786307
0.016690973
0.016531086
0.016444169
0.01659502
0.016684901
0.016811367
0.016823629
0.017078595
0.01711923
0.01731768
0.017413625
0.017487265
0.017940314
0.017971726
0.01827297
0.018398559
0.018701645
0.01853409
0.018798035
0.019101497
0.019199314
0.019346178
0.019078702
0.0190782
0.019548655
0.019430904
0.019719746
0.019865802
0.019684883
0.019698037
0.019833926
0.019863382
0.019923855
0.020090237
0.020075133
0.020129941
0.020159926
0.020463692
0.020673253
0.020746177
0.020923458
0.020643577
0.020696638
0.020928804
0.020817006
0.020580847
0.0206018
0.020754697
0.020660141
0.020547358
0.020509461
0.020169789
0.020229816
0.020410541
0.020722866
0.020906912
0.020910112
0.020957384
0.021164834
0.021366643
0.021518948
0.021406671
0.02143921
0.021231841
0.021293873
0.021517426
0.021464098
0.021270176
0.021129398
0.021216478
0.021537986
0.02147949
0.021299584
0.021305405
0.021450633
0.02137517
0.021297764
0.021339232
0.021145763
0.020992827
0.020846052
0.021157827
0.021425411
0.021515995
0.021795271
0.0216523
0.021735795
0.02158564
0.021554502
0.0214848
0.021546476
0.022297358
0.022604572
0.022595786
0.023437845
0.023597859
0.023502199
0.02355888
0.023792543
0.023731468
0.024046222
0.024319978
0.024387628
0.02473064
0.024598658
0.024593418
0.024872433
0.024591047
0.024583725
0.024733296
0.024829468
0.024825446
0.025165906
0.025493268
0.026046002
0.026514472
0.026788678
0.026842277
0.027360575
0.027494762
0.027500164
0.027498135
0.027517358
0.027554534
0.0278829
0.028161729
0.02889927
0.029575784
0.029810563
0.030390615
0.030567348
0.030764665
0.030688992
0.0310139
0.031458464
0.032118745
0.03205506
0.032001007
0.031956494
0.03192144
0.032067146
0.03265931
0.0326422
0.032634873
0.032634873
0.032634873
0.032634873
0.032634873
0.032634873
0.032634873
0.032634873
0.032634873
0.032634873
0.032634873
0.032634873
0.032634873
0.032634873
0.032634873
0.032634873
0.032634873
0.032634873
0.032634873
0.032634873
0.032634873
0.032634873
0.032634873
0.032634873
0.032634873
0.032634873
0.032634873
0.032634873
0.032634873
0.032634873
0.032634873
0.032634873
0.032634873
0.032634873
0.032634873
0.032634873
0.032634873
0.032634873
0.032634873
0.032634873
0.032634873
0.032634873
0.032634873
0.032634873
0.032634873
0.032634873
0.032634873
0.032634873
0.032634873
0.032634873
0.032634873
0.032634873
0.032634873
0.032634873
0.032634873
0.032634873
0.032634873
0.032634873
0.032634873
0.032634873
0.032634873
0.032634873
0.032634873
0.032634873
0.032634873
0.032634873
0.032634873
0.032634873
0.032634873
0.032634873
0.032634873
0.032634873
0.032634873
0.032634873
0.032634873
0.032634873
0.032634873
0.032634873
0.032634873
0.032634873
0.032634873
0.032634873
