238.48434
300.3282
140.8799
92.82782
68.80916
54.61222
45.053165
38.201008
33.31186
29.271782
26.251066
23.651411
21.704472
20.105299
18.578556
17.433228
16.305717
15.449153
14.522901
13.741969
13.14912
12.6122675
12.088067
11.636376
11.160063
10.673319
10.367914
10.003829
9.740287
9.384965
9.109696
8.893827
8.634678
8.412396
8.2729225
8.084786
7.9661026
7.7781925
7.569115
7.4245563
7.302956
7.1547985
7.1278105
6.912802
6.7981987
6.6968
6.576997
6.5353427
6.415933
6.2589045
6.1598554
6.0577345
5.9752674
5.9249005
5.8105145
5.711009
5.6751456
5.6411858
5.5323052
5.4949403
5.438019
5.382931
5.29557
5.2849355
5.2415266
5.1925306
5.1214967
5.149927
4.999133
4.9736853
4.9414926
4.9184546
4.873454
4.8416176
4.8166313
4.7875547
4.73328
4.7042513
4.674489
4.6617913
4.571434
4.6280694
4.5482388
4.497728
4.4148464
4.406401
4.394323
4.3421082
4.314541
4.280488
4.265411
4.2692814
4.2328315
4.204414
4.16717
4.144531
4.1445713
4.1155863
4.1423445
4.0822916
4.039419
4.034567
3.9980845
4.0110106
3.963331
3.9695415
3.9452984
3.961548
3.914485
3.8945463
3.8976054
3.8763568
3.8384612
3.8708107
3.8188195
3.8282535
3.8140283
3.8074505
3.7665238
3.7527974
3.8034956
3.7229366
3.7083263
3.72637
3.6860824
3.6673715
3.6359365
3.6872213
3.6674244
3.6536806
3.6133077
3.5535424
3.5664728
3.595932
3.5453103
3.5213
3.5281825
3.548231
3.4788675
3.461018
3.474678
3.4545648
3.5336244
3.445148
3.4240208
3.420275
3.4121146
3.38443
3.3633542
3.3579032
3.3678417
3.3464422
3.293591
3.3070385
3.3053386
3.293369
3.266861
3.225099
3.2485244
3.250479
3.2260811
3.1879704
3.2111974
3.1940455
3.165548
3.160292
3.1719024
3.1395059
3.1448796
3.1473193
3.1411283
3.120714
3.2081826
3.1075938
3.0987756
3.1282415
3.143297
3.1047328
3.0641537
3.0763671
3.0380368
3.0257838
3.0281808
3.062179
3.0236049
3.0253336
3.0137637
3.0072403
2.9949214
3.0201526
2.9799392
2.9966638
3.0086262
2.982641
3.0067015
2.9794638
2.9831648
2.963152
2.9658194
3.0204895
2.9663265
2.9382424
2.9541543
2.9542034
2.9433563
2.9280193
2.9222233
2.9191124
2.9188025
2.888671
2.8881147
2.863868
2.872606
2.8766484
2.819154
2.8180442
2.828764
2.87279
2.8296678
2.7827237
2.8096802
2.806981
2.8153899
2.7895846
2.7845476
2.7800543
2.8182867
2.7674026
2.7507315
2.7594442
2.7236266
2.7612557
2.7398963
2.739259
2.732453
2.712656
2.7277591
2.7160442
2.6961625
2.707156
2.7112672
2.672957
2.6837225
2.6866443
2.6903734
2.6943126
2.6812947
2.661337
2.7028804
2.6456587
2.659428
2.666642
2.6601877
2.636704
2.623589
2.6459076
2.606996
2.6129727
2.6199286
2.6178381
2.5982096
2.6137214
2.58704
2.5894537
2.6009846
2.6238995
2.622626
2.5964417
2.5904427
2.5990226
2.5955937
2.592676
2.584865
2.5961463
2.563455
2.6220794
2.5655386
2.5615048
2.5564027
2.5565028
2.5400784
2.5972972
2.5514116
2.5444462
2.568678
2.5246696
2.5188742
2.5169094
2.5523224
2.5176039
2.5239289
2.517996
2.5356357
2.538856
2.5367146
2.521526
2.5158038
2.510952
2.528085
2.5112498
2.5196059
2.5207534
2.5410175
2.5203528
2.5147722
2.5255184
2.530821
2.5455906
2.498332
2.5366287
2.532905
2.5252616
2.533623
2.5113554
2.5343719
2.5599093
2.5338671
2.5801096
2.5397441
2.532495
2.5167854
2.5521412
2.5363965
2.5315678
2.5105898
2.5307221
2.5021937
2.5050602
2.5251985
2.5016358
2.487256
2.506879
2.4945319
2.4868274
2.4660408
2.4585323
2.4879444
2.4563103
2.5060616
2.4710772
2.486437
2.47616
2.4713311
2.5047822
2.4820955
2.466821
2.486383
2.480821
2.4755957
2.4679124
2.4810016
2.4978728
2.4808054
2.4503467
2.4884121
2.5133529
2.469976
2.4592307
2.473406
2.4798777
2.4714963
2.4843636
2.47664
2.5007637
2.47721
2.466834
2.4922855
2.4722877
2.5035238
2.4763632
2.4629629
2.4656408
2.4785376
2.4503105
2.4446197
2.447865
2.4263294
2.4476779
2.4540894
2.4524746
2.4562085
2.4435997
2.4309638
2.448545
2.4283926
2.407881
2.4292889
2.441471
2.4216347
2.444357
2.4424205
2.433229
2.4550526
2.456101
2.4654343
2.4438713
2.441968
2.4588518
2.4440627
2.437824
2.446524
2.4599943
2.4301143
2.4424717
2.4461658
2.4683719
2.4591763
2.4662013
2.443641
2.4586592
2.4687843
2.4398365
2.4643195
2.4057763
2.4455833
2.4465072
2.4386482
2.4631302
2.445388
2.436487
2.460764
2.427046
2.4293625
2.4343746
2.4170563
2.4349704
2.434689
2.4223166
2.4399948
2.4170506
2.404143
2.420261
2.4420352
2.4538946
2.4505324
2.440068
2.4458349
2.4354386
2.4479213
2.4551578
2.4301124
2.4312847
2.4432762
2.4603212
2.45718
2.4637136
2.478183
2.4539425
2.4320302
2.4857886
2.4575684
2.472323
2.467805
2.4672894
2.4656234
2.4685214
2.4281802
2.4620554
2.444709
2.4355724
2.4426892
2.4303274
2.4728758
2.421061
2.4339962
2.4370353
2.4263296
2.4327767
2.4544766
2.4275093
2.4666805
2.445221
2.455166
2.43755
2.4392014
2.4361677
2.4483917
2.4540548
2.4745376
2.447712
2.4596634
2.4828832
2.4750214
2.4818203
2.4662912
2.4715266
2.4568908
2.4694233
2.4909868
2.4754505
2.4470391
2.5066545
2.47632
2.4928613
2.4527214
2.4772203
2.4761894
2.4704885
2.4925375
2.468199
2.4643815
2.465056
2.4718862
2.4581783
2.4889896
2.4625783
2.4795337
2.4526381
2.469443
2.4935005
2.4811084
2.5004082
2.4909425
2.4786346
2.4672325
2.4674802
2.457661
2.4976354
2.5098712
2.5061874
2.4730258
2.4868987
2.502967
2.4769375
2.5234306
2.4882855
2.4903762
2.488157
2.511031
2.524606
2.5398715
2.5298176
2.5711317
2.5570703
2.5407414
2.5599113
2.5510979
2.5397441
2.542589
2.5672355
2.5526862
2.5708766
2.549141
2.534081
2.5557914
2.548647
2.5557668
2.558388
2.5609381
2.5572345
2.5581095
2.5448046
2.5323164
2.516424
2.529422
2.546568
2.5456314
2.5109274
2.5039947
2.513534
2.541794
2.5424147
2.5453763
2.5138087
2.537079
2.5383863
2.5065536
2.5225728
2.5405707
2.5259418
2.5349166
2.522891
2.5077903
2.5375025
2.5213602
2.5337856
2.522274
2.5123694
2.4886866
2.5258956
2.5163465
2.5522194
2.4993737
2.514138
2.4789782
2.4909372
2.5008109
2.5209112
2.4870696
2.4812672
2.4876688
2.4912865
2.521547
2.5036376
2.4616294
2.5283353
2.494309
2.4877074
2.4990542
2.5002072
2.5117888
2.4892368
2.5334826
2.517925
2.5181863
2.5085342
2.5160787
2.5069828
2.4808831
2.538994
2.4758844
2.4939463
2.480034
2.4864912
2.4851172
2.4807699
2.4826996
2.4751272
2.4411
2.466148
2.4450238
2.4423487
2.4532175
2.4544222
2.4438047
2.4620793
2.446341
2.4305525
2.4458685
2.447769
2.42289
2.4390044
2.4233057
2.4400716
2.430981
2.4124768
2.431156
2.403514
2.4488974
2.3961222
2.4152198
2.4130864
2.3922665
2.3983984
2.40053
2.3946435
2.3692315
2.3645175
2.3841047
2.3918319
2.3721585
2.352667
2.3500926
2.3685284
2.371584
2.3485003
2.3562517
2.3756437
2.3941233
2.3630726
2.3577754
2.3387582
2.3566983
2.3671055
2.3436244
2.3516726
2.3456364
2.3310206
2.340049
2.3024654
2.3526483
2.3331614
2.3317673
2.3213308
2.300669
2.3174202
2.3047972
2.280824
2.289059
2.304585
2.2603714
2.2709734
2.2843494
2.2637873
2.2536747
2.2524931
2.2652054
2.243693
2.2563078
2.251187
2.2475712
2.224489
2.2388444
2.2463806
2.2236094
2.234109
2.2226388
2.2516692
2.202482
2.1986444
2.2173421
2.2131784
2.2261796
2.2254212
2.195518
2.202072
2.1738102
2.172593
2.1816962
2.1572397
2.1811368
2.1810496
2.1782324
2.1590807
2.1605744
2.160008
2.131442
2.146484
2.1337256
2.1323159
2.1167905
2.138298
2.136052
2.1165657
2.0874698
2.0946534
2.096104
2.0891852
2.1107213
2.0924482
2.0880582
2.1018803
2.0741813
2.1152546
2.103678
2.0994873
2.1166012
2.099158
2.0707598
2.0826201
2.052973
2.0937328
2.0804958
2.0431116
2.0291967
2.0319226
2.033668
2.0210092
2.0073793
2.015658
2.0102582
1.988817
2.0079699
2.0075438
2.005792
1.9812984
1.9841683
1.9991288
1.9814255
1.9731184
1.983065
1.9713471
1.9583828
1.9655321
1.9522808
1.9784566
1.980393
1.9216127
1.9593161
1.9485354
1.9674872
1.9535054
1.9665284
1.928857
1.9511209
1.9268974
1.9085288
1.9371557
1.9084399
1.9252385
1.8936367
1.9093441
1.9408201
1.8923097
1.896674
1.892244
1.9084803
1.8961111
1.9045856
1.8745129
1.894147
1.8739815
1.8596163
1.8655851
1.8506137
1.8708099
1.8663158
1.8570994
1.8441981
1.8523524
1.851168
1.8458723
1.8702034
1.8666329
1.8421204
1.8378367
1.826469
1.8314005
1.8503069
1.8499012
1.8252591
1.8183141
1.8140515
1.7970892
1.8023403
1.8140526
1.8081124
1.7940797
1.797379
1.7662654
1.7902099
1.7570173
1.7640297
1.7497516
1.7535756
1.7286118
1.7377555
1.7562685
1.7657512
1.7261579
1.7576338
1.7168874
1.7270737
1.708357
1.7115866
1.7425797
1.7127621
1.6988095
1.710791
1.6970125
1.7142425
1.6949453
1.6873623
1.702646
1.6808386
1.6973231
1.6690524
1.6542925
1.6785544
1.6447966
1.6515758
1.653066
1.6724225
1.62985
1.6126249
1.6193556
1.6276379
1.6367389
1.6363329
1.6045101
1.6164048
1.614625
1.5917228
1.603216
1.5987318
1.5827425
1.5883473
1.579396
1.5601076
1.5669364
1.5737461
1.5526484
1.5613192
1.5686756
1.5594411
1.5320089
1.5420715
1.5380653
1.5622872
1.5663643
1.5362366
1.5526435
1.5235866
1.5559299
1.5402586
1.5377386
1.5427042
1.5262442
1.5127506
1.5306094
1.5316648
1.5106206
1.541551
1.5281398
1.5346036
1.516557
1.5349076
1.5347862
1.5137362
1.5205253
1.5448711
1.5469483
1.5427953
1.5219991
1.5239698
1.5438354
1.5189409
1.5204142
1.4973654
1.5003594
1.4804848
1.490714
1.5084296
1.4866922
1.4852242
1.4600008
1.4868103
1.4644411
1.4801047
1.4716853
1.4971235
1.4558754
1.4753894
1.4595704
1.4707732
1.4754027
1.4712245
1.4823726
1.4685968
1.4642948
1.4421484
1.4504923
1.4586359
1.4344271
1.4284384
1.4357231
1.414058
1.4207443
1.4156612
1.4040756
1.4351084
1.4150265
1.4077349
1.4106251
1.4260063
1.3989406
1.3912941
1.3977044
1.3835456
1.3982143
1.385671
1.3744887
1.376618
1.3788899
1.388744
1.3953397
1.3849124
1.3678411
1.3757616
1.3722129
1.3740044
1.3694472
1.346836
1.3576113
1.3602511
1.3337115
1.3596817
1.3547573
1.359133
1.3384748
1.3157164
1.3348216
1.346179
1.3323162
1.3353605
1.3170896
1.3275007
1.3300215
1.3240696
1.3276733
1.3370469
1.330633
1.3328964
1.329667
1.3076994
1.328333
1.316451
1.3294754
1.306521
1.3200437
1.2949792
1.2948672
1.2921786
1.2838402
1.2733625
1.2900413
1.2930121
1.2866563
1.28864
1.2835225
1.2868406
1.2794647
1.2749313
1.2328218
1.2785685
1.2833575
1.2829465
1.2694011
1.2967877
1.2677824
1.2613766
1.2721912
1.2475734
1.2432307
1.2609736
1.2548434
1.2615848
1.2543226
1.2493727
1.2511374
1.2495611
1.251321
1.2643762
1.246634
1.226846
1.2273978
1.2325939
1.2306653
1.238594
1.2091827
1.2153544
1.2171799
1.1956657
1.2143914
1.1928726
1.2319865
1.2365309
1.2215959
1.2198554
1.2341626
1.2168657
1.2344232
1.2045084
1.2128769
1.1939756
1.212428
1.1855016
1.2177029
1.1891396
1.1726108
1.1891338
1.2035575
1.1874386
1.207955
1.1984926
1.1858413
1.1894634
1.195634
1.2109836
1.2135161
1.184086
1.19274
1.2022264
1.1752406
1.1716986
1.178083
1.1753238
1.1803447
1.180853
1.1870875
1.1711446
1.1590041
1.1847634
1.1733738
1.1802012
1.1468984
1.1609328
1.1516732
1.1516749
1.1542932
1.1411715
1.142535
1.1627455
1.1436608
1.1537017
1.1482091
1.1328489
1.1400516
1.1379662
1.1350957
1.1350181
1.1503183
1.1283995
1.1166451
1.1257226
1.1360172
1.1258218
1.1345733
1.1169487
1.1201309
1.1013741
1.0913727
1.1209472
1.1113733
1.1104428
1.1201857
1.0877411
1.0997909
1.1215686
1.0791134
1.0855384
1.1054808
1.082597
1.1065024
1.0901325
1.1180803
1.0829973
1.1025709
1.1020048
1.0732127
1.104043
1.1003959
1.0597767
1.0868355
1.0817444
1.1058629
1.0836993
1.07729
1.0958986
1.0920527
1.0860231
1.0897441
1.0768502
1.0687447
1.0845962
1.0662005
1.054841
1.0646101
1.0904092
1.073007
1.065852
1.0539736
1.0708619
1.0544357
1.0449896
1.0400072
1.0518967
1.0416169
1.0632633
1.0364611
1.049635
1.0293275
1.0465173
1.0437819
1.0279502
1.0408217
1.0436785
1.0235401
1.0483317
1.0345174
1.037797
1.0500658
1.0455258
1.0312563
1.0254077
1.0339345
1.0302557
1.0262569
1.0061848
1.0030967
1.0231872
1.0147101
1.0250887
1.0161653
1.0275221
0.9987052
1.0064548
0.9976978
1.0068423
1.0041294
1.0314623
1.0054044
1.0097357
0.99401426
1.0113155
1.0071982
1.0129006
0.98751134
0.9974662
0.99685395
0.99826664
0.99503624
0.9927276
1.0023066
1.0127342
1.001753
0.9861198
1.0084534
0.99185133
0.9774937
1.0069808
0.9968262
0.9805478
1.0065334
0.9955008
0.9911969
1.0005797
1.0045164
0.9985651
0.9956201
0.9878593
0.97362435
0.9862687
0.99375993
0.98737776
0.9852626
0.98586196
0.97073746
0.9978771
0.97929406
0.97191375
0.9793405
0.9690193
0.9656967
0.9453568
0.95494163
0.95507294
0.9564443
0.9375588
0.9524213
0.93918437
0.94967985
0.9245629
0.9339961
0.93181556
0.9315913
0.92538285
0.94045883
0.9322414
0.93364936
0.93420786
0.91334456
0.9009469
0.9199748
0.91004103
0.9189953
0.9095278
0.9070632
0.91921115
0.9055584
0.91921085
0.9078486
0.8874764
0.9048536
0.8931037
0.9255237
0.90781116
0.9014727
0.90383166
0.90042603
0.9049334
0.8981323
0.8969461
0.8780391
0.87438124
0.88901514
0.88655776
0.8834525
0.8905349
0.8763719
0.88100606
0.88228685
0.8905139
0.86858773
0.8789812
0.87956697
0.87237805
0.89021766
0.88188654
0.8687167
0.8771388
0.87391394
0.86736906
0.8897032
0.8686496
0.85392934
0.86778444
0.869204
0.84286404
0.8522208
0.864021
0.8367006
0.86214566
0.8556435
0.86159784
0.8615215
0.85160184
0.8448901
0.84943163
0.8749131
0.8544289
0.8495374
0.84812444
0.8344504
0.83541703
0.84128827
0.8236783
0.8385612
0.8189909
0.8378407
0.8569192
0.81973374
0.8435561
0.81976825
0.83067226
0.8294115
0.8276147
0.82924473
0.8359717
0.8278363
0.847004
0.82493937
0.82417786
0.8287072
0.8382849
0.82389206
0.81645817
0.82085973
0.8142689
0.8281911
0.8099897
0.80840796
0.8074053
0.8007524
0.81995606
0.79144514
0.81319016
0.8006417
0.7786928
0.79122907
0.80341905
0.8091727
0.7833773
0.7827513
0.7880904
0.78013843
0.7740024
0.7907411
0.7756698
0.77895534
0.7740645
0.78105724
0.76770097
0.7916471
0.7930731
0.78146833
0.7906736
0.77549046
0.7932422
0.75892824
0.7734821
0.76758754
0.7822919
0.7859242
0.78303766
0.7702202
0.7776779
0.77216655
0.7757943
0.77153736
0.76181495
0.7695822
0.75716746
0.7541609
0.75313544
0.76102203
0.7563028
0.7454059
0.74172795
0.74284315
0.7428461
0.73551184
0.73775667
0.741679
0.73021543
0.7363943
0.7398504
0.7269711
0.7487583
0.7484921
0.7284395
0.72486717
0.7465083
0.7373326
0.7057059
0.7262778
0.71776086
0.71199846
0.72899765
0.7190731
0.71293694
0.7022784
0.7197774
0.7173858
0.7137951
0.7249034
0.7127721
0.70378745
0.6956241
0.70471644
0.7079415
0.6893015
0.73152566
0.71451074
0.71100867
0.67973393
0.7048146
0.7030462
0.71569157
0.6983278
0.686716
0.6870018
0.6770791
0.6947443
0.67172545
0.69159067
0.68276227
0.6760158
0.6908271
0.6660711
0.66038764
0.66927075
0.6595935
0.6743049
0.6748086
0.6678419
0.6665746
0.67797965
0.6665757
0.6739377
0.67138076
0.6468225
0.66381276
0.66278136
0.68032825
0.6761117
0.6817947
0.66081876
0.64804417
0.6612854
0.6538914
0.66446763
0.6651429
0.664663
0.6530168
0.6521513
0.651831
0.6613427
0.65425706
0.6574234
0.65225655
0.6527365
0.6551336
0.63836056
0.6537671
0.65007454
0.6424786
0.63349587
0.62371516
0.61613053
0.6416455
0.6409672
0.6306791
0.6428068
0.61683273
0.63429224
0.63560504
0.62550426
0.64517164
0.6509112
0.6277488
0.63895375
0.61532396
0.6355828
0.6399495
0.6213121
0.62826455
0.6215194
0.6178955
0.6275658
0.64304256
0.6219291
0.60015804
0.62171656
0.6250469
0.62894666
0.6011313
0.6174351
0.60891443
0.61549
0.6227156
0.6105385
0.62005305
0.620237
0.61947435
0.62214816
0.6033055
0.6008756
0.5963728
0.60157865
0.61857635
0.6093699
0.6281905
0.6156711
0.61625135
0.59385234
0.5878016
0.5951809
0.57899797
0.60486066
0.59001404
0.59222156
0.61132073
0.58294725
0.58711034
0.5848609
0.58300793
0.5736126
0.59610546
0.5880279
0.57340044
0.57758343
0.563291
0.57582957
0.5790705
0.5733718
0.5743969
0.57873154
0.57643557
0.5861831
0.57355326
0.5597658
0.5614483
0.56869537
0.5692336
0.5709406
0.56371045
0.5609569
0.54967344
0.5515965
0.5471703
0.54688454
0.55562025
0.5423211
0.5460847
0.54729694
0.54288745
0.5495012
0.54296035
0.533693
0.53291655
0.5496554
0.54174757
0.5510025
0.53888583
0.53981274
0.5344104
0.5398977
0.53161603
0.54301894
0.5463288
0.5672375
0.533661
0.5240912
0.5400294
0.540388
0.546134
0.542501
0.5211467
0.5346455
0.540318
0.5331144
0.5259752
0.53748935
0.538784
0.51398754
0.5323388
0.5050077
0.5129896
0.5113813
0.51422775
0.5090034
0.5034285
0.5148075
0.51928717
0.5179645
0.5017594
0.51253885
0.5171596
0.50473
0.5119323
0.48666328
0.49321404
0.5012995
0.492788
0.50647116
0.49500033
0.5046566
0.49152046
0.49133268
0.49692404
0.47510326
0.49296206
0.4940314
0.50056106
0.4819551
0.49969706
0.49878868
0.506843
0.49991113
0.4837937
0.49383676
0.47234163
0.49787688
0.49795118
0.47825038
0.487546
0.51531166
0.48807243
0.48662683
0.47804517
0.48167917
0.4716215
0.4760797
0.48582762
0.4874681
0.46404323
0.47365132
0.47196344
0.48325527
0.48688757
0.4771418
0.47043195
0.47027898
0.47954953
0.4606674
0.46540335
0.4611389
0.47325423
0.4870227
0.4749664
0.47724465
0.47111484
0.46869585
0.47744286
0.47075993
0.46778408
0.45668954
0.4850495
0.47459823
0.45640805
0.4708772
0.47158518
0.45874757
0.464211
0.46580592
0.45598748
0.4566653
0.45289564
0.44687468
0.45393243
0.4583822
0.44510865
0.46334094
0.45024192
0.45629376
0.44882932
0.45103985
0.463916
0.44036263
0.4381868
0.444837
0.4384254
0.4601425
0.43836886
0.45159093
0.4404113
0.43716344
0.44597813
0.4481811
0.45240146
0.4413833
0.4500571
0.4479719
0.44190398
0.4477493
0.44562778
0.44628257
0.44946408
0.4464758
0.44604522
0.44091612
0.4336807
0.43048444
0.43493795
0.4423513
0.44425467
0.43459877
0.43819705
0.4281996
0.43353507
0.42674837
0.42065373
0.43314102
0.44269434
0.43722492
0.43627524
0.43107888
0.43803596
0.44358444
0.41333625
0.41445076
0.42658496
0.42943037
0.43344027
0.41747847
0.4212264
0.4218389
0.40998757
0.41846302
0.41746625
0.42102262
0.42048323
0.41661048
0.41661623
0.40641072
0.4206922
0.41811416
0.41786635
0.4147233
0.41160336
0.4118237
0.41957495
0.4208548
0.40844733
0.4023736
0.41166818
0.40116516
0.40682316
0.4024766
0.39962167
0.4123226
0.39982763
0.40589762
0.40447846
0.42216033
0.40465283
0.40799716
0.40344894
0.42309904
0.3974469
0.40210298
0.40031043
0.3916477
0.3897772
0.38628024
0.3883603
0.3935195
0.4007626
0.39593145
0.41696417
0.39744064
0.3954094
0.40645608
0.3894529
0.39623588
0.4026481
0.39508092
0.39781252
0.39818108
0.3927709
0.39492658
0.40420055
0.40302822
0.41340238
0.39932963
0.38812515
0.41537786
0.3960664
0.39996833
0.39241353
0.38420746
0.39189136
0.3926614
0.40049717
0.39189985
0.39750755
0.391737
0.41287032
0.3923123
0.38571548
0.3994462
0.4041698
0.3806328
0.4125119
0.4037972
0.39657688
0.37943336
0.39175603
0.39507392
0.39082524
0.38752335
0.385666
0.37718683
0.3841219
0.37088847
0.37433204
0.3685675
0.36812085
0.35306263
0.37686846
0.37950328
0.36193985
0.3705225
0.3811947
0.373179
0.3903578
0.36171985
0.36413038
0.3778921
0.3664734
0.37241387
0.3999511
0.3663233
0.3758627
0.3699005
0.37957212
0.3753128
0.35744518
0.36828315
0.37891912
0.3655957
0.38002366
0.3750444
0.38523766
0.36899647
0.35617268
0.3557901
0.37573758
0.36587414
0.3801658
0.3599052
0.36816397
0.35527158
0.37030977
0.36209884
0.34906393
0.3572532
0.3678785
0.36486828
0.3556419
0.36650312
0.36403814
0.36755386
0.37056196
0.36454496
0.35749885
0.36398372
0.35941002
0.35359576
0.3545184
0.34224287
0.3599429
0.35419855
0.35586423
0.3457787
0.34462726
0.3589216
0.34303987
0.34716702
0.35066617
0.34512725
0.34037772
0.35667783
0.34613445
0.33965793
0.33396608
0.34417897
0.34896606
0.34216112
0.34104687
0.34908533
0.334491
0.32855123
0.33952916
0.33527654
0.35065055
0.33815295
0.3411933
0.33730984
0.3376555
0.3407235
0.33593163
0.34794796
0.33365712
0.3381677
0.34291065
0.34597895
0.3287389
0.33053115
0.33375448
0.34363955
0.33622742
0.33326507
0.33431336
0.34659147
0.34122494
0.33792096
0.34231374
0.33976936
0.34487596
0.3379588
0.34968093
0.34582582
0.3420687
0.32993433
0.33485883
0.32841343
0.33034673
0.32928866
0.32828945
0.33299026
0.34122565
0.34514534
0.34483865
0.33693638
0.33659968
0.331157
0.34306943
0.33469555
0.33743685
0.3314701
0.33718854
0.3426427
0.33924776
0.34558257
0.34909204
0.33812279
0.33634642
0.33770284
0.33704886
0.34004363
0.3266603
0.33552423
0.34594387
0.3459527
0.34909
0.3415537
0.3341339
0.3231735
0.33253554
0.31174794
0.33185703
0.32271615
0.3217467
0.32174253
0.32332456
0.32971644
0.3329979
0.32075223
0.3332379
0.33317283
0.31726137
0.3115394
0.3157634
0.33387154
0.31633878
0.3136184
0.32470337
0.31890318
0.31602964
0.3085067
0.32184163
0.32315153
0.31563774
0.32034156
0.31468266
0.32031518
0.3140923
0.31340125
0.3150335
0.32847685
0.32224873
0.32518825
0.32258773
0.30743897
0.31102306
0.32676905
0.31840006
0.31563658
0.32245812
0.31635445
0.32015643
0.3198279
0.31475595
0.29866615
0.3123962
0.31529284
0.3125747
0.31614423
0.3072588
0.30659822
0.30620617
0.3072224
0.3095278
0.30648795
0.3203932
0.3150885
0.3073432
0.29951236
0.29862455
0.29770458
0.29976398
0.30369133
0.29720256
0.31424555
0.28584656
0.29631042
0.2971922
0.2951552
0.28741282
0.2819744
0.29034156
0.27683413
0.28253233
0.28360716
0.28078175
0.27032197
0.2881001
0.28223744
0.28390017
0.28823918
0.2749562
0.29009312
0.28522006
0.2839216
0.2816535
0.28349495
0.28152174
0.30078065
0.2724139
0.27452675
0.27921057
0.26714632
0.2656389
0.2776274
0.26736426
0.25671622
0.26684532
0.27351812
0.28256434
0.26292983
0.2663757
0.26720652
0.2692333
0.26987034
0.26303476
0.2646775
0.28202733
0.28071845
0.27188534
0.26956367
0.2654937
0.2674654
0.2578724
0.2674923
0.26149032
0.25911218
0.2638033
0.26023495
0.2620001
0.2690287
0.25297326
0.27100974
0.2632848
0.2603006
0.25893682
0.25947592
0.27264082
0.25907362
0.2625947
0.26114434
0.2547006
0.25347754
0.26057264
0.25512317
0.25493553
0.26392058
0.24049507
0.2501054
0.26077506
0.25602695
0.27701214
0.25754085
0.26267847
0.25306845
0.2741623
0.26846963
0.2593217
0.25531146
0.2544895
0.2608936
0.25756982
0.25827333
0.25556257
0.25807548
0.25488234
0.24633744
0.25105962
0.24750495
0.24707912
0.25101998
0.2518202
0.25593057
0.25313216
0.25959346
0.25207016
0.2545816
0.24929792
0.26354545
0.26087105
0.25880426
0.24737841
0.25809512
0.3944447
0.24365035
0.24751084
0.24556671
0.25134483
0.25245896
0.25038835
0.26166764
0.27038836
0.25156543
0.25094435
0.25073287
0.2436092
0.25577173
0.24907158
0.2561624
0.2566084
0.2506735
0.24753076
0.25591233
0.2495321
0.25887728
0.2627643
0.25687173
0.24217974
0.24485052
0.24230605
0.24133733
0.24601597
0.24220344
0.24312665
0.2438266
0.23475322
0.2345325
0.24135734
0.23763438
0.23877603
0.23525003
0.23622529
0.23809348
0.23853664
0.23783731
0.23657103
0.23568806
0.24963339
0.23472336
0.23093586
0.24455427
0.22555634
0.2453683
0.24281593
0.23850192
0.23157883
0.23325846
0.23994967
0.23805168
0.24009754
0.24050304
0.22854987
0.24258308
0.23953442
0.23661008
0.22853377
0.23230267
0.24419013
0.24515468
0.245254
0.24198042
0.25343475
0.23675382
0.23425034
0.24900141
0.24360134
0.23325719
0.22931597
0.23702416
0.23437892
0.2358242
0.22867392
0.22990248
0.22978862
0.23403007
0.22898722
0.23558764
0.2361646
0.24156003
0.23083353
0.2388413
0.23217703
0.24150784
0.2333118
0.23566361
0.23853302
0.23912913
0.23762594
0.22761388
0.23058297
0.2332196
0.23499618
0.22431688
0.22728159
0.23182869
0.23743486
0.23261052
0.23277271
0.23180602
0.21514927
0.22864859
0.22433719
0.23487006
0.23317312
0.23472048
0.23729727
0.23155005
0.23782468
0.24010317
0.23202556
0.23043156
0.23604207
0.2447792
0.22693259
0.23390315
0.22340475
0.22604875
0.23712933
0.22863485
0.23930255
0.22141103
0.22668844
0.22625376
0.22286093
0.23776005
0.22725902
0.22579049
0.22643727
0.2330365
0.22858703
0.23178953
0.2236502
0.23353109
0.2293744
0.22965594
0.23451371
0.2332155
0.22635753
0.22574376
0.2183478
0.22435972
0.22327669
0.2309736
0.23047464
0.24666208
0.22192352
0.24083443
0.22916792
0.22540312
0.22181325
0.22182943
0.22270036
0.23011287
0.21672586
0.21933042
0.21118926
0.21817753
0.22344564
0.20374826
0.21683775
0.20737633
0.21443097
0.22000188
0.21176615
0.20966206
0.20912735
0.21130206
0.21492189
0.21073942
0.21082294
0.20652209
0.20904836
0.21522819
0.20411287
0.2206879
0.20901617
0.21819936
0.21840888
0.20780373
0.20594154
0.21881825
0.20587116
0.21595833
0.21115717
0.21773644
0.21160285
0.20923784
0.2119223
0.20692052
0.21050203
0.21434098
0.20393164
0.20968635
0.21655205
0.21698298
0.21246374
0.20455962
0.2020478
0.21445219
0.20489341
0.20826574
0.21038045
0.22141346
0.20767099
0.20510714
0.2038352
0.21314035
0.20712373
0.21280079
0.21550794
0.20520756
0.21396503
0.21206594
0.20835465
0.20642719
0.2032721
0.2007066
0.20094019
0.2002659
0.19789517
0.20402235
0.19937946
0.21230134
0.19882898
0.20329246
0.20624763
0.20527743
0.19664015
0.18912706
0.20101522
0.20127593
0.1939562
0.19666809
0.20397048
0.19773716
0.2020906
0.19556579
0.19561268
0.19672075
0.20204386
0.19748078
0.20010789
0.20351274
0.20155732
0.19463333
0.20110554
0.19457172
0.2046629
0.195548
0.2022494
0.19720495
0.20132942
0.20262337
0.20015986
0.19531286
0.19374439
0.2068022
0.1944055
0.21026015
0.19753522
0.19484048
0.1971663
0.20205936
0.19467586
0.19983701
0.18427189
0.20242673
0.2009765
0.19447055
0.19177264
0.19774462
0.1891243
0.1966225
0.197264
0.19771838
0.19926958
0.19932415
0.18865214
0.19025819
0.18932447
0.18870454
0.1830986
0.19208235
0.18489555
0.18132335
0.19578834
0.19103546
0.19187583
0.19179386
0.1926261
0.19420011
0.19689746
0.19496667
0.1994589
0.2005196
0.19092005
0.18474011
0.18918654
0.18153606
0.1867483
0.19333534
0.20777887
0.18476006
0.18453707
0.19617707
0.19380216
0.18641084
0.18717718
0.195303
0.18453334
0.18854997
0.19664216
0.19355756
0.18615119
0.19279875
0.18623273
0.19848813
0.1858941
0.18399917
0.18451296
0.19028601
0.1863932
0.18906474
0.18551117
0.19720468
0.18233371
0.20218003
0.18263608
0.18866618
0.17796217
0.18659024
0.18391332
0.1929173
0.20387968
0.19614214
0.19131057
0.18177563
0.18908371
0.18975192
0.18992147
0.18073826
0.1905943
0.19034603
0.1825695
0.18517132
0.18958123
0.18536769
0.18739454
0.18196823
0.18456203
0.17702825
0.18593907
0.17208493
0.18932758
0.18371361
0.17694426
0.17893542
0.18538743
0.17485248
0.17217307
0.18087867
0.1805529
0.17958835
0.18723804
0.17922741
0.18297409
0.18070018
0.18094641
0.19093907
0.1825337
0.17798162
0.18778208
0.1833579
0.1877781
0.17852621
0.17985086
0.18649319
0.18502949
0.19203426
0.18532953
0.19652158
0.19927917
0.2028535
0.18743956
0.20656818
0.20578122
0.19903587
0.196343
0.20012544
0.20863165
0.19720873
0.19830856
0.1816076
0.18471743
0.18507947
0.18286683
0.18011211
0.18021917
0.17421968
0.17695014
0.17573759
0.18519758
0.17562169
0.17601648
0.17602512
0.18228488
0.18374689
0.17980771
0.17590156
0.18840335
0.17519504
0.17679946
0.17871319
0.18427895
0.1792395
0.16461709
0.18028563
0.16409191
0.17510615
0.16935962
0.17679963
0.1698216
0.17110074
0.17510885
0.16914852
0.16623327
0.17136303
0.1702968
0.1667137
0.17189582
0.167151
0.17000856
0.16350755
0.16265419
0.17335491
0.15694341
0.15656659
0.16252942
0.16493614
0.16214275
0.16941588
0.16079344
0.16655777
0.16100347
0.16946357
0.15913522
0.16310267
0.15891376
0.16631514
0.15622687
0.16220719
0.16938424
0.16935195
0.16329981
0.1631927
0.1591696
0.16639328
0.16269562
0.16741925
0.1660382
0.16620535
0.1613261
0.16626474
0.1552739
0.16236086
0.16834965
0.16882546
0.16473003
0.16471832
0.15593901
0.15625276
0.16823527
0.17253773
0.156638
0.16060314
0.15900305
0.151902
0.16686408
0.15461391
0.15373765
0.16055523
0.16101083
0.15558918
0.16128355
0.15679583
0.14949062
0.14871623
0.14682755
0.14065866
0.15369661
0.15267034
0.15296744
0.16813558
0.15001771
0.15130344
0.1483244
0.17255296
0.15515232
0.1613831
0.1496409
0.15442765
0.15824772
0.16535766
0.16605215
0.1578492
0.14750867
0.15466464
0.1510113
0.14858493
0.15478618
0.15730104
0.15419868
0.1672122
0.16506846
0.15103057
0.15617715
0.14599244
0.15030593
0.14991118
0.14934003
0.14561458
0.15642616
0.14760381
0.15254545
0.15500459
0.14242259
0.15209444
0.15322742
0.15436938
0.16181263
0.14979045
0.1462051
0.14901267
0.15883246
0.1395609
0.14518727
0.14454974
0.15258631
0.1489564
0.15660903
0.1554033
0.1530748
0.1507353
0.15608586
0.14691769
0.15747173
0.15395845
0.14727604
0.15355952
0.13457118
0.1442078
0.14865892
0.15704918
0.15145619
0.15214536
0.15035681
0.16164032
0.15119377
0.14657153
0.14471361
0.15470992
0.14330086
0.1515309
0.15409924
0.14259903
0.1417291
0.14101298
0.14763562
0.14323013
0.14385584
0.1458055
0.13180654
0.14316756
0.14394091
0.15180273
0.14037149
0.1441942
0.14288025
0.1384434
0.13882995
0.14347558
0.14856844
0.14235315
0.13703118
0.14669894
0.13403715
0.14519554
0.14077598
0.14149797
0.13224985
0.14513887
0.14579643
0.13908689
0.14088835
0.14222534
0.14303197
0.14118825
0.13709982
0.1451904
0.13910832
0.13855901
0.14587273
0.14195453
0.14168683
0.1358429
0.13363166
0.13479252
0.1379962
0.14738765
0.14319864
0.13762353
0.1376741
0.14035073
0.13833754
0.13850933
0.14973666
0.14257155
0.12921111
0.14186755
0.13064934
0.12890868
0.15197177
0.13065654
0.13444234
0.13942944
0.13244978
0.13899231
0.14123929
0.13829452
0.13317117
0.13000783
0.14676787
0.13696256
0.14308508
0.13467622
0.1282419
0.1402049
0.1316411
0.14368227
0.1479355
0.14100036
0.13787612
0.14540766
0.14856645
0.13802275
0.14039814
0.13646768
0.15159889
0.14465545
0.13366556
0.14167053
0.14235577
0.13329504
0.13025236
0.14045556
0.1423369
0.13093339
0.13394472
0.13701768
0.14050026
0.13493663
0.13106112
0.14258258
0.1399924
0.14212826
0.13994253
0.13771711
0.13789114
0.14420216
0.14022303
0.132874
0.14149307
0.15063016
0.1495724
0.13642344
0.14253926
0.14483055
0.13962471
0.14613801
0.13360707
0.13392241
0.14759114
0.12890425
0.13610773
0.1340943
0.14092742
0.1349137
0.13840134
0.13292846
0.14147721
0.13765411
0.14608149
0.15368123
0.14108574
0.13536663
0.13162807
0.13834181
0.122671515
0.12555271
0.1289671
0.12626785
0.13029803
0.13235912
0.12388056
0.14170389
0.14185174
0.12281288
0.12876098
0.13376594
0.13091937
0.12705977
0.13793056
0.12875895
0.14047894
0.13764295
0.13673888
0.14065519
0.12638494
0.12587167
0.12405804
0.12975039
0.13209398
0.14367625
0.13126144
0.1346337
0.13028616
0.14044715
0.1328164
0.13372841
0.12367291
0.13883428
0.13336506
0.13624468
0.12897877
0.1346395
0.13886273
0.12644486
0.12903826
0.13132265
0.13258334
0.12991683
0.12916933
0.13302688
0.13494076
0.1352831
0.1326387
0.13587373
0.13419104
0.14006276
0.13486958
0.1328399
0.13709706
0.13372928
0.13947774
0.13546722
0.13704506
0.123900026
0.12610641
0.13830785
0.12422025
0.12976179
0.13488375
0.1326741
0.13140985
0.14312916
0.13022041
0.12848899
0.12704156
0.1399934
0.12914512
0.13525057
0.12548503
0.12916237
0.11928645
0.12250552
0.117988005
0.1326502
0.12899695
0.12760577
0.13006063
0.13334118
0.123542845
0.12558705
0.124113925
0.1351898
0.1341742
0.1263842
0.11731254
0.12763827
0.12845191
0.13236009
0.11805315
0.12206202
0.1300239
0.1268904
0.1257656
0.12224086
0.12217113
0.12631343
0.122189306
0.13253117
0.1289976
0.14021894
0.13837206
0.13069692
0.14157051
0.14108649
0.14070123
0.13075204
0.13273466
0.13569172
0.13443924
0.13467102
0.13231727
0.12381389
0.12932622
0.12912396
0.1350177
0.12838648
0.12908992
0.13564537
0.13142613
0.12252176
0.13055465
0.13395251
0.13442545
0.13585418
0.13708211
0.12580109
0.13763942
0.13917676
0.13021354
0.12691727
0.13520265
0.13230272
0.14586912
0.14740323
0.14262411
0.13470641
0.13556801
0.12663795
0.13514629
0.13636181
0.12351494
0.12195708
0.13137725
0.12600766
0.13521531
0.13834007
0.124561876
0.12562
0.13394803
0.12758799
0.12868091
0.1259539
0.13010879
0.127557
0.12817341
0.13335529
0.12627669
0.12918653
0.12254622
0.13103797
0.12764105
0.1289409
0.13344958
0.12659751
0.13007481
0.12616105
0.13960537
0.12536676
0.12280939
0.117045365
0.12833217
0.13206461
0.1276117
0.1267722
0.12834108
0.13056956
0.13032323
0.12424354
0.12347421
0.12726319
0.12467633
0.13442616
0.12903914
0.13001527
0.12850156
0.12823229
0.12983593
0.13344894
0.1210464
0.13220923
0.124132596
0.1362244
0.12515159
0.13091551
0.12730815
0.13478266
0.1275183
0.12243528
0.12483893
0.11931635
0.12864248
0.13310434
0.13355395
0.13443038
0.12932153
0.12267947
0.12625061
0.12478492
0.13356066
0.12345454
0.12692878
0.12160777
0.1350081
0.12527193
0.12562117
0.12533131
0.12763937
0.12651384
0.12979762
0.13757457
0.1305431
0.1261298
0.12500162
0.13248639
0.12135261
0.13154924
0.12241779
0.13083874
0.12862411
0.13217609
0.11680737
0.12912293
0.12483442
0.114898264
0.1289943
0.119226016
0.12466228
0.12957837
0.12604955
0.12942886
0.11829725
0.12253411
0.12269876
0.12471976
0.11912196
0.122806445
0.12643076
0.12559204
0.12209339
0.12386262
0.11741423
0.13016875
0.13413271
0.12215496
0.12711245
0.12189959
0.12622093
0.1141186
0.1257716
0.11596104
0.12370429
0.12978044
0.13240008
0.12387674
0.12286032
0.119326025
0.124593444
0.12510328
0.122889355
0.124890186
0.12060799
0.12288203
0.11749585
0.11148396
0.1129802
0.119285755
0.11749173
0.11895091
0.122513145
0.110382214
0.11834096
0.11459111
0.114105396
0.12077617
0.11116951
0.11738693
0.11117082
0.1145548
0.11450781
0.1127424
0.120780356
0.11793624
0.12611
0.13155149
0.11574145
0.1184688
0.1174529
0.12022276
0.12352963
0.11900064
0.12849426
0.12803832
0.115699604
0.1138785
0.12238671
0.11752969
0.11854714
0.12514767
0.12428299
0.11812974
0.120884165
0.111593045
0.11832732
0.119041696
0.1229815
0.109880835
0.11395329
0.10942973
0.12012077
0.11648715
0.115858875
0.124171436
0.117590025
0.11621632
0.1272715
0.116304725
0.12707697
0.11027958
0.11759232
0.118658304
0.12602182
0.12027449
0.117172055
0.11798205
0.114132084
0.12326973
0.111040406
0.12384931
0.11617913
0.11930376
0.11809989
0.11875237
0.12065188
0.117978804
0.1320653
0.1215799
0.11062853
0.11568613
0.12431593
0.119297475
0.13306381
0.11805716
0.12401116
0.11710069
0.12159781
0.115596004
0.11686234
0.117028415
0.11251451
0.12060358
0.12383057
0.12342612
0.116155446
0.12186732
0.117859386
0.120054305
0.115436584
0.12493021
0.1203892
0.11678459
0.1144108
0.115444496
0.11249836
0.10279335
0.124844015
0.12016332
0.119182386
0.12481464
0.118923225
0.111720316
0.1346895
0.12080493
0.13021803
0.12585859
0.12142306
0.12394691
0.11780791
0.11533634
0.11675219
0.12841351
0.12009383
0.13147208
0.12317773
0.121354535
0.13506393
0.12103019
0.11994547
0.12916093
0.12905051
0.123826325
0.11779062
0.13005227
0.12105861
0.12226372
0.117823206
0.11640598
0.12133055
0.11524376
0.124869205
0.11914596
0.11702499
0.11045239
0.11259918
0.12034095
0.121466696
0.124097295
0.1165804
0.123076394
0.1097204
0.122263186
0.11814219
0.11649689
0.11667288
0.11065151
0.12795943
0.115616225
0.11289449
0.1107431
0.13471138
0.11071952
0.110704295
0.110772744
0.1154235
0.10703033
0.1099917
0.11819395
0.11808089
0.1146863
0.12061195
0.12627539
0.11082116
0.12372859
0.11879276
0.12195906
0.12197998
0.11674503
0.123698324
0.11975492
0.12038112
0.11390857
0.114445955
0.11201078
0.12476034
0.115448505
0.121679544
0.121706486
0.11504216
0.1159119
0.12704779
0.12320226
0.118112765
0.12471204
0.12597765
0.12487411
0.113111936
0.12231128
0.118205115
0.114727736
0.1262155
0.10504734
0.12461393
0.11135968
0.1147392
0.1176875
0.11672854
0.12409104
0.11618887
0.121479765
0.11528193
0.11701048
0.122087084
0.124038704
0.12270893
0.112815954
0.12211381
0.12377443
0.12216269
0.12592578
0.124412306
0.11923342
0.11864279
0.12645271
0.11819522
0.13846503
0.13685195
0.12701394
0.11819873
0.11817592
0.12132599
0.12333335
0.13043845
0.12241752
0.11697122
0.13198623
0.122455575
0.12070596
0.12284156
0.13221094
0.12930103
0.118669376
0.12289944
0.1357271
0.12162108
0.12794612
0.12457022
0.12626573
0.12436994
0.12346623
0.12587734
0.12334531
0.12655059
0.12265409
0.14231917
0.120573856
0.12339085
0.1253749
0.12463238
0.12520842
0.13229871
0.11820055
0.12847458
0.12676308
0.11857902
0.12038186
0.1225966
0.1197152
0.121467166
0.12171708
0.122120336
0.12172193
0.12132718
0.121676594
0.111047834
0.124195285
0.11650547
0.11618578
0.11624393
0.123914495
0.12997806
0.11744418
0.13111797
0.11915426
0.10613142
0.11003622
0.1098123
0.1129788
0.11719798
0.115389474
0.109178156
0.11484264
0.1208451
0.13510554
0.120174564
0.12843722
0.11952869
0.12322612
0.122513175
0.12495326
0.11533269
0.122180924
0.124708325
0.11844589
0.12293043
0.12220715
0.11473727
0.117591545
0.12153858
0.11261655
0.12130999
0.116902955
0.1339949
0.11473937
0.1132138
0.11751171
0.11834182
0.110091954
0.107530795
0.12246877
0.10472548
0.11018956
0.10665725
0.12848744
0.11514872
0.11169694
0.1203053
0.115928546
0.11515051
0.11983035
0.12036371
0.119461
0.11347838
0.11988535
0.11957848
0.11531553
0.116230145
0.11208327
0.11643705
0.11542247
0.11094094
0.10875278
0.11414266
0.12037253
0.114359386
0.114871874
0.11348965
0.11085813
0.114887446
0.122573756
0.1113429
0.1225051
0.11569843
0.12245394
0.11555988
0.12351139
0.1193844
0.117449984
0.123678766
0.119034536
0.12476451
0.12003125
0.11232855
0.12008148
0.12157654
0.12527588
0.12183038
0.118335
0.11041108
0.12001564
0.12230509
0.12526432
0.12800956
0.12599112
0.12398773
0.12065447
0.123436436
0.1309685
0.11948624
0.12718284
0.1302942
0.12383509
0.119918495
0.12147757
0.1302347
0.114281274
0.12954636
0.11934823
0.11535893
0.13133678
0.12548055
0.12687722
0.12235709
0.124607354
0.12602723
0.124134004
0.11711373
0.12952001
0.124504924
0.12469509
0.120341145
0.11447416
0.116388515
0.122870944
0.12268258
0.12726314
0.12522225
0.121787176
0.11897132
0.123318024
0.12545823
0.13084805
0.120220274
0.12534393
0.14075337
0.13061653
0.11781439
0.124558344
0.13342349
0.12601453
0.11623952
0.12947503
0.12305692
0.1264634
0.12211321
0.13174269
0.1335493
0.121578954
0.13450009
0.13187048
0.14355834
0.13572428
0.13507079
0.12425837
0.13380295
0.123227775
0.12857361
0.12733698
0.13020879
0.12091531
0.121290274
0.12626302
0.13229524
0.1261407
0.12167138
0.13220602
0.12503707
0.11521825
0.12700517
0.12522957
0.13235018
0.124291696
0.119289696
0.13125683
0.1365211
0.13042603
0.13234448
0.12887071
0.11920041
0.114069805
0.11973599
0.12179587
0.12599577
0.11867387
0.120151065
0.116281204
0.12938008
0.12358798
0.119144015
0.12954646
0.11817062
0.112131365
0.12391488
0.122394174
0.11276292
0.10982369
0.10834623
0.119175345
0.11365726
0.10803056
0.11535908
0.12344713
0.11735593
0.11869782
0.10798009
0.11676453
0.12208707
0.10743857
0.11586206
0.11740755
0.12002722
0.12485536
0.113256715
0.11303876
0.120801695
0.11376259
0.10319037
0.10790114
0.11670781
0.11253568
0.11459917
0.11056193
0.11659109
0.12390169
0.11397783
0.12503405
0.113227814
0.1118144
0.112739824
0.12386194
0.11276215
0.11637281
0.12480494
0.11314275
0.12848628
0.1212948
0.1250355
0.12074843
0.12309193
0.13201523
0.120223604
0.10665183
0.11623586
0.12004119
0.1140594
0.11370216
0.11584086
0.109349385
0.11689705
0.10607916
0.118043244
0.111505166
0.1159819
0.11628507
0.11483649
0.11147068
0.1143055
0.108821936
0.11476698
0.11843463
0.10582354
0.11931348
0.12134961
0.114372864
0.11552593
0.106729984
0.11093154
0.11831814
0.114872776
0.10980831
0.09869472
0.10795692
0.10792662
0.10220815
0.117135
0.10894279
0.10943851
0.10051366
0.09500773
0.11092043
0.10622126
0.112303756
0.10857105
0.100723095
0.10250461
0.11270047
0.11812688
0.11316175
0.105478294
0.115695
0.101765804
0.11090849
0.10653141
0.10789124
0.10562754
0.10415271
0.11098706
0.11582698
0.11018647
0.13064043
0.100596786
0.11848306
0.11158152
0.11846405
0.115424454
0.110168636
0.11431712
0.12315415
0.114417516
0.11257713
0.113464594
0.1133991
0.10881092
0.114778645
0.10436165
0.11037888
0.10964259
0.10372859
0.10700776
0.11161106
0.10235878
0.10522197
0.100972004
0.11269019
0.11392182
0.10526753
0.101643
0.10089147
0.10128087
0.095615335
0.11336356
0.11693871
0.09424889
0.09155366
0.10431094
0.10855295
0.10725909
0.10540633
0.11331446
0.10957245
0.103405416
0.10653996
0.09708691
0.108329676
0.11614942
0.10424153
0.102506526
0.10452963
0.09570764
0.096117005
0.11449155
0.11197518
0.11155852
0.10789303
0.104574434
0.112896174
0.11172265
0.10952184
0.10532114
0.10651627
0.12359796
0.13221446
0.112207346
0.107962206
0.11300631
0.09964734
0.104727596
0.100949615
0.13521387
0.11196722
0.09849858
0.111423545
0.11796318
0.11188239
0.11221739
0.10715745
0.11555941
0.10376395
0.09707536
0.10584404
0.10710773
0.11644292
0.11020853
0.10561904
0.10361472
0.10330247
0.10883564
0.10132999
0.10256511
0.10614887
0.11342893
0.11191089
0.099620745
0.09808611
0.10855853
0.11038666
0.100192755
0.10165514
0.10651037
0.108427964
0.111364715
0.107820116
0.12162342
0.1051482
0.11046676
0.108419344
0.1037111
0.112139374
0.10990634
0.10792686
0.11515297
0.11160747
0.10944006
0.10546311
0.104622595
0.10573829
0.10718725
0.11199832
0.10687807
0.09875444
0.10826245
0.11457859
0.107691504
0.10801384
0.10234344
0.112435155
0.10270839
0.1027394
0.112482846
0.105869025
0.12819727
0.11689013
0.12203123
0.105502196
0.111276016
0.10979942
0.107936874
0.1139577
0.11287407
0.12078424
0.11042793
0.09597335
0.10754382
0.11190093
0.10655141
0.10170055
0.105695
0.11299548
0.11571358
0.11047055
0.101791956
0.0918468
0.10881666
0.10997648
0.107261494
0.109101385
0.12028788
0.11043838
0.12508772
0.107452996
0.11458796
0.10751409
0.112305716
0.1144577
0.10883268
0.117010206
0.11358648
0.115415595
0.11793205
0.12100294
0.12097474
0.110549495
0.11960074
0.11394097
0.11595815
0.107791826
0.10955481
0.11920431
0.116189994
0.11447593
0.10848568
0.10293749
0.11158151
0.11499481
0.11227919
0.10915333
0.102636576
0.11413618
0.105891764
0.11754969
0.10504597
0.11333519
0.10863111
0.1082014
0.11244757
0.11523042
0.11802966
0.11843418
0.11128261
0.120315716
0.12510282
0.11759047
0.11449705
0.10940397
0.115641996
0.12742339
0.11032886
0.11777847
0.10969715
0.124806695
0.11561254
0.11417603
0.12329874
0.116720796
0.113530844
0.1035067
0.113962635
0.106230915
0.12315599
0.108311914
0.11026844
0.11993616
0.11155649
0.11143562
0.11599133
0.11451264
0.115037836
0.104543276
0.11684902
0.11988247
0.11404704
0.11262456
0.11272622
0.11709006
0.111839294
0.12171718
0.11900031
0.107669204
0.11456253
0.12788564
0.10748167
0.1166111
0.1200401
0.11207467
0.11204005
0.11397561
0.1251445
0.11502455
0.116635576
0.10919024
0.105078764
0.110619985
0.11236926
0.105893105
0.12114851
0.10972664
0.11805435
0.12304894
0.118997954
0.11344702
0.10011043
0.105989225
0.11189941
0.10861009
0.101420194
0.10345282
0.10243705
0.095386505
0.101968385
0.103638224
0.108502425
0.10223652
0.11065691
0.10936498
0.119711034
0.10563033
0.108033456
0.12024231
0.10992804
0.10924751
0.10704424
0.10907649
0.118467286
0.11265678
0.106579326
0.1066553
0.1277388
0.107494935
0.10845196
0.11280705
0.1086934
0.11020968
0.12447997
0.09897534
0.11908088
0.1067866
0.1143966
0.09755226
0.105284184
0.098799706
0.108640544
0.11015585
0.0980639
0.10341501
0.108971804
0.11450243
0.09848742
0.113353774
0.110164575
0.105812795
0.10904623
0.10163229
0.10188578
0.09611722
0.10928134
0.10791511
0.10981306
0.11681609
0.10901114
0.10638028
0.11271369
0.102193736
0.11361599
0.11647048
0.11167666
0.10966953
0.117129736
0.118245915
0.1095139
0.12578417
0.122070536
0.10514048
0.11480661
0.10670026
0.11009064
0.1074269
0.11051902
0.114369586
0.117525846
0.10020878
0.115983695
0.09864392
0.110771224
0.10346527
0.11017398
0.116736844
0.119088046
0.10492751
0.117226325
0.116082765
0.11317279
0.12206714
0.11794637
0.113517486
0.1154831
0.117013074
0.12013799
0.11080885
0.11221807
0.11836953
0.1172531
0.113259144
0.113983214
0.11548441
0.109350696
0.12042007
0.13569511
0.11321808
0.117583014
0.10146389
0.112188034
0.11539549
0.11167165
0.10616172
0.105896495
0.11623073
0.11476388
0.114142224
0.11352332
0.10423339
0.13353188
0.12233584
0.120789744
0.12523378
0.11543662
0.113339655
0.117669486
0.10781704
0.1211373
0.11120375
0.105071
0.113017246
0.10271481
0.1277234
0.11078571
0.11325363
0.11245548
0.10226072
0.11271684
0.11260664
0.10861368
0.10893943
0.10400295
0.11336718
0.10571853
0.1165488
0.11589891
0.12125767
0.11209666
0.11252046
0.13006744
0.12297353
0.10772975
0.10226738
0.11329094
0.107911095
0.1223323
0.11542368
0.11673442
0.12156233
0.11305219
0.114504375
0.1168685
0.1114596
0.105478615
0.10593152
0.107694976
0.10617037
0.11999503
0.12057625
0.11285175
0.12306632
0.11052669
0.112413235
0.11346777
0.111106634
0.11369961
0.11604588
0.116262436
0.12273899
0.110671856
0.11499506
0.120794885
0.116379626
0.1209139
0.11725425
0.12301161
0.119376056
0.115729034
0.12039387
0.11334342
0.12220883
0.12269231
0.113002434
0.11389184
0.114063926
0.11769159
0.119383305
0.12406004
0.103109695
0.12317075
0.12131963
0.11362101
0.11504381
0.12248591
0.121137686
0.118224524
0.1228248
0.1167143
0.12721293
0.12018137
0.1243549
0.12230399
0.10754961
0.11923177
0.10795754
0.122857384
0.12296566
0.1226068
0.12141625
0.12663159
0.12564452
0.12327845
0.11850241
0.11166166
0.1177108
0.120754726
0.11234323
0.13379565
0.12246814
0.115486294
0.1261779
0.10528249
0.11774555
0.11739193
0.12084082
0.12061905
0.11521981
0.1173949
0.11822133
0.11697787
0.115681596
0.115917325
0.1202828
0.11078747
0.11473615
0.11705621
0.122099705
0.12142158
0.1223363
0.11297943
0.11095804
0.108419925
0.11662889
0.108556114
0.10929993
0.1225636
0.12564008
0.12490406
0.12639764
0.1210548
0.12404923
0.123852655
0.11754243
0.12168791
0.11697094
0.12817474
0.13411771
0.124956794
0.11504162
0.12221733
0.14343297
0.13533758
0.122236215
0.12755857
0.12189214
0.1274898
0.12829594
0.1215143
0.1370665
0.12504387
0.11827287
0.12286848
0.12512444
0.12867348
0.12122406
0.11410364
0.1280719
0.122145064
0.11427338
0.12288918
0.11800567
0.12291507
0.13059235
0.10735404
0.12411307
0.120200634
0.11796119
0.11896019
0.12027541
0.11063117
0.11629717
0.117179036
0.12745805
0.1165933
0.1370419
0.12968871
0.12475491
0.11668569
0.1164389
0.123325385
0.13460283
0.115052715
0.11133238
0.110534705
0.11904888
0.11346721
0.11959793
0.118211664
0.12987615
0.12502079
0.11965858
0.12250298
0.12663852
0.12585971
0.12380514
0.12936
0.1321158
0.13125841
0.122240804
0.13035712
0.1198843
0.12522721
0.11999755
0.11248652
0.124564074
0.12214273
0.13806999
0.13456427
0.1166727
0.12000162
0.11659724
0.11150758
0.12600562
0.121501505
0.120506756
0.12198989
0.1315784
0.12505512
0.12353349
0.12852792
0.119987056
0.11901136
0.12446386
0.120346576
0.11723011
0.12661861
0.12663877
0.118884556
0.13014561
0.12232894
0.11434647
0.12503085
0.1183677
0.1182236
0.11850928
0.11070995
0.106805876
0.1326464
0.11998969
0.11137502
0.11758689
0.11549442
0.13290983
0.12960356
0.12403236
0.12147525
0.124513656
0.13102275
0.12926388
0.12007594
0.113632225
0.13178892
0.12532432
0.13068019
0.12761791
0.12995869
0.11586185
0.12711447
0.11900147
0.12698932
0.13030295
0.13075073
0.12861033
0.12171511
0.13505945
0.12890312
0.12206505
0.12225452
0.12081807
0.13948864
0.13106842
0.13706027
0.11953455
0.1341422
0.13100834
0.13614422
0.13139902
0.14221212
0.14396407
0.13305302
0.12915096
0.12343046
0.11628831
0.1370283
0.1200351
0.12521249
0.12413254
0.1322686
0.117336676
0.13044642
0.11900421
0.12490904
0.14473586
0.118376456
0.12563635
0.10987305
0.12492772
0.1124606
0.12410225
0.12333212
0.13216515
0.1437903
0.12621987
0.107237704
0.119697824
0.120805226
0.119911045
0.115523875
0.113557614
0.11095005
0.10952857
0.117017366
0.116942964
0.1090149
0.11557717
0.12791504
0.12351765
0.11795746
0.12056324
0.12772772
0.10753238
0.12272477
0.11219636
0.10981537
0.10812991
0.13382827
0.123321004
0.1344405
0.11484956
0.11344388
0.12998171
0.119314596
0.12158115
0.12009517
0.12119386
0.12509006
0.12445486
0.12746187
0.117348686
0.12285634
0.11254625
0.15333413
0.13248365
0.13848439
0.12985183
0.122953095
0.13226093
0.13049592
0.12195455
0.11406348
0.13219512
0.122430265
0.13824855
0.11078671
0.13006677
0.11640781
0.15104544
0.12008584
0.13729621
0.13393992
0.11596563
0.14278129
0.13007563
0.1253881
0.113208756
0.12631801
0.12283651
0.12876624
0.11199351
0.115678
0.11812651
0.120297335
0.11998243
0.12423691
0.11725413
0.12708189
0.118734375
0.1361419
0.13175957
0.119829714
0.1420228
0.12358732
0.13009603
0.11460561
0.12819733
0.13173884
0.1374346
0.11997792
0.12539867
0.119463444
0.116299264
0.12782277
0.11926118
0.12597415
0.13272564
0.118090846
0.13748333
0.12004188
0.12950796
0.13009647
0.1513882
0.13156281
0.12567627
0.12809706
0.13177665
0.12411099
0.13523686
0.119850926
0.12733436
0.12137544
0.11966665
0.12245143
0.1225361
0.11687899
0.123006545
0.12296585
0.127345
0.12101985
0.12689951
0.12030567
0.11593623
0.116163015
0.12158409
0.10853878
0.11048923
0.120097384
0.11323703
0.123278715
0.112350084
0.12023684
0.11112318
0.11498269
0.12950261
0.12384362
0.1330512
0.12324689
0.12557869
0.115424715
0.12192426
0.122292385
0.11585929
0.120626524
0.12041094
0.12869714
0.12626368
0.13585353
0.12655379
0.1304701
0.18066712
0.11578724
0.12719187
0.116714574
0.122537225
0.12627575
0.113928415
0.1270881
0.12161953
0.13231894
0.14016719
0.12843119
0.12973873
0.13724567
0.14912772
0.1391974
0.118740134
0.1203652
0.12695934
0.12853661
0.12380411
0.1431184
0.12796257
0.13593471
0.12886244
0.121617876
0.13011773
0.12507644
0.12505963
0.14202413
0.1329121
0.121639006
0.13476226
0.118544154
0.11524931
0.12303553
0.12525864
0.117313705
0.118750654
0.11288457
0.12073748
0.118256785
0.11798502
0.13003308
0.12183048
0.12110009
0.122129425
0.12018717
0.116425596
0.118046574
0.11173492
0.13364606
0.14906877
0.13381839
0.12643416
0.13238695
0.13374974
0.14472848
0.15330571
0.14212658
0.13373037
0.13904285
0.13154158
0.12950225
0.14313284
0.13700765
0.13064687
0.12722833
0.14632574
0.13306876
0.14137703
0.12706074
0.12721707
0.1417992
0.12665829
0.14143811
0.1370635
0.14011732
0.1278923
0.14988679
0.12954654
0.13301435
0.14854982
0.12949967
0.1421322
0.12535173
0.15765342
0.13325466
0.13077979
0.14134689
0.13987167
0.124375835
0.14569104
0.1441679
0.12442687
0.12435049
0.13184138
0.14712517
0.14500494
0.13305292
0.11473292
0.14364003
0.13671748
0.11472509
0.13525644
0.13594759
0.14641444
0.12818208
0.12890969
0.117305145
0.12493342
0.13792373
0.14107968
0.12301709
0.13944453
0.13759504
0.12784056
0.13149124
0.13360396
0.13316275
0.14177822
0.1293809
0.1327535
0.15399699
0.13366756
0.15190999
0.14089254
0.14256303
0.13207549
0.14737701
0.1403878
0.13943002
0.14446214
0.12828134
0.13185562
0.15156646
0.15920189
0.13182995
0.13795124
0.15190801
0.14042814
0.13721548
0.14519721
0.1511929
0.14619601
0.14474435
0.13738643
0.14755675
0.13964699
0.15036108
0.13259397
0.14913772
0.14748664
0.16229713
0.14205045
0.13484387
0.14266875
0.14486541
0.14000413
0.14088751
0.15550978
0.14138877
0.13925563
0.15192735
0.12938553
0.13965221
0.13822162
0.14664237
0.14141376
0.13902625
0.15717891
0.14227252
0.15375254
0.14747623
0.14965583
0.15302506
0.13824633
0.14521365
0.15192829
0.15514329
0.15310873
0.16661744
0.14970194
0.15705705
0.1510273
0.14829725
0.16066685
0.13846357
0.19263692
0.1536899
0.15285881
0.15402995
0.13969705
0.15685824
0.17064227
0.14360747
0.14608069
0.16582571
0.13592625
0.14123769
0.16671565
0.15360631
0.15986934
0.15892239
0.15856072
0.1544719
0.16458802
0.15981118
0.16520952
0.14439777
0.15249841
0.14758861
0.15715978
0.14828698
0.14874582
0.14923507
0.15289171
0.1365587
0.1477929
0.15088241
0.1531259
0.15358236
0.15798868
0.14621022
0.15516393
0.14753218
0.15106529
0.15233827
0.16164385
0.17097342
0.1521327
0.14794627
0.1411718
0.15022637
0.13729289
0.14857304
0.15198126
0.1283575
0.14031938
0.14990325
0.14891244
0.15632378
0.15183003
0.16111
0.15107755
0.13782021
0.15053979
0.15037264
0.1390939
0.13894135
0.14078613
0.13858765
0.15972808
0.15121105
0.13578527
0.14848256
0.15918629
0.15810837
0.16027763
0.15309395
0.14782345
0.14245953
0.1402263
0.15022743
0.1541606
0.1427468
0.13785176
0.13741247
0.15235612
0.15046892
0.13925448
0.14382613
0.14438874
0.14018874
0.14624906
0.1481512
0.14970797
0.13460109
0.15090281
0.15479185
0.145944
0.14456312
0.13211401
0.14642628
0.13611822
0.14127715
0.13920878
0.15502632
0.15576874
0.1524555
0.15098746
0.15583651
0.14773226
0.1420253
0.13340269
0.15382932
0.13945228
0.15744044
0.15913682
0.13330293
0.151388
0.14647831
0.1549381
0.13832925
0.14359646
0.14837317
0.15383758
0.1360677
0.15199731
0.14231712
0.14943875
0.15244982
0.1408733
0.15066804
0.15546668
0.14467756
0.14690384
0.1471417
0.14820753
0.13875932
0.15116552
0.14543211
0.14898653
0.15158595
0.14950423
0.15216394
0.16081688
0.13974266
0.13851383
0.14732648
0.16257599
0.15647161
0.14663057
0.15531608
0.15066989
0.14550012
0.13833521
0.13469651
0.15227403
0.14447664
0.14017345
0.1499087
0.15192549
0.13747926
0.13710749
0.1417628
0.14135072
0.13600075
0.14346705
0.16167444
0.13919099
0.14045912
0.1535933
0.15981433
0.14574145
0.14885199
0.17147033
0.15159492
0.14077002
0.1678491
0.16550073
0.13305351
0.1357789
0.14885895
0.1439336
0.15095256
0.15487084
0.1416032
0.15479676
0.15253599
0.16607156
0.16321656
0.15608072
0.15911487
0.16848196
0.1539273
0.1657766
0.15785956
0.16288497
0.16000314
0.15869717
0.17258514
0.16451703
0.1555857
0.17122287
0.16708943
0.16069882
0.16054854
0.1526805
0.15559661
0.16549651
0.14356458
0.15710351
0.14950766
0.163716
0.1492074
0.16936208
0.14281927
0.14588276
0.14965104
0.15720277
0.13798459
0.1544644
0.1513073
0.15753837
0.15902367
0.15829131
0.1628301
0.15274051
0.13898204
0.17575826
0.1572827
0.16375457
0.16618225
0.1362507
0.14487514
0.1498568
0.14817597
0.16040355
0.15891942
0.14045241
0.15531299
0.15611678
0.1496053
0.1435051
0.14204815
0.1751009
0.14101125
0.14795168
0.14101821
0.14952113
0.15758266
0.15422387
0.16851026
0.15265915
0.1423567
0.15248461
0.15723687
0.15450585
0.13985094
0.14454885
0.15012422
0.16205579
0.14430042
0.16644853
0.1439409
0.14643918
0.16059633
0.14829351
0.14889598
0.15586333
0.14700176
0.14900066
0.16139904
0.15112321
0.1468821
0.14851718
0.17421915
0.14103289
0.17349684
0.15234049
0.18591249
0.13985787
0.16145748
0.15292099
0.15847133
0.15952359
0.14204548
0.14987971
0.14359905
0.15403226
0.14132197
0.15971628
0.14606446
0.14696284
0.14771914
0.15730394
0.15037645
0.15229096
0.15419446
0.1448346
0.14733295
0.16013804
0.15568085
0.1450752
0.17026757
0.15472534
0.14419483
0.16440098
0.14527097
0.16518383
0.17330526
0.16618516
0.16402353
0.1649111
0.15796529
0.15915632
0.1497428
0.14544134
0.17400882
0.16496003
0.16625297
0.14835088
0.16525348
0.15408924
0.15007305
0.16410795
0.1666747
0.17976739
0.16455172
0.16828457
0.1731418
0.16678405
0.16429372
0.1674155
0.18710837
0.16619198
0.14903258
0.16431622
0.14509143
0.17356871
0.14557754
0.15158093
0.15045203
0.14214651
0.16352895
0.1404926
0.17395791
0.1510474
0.17332792
0.16400418
0.14748222
0.13891232
0.14641431
0.14437355
0.14410488
0.15398641
0.14819312
0.17163244
0.14029439
0.1483262
0.13958137
0.16146797
0.1333167
0.14288607
0.14489456
0.15350673
0.13929276
0.1626249
0.13200067
0.13832062
0.16191256
0.13433453
0.13728619
0.1453279
0.13624749
0.15666325
0.14032173
0.14033206
0.14556198
0.13928378
0.13946891
0.14916417
0.13710544
0.18299495
0.14424011
0.147274
0.14761841
0.1597319
0.13616213
0.1408339
0.15529723
0.13486539
0.15918978
0.15524237
0.15298595
0.15929747
0.14659679
0.15265623
0.15189818
0.15034841
0.15254599
0.15292227
0.16828607
0.16222633
0.16494045
0.16220053
0.14201918
0.15249528
0.15932457
0.14644301
0.15228441
0.15337768
0.16392681
0.15127014
0.16387399
0.14981931
0.1577154
0.15948676
0.16196026
0.14929895
0.14022428
0.14123406
0.14353104
0.14363024
0.15870139
0.14450999
0.16703485
0.14718693
0.15386105
0.16296546
0.16145933
0.16448602
0.15787609
0.14284402
0.1573141
0.16903338
0.16084313
0.15157105
0.15814552
0.14473715
0.17001909
0.15651019
0.15555829
0.14762512
0.17597757
0.15247113
0.14988175
0.16175948
0.15724671
0.1598398
0.17595057
0.1705204
0.16274743
0.16566363
0.14912637
0.15633108
0.14270154
0.17001034
0.15078288
0.17578831
0.15677764
0.17651948
0.15614772
0.15325578
0.16717158
0.16850962
0.16531996
0.17364466
0.1692449
0.16198371
0.17737095
0.14779054
0.1666449
0.16669777
0.1583052
0.15318003
0.17123984
0.15650368
0.14976619
0.15410276
0.1774123
0.16667657
0.16100253
0.15005624
0.15167907
0.15341154
0.14967187
0.15670612
0.15298115
0.17194436
0.16047582
0.14360227
0.14619315
0.15674774
0.16838847
0.16360778
0.16514817
0.14476185
0.16462661
0.15381971
0.16281563
0.15954565
0.15449671
0.1637934
0.15738115
0.1583761
0.14648852
0.16175954
0.16762647
0.16521183
0.1555324
0.14557362
0.15586711
0.16336031
0.14821942
0.15514292
0.16809438
0.16243754
0.1646054
0.1542553
0.14786905
0.15384537
0.15546773
0.16459598
0.16798235
0.15136683
0.18114494
0.15084292
0.17907429
0.14867699
0.16051413
0.1591591
0.15588214
0.15905663
0.17612842
0.17951223
0.17059122
0.16852525
0.1770156
0.16710818
0.17274396
0.19185509
0.18251455
0.17728731
0.16880387
0.18272379
0.22512071
0.17814718
0.16482179
0.19284633
0.18981831
0.18844365
0.17613919
0.16611032
0.19525443
0.17591567
0.183633
0.1806442
0.16627833
0.16456565
0.17625836
0.1889327
0.16912879
0.17768843
0.17670542
0.19047715
0.18659045
0.17080285
0.16945042
0.17594291
0.18106537
0.18654048
0.16026847
0.17057234
0.17630768
0.17384966
0.16878168
0.16976814
0.18307999
0.16576472
0.16870974
0.17113551
0.16849592
0.17170969
0.16195555
0.1578683
0.1550756
0.15998346
0.15604705
0.17022249
0.1596128
0.15640515
0.16424882
0.16273491
0.16564126
0.19495083
0.17652284
0.18171471
0.17478517
0.17944823
0.1642693
0.16433655
0.15905754
0.16239609
0.16797698
0.16713242
0.15763703
0.160104
0.15436018
0.15760802
0.15768592
0.16903204
0.16219437
0.15646848
0.17273156
0.15446816
0.15450704
0.1743026
0.17750463
0.1756562
0.1561132
0.18174373
0.16439798
0.16106975
0.16072913
0.15067634
0.14876534
0.15501161
0.15127626
0.15070942
0.15710407
0.16720217
0.15538903
0.15933405
0.1743178
0.16628692
0.17137924
0.15533386
0.1659621
0.167633
0.16813204
0.1627314
0.15860938
0.17457846
0.18019564
0.1556786
0.17234795
0.17832415
0.16899733
0.16412577
0.17073448
0.16585574
0.15936528
0.1678434
0.16397183
0.17472415
0.16504666
0.15547897
0.15734099
0.17065497
0.16798763
0.17102863
0.1605023
0.17547055
0.16039434
0.15893495
0.15885468
0.16143271
0.16374108
0.16509539
0.16040254
0.16015044
0.15985435
0.15997054
0.16698058
0.17757231
0.16696031
0.17690311
0.17158508
0.18269862
0.1801335
0.16799802
0.17486076
0.16273981
0.16063927
0.1709888
0.16614126
0.16173366
0.163848
0.15675426
0.15587652
0.1612271
0.17057809
0.16339658
0.17105871
0.19520098
0.19345494
0.1713554
0.16654819
0.16872014
0.1852794
0.1754881
0.16537997
0.17450894
0.16706894
0.164996
0.19321598
0.16589066
0.19306827
0.1876836
0.18905704
0.17426834
0.16260056
0.1631196
0.17585
0.1691747
0.16763474
0.17307569
0.16009809
0.16320343
0.18242426
0.17600654
0.16862434
0.19132148
0.17402185
0.17489424
0.17700298
0.1759789
0.17642763
0.16958508
0.17805126
0.17257011
0.17917418
0.16641293
0.16584393
0.17436902
0.16172996
0.15845573
0.16914152
0.19517826
0.1662562
0.19047822
0.1748314
0.16829297
0.16603635
0.1670795
0.17577623
0.19491643
0.16863894
0.15956657
0.167029
0.1910604
0.16509122
0.1521542
0.15690783
0.15338843
0.14942443
0.15331744
0.16764076
0.16806702
0.16803442
0.17236838
0.16084562
0.16171545
0.17500368
0.16414107
0.15635315
0.1516817
0.15340285
0.15656051
0.16513759
0.17076097
0.1840564
0.16699561
0.16151653
0.16509807
0.17047693
0.17389108
0.17605123
0.18363965
0.16343808
0.15731701
0.16292758
0.16810298
0.17141938
0.1812424
0.16758668
0.1730842
0.15644747
0.15890567
0.18049933
0.16143443
0.15167446
0.15835164
0.17774732
0.16657531
0.16152695
0.16554527
0.16913725
0.17701261
0.17464341
0.1856055
0.17296752
0.191084
0.17289165
0.16670798
0.1693836
0.17826328
0.18885048
0.17352134
0.16311207
0.16977975
0.1820428
0.16904329
0.17057891
0.18668109
0.17449272
0.17591326
0.17625089
0.18077233
0.1775384
0.18827382
0.17332391
0.17763914
0.1665544
0.15961866
0.16853116
0.19367462
0.17717236
0.17181933
0.17763989
0.16794914
0.17321686
0.19347578
0.17508633
0.17065825
0.18022212
0.16073726
0.15191334
0.15387669
0.16377674
0.16973393
0.1715196
0.17397515
0.18085927
0.17541513
0.17076734
0.16528144
0.17439005
0.1989917
0.18606313
0.17535104
0.17655653
0.18970607
0.18018049
0.17568873
0.17694937
0.18127581
0.17857268
0.18717757
0.17056191
0.16523163
0.17907073
0.19853047
0.20442006
0.24020739
0.19657555
0.17663483
0.17425494
0.17400427
0.17253768
0.17646943
0.18332873
0.19058718
0.20884478
0.18966247
0.1800103
0.17401847
0.17303792
0.17182814
0.16665158
0.16693597
0.15591261
0.16834734
0.19348653
0.17811081
0.17654265
0.18881354
0.17789416
0.18628669
0.17586617
0.16910292
0.16011731
0.16080098
0.15864258
0.16295473
0.17282017
0.19359852
0.17069548
0.16532949
0.16985847
0.17724262
0.18274702
0.19406754
0.1802343
0.18070944
0.19552606
0.17989637
0.17071475
0.17447257
0.17260702
0.17677443
0.17959076
0.19437003
0.18851855
0.19176516
0.16981196
0.16655953
0.17521693
0.18184434
0.19057512
0.1842276
0.18035091
0.18025938
0.17800525
0.18241361
0.19218853
0.18548723
0.1807869
0.18037944
0.17742161
0.18542524
0.2021236
0.19857402
0.22658984
0.1898928
0.17619564
0.17944746
0.19173121
0.21136664
0.19754724
0.19837727
0.18136075
0.17201272
0.17142807
0.17100903
0.18121377
0.2009885
0.19469295
0.18819311
0.18359287
0.17460793
0.17602032
0.17438102
0.18136814
0.18813364
0.20177527
0.18434455
0.17035496
0.17243941
0.19492874
0.18354891
0.18226841
0.18813327
0.19000629
0.18323115
0.18298192
0.17480658
0.18378057
0.19770649
0.18700182
0.18022917
0.18268436
0.1825554
0.18207744
0.1761475
0.17571436
0.1795038
0.19151376
0.20629267
0.18578383
0.18003082
0.1800479
0.1736198
0.1729835
0.1720072
0.18368413
0.19087365
0.20879243
0.1774034
0.15850216
0.16552588
0.16920352
0.1804488
0.17604835
0.18254516
0.17773025
0.17608744
0.17116089
0.17695199
0.18308382
0.17609079
0.16661257
0.15811306
0.16383949
0.17533411
0.18093745
0.19021663
0.18355235
0.18042211
0.17243849
0.17165525
0.17291261
0.17603175
0.16697125
0.1695329
0.16565321
0.18170042
0.1814125
0.1784473
0.17915802
0.17953494
0.17657763
0.17347354
0.17905751
0.19308549
0.19530621
0.19387308
0.19308554
0.19082941
0.18617615
0.19336097
0.21464129
0.18787485
0.18383808
0.19011645
0.19024949
0.18425086
0.19048613
0.19091368
0.20868087
0.23794097
0.20454974
0.19642258
0.21362485
0.19310562
0.1804221
0.2173255
0.28931385
0.21281685
0.17798802
0.18323001
0.18874303
0.18905392
0.18733212
0.18264066
0.1825021
0.178119
0.18546315
0.18635279
0.18352821
0.18701239
0.17915085
0.18386394
0.18224384
0.19041558
0.19037105
0.18605283
0.1832207
0.18780221
0.19044226
0.19838935
0.19575809
0.19207716
0.19054236
0.19626483
0.20060429
0.20456386
0.20302631
0.20412081
0.19700083
0.20256123
0.21777098
0.20416196
0.19670074
0.20164572
0.2187606
0.22666927
0.21534453
0.22179002
0.23831135
0.22278881
0.20824687
0.20354734
0.21109037
0.2223029
0.21120201
0.2032519
0.20502771
0.21227086
0.22405998
0.20767204
0.20085791
0.20592971
0.20842871
0.20287408
0.21001908
0.23827668
0.21596347
0.20842636
0.20477064
0.20910272
0.20216432
0.20004265
0.19523901
0.19766557
0.20092276
0.20708182
0.19729078
0.19348946
0.19998586
0.23051412
0.19817974
0.17931068
0.1938637
0.19688135
0.20380105
0.19150737
0.19304517
0.1931292
0.20471027
0.19617517
0.19886887
0.20057546
0.19964711
0.19272974
0.17872937
0.17818724
0.18254708
0.18598872
0.18796265
0.18664917
0.18059742
0.17253217
0.17719842
0.1753077
0.1880074
0.17758381
0.18373238
0.18416789
0.18319835
0.17062809
0.15662201
0.149783
0.15758972
0.15823314
0.16826127
0.16348541
0.16731301
0.17010418
0.17379765
0.17593823
0.16787055
0.172023
0.17887796
0.18340468
0.18074918
0.17292021
0.17917633
0.17767207
0.17349882
0.15943511
0.15769984
0.15869573
0.16362597
0.15920284
0.17278731
0.17192863
0.17973341
0.16798148
0.17143045
0.17019035
0.17672922
0.17431864
0.17647876
0.1713182
0.17237227
0.17425066
0.1820305
0.18159595
0.18002117
0.18198954
0.17667514
0.18857284
0.18177813
0.1823367
0.17399235
0.17347199
0.18575011
0.18519062
0.18783042
0.18814604
0.19720249
0.18833144
0.18057021
0.17433865
0.18645255
0.18784402
0.1872906
0.17708486
0.18768686
0.1876982
0.20245643
0.18867081
0.18744388
0.17895785
0.18957204
0.17762707
0.17922692
0.17257497
0.18649624
0.18800686
0.19105491
0.19077492
0.19102573
0.19138269
0.1886579
0.18518004
0.18608065
0.19823746
0.20130521
0.19517879
0.17882304
0.1871382
0.1894497
0.19723214
0.18539803
0.1906386
0.18014453
0.18316086
0.1797181
0.18874888
0.19674386
0.1948626
0.19140995
0.18404733
0.19603384
0.19500782
0.18848743
0.17503436
0.17019208
0.17166418
0.16879879
0.17151642
0.16866522
0.1745869
0.17805691
0.18744648
0.19322821
0.18299481
0.18069936
0.1927916
0.2108828
0.2086792
0.18447073
0.18410537
0.17794584
0.19441742
0.1779666
0.19299541
0.19905819
0.20456588
0.20085552
0.18007065
0.18338706
0.16940214
0.17293468
0.17193392
0.17634517
0.17514211
0.18026824
0.17931806
0.17805839
0.17892848
0.19212429
0.19589046
0.1940267
0.189833
0.18392359
0.17967801
0.17772375
0.18081684
0.18356551
0.17162728
0.17444214
0.1692409
0.17177851
0.16649519
0.16067281
0.16314937
0.15375832
0.16413704
0.16724966
0.16732317
0.1589674
0.16139099
0.17439169
0.1800193
0.17607723
0.16835581
0.16842148
0.16108055
0.17007883
0.17185858
0.1778396
0.16522507
0.16302243
0.16337097
0.17182516
0.17804769
0.17826027
0.18124962
0.17961597
0.19003947
0.1898535
0.17953724
0.17749499
0.17991239
0.19888104
0.19589537
0.19862345
0.19041744
0.18550871
0.1778336
0.18304338
0.18527062
0.18567649
0.17617895
0.18658173
0.19654721
0.22874744
0.27190033
0.21357273
0.17903616
0.18399262
0.1934225
0.19689319
0.19049492
0.19370385
0.19738282
0.19847773
0.18004487
0.18329161
0.18807462
0.18683016
0.18815698
0.19250889
0.20479508
0.20038505
0.18976311
0.18340583
0.18188848
0.1856172
0.19216327
0.19599044
0.20338221
0.20470835
0.20856674
0.19803827
0.19399832
0.19248286
0.18590897
0.1904196
0.18187858
0.18483727
0.1818824
0.19106545
0.18851443
0.18520023
0.18543275
0.18806738
0.18727754
0.17912062
0.17620642
0.18022676
0.18703198
0.19079784
0.19862784
0.19154903
0.19771823
0.18792914
0.18726322
0.18301162
0.18521753
0.17891885
0.18233597
0.1883785
0.18808492
0.1936373
0.18363091
0.18871793
0.18514206
0.1883026
0.1861048
0.19545509
0.18851516
0.19117202
0.1800994
0.18668753
0.1898291
0.19147274
0.18748437
0.19578737
0.19878061
0.21566336
0.20006458
0.19330439
0.17885898
0.18287484
0.18436015
0.18493313
0.19361442
0.19219567
0.19832633
0.20206405
0.20687702
0.20885451
0.20945142
0.20753089
0.2099531
0.20174019
0.21513331
0.21815324
0.21944886
0.20720394
0.20913482
0.21827666
0.2296707
0.21387444
0.20530924
0.2030778
0.21819851
0.22058323
0.22087106
0.21014586
0.21808155
0.22210357
0.22880849
0.22350745
0.2134734
0.21215646
0.21046942
0.2240783
0.21400613
0.21981743
0.21565513
0.22761339
0.23819447
0.22668105
0.23589174
0.22170173
0.22546798
0.20147865
0.20477822
0.20563717
0.2280985
0.23000501
0.23298597
0.22807692
0.23043141
0.23351327
0.23511773
0.22752567
0.23416835
0.22704811
0.24005412
0.2342607
0.24923554
0.24590883
0.23800024
0.22859307
0.22945027
0.22838902
0.24265957
0.24206205
0.25035918
0.23390496
0.22340146
0.22843556
0.23424873
0.23969643
0.23127367
0.2362261
0.24027272
0.24487555
0.23920755
0.23622456
0.23856473
0.23983236
0.2459515
0.25395128
0.24385472
0.24263506
0.22510663
0.22488353
0.21320386
0.21439004
0.21711798
0.21792714
0.22008325
0.21351884
0.20962028
0.20439087
0.21779689
0.22937854
0.2271069
0.22397897
0.2090282
0.20658699
0.20909046
0.21249372
0.23227361
0.22622207
0.2260869
0.21425866
0.20740591
0.21392593
0.20968364
0.21151309
0.20627785
0.21126112
0.21626197
0.22552115
0.22076607
0.22237754
0.21915427
0.22456549
0.22274937
0.221284
0.2240206
0.23679455
0.24142598
0.24002895
0.23025534
0.2318686
0.22195095
0.20623793
0.20621808
0.2068744
0.21647224
0.2009794
0.21811554
0.22529595
0.23255196
0.22071631
0.22832586
0.2245082
0.22116007
0.2092605
0.21249138
0.20174138
0.19645774
0.18512249
0.19045204
0.1868653
0.19722399
0.19104363
0.18884915
0.18156901
0.20621572
0.20482935
0.20108718
0.17882562
0.18007597
0.19904298
0.1962128
0.19532903
0.18087651
0.19299072
0.20494896
0.20206346
0.1961009
0.18830286
0.19318525
0.19018146
0.19121997
0.18547067
0.19280674
0.19257635
0.19447601
0.19138867
0.18815535
0.19062434
0.19635457
0.20075883
0.2008477
0.19930157
0.19469774
0.20348687
0.1994893
0.19721408
0.1961499
0.18864544
0.20222014
0.19649236
0.1982764
0.18498132
0.19067648
0.20041431
0.21834666
0.22420812
0.22016385
0.20632556
0.19704938
0.19329362
0.1996097
0.2167477
0.23194931
0.23501095
0.21534827
0.21558695
0.21266684
0.21841241
0.20208901
0.19435717
0.1904248
0.19058275
0.19501382
0.1970362
0.20978151
0.21426508
0.205039
0.2008178
0.2069454
0.22399727
0.2320923
0.21808322
0.2084914
0.20068546
0.2083454
0.21389756
0.21333158
0.21845718
0.22616878
0.23437017
0.23510963
0.23537964
0.23935166
0.23167457
0.22989137
0.21587321
0.21421409
0.21057351
0.2507233
0.26795137
0.2691502
0.23854661
0.23549807
0.2463057
0.25151154
0.24548642
0.2315744
0.230653
0.23602709
0.24174598
0.23646502
0.22983606
0.23174708
0.2426405
0.2407221
0.24213602
0.2375713
0.23646182
0.22612014
0.2194845
0.22117619
0.21955046
0.22215103
0.23550038
0.24697825
0.23933032
0.22798704
0.2293715
0.24724486
0.2637615
0.28992558
0.27789536
0.2762688
0.24792385
0.2632459
0.24731548
0.25554538
0.25355187
0.259048
0.2400391
0.22923031
0.22728011
0.24632412
0.2556211
0.2553141
0.24682966
0.23656964
0.23486382
0.23780273
0.23678227
0.24711525
0.25034812
0.25572628
0.25046584
0.24551809
0.25174484
0.25438517
0.24918208
0.241866
0.23610093
0.2448934
0.25294772
0.26442963
0.26258826
0.26094076
0.25269955
0.25448877
0.26937184
0.27236497
0.27934495
0.2831707
0.2834517
0.2646081
0.2370094
0.24336664
0.24618934
0.24433999
0.23638895
0.24455512
0.2588234
0.25371584
0.26067594
0.2500213
0.277662
0.27896827
0.30076233
0.2956958
0.2864717
0.26957667
0.27503577
0.29399157
0.30312937
0.28385583
0.28527495
0.28647754
0.29256594
0.28838158
0.27910146
0.29738978
0.2941001
0.29637194
0.29098698
0.30010903
0.30079636
0.28345615
0.2674339
0.27250576
0.2918123
0.29583663
0.29732576
0.27656177
0.27988884
0.2792882
0.2928186
0.29822677
0.30035013
0.29181537
0.2849317
0.27986503
0.27879402
0.27825928
0.2931809
0.29894593
0.3059365
0.30032152
0.30546814
0.31112593
0.31112906
0.30392253
0.28116688
0.28966793
0.30734915
0.31966496
0.2939461
0.2810671
0.2873077
0.28968507
0.27260303
0.27100548
0.270307
0.2871424
0.27369228
0.28045967
0.271738
0.2745075
0.28463033
0.28350875
0.2874302
0.26903445
0.27673057
0.28668976
0.2834132
0.29662046
0.2919587
0.3113941
0.29106972
0.27202708
0.26444304
0.25934356
0.3025467
0.37391952
0.30383825
0.27270064
0.2796456
0.30249137
0.29786876
0.30602357
0.28446713
0.28647438
0.2632745
0.2756574
0.279091
0.27907908
0.27271143
0.27327916
0.28530198
0.27530608
0.27704006
0.27251694
0.29216382
0.28643692
0.28999126
0.27630413
0.2787954
0.28493065
0.29300353
0.2954718
0.30335793
0.3083983
0.31599587
0.29350534
0.27801722
0.26322556
0.28426403
0.30460578
0.31213215
0.29578343
0.29124275
0.28382736
0.29293954
0.28084952
0.2812045
0.2738615
0.27846125
0.29375616
0.3023465
0.31545535
0.30120152
0.29732436
0.28649816
0.29401076
0.29470012
0.29985777
0.30379784
0.31269008
0.3300128
0.33047715
0.3284802
0.32095653
0.31991565
0.32875404
0.31414056
0.32241237
0.32447118
0.34345484
0.35142848
0.33457857
0.3326064
0.34342024
0.35151058
0.35892066
0.33178914
0.3295269
0.31774336
0.32326514
0.33131513
0.32181463
0.32791358
0.31519786
0.31977776
0.3078247
0.30767524
0.30546302
0.3002984
0.29505733
0.29331714
0.3011866
0.306504
0.29556748
0.29732
0.29528672
0.30105102
0.29595676
0.29083884
0.30464658
0.30818787
0.32699847
0.31221458
0.32440808
0.3171556
0.33952636
0.35074058
0.34717748
0.33755782
0.3292602
0.33628327
0.3371822
0.3269993
0.32286558
0.32900536
0.3232386
0.34288198
0.33008343
0.33251473
0.3154511
0.31685597
0.3210105
0.31680274
0.32901406
0.3286107
0.3408071
0.32706574
0.33243635
0.31807104
0.3431889
0.33043313
0.32809615
0.31561333
0.31994823
0.31888685
0.31435242
0.313389
0.31078848
0.29981455
0.30689824
0.310914
0.32232192
0.3228891
0.33425924
0.33177722
0.33014527
0.33269987
0.34055105
0.34060234
0.33700624
0.32190022
0.32426286
0.31068674
0.3335302
0.33219615
0.34695244
0.33190444
0.32104528
0.32436028
0.3144288
0.32283694
0.33506894
0.35041213
0.35770363
0.32644805
0.31786308
0.30951786
0.31243205
0.31626368
0.31329685
0.31232652
0.32045034
0.3384629
0.33548924
0.32411757
0.32809994
0.33374423
0.33154994
0.29802293
0.30473495
0.29757613
0.31138194
0.32218686
0.33054072
0.33221963
0.33447292
0.33972654
0.34269
0.32298586
0.33861402
0.33334023
0.33461896
0.3165613
0.3190669
0.3097798
0.30634055
0.29292762
0.31487808
0.33250964
0.34514353
0.32335418
0.31139305
0.30251136
0.31484225
0.30991083
0.32105017
0.32933804
0.31957188
0.33296263
0.34371862
0.37258217
0.36891958
0.35558742
0.35769776
0.35151345
0.34622124
0.32651198
0.3263954
0.32862735
0.327562
0.32637888
0.31629243
0.30243897
0.30411094
0.32465288
0.34351575
0.32651025
0.3252746
0.32811344
0.33637094
0.32765627
0.33289972
0.3258528
0.3307834
0.31217033
0.2969766
0.2924412
0.29021633
0.306159
0.30178812
0.31856883
0.32090127
0.32474813
0.30899894
0.3186596
0.32321274
0.3327271
0.32852277
0.323339
0.33383268
0.33287552
0.33768627
0.3119614
0.31365645
0.29879174
0.3057752
0.31024897
0.3229286
0.33819193
0.3379249
0.35348195
0.36637637
0.3495953
0.3278838
0.31121004
0.3292739
0.3338243
0.3309059
0.31946874
0.31762537
0.34778467
0.35054773
0.3659454
0.33427855
0.33860055
0.32840967
0.33063948
0.3247351
0.32138798
0.33254078
0.32352066
0.34332523
0.34482953
0.35820863
0.33563823
0.33353812
0.33639306
0.34144878
0.3220078
0.33042186
0.33069178
0.34149176
0.33918026
0.34951183
0.34767336
0.33893445
0.34470445
0.34394222
0.34799632
0.32112196
0.31978792
0.3119572
0.31229448
0.33667433
0.3546632
0.37529776
0.36487484
0.35446915
0.34718707
0.32936275
0.3184298
0.30517024
0.34268263
0.34310746
0.36723948
0.3515758
0.37055466
0.36524147
0.35297498
0.35262752
0.33236456
0.3237827
0.32140997
0.33483496
0.34202838
0.3367778
0.35290572
0.36928457
0.3901471
0.37980992
0.37104997
0.35927626
0.35934192
0.39428562
0.39647686
0.39441642
0.35403734
0.34113798
0.33846548
0.3367
0.34059986
0.3269099
0.32273826
0.31160438
0.3301543
0.34124416
0.36326757
0.37306163
0.37391993
0.35882455
0.35354272
0.35805672
0.3620169
0.35021776
0.34192
0.3460931
0.35725424
0.35794082
0.34690505
0.36319667
0.36526883
0.36175293
0.33128026
0.33693948
0.3338009
0.35798988
0.3515111
0.3698523
0.3593223
0.3586018
0.3456139
0.34887245
0.346521
0.3768798
0.3706212
0.3812456
0.37824342
0.38794774
0.39513892
0.3825959
0.37064534
0.3662772
0.3827451
0.39571318
0.39201534
0.3759126
0.3843544
0.38745728
0.4094279
0.41056314
0.41772383
0.39804572
0.39413112
0.4010439
0.39094034
0.3848877
0.37027365
0.3918429
0.38656226
0.37040508
0.373517
0.38571316
0.41154325
0.39888376
0.39085263
0.38785318
0.38143453
0.35750547
0.3364582
0.34647742
0.36772034
0.39190593
0.3897475
0.3858864
0.38866314
0.40106085
0.40676817
0.3991276
0.37749025
0.36514065
0.34771383
0.36049435
0.36466533
0.38150397
0.37097615
0.37948674
0.35547176
0.3606073
0.35810485
0.38023204
0.36984077
0.36409348
0.37610438
0.395655
0.39423484
0.38856485
0.3744051
0.38787383
0.38478634
0.39744425
0.38100824
0.3600197
0.36399412
0.38424984
0.43495807
0.43452418
0.42149794
0.40028495
0.40102127
0.40410015
0.4220859
0.42057645
0.4181575
0.38706884
0.41523498
0.42907804
0.4272543
0.37758756
0.37082964
0.37969467
0.3772616
0.36656326
0.3618377
0.37591073
0.37018147
0.36823884
0.37016636
0.38900328
0.38341916
0.3598938
0.35007128
0.35771036
0.38030142
0.38673192
0.4096129
0.42306492
0.43944797
0.40622377
0.4160228
0.40044868
0.39953288
0.37185514
0.35860768
0.37446126
0.36800572
0.39350647
0.38732943
0.41028595
0.41608053
0.4296359
0.42950684
0.39542845
0.3765864
0.39620972
0.4107291
0.40767717
0.3789054
0.36567292
0.37185207
0.36793217
0.39105386
0.38609174
0.38288048
0.37250605
0.3984358
0.40318924
0.39894003
0.38524866
0.36775288
0.35572708
0.34122738
0.3610115
0.39237702
0.40406036
0.4071192
0.37458545
0.36653918
0.3701703
0.38647136
0.39092606
0.38871258
0.37589914
0.38615745
0.3739938
0.38747957
0.38241792
0.3899831
0.381108
0.35264465
0.3337802
0.330693
0.33009565
0.3423463
0.34192085
0.35472748
0.36682254
0.38478985
0.38273978
0.36816984
0.34643176
0.36671805
0.3716941
0.38013178
0.37083057
0.3683191
0.36943424
0.35739207
0.35724124
0.36350492
0.41466135
0.4064247
0.3856087
0.33449766
0.3405269
0.32972258
0.36662883
0.3642664
0.36944643
0.3202784
0.30390334
0.33818346
0.35004687
0.35401177
0.33229953
0.3290011
0.33522463
0.3173403
0.33094138
0.34959036
0.3668479
0.35215956
0.3226194
0.3356441
0.3470893
0.35518
0.33574572
0.33645797
0.34379125
0.3634816
0.36605296
0.40051252
0.39860466
0.3827779
0.3739099
0.36404106
0.3891744
0.351255
0.35737526
0.3249112
0.33474645
0.3341862
0.3488887
0.36205134
0.35787007
0.3724632
0.41204837
0.42631707
0.4427406
0.42587233
0.4244653
0.41331378
0.39811885
0.41035774
0.40721613
0.42321712
0.4276929
0.44140905
0.43935564
0.44606474
0.43303543
0.41473895
0.4052979
0.40292713
0.41333532
0.43663752
0.45699912
0.4674055
0.45391697
0.4302586
0.4306339
0.42315397
0.4235408
0.42748156
0.41051367
0.4146855
0.3941903
0.4396483
0.44580945
0.43997344
0.41263485
0.40794888
0.40553054
0.39344826
0.41450492
0.42918444
0.43563744
0.41757026
0.43886954
0.49905843
0.5049982
0.46757534
0.42889044
0.43928778
0.46954906
0.4938134
0.5087752
0.5150791
0.4701119
0.45486578
0.4486594
0.46394292
0.46505773
0.4696551
0.44896358
0.45220077
0.44519493
0.44726732
0.46525562
0.45792216
0.4526504
0.43047887
0.43778336
0.4646635
0.4560468
0.4486066
0.43901855
0.4434935
0.43321183
0.41959128
0.43244576
0.4481195
0.4897101
0.49132943
0.5056885
0.466741
0.44173682
0.421711
0.4319182
0.4266735
0.42728072
0.4260111
0.42073074
0.4165175
0.44758713
0.4810558
0.505532
0.48386928
0.45765686
0.4351112
0.41797528
0.4205765
0.4347349
0.41890946
0.4293658
0.41926485
0.44510633
0.4153534
0.3994961
0.37903228
0.4170323
0.40538874
0.38325205
0.3818621
0.3792901
0.40415648
0.38122618
0.40648973
0.42556396
0.4346802
0.43545747
0.434419
0.44348583
0.431029
0.4046321
0.4004324
0.39833182
0.40007934
0.37702587
0.3956837
0.43208265
0.45213115
0.45062843
0.42907655
0.42383116
0.44285613
0.4637502
0.51835114
0.4831778
0.47479984
0.4125355
0.42880413
0.41130075
0.4248212
0.40656015
0.4426418
0.43386054
0.4373942
0.39640507
0.4328863
0.46082518
0.48074314
0.44397563
0.45232746
0.46389684
0.49908447
0.47168577
0.45430788
0.45982745
0.45892045
0.48883557
0.4559458
0.5075339
0.49922305
0.5415131
0.5035577
0.49108267
0.48225018
0.47522855
0.46957305
0.42481482
0.44695997
0.43934345
0.45488378
0.44635832
0.45005417
0.4669651
0.46478248
0.44251347
0.42466158
0.41017988
0.4161611
0.4121128
0.39942697
0.40302342
0.41315827
0.44166577
0.45497063
0.44030914
0.40675205
0.41686922
0.39393204
0.40507907
0.40961
0.44219667
0.4492357
0.40566632
0.41133502
0.40381372
0.41912493
0.39761654
0.3790767
0.37956128
0.39742026
0.42507184
0.44661966
0.440161
0.43524927
0.41423485
0.4256084
0.4158974
0.41008684
0.37388757
0.3482569
0.32608593
0.34618565
0.37875128
0.392114
0.3664974
0.3421571
0.3514937
0.3438493
0.33046415
0.31966794
0.31988254
0.3562735
0.34684983
0.3747291
0.3555716
0.3847504
0.3765557
0.3754276
0.3715582
0.3457961
0.3420904
0.333812
0.34758157
0.33892137
0.32509738
0.31894237
0.34302294
0.35882735
0.39110214
0.3852416
0.34818926
0.3760977
0.374996
0.3706913
0.3581012
0.33720732
0.35263386
0.37686473
0.41074148
0.40835744
0.40544
0.3753826
0.39547446
0.4339444
0.4287515
0.4190387
0.39186752
0.40721774
0.4240425
0.40566525
0.39938718
0.40088475
0.44061226
0.45316845
0.4593997
0.47510195
0.4729086
0.48240027
0.4684965
0.5193771
0.52526677
0.5033258
0.46316764
0.4358508
0.44627357
0.43557668
0.46682468
0.4808874
0.5113637
0.50352585
0.4986788
0.48487335
0.4327517
0.42309365
0.42369193
0.4422125
0.4449177
0.41774124
0.43713528
0.43686858
0.4344271
0.39260507
0.37122563
0.40211618
0.4149308
0.4157852
0.39273852
0.40266523
0.40151983
0.39813957
0.38720182
0.4024517
0.3912786
0.4103388
0.46022233
0.47319856
0.46566516
0.4029459
0.4170206
0.39480376
0.38446108
0.38583633
0.36816013
0.38079914
0.38880935
0.42110777
0.5503121
0.58217484
0.53064466
0.4550432
0.40165102
0.41403678
0.42748722
0.46062362
0.46831563
0.40930554
0.41637254
0.43342716
0.4632709
0.45374897
0.44749415
0.4241374
0.42783424
0.44006908
0.4773726
0.44845062
0.4321984
0.40874967
0.43565482
0.43245804
0.42969194
0.3956152
0.39193684
0.38634723
0.38612494
0.40243098
0.41939533
0.4602134
0.45453495
0.45413974
0.43031597
0.41128686
0.42158568
0.4157136
0.41753128
0.4410026
0.44861302
0.45835915
0.46950486
0.47474167
0.48872373
0.4805943
0.48060915
0.53970027
0.55366814
0.56567067
0.5086413
0.5001063
0.5086109
0.49411657
0.52507776
0.48597002
0.5064669
0.46301988
0.48945248
0.47558275
0.45336744
0.47508284
0.53170943
0.58066046
0.5463424
0.47306177
0.4643676
0.44409534
0.4125938
0.426287
0.43113402
0.4296392
0.43442202
0.46095315
0.45501533
0.45377266
0.447725
0.43529832
0.41752845
0.43273342
0.45245838
0.47086772
0.53463143
0.5102801
0.49487492
0.476327
0.47985587
0.49219745
0.5040064
0.5336907
0.5103813
0.5117283
0.51286316
0.5203867
0.512987
0.51176065
0.4788165
0.49596342
0.5190667
0.5486619
0.6319634
0.60233504
0.58211124
0.54654455
0.54669005
0.5617293
0.5581879
0.5944791
0.5966399
0.6699389
0.6387973
0.6195976
0.55043054
0.53301954
0.5140008
0.50458914
0.4988954
0.49256897
0.4843127
0.48225796
0.4711152
0.4395813
0.4304595
0.4268345
0.44004768
0.45118016
0.4733027
0.4818261
0.48613408
0.47997168
0.47252664
0.47249377
0.5177829
0.5126567
0.4976717
0.49042004
0.49471927
0.47974172
0.4826488
0.51067466
0.5143026
0.50197774
0.49583536
0.5093615
0.5265627
0.5573108
0.58766854
0.6125886
0.58766955
0.5622392
0.5495155
0.55812126
0.55333346
0.56007564
0.557526
0.553882
0.55043226
0.53225905
0.5469219
0.55614996
0.55243075
0.54247797
0.5770851
0.5958751
0.65596074
0.6730896
0.5921622
0.568536
0.51498777
0.4811023
0.4707933
0.45661506
0.4286716
0.41359842
0.40753585
0.41009513
0.4355644
0.4431753
0.44168085
0.43782339
0.56379724
0.5526618
0.5606068
0.57922953
0.56482387
0.42338267
0.5460518
0.5469172
0.551987
0.5962421
0.6383237
0.5427454
0.56730896
0.561171
0.52943385
0.48728043
0.47061688
0.47227415
0.47454983
0.475585
0.48048112
0.489397
0.506779
0.5069754
0.526023
0.5327162
0.558505
0.5399543
0.5532681
0.5824995
0.5797954
0.55172145
0.5240594
0.5208265
0.5116755
0.52693313
0.52967805
0.60361856
0.5882057
0.5818428
0.621099
0.6377143
0.6014845
0.61908734
0.59754187
0.5595955
0.5716964
0.5786436
0.5767091
0.57911485
0.59087527
0.56884104
0.55241704
0.5357364
0.53163266
0.55087477
0.5393223
0.6083246
0.6100095
0.6708886
0.6777696
0.67643577
0.61339885
0.60539657
0.574849
0.5666904
0.61089015
0.64296234
0.6708695
0.6799527
0.68015456
0.7110412
0.708589
0.70699817
0.7098174
0.7431089
0.73299414
0.6836795
0.6486078
0.66442484
0.6383961
0.67021614
0.68558717
0.73585016
0.7582306
0.83148223
0.8356448
0.852314
0.87636524
0.8880168
0.8760214
0.8403889
0.8424177
0.7984484
0.7629962
0.70766705
0.7167107
0.73328304
0.7471414
0.7491118
0.8068296
0.80756855
0.77433974
0.73292524
0.69739026
0.7023591
0.6739613
0.67263055
0.6948455
0.7648147
0.83636826
0.87695545
0.8635626
0.8205796
0.85124326
0.78646743
0.74874777
0.7498618
0.77481705
0.83713007
0.83676654
0.8646773
0.90983486
0.87540764
0.86087424
0.8613221
0.87757105
0.88501793
1.0189782
1.1054629
1.121241
1.2007822
1.2308165
1.3353615
1.1672453
1.2216629
1.286852
1.3126281
1.3111084
1.2893307
1.2964479
1.2045366
1.2705191
1.2952842
1.2540745
1.2083019
1.2454616
1.1617908
1.1359015
1.2033038
1.2215872
1.1613591
2.588486
3.1410198
4.5280194
11.668042
4.595694
3.1134152
2.4636223
2.0875337
0.7989129
0.76417106
0.8196244
0.87197334
0.9040754
0.87923706
0.91726816
0.9336042
1.0269401
1.0904105
1.1229296
1.1377046
1.1502017
1.5112048
1.7858744
1.7429028
1.7992631
1.9135574
1.9593414
1.9433999
1.7515286
1.8496767
1.814408
1.8783721
1.8595868
1.8808061
2.0293093
2.0982213
2.166055
2.1642146
2.1579368
2.3663156
2.1812463
2.1410859
2.08716
2.0970383
2.1368601
2.0063193
1.991625
1.9430692
1.8338075
1.5892296
1.4866209
1.4251959
1.4726509
1.455533
1.329997
1.3103751
1.2944916
1.3338685
1.3283343
1.3495013
1.325403
1.3560485
1.423138
1.4883485
1.5851357
1.6802248
1.9033519
1.9119221
1.999333
2.0433135
1.9990436
2.0606883
2.0388718
2.1333733
2.1177802
2.1177802
2.1177802
2.1177802
2.1177802
2.1177802
2.1177802
2.1177802
2.1177802
2.1177802
2.1177802
