824.31177
395.47595
261.62573
210.3786
179.00348
155.95877
138.14136
123.57655
111.116486
100.469315
91.17429
83.239204
75.97876
69.61203
63.989178
58.852108
54.225063
50.238266
46.544155
43.190235
40.193783
37.431347
35.027626
32.863426
30.747583
28.907482
27.159061
25.590998
24.23483
22.795973
21.65272
20.489475
19.50758
18.500591
17.706799
16.857586
16.07993
15.430618
14.756406
14.134149
13.572801
13.082953
12.544553
12.098963
11.637039
11.196479
10.772167
10.439347
10.139287
9.780709
9.499282
9.221526
8.944471
8.7162
8.466225
8.229826
8.016837
7.8654294
7.6034694
7.4708014
7.2677865
7.0780115
6.963803
6.8135676
6.679198
6.522762
6.420345
6.2281575
6.102642
5.9865193
5.8764725
5.7663183
5.666052
5.547958
5.467013
5.366853
5.236673
5.1933994
5.176316
5.035618
5.036109
4.876113
4.7786016
4.7235093
4.6829805
4.596575
4.487229
4.475481
4.389671
4.3168936
4.3038006
4.2188473
4.1704025
4.1421347
4.1108747
4.04666
4.0095496
3.9380155
3.902089
3.8643563
3.8582144
3.7932863
3.7590506
3.709919
3.6607852
3.6109805
3.5810182
3.5724616
3.499046
3.4754937
3.4940343
3.4434245
3.3924146
3.3771758
3.3399086
3.3126533
3.2731962
3.2537775
3.2383091
3.2217894
3.1682277
3.1665604
3.1391075
3.112226
3.0865605
3.0809803
3.0469296
3.0005903
3.0039308
2.936845
3.0051086
2.9110634
2.895168
2.8703704
2.8655062
2.8267653
2.8235373
2.8161185
2.7950609
2.7873507
2.7432218
2.7554526
2.7171648
2.6978984
2.6732202
2.6523921
2.6624439
2.6199887
2.6790135
2.583764
2.5641365
2.6212246
2.5486338
2.5523076
2.5420218
2.500591
2.5031826
2.490909
2.5033567
2.4846635
2.4521606
2.433793
2.4213321
2.429855
2.4526591
2.4281337
2.4258163
2.4048326
2.4371405
2.3402607
2.355423
2.3310833
2.3385851
2.3198645
2.316753
2.3102548
2.3137991
2.3067713
2.2736068
2.2660549
2.2753985
2.279541
2.23693
2.3039753
2.2147093
2.2189853
2.2047498
2.2135684
2.1967473
2.187455
2.1778316
2.16621
2.167156
2.148899
2.1606903
2.156232
2.14855
2.1233037
2.1264737
2.0853817
2.144052
2.1044698
2.0947602
2.0828724
2.0804062
2.0935304
2.0644097
2.0599425
2.0550056
2.0508227
2.0324483
2.032059
2.0428138
1.9961864
2.0340774
1.9883716
1.9955435
1.9957588
1.9609989
1.938576
1.9869227
2.021076
1.9663042
1.939249
1.9270498
1.9408388
1.9314995
1.9207468
1.9394872
1.9169061
1.9016814
1.8886305
1.8888828
1.8987268
1.8854781
1.8896312
1.8698843
1.8772222
1.8703061
1.8638394
1.8687003
1.8714179
1.900384
1.847985
1.8571731
1.8492508
1.8219669
1.866931
1.8276124
1.8341669
1.813676
1.8219018
1.8361837
1.8314377
1.8091799
1.8103201
1.795794
1.7932043
1.7918586
1.7858559
1.7747769
1.7885631
1.793761
1.788764
1.8066297
1.774397
1.7811083
1.7616225
1.8032587
1.7685733
1.7696527
1.7490927
1.7355741
1.8128276
1.7376837
1.7477262
1.7349738
1.7353117
1.7398386
1.729983
1.7180465
1.739024
1.7145699
1.6976669
1.6956425
1.7100867
1.7084459
1.7196121
1.7053167
1.6990889
1.6939217
1.7071123
1.6855763
1.6886837
1.6866269
1.6870724
1.6746707
1.6877997
1.6719158
1.6844412
1.6688153
1.6810174
1.6840523
1.6894171
1.6900008
1.6654223
1.6842562
1.6716943
1.6628679
1.6689768
1.6718428
1.6754998
1.6546079
1.6474402
1.6659061
1.6301222
1.6511955
1.6406322
1.636465
1.6433314
1.6178805
1.6172551
1.6267741
1.6244628
1.6134899
1.5957556
1.607995
1.593514
1.6025522
1.592696
1.5824492
1.6000022
1.5977675
1.5760945
1.5898877
1.5578215
1.5795704
1.567432
1.5689172
1.5785663
1.5654151
1.5663837
1.5880533
1.5741957
1.5786835
1.5727443
1.5714557
1.5815314
1.572435
1.5545294
1.5612932
1.5628339
1.5706638
1.5722427
1.5613108
1.5637615
1.5671936
1.5631185
1.5398782
1.5417451
1.5335658
1.5433629
1.546137
1.5332277
1.5319144
1.5289538
1.5219051
1.5320847
1.5239505
1.5156429
1.5058991
1.5205375
1.5167724
1.4922101
1.4906718
1.5126036
1.4937749
1.486127
1.4871986
1.5047576
1.4987702
1.4819753
1.4962764
1.4842111
1.4715604
1.4813372
1.4765648
1.4818131
1.4753709
1.4768174
1.4560332
1.4608203
1.4670357
1.4678637
1.4722688
1.4498906
1.4447123
1.4675488
1.4537168
1.4436164
1.4409018
1.4546472
1.430601
1.4507653
1.446888
1.4573723
1.4449877
1.4346092
1.4263415
1.4282763
1.4217811
1.4139594
1.4188261
1.4398341
1.4208704
1.420129
1.4079264
1.4122028
1.4142085
1.4168987
1.3962613
1.4152732
1.3987845
1.4088945
1.4044195
1.3996272
1.3938847
1.3967676
1.3855842
1.3891971
1.3924342
1.3913356
1.3884912
1.3940312
1.3932759
1.3813047
1.4001651
1.3930423
1.3851446
1.3936328
1.396079
1.3914418
1.381725
1.380479
1.3872253
1.4020759
1.3885938
1.3964095
1.3802664
1.3819337
1.3940176
1.3792565
1.4000509
1.3796455
1.3734812
1.3699292
1.3807803
1.3542677
1.3586755
1.3636377
1.355975
1.3483077
1.366731
1.3504436
1.359038
1.3329854
1.3411347
1.3333539
1.3403071
1.3431664
1.3298889
1.3372002
1.3355881
1.3431326
1.3259481
1.3347002
1.3270067
1.3123175
1.3371881
1.3229638
1.321583
1.3153204
1.3259339
1.3321699
1.3242426
1.3238823
1.3166181
1.320289
1.3345771
1.3138989
1.3163574
1.3067484
1.3108085
1.3073487
1.3117149
1.3073342
1.2934463
1.2984462
1.3134857
1.3113244
1.2848295
1.2939212
1.3080832
1.2928166
1.2720017
1.2876562
1.2985415
1.2775178
1.2953075
1.2790464
1.2896417
1.2953838
1.2817597
1.2868679
1.2711985
1.2694716
1.2711215
1.2800518
1.2742068
1.2769805
1.2882859
1.258797
1.2727407
1.2658882
1.270459
1.2630665
1.279589
1.2637528
1.2664512
1.2637255
1.2577868
1.240449
1.2553715
1.2536596
1.2548795
1.2568979
1.2521445
1.2417146
1.2521293
1.2528754
1.2434878
1.2369392
1.24537
1.2374276
1.2361033
1.2440605
1.2378156
1.2405896
1.2228997
1.2454723
1.2488319
1.2309266
1.2422335
1.2357025
1.2281018
1.2226043
1.2250009
1.2239836
1.2224156
1.2314488
1.2387443
1.2242886
1.2165861
1.2137697
1.226834
1.2263325
1.2081271
1.2326587
1.2171807
1.2090356
1.2103281
1.2106242
1.2276524
1.221663
1.2053671
1.1988543
1.1981816
1.1977485
1.2068124
1.1899004
1.2004312
1.193972
1.1869612
1.1831734
1.179094
1.1670595
1.1712145
1.1699024
1.166946
1.1726147
1.154435
1.1643561
1.1497608
1.1573058
1.1528785
1.1542469
1.1427075
1.1489077
1.1509678
1.1518209
1.1455159
1.1526699
1.158588
1.1408085
1.1606251
1.1413336
1.15187
1.1323497
1.1503398
1.1382828
1.1157556
1.1181126
1.1249391
1.1182876
1.1139864
1.1269089
1.1225234
1.1124331
1.1127971
1.1106849
1.1242622
1.1105354
1.1296821
1.1095492
1.0891129
1.1033514
1.1113725
1.1014082
1.094059
1.0974976
1.0883523
1.087445
1.0858374
1.0926011
1.0872514
1.0759401
1.0753675
1.0813644
1.090892
1.0734086
1.0783192
1.0622683
1.0866798
1.061846
1.0787007
1.0689183
1.0745447
1.0737196
1.0774765
1.0679783
1.0561587
1.0622481
1.0524133
1.0576736
1.0674814
1.0703803
1.0639387
1.0592539
1.0526277
1.0586902
1.0589933
1.0528636
1.058503
1.0575987
1.0604391
1.0504351
1.0515404
1.0363904
1.0320895
1.0309237
1.0376714
1.0299823
1.0343572
1.0518491
1.032648
1.0250481
1.0172849
1.0284196
1.0209006
1.0255172
1.0137944
1.0401386
1.0112149
1.0178517
1.0029457
1.0116543
1.0091857
0.9996295
1.0003732
1.0078789
0.98103803
1.0008322
0.99964523
1.0118688
0.9927456
0.99455816
0.9955538
0.989096
0.99526584
0.98508865
0.9923789
0.9848074
0.9884688
0.97557235
0.976338
0.9743754
0.9762548
1.0030768
0.98191303
0.9838588
0.9985199
0.97254324
0.9713646
0.9862892
0.9670888
0.9707564
0.9658059
0.9592885
0.9598517
0.97171843
0.9580153
0.9769594
0.9602187
0.9677378
0.9669271
0.961858
0.952997
0.96471685
0.95206434
0.9670181
0.9539698
0.9486955
0.95401317
0.9519315
0.95209163
0.95348173
0.9528633
0.9378858
0.94124305
0.95093846
0.93656284
0.93461514
0.94847107
0.9338926
0.92521775
0.93067205
0.94708884
0.923569
0.91906494
0.9191374
0.90727085
0.9200627
0.91450596
0.92228884
0.90470135
0.9266934
0.92411554
0.91488403
0.9108673
0.9014188
0.90569305
0.8933423
0.89077896
0.8990719
0.90417314
0.90071017
0.89412016
0.879955
0.8916381
0.8904517
0.8915279
0.8820587
0.88790464
0.8804937
0.87831527
0.87681156
0.86893755
0.88871497
0.88296765
0.8772199
0.8712346
0.8700901
0.87137556
0.8731491
0.86208236
0.866302
0.8677089
0.860038
0.8511555
0.8570441
0.86763644
0.8620516
0.85753053
0.8600585
0.8511627
0.84399676
0.85746074
0.8499593
0.848628
0.83812547
0.8425036
0.84628797
0.8518087
0.84042555
0.8298805
0.8411407
0.82807726
0.8229764
0.81722474
0.81783694
0.8285477
0.81494397
0.82265574
0.8184283
0.81584406
0.82000095
0.80917156
0.81526667
0.8057654
0.79832286
0.80391353
0.79592055
0.7955087
0.8002231
0.7947018
0.787321
0.79251516
0.77748644
0.7894524
0.7973331
0.7740264
0.7823125
0.7872009
0.7717547
0.7830762
0.7790443
0.77809995
0.7889078
0.762249
0.7825151
0.7701679
0.7650319
0.76889014
0.7774402
0.7708725
0.7634286
0.7679725
0.76784164
0.76328856
0.7625958
0.757006
0.75427026
0.7551
0.7418803
0.7393851
0.7649907
0.74031526
0.7536857
0.7423646
0.73660773
0.74558777
0.7369293
0.74078566
0.7370381
0.7365442
0.7467355
0.72723293
0.72848314
0.7365307
0.73058397
0.72974014
0.7256917
0.73398864
0.7353027
0.72947174
0.74646956
0.72914654
0.73515934
0.73223835
0.7324358
0.73205805
0.7275862
0.73061466
0.7263919
0.72056526
0.7222738
0.72275263
0.74277455
0.70899546
0.7123027
0.71967125
0.72817296
0.72272193
0.71663976
0.7120845
0.7109701
0.71874595
0.7251223
0.71314514
0.7143425
0.71704537
0.7021153
0.71403694
0.71499634
0.7056055
0.7209609
0.71255916
0.71641266
0.70862573
0.71521723
0.7036445
0.7094432
0.6952193
0.71730465
0.69913495
0.6955569
0.69488347
0.69660527
0.6770899
0.6962142
0.687555
0.6969401
0.6951371
0.689651
0.6806073
0.69816136
0.68639755
0.68039316
0.6804478
0.6792807
0.68460476
0.6720813
0.6936245
0.68322915
0.68455875
0.66693485
0.6637663
0.6786173
0.6727679
0.66849905
0.67310405
0.6723205
0.674389
0.678718
0.67496836
0.6705233
0.67372876
0.6618045
0.6794571
0.6840204
0.6530742
0.6666444
0.6773331
0.66485685
0.6752263
0.66779053
0.6598984
0.6623265
0.6654147
0.67346054
0.6776964
0.6589635
0.66360474
0.67281157
0.66476566
0.6556342
0.6515864
0.6545837
0.6445091
0.6500934
0.6522944
0.65308744
0.6569046
0.6582976
0.6484826
0.64361423
0.6387395
0.64187056
0.6321169
0.65623057
0.64873964
0.6481842
0.6457003
0.648765
0.654131
0.6484377
0.6503864
0.64149237
0.64850676
0.63630664
0.6399081
0.6375908
0.63293403
0.63855314
0.6371098
0.6421708
0.64340264
0.62562966
0.6360486
0.64544594
0.6221408
0.6321079
0.6195209
0.64144576
0.623104
0.6246529
0.62156093
0.6331386
0.63543296
0.6246183
0.6252876
0.6262108
0.61646396
0.62304574
0.6248698
0.62206954
0.62264425
0.60704833
0.6133511
0.6196229
0.6145083
0.6229942
0.6242322
0.6192271
0.6241329
0.61305565
0.6087008
0.59895796
0.59887534
0.6032429
0.59065187
0.59527016
0.60629827
0.59866995
0.6053777
0.6012189
0.604582
0.600309
0.5965639
0.6039107
0.607154
0.6000836
0.60056096
0.5964088
0.5933309
0.5927818
0.60957533
0.5915432
0.5963553
0.5961604
0.59568393
0.5951284
0.5979374
0.58747727
0.59831816
0.59500307
0.60177714
0.5906212
0.5886737
0.5868105
0.5897271
0.59561515
0.5911207
0.5909675
0.5997107
0.58790314
0.58121485
0.5908166
0.5935683
0.58311117
0.5911953
0.5808744
0.57160443
0.5681233
0.57843155
0.5811845
0.5778447
0.57171714
0.5772601
0.5802105
0.5782255
0.5704144
0.57511747
0.5829108
0.55948424
0.5784198
0.57239157
0.5752954
0.5718421
0.5639856
0.5730287
0.56840056
0.5759988
0.5742272
0.5636178
0.5642642
0.57852334
0.56891114
0.57105684
0.5619833
0.5514785
0.54734564
0.5648081
0.56082714
0.5567438
0.5467447
0.56341326
0.5461709
0.55700666
0.5536153
0.5501252
0.55628103
0.5502339
0.54945165
0.55003023
0.547553
0.54849267
0.54986256
0.54905397
0.5403687
0.5502119
0.5441267
0.54370975
0.5475111
0.54244745
0.5444809
0.54751444
0.54782057
0.55474323
0.56180245
0.5423511
0.53667253
0.556783
0.54574627
0.53616077
0.5525277
0.546367
0.54318964
0.54968023
0.54911727
0.5462385
0.5397406
0.53102267
0.5452165
0.53965646
0.5450508
0.54158145
0.54314643
0.5286047
0.53562504
0.5374135
0.53944486
0.54031605
0.53534174
0.5372623
0.5319281
0.53488445
0.5273406
0.5342451
0.5450188
0.5256534
0.52926856
0.5370303
0.53070205
0.541059
0.53381693
0.52668315
0.52715
0.5143085
0.5333262
0.5244617
0.5203969
0.5224432
0.53162843
0.5175451
0.5301269
0.511053
0.52166533
0.52135414
0.5209554
0.51717365
0.5049317
0.52462924
0.5224715
0.5118399
0.5132164
0.5083055
0.5088461
0.5149391
0.510527
0.5030273
0.51209486
0.5015951
0.50784713
0.50192755
0.50955725
0.51133406
0.5044948
0.5111184
0.5084147
0.5028836
0.50626457
0.50515074
0.5043465
0.5034492
0.5075462
0.5060635
0.50143886
0.50401187
0.5140343
0.501625
0.49844912
0.5020051
0.50228685
0.4891966
0.49129325
0.5015267
0.49538386
0.4943927
0.48486796
0.49035802
0.5015045
0.4894686
0.5012393
0.4850824
0.4919718
0.4842008
0.48597032
0.48037857
0.49721357
0.4877162
0.49023807
0.48716477
0.48699585
0.4874599
0.480931
0.4854018
0.47088706
0.4692634
0.48185036
0.47173592
0.4661331
0.48135
0.47337964
0.46461913
0.4673069
0.47016728
0.4592617
0.46086365
0.4692359
0.4725237
0.46222267
0.46471202
0.46253166
0.46644995
0.4595667
0.4656563
0.45663962
0.4575134
0.45208374
0.45210522
0.44733876
0.45917997
0.44823703
0.46292466
0.4492242
0.46091533
0.44937697
0.45833093
0.45768952
0.45190287
0.4620942
0.45196414
0.44620258
0.4432108
0.4495729
0.44898713
0.4528886
0.45640785
0.44410083
0.4472712
0.45712528
0.43784106
0.43504128
0.43981352
0.46055862
0.44439846
0.45364285
0.44458717
0.4321181
0.4368802
0.44735256
0.4350273
0.44281626
0.4357704
0.44585207
0.44985858
0.4325961
0.4451657
0.4382865
0.43897694
0.43884078
0.43767613
0.4345215
0.43644312
0.4405518
0.4285959
0.4406779
0.4393228
0.43976527
0.438325
0.43385103
0.4324148
0.4304079
0.43691087
0.43849367
0.43023896
0.440749
0.4263732
0.43657723
0.43173307
0.42472365
0.41705427
0.43054125
0.42360947
0.43104455
0.42562273
0.42544577
0.42379367
0.41546756
0.42711282
0.41193047
0.42134842
0.42761478
0.42847717
0.41978845
0.4215607
0.41764158
0.41926762
0.41499457
0.41473815
0.42296156
0.41018698
0.41012916
0.42372516
0.41100037
0.40443292
0.41212365
0.40798527
0.4132597
0.40814754
0.41535768
0.42246732
0.41235083
0.4104702
0.40717664
0.4234696
0.4024623
0.40632942
0.40846944
0.4165833
0.409587
0.40648738
0.41105837
0.4065684
0.40522957
0.40487015
0.40959212
0.40197998
0.40703267
0.41017365
0.4048985
0.40173283
0.40819466
0.39862514
0.39956358
0.40175292
0.38469642
0.39466593
0.3961305
0.40172002
0.3973718
0.390131
0.39552042
0.39668643
0.40355223
0.40100923
0.38418198
0.39690557
0.39005047
0.39325067
0.40458873
0.38801742
0.3873839
0.39476624
0.39446306
0.38282597
0.38447523
0.39037305
0.3799385
0.3860121
0.38756764
0.39288503
0.3833189
0.3825047
0.3808403
0.38772574
0.38718134
0.3749496
0.37919065
0.378864
0.37857062
0.38968405
0.38133547
0.38446707
0.38360736
0.3768033
0.37578103
0.38958326
0.38574207
0.38135767
0.38421
0.37088618
0.39001688
0.37613633
0.36999977
0.37415943
0.37213165
0.37509868
0.3778994
0.37345254
0.3822316
0.3724961
0.36528045
0.3692969
0.37731162
0.3699674
0.374016
0.3751481
0.38635376
0.37733924
0.37223682
0.3826213
0.3667
0.38062638
0.3817315
0.36680266
0.37521145
0.37894487
0.3735729
0.36584333
0.37307367
0.37049234
0.37413135
0.37468117
0.37954068
0.3754787
0.3627697
0.3645303
0.37411016
0.37000096
0.36994937
0.3864718
0.37024617
0.3645154
0.36897472
0.3692754
0.36442688
0.358247
0.36720482
0.36319453
0.36245182
0.3583521
0.36936247
0.36454543
0.36279327
0.36326566
0.36599097
0.35952136
0.36596966
0.36413202
0.371172
0.35261703
0.36021975
0.36068293
0.3684363
0.354043
0.3527095
0.35401452
0.36014035
0.35548156
0.3528657
0.35370582
0.35661086
0.35655996
0.35954437
0.34933913
0.34720808
0.36212343
0.36225238
0.35342416
0.36933076
0.36249164
0.35661125
0.35650092
0.36040524
0.34891325
0.36347324
0.3577226
0.3530703
0.36569324
0.35928652
0.35963482
0.3582916
0.34779418
0.36145994
0.34187734
0.34594005
0.3524875
0.35280696
0.3552658
0.3502381
0.3477678
0.34554744
0.34445384
0.35396063
0.34275207
0.34454438
0.34060463
0.34590605
0.349482
0.3487076
0.34007096
0.34129712
0.33868152
0.34557346
0.35400534
0.34174788
0.3393051
0.33642232
0.3456021
0.34220135
0.3386572
0.33182037
0.33303708
0.3506544
0.33385143
0.33012268
0.32965633
0.33954027
0.34278005
0.3383716
0.32707733
0.3463026
0.3316613
0.33127514
0.32623625
0.3276671
0.32776323
0.33268458
0.33435658
0.3274804
0.33481115
0.33520865
0.3345581
0.32913
0.32908025
0.32225668
0.33615965
0.3225028
0.32665902
0.32926276
0.33412325
0.33091658
0.33148402
0.32722688
0.3246921
0.32509303
0.32333854
0.3299417
0.31897077
0.32207775
0.3174138
0.32325336
0.32236984
0.32617956
0.32396087
0.3196616
0.32398704
0.31557658
0.3192991
0.3200738
0.32280943
0.32003656
0.32326782
0.31362253
0.3178546
0.32148245
0.31004837
0.3092401
0.31863445
0.30991113
0.31571892
0.31548113
0.31473693
0.3115047
0.32439998
0.30867335
0.3121335
0.3172077
0.31847996
0.31093797
0.31183964
0.304379
0.3167301
0.2994579
0.3044102
0.31040034
0.31605104
0.30348957
0.30829787
0.3116
0.30542424
0.31705943
0.31301472
0.30594817
0.31239358
0.31685174
0.30291328
0.30663598
0.30355653
0.31341985
0.29948527
0.31328195
0.31053546
0.3014143
0.3051508
0.31497982
0.30553508
0.30959007
0.31365323
0.31372362
0.30126438
0.30761147
0.30943018
0.31104603
0.30533385
0.31243175
0.3041484
0.31085718
0.30997917
0.3048447
0.30141675
0.29787356
0.30644628
0.30364707
0.3094431
0.29887298
0.3046906
0.30281603
0.30841026
0.3022752
0.3037849
0.30617473
0.3035555
0.3045523
0.30162305
0.30001175
0.30349803
0.2979814
0.30247834
0.2950597
0.30550134
0.30081087
0.30021048
0.2977364
0.3078332
0.30584127
0.31027555
0.30302048
0.30205435
0.2884609
0.3111687
0.31182942
0.2940312
0.2992
0.30417898
0.30744052
0.29944423
0.3059714
0.3108495
0.30254266
0.29722932
0.30682242
0.29083326
0.30077767
0.30277616
0.30217114
0.29408872
0.30283734
0.30511558
0.30041683
0.29926825
0.30560318
0.2950945
0.29328665
0.29759675
0.29637823
0.29408813
0.29188833
0.29211363
0.2894715
0.29929015
0.2941729
0.28608555
0.30499315
0.30210805
0.29953146
0.30039182
0.28652093
0.2950273
0.29570937
0.30117488
0.2962301
0.30397883
0.30309376
0.29128146
0.28730366
0.29470482
0.29240993
0.29905057
0.29388148
0.28915894
0.28943577
0.2867958
0.28480574
0.29148915
0.2859775
0.2839271
0.29299027
0.28430593
0.3008479
0.28917736
0.28897846
0.28486612
0.28762516
0.29196206
0.28874353
0.2839722
0.28722188
0.2918728
0.29060942
0.28536877
0.28624222
0.29323354
0.290154
0.28354922
0.29489908
0.2933126
0.29166862
0.29335895
0.28576723
0.29279658
0.29429618
0.29335043
0.28460166
0.28682762
0.28750223
0.29976827
0.28245056
0.28758773
0.29048398
0.28887782
0.28385103
0.29179022
0.28205982
0.28669798
0.2855423
0.2883413
0.28509787
0.27945977
0.283286
0.28978774
0.29123014
0.2943266
0.29369336
0.28468513
0.29072037
0.2882676
0.28249255
0.282578
0.28637165
0.2883088
0.29903525
0.28925914
0.2851225
0.28291067
0.2855248
0.279684
0.28607395
0.28411794
0.2946183
0.29134765
0.28271276
0.28218728
0.27248076
0.2882858
0.2817989
0.2857883
0.26972055
0.29298764
0.27680063
0.28389752
0.27394044
0.2857038
0.27683792
0.27014524
0.27579883
0.28126836
0.26886103
0.2692778
0.28827983
0.27823249
0.28518745
0.2751173
0.28694403
0.2798221
0.28364682
0.2755029
0.27015406
0.2788613
0.2784862
0.27121937
0.27393502
0.27498633
0.2736528
0.27993804
0.2746954
0.2727427
0.27506062
0.26873037
0.28018633
0.26805884
0.28338042
0.27722034
0.27783802
0.27529228
0.2796947
0.2763537
0.27182057
0.27605683
0.2732753
0.27530968
0.2729789
0.2673555
0.27116415
0.27716595
0.28568313
0.27597454
0.27369377
0.27911785
0.28234053
0.27477828
0.2759321
0.27911055
0.26777458
0.2745469
0.27321175
0.27414784
0.27238476
0.26849496
0.2737608
0.2696847
0.2732715
0.2751962
0.27551395
0.26098084
0.27133882
0.2611213
0.26730058
0.26758736
0.26705772
0.271401
0.25946927
0.27000943
0.26885068
0.26321402
0.2629883
0.25840396
0.28474513
0.256851
0.27702036
0.26248854
0.2594471
0.2672213
0.26446894
0.26572585
0.25997284
0.2648474
0.2685043
0.26604718
0.2685144
0.2687906
0.26878205
0.27836522
0.26613286
0.2656675
0.266522
0.26380506
0.2628149
0.26319754
0.2591979
0.25768185
0.26818565
0.2627983
0.2593624
0.2690199
0.25727242
0.26392958
0.25974387
0.25986466
0.2658264
0.2625347
0.26346004
0.2652891
0.2584176
0.25567645
0.2639985
0.25703454
0.25643307
0.26195887
0.2631076
0.26768667
0.26489294
0.26149777
0.26009753
0.26081017
0.26861468
0.26686546
0.25796166
0.26328206
0.26598313
0.26393738
0.26396883
0.24905285
0.26429653
0.264485
0.26585332
0.26903212
0.25898942
0.26007736
0.26875657
0.25744978
0.26614207
0.2621263
0.2600525
0.26626965
0.26114213
0.26451236
0.26718986
0.25842983
0.26094177
0.26399627
0.26474077
0.2632017
0.26498428
0.25498655
0.2575296
0.25970003
0.261996
0.26107126
0.256326
0.25787106
0.26373962
0.25500372
0.25338736
0.26436803
0.26122648
0.25248134
0.26191834
0.25674435
0.25224754
0.26188788
0.26158658
0.25544822
0.25102642
0.26286796
0.25065982
0.25527033
0.2498768
0.2577861
0.25701284
0.2537553
0.2563299
0.26828378
0.25120753
0.25797862
0.2564983
0.24690622
0.25160977
0.2551556
0.24112612
0.2662822
0.26926887
0.25969613
0.24518193
0.25500777
0.2515412
0.24331923
0.25747395
0.26507524
0.24750938
0.25565687
0.25648564
0.2608424
0.25523302
0.26564753
0.25670105
0.260048
0.25373226
0.25555506
0.25838628
0.24813496
0.25734332
0.26578808
0.2698528
0.2564682
0.25740775
0.25400653
0.25941372
0.25657803
0.26062042
0.26436085
0.26274562
0.249363
0.2564714
0.25983006
0.2504244
0.2547296
0.25289166
0.25151232
0.2445357
0.2518419
0.2479781
0.2466274
0.2441463
0.25617683
0.2524742
0.24278237
0.255223
0.24513716
0.24780178
0.24920079
0.24897157
0.23985283
0.24645428
0.24725375
0.24894802
0.24095744
0.24057768
0.24699599
0.253478
0.24126922
0.24566458
0.23972091
0.23852259
0.24599868
0.24345425
0.24399398
0.2406787
0.24200073
0.241955
0.24180414
0.24654298
0.2471797
0.24042793
0.24475801
0.23986344
0.24417666
0.24166061
0.24738935
0.2494004
0.24616168
0.24897307
0.24879031
0.22989759
0.24302863
0.24270163
0.2397799
0.23897682
0.2354286
0.23968801
0.23933065
0.24865155
0.24567872
0.24228317
0.24686588
0.23615934
0.23766296
0.23923905
0.24617974
0.24470013
0.23128803
0.24445394
0.23817977
0.2447708
0.2313914
0.24650146
0.23886539
0.23732683
0.24738881
0.2355186
0.2318902
0.2441884
0.24338354
0.23937355
0.24040343
0.23356333
0.23367678
0.23425241
0.23057269
0.23933917
0.22733279
0.2329
0.22631103
0.23399252
0.23331544
0.23757526
0.23779836
0.23491304
0.2345894
0.23202394
0.23222293
0.2460057
0.23575658
0.2403052
0.2363396
0.23845086
0.2464136
0.22943565
0.23110673
0.23915395
0.22891764
0.24101382
0.23456518
0.2374781
0.24968037
0.23188311
0.24091251
0.23227866
0.23609123
0.24378143
0.23472038
0.2357058
0.23377305
0.23195004
0.23575595
0.2383195
0.22602567
0.22622779
0.23854159
0.24254674
0.22707231
0.23475629
0.22660811
0.23800589
0.22753443
0.23999307
0.22692566
0.2377992
0.23361494
0.23531209
0.23166086
0.22876024
0.23169829
0.22112997
0.23350778
0.2223977
0.22504279
0.23776203
0.22582869
0.23894931
0.23066881
0.21961428
0.2397294
0.22314878
0.23003507
0.22959785
0.23291713
0.22676492
0.23396307
0.23603387
0.22099718
0.22038488
0.22048055
0.23353851
0.21911234
0.22987784
0.2332549
0.22125791
0.23340343
0.24117689
0.22543669
0.22408088
0.22973259
0.23202334
0.22815578
0.23242532
0.23333897
0.23030895
0.23077193
0.22351608
0.24259411
0.22732754
0.23281416
0.24657823
0.2396334
0.23199137
0.23730637
0.22969048
0.23814665
0.23901905
0.23209365
0.24192317
0.23086442
0.2393938
0.23726867
0.23482725
0.2333638
0.24056813
0.23592989
0.2371346
0.23223986
0.2316307
0.23524624
0.23843522
0.23697765
0.24340974
0.2456582
0.23399922
0.23391515
0.2356863
0.23042607
0.2336946
0.23285954
0.24513236
0.24256371
0.23430176
0.23455021
0.2424871
0.23990008
0.2361921
0.22709534
0.23250812
0.24360384
0.23408009
0.23046118
0.24524276
0.24110033
0.24389394
0.23918954
0.24134491
0.22821452
0.23824854
0.24825253
0.23078308
0.23988152
0.23252979
0.24692135
0.23830785
0.2423197
0.23924392
0.23945811
0.2431245
0.23488735
0.24106346
0.24242382
0.24240322
0.23952518
0.23662683
0.2389822
0.24282452
0.24572177
0.24391398
0.23008649
0.2331918
0.2376368
0.23523611
0.23514462
0.24681886
0.23779471
0.2350047
0.23458576
0.23940943
0.2372606
0.23186082
0.23998243
0.23803931
0.23305108
0.23673245
0.22611333
0.24493645
0.23432854
0.23004282
0.22970252
0.23657367
0.23913045
0.24261576
0.2329208
0.23258506
0.23633522
0.23696432
0.23123886
0.23008303
0.24063417
0.23496018
0.22669934
0.22872616
0.22602901
0.23549353
0.23265924
0.23694907
0.23548728
0.24425355
0.23009615
0.22967239
0.23977259
0.24416718
0.23117647
0.23688775
0.23109844
0.23969251
0.23597525
0.23323977
0.2340535
0.24165757
0.23287646
0.38490218
0.2338701
0.2251146
0.23177321
0.23236966
0.24009688
0.22874565
0.23447798
0.23142682
0.2345179
0.23321782
0.23630492
0.23166999
0.23596497
0.23407851
0.23271094
0.24141245
0.22691101
0.23045291
0.23195589
0.2387418
0.22527193
0.22259384
0.22297812
0.22884876
0.22180897
0.22806512
0.2245646
0.22278585
0.22719334
0.22363646
0.22184302
0.22541755
0.21814378
0.22524913
0.22036572
0.22047411
0.22994672
0.22477624
0.23172393
0.22210562
0.22397728
0.2233072
0.22152117
0.23754361
0.24168961
0.22541794
0.22116959
0.22165304
0.22967958
0.22796997
0.22729121
0.22899611
0.23815773
0.23505472
0.23227996
0.23236015
0.22560702
0.24246898
0.2343805
0.22731772
0.22968936
0.23078209
0.22590661
0.23457478
0.22415014
0.2176875
0.22969498
0.21950255
0.23045354
0.22142689
0.22466736
0.23069699
0.22848198
0.2221904
0.23362722
0.22671801
0.23073299
0.23354456
0.23122641
0.22875278
0.21382782
0.23498774
0.22708908
0.22485283
0.22894785
0.22499955
0.23661529
0.23242627
0.21763381
0.23315352
0.22468217
0.22728987
0.22854494
0.21951446
0.22358012
0.22597605
0.23420228
0.22933222
0.22536695
0.22677948
0.22603768
0.22661927
0.2285355
0.23056242
0.2233582
0.2349402
0.2258588
0.2328283
0.23242052
0.227399
0.23045158
0.21701491
0.2281348
0.22320125
0.23114236
0.22599371
0.22968625
0.22687387
0.22748455
0.217289
0.22530545
0.21887878
0.24031468
0.23291017
0.21805577
0.22744358
0.23426895
0.22575021
0.21560822
0.23044148
0.23429441
0.23248626
0.24558559
0.23464951
0.22982112
0.22372173
0.23403706
0.22647318
0.22129676
0.22899234
0.23927897
0.22950967
0.22298135
0.2364552
0.2379793
0.22660941
0.23281275
0.23839654
0.2343137
0.23763366
0.23207065
0.23782925
0.23684238
0.22970535
0.24107243
0.23799668
0.2327826
0.23367324
0.23367512
0.2358904
0.23880737
0.24119236
0.23646826
0.24136543
0.23507231
0.23830843
0.24205992
0.23405474
0.25742278
0.24284163
0.24805725
0.25198787
0.25223276
0.2675442
0.27257708
0.27695313
0.2823255
0.28589073
0.29026872
0.28767785
0.2970174
0.31164145
0.3333692
0.32882074
0.34446302
0.3429287
0.34041122
0.32670975
0.32361507
0.31819224
0.30894524
0.3103994
0.2845192
0.28420895
0.2643695
0.2573326
0.24587022
0.25641152
0.23117775
0.23967911
0.24196227
0.24083078
0.23593514
0.24293631
0.23968653
0.23839241
0.23772684
0.23013487
0.2252936
0.22324996
0.23449086
0.2378268
0.23673066
0.22165269
0.2230934
0.22383732
0.22675475
0.22522615
0.22209698
0.21622892
0.21747588
0.222673
0.21829972
0.22458857
0.22286053
0.21488048
0.22485799
0.22348179
0.22177808
0.22312294
0.22330812
0.21963562
0.21475069
0.22200671
0.21902864
0.22242837
0.21974781
0.23215702
0.21778025
0.22286971
0.22520058
0.22781946
0.2255952
0.22528426
0.22644557
0.22783338
0.22017176
0.22111653
0.22324961
0.22085232
0.2154839
0.2184085
0.21491164
0.21704602
0.2185644
0.23081893
0.22251725
0.21551655
0.21969894
0.22615515
0.2226535
0.2124584
0.21785821
0.21615404
0.22429697
0.21850139
0.2226876
0.22299731
0.2216263
0.21834141
0.22304252
0.21766114
0.2195554
0.2110244
0.22803605
0.23247747
0.22512655
0.21290807
0.21835643
0.21681865
0.21014005
0.207155
0.21357773
0.20770566
0.20726505
0.21363215
0.20803007
0.21096213
0.20096721
0.20913726
0.20772505
0.2053203
0.23689714
0.20970257
0.20925592
0.21028832
0.21265687
0.20727469
0.21867162
0.21854088
0.21387446
0.21795532
0.2153935
0.22190149
0.21608888
0.21438405
0.21594042
0.21206489
0.2214522
0.21361749
0.22376853
0.2167196
0.21140537
0.21324058
0.21882723
0.21564086
0.22261928
0.21389669
0.20548978
0.2110467
0.2160424
0.20976616
0.20485948
0.21482764
0.22600622
0.20495653
0.2117826
0.21491607
0.20716085
0.21141973
0.20693666
0.21157701
0.20817614
0.21031205
0.21228383
0.2086694
0.20910205
0.21717396
0.20881377
0.21542716
0.21084201
0.22821812
0.20984824
0.20883909
0.20809753
0.2114194
0.21823306
0.217585
0.21208255
0.20957679
0.2062027
0.21003325
0.21121395
0.20749408
0.22105359
0.20919478
0.21503054
0.20681156
0.20826341
0.21585514
0.21998586
0.21297169
0.21131353
0.20508091
0.2082214
0.21336661
0.20393614
0.21080321
0.20782728
0.20835806
0.20972209
0.20549557
0.20358396
0.21231326
0.20601982
0.21099894
0.2017154
0.20326647
0.20241697
0.20005456
0.20376475
0.19742261
0.20431292
0.20043343
0.2057445
0.19752921
0.20068899
0.20380698
0.20339699
0.2013546
0.20234151
0.20518284
0.20057137
0.224792
0.21593207
0.19753122
0.20327401
0.21552765
0.2024186
0.20706668
0.2049843
0.21919888
0.20225234
0.20635955
0.212553
0.19977003
0.20594709
0.20338207
0.20422938
0.20454538
0.21554337
0.20432611
0.20310058
0.2118259
0.20232855
0.20570369
0.20349939
0.2003762
0.20779185
0.21100943
0.21633229
0.20296621
0.20620698
0.20066369
0.19946569
0.20246382
0.20788461
0.20862131
0.2022295
0.19759366
0.2048166
0.19754432
0.21508333
0.21322289
0.20584387
0.19854943
0.21188724
0.20697786
0.21415262
0.20627789
0.20843887
0.21146223
0.20562702
0.21773326
0.21138602
0.20046379
0.2164271
0.2195343
0.20654845
0.20362611
0.20819564
0.20360349
0.21400666
0.21490663
0.21595235
0.2127285
0.20721906
0.21326548
0.2094301
0.22188628
0.21332851
0.20385401
0.21572961
0.21987319
0.20560062
0.21015881
0.20989136
0.20973857
0.21352047
0.19907074
0.20996721
0.20591266
0.21679571
0.20774479
0.21118642
0.20618735
0.21174332
0.2008683
0.20974177
0.19403829
0.21776192
0.21503906
0.21636091
0.21597342
0.20947923
0.20972835
0.21043001
0.20774943
0.2233584
0.21447875
0.2164916
0.21098237
0.20811534
0.20848568
0.20546167
0.21095061
0.2031568
0.20986094
0.20431778
0.19708823
0.2028972
0.2013888
0.20435832
0.20607236
0.20414108
0.20846765
0.20999035
0.20357585
0.21372782
0.19846544
0.21374789
0.21208574
0.20806558
0.21341954
0.21296073
0.21161589
0.20132393
0.20500185
0.20184036
0.21257764
0.20761684
0.20866676
0.20434675
0.21662624
0.20179911
0.19892205
0.20581102
0.21575321
0.2035523
0.19527374
0.20292802
0.20517848
0.20248856
0.1981613
0.20320658
0.21461637
0.20612799
0.20911475
0.20871632
0.19726637
0.20363213
0.21261135
0.21543182
0.20943484
0.21118781
0.21076187
0.20114659
0.21026829
0.20530851
0.21159154
0.22103718
0.20980114
0.21268086
0.22175243
0.21228117
0.2154303
0.20773087
0.21422884
0.21575147
0.21338192
0.21318486
0.21429314
0.21101668
0.20635739
0.20628104
0.2022898
0.19697356
0.2186108
0.20304096
0.21512912
0.211289
0.21253966
0.21443477
0.20848903
0.20159182
0.21383515
0.20939918
0.20098177
0.20601487
0.20748948
0.20718546
0.20294133
0.20561476
0.20769496
0.20603548
0.21316907
0.21135259
0.20476478
0.20909923
0.206446
0.20147735
0.19807014
0.20526107
0.20579815
0.20396052
0.21456142
0.21189478
0.20671149
0.20871519
0.20655243
0.21518922
0.21334554
0.22423233
0.20819013
0.20680675
0.20964183
0.21804446
0.21270986
0.20844477
0.20990607
0.21496996
0.2106139
0.21187359
0.2192614
0.21648899
0.20845677
0.20779468
0.20642953
0.21372955
0.21385665
0.21423872
0.21532564
0.2091606
0.20344707
0.22949587
0.21591054
0.21049713
0.21345198
0.20397052
0.21184435
0.21105473
0.21262974
0.21179973
0.20736465
0.20938995
0.21071096
0.21283945
0.21275997
0.20737067
0.20787394
0.20632178
0.21024331
0.1991434
0.21171997
0.20198993
0.20811126
0.20432363
0.22142789
0.20874788
0.21145941
0.21199532
0.20981549
0.20365506
0.21591859
0.2172085
0.20538719
0.2066182
0.2096442
0.20638219
0.21057399
0.20806372
0.20347661
0.20488165
0.2111293
0.21465471
0.21769415
0.20237513
0.20753117
0.20567322
0.21315803
0.2041039
0.20511284
0.20280142
0.21821779
0.2047471
0.20626102
0.21940005
0.19694778
0.20876198
0.2009214
0.20426525
0.19013382
0.21259283
0.20193683
0.2131023
0.20457207
0.20839944
0.1941006
0.20222418
0.19978903
0.21053094
0.19838236
0.19713636
0.21029717
0.21334891
0.19594623
0.20640129
0.1978134
0.20224026
0.20671254
0.2035536
0.20353653
0.19614059
0.21329492
0.2075371
0.19579896
0.21107736
0.20940231
0.20515738
0.20509462
0.21845248
0.20100074
0.2051943
0.19631094
0.20653881
0.19568296
0.21732081
0.21666738
0.20795594
0.20251144
0.20466278
0.20949943
0.22516029
0.19496648
0.19909246
0.19991875
0.20277879
0.2029445
0.1965529
0.19926737
0.20791262
0.19341178
0.21282429
0.20543566
0.20044993
0.21222867
0.19680779
0.20475143
0.22009578
0.20105079
0.21303199
0.20323093
0.21824332
0.2055915
0.20383805
0.20612109
0.20232497
0.19714543
0.21904013
0.2036859
0.20611951
0.2028308
0.19633149
0.19368656
0.21154715
0.19848461
0.21992154
0.19721964
0.21514428
0.21691716
0.20178062
0.20245023
0.20075196
0.19016735
0.19867378
0.2042239
0.20653993
0.2036825
0.20158082
0.22070108
0.20545343
0.1967319
0.19593024
0.20110899
0.20562284
0.206868
0.20212878
0.20419335
0.20324719
0.20894353
0.19924779
0.20626165
0.20509765
0.22216909
0.21064766
0.21105592
0.20108895
0.20261979
0.19717626
0.19340299
0.21112205
0.20348798
0.21236752
0.20146085
0.20472328
0.19816324
0.20317581
0.19318189
0.19575758
0.21171552
0.20791644
0.20482232
0.20281227
0.20581485
0.20387347
0.21271503
0.1925691
0.20615217
0.19517301
0.19773547
0.20045127
0.19805564
0.21401034
0.20029637
0.20463817
0.2083772
0.19911975
0.20919316
0.20795013
0.20434189
0.19316146
0.20238921
0.20337778
0.19561712
0.2146437
0.2131263
0.20082262
0.20089678
0.20430811
0.20794094
0.20466775
0.20117415
0.21579334
0.21186787
0.2101114
0.21354394
0.20607561
0.2034288
0.21744266
0.20701425
0.21121077
0.21220723
0.22083338
0.22563127
0.21299309
0.20122059
0.20343788
0.22046305
0.20814596
0.2171891
0.20608054
0.21156184
0.2096517
0.21696503
0.2103929
0.21124469
0.209448
0.20981842
0.21858786
0.2056803
0.20816246
0.21002513
0.21108092
0.21365021
0.21093985
0.21361823
0.22231466
0.20986478
0.21655384
0.20645481
0.20921563
0.2158083
0.2179916
0.20859632
0.2028981
0.21569842
0.2119456
0.21584485
0.21793827
0.20913053
0.21412055
0.20892723
0.20885907
0.21947242
0.20726398
0.2153167
0.21135786
0.21420442
0.20930481
0.21903785
0.2216673
0.20849468
0.21358949
0.20374656
0.2208328
0.21550976
0.21333933
0.20539376
0.20635477
0.21694979
0.21269631
0.20967177
0.21483694
0.2264878
0.21185564
0.20541763
0.20352593
0.20934951
0.21996817
0.21696892
0.2077004
0.21068022
0.2051997
0.20297147
0.21408111
0.21395653
0.21313462
0.2112709
0.20585729
0.21520428
0.20154977
0.19964387
0.20884903
0.20914307
0.21326034
0.20858763
0.21198787
0.2068619
0.21490405
0.19575168
0.22627524
0.20768884
0.20153524
0.2145182
0.2028439
0.20717661
0.20220456
0.20910211
0.21069159
0.20416322
0.19783135
0.20424524
0.21546039
0.20887934
0.21259062
0.21906403
0.2038682
0.22583646
0.21112768
0.19353333
0.20528714
0.20626774
0.20776598
0.20624442
0.21135284
0.20817976
0.20937125
0.21107513
0.22572397
0.20557596
0.20897427
0.20512739
0.20931186
0.20520973
0.21144861
0.20543244
0.21629725
0.21612039
0.21975094
0.20330714
0.2167657
0.2153584
0.21053463
0.21582898
0.22271037
0.22298415
0.23119202
0.20899165
0.21568622
0.2097293
0.21203272
0.21136685
0.2147152
0.2177471
0.209652
0.21808796
0.23637094
0.22818871
0.22287418
0.21551208
0.22142456
0.21634042
0.21564937
0.20767148
0.2096658
0.21343653
0.21575317
0.20810443
0.22624873
0.21495928
0.21219577
0.2185757
0.2109196
0.21624754
0.21803561
0.22866021
0.21836537
0.20753716
0.2244035
0.21662098
0.22256681
0.21817987
0.21539162
0.20901287
0.21241285
0.21439666
0.21937591
0.2254795
0.2103066
0.21900086
0.21691449
0.20694557
0.20668858
0.21378618
0.22627634
0.22251052
0.21883687
0.21548899
0.22413981
0.2185234
0.22056358
0.22088791
0.22463652
0.22756138
0.21246365
0.22264822
0.22120312
0.21774939
0.21465197
0.22532558
0.22134411
0.212732
0.22838226
0.2087865
0.22437644
0.22539388
0.21608974
0.22668226
0.21462849
0.22423448
0.22443856
0.20973599
0.21382277
0.20490603
0.21510361
0.21736619
0.2295135
0.22292453
0.21592434
0.21338977
0.21142268
0.20969525
0.2067134
0.22220114
0.20800401
0.21767232
0.21419626
0.21926719
0.21155308
0.20756789
0.20793077
0.20865582
0.22188163
0.22190732
0.20629223
0.22467957
0.21462546
0.2148245
0.21253072
0.21373184
0.21635637
0.21023995
0.2264037
0.20894916
0.2240191
0.21324365
0.21478865
0.2055368
0.23224209
0.21417257
0.21118407
0.21316914
0.21608941
0.21720019
0.21301693
0.21794504
0.20683414
0.2139327
0.2166514
0.21220392
0.20880295
0.22439858
0.2078216
0.2031571
0.22209427
0.21276906
0.20143849
0.22162771
0.21349438
0.20914257
0.21302165
0.2174436
0.20970339
0.21289666
0.21468468
0.22201082
0.20646645
0.22146505
0.21037492
0.20701924
0.21668777
0.21740445
0.21297379
0.21473806
0.22934325
0.19960299
0.21577622
0.20715134
0.21260695
0.22325605
0.22176719
0.21314034
0.2076216
0.21417575
0.2097688
0.21177848
0.21681742
0.20355019
0.22014111
0.20935334
0.20966107
0.22903368
0.21158758
0.20510875
0.21122202
0.22038604
0.2169114
0.21769579
0.2183464
0.22718671
0.21721502
0.22542848
0.2209019
0.21008027
0.22053187
0.21928938
0.2277013
0.21820107
0.22187613
0.21328156
0.22163971
0.21812344
0.21543065
0.21086054
0.2044704
0.22307374
0.21104673
0.22219215
0.22334494
0.2321336
0.21817665
0.22093119
0.22483405
0.21166585
0.21295848
0.2064472
0.21456443
0.22114858
0.21580295
0.21074663
0.2131392
0.2251411
0.22975011
0.21496834
0.2266356
0.21824676
0.20579842
0.21727735
0.2307741
0.2174986
0.21558602
0.21460094
0.22021373
0.21280818
0.21646601
0.246638
0.21867007
0.20856725
0.20768508
0.22116455
0.22838524
0.22310235
0.22844607
0.21439433
0.22801745
0.221119
0.22896639
0.2237415
0.21322645
0.22467157
0.21815088
0.2195688
0.21040735
0.21587643
0.21478926
0.2271827
0.21293648
0.22343875
0.23177302
0.2178353
0.22616194
0.21821012
0.22303821
0.2179851
0.217161
0.21471833
0.20611063
0.21904904
0.22559606
0.20582557
0.21614744
0.21548168
0.20727763
0.22610776
0.22082755
0.21493044
0.20798272
0.21382384
0.21416517
0.22290441
0.20888236
0.20930761
0.23470244
0.2095096
0.21115923
0.19923253
0.21021344
0.22761507
0.21521056
0.21116787
0.21348259
0.22182432
0.22756696
0.2271956
0.21200365
0.21709059
0.21008077
0.21028185
0.2117143
0.2059458
0.2081447
0.22045003
0.21153943
0.20763801
0.2271647
0.2183226
0.20222425
0.20519863
0.1953179
0.2160764
0.21502095
0.22151025
0.20932631
0.21660815
0.21580008
0.2113513
0.21322751
0.2185536
0.21450631
0.20552629
0.20190774
0.211571
0.2185675
0.20205727
0.21251585
0.21750711
0.20620422
0.2085054
0.20961517
0.20566851
0.22108836
0.22836138
0.22771579
0.20491695
0.20888856
0.19751546
0.20600964
0.21085633
0.21728772
0.22131023
0.20695414
0.20074773
0.2080928
0.20317894
0.21178344
0.22827582
0.21110778
0.20604415
0.19540359
0.20905656
0.1973137
0.19529007
0.20103166
0.20489126
0.19375576
0.19903521
0.2018773
0.19976793
0.20588295
0.2030486
0.20643564
0.19887525
0.2064699
0.20191464
0.2072294
0.2060294
0.20928971
0.20700234
0.19740424
0.20038776
0.20237696
0.20137036
0.20343652
0.21035345
0.20635436
0.2097528
0.19545183
0.21607424
0.20313956
0.20502013
0.20009679
0.2023391
0.20837939
0.20651849
0.20455721
0.20608976
0.20480706
0.20652555
0.20508735
0.19954367
0.20348625
0.2002503
0.19876657
0.1985302
0.20056984
0.20583381
0.21115832
0.2112196
0.20671348
0.20739807
0.20422405
0.1995181
0.20802997
0.20985276
0.20895778
0.20032097
0.21173902
0.19902818
0.19091181
0.20971401
0.19993928
0.20037723
0.20345952
0.1975118
0.19502912
0.19064347
0.2230381
0.20450225
0.20080064
0.20981066
0.20616847
0.23062082
0.19843018
0.20619234
0.20874779
0.20081371
0.1956598
0.21139216
0.2046065
0.2083207
0.19011816
0.20652439
0.20795253
0.20169881
0.20903514
0.21542773
0.20806693
0.22458987
0.20250437
0.20217165
0.21224986
0.21540552
0.20558128
0.21577406
0.21270768
0.20418961
0.21891771
0.22331522
0.20277883
0.20570092
0.20519769
0.2066368
0.21322535
0.21375248
0.20638524
0.2188553
0.20946534
0.22566402
0.20566455
0.22711834
0.22527839
0.21380094
0.21297896
0.22077812
0.20784055
0.20062716
0.21307626
0.21538514
0.20691577
0.20596123
0.2123418
0.19061182
0.2214354
0.21890922
0.21294232
0.20404166
0.1955832
0.21682198
0.21479988
0.21617626
0.22314295
0.21830368
0.20981897
0.21998392
0.21097685
0.22685948
0.20923924
0.21699719
0.21332204
0.22401178
0.21801506
0.20991707
0.2228861
0.225984
0.21727832
0.2369333
0.2268129
0.23258826
0.22569339
0.21332316
0.21771674
0.22634538
0.21171314
0.22841962
0.21913834
0.22280051
0.2167902
0.21702988
0.22796948
0.20958018
0.20935021
0.21425194
0.22044097
0.22359864
0.21531567
0.22738604
0.22019215
0.22290008
0.20966083
0.22610432
0.21418467
0.20889695
0.21874166
0.2143619
0.2147272
0.20110425
0.21040744
0.22077751
0.22184078
0.23566726
0.23080076
0.20929417
0.2213793
0.23105739
0.21881135
0.20640661
0.2121428
0.22622584
0.21401714
0.21283087
0.21797194
0.21196103
0.20865008
0.22248173
0.22038205
0.20708966
0.2205761
0.20805684
0.2217506
0.219748
0.21047582
0.20770858
0.21993877
0.20132574
0.21735457
0.21632652
0.22013892
0.22318244
0.21764113
0.22396833
0.22552466
0.22499207
0.21648538
0.2309499
0.22275482
0.21324731
0.21781556
0.24849805
0.2169266
0.24146886
0.21501112
0.21508761
0.21079911
0.21757394
0.2304234
0.21328807
0.21546656
0.2152788
0.22219287
0.2220606
0.2205644
0.21568061
0.21368423
0.22912861
0.20417458
0.22256954
0.23221137
0.23212153
0.21013297
0.22329794
0.22789103
0.22059144
0.21726707
0.21536127
0.22979595
0.21432537
0.2235342
0.20654258
0.21787143
0.21818636
0.21370292
0.22796139
0.22345121
0.21059509
0.2121129
0.21488366
0.21530513
0.21293676
0.21029207
0.22013594
0.22183034
0.23832673
0.22055317
0.21123317
0.22541647
0.22023016
0.2214019
0.23284775
0.22538416
0.22814992
0.2238661
0.22307892
0.23043078
0.21683668
0.22101118
0.2212996
0.21825817
0.21410912
0.22117162
0.21450405
0.2242356
0.21098465
0.24610616
0.22036998
0.21694571
0.23049459
0.20640264
0.22082606
0.2284668
0.20968363
0.21260028
0.22400385
0.21705548
0.21605279
0.228725
0.22170144
0.22232905
0.21627563
0.22240447
0.20920984
0.21316124
0.20468847
0.19910966
0.21884629
0.21200995
0.2035647
0.20800476
0.20947835
0.21303193
0.21120064
0.20649749
0.21150774
0.21418303
0.2113833
0.22410816
0.21839164
0.21431139
0.20550846
0.21330635
0.21142474
0.21788731
0.20617147
0.21986043
0.22065139
0.2163162
0.21713208
0.21143913
0.2095015
0.21120302
0.21855779
0.2049921
0.20223814
0.22321185
0.20467047
0.21190184
0.20893271
0.2088778
0.21327166
0.20969336
0.20565163
0.21598421
0.21806845
0.20356695
0.20767681
0.2157328
0.21314524
0.19983798
0.20330654
0.19720718
0.21195713
0.21336916
0.20964327
0.20003136
0.2067957
0.21279186
0.19809966
0.21093784
0.20720397
0.20500079
0.21123275
0.20648517
0.2121854
0.19614978
0.20991163
0.19752009
0.20717523
0.2175748
0.21652065
0.22096425
0.21801151
0.21321131
0.20668761
0.22078371
0.19600049
0.21948536
0.23356387
0.2195037
0.22029279
0.21895777
0.2277953
0.22138076
0.2083857
0.21327665
0.20405191
0.22461347
0.2143193
0.212861
0.20643467
0.2131648
0.2002884
0.2281109
0.20887168
0.2097142
0.2207685
0.21485913
0.21802409
0.21845458
0.21799007
0.2062879
0.21226284
0.22033858
0.22051218
0.21087395
0.21257278
0.22150065
0.21834192
0.20961398
0.2168803
0.20671088
0.22865042
0.22667652
0.22110665
0.21794514
0.21639393
0.23152539
0.22905125
0.22681388
0.22218847
0.21430299
0.22136292
0.22639725
0.23279771
0.24239792
0.21512383
0.22307666
0.2220861
0.22082977
0.23006098
0.22202623
0.23215224
0.22138587
0.23047614
0.22505179
0.23374872
0.2108713
0.22106194
0.23017171
0.23744869
0.22289188
0.22415791
0.21262464
0.21874063
0.22469512
0.2207103
0.21022041
0.22797258
0.22623338
0.21773992
0.22591497
0.21711709
0.21995975
0.22015008
0.2247492
0.22590214
0.23739271
0.22548427
0.21388207
0.23834783
0.22136644
0.20801972
0.21522814
0.22193727
0.23932311
0.22787878
0.2330378
0.22662003
0.21695574
0.21198094
0.22659202
0.21996132
0.2355345
0.22361925
0.23166476
0.22380458
0.22553281
0.22731474
0.21932887
0.23726253
0.21991731
0.23174943
0.23064841
0.23103619
0.22667329
0.22717915
0.21721414
0.2302504
0.21950664
0.22487146
0.22359215
0.24035949
0.21702886
0.22405201
0.22537342
0.2191912
0.21904147
0.2185718
0.21347837
0.22048841
0.22865073
0.23588222
0.23067008
0.22129644
0.24477217
0.23892483
0.23690654
0.24375321
0.22678731
0.23728071
0.23467962
0.23469749
0.2244622
0.2340073
0.233874
0.23730077
0.22650301
0.22869754
0.22661778
0.2351726
0.22750837
0.23184116
0.23632868
0.23084693
0.22655435
0.2355199
0.2387424
0.21446913
0.23349988
0.2238239
0.22539227
0.23209658
0.23165083
0.2546089
0.22248195
0.2221177
0.23122185
0.2300723
0.21913165
0.21643078
0.22519282
0.23235697
0.25872067
0.23067507
0.21943314
0.23031336
0.2124886
0.2216402
0.24253364
0.2227799
0.2369882
0.22858863
0.23032701
0.22966917
0.22866364
0.23423132
0.217884
0.22915217
0.23591352
0.24150096
0.2295059
0.23139615
0.22909738
0.23495832
0.24639145
0.23355311
0.2420165
0.23534329
0.23448057
0.2302674
0.23018567
0.22742236
0.2466516
0.24047741
0.2374654
0.24946418
0.24072514
0.23664491
0.24121447
0.26991302
0.23651661
0.23886149
0.22904639
0.24716255
0.22395428
0.24258153
0.23965834
0.24906264
0.23801656
0.23316999
0.24256234
0.24362549
0.23790435
0.23196873
0.23422807
0.2407737
0.23232284
0.22854994
0.21635306
0.24747126
0.24408358
0.2578752
0.2356667
0.22723807
0.23549631
0.22603536
0.23001458
0.23040333
0.23629533
0.22736089
0.2502662
0.23665896
0.24071504
0.23980151
0.22565836
0.25440916
0.2162581
0.22659446
0.23815313
0.23384395
0.22333176
0.22497301
0.25252792
0.22032075
0.24024743
0.23931599
0.22473246
0.24445733
0.23049995
0.23952568
0.23883024
0.21836348
0.24291687
0.23508833
0.24067463
0.22974467
0.26252607
0.25174966
0.23936021
0.24825704
0.23375306
0.22355296
0.24516733
0.2268194
0.23954016
0.24182746
0.23614122
0.23721695
0.23554574
0.23381403
0.21988507
0.2209401
0.24533547
0.23452592
0.23557238
0.22044815
0.24746798
0.24019836
0.23561105
0.22933878
0.23112617
0.23105378
0.22805937
0.21225153
0.24799126
0.23565225
0.23255754
0.2316576
0.23239197
0.21435948
0.23113795
0.21825136
0.23640417
0.21905005
0.21741968
0.21625319
0.23159015
0.22378841
0.23054977
0.21179758
0.21210559
0.20384723
0.21841235
0.23098521
0.22077674
0.21437617
0.23071411
0.22669835
0.22533487
0.227401
0.22006091
0.22633182
0.22865555
0.22728536
0.23412962
0.2254719
0.22595645
0.22105284
0.20808436
0.23312797
0.21592404
0.22130305
0.22756742
0.21882917
0.22342761
0.22616243
0.22437806
0.22553709
0.23687077
0.2267586
0.22312236
0.22991304
0.22549649
0.23471121
0.24381524
0.22813962
0.21823134
0.21877606
0.21508937
0.2164797
0.22351396
0.21484542
0.22851774
0.21884729
0.22899385
0.23211722
0.21467681
0.22479162
0.22725807
0.22739927
0.21130255
0.21676593
0.22153713
0.22776163
0.22187981
0.22727993
0.22117959
0.22038868
0.22450523
0.22968702
0.21788336
0.21707442
0.22838968
0.20651063
0.23012075
0.21820444
0.20981994
0.22620466
0.23432073
0.22587018
0.23775187
0.209815
0.21919745
0.22866252
0.2182111
0.21740274
0.20776927
0.22637632
0.21292216
0.22539242
0.23459908
0.21874249
0.2169492
0.23462242
0.2219666
0.22567351
0.21865615
0.21506605
0.2343939
0.2188815
0.22367781
0.21969864
0.21164887
0.24187377
0.21111412
0.21934253
0.27319977
0.21927615
0.21584515
0.22748902
0.22794357
0.23053262
0.22807986
0.21964073
0.2379082
0.2198548
0.22694483
0.21944502
0.21573469
0.23055089
0.21775201
0.231878
0.20904578
0.23299727
0.22342147
0.2196813
0.22511718
0.21365827
0.21895528
0.21573102
0.22173734
0.215089
0.21578446
0.22109336
0.22970635
0.23161253
0.21365595
0.23260605
0.21474586
0.2377397
0.21842873
0.24897565
0.23112606
0.22984457
0.22918853
0.22534356
0.23422185
0.21242094
0.22484389
0.23295574
0.24069984
0.23431988
0.23782796
0.24784826
0.22487432
0.21791661
0.22730131
0.24784943
0.24692887
0.26011908
0.23656711
0.23466687
0.24815358
0.23114364
0.23376335
0.2215966
0.22831596
0.23170556
0.23015177
0.2356641
0.23286816
0.2363626
0.22270069
0.23138775
0.22580184
0.23580906
0.2143089
0.22850752
0.2278324
0.22886428
0.23800555
0.21925533
0.22546087
0.22264104
0.2264101
0.22709817
0.22122586
0.24199747
0.22522649
0.24167344
0.23750484
0.2288834
0.2364225
0.23744471
0.23575114
0.22601049
0.22120252
0.22836787
0.23749027
0.22532994
0.22194412
0.24041907
0.24476753
0.23227759
0.24008909
0.24255721
0.22305673
0.23857845
0.23052761
0.23543549
0.22907113
0.23863618
0.2336686
0.23558657
0.2350955
0.23109575
0.24348639
0.23563685
0.23389427
0.23988365
0.24302493
0.24102068
0.24359214
0.25006878
0.22714585
0.23691672
0.23090613
0.24021727
0.23544586
0.23779057
0.24558985
0.22483566
0.23639007
0.21465176
0.22227642
0.2276256
0.23971552
0.23304078
0.2429888
0.22709031
0.23613158
0.2258249
0.2223717
0.23178643
0.23463763
0.22084914
0.23442715
0.22616166
0.24477091
0.2266651
0.21319091
0.22718602
0.2256876
0.21980356
0.2418241
0.2336681
0.24147916
0.21151885
0.221752
0.226118
0.22489817
0.21883124
0.22867732
0.22624911
0.24461842
0.23655222
0.22293285
0.22780186
0.22503924
0.24361308
0.24557665
0.23898141
0.24686041
0.2372762
0.2433827
0.24601091
0.2389456
0.2480796
0.24087921
0.22520086
0.22915551
0.2387227
0.23039259
0.24588741
0.23463431
0.24647218
0.23338507
0.24724764
0.23681088
0.25007063
0.24264297
0.25039986
0.28358066
0.23242964
0.2394649
0.24727932
0.2338784
0.22580332
0.23482221
0.22744524
0.2249998
0.24813402
0.24673021
0.24917525
0.23828842
0.23971398
0.24327971
0.22193024
0.23638877
0.23693559
0.24386464
0.22494362
0.2392543
0.24490245
0.24739544
0.23593932
0.24375995
0.22529413
0.23369762
0.2198573
0.22845495
0.22626641
0.2301679
0.22442675
0.2276832
0.25125355
0.23984967
0.2429121
0.23933078
0.22256966
0.23879412
0.24271655
0.22343723
0.22952661
0.24114756
0.2413279
0.23900788
0.23746414
0.23723644
0.2373544
0.24231991
0.25472856
0.26438174
0.22588451
0.22211526
0.22360241
0.25205177
0.24068913
0.23437388
0.22368127
0.2503813
0.23363005
0.22821623
0.2292787
0.21808492
0.23533092
0.23971128
0.22224183
0.22567344
0.22643484
0.2294467
0.23337485
0.22925258
0.22687407
0.22262186
0.22733587
0.22694412
0.22717239
0.23272985
0.23411283
0.22387223
0.23339988
0.22685744
0.22611785
0.2287776
0.22909659
0.23253146
0.22982195
0.23412204
0.24161018
0.23139036
0.23166998
0.23386031
0.25413725
0.22874494
0.23084666
0.24017636
0.25397173
0.22035386
0.24114947
0.23114812
0.23464748
0.25525317
0.232701
0.24457608
0.23698643
0.24331076
0.24381682
0.23120186
0.24462213
0.2466093
0.2537951
0.26421234
0.25763452
0.25110355
0.2513881
0.23637389
0.23624544
0.22740822
0.2375562
0.230647
0.23417898
0.23317645
0.23753981
0.2453996
0.2450801
0.2373038
0.23298675
0.23248695
0.24042009
0.2433262
0.23521295
0.22466055
0.24220909
0.24473469
0.21875241
0.22893713
0.21362299
0.23758934
0.23141763
0.22139144
0.22896145
0.23508449
0.25827542
0.23852819
0.23891965
0.23323137
0.22912295
0.23013648
0.24467017
0.22298673
0.24304238
0.22381504
0.23526582
0.2211261
0.22977649
0.22931074
0.23847474
0.23920456
0.22923343
0.23737627
0.25032014
0.2352368
0.23202246
0.23758368
0.23743826
0.23923993
0.23564851
0.23438017
0.24105264
0.23271444
0.23506986
0.23483595
0.22855459
0.22924533
0.23419434
0.2365737
0.23585832
0.243337
0.22018476
0.22860774
0.21836819
0.25306067
0.22392471
0.25186023
0.24848503
0.24064314
0.23452169
0.23282854
0.24388853
0.23968063
0.23994046
0.22750743
0.22691411
0.25206634
0.23879588
0.24355684
0.24226516
0.24549334
0.25873592
0.23895063
0.2406476
0.23959321
0.23996359
0.23213914
0.23269315
0.22943024
0.25013405
0.27947935
0.2356
0.24761285
0.25788617
0.24380364
0.23984042
0.23187403
0.25304645
0.24461651
0.23524503
0.2493225
0.24357626
0.24194218
0.248567
0.24748112
0.24458793
0.2540677
0.24282666
0.24434508
0.2419935
0.25649646
0.24141926
0.26273385
0.26302588
0.25074887
0.2451442
0.2546613
0.25829405
0.25043517
0.25276762
0.26578295
0.2554535
0.24677283
0.27803585
0.25408542
0.2672493
0.26843503
0.2592829
0.25330275
0.24570476
0.25893575
0.24215412
0.25712487
0.2980355
0.25231805
0.2624778
0.26323003
0.25781387
0.26557747
0.25830755
0.24658623
0.24282493
0.24535398
0.2463027
0.24437591
0.24649633
0.25976923
0.26106697
0.26048443
0.25392926
0.2628003
0.24011716
0.24481176
0.2798618
0.25616062
0.26778498
0.26300374
0.2677616
0.2632098
0.27170697
0.2866811
0.26290587
0.26118892
0.2506131
0.25613174
0.27980742
0.2688516
0.24703364
0.25557384
0.26682287
0.26138645
0.25980723
0.253416
0.26266965
0.23276937
0.2572177
0.26314938
0.27449343
0.2656013
0.25693724
0.27491567
0.24942084
0.2550761
0.27830914
0.25639752
0.2803708
0.2688255
0.25589335
0.26158985
0.25343448
0.25113803
0.26080322
0.2571737
0.27088565
0.2619012
0.25098845
0.25728002
0.26510194
0.24832429
0.27582335
0.26204392
0.26918343
0.25664857
0.24918929
0.254133
0.285259
0.23784079
0.25084573
0.2526083
0.2621883
0.26360345
0.28246677
0.2720517
0.27688304
0.25480193
0.25426465
0.24041498
0.26967332
0.25835782
0.26494265
0.26797068
0.26246098
0.25467205
0.24030119
0.25541976
0.24962799
0.2575558
0.2522344
0.258304
0.25219673
0.26082778
0.24531993
0.26322144
0.2669259
0.25699195
0.2853106
0.24090827
0.29518133
0.2514662
0.2872984
0.27435583
0.27665955
0.26574257
0.2557079
0.2596118
0.26621783
0.26031822
0.24862418
0.26258707
0.24997984
0.24369271
0.24050821
0.26482737
0.2649768
0.28974047
0.23756634
0.24807139
0.25264248
0.24977131
0.26059029
0.24896243
0.24210812
0.23371102
0.27199566
0.25070906
0.26832408
0.26609966
0.2562176
0.25953293
0.27134946
0.25600982
0.23142396
0.246286
0.2533492
0.25208777
0.25075686
0.26099095
0.24968787
0.25196248
0.26882267
0.2351904
0.23457664
0.25800428
0.25721577
0.25527114
0.23312066
0.24935353
0.24504188
0.24973893
0.24875364
0.2516105
0.24695711
0.24977657
0.25413352
0.25833678
0.25166392
0.23964101
0.2623013
0.25006098
0.25066805
0.25297996
0.26719472
0.2645046
0.24359718
0.256139
0.25490594
0.24307388
0.2598787
0.2536503
0.24410154
0.2536894
0.2526834
0.24608588
0.24465661
0.2496494
0.24513783
0.24954274
0.25462443
0.25344273
0.25760043
0.2429038
0.24100795
0.24418426
0.24773249
0.2475942
0.25899506
0.23553638
0.2589061
0.23770498
0.25552103
0.24819253
0.23659791
0.23921858
0.26061663
0.24543804
0.24334303
0.23890358
0.2298218
0.24203399
0.22895768
0.22124112
0.23155874
0.2509892
0.23321313
0.24184175
0.24996041
0.2242046
0.2347241
0.2478469
0.24091907
0.24035043
0.24969171
0.22643322
0.24087451
0.21240479
0.22667727
0.22275645
0.22970474
0.23668064
0.22560228
0.24409641
0.22621709
0.22623579
0.22953434
0.23308341
0.2282337
0.22067715
0.22369672
0.22609434
0.22287904
0.21244374
0.21591115
0.24024458
0.2229318
0.22353882
0.21678436
0.22956854
0.20942894
0.21832235
0.23880792
0.2271189
0.21802548
0.2241084
0.2418347
0.22033273
0.2211709
0.23304024
0.21108416
0.21214777
0.22802234
0.23302369
0.24945363
0.21683542
0.22094254
0.22466192
0.23635621
0.2279387
0.22256075
0.22711611
0.21607777
0.2227273
0.22278382
0.2266292
0.22062695
0.23805112
0.23520473
0.226481
0.25713575
0.23479088
0.24818172
0.2638133
0.22795987
0.23928607
0.23785202
0.24197727
0.24583374
0.24751113
0.23131384
0.23248567
0.22265816
0.24715984
0.22942138
0.25935465
0.22463092
0.23560871
0.22714347
0.24245468
0.23457843
0.2453014
0.22578892
0.2588783
0.2172815
0.22317688
0.25681424
0.22883078
0.23824349
0.23362061
0.251629
0.20941089
0.23955019
0.2428349
0.23897135
0.22503766
0.22635454
0.23337463
0.24604407
0.25133172
0.24211061
0.24784856
0.24212182
0.23241937
0.23913819
0.23631346
0.27206746
0.24574058
0.23558667
0.23877358
0.27475685
0.24613822
0.25067082
0.24376015
0.23601432
0.24517973
0.22771662
0.23649043
0.24707462
0.25032842
0.22174983
0.22919111
0.24100412
0.23419304
0.23594397
0.23651712
0.24167274
0.24906601
0.24101144
0.22358373
0.26249167
0.23742954
0.2305682
0.22850284
0.2441697
0.24398786
0.23616077
0.23043957
0.253698
0.24909905
0.2592485
0.23570356
0.23917805
0.25296068
0.24041979
0.24720529
0.23827088
0.2590862
0.24984902
0.24034742
0.23475373
0.24543616
0.26109478
0.26641157
0.2252066
0.24500604
0.24043378
0.26022843
0.24753436
0.25682595
0.26072088
0.25460845
0.24316715
0.25742072
0.24309789
0.24509157
0.22849312
0.25447452
0.24602926
0.25774395
0.2461031
0.26117024
0.24581918
0.24959752
0.25474188
0.24666728
0.24120373
0.24449416
0.241825
0.2394619
0.23651886
0.24417861
0.23389426
0.26958677
0.24262306
0.25976434
0.24778433
0.26104307
0.25383702
0.25598952
0.23348255
0.2631005
0.25230157
0.26437598
0.25182518
0.2721404
0.26823658
0.26264367
0.2691745
0.28970936
0.26331928
0.2473856
0.2526572
0.2593909
0.25328285
0.25395405
0.2622403
0.26205102
0.26518926
0.2457069
0.25660625
0.24796951
0.24321574
0.24783179
0.26753896
0.24089722
0.24421115
0.25940618
0.25524524
0.2428698
0.24970667
0.24825427
0.25591797
0.2474725
0.25474018
0.24233478
0.25423625
0.26579335
0.24873596
0.27437893
0.23875378
0.23425029
0.24399593
0.22654891
0.23080845
0.24176162
0.24710482
0.22545268
0.23868537
0.251345
0.23310626
0.22851183
0.25799865
0.25423184
0.2471596
0.25372803
0.2443098
0.2614696
0.23728701
0.2446385
0.25468105
0.24530467
0.25294656
0.23684226
0.23461384
0.24648665
0.24811941
0.24224313
0.25728625
0.2496033
0.2553772
0.2750689
0.2608737
0.25973955
0.24005605
0.2519305
0.24286433
0.24912676
0.24923503
0.24980077
0.22694536
0.24828337
0.24467051
0.23302653
0.2558342
0.24442917
0.23133513
0.224189
0.22797647
0.24314986
0.2205391
0.23991928
0.25755495
0.2420095
0.2662956
0.23630163
0.23917699
0.2394016
0.2507632
0.2607434
0.2714556
0.24473098
0.24347022
0.25948587
0.25671366
0.24295162
0.25073463
0.24560207
0.2400039
0.25800252
0.24988519
0.2488537
0.25614524
0.27819923
0.24173373
0.24430029
0.25551444
0.2528338
0.23363309
0.24286781
0.23809001
0.23988877
0.22613403
0.25280944
0.23722234
0.25163743
0.25640953
0.2561075
0.27622193
0.23231189
0.24709189
0.24525146
0.23736168
0.24017964
0.24022171
0.23622245
0.21895763
0.24137914
0.2351526
0.22827436
0.22502501
0.23371151
0.25449428
0.26091468
0.26745453
0.24896762
0.24844977
0.23476107
0.24069859
0.23452722
0.25782627
0.23877688
0.23451361
0.22736022
0.2530779
0.26809907
0.24647443
0.24601482
0.25907752
0.25429457
0.22822551
0.2643399
0.23144075
0.25845152
0.2523057
0.23350166
0.2604023
0.25435638
0.22511324
0.25672916
0.2583647
0.25196913
0.24349886
0.2585553
0.25554162
0.24041736
0.22840507
0.23135322
0.24420844
0.23330563
0.23986307
0.23096626
0.23914476
0.25622982
0.24756992
0.23910984
0.23579454
0.24107608
0.23232843
0.2400155
0.227219
0.24742778
0.24322742
0.22429003
0.23287429
0.23899165
0.23375872
0.22951876
0.22588183
0.24526982
0.22102164
0.23930751
0.22664762
0.23615474
0.22485365
0.21942937
0.25152516
0.23206113
0.23086224
0.21149285
0.23168068
0.2202208
0.22273692
0.2186337
0.2139178
0.22720623
0.22350435
0.2286649
0.23048338
0.22555603
0.19975358
0.2395163
0.22743018
0.21095914
0.22250876
0.22901517
0.2454639
0.21231012
0.23332678
0.22101967
0.24724256
0.20419434
0.23371066
0.24360079
0.1980526
0.23353964
0.22419128
0.21467933
0.21880563
0.20885517
0.22815883
0.219104
0.22613926
0.21481635
0.24344167
0.20939425
0.22150737
0.2524287
0.22471839
0.22365178
0.20692626
0.2282189
0.26094308
0.2447374
0.21313763
0.23466396
0.22713016
0.243185
0.23413318
0.2338673
0.242069
0.23291214
0.23528923
0.22918983
0.23250514
0.24143882
0.21832441
0.21911357
0.21958016
0.19695374
0.20773183
0.23246871
0.22521132
0.22896232
0.25642917
0.22086267
0.22523962
0.23188992
0.23256761
0.21814305
0.22540256
0.2506784
0.22339095
0.22536874
0.22041158
0.22918548
0.21950275
0.23574921
0.2171562
0.24134776
0.2055361
0.22716235
0.22792466
0.23237343
0.23205703
0.2284918
0.23161756
0.21729667
0.22824872
0.23627993
0.24204671
0.239217
0.23392364
0.23240751
0.23151872
0.24116822
0.22961709
0.24971035
0.23434593
0.22428147
0.23824777
0.21868841
0.23144877
0.22754492
0.22725932
0.22742726
0.24451508
0.24402052
0.25750685
0.23012389
0.24030888
0.25504202
0.22589357
0.22882156
0.22823061
0.24385779
0.22143431
0.22295627
0.23583877
0.25358713
0.23524012
0.23151222
0.24287094
0.2394423
0.24438585
0.2591901
0.22918288
0.24385352
0.23057619
0.23034248
0.24176984
0.26015124
0.22586608
0.24411549
0.25118142
0.23220953
0.23782527
0.25087488
0.2477452
0.23686756
0.22010513
0.2524627
0.25484186
0.23707944
0.24636135
0.2663262
0.25486195
0.2766963
0.24949692
0.2585391
0.2384684
0.23549011
0.2509069
0.24212776
0.2625882
0.24839576
0.26741564
0.2354756
0.2630638
0.30228323
0.2655624
0.23149878
0.26931405
0.2637198
0.27710527
0.27131703
0.2579614
0.22891074
0.25575057
0.25816205
0.27212632
0.2661011
0.2313323
0.2522013
0.2405902
0.23501348
0.26311663
0.2666456
0.2599744
0.25612548
0.24754407
0.25920758
0.25963262
0.24457462
0.24054883
0.2475574
0.28192335
0.23218401
0.3036349
0.25807115
0.22794133
0.2751662
0.27278697
0.24802382
0.2649611
0.24934612
0.25097877
0.2545085
0.2784834
0.24732855
0.27209336
0.24291073
0.24159773
0.26671854
0.25964683
0.25211596
0.2545276
0.2550526
0.2584819
0.24972332
0.24393624
0.22279416
0.2507095
0.26407534
0.26042268
0.24132426
0.27782714
0.22435345
0.23956712
0.23548593
0.25164244
0.27675867
0.27368596
0.26196763
0.24833967
0.24817012
0.26062047
0.23669848
0.24350026
0.26040205
0.26525277
0.25785965
0.2900755
0.26392516
0.26446873
0.2510808
0.25698137
0.27449548
0.27444544
0.2687592
0.2878134
0.27230915
0.26369423
0.29390022
0.25653827
0.30430156
0.2690198
0.25150374
0.2569639
0.26339853
0.29495326
0.27569887
0.26023397
0.2857197
0.2902909
0.2669648
0.23312174
0.24382815
0.28498882
0.24413621
0.31969368
0.28511894
0.24757776
0.2810423
0.26345858
0.28688642
0.26272824
0.2798817
0.2667658
0.28647682
0.2784411
0.2904812
0.28580445
0.2550678
0.3061857
0.27532333
0.2770276
0.27548507
0.26109156
0.24179476
0.28648448
0.25927678
0.2870217
0.28641146
0.28702524
0.30624482
0.28488255
0.26900354
0.28731325
0.2643495
0.2956389
0.278165
0.2722279
0.27778566
0.2923706
0.28588688
0.30310115
0.28186792
0.27998522
0.32718945
0.29601908
0.2782255
0.29033902
0.31443197
0.27024326
0.30467683
0.29573902
0.32449064
0.32154238
0.3338761
0.2836392
0.321793
0.3103945
0.28518575
0.31362167
0.31483456
0.2931815
0.304068
0.28773892
0.30108032
0.31346697
0.3364705
0.31887782
0.30244833
0.30840144
0.35188758
0.308225
0.34077376
0.31919456
0.32243744
0.3278166
0.30897054
0.36684734
0.29853588
0.32111168
0.32895777
0.32540897
0.32088524
0.31834087
0.31693706
0.3260622
0.3085943
0.32588652
0.32333785
0.30233994
0.32043827
0.2923173
0.31197146
0.27500364
0.30792105
0.30984586
0.32342124
0.3098862
0.31899425
0.3156122
0.26991522
0.30742273
0.27618256
0.275454
0.2893507
0.28618127
0.2775663
0.26137242
0.29040113
0.27345625
0.29219365
0.28254697
0.29836842
0.29056576
0.2982308
0.26398164
0.2635756
0.29806444
0.2801211
0.25699425
0.27061737
0.250761
0.27327648
0.26606143
0.27136633
0.23952061
0.29489127
0.27540323
0.26028833
0.26770166
0.25148034
0.34179202
0.23869407
0.25394362
0.2504428
0.24923927
0.25329453
0.25607553
0.25747636
0.3229991
0.24254617
0.237171
0.2751163
0.26817605
0.2568508
0.29120728
0.27237216
0.27851766
0.26320025
0.24234028
0.30949798
0.2546525
0.27658468
0.24223833
0.28446648
0.2448086
0.24940622
0.27135837
0.24506253
0.25140268
0.24409427
0.22531307
0.31253615
0.2571815
0.22355847
0.24978344
0.24864641
0.24101026
0.26571295
0.23947686
0.24477714
0.23855719
0.2670258
0.22074482
0.21800868
0.25884387
0.26956698
0.248811
0.24878725
0.25385267
0.20769504
0.22489938
0.23784451
0.23402023
0.22849527
0.22806951
0.2265887
0.23051625
0.22538464
0.2496181
0.2310441
0.25965956
0.24135074
0.22358757
0.2328235
0.24483018
0.23282604
0.25951555
0.24096498
0.25826547
0.25092685
0.23183234
0.23291329
0.24531704
0.24408895
0.2489012
0.22293586
0.24071439
0.2514525
0.21732295
0.23358153
0.2571783
0.27293846
0.25000685
0.20671956
0.23752058
0.23960665
0.22873603
0.21758015
0.26825464
0.23530433
0.23524064
0.2175811
0.23120129
0.27532205
0.27168673
0.25495365
0.3366423
0.26932442
0.25190267
0.22134633
0.2557482
0.29996666
0.23330916
0.31479222
0.23028927
0.2664744
0.22431776
0.2410498
0.27265674
0.32042542
0.29671657
0.2422247
0.27414837
0.25327587
0.22698136
0.2660596
0.23481365
0.22172213
0.21426342
0.22539239
0.21468952
0.21332899
0.20619026
0.19638085
0.19639976
0.2062786
0.19232729
0.18559797
0.18227838
0.18770947
0.18832001
0.1868441
0.17886622
0.18464418
0.1970595
0.20884329
0.1987438
0.19834796
0.20767145
0.20774402
0.21907805
0.19866674
0.1984588
0.21848707
0.20158373
0.19029672
0.18485072
0.19124064
0.20413019
0.22331406
0.20336606
0.19590071
0.19151987
0.19672716
0.19982949
0.21025735
0.2076106
0.21603805
0.21095662
0.21207847
0.20283274
0.21324368
0.20570582
0.197096
0.19064179
0.18885015
0.18970805
0.19311887
0.19057463
0.19196798
0.19433384
0.19845904
0.19949424
0.20074458
0.19246474
0.1879202
0.1874419
0.19023462
0.21340352
0.2531678
0.22054912
0.20528214
0.19734448
0.19106622
0.19194223
0.19298841
0.19623409
0.19503067
0.18963175
0.19881453
0.21977063
0.20930988
0.20361301
0.19895037
0.19225793
0.19004247
0.19805145
0.19519292
0.19743884
0.19406746
0.19603401
0.18899167
0.18726721
0.19137685
0.19517697
0.19716328
0.19738111
0.19862533
0.19928735
0.19989529
0.21867917
0.25316674
0.21729536
0.20905274
0.20323654
0.20671536
0.2246872
0.21127687
0.22068755
0.22448407
0.20915349
0.20064782
0.20254998
0.20612144
0.22432944
0.2536214
0.2262034
0.21281904
0.21769495
0.22526108
0.20599005
0.20539485
0.22350731
0.21035269
0.21207912
0.22871207
0.23976809
0.21780223
0.21775615
0.23966742
0.2061126
0.19525811
0.20310533
0.22553428
0.21134454
0.22026055
0.22124836
0.22008452
0.2200406
0.23415287
0.21387957
0.20911549
0.21988739
0.20680983
0.19759877
0.21232025
0.24070393
0.21957567
0.20425485
0.20355822
0.2053893
0.21152453
0.21247374
0.21429615
0.22626218
0.22022206
0.21943371
0.2239063
0.21651904
0.20859759
0.21324365
0.224954
0.22101322
0.2243974
0.22172649
0.22463472
0.21633309
0.21137895
0.21362017
0.215965
0.22410254
0.22581482
0.22544667
0.21809734
0.22062294
0.23304081
0.23038523
0.23627426
0.23071076
0.26199532
0.22518544
0.28449023
0.23857364
0.25084305
0.22859457
0.25162375
0.23102304
0.2248798
0.23321961
0.22500527
0.22307076
0.22742723
0.24333264
0.23689435
0.25773516
0.23397437
0.22918212
0.24339221
0.23122677
0.23015757
0.23540416
0.23156771
0.22144783
0.21439269
0.21997167
0.2295805
0.23375468
0.23127013
0.24482156
0.22737622
0.21912447
0.21437486
0.22237311
0.240203
0.23457727
0.24121338
0.23502949
0.24104889
0.27239144
0.23838179
0.21828367
0.22222725
0.23107718
0.25275457
0.23895566
0.2437543
0.24415068
0.23463093
0.24339962
0.24012585
0.27806702
0.24004681
0.23461191
0.23408444
0.23517157
0.25213194
0.2441733
0.23102157
0.22761874
0.23398261
0.2354993
0.2426861
0.24135292
0.2574121
0.23903897
0.23181245
0.23575297
0.25997406
0.24962807
0.24135998
0.24139169
0.22218631
0.22434413
0.24790452
0.2402269
0.24042699
0.22943051
0.22831722
0.23710537
0.24261819
0.22974683
0.22260047
0.21994151
0.2146239
0.21839626
0.22645192
0.23471245
0.23919396
0.23995896
0.24458216
0.23077668
0.22616597
0.2274133
0.22067218
0.21358489
0.2131184
0.21824712
0.22460042
0.21862097
0.2209467
0.21897873
0.23964252
0.26664373
0.23454106
0.21607171
0.20757928
0.2143163
0.2497903
0.25015512
0.22630143
0.21774195
0.22249071
0.21906681
0.21594028
0.21519975
0.2156922
0.2081872
0.1978133
0.20164636
0.21156213
0.21116313
0.20775665
0.2059059
0.20671065
0.20805524
0.20791411
0.21241355
0.21845527
0.21834828
0.21302289
0.20259504
0.20083885
0.20484526
0.2098062
0.21156473
0.20792499
0.20687789
0.20815183
0.2207649
0.22033301
0.22263518
0.21766037
0.2166101
0.20781557
0.20367181
0.20597436
0.20653935
0.20953235
0.2039518
0.20998152
0.20944352
0.20584293
0.19661485
0.19714907
0.19410454
0.19312689
0.18986383
0.20162807
0.20087631
0.20527071
0.22454637
0.2712002
0.2307397
0.2141046
0.20615563
0.21262696
0.20531626
0.21517695
0.21118799
0.22553681
0.22692478
0.22607332
0.21419021
0.21253064
0.21557395
0.21549205
0.21948609
0.21198595
0.21162172
0.20653503
0.20577551
0.21412046
0.21355602
0.21659912
0.20841427
0.21570069
0.217042
0.22236095
0.21537478
0.22780411
0.22968508
0.22942218
0.22033526
0.21438137
0.22925973
0.2624317
0.25407332
0.2543253
0.24033032
0.22986422
0.23090714
0.23648752
0.23511201
0.22376245
0.22548749
0.22918524
0.23647726
0.23158386
0.23121077
0.2215579
0.22544381
0.23516966
0.2579451
0.26556376
0.24518986
0.23676965
0.2387814
0.22900707
0.22988579
0.24197319
0.25752312
0.27284163
0.25009733
0.24145938
0.2447533
0.24617024
0.23969285
0.23631985
0.23968416
0.24779223
0.24610426
0.24973963
0.24875921
0.26090947
0.2753518
0.26762518
0.26633924
0.26621643
0.26034147
0.2728571
0.27399334
0.25011957
0.24608037
0.25663504
0.2712422
0.28414696
0.27235276
0.26684758
0.27059236
0.27366227
0.28745458
0.26776376
0.25436184
0.27502042
0.31454593
0.27550966
0.26936108
0.2851566
0.26935178
0.27524593
0.30323142
0.27815503
0.27076465
0.2781034
0.27414107
0.2771659
0.2679104
0.26149374
0.26532978
0.27399215
0.28667033
0.27319974
0.27305278
0.2521437
0.24595474
0.24934758
0.25470325
0.26067215
0.27243575
0.26026574
0.25102293
0.24978167
0.24436243
0.25789
0.2853256
0.26751208
0.25252652
0.26071963
0.27606893
0.259149
0.2494162
0.25789633
0.2808286
0.26947904
0.25555277
0.2531703
0.25219956
0.25439906
0.25963458
0.2577491
0.2661464
0.2641086
0.26955733
0.27908868
0.27259895
0.2742373
0.26979083
0.2759419
0.29271334
0.2746039
0.28721124
0.27799615
0.29123744
0.2771404
0.281096
0.30289632
0.2941938
0.27855453
0.26875615
0.2801544
0.27845508
0.28517953
0.2770039
0.27974004
0.27656606
0.29419386
0.27848744
0.26804534
0.26680252
0.2646615
0.27356416
0.2896027
0.26809105
0.26853877
0.29099405
0.27981713
0.2831382
0.28319868
0.2938516
0.2846103
0.29331705
0.2939149
0.3127172
0.30630806
0.27625027
0.2604713
0.2565192
0.2755354
0.30476168
0.28198352
0.27690473
0.28956467
0.2748564
0.2656484
0.27286464
0.27321327
0.27679068
0.27880663
0.28597575
0.275847
0.27568728
0.28551888
0.2769259
0.29304454
0.29711604
0.2719752
0.26966855
0.29024753
0.28934312
0.27781662
0.27128065
0.27153027
0.27011615
0.2737593
0.28086925
0.2893765
0.2795186
0.29741296
0.29461774
0.28680938
0.317061
0.29100066
0.30634907
0.32378462
0.29708153
0.28434882
0.2895359
0.29819041
0.28439453
0.28073326
0.28272378
0.2885955
0.2966656
0.29975888
0.30685234
0.31458747
0.2877533
0.27828518
0.28573948
0.29857653
0.2777985
0.2667232
0.2723821
0.27073988
0.27938643
0.2797818
0.28027585
0.2811714
0.30069712
0.33230206
0.29671457
0.29102394
0.31529978
0.290676
0.28033325
0.28002167
0.29825434
0.32574233
0.305112
0.2969094
0.30319288
0.28558937
0.28975028
0.31572673
0.30237263
0.28994748
0.28021482
0.28739175
0.3011485
0.3376661
0.32063997
0.29557967
0.28268334
0.29005277
0.29272574
0.30419803
0.31639826
0.30927032
0.3435718
0.30761722
0.30435765
0.31234202
0.31965888
0.343764
0.30891132
0.30662856
0.30383885
0.32090044
0.32201898
0.3061383
0.30177784
0.30896524
0.32444254
0.3025198
0.2976452
0.30985984
0.31517532
0.32953686
0.31721783
0.33413967
0.32409355
0.35801998
0.32033437
0.31232363
0.33405966
0.36609918
0.31342915
0.34583768
0.32061598
0.31190726
0.31480536
0.32933855
0.363094
0.33277595
0.33417052
0.32485002
0.3227234
0.3388815
0.32332084
0.32449654
0.31918517
0.31398085
0.31479982
0.3216569
0.30776435
0.31093955
0.33122462
0.3158722
0.33102158
0.3628275
0.33237395
0.32892
0.32274547
0.3419757
0.32373458
0.34564006
0.32410017
0.35149252
0.3392022
0.36422345
0.32198414
0.34327993
0.32478252
0.32174426
0.32191932
0.32821962
0.30874175
0.3110428
0.3351775
0.32376847
0.30936548
0.31646368
0.34511736
0.34221372
0.32894555
0.3153579
0.30588734
0.3221363
0.36205578
0.34340858
0.35185507
0.32845303
0.31259838
0.3003367
0.3060863
0.3021905
0.314799
0.32950798
0.32695487
0.33027953
0.32882962
0.33075565
0.34563488
0.32855183
0.31826368
0.3060929
0.30413473
0.30806562
0.31655818
0.31045404
0.30532694
0.30966818
0.321929
0.33456233
0.30380142
0.29127103
0.31428936
0.35048348
0.3185513
0.30459154
0.3025269
0.29316288
0.31692657
0.3800446
0.3315402
0.29977632
0.29907805
0.291938
0.28888
0.28561893
0.29827616
0.3424505
0.4081756
0.35646272
0.34363547
0.31550187
0.28995505
0.29728466
0.2949524
0.30881646
0.30162573
0.31940264
0.3153572
0.3336906
0.36736542
0.33071226
0.31167176
0.31932995
0.3503906
0.34112328
0.3327341
0.33018163
0.32384804
0.31749147
0.3179729
0.31354
0.31847262
0.3201828
0.3220422
0.30874133
0.3064926
0.30341712
0.317115
0.31388202
0.32071316
0.31353366
0.31190982
0.31037453
0.32007295
0.3066379
0.30367044
0.29310104
0.3072335
0.30763483
0.31300265
0.31284666
0.3103453
0.30635118
0.29784316
0.28584018
0.27889964
0.28826234
0.2973319
0.29872707
0.28837627
0.30039796
0.31476542
0.32261807
0.31908134
0.31238905
0.30054304
0.29113534
0.28622213
0.30091682
0.30003676
0.30090672
0.30655336
0.30698735
0.28939685
0.2742617
0.27968282
0.29924306
0.3151111
0.32559627
0.31371376
0.3015922
0.27658975
0.2852782
0.2848357
0.29957825
0.30724445
0.3148712
0.3169993
0.31717315
0.308724
0.3066965
0.3008738
0.3009327
0.30298674
0.29224965
0.30366793
0.30824462
0.3350728
0.3175877
0.31073382
0.2848257
0.29645875
0.3041028
0.31739676
0.30465016
0.29761687
0.30279198
0.31344154
0.30793664
0.29677185
0.2858631
0.29010886
0.2943891
0.29721895
0.30439642
0.30346906
0.30510026
0.2779779
0.28666186
0.296304
0.31528267
0.31265277
0.30420977
0.2960026
0.29287016
0.29734057
0.29917893
0.2927657
0.29757553
0.3056509
0.32290152
0.31932053
0.30798438
0.29196316
0.290171
0.3067058
0.30949286
0.31324926
0.31032562
0.31430948
0.31261194
0.31180272
0.31161684
0.32930726
0.3361326
0.35000524
0.33369932
0.3265769
0.3062439
0.29774868
0.3137127
0.3224895
0.34823987
0.33461276
0.32443833
0.32341924
0.33518374
0.34950548
0.32868567
0.32046857
0.32413587
0.34011588
0.34405637
0.34233567
0.3274783
0.3267603
0.3250017
0.3355847
0.33760425
0.33367568
0.34457496
0.3389988
0.35373315
0.34357166
0.33671406
0.33460915
0.3453666
0.35077736
0.3323283
0.3262435
0.33231184
0.34681937
0.35308358
0.35582212
0.35716677
0.36655825
0.3615712
0.36554575
0.3501686
0.36822054
0.37882915
0.38590536
0.3770742
0.35606378
0.36370957
0.3635225
0.37720773
0.3801865
0.40386546
0.39043337
0.37967896
0.37831536
0.39399472
0.42458212
0.39426205
0.37579447
0.37805107
0.38226327
0.4010825
0.4256933
0.40711436
0.41377407
0.38551065
0.38666904
0.4173439
0.3993313
0.3889386
0.4013304
0.4154709
0.4297239
0.4191841
0.4345426
0.38930982
0.372264
0.37612662
0.39386892
0.39459887
0.37351412
0.3676342
0.35946226
0.38353053
0.37185925
0.38606328
0.38034955
0.39282113
0.40267432
0.43342346
0.4256357
0.39956746
0.38207504
0.37351924
0.37206832
0.38991925
0.42680266
0.3942114
0.3848986
0.3864348
0.39095312
0.38529864
0.3773655
0.37106815
0.38719162
0.4304473
0.41447812
0.408974
0.40259284
0.3933855
0.37417892
0.36840296
0.37829143
0.39428982
0.39839193
0.40124688
0.38759643
0.40767428
0.44949338
0.4265346
0.43053043
0.46157295
0.41807124
0.40490383
0.4027865
0.4035826
0.4071384
0.40885308
0.41470122
0.40904975
0.4274245
0.42226583
0.42259964
0.40463728
0.4001111
0.39436558
0.41069248
0.40181035
0.40378264
0.40543345
0.41419888
0.401357
0.38511583
0.38887626
0.41470414
0.44079792
0.46074358
0.44323468
0.41038278
0.39381546
0.38794866
0.4063032
0.42436635
0.4284092
0.43219545
0.4198313
0.41461062
0.4057156
0.4048302
0.4069256
0.40685445
0.406943
0.40309536
0.41111678
0.40748838
0.40355185
0.3831612
0.3817062
0.38814822
0.4099991
0.43630946
0.47258952
0.42006868
0.39800528
0.4049275
0.40319052
0.40957254
0.41099548
0.39983484
0.38230705
0.387091
0.4079469
0.421972
0.43625036
0.46894798
0.43773425
0.44753748
0.49850926
0.41135943
0.37825814
0.37165108
0.40615514
0.40277663
0.39955458
0.37945276
0.3740348
0.39613807
0.39805207
0.40870357
0.40599996
0.40068087
0.40237483
0.3892
0.37881154
0.3640974
0.35673276
0.36927885
0.37333125
0.39403054
0.39183402
0.40204304
0.3925829
0.37346733
0.36617404
0.3712478
0.3949008
0.39580405
0.40212807
0.41613874
0.41860005
0.39857912
0.39175346
0.39462778
0.415415
0.39971358
0.38560534
0.3599023
0.37032127
0.38289532
0.41253778
0.40729403
0.4163428
0.39834964
0.40425193
0.37920162
0.37952527
0.37752023
0.38579893
0.39015546
0.39654574
0.39561734
0.38404787
0.3813411
0.3856655
0.40240115
0.40927544
0.40273243
0.38249046
0.36612758
0.37201333
0.3960403
0.4192744
0.4232875
0.41388875
0.4136049
0.42175078
0.4399428
0.43482843
0.41822013
0.39632696
0.38822222
0.37163624
0.37905234
0.3877956
0.4114118
0.40301907
0.39342716
0.41073698
0.42422575
0.42402837
0.40247852
0.40080553
0.40404326
0.4183964
0.4031897
0.41885942
0.42539895
0.4455659
0.43569478
0.44879308
0.4625091
0.46942815
0.4650354
0.46770114
0.46637714
0.46165854
0.44853735
0.46523073
0.49804106
0.5535559
0.5066719
0.47475806
0.46003798
0.45948914
0.46582648
0.4808006
0.46645173
0.4585416
0.45429417
0.46735206
0.4892357
0.49068472
0.47660935
0.45832905
0.43550515
0.44752952
0.4535417
0.4803966
0.47629556
0.47533235
0.4578354
0.45457378
0.45054558
0.47854605
0.50472033
0.5045251
0.51688135
0.5624964
0.50428575
0.4823464
0.48083207
0.49215594
0.48886055
0.4983459
0.48883885
0.4817891
0.4670467
0.4702125
0.47908744
0.48816067
0.5030858
0.48249882
0.46958864
0.46163806
0.48697183
0.50471914
0.48024213
0.47872728
0.45275143
0.46371156
0.4424477
0.4579293
0.46863917
0.46829432
0.46923918
0.4485649
0.4616185
0.47913828
0.49322367
0.46152425
0.43263555
0.41827574
0.4416585
0.4432459
0.44284192
0.44660622
0.44524604
0.44642627
0.467767
0.4745334
0.47008792
0.44436616
0.4423279
0.44393355
0.45266536
0.46020314
0.46543938
0.43094343
0.39691558
0.3906563
0.4007032
0.42005923
0.41011328
0.40505755
0.41110554
0.3891883
0.39144745
0.3819641
0.425552
0.44213304
0.4445113
0.49449947
0.48248115
0.4778833
0.39896297
0.39632183
0.4077331
0.44697136
0.4836628
0.46533197
0.43036428
0.38930693
0.39087063
0.390361
0.40626028
0.4286669
0.43040127
0.42027456
0.43054652
0.42969817
0.4584555
0.43702337
0.45523745
0.44325954
0.4517275
0.4836249
0.4706029
0.47113118
0.44512525
0.45009834
0.4533019
0.44179928
0.43359384
0.43352073
0.43178174
0.44999292
0.43900898
0.4781093
0.45556244
0.44469023
0.42759022
0.43332708
0.44883263
0.4470695
0.45358938
0.4631025
0.44184774
0.4620421
0.46648383
0.47542492
0.47235432
0.44333437
0.46343425
0.4632924
0.48713803
0.46986413
0.45884928
0.44505385
0.44328502
0.4337558
0.429373
0.43389103
0.47457284
0.48880842
0.47467652
0.44149494
0.4331673
0.45002908
0.43429482
0.4253626
0.42116055
0.4230444
0.43067783
0.41958982
0.40504324
0.39215156
0.3937806
0.389896
0.364855
0.3556952
0.352106
0.3719464
0.35706872
0.34794
0.36267543
0.3641373
0.40369958
0.379033
0.36913636
0.35950512
0.35722142
0.3822197
0.3711167
0.37242728
0.37348026
0.39042148
0.38592932
0.36022726
0.34140313
0.3441467
0.3511587
0.36663538
0.3796534
0.37474915
0.36426538
0.3391422
0.33165786
0.33979967
0.3427972
0.3592522
0.34338763
0.36362514
0.3599346
0.3454429
0.35620263
0.43491
0.460035
0.45563665
0.36159506
0.3536963
0.3322073
0.35603884
0.3480334
0.3908172
0.3830951
0.37788263
0.3518423
0.35744995
0.37782624
0.37265584
0.36812094
0.3617647
0.3718921
0.35732976
0.3442529
0.35069823
0.34461114
0.3760541
0.3766363
0.4018381
0.3958978
0.36580497
0.357787
0.33076417
0.3419121
0.35603502
0.36353838
0.37279475
0.35857335
0.37720382
0.38189584
0.4034908
0.4296677
0.42612582
0.42493325
0.41700745
0.40603498
0.39013544
0.37279978
0.38097394
0.4083496
0.40133566
0.40462032
0.3893157
0.39796522
0.40629318
0.3920229
0.38587138
0.3704296
0.36834812
0.34835005
0.34707662
0.3601544
0.3740227
0.37588546
0.38901544
0.3629923
0.3565054
0.3524856
0.3843622
0.39987612
0.37208796
0.35604236
0.34651047
0.364183
0.37569547
0.37821427
0.37660283
0.3757631
0.36897972
0.36843127
0.3566717
0.34343266
0.34918293
0.36704406
0.38031033
0.44311845
0.44544724
0.4588154
0.41241103
0.4165613
0.4081345
0.46910283
0.44257337
0.448677
0.3715426
0.3996008
0.4679344
0.46282163
0.47615418
0.40285316
0.40441573
0.4337695
0.4298191
0.43790427
0.39503673
0.40589038
0.38922012
0.39363542
0.39290017
0.39393312
0.4093409
0.40369847
0.41284427
0.41182706
0.430812
0.41626444
0.3821989
0.39651814
0.4398738
0.4583345
0.43236917
0.41756225
0.40757754
0.42518243
0.42750964
0.48309368
0.4796619
0.46531695
0.43479732
0.43123865
0.46171737
0.45853636
0.4602866
0.43382615
0.4423993
0.44305626
0.43168712
0.41745248
0.43042907
0.42994702
0.404155
0.3902401
0.3902629
0.4025059
0.37319836
0.35902643
0.39753333
0.41603133
0.47449857
0.4998534
0.44409478
0.38209412
0.4028812
0.3828158
0.40708035
0.38183963
0.3700061
0.35216776
0.33397976
0.3298857
0.3464869
0.36520475
0.3970348
0.37061346
0.37023735
0.35414785
0.35678387
0.37430534
0.35207695
0.36675724
0.38057116
0.38074306
0.41514477
0.38015226
0.36159235
0.35658813
0.33783776
0.33477327
0.34076634
0.33109894
0.33060127
0.34143707
0.34413067
0.34973803
0.3442992
0.35425037
0.33733243
0.35980436
0.37386876
0.37620205
0.36497805
0.36743912
0.35734156
0.3233248
0.32912427
0.32317314
0.33811814
0.32496104
0.34625915
0.3449671
0.35099205
0.34638697
0.38969067
0.37387845
0.3701503
0.3626669
0.36205092
0.31521046
0.32798907
0.3268378
0.34487134
0.33731973
0.35280684
0.34618387
0.36044952
0.34249485
0.35966492
0.35599437
0.35419375
0.36010623
0.4015181
0.40340838
0.39629072
0.40719846
0.40183106
0.360262
0.34776005
0.35962066
0.35192132
0.3540309
0.42095158
0.45057282
0.5041353
0.49210113
0.46423435
0.4025167
0.38827717
0.40968543
0.3937499
0.40277037
0.4284732
0.43910247
0.42622757
0.4069887
0.40444118
0.46831965
0.4930906
0.52850574
0.5403427
0.5012337
0.43827698
0.44474205
0.45430684
0.45696983
0.45868397
0.44715834
0.43376422
0.41020167
0.40887016
0.38639265
0.3859733
0.40033862
0.4232504
0.41487417
0.42447868
0.4351169
0.43237308
0.41097036
0.42049733
0.4255542
0.40815458
0.4021869
0.43539357
0.40407667
0.40194073
0.41804972
0.4079314
0.40061048
0.435275
0.44976157
0.46560475
0.5035589
0.5018847
0.5115342
0.53851277
0.5924581
0.6444271
0.6766561
0.6413253
0.5979753
0.5132734
0.4713295
0.4977011
0.48915675
0.5090589
0.53397846
0.58671016
0.5967568
0.6204671
0.7433015
0.7781033
0.73656094
0.67746216
0.6735622
0.67933255
0.6311418
0.6758295
0.63710636
0.67479193
0.65656704
0.6602916
0.7027285
0.77106655
0.7417779
0.72114104
0.7071774
0.70298815
0.6764421
0.6833099
0.6725067
0.69436836
0.72111773
0.7924938
0.8027039
0.7694071
0.8346356
0.8657929
0.9657604
0.8841289
0.92324376
0.8624687
0.9085226
0.92714715
1.0205466
0.9767103
0.978541
0.8455655
0.8681293
0.8292401
0.89100534
0.9367978
1.0612061
1.0666263
1.0568049
1.0466409
1.0111581
0.96153593
0.8646154
0.93615544
0.9754793
0.9487557
0.95346063
0.98515034
1.0609138
1.0025363
0.97969896
1.0231831
1.0886884
1.1579727
1.1475646
1.1451415
1.1162764
1.0907716
1.0885773
1.0559949
1.0436194
0.99194634
1.0210263
0.98769015
0.97557324
0.94172335
0.9244309
1.017742
1.076914
1.2161872
1.2479432
1.0749179
1.1283848
1.06452
1.2591596
1.1905091
1.2638712
1.1641375
1.11974
1.1427767
1.3010051
1.3199126
1.345174
1.0650183
1.2990818
1.2685724
1.5491443
1.4277937
1.4815542
1.334239
1.2549329
1.2024397
1.1878835
1.1266171
1.2115391
1.2141461
1.4729534
1.5423175
1.5471879
1.4870008
1.4665918
1.7306255
1.7003809
1.7075211
1.3709636
1.4471343
1.5015099
1.5186737
1.7386165
1.7278317
1.9067388
1.7162545
1.8164067
1.5744078
1.7780439
1.806752
2.1524706
1.8998909
2.1096702
2.0469756
2.100632
2.016114
1.7866908
2.004511
1.8040719
2.2674024
1.9110044
1.8366871
1.8662155
1.7417994
1.6571008
1.710316
1.5945114
1.5737759
1.6552477
1.5681655
1.6004845
1.6075214
1.5213733
1.4305223
1.4572777
1.3873489
1.4275008
1.5785377
1.6623551
1.770408
1.8510556
1.8620484
1.673024
1.6870215
1.6888994
1.6212645
1.5455266
1.5742931
1.5992566
1.5722481
1.473081
1.4706436
1.6276611
1.7910714
1.845015
1.8341389
1.772389
1.7451943
1.7517886
1.7115988
1.5914533
1.7712162
1.812751
1.7755187
1.878845
1.8358171
1.7655225
1.8677632
1.8391663
1.7827222
1.7555387
1.7957538
1.7089461
1.8253988
1.814751
1.8527764
1.7663246
1.9462645
2.0607905
2.0931463
2.235004
2.2410145
2.433671
2.3862119
2.3089352
2.324122
2.3624637
2.2929795
2.27957
2.27957
2.27957
2.27957
2.27957
2.27957
2.27957
2.27957
2.27957
