268.61148
338.26788
158.6769
104.55453
77.50165
61.511246
50.74462
43.026844
37.52006
32.969612
29.567297
26.639235
24.446342
22.64515
20.925539
19.635525
18.365578
17.400805
16.357542
15.477958
14.810215
14.2055435
13.615122
13.106371
12.569885
12.021652
11.677667
11.267588
10.970753
10.570544
10.260502
10.017362
9.725475
9.475114
9.31802
9.106117
8.97244
8.760792
8.525302
8.362482
8.22552
8.058646
8.028249
7.786079
7.656998
7.5427904
7.4078526
7.360936
7.226442
7.0495763
6.9380145
6.822993
6.730108
6.6733785
6.544542
6.432466
6.392072
6.3538227
6.2311873
6.189102
6.12499
6.0629435
5.964546
5.9525685
5.9036756
5.84849
5.768482
5.8005047
5.630661
5.6019983
5.5657387
5.5397906
5.489105
5.453247
5.4251046
5.3923545
5.3312235
5.2985272
5.2650056
5.250704
5.148932
5.212722
5.122806
5.0659146
4.972563
4.963051
4.9494467
4.890636
4.859586
4.8212314
4.80425
4.8086085
4.7675543
4.7355466
4.6935983
4.668099
4.6681447
4.6354976
4.6656365
4.597997
4.549709
4.544244
4.503153
4.5177116
4.464009
4.471004
4.443698
4.4620004
4.408992
4.3865347
4.3899803
4.3660474
4.3233643
4.3598003
4.3012414
4.311867
4.2958446
4.2884364
4.2423396
4.226879
4.283982
4.193246
4.17679
4.197113
4.151736
4.1306615
4.0952554
4.153019
4.130721
4.115241
4.069768
4.0024524
4.0170164
4.050197
3.9931805
3.9661372
3.973889
3.99647
3.9183443
3.8982399
3.9136255
3.8909714
3.9800184
3.880365
3.8565688
3.8523498
3.8431587
3.8119767
3.7882383
3.7820988
3.7932928
3.7691898
3.7096622
3.7248085
3.7228937
3.709412
3.6795554
3.6325178
3.6589024
3.661104
3.6336238
3.5906987
3.61686
3.5975413
3.565444
3.5595236
3.5726008
3.5361118
3.5421643
3.5449123
3.5379393
3.5149457
3.613464
3.5001683
3.4902363
3.5234244
3.540382
3.496946
3.4512405
3.4649968
3.4218245
3.4080236
3.4107232
3.4490166
3.4055693
3.4075165
3.3944848
3.3871374
3.3732624
3.401681
3.3563876
3.3752248
3.3886986
3.3594306
3.3865304
3.355852
3.3600206
3.3374796
3.340484
3.4020603
3.3410552
3.3094232
3.3273451
3.3274007
3.3151832
3.2979088
3.2913804
3.2878766
3.2875276
3.2535896
3.252963
3.2256532
3.2354953
3.2400482
3.1752908
3.1740406
3.1861148
3.2357025
3.1871326
3.134258
3.16462
3.16158
3.171051
3.141986
3.1363122
3.1312516
3.1743138
3.1170018
3.0982246
3.1080377
3.0676956
3.110078
3.0860205
3.0853026
3.077637
3.055339
3.0723503
3.0591552
3.036762
3.0491443
3.0537748
3.010625
3.0227506
3.0260413
3.0302417
3.0346782
3.0200157
2.997537
3.0443285
2.9798782
2.9953868
3.0035121
2.9962425
2.9697921
2.9550207
2.9801586
2.9363313
2.943063
2.9508977
2.948543
2.9264348
2.9439063
2.9138541
2.9165728
2.9295604
2.9553702
2.9539359
2.9244437
2.9176867
2.9273508
2.9234886
2.9202023
2.9114046
2.924111
2.88729
2.9533203
2.8896368
2.8850932
2.8793468
2.8794594
2.8609602
2.9254072
2.873725
2.8658798
2.8931725
2.8436048
2.8370774
2.8348644
2.8747509
2.8356464
2.8427706
2.8360882
2.855956
2.8595834
2.8571713
2.8400643
2.8336189
2.8281543
2.8474517
2.8284898
2.8379014
2.839194
2.8620179
2.8387425
2.832457
2.8445609
2.8505332
2.8671687
2.8139403
2.8570747
2.8528807
2.8442714
2.8536892
2.8286085
2.8545327
2.8832963
2.8539643
2.9060483
2.8605838
2.8524187
2.8347244
2.8745468
2.8568132
2.8513744
2.8277464
2.8504221
2.8182898
2.8215182
2.8442004
2.817661
2.8014648
2.823567
2.80966
2.800982
2.7775695
2.7691126
2.8022401
2.76661
2.822646
2.7832422
2.8005424
2.7889674
2.783528
2.8212051
2.7956526
2.778448
2.8004816
2.7942169
2.7883315
2.7796776
2.7944202
2.8134227
2.7941992
2.759893
2.802767
2.8308585
2.7820017
2.7698991
2.7858653
2.7931542
2.7837143
2.798207
2.7895076
2.8166788
2.7901497
2.7784631
2.8071296
2.7846055
2.8197877
2.789196
2.774103
2.777119
2.791645
2.759852
2.7534423
2.7570977
2.7328415
2.7568867
2.7641082
2.7622898
2.766495
2.7522936
2.7380614
2.7578635
2.7351656
2.7120628
2.7361748
2.749896
2.7275538
2.7531464
2.7509654
2.7406127
2.7651932
2.7663739
2.7768865
2.7525995
2.7504556
2.7694724
2.752815
2.7457883
2.755587
2.7707593
2.7371047
2.751023
2.7551837
2.780195
2.7698379
2.7777503
2.75234
2.7692554
2.78066
2.7480547
2.7756307
2.709692
2.7545278
2.7555683
2.7467167
2.7742913
2.7543077
2.7442822
2.771626
2.7336488
2.7362578
2.741903
2.722397
2.742574
2.7422574
2.7283216
2.748233
2.7223907
2.7078524
2.7260065
2.7505312
2.7638888
2.760102
2.7483158
2.754811
2.7431014
2.7571611
2.7653117
2.7371025
2.7384226
2.7519293
2.7711275
2.7675893
2.7749484
2.7912457
2.763943
2.7392623
2.799812
2.7680268
2.7846453
2.7795565
2.778976
2.7770994
2.7803636
2.7349262
2.7730806
2.7535431
2.7432523
2.751268
2.7373447
2.7852678
2.7269075
2.741477
2.7448997
2.7328417
2.7401032
2.7645445
2.7341704
2.7782903
2.7541196
2.765321
2.7454796
2.7473395
2.7439227
2.757691
2.7640696
2.7871397
2.7569253
2.7703867
2.7965398
2.7876847
2.7953424
2.7778516
2.7837484
2.767264
2.7813792
2.805667
2.7881682
2.7561674
2.823314
2.7891474
2.8077781
2.7625675
2.7901614
2.789
2.7825792
2.8074136
2.7800004
2.7757006
2.7764602
2.7841535
2.7687137
2.8034172
2.7736695
2.792767
2.7624738
2.7814016
2.8084981
2.7945404
2.8162785
2.805617
2.7917542
2.7789118
2.7791908
2.768131
2.8131554
2.826937
2.822788
2.7854369
2.8010626
2.8191605
2.7898428
2.8422093
2.8026245
2.8049793
2.8024795
2.8282433
2.843533
2.860727
2.8494031
2.8959363
2.8800986
2.861707
2.8832984
2.8733716
2.8605838
2.863788
2.8915477
2.8751607
2.895649
2.8711677
2.854205
2.8786583
2.870611
2.8786304
2.8815827
2.884455
2.8802834
2.8812692
2.8662834
2.8522177
2.8343177
2.8489575
2.8682694
2.8672144
2.8281264
2.820318
2.8310626
2.8628924
2.8635917
2.8669274
2.831372
2.857582
2.8590543
2.8232002
2.841243
2.8615148
2.8450377
2.8551462
2.8416016
2.8245933
2.8580587
2.8398774
2.8538725
2.8409066
2.8297508
2.8030763
2.8449857
2.8342302
2.8746347
2.8151133
2.8317428
2.7921412
2.8056111
2.816732
2.8393714
2.8012547
2.7947195
2.8019297
2.8060045
2.8400877
2.8199158
2.772601
2.8477335
2.809409
2.8019733
2.8147533
2.816052
2.8290968
2.803696
2.853531
2.8360083
2.8363025
2.825431
2.8339286
2.8236837
2.794287
2.8597388
2.7886567
2.8090003
2.7933304
2.8006034
2.7990558
2.7941594
2.7963328
2.787804
2.7494779
2.7776902
2.7538974
2.7508845
2.7631261
2.7644832
2.7525246
2.7731075
2.755381
2.7375982
2.754849
2.7569895
2.7289677
2.7471178
2.729436
2.7483196
2.7380805
2.717239
2.7382777
2.7071438
2.7582603
2.6988182
2.7203283
2.7179255
2.6944754
2.7013822
2.703783
2.6971529
2.6685305
2.6632211
2.6852827
2.693986
2.6718273
2.6498735
2.6469738
2.6677387
2.67118
2.6451802
2.653911
2.6757526
2.6965668
2.661594
2.6556273
2.6342077
2.654414
2.6661358
2.6396887
2.6487536
2.641955
2.6254926
2.6356616
2.5933301
2.6498523
2.6279037
2.6263337
2.6145787
2.5913067
2.6101742
2.5959566
2.5689547
2.57823
2.5957174
2.5459185
2.55786
2.5729256
2.5497658
2.5383759
2.537045
2.551363
2.5271332
2.5413415
2.535574
2.5315013
2.505503
2.521672
2.5301602
2.5045125
2.516338
2.5034194
2.5361168
2.480716
2.4763937
2.4974535
2.4927638
2.5074072
2.506553
2.4728725
2.4802542
2.4484224
2.4470515
2.4573045
2.4297583
2.4566743
2.456576
2.453403
2.431832
2.4335144
2.4328763
2.4007018
2.417644
2.4032738
2.4016862
2.3841994
2.408424
2.4058938
2.3839462
2.3511746
2.3592656
2.3608997
2.3531067
2.3773637
2.356782
2.3518374
2.3674057
2.3362074
2.3824694
2.3694303
2.36471
2.3839862
2.3643396
2.3323536
2.3457122
2.31232
2.3582287
2.3433197
2.3012128
2.28554
2.2886105
2.290576
2.2763183
2.2609665
2.2702909
2.264209
2.2400594
2.2616317
2.2611518
2.2591786
2.231591
2.2348232
2.2516737
2.231734
2.2223775
2.2335806
2.2203825
2.2057805
2.2138329
2.1989076
2.22839
2.230571
2.1643653
2.2068317
2.194689
2.216035
2.2002869
2.2149549
2.1725247
2.197601
2.1703174
2.1496286
2.181872
2.1495283
2.168449
2.1328552
2.1505468
2.185999
2.1313605
2.136276
2.1312864
2.1495738
2.135642
2.1451871
2.1113155
2.13343
2.1107168
2.094537
2.10126
2.084397
2.1071446
2.102083
2.091702
2.077171
2.0863554
2.0850215
2.0790567
2.1064615
2.1024399
2.0748308
2.0700061
2.057202
2.0627568
2.0840516
2.0835946
2.0558395
2.048017
2.0432162
2.024111
2.0300255
2.0432174
2.0365267
2.0207212
2.0244374
1.9893932
2.0163627
1.9789768
1.9868752
1.9707934
1.9751004
1.9469831
1.957282
1.9781336
1.9888142
1.9442191
1.9796714
1.9337775
1.9452506
1.9241694
1.9278071
1.9627154
1.929131
1.9134159
1.9269109
1.9113919
1.9307983
1.9090635
1.9005226
1.917737
1.8931746
1.9117416
1.8798996
1.8632752
1.890602
1.8525796
1.8602152
1.8618938
1.8836955
1.835745
1.8163437
1.8239247
1.8332533
1.843504
1.8430467
1.8072038
1.8206011
1.8185965
1.7928011
1.8057463
1.8006955
1.7826864
1.7889993
1.7789172
1.7571921
1.7648835
1.7725536
1.7487906
1.7585567
1.7668426
1.7564414
1.7255436
1.7368774
1.7323653
1.759647
1.7642391
1.7303056
1.7487851
1.7160575
1.7524867
1.7348356
1.7319973
1.7375902
1.7190508
1.7038525
1.7239674
1.7251563
1.7014534
1.7362913
1.7211858
1.7284662
1.7081398
1.7288086
1.7286719
1.7049627
1.7126095
1.7400308
1.7423704
1.7376928
1.7142694
1.7164891
1.7388643
1.710825
1.7124844
1.6865238
1.6898961
1.6675107
1.6790321
1.6989857
1.6745023
1.6728489
1.644439
1.6746354
1.6494402
1.6670825
1.6575997
1.6862514
1.6397926
1.6617715
1.6439543
1.6565722
1.6617867
1.6570807
1.6696371
1.654121
1.6492755
1.6243315
1.6337292
1.6429018
1.6156348
1.6088895
1.6170944
1.5926924
1.6002234
1.5944982
1.581449
1.616402
1.5937833
1.5855706
1.588826
1.6061502
1.5756652
1.5670528
1.5742728
1.5583254
1.5748473
1.5607194
1.5481244
1.5505228
1.5530816
1.5641806
1.5716095
1.5598649
1.5406371
1.5495582
1.5455611
1.5475789
1.5424461
1.5169784
1.529115
1.5320882
1.502196
1.5314469
1.5259004
1.530829
1.5075608
1.4819276
1.5034462
1.5162385
1.5006243
1.5040532
1.4834743
1.4952005
1.4980398
1.4913361
1.495395
1.5059526
1.4987285
1.5012778
1.4976405
1.4728979
1.4961381
1.482755
1.4974247
1.4715706
1.4868014
1.4585707
1.4584445
1.4554163
1.4460244
1.4342233
1.4530091
1.4563551
1.4491963
1.4514307
1.4456667
1.4494039
1.4410963
1.4359902
1.388561
1.4400868
1.445481
1.4450179
1.4297614
1.4606076
1.4279382
1.4207232
1.4329039
1.4051762
1.4002849
1.4202693
1.4133645
1.4209576
1.4127781
1.407203
1.4091904
1.407415
1.4093971
1.4241017
1.4041182
1.3818303
1.3824519
1.3883044
1.3861322
1.3950626
1.3619357
1.3688871
1.3709432
1.3467112
1.3678024
1.3435652
1.3876203
1.3927387
1.375917
1.3739568
1.3900713
1.3705893
1.3903648
1.356671
1.3660966
1.3448075
1.3655909
1.335263
1.3715322
1.3393607
1.3207437
1.3393542
1.3555999
1.3374448
1.3605529
1.3498952
1.3356458
1.3397253
1.3466754
1.3639641
1.3668166
1.3336686
1.3434159
1.3541006
1.3237059
1.3197163
1.3269072
1.3237996
1.3294547
1.3300272
1.3370494
1.3190924
1.3054181
1.3344316
1.3216032
1.329293
1.2917832
1.3075905
1.2971612
1.2971631
1.3001121
1.2853328
1.2868686
1.3096322
1.2881366
1.299446
1.2932594
1.2759588
1.2840714
1.2817225
1.2784895
1.2784022
1.2956351
1.2709473
1.2577081
1.2679324
1.2795274
1.268044
1.2779012
1.2580501
1.2616343
1.240508
1.229243
1.2625538
1.2517703
1.2507222
1.261696
1.2251527
1.2387247
1.2632535
1.215435
1.2226716
1.2451334
1.2193587
1.2462841
1.2278461
1.2593244
1.2198097
1.2418559
1.2412182
1.208789
1.2435141
1.2394062
1.1936556
1.2241328
1.2183985
1.2455637
1.2206004
1.2133814
1.2343408
1.2300091
1.2232176
1.2274088
1.212886
1.2037565
1.2216105
1.2008909
1.1880965
1.1990997
1.2281579
1.2085574
1.2004983
1.1871194
1.2061412
1.18764
1.1770004
1.1713887
1.1847801
1.1732018
1.1975826
1.1673946
1.1822327
1.1593598
1.1787212
1.1756402
1.1578085
1.1723061
1.1755238
1.1528413
1.1807648
1.1652054
1.1688993
1.1827179
1.1776044
1.1615324
1.1549448
1.1645488
1.1604053
1.1559013
1.1332936
1.1298153
1.1524438
1.1428959
1.1545855
1.144535
1.1573263
1.1248691
1.1335977
1.1237345
1.1340342
1.1309786
1.1617644
1.1324146
1.1372931
1.1195856
1.1390723
1.134435
1.1408578
1.1122612
1.1234736
1.122784
1.1243752
1.1207367
1.1181363
1.1289254
1.1406704
1.1283019
1.1106939
1.1358489
1.1171495
1.100978
1.1341901
1.1227528
1.1044179
1.1336863
1.1212599
1.1164123
1.1269804
1.1314144
1.1247113
1.1213943
1.1126531
1.0966198
1.1108615
1.119299
1.1121107
1.1097283
1.1104034
1.0933683
1.1239364
1.1030058
1.0946932
1.1030581
1.091433
1.0876907
1.0647813
1.075577
1.075725
1.0772696
1.0559983
1.0727383
1.0578291
1.0696505
1.0413606
1.0519855
1.0495296
1.0492768
1.0422841
1.0592647
1.0500091
1.051595
1.052224
1.028725
1.0147612
1.0361929
1.0250043
1.0350897
1.0244261
1.0216502
1.0353328
1.0199554
1.0353324
1.0225348
0.999589
1.0191615
1.0059273
1.0424428
1.0224926
1.0153536
1.0180105
1.0141746
1.0192513
1.0115912
1.0102551
0.9889596
0.9848397
1.0013222
0.99855435
0.9950568
1.0030339
0.9870818
0.9923014
0.99374396
1.0030103
0.9783142
0.99002063
0.99068046
0.9825834
1.0026766
0.99329305
0.9784595
0.98794556
0.9843133
0.97694165
1.0020971
0.9783839
0.9618041
0.9774095
0.9790083
0.94934094
0.9598797
0.9731706
0.9423989
0.97105837
0.9637348
0.9704413
0.97035533
0.95918256
0.95162296
0.95673823
0.9854387
0.96236676
0.9568573
0.9552659
0.9398645
0.94095314
0.94756615
0.9277316
0.94449455
0.922452
0.94368297
0.9651717
0.92328864
0.95012045
0.9233275
0.93560904
0.93418896
0.9321652
0.93400115
0.9415779
0.93241477
0.9540039
0.9291519
0.9282942
0.93339574
0.94418335
0.92797226
0.91959924
0.92455685
0.9171334
0.9328144
0.9123137
0.9105321
0.9094028
0.9019095
0.9235391
0.8914264
0.9159184
0.9017848
0.8770631
0.8911831
0.90491295
0.91139346
0.88233936
0.88163435
0.8876479
0.8786914
0.87178016
0.8906334
0.87365824
0.8773588
0.87185013
0.87972623
0.8646827
0.89165384
0.89326006
0.88018924
0.89055747
0.87345624
0.8934505
0.8548018
0.8711942
0.86455494
0.8811168
0.885208
0.8819569
0.8675202
0.87592
0.8697124
0.8737985
0.8690038
0.8580531
0.8668016
0.85281855
0.8494321
0.84827715
0.85716003
0.8518446
0.8395712
0.83542854
0.83668464
0.8366879
0.8284272
0.8309556
0.83537346
0.8224617
0.8294211
0.8333138
0.81880754
0.8433471
0.84304726
0.82046145
0.81643784
0.84081286
0.830478
0.7948559
0.81802666
0.80843383
0.8019434
0.8210901
0.80991185
0.8030005
0.7909954
0.81070507
0.80801135
0.80396706
0.81647867
0.8028148
0.7926951
0.7835006
0.79374146
0.79737395
0.7763792
0.8239374
0.8047731
0.80082864
0.765603
0.79385203
0.7918602
0.8061031
0.78654575
0.7734671
0.77378905
0.76261276
0.78250957
0.75658286
0.7789576
0.7690139
0.7614152
0.7780975
0.7502142
0.74381274
0.75381804
0.7429183
0.75948817
0.7600555
0.7522087
0.7507813
0.7636271
0.7507825
0.75907457
0.7561946
0.728534
0.74767053
0.74650884
0.7662724
0.76152325
0.76792413
0.74429834
0.72990996
0.74482393
0.73649585
0.7484082
0.7491687
0.7486282
0.7355108
0.73453593
0.73417515
0.7448884
0.7369077
0.74047405
0.7346545
0.73519504
0.737895
0.719003
0.7363559
0.7321968
0.7236413
0.7135238
0.70250756
0.6939647
0.722703
0.72193897
0.71035117
0.724011
0.6947557
0.7144208
0.7158994
0.7045226
0.7266746
0.7331392
0.7070507
0.7196712
0.6930563
0.7158744
0.7207927
0.6998009
0.7076316
0.7000344
0.6959527
0.7068446
0.72427654
0.7004959
0.6759745
0.70025647
0.7040075
0.7083999
0.67707074
0.6954341
0.68583703
0.6932433
0.70138174
0.6876663
0.6983828
0.69859
0.697731
0.7007426
0.6795196
0.6767827
0.6717111
0.6775746
0.6967196
0.68635005
0.70754826
0.6934473
0.69410086
0.6688722
0.66205704
0.6703687
0.6521414
0.6812712
0.66454905
0.6670354
0.6885473
0.65658957
0.66127855
0.65874493
0.6566579
0.6460756
0.67140996
0.662312
0.6458367
0.6505481
0.63445014
0.6485727
0.65222305
0.6458044
0.64695907
0.6518412
0.6492552
0.6602341
0.64600885
0.63047963
0.6323746
0.64053726
0.64114344
0.6430661
0.63492256
0.63182116
0.6191123
0.62127835
0.61629295
0.6159711
0.6258103
0.6108312
0.61507016
0.6164356
0.6114691
0.6189183
0.6115511
0.60111314
0.60023856
0.6190919
0.6101852
0.6206092
0.60696197
0.60800594
0.60192114
0.6081016
0.5987738
0.61161715
0.6153451
0.63889515
0.6010771
0.5902983
0.60824996
0.60865384
0.6151258
0.6110338
0.5869819
0.60218596
0.60857505
0.60046136
0.59242034
0.60538906
0.6068472
0.5789183
0.5995878
0.568804
0.5777943
0.57598287
0.5791889
0.5733045
0.56702536
0.5798419
0.58488744
0.5833977
0.5651454
0.5772866
0.58249104
0.5684913
0.5766034
0.54814225
0.55552053
0.5646274
0.55504066
0.5704524
0.5575325
0.5684086
0.553613
0.5534015
0.55969924
0.53512186
0.55523676
0.5564412
0.5637957
0.5428393
0.5628225
0.5617994
0.5708712
0.5630637
0.54491013
0.5562219
0.53201133
0.5607724
0.5608561
0.53866655
0.54913646
0.5804097
0.5497294
0.5481012
0.5384354
0.5425285
0.5312003
0.5362216
0.547201
0.5490487
0.52266467
0.53348655
0.5315854
0.5443037
0.54839486
0.5374179
0.52986044
0.5296881
0.5401298
0.51886237
0.52419657
0.51939344
0.5330393
0.548547
0.5349677
0.53753376
0.5306296
0.52790505
0.53775704
0.53022987
0.52687806
0.514382
0.5463246
0.53455305
0.5140649
0.53036195
0.5311594
0.5167
0.5228536
0.52465004
0.51359123
0.5143547
0.5101088
0.50332725
0.5112766
0.51628846
0.5013381
0.5218736
0.50711983
0.5139362
0.5055288
0.50801855
0.5225213
0.49599254
0.49354184
0.5010321
0.49381056
0.51827115
0.4937469
0.5086393
0.49604735
0.4923892
0.5023174
0.50479865
0.5095522
0.49714217
0.5069117
0.5045631
0.4977286
0.50431234
0.50192285
0.50266033
0.50624377
0.50287795
0.502393
0.49661595
0.48846653
0.48486647
0.48988256
0.49823245
0.5003762
0.48950052
0.49355337
0.48229298
0.48830247
0.4806584
0.47379386
0.48785865
0.49861878
0.49245846
0.4913888
0.48553598
0.49337196
0.49962136
0.46555197
0.46680728
0.48047435
0.48367923
0.4881957
0.47021747
0.4744389
0.47512874
0.46178025
0.47132638
0.47020373
0.47420937
0.47360185
0.46923983
0.4692463
0.45775157
0.4738372
0.47093347
0.47065437
0.46711427
0.4636002
0.46384832
0.47257882
0.47402033
0.46004546
0.45320448
0.4636732
0.45184335
0.4582161
0.45332047
0.45010486
0.4644103
0.45033684
0.45717365
0.4555752
0.47549078
0.45577163
0.45953843
0.45441562
0.47654808
0.44765535
0.45289966
0.45088065
0.44112357
0.4390168
0.43507805
0.43742085
0.44323182
0.4513899
0.44594848
0.4696382
0.44764832
0.4453605
0.45780265
0.43865153
0.44629136
0.45351362
0.4449905
0.44806716
0.4484823
0.44238865
0.44481668
0.45526218
0.45394176
0.46562645
0.44977593
0.43715602
0.4678515
0.44610047
0.45049533
0.44198614
0.43274343
0.44139802
0.44226533
0.45109096
0.44140756
0.44772366
0.44122416
0.4650272
0.44187212
0.43444195
0.4499072
0.45522755
0.42871717
0.46462348
0.45480788
0.44667545
0.42736623
0.4412456
0.44498262
0.44019723
0.43647823
0.43438622
0.4248359
0.43264708
0.4177419
0.42162046
0.4151277
0.41462466
0.39766413
0.4244773
0.427445
0.4076628
0.41732967
0.42935008
0.42032176
0.43967074
0.407415
0.41013005
0.42563027
0.41276908
0.41945997
0.45047593
0.41259998
0.42334446
0.4166291
0.4275225
0.42272514
0.40260035
0.41480744
0.42678702
0.4117805
0.42803112
0.42242283
0.43390378
0.41561088
0.4011671
0.40073618
0.42320356
0.41209412
0.42819118
0.40537116
0.4146732
0.40015215
0.41709006
0.40784186
0.3931603
0.40238407
0.41435164
0.4109612
0.40056926
0.41280252
0.41002616
0.41398603
0.4173741
0.41059703
0.4026608
0.40996486
0.40481338
0.39826465
0.39930382
0.38547754
0.4054136
0.39894357
0.40081966
0.3894601
0.38816315
0.40426326
0.38637522
0.39102376
0.39496493
0.3887263
0.38337678
0.40173605
0.38986075
0.38256606
0.37615517
0.38765824
0.39305007
0.38538545
0.38413045
0.39318442
0.37674645
0.3700563
0.38242102
0.3776312
0.39494735
0.38087094
0.38429537
0.37992135
0.3803107
0.38376626
0.37836903
0.39190337
0.37580717
0.3808876
0.38622966
0.3896856
0.37026763
0.37228632
0.37591684
0.3870507
0.37870216
0.3753656
0.37654635
0.39037552
0.38433102
0.38060966
0.38555738
0.38269156
0.38844326
0.3806523
0.39385524
0.38951313
0.38528138
0.3716141
0.37716073
0.36990106
0.37207863
0.3708869
0.36976144
0.3750561
0.38433185
0.3887467
0.38840124
0.37950072
0.37912145
0.37299123
0.38640854
0.3769768
0.3800644
0.37334388
0.37978473
0.3859279
0.3821041
0.38923916
0.39319196
0.380837
0.3788362
0.38036397
0.3796274
0.3830005
0.36792648
0.37791017
0.3896461
0.38965604
0.39318967
0.38470128
0.37634417
0.3639992
0.3745439
0.35113025
0.3737797
0.36348408
0.36239216
0.36238745
0.36416936
0.3713687
0.37506467
0.36127204
0.37533498
0.37526172
0.3573402
0.3508954
0.355653
0.37604868
0.35630107
0.35323703
0.36572233
0.3591894
0.35595286
0.34747958
0.36249906
0.36397445
0.35551146
0.3608095
0.3544357
0.36077982
0.3537708
0.35299248
0.3548309
0.3699725
0.3629576
0.36626846
0.36333942
0.34627697
0.3503138
0.36804897
0.35862273
0.35551015
0.36319345
0.3563187
0.36060098
0.36023098
0.3545183
0.3363959
0.35186043
0.355123
0.35206148
0.35608193
0.34607404
0.34533003
0.34488842
0.34603304
0.34862968
0.3452058
0.36086768
0.35489288
0.3461691
0.337349
0.33634904
0.33531287
0.3376324
0.34205592
0.33474743
0.35394338
0.32195684
0.33374256
0.33473572
0.33244142
0.32372096
0.31759554
0.3270197
0.3118059
0.31822392
0.31943452
0.3162522
0.30447105
0.32449505
0.3178918
0.31976458
0.32465172
0.30969074
0.32673985
0.3212512
0.3197887
0.31723407
0.31930816
0.31708568
0.3387775
0.30682728
0.30920702
0.31448254
0.30089423
0.2991964
0.31269938
0.3011397
0.28914654
0.3005552
0.308071
0.31825998
0.2961451
0.30002624
0.30096203
0.30324486
0.3039624
0.29626328
0.29811352
0.31765512
0.3161809
0.30623195
0.30361697
0.29903284
0.30125365
0.29044878
0.30128393
0.29452372
0.29184517
0.29712892
0.29310977
0.29509795
0.30301443
0.28493074
0.30524573
0.2965449
0.29318374
0.29164767
0.29225484
0.30708283
0.29180175
0.29576764
0.29413405
0.2868763
0.28549874
0.29349014
0.28735223
0.2871409
0.297261
0.27087623
0.2817006
0.29371813
0.2883702
0.31200638
0.29007536
0.295862
0.28503796
0.30879653
0.3023847
0.29208115
0.28756434
0.28663853
0.29385167
0.29010797
0.29090035
0.28784716
0.2906775
0.28708097
0.27745664
0.28277537
0.2787716
0.278292
0.2827307
0.283632
0.28826165
0.28510973
0.29238728
0.28391355
0.28674224
0.2807911
0.2968385
0.29382622
0.29149833
0.2786291
0.29069963
0.44427392
0.2744301
0.27877825
0.27658853
0.2830966
0.28435147
0.28201926
0.29472345
0.30454585
0.28334504
0.28264552
0.2824073
0.27438375
0.28808272
0.28053617
0.28852275
0.2890251
0.28234047
0.2788007
0.2882411
0.28105488
0.2915806
0.29595867
0.2893217
0.27277368
0.27578187
0.27291596
0.27182487
0.27709454
0.2728004
0.27384022
0.2746286
0.264409
0.2641604
0.2718474
0.26765412
0.26894
0.26496857
0.26606703
0.26817122
0.26867038
0.2678827
0.26645645
0.26546195
0.28116894
0.2643754
0.2601094
0.2754482
0.2540503
0.27636507
0.27349025
0.26863128
0.2608336
0.2627254
0.2702619
0.26812416
0.27042845
0.2708852
0.257422
0.273228
0.26979423
0.26650044
0.25740388
0.26164886
0.27503806
0.27612445
0.27623633
0.2725492
0.28545055
0.26666236
0.26384258
0.28045714
0.27437487
0.26272398
0.25828487
0.26696682
0.26398742
0.26561528
0.2575617
0.25894547
0.25881723
0.2635945
0.2579146
0.26534882
0.2659987
0.2720757
0.25999415
0.26901352
0.2615074
0.27201694
0.2627855
0.2654344
0.2686663
0.2693377
0.2676446
0.25636777
0.25971195
0.26268163
0.26468268
0.25265428
0.2559935
0.261115
0.2674294
0.26199564
0.2621783
0.2610895
0.24232854
0.2575332
0.25267714
0.2645406
0.2626293
0.26437214
0.26727444
0.2608012
0.26786846
0.2704348
0.26133677
0.2595414
0.26586068
0.27570155
0.25560042
0.26345155
0.2516269
0.25460494
0.26708528
0.25751773
0.26953304
0.24938133
0.25532544
0.25483584
0.25101438
0.26779568
0.2559681
0.25431404
0.25504252
0.26247543
0.25746387
0.2610709
0.25190336
0.26303247
0.25835067
0.2586678
0.26413924
0.262677
0.2549527
0.2542614
0.24593113
0.25270253
0.25148267
0.26015192
0.2595899
0.2778223
0.24995856
0.27125844
0.25811812
0.25387773
0.24983436
0.24985258
0.25083354
0.25918245
0.24410428
0.24703787
0.23786826
0.24573936
0.25167298
0.22948726
0.24423032
0.23357368
0.24151951
0.24779417
0.23851804
0.23614813
0.23554589
0.23799531
0.24207243
0.23736161
0.23745568
0.2326115
0.23545691
0.24241741
0.22989795
0.24856685
0.23542066
0.24576394
0.24599993
0.23405504
0.23195763
0.24646102
0.23187836
0.24323979
0.23783213
0.24524254
0.23833412
0.23567034
0.23869392
0.23306027
0.23709422
0.24141815
0.22969382
0.2361755
0.24390854
0.24439389
0.23930375
0.23040111
0.227572
0.2415434
0.23077708
0.23457542
0.23695728
0.24938406
0.23390554
0.23101781
0.2295852
0.24006584
0.23328915
0.23968337
0.24273251
0.23113091
0.24099469
0.23885569
0.23467557
0.2325046
0.22895096
0.22606136
0.22632447
0.22556499
0.22289477
0.22979598
0.22456656
0.23912083
0.22394654
0.22897388
0.23230237
0.2312096
0.2214812
0.21301901
0.22640897
0.22670262
0.21845819
0.22151268
0.22973756
0.2227168
0.22762021
0.22027113
0.22032395
0.221572
0.22756755
0.22242804
0.22538702
0.22922198
0.22701956
0.21922088
0.2265107
0.21915147
0.23051745
0.22025108
0.22779904
0.22211735
0.22676288
0.22822027
0.22544555
0.21998625
0.21821964
0.23292701
0.21896425
0.2368218
0.22248934
0.2194542
0.22207382
0.22758502
0.21926878
0.22508192
0.2075505
0.2279988
0.22636536
0.21903753
0.2159988
0.2227252
0.2130159
0.22146133
0.22218387
0.22269565
0.2244428
0.22450426
0.21248409
0.21429302
0.21324135
0.2125431
0.20622899
0.21634762
0.20825294
0.20422947
0.2205218
0.21516849
0.21611501
0.21602269
0.21696007
0.21873292
0.22177102
0.21959633
0.22465605
0.22585075
0.21503851
0.20807786
0.21308601
0.20446905
0.21033974
0.21775891
0.23402706
0.20810035
0.20784917
0.22095963
0.2182847
0.20995967
0.2108228
0.21997513
0.20784497
0.21236901
0.22148347
0.21800919
0.2096672
0.21715453
0.20975904
0.22356264
0.20937763
0.20724331
0.20782202
0.21432436
0.2099398
0.21294881
0.20894633
0.22211707
0.20536748
0.22772092
0.20570804
0.21249992
0.20044369
0.21016172
0.20714663
0.21728806
0.22963528
0.22092028
0.21547836
0.20473889
0.21297018
0.21372281
0.21391377
0.20357047
0.21467161
0.21439198
0.20563306
0.20856355
0.21353056
0.20878473
0.21106762
0.20495582
0.2078773
0.19939178
0.2094283
0.19382398
0.21324486
0.2069217
0.19929719
0.20153989
0.20880696
0.19694114
0.19392326
0.20372863
0.2033617
0.20227529
0.21089135
0.20186876
0.20608874
0.20352758
0.20380491
0.21505992
0.20559272
0.20046559
0.21150412
0.20652103
0.21149963
0.20107897
0.20257097
0.2100524
0.20840381
0.21629347
0.20874174
0.22134766
0.22445361
0.22847947
0.21111833
0.23266341
0.23177704
0.22417957
0.22114654
0.22540678
0.23498756
0.22212161
0.22336037
0.20454964
0.20805232
0.2084601
0.20596793
0.20286523
0.20298581
0.19622841
0.19930382
0.19793808
0.20859313
0.19780755
0.1982522
0.19826195
0.20531248
0.20695917
0.20252235
0.19812277
0.21220388
0.19732699
0.1991341
0.20128958
0.20755845
0.20188236
0.18541276
0.20306067
0.18482123
0.19722688
0.1907544
0.19913428
0.19127473
0.19271547
0.19722992
0.19051664
0.1872331
0.19301088
0.19180997
0.18777423
0.19361098
0.18826678
0.19148532
0.18416305
0.1832019
0.1952544
0.17676967
0.17634526
0.18306136
0.1857721
0.18262585
0.19081776
0.18110606
0.1875986
0.18134263
0.19087148
0.17923838
0.18370703
0.17898893
0.18732531
0.17596263
0.18269841
0.19078213
0.19074576
0.18392906
0.18380843
0.17927709
0.18741332
0.18324853
0.18856892
0.18701339
0.18720165
0.18170603
0.18726856
0.17488927
0.18287149
0.18961684
0.19015276
0.18553996
0.18552677
0.1756384
0.17599179
0.18948801
0.19433399
0.17642568
0.18089172
0.1790895
0.17109141
0.18794361
0.17414589
0.17315894
0.18083777
0.18135093
0.17524436
0.1816581
0.17660345
0.1683754
0.16750318
0.1653759
0.15842772
0.17311272
0.1719568
0.17229144
0.18937573
0.16896906
0.17041722
0.16706187
0.19435115
0.17475232
0.18177024
0.16854466
0.1739361
0.17823876
0.18624687
0.1870291
0.1777899
0.16614307
0.17420304
0.17008817
0.1673553
0.17433994
0.17717248
0.1736782
0.1883357
0.18592115
0.17010988
0.17590663
0.1644353
0.16929369
0.1688491
0.16820578
0.1640097
0.17618708
0.16625023
0.17181614
0.17458594
0.16041449
0.17130814
0.17258425
0.17387049
0.18225403
0.16871311
0.16467482
0.16783707
0.17889737
0.15719126
0.16352841
0.16281034
0.17186216
0.1677737
0.17639306
0.17503501
0.17241237
0.16977732
0.1758038
0.16547744
0.17736474
0.17340764
0.16588107
0.17295831
0.15157121
0.16242522
0.16743863
0.17688881
0.17058927
0.1713655
0.16935101
0.18205993
0.17029369
0.16508755
0.16299492
0.17425403
0.1614037
0.17067342
0.1735662
0.16061322
0.15963338
0.1588268
0.16628607
0.16132402
0.16202879
0.16422474
0.14845733
0.16125354
0.16212462
0.17097959
0.15810426
0.16240989
0.16092995
0.1559326
0.15636799
0.16160049
0.16733672
0.16033626
0.15434198
0.16523105
0.15096973
0.16353773
0.15855986
0.15937304
0.14895664
0.1634739
0.16421452
0.15665738
0.15868643
0.16019233
0.16110083
0.1590242
0.15441929
0.16353194
0.15668152
0.15606281
0.16430047
0.1598873
0.15958576
0.15300359
0.15051301
0.15182051
0.15542892
0.16600676
0.16128857
0.15500918
0.15506612
0.15808089
0.15581338
0.15600687
0.1686525
0.16058226
0.14553402
0.15978932
0.14715394
0.1451934
0.17117
0.14716206
0.1514261
0.1570432
0.14918183
0.15655085
0.1590817
0.15576492
0.14999436
0.1464314
0.16530868
0.1542647
0.16116065
0.15168951
0.14444238
0.15791665
0.148271
0.1618333
0.16662382
0.15881258
0.15529366
0.16377664
0.16733448
0.15545882
0.1581343
0.1537073
0.17074999
0.16292942
0.1505512
0.15956742
0.1603392
0.15013388
0.14670682
0.15819895
0.16031797
0.14747387
0.15086563
0.1543268
0.15824932
0.15198284
0.14761774
0.16059469
0.1576773
0.16008297
0.15762112
0.15511458
0.15531059
0.16241886
0.15793705
0.14965963
0.15936753
0.16965888
0.16846752
0.15365747
0.1605459
0.16312663
0.15726316
0.16459927
0.15048532
0.15084049
0.16623597
0.1451884
0.15330188
0.1510341
0.15873043
0.151957
0.15588523
0.14972098
0.15934967
0.1550436
0.1645356
0.1730954
0.15890875
0.15246716
0.14825632
0.1558182
0.1381683
0.14141348
0.1452592
0.14221895
0.14675826
0.14907973
0.13953008
0.159605
0.15977152
0.13832752
0.14502704
0.15066426
0.14745809
0.14311092
0.15535498
0.14502475
0.1582253
0.15503104
0.15401277
0.15842381
0.14235084
0.14177272
0.13972998
0.14614142
0.14878109
0.16182652
0.14784338
0.15164165
0.14674488
0.15818949
0.14959477
0.150622
0.1392962
0.15637287
0.15021273
0.15345614
0.14527234
0.15164816
0.15640491
0.14241832
0.14533934
0.14791231
0.14933226
0.1463289
0.14548698
0.14983183
0.15198748
0.15237306
0.1493946
0.15303832
0.15114304
0.15775654
0.15190731
0.14962123
0.15441619
0.15062296
0.15709761
0.15258044
0.15435763
0.139552
0.14203712
0.15577993
0.13991268
0.14615427
0.15192327
0.14943449
0.14801052
0.1612103
0.14667083
0.14472067
0.1430904
0.15767843
0.1454597
0.15233643
0.14133725
0.14547913
0.1343556
0.13798134
0.13289313
0.14940757
0.14529282
0.14372589
0.14649086
0.15018584
0.13914971
0.14145215
0.13979293
0.15226799
0.15112409
0.14235
0.13213234
0.1437625
0.14467894
0.14908081
0.13296652
0.13748181
0.14644949
0.14292015
0.14165327
0.13768323
0.1376047
0.1422703
0.13762517
0.1492735
0.14529353
0.15793246
0.15585227
0.14720753
0.15945476
0.15890959
0.15847567
0.14726962
0.1495027
0.1528333
0.15142262
0.15168367
0.1490326
0.13945499
0.14566368
0.14543587
0.15207414
0.14460522
0.14539753
0.15278111
0.14802887
0.13799962
0.1470473
0.1508744
0.15140708
0.1530163
0.15439937
0.14169322
0.15502706
0.1567586
0.14666308
0.14295042
0.15228245
0.14901619
0.1642964
0.1660243
0.16064146
0.15172352
0.15269397
0.1426358
0.15221898
0.15358806
0.13911827
0.13736361
0.14797382
0.14192589
0.15229672
0.15581623
0.14029746
0.14148925
0.15086934
0.14370586
0.14493686
0.14186533
0.14654511
0.14367095
0.14436524
0.15020174
0.1422289
0.14550634
0.13802718
0.14759167
0.14376563
0.14522968
0.15030794
0.14259025
0.14650683
0.14209867
0.15724137
0.14120404
0.13832359
0.13183141
0.14454404
0.148748
0.14373256
0.14278701
0.1445541
0.14706409
0.14678665
0.13993892
0.13907239
0.14334002
0.14042638
0.15140788
0.14534032
0.14643976
0.14473484
0.14443155
0.14623779
0.15030722
0.13633789
0.14891088
0.13981396
0.15343328
0.14096168
0.14745373
0.14339067
0.15180942
0.14362736
0.13790223
0.14060953
0.13438928
0.14489357
0.14991908
0.1504255
0.15141262
0.14565839
0.13817726
0.14219953
0.14054868
0.15043303
0.13905025
0.14296336
0.13697018
0.15206333
0.14109722
0.14149058
0.1411641
0.14376372
0.14249602
0.14619464
0.15495402
0.14703429
0.14206347
0.14079277
0.14922306
0.1366828
0.14816752
0.13788253
0.14736727
0.14487287
0.14887357
0.13156335
0.1454347
0.14060444
0.12941307
0.14528982
0.13428754
0.14041056
0.14594766
0.14197308
0.14577928
0.13324144
0.13801354
0.13819899
0.1404753
0.13417034
0.13832027
0.14240244
0.14145777
0.13751714
0.13950987
0.13224687
0.14661264
0.15107736
0.13758649
0.14317024
0.13729887
0.1421661
0.12853491
0.14166
0.13061011
0.13933155
0.14617528
0.14912584
0.13952579
0.13838096
0.13440019
0.14033303
0.14090727
0.13841365
0.14066724
0.1358441
0.13840541
0.1323388
0.12556745
0.12725271
0.13435483
0.13233417
0.13397768
0.13798992
0.12432653
0.13329068
0.12906712
0.12852004
0.13603352
0.12521328
0.13221613
0.12521476
0.12902622
0.12897329
0.12698486
0.13603824
0.13283484
0.14204118
0.14817005
0.13036278
0.13343467
0.13229042
0.1354102
0.13913482
0.1340337
0.14472663
0.14421308
0.13031565
0.12826449
0.13784751
0.13237692
0.13352291
0.14095727
0.13998336
0.13305278
0.13615516
0.12569031
0.13327532
0.13407993
0.13851744
0.1237618
0.12834872
0.12325372
0.13529533
0.13120268
0.13049504
0.1398577
0.13244487
0.13089763
0.1433494
0.13099721
0.14313029
0.124210924
0.13244747
0.13364811
0.14194183
0.13546847
0.1319741
0.13288642
0.1285501
0.13884209
0.12506786
0.13949488
0.13085575
0.13437511
0.13301916
0.13375406
0.13589352
0.13288277
0.14874877
0.13693878
0.12460396
0.13030048
0.14002046
0.13436802
0.14987342
0.13297103
0.13967717
0.13189374
0.13695896
0.13019896
0.13162526
0.13181232
0.12672819
0.13583912
0.13947378
0.13901822
0.13082907
0.13726251
0.13274828
0.13522047
0.1300194
0.14071234
0.13559766
0.13153769
0.12886404
0.1300283
0.12671
0.11577898
0.14061525
0.13534325
0.13423839
0.14058216
0.1339465
0.12583366
0.15170449
0.13606592
0.14666814
0.141758
0.13676213
0.1396048
0.1326903
0.12990649
0.1315012
0.14463568
0.13526498
0.14808063
0.13873847
0.13668495
0.15212622
0.13631962
0.13509788
0.1454775
0.14535312
0.139469
0.13267082
0.14648145
0.13635164
0.13770899
0.1327075
0.13111125
0.13665794
0.12980221
0.14064363
0.13419737
0.13180846
0.12440556
0.12682354
0.13554332
0.13681129
0.1397742
0.1313077
0.13862433
0.12358111
0.1377084
0.13306679
0.13121365
0.13141187
0.12462984
0.14412422
0.13022172
0.12715617
0.12473299
0.15172914
0.12470644
0.12468929
0.12476639
0.13000466
0.120551206
0.123886675
0.1331251
0.13299775
0.12917434
0.13584855
0.14222744
0.12482091
0.13935891
0.13379955
0.13736585
0.1373894
0.13149314
0.13932483
0.13488325
0.13558856
0.12829836
0.12890363
0.12616082
0.140521
0.13003282
0.13705102
0.13708137
0.12957515
0.13055477
0.14309742
0.1387661
0.13303366
0.1404666
0.14189209
0.14064914
0.12740108
0.13776256
0.13313767
0.129221
0.14216
0.1183177
0.14035611
0.12542747
0.12923393
0.13255467
0.13147457
0.13976716
0.13086672
0.13682601
0.12984522
0.13179213
0.13751003
0.1397082
0.13821045
0.12706771
0.13754015
0.13941056
0.1375952
0.14183366
0.140129
0.13429588
0.13363063
0.14242718
0.13312653
0.15595698
0.15414011
0.14305928
0.13313048
0.13310479
0.1366528
0.13891375
0.1469164
0.13788222
0.1317479
0.14865972
0.13792507
0.13595444
0.13835983
0.14891282
0.14563529
0.13366058
0.13842502
0.15287314
0.13698517
0.14410923
0.14030686
0.14221658
0.14008129
0.13906342
0.14177911
0.1389272
0.1425374
0.13814867
0.16029799
0.13580565
0.13897851
0.1412132
0.14037688
0.14102569
0.14901167
0.13313253
0.14470445
0.14277673
0.13355881
0.1355894
0.13808392
0.13483852
0.13681181
0.13709329
0.1375475
0.13709876
0.13665414
0.1370477
0.12507623
0.13988456
0.1312233
0.13086323
0.13092874
0.1395683
0.14639786
0.13228062
0.14768177
0.13420671
0.11953874
0.12393682
0.12368461
0.12725113
0.1320033
0.12996633
0.12297036
0.12935042
0.13611116
0.15217307
0.13535592
0.14466238
0.13462844
0.13879298
0.13798995
0.1407383
0.12990238
0.13761574
0.14046241
0.13340886
0.13845992
0.13764527
0.12923175
0.13244659
0.13689224
0.12684311
0.13663478
0.13167101
0.15092213
0.1292341
0.12751581
0.13235667
0.13329165
0.123999596
0.12111489
0.13793994
0.117955185
0.12410953
0.12013099
0.14471895
0.12969518
0.12580733
0.13550317
0.13057351
0.12969719
0.13496822
0.13556896
0.13455221
0.12781382
0.13503017
0.13468453
0.12988305
0.13091321
0.12624247
0.13114625
0.13000351
0.12495583
0.12249125
0.128562
0.13557889
0.12880613
0.12938336
0.12782651
0.12486255
0.1294009
0.13805819
0.12540857
0.13798086
0.13031432
0.13792324
0.13015828
0.13911428
0.13446593
0.13228714
0.1393028
0.13407187
0.1405257
0.1351945
0.12651874
0.13525108
0.136935
0.14110167
0.13722092
0.13328397
0.124359034
0.13517691
0.13775559
0.14108863
0.14418069
0.14190726
0.13965078
0.13589644
0.13902985
0.14751342
0.13458064
0.14324953
0.14675394
0.13947886
0.1350675
0.13682352
0.14668693
0.12871814
0.14591163
0.1344252
0.12993193
0.14792822
0.1413322
0.1429053
0.13781415
0.14034869
0.14194794
0.13981554
0.13190842
0.14588195
0.14023331
0.14044751
0.13554354
0.1289354
0.13109158
0.13839293
0.13818076
0.14333998
0.14104126
0.13717224
0.13400066
0.13889648
0.14130704
0.14737776
0.1354074
0.14117832
0.1585344
0.14711699
0.13269758
0.1402935
0.15027855
0.14193363
0.13092376
0.14583129
0.13860239
0.14243922
0.13753946
0.14838542
0.15042025
0.13693772
0.15149114
0.14852934
0.1616937
0.15286998
0.15213394
0.13995562
0.15070595
0.13879484
0.144816
0.14342314
0.14665774
0.13619024
0.13661256
0.14221352
0.14900775
0.14207575
0.13704182
0.14890727
0.14083269
0.12977348
0.14304943
0.1410495
0.14906964
0.13999315
0.13435927
0.14783818
0.15376747
0.14690243
0.14906324
0.14515062
0.1342587
0.12847996
0.13486193
0.13718204
0.14191249
0.13366564
0.13532944
0.13097072
0.14572434
0.13920054
0.13419518
0.14591174
0.13309881
0.12629664
0.13956873
0.13785592
0.12700798
0.12369744
0.122033335
0.13423046
0.1280153
0.121677786
0.1299321
0.1390419
0.13218121
0.13369262
0.12162094
0.1315151
0.13751002
0.12101102
0.13049862
0.13223936
0.13518997
0.14062802
0.12756415
0.12731867
0.13606226
0.12813394
0.11622615
0.12153202
0.13145122
0.12675203
0.1290762
0.12452894
0.13131975
0.13955387
0.12837636
0.1408293
0.1275316
0.12593964
0.12698197
0.1395091
0.12700711
0.13107389
0.14057122
0.12743579
0.14471762
0.13661766
0.14083092
0.13600227
0.13864182
0.14869238
0.13541116
0.120124884
0.13091965
0.13520569
0.12846825
0.12806587
0.13047475
0.12316322
0.13166435
0.11947988
0.13295536
0.12559134
0.13063361
0.13097508
0.1293435
0.12555249
0.12874542
0.12256914
0.1292652
0.13339618
0.11919197
0.13438605
0.13667941
0.1288213
0.13012004
0.12021292
0.12494524
0.13326497
0.12938437
0.12368012
0.11116257
0.121594846
0.12156072
0.11511986
0.13193238
0.12270526
0.1232636
0.113211304
0.10700982
0.12493273
0.119639926
0.1264908
0.12228656
0.1134472
0.115453765
0.12693764
0.13304955
0.12745719
0.118803106
0.13031046
0.114621624
0.12491929
0.11998925
0.12152087
0.1189712
0.11731006
0.12500778
0.13045911
0.12410605
0.14714392
0.11330493
0.13345073
0.12567733
0.13342932
0.13000573
0.12408597
0.1287585
0.1387119
0.12887159
0.12679872
0.12779829
0.12772453
0.12255672
0.12927835
0.1175454
0.124322765
0.12349346
0.11683237
0.12052578
0.1257106
0.11528951
0.1185144
0.11372755
0.12692605
0.12831327
0.118565716
0.114483304
0.113636844
0.11407542
0.10769418
0.12768449
0.13171129
0.10615511
0.103119396
0.11748828
0.122266166
0.120808855
0.11872205
0.12762919
0.12341446
0.11646836
0.11999889
0.10935165
0.122014694
0.13082229
0.1174101
0.11545592
0.11773459
0.10779815
0.10825922
0.12895498
0.12612073
0.12565143
0.12152288
0.11778506
0.12715808
0.1258363
0.12335747
0.11862609
0.11997221
0.13921177
0.14891678
0.12638222
0.1216008
0.12728211
0.112235546
0.11795757
0.11370233
0.1522951
0.12611176
0.11094166
0.1254994
0.13286518
0.12601621
0.12639353
0.12069438
0.13015774
0.11687219
0.10933864
0.11921506
0.12063838
0.13115285
0.124130905
0.11896163
0.11670411
0.11635242
0.12258457
0.11413075
0.1155219
0.11955839
0.12775812
0.12604831
0.11220558
0.11047708
0.122272454
0.124331534
0.11284986
0.11449698
0.11996556
0.1221254
0.12543315
0.12144076
0.1369878
0.118431315
0.12442175
0.12211569
0.11681266
0.12630565
0.12379053
0.12156099
0.12969996
0.12570655
0.12326535
0.118786
0.11783931
0.119095944
0.12072795
0.12614678
0.120379716
0.111229844
0.12193897
0.12905301
0.1212959
0.12165895
0.11527223
0.1266388
0.11568329
0.115718216
0.12669252
0.1192432
0.1443921
0.13165657
0.13744712
0.11883002
0.12533323
0.12367011
0.12157226
0.12835369
0.12713316
0.13604261
0.12437802
0.10809742
0.12112956
0.12603709
0.120011784
0.114548124
0.11904719
0.12726992
0.13033138
0.12442602
0.11465108
0.10344958
0.1225632
0.12386953
0.120811574
0.12288389
0.13548355
0.12438978
0.14088975
0.12102727
0.12906358
0.121096075
0.126493
0.12891684
0.122581236
0.13179182
0.12793557
0.12999576
0.13283011
0.13628894
0.13625717
0.12451494
0.1347096
0.12833485
0.13060685
0.121408895
0.12339459
0.13426308
0.13086799
0.12893738
0.1221904
0.11594133
0.12567732
0.12952182
0.12646315
0.122942396
0.1156024
0.12855472
0.119268805
0.13239945
0.11831616
0.12765254
0.12235421
0.12187021
0.12665279
0.12978719
0.13294005
0.13339567
0.12534066
0.1355149
0.14090675
0.13244538
0.12896118
0.1232247
0.13025077
0.14352047
0.12426643
0.13265714
0.123554915
0.14057322
0.13021758
0.1285996
0.13887475
0.13146584
0.12787291
0.116582446
0.12835926
0.119650796
0.13871397
0.12199469
0.12419838
0.13508739
0.12564914
0.125513
0.13064423
0.12897873
0.12957028
0.11774997
0.13161026
0.13502693
0.12845433
0.12685214
0.12696664
0.13188176
0.12596767
0.13709341
0.13403332
0.12127078
0.12903492
0.1440411
0.12105957
0.13134229
0.13520446
0.12623279
0.12619379
0.12837386
0.14095369
0.12955531
0.13136986
0.12298397
0.1183531
0.12459432
0.12656459
0.11927032
0.1364529
0.12358813
0.13296786
0.1385934
0.13403067
0.1277785
0.112757124
0.11937858
0.12603538
0.12233053
0.114232354
0.116521746
0.115377665
0.10743645
0.1148498
0.11673058
0.122209266
0.1151518
0.12463592
0.123180784
0.13483383
0.11897434
0.12168105
0.13543223
0.12381498
0.12304848
0.120566875
0.12285586
0.13343295
0.12688842
0.120043226
0.1201288
0.14387573
0.121074505
0.122152425
0.12705767
0.122424364
0.12413219
0.14020522
0.11147865
0.13412407
0.12027668
0.12884803
0.10987579
0.11858448
0.11128082
0.122364834
0.12407157
0.11045207
0.11647917
0.12273794
0.12896724
0.110929094
0.12767348
0.12408139
0.11917986
0.12282177
0.11447125
0.114756756
0.10825947
0.12308658
0.12154775
0.123685464
0.13157317
0.12278225
0.11981903
0.12695253
0.11510362
0.12796882
0.1311839
0.1257845
0.1235238
0.13192645
0.13318363
0.12334851
0.14167416
0.1374914
0.118422605
0.12930983
0.12017944
0.12399812
0.12099787
0.12448061
0.12881762
0.13237259
0.11286791
0.13063562
0.11110536
0.12476467
0.116535775
0.12409198
0.13148393
0.13413213
0.11818274
0.13203524
0.13074721
0.12746963
0.13748758
0.13284624
0.12785786
0.13007179
0.13179505
0.13531472
0.12480705
0.1263943
0.13332285
0.13206539
0.12756689
0.12838243
0.13007326
0.1231647
0.13563243
0.15283714
0.12752064
0.13243698
0.11428157
0.12636048
0.12997311
0.12577884
0.11957286
0.11927414
0.13091387
0.1292617
0.12856153
0.12786444
0.11740093
0.15040064
0.13779022
0.13604881
0.14105426
0.13001944
0.12765758
0.13253438
0.121437296
0.13644028
0.12525184
0.11834436
0.12729444
0.11569051
0.14385837
0.12478099
0.12756068
0.1266617
0.11517906
0.12695608
0.12683195
0.12233457
0.12270147
0.11714139
0.12768857
0.11907369
0.1312721
0.13054012
0.13657585
0.12625755
0.12673488
0.14649853
0.13850847
0.12133897
0.11518656
0.12760271
0.12154323
0.13778622
0.13000487
0.13148119
0.13691899
0.12733379
0.12896942
0.13163221
0.12554
0.118803464
0.11931358
0.12129982
0.11958261
0.1351537
0.13580835
0.12710802
0.13861299
0.12448925
0.12661412
0.12780187
0.12514246
0.128063
0.13070567
0.13094957
0.1382443
0.12465275
0.1295221
0.1360546
0.13108157
0.13618864
0.13206668
0.13855135
0.13445653
0.1303488
0.13560294
0.12766181
0.13764717
0.13819171
0.12727775
0.1282795
0.12847333
0.13255927
0.1344647
0.13973224
0.116135284
0.1387306
0.13664563
0.12797447
0.12957701
0.13795924
0.13644071
0.13315953
0.13834095
0.13145852
0.14328341
0.13536358
0.14006434
0.13775435
0.12113608
0.13429402
0.121595554
0.13837765
0.1384996
0.13809541
0.13675445
0.14262864
0.14151688
0.13885191
0.13347252
0.1257676
0.1325809
0.13600937
0.12653527
0.15069771
0.13793924
0.13007538
0.14211765
0.11858257
0.13262005
0.13222176
0.13610634
0.13585655
0.12977524
0.1322251
0.13315593
0.1317554
0.13029537
0.13056087
0.13547783
0.12478297
0.12923048
0.13184363
0.13752425
0.13676046
0.13779074
0.12725183
0.12497509
0.12211634
0.13136233
0.122269735
0.123107515
0.13804676
0.14151187
0.14068288
0.14236514
0.13634735
0.13972005
0.13949865
0.13239127
0.13706043
0.13174759
0.14436673
0.15106046
0.14074227
0.12957454
0.13765673
0.1615525
0.15243444
0.13767801
0.14367273
0.13729046
0.14359526
0.14450324
0.1368649
0.15438177
0.14084035
0.13321398
0.13839014
0.1409311
0.14492849
0.13653798
0.12851806
0.14425091
0.13757534
0.12870924
0.13841346
0.13291304
0.13844262
0.14708975
0.12091581
0.13979195
0.13538527
0.13286293
0.13398813
0.1354695
0.12460692
0.1309887
0.13198197
0.14355952
0.13132223
0.15435405
0.14607197
0.1405149
0.1314263
0.13114834
0.13890478
0.15160687
0.12958704
0.12539673
0.12449828
0.13408802
0.12780124
0.13470644
0.13314505
0.14628308
0.14081435
0.13477476
0.13797848
0.14263645
0.14175925
0.13944514
0.14570174
0.14880565
0.14783995
0.13768318
0.1468248
0.13502897
0.14104685
0.13515654
0.12669666
0.14029995
0.13757272
0.15551202
0.15156344
0.13141167
0.13516112
0.13132668
0.12559405
0.14192359
0.13685049
0.13573007
0.13740057
0.14820038
0.14085302
0.13913916
0.14476453
0.13514471
0.13404576
0.14018707
0.13554965
0.1320395
0.14261402
0.14263673
0.13390294
0.14658658
0.13778244
0.12879157
0.14082569
0.1333208
0.13315849
0.13348027
0.12469566
0.12029839
0.14940327
0.13514769
0.12544474
0.13244134
0.13008454
0.1497
0.14597605
0.13970105
0.13682091
0.14024316
0.14757453
0.14559346
0.13524483
0.1279871
0.14843749
0.14115623
0.1471887
0.14373957
0.14637604
0.13049838
0.14317252
0.13403463
0.14303155
0.1467638
0.14726815
0.14485735
0.13709109
0.15212116
0.14518712
0.13748522
0.13769862
0.13608071
0.15710989
0.14762597
0.15437475
0.13463505
0.15108806
0.1475583
0.15334298
0.14799832
0.16017742
0.1621507
0.14986128
0.14546627
0.13902313
0.13097872
0.15433875
0.13519883
0.14103028
0.13981389
0.14897776
0.13215953
0.14692537
0.13403772
0.1406885
0.16301998
0.13333066
0.14150769
0.12375304
0.14070953
0.12666747
0.13977978
0.13891236
0.14886124
0.16195498
0.14216492
0.120784774
0.13481894
0.13606624
0.1350591
0.13011771
0.12790306
0.1249661
0.123365045
0.13179988
0.13171607
0.12278648
0.13017775
0.14407423
0.13912132
0.13285872
0.13579369
0.14386325
0.121116675
0.13822828
0.12636985
0.123688065
0.12178969
0.15073445
0.13889983
0.15142402
0.12935822
0.12777495
0.14640199
0.13438731
0.1369402
0.1352665
0.13650398
0.14089239
0.14017694
0.14356379
0.13217305
0.13837647
0.12676394
0.17270444
0.14921997
0.15597878
0.14625569
0.13848545
0.14896911
0.14698115
0.13736077
0.12847283
0.14889498
0.13789657
0.15571314
0.12478212
0.14649779
0.13111332
0.17012665
0.13525599
0.15464051
0.15086022
0.13061528
0.16081849
0.14650775
0.14122806
0.12751013
0.14227545
0.13835414
0.14503296
0.12614137
0.13029131
0.13304915
0.1354942
0.13513951
0.13993146
0.13206655
0.14313582
0.1337338
0.15334037
0.14840442
0.1349675
0.15996419
0.1391998
0.14653073
0.12908345
0.14439216
0.14838108
0.15479636
0.13513443
0.14123997
0.13455497
0.13099106
0.14397031
0.13432714
0.14188814
0.14949255
0.13300897
0.15485126
0.13520646
0.14586838
0.14653122
0.17051269
0.14818281
0.14155264
0.14427923
0.14842366
0.13978963
0.152321
0.13499139
0.14342019
0.1367085
0.13478385
0.13792041
0.13801578
0.13164401
0.13854566
0.13849981
0.14343216
0.13630798
0.1429304
0.13550359
0.13058215
0.1308376
0.1369435
0.12225021
0.12444705
0.13526899
0.12754199
0.13885221
0.12654299
0.13542606
0.1251611
0.12950817
0.14586236
0.13948847
0.14985923
0.13881637
0.14144273
0.13000603
0.13732664
0.13774127
0.1304955
0.13586497
0.13562214
0.14495513
0.14221425
0.15301557
0.14254102
0.14695206
0.20349035
0.13041435
0.1432597
0.13145883
0.13801704
0.14222784
0.12832071
0.14314283
0.13698342
0.14903447
0.15787417
0.14465559
0.1461283
0.15458357
0.16796665
0.15678185
0.13374028
0.13557063
0.14299779
0.14477432
0.13944396
0.16119818
0.14412777
0.153107
0.14514132
0.13698156
0.14655517
0.14087704
0.1408581
0.1599657
0.14970255
0.13700536
0.15178643
0.13351955
0.12980847
0.1385783
0.14108224
0.13213365
0.13375214
0.12714499
0.13598993
0.13319588
0.13288976
0.14645983
0.13722102
0.13639836
0.13755773
0.1353701
0.13113335
0.1329591
0.12585011
0.15052922
0.16790026
0.15072334
0.14240627
0.14911106
0.150646
0.16301167
0.17267245
0.16008107
0.15062419
0.15660779
0.1481589
0.14586194
0.16121444
0.15431549
0.14715116
0.14330077
0.1648107
0.149879
0.15923685
0.14311202
0.14328808
0.15971234
0.14265871
0.15930563
0.1543784
0.15781799
0.14404862
0.16882162
0.14591183
0.14981772
0.16731575
0.14585903
0.16008739
0.1411871
0.17756939
0.15008838
0.14730087
0.15920289
0.15754132
0.14008792
0.16409582
0.16238028
0.1401454
0.14005937
0.14849657
0.16571112
0.16332306
0.14986116
0.12922685
0.16178572
0.15398866
0.12921803
0.15234305
0.1531215
0.16491061
0.14437501
0.14519453
0.132124
0.14071594
0.15534729
0.15890191
0.13855752
0.1570602
0.15497707
0.14399035
0.14810221
0.15048182
0.14998487
0.15968871
0.14572525
0.14952393
0.17345104
0.15055345
0.17110041
0.15869114
0.16057265
0.14876024
0.16599478
0.15812264
0.15704386
0.16271168
0.1444868
0.14851262
0.17071347
0.17931348
0.1484837
0.15537828
0.17109817
0.15816808
0.15454957
0.1635396
0.17029272
0.16466458
0.16302954
0.15474212
0.16619724
0.15728825
0.16935581
0.14934425
0.16797791
0.16611826
0.18279971
0.15999533
0.15187836
0.16069174
0.1631659
0.1576905
0.15868548
0.17515494
0.15925005
0.15684743
0.17111996
0.14573048
0.15729411
0.15568282
0.16516733
0.1592782
0.1565891
0.17703493
0.16024545
0.17317571
0.16610652
0.16856147
0.17235634
0.15571065
0.16355813
0.17112102
0.17474216
0.17245057
0.18766579
0.1686134
0.17689766
0.1701062
0.16703127
0.18096349
0.15595533
0.21697226
0.17310517
0.17216907
0.17348817
0.15734462
0.17667374
0.19219908
0.16174905
0.16453469
0.18677406
0.15309747
0.1590799
0.18777643
0.173011
0.18006524
0.17899866
0.1785913
0.17398596
0.18538001
0.17999972
0.18608002
0.16263917
0.17176315
0.16623312
0.17701338
0.16701971
0.16753651
0.16808757
0.17220615
0.15380982
0.16646321
0.169943
0.17246991
0.17298403
0.177947
0.1646806
0.17476541
0.16616955
0.170149
0.17158279
0.1820639
0.19257206
0.17135124
0.16663596
0.15900567
0.16920409
0.15463676
0.1673419
0.17118068
0.14457259
0.15804558
0.16884016
0.16772418
0.17607176
0.17101035
0.18146263
0.17016281
0.1552307
0.16955711
0.16936883
0.1566653
0.15649346
0.15857129
0.15609507
0.17990611
0.17031318
0.15293868
0.16724
0.1792959
0.17808181
0.1805251
0.17243393
0.16649762
0.16045608
0.15794075
0.16920528
0.17363533
0.16077965
0.15526623
0.15477145
0.17160289
0.16947728
0.15684615
0.16199532
0.16262901
0.15789843
0.16472434
0.16686678
0.1686202
0.1516049
0.16996598
0.17434633
0.16438074
0.16282542
0.14880364
0.16492394
0.1533137
0.15912434
0.15679468
0.1746104
0.17544661
0.17171483
0.17006132
0.17552295
0.1663949
0.159967
0.15025511
0.1732622
0.15706894
0.1773295
0.17924017
0.15014276
0.17051248
0.16498254
0.17451105
0.15580404
0.16173664
0.16711678
0.17327149
0.15325679
0.17119874
0.16029568
0.16831698
0.17170842
0.15866947
0.16970156
0.17510639
0.16295433
0.16546184
0.16572975
0.16693021
0.15628843
0.17026187
0.16380419
0.16780762
0.17073542
0.16839072
0.17138642
0.18113248
0.157396
0.15601192
0.16593787
0.18311381
0.17623828
0.16515404
0.17493677
0.16970363
0.16388078
0.15581076
0.15171239
0.17151043
0.16272801
0.15788122
0.1688463
0.17111786
0.15484667
0.15442793
0.15967132
0.15920721
0.15318139
0.16159089
0.18209837
0.15677464
0.15820298
0.17299636
0.18000327
0.16415259
0.1676561
0.19313174
0.17074554
0.15855314
0.18905304
0.18640803
0.14986183
0.15293153
0.16766393
0.16211636
0.17002201
0.17443527
0.15949158
0.17435186
0.17180547
0.18705097
0.1838353
0.175798
0.17921545
0.18976587
0.17337255
0.18671875
0.17780156
0.18346182
0.18021594
0.178745
0.19438739
0.18530005
0.17524046
0.19285302
0.18819742
0.18099949
0.18083023
0.17196824
0.17525275
0.18640326
0.16170074
0.17695001
0.16839458
0.18439783
0.1680564
0.19075717
0.16086127
0.16431175
0.16855606
0.17706181
0.15541583
0.1739775
0.17042157
0.1774398
0.17911275
0.17828785
0.18340002
0.17203583
0.15653929
0.19796135
0.17715181
0.18444127
0.18717565
0.15346292
0.16317685
0.16878785
0.16689467
0.18066694
0.17899531
0.1581954
0.1749333
0.17583862
0.16850457
0.16163373
0.15999274
0.19722095
0.15882485
0.16664204
0.1588327
0.16840975
0.17748968
0.17370659
0.18979774
0.1719442
0.16034026
0.17174761
0.17710021
0.17402418
0.15751797
0.16280933
0.16908905
0.1825279
0.16252953
0.18747555
0.16212459
0.16493848
0.18088406
0.16702706
0.16770564
0.17555316
0.16557212
0.16782354
0.18178818
0.17021424
0.16543734
0.16727898
0.1962278
0.15884922
0.19541426
0.17158528
0.20939834
0.15752576
0.181854
0.17223912
0.17849061
0.17967582
0.15998973
0.16881363
0.16173956
0.17349076
0.15917483
0.17989284
0.16451642
0.1655283
0.16638012
0.17717576
0.16937314
0.17152949
0.17367347
0.16313118
0.16594516
0.18036789
0.17534763
0.16340218
0.19177705
0.1742714
0.16241059
0.18516935
0.16362268
0.18605109
0.19519848
0.18717891
0.18474421
0.18574391
0.17792064
0.17926213
0.16865943
0.16381459
0.1959909
0.18579902
0.1872553
0.16709168
0.18612953
0.17355494
0.1690314
0.1848393
0.1877303
0.20247695
0.18533914
0.18954353
0.19501439
0.18785347
0.18504854
0.18856469
0.2107453
0.1871866
0.1678595
0.18507388
0.16342047
0.1954952
0.16396797
0.17072977
0.16945827
0.16010351
0.18418716
0.15824068
0.19593358
0.17012882
0.19522402
0.18472241
0.16611327
0.15646078
0.16491047
0.1626119
0.16230929
0.17343913
0.16691399
0.19331433
0.15801743
0.16706388
0.15721433
0.18186581
0.15015827
0.16093652
0.16319872
0.17289884
0.15688926
0.1831689
0.14867598
0.15579434
0.18236656
0.15130468
0.1546292
0.1636868
0.1534593
0.17645413
0.15804821
0.15805987
0.16395046
0.15687916
0.15708767
0.16800772
0.15442562
0.20611224
0.1624616
0.16587877
0.16626668
0.17991042
0.15336315
0.1586251
0.17491554
0.1519026
0.17929982
0.17485376
0.17231227
0.17942111
0.16511598
0.17194091
0.1710871
0.16934155
0.17181675
0.17224057
0.18954523
0.18271998
0.18577695
0.18269092
0.1599601
0.17175964
0.17945164
0.16494279
0.17152213
0.1727535
0.18463527
0.17037971
0.18457578
0.16874562
0.17763919
0.17963432
0.1824203
0.16815951
0.15793847
0.15907581
0.16166297
0.16177468
0.17874974
0.16276556
0.18813594
0.16578068
0.17329793
0.18355247
0.18185608
0.18526512
0.17782018
0.16088915
0.1771872
0.19038695
0.18116204
0.17071864
0.17812365
0.16302143
0.19149718
0.17628172
0.17520957
0.16627422
0.19820839
0.17173241
0.16881594
0.18219416
0.17711128
0.18003196
0.19817796
0.19206181
0.1833069
0.1865915
0.16796513
0.17607999
0.16072866
0.19148733
0.1698309
0.19799522
0.17658295
0.19881874
0.17587347
0.17261618
0.18828996
0.18979701
0.18620442
0.19558075
0.19062518
0.18244672
0.19977777
0.16646054
0.18769673
0.18775629
0.1783035
0.17253089
0.19287214
0.17627439
0.16868578
0.17357017
0.19982436
0.1877324
0.18134157
0.16901247
0.17084031
0.17279163
0.16857953
0.1765024
0.17230688
0.19366567
0.18074833
0.16174318
0.16466136
0.17654929
0.18966056
0.18427594
0.18601093
0.16304925
0.1854235
0.17325136
0.18338373
0.17970064
0.1740139
0.184485
0.17726271
0.17838337
0.16499405
0.18219422
0.1888023
0.18608263
0.17518042
0.16396357
0.1755574
0.18399721
0.16694361
0.17474174
0.18932933
0.18295787
0.18539958
0.17374198
0.16654898
0.17328027
0.17510758
0.18538897
0.18920314
0.17048863
0.20402852
0.16989852
0.20169629
0.16745898
0.18079148
0.17926528
0.17557433
0.17914985
0.19837828
0.20218956
0.19214158
0.18981463
0.19937754
0.18821853
0.19456626
0.21609166
0.20557116
0.19968356
0.19012845
0.20580682
0.25355965
0.20065206
0.18564332
0.21720812
0.21379757
0.21224926
0.19839042
0.18709461
0.21992043
0.19813865
0.20683089
0.20346452
0.18728386
0.18535481
0.19852462
0.21280009
0.19049442
0.20013537
0.19902818
0.21453965
0.21016195
0.19237994
0.19085667
0.19816934
0.2039389
0.21010567
0.1805148
0.19212033
0.19858018
0.19581164
0.19010344
0.19121452
0.20620802
0.18670535
0.19002242
0.19275464
0.18978159
0.19340135
0.182415
0.1778114
0.17466591
0.18019377
0.17576008
0.19172627
0.1797763
0.17616342
0.18499798
0.1832928
0.18656631
0.21957849
0.19882253
0.20467028
0.19686535
0.20211749
0.18502103
0.18509677
0.17915088
0.18291117
0.1891971
0.18824583
0.17755091
0.18032955
0.17386012
0.17751825
0.17760599
0.19038543
0.18268397
0.17623475
0.19455232
0.17398174
0.17402554
0.1963218
0.19992834
0.19784641
0.17583461
0.20470294
0.18516597
0.18141729
0.18103363
0.1697109
0.16755849
0.17459385
0.17038661
0.16974817
0.17695063
0.18832442
0.17501894
0.17946231
0.19633894
0.18729351
0.19302915
0.1749568
0.18692768
0.18880965
0.18937173
0.18328884
0.17864609
0.19663252
0.20295931
0.1753451
0.19412023
0.20085138
0.19034635
0.18485937
0.19230294
0.18680787
0.1794975
0.18904664
0.18468598
0.19679661
0.1858966
0.17512023
0.17721748
0.19221339
0.18920909
0.19263425
0.18077815
0.1976373
0.18065655
0.1790128
0.17892238
0.18182611
0.18442608
0.18595147
0.18066579
0.18038185
0.18004835
0.18017922
0.18807483
0.20000456
0.188052
0.19925083
0.193261
0.20577848
0.20288932
0.18922079
0.19695048
0.18329833
0.18093243
0.19258939
0.18712947
0.18216506
0.1845465
0.17655663
0.175568
0.18159454
0.1921268
0.18403806
0.19266814
0.21986023
0.21789362
0.1930023
0.18758781
0.19003412
0.20868528
0.19765708
0.18627201
0.19655421
0.18817435
0.18583953
0.21762447
0.18684721
0.2174581
0.21139319
0.21294014
0.1962832
0.18314148
0.1837261
0.1980647
0.19054613
0.18881163
0.19493991
0.18032289
0.18382052
0.20546946
0.198241
0.18992622
0.21549065
0.1960056
0.1969882
0.19936334
0.19820987
0.1987153
0.19100834
0.20054403
0.19437045
0.20180881
0.18743546
0.1867946
0.19639662
0.1821609
0.17847304
0.19050874
0.21983464
0.18725894
0.21454085
0.19691741
0.189553
0.1870113
0.18818623
0.1979816
0.21953973
0.18994267
0.1797242
0.18812935
0.21519658
0.18594678
0.17137547
0.17672959
0.1727656
0.16830084
0.17268564
0.1888184
0.18929851
0.1892618
0.19414325
0.18116485
0.18214455
0.19711144
0.18487659
0.17610486
0.17084327
0.17278184
0.17633842
0.185999
0.19233279
0.20730779
0.18809175
0.1819205
0.1859545
0.19201286
0.19585831
0.19829135
0.20683837
0.1840848
0.17719048
0.18350983
0.18933901
0.19307436
0.20413831
0.1887575
0.1949495
0.17621107
0.17897981
0.20330137
0.18182804
0.17083512
0.17835581
0.2002017
0.18761836
0.18193226
0.18645819
0.19050393
0.19937415
0.19670568
0.20905258
0.19481808
0.21522316
0.19473262
0.18776777
0.1907814
0.20078284
0.21270747
0.19544186
0.18371761
0.1912276
0.20503981
0.1903981
0.19212772
0.21026406
0.19653593
0.19813594
0.19851622
0.20360884
0.19996637
0.21205798
0.19521949
0.20007986
0.1875948
0.17978288
0.18982129
0.21814106
0.1995541
0.19352484
0.2000807
0.18916574
0.1950989
0.2179171
0.19720456
0.19221707
0.20298915
0.1810428
0.17110418
0.17331554
0.18446624
0.191176
0.19318724
0.195953
0.20370676
0.19757487
0.19233996
0.18616103
0.1964203
0.22412983
0.20956801
0.19750269
0.19886047
0.21367116
0.20294224
0.19788304
0.19930294
0.20417593
0.20113133
0.21082324
0.19210857
0.18610494
0.20169228
0.22361031
0.23024392
0.2705522
0.22140846
0.19894868
0.19626813
0.1959858
0.19433394
0.19876237
0.20648819
0.21466358
0.23522763
0.21362206
0.20275056
0.19600178
0.19489737
0.19353475
0.18770425
0.18802457
0.17560866
0.18961424
0.21792918
0.2006111
0.19884485
0.21266587
0.20036708
0.20981982
0.19808291
0.19046527
0.18034452
0.18111457
0.17868349
0.18354039
0.19465211
0.21805534
0.19225901
0.18621515
0.19131626
0.19963323
0.20583299
0.2185836
0.20300284
0.20353802
0.22022639
0.20262222
0.19228072
0.19651325
0.19441202
0.1991059
0.20227802
0.21892431
0.21233362
0.21599036
0.19126388
0.18760058
0.19735163
0.20481628
0.21465
0.2075006
0.2031342
0.2030311
0.20049222
0.20545746
0.21646723
0.20891936
0.20362526
0.20316632
0.19983484
0.20884953
0.22765736
0.22365938
0.25521436
0.2138815
0.198454
0.20211661
0.21595214
0.23806806
0.22250289
0.22343776
0.2042716
0.19374266
0.19308415
0.19261217
0.20410606
0.22637887
0.21928802
0.21196707
0.20678571
0.19666572
0.19825652
0.19641013
0.20427993
0.21190009
0.22726503
0.20763233
0.19187549
0.19422325
0.21955359
0.20673618
0.20529392
0.21189967
0.2140093
0.20637828
0.20609757
0.19688946
0.2069971
0.22268225
0.2106253
0.20299707
0.20576243
0.20561717
0.20507883
0.19839978
0.1979119
0.20218007
0.21570721
0.2323531
0.20925345
0.20277366
0.2027929
0.19555277
0.19483607
0.19373645
0.20688848
0.21498625
0.23516867
0.19981433
0.17852534
0.18643636
0.19057858
0.20324445
0.1982881
0.20560563
0.20018247
0.19833212
0.19278322
0.19930589
0.20621233
0.1983359
0.18766032
0.1780871
0.18453692
0.19748363
0.20379482
0.21424623
0.20674007
0.20321439
0.19422221
0.19334003
0.19475622
0.19826941
0.18806432
0.19094956
0.18657976
0.20465419
0.2043299
0.2009901
0.20179062
0.20221515
0.19888425
0.195388
0.20167738
0.21747749
0.21997876
0.21836458
0.21747756
0.2149364
0.20969532
0.21778777
0.24175638
0.2116086
0.20706189
0.21413338
0.21428323
0.2075268
0.21454976
0.21503133
0.23504299
0.26799947
0.23039001
0.22123615
0.24061154
0.21750017
0.20321438
0.24477968
0.32586214
0.23970148
0.2004728
0.206377
0.21258646
0.21293662
0.21099733
0.2057132
0.20555714
0.20062034
0.20889224
0.20989428
0.20671287
0.2106372
0.20178252
0.207091
0.20526624
0.2144703
0.21442014
0.20955643
0.20636651
0.2115268
0.21450035
0.22345138
0.22048773
0.21634178
0.2146131
0.22105849
0.22594611
0.2304059
0.22867411
0.22990689
0.22188745
0.22815028
0.24528144
0.22995323
0.22154945
0.22711912
0.24639608
0.25530383
0.24254847
0.2498082
0.2684166
0.25093317
0.23455419
0.22926098
0.2377569
0.25038588
0.23788263
0.2289282
0.23092836
0.23908651
0.2523649
0.23390673
0.2262318
0.2319443
0.23475899
0.22850265
0.23655026
0.26837757
0.2432456
0.23475634
0.2306388
0.23551814
0.22770323
0.22531353
0.21990305
0.22263618
0.22630483
0.23324196
0.22221403
0.2179325
0.22524957
0.2596344
0.2232153
0.20196256
0.21835402
0.22175288
0.22954674
0.21570002
0.2174321
0.21752672
0.23057081
0.22095749
0.22399148
0.22591364
0.22486803
0.21707681
0.2013078
0.20069718
0.20560779
0.20948422
0.2117075
0.21022809
0.20341185
0.19432773
0.19958346
0.19745389
0.2117579
0.20001753
0.20694281
0.20743336
0.20634134
0.19218309
0.17640768
0.16870472
0.17749763
0.17822233
0.18951729
0.18413812
0.18844925
0.191593
0.19575307
0.19816408
0.18907721
0.19375423
0.20147517
0.20657374
0.20358276
0.19476478
0.20181122
0.20011695
0.1954165
0.17957614
0.17762166
0.17874336
0.18429643
0.17931454
0.1946151
0.19364795
0.20243868
0.18920214
0.19308683
0.19169007
0.19905499
0.19633988
0.19877288
0.1929604
0.19414762
0.19626331
0.20502596
0.20453651
0.2027628
0.20497982
0.19899407
0.21239476
0.2047417
0.20537084
0.19597237
0.19538628
0.20921546
0.20858529
0.21155857
0.21191405
0.22211458
0.21212289
0.2033812
0.19636242
0.21000664
0.2115739
0.21095055
0.19945554
0.21139687
0.21140964
0.22803225
0.21250513
0.2111232
0.20156515
0.2135202
0.20006625
0.2018682
0.19437593
0.21005586
0.2117573
0.21519041
0.21487504
0.21515754
0.21555959
0.21249059
0.20857337
0.20958775
0.2232803
0.22673559
0.21983525
0.2014133
0.2107789
0.21338241
0.22214799
0.2088189
0.2147215
0.20290174
0.20629911
0.20242144
0.21259306
0.22159801
0.21947911
0.21559028
0.20729758
0.2207983
0.21964265
0.21229857
0.19714601
0.19169202
0.19335008
0.19012271
0.19318366
0.18997228
0.19664204
0.2005504
0.21112612
0.21763825
0.20611209
0.20352666
0.21714647
0.2375231
0.23504111
0.20777445
0.20736293
0.2004253
0.21897769
0.20044866
0.21737604
0.2242047
0.23040818
0.2262291
0.20281853
0.20655388
0.19080228
0.1947811
0.1936539
0.1986224
0.19726737
0.20304108
0.20197086
0.20055205
0.20153207
0.21639487
0.2206368
0.2185376
0.21381412
0.20715821
0.20237628
0.20017514
0.20365898
0.20675488
0.19330853
0.196479
0.19062069
0.19347885
0.1875281
0.1809702
0.18375963
0.17318222
0.18487205
0.1883779
0.1884607
0.17904936
0.18177912
0.19642216
0.20276068
0.19832063
0.18962377
0.18969774
0.18142946
0.19156446
0.19356905
0.20030563
0.18609755
0.18361664
0.18400921
0.1935314
0.20054
0.20077944
0.20414643
0.20230642
0.21404669
0.21383724
0.20221773
0.1999175
0.20264028
0.22400519
0.22064234
0.22371505
0.2144724
0.20894358
0.20029888
0.20616679
0.20867538
0.20913254
0.19843519
0.21015213
0.22137654
0.25764453
0.3062488
0.24055284
0.20165335
0.20723595
0.21785708
0.22176622
0.21455967
0.21817398
0.22231771
0.22355093
0.20278949
0.20644638
0.21183361
0.21043195
0.21192637
0.21682806
0.23066632
0.22569919
0.2137354
0.20657504
0.20486599
0.20906575
0.21643879
0.22074942
0.22907497
0.23056865
0.23491445
0.22305594
0.21850565
0.21679874
0.20939438
0.21447483
0.20485486
0.2081873
0.20485915
0.21520227
0.21232897
0.20859611
0.208858
0.21182546
0.21093583
0.20174848
0.19846615
0.20299435
0.21065927
0.21490085
0.22372
0.21574694
0.22269547
0.21166976
0.21091972
0.20613101
0.2086156
0.20152123
0.20537002
0.21217588
0.2118452
0.21809901
0.20682855
0.2125582
0.20853059
0.2120904
0.20961495
0.22014645
0.21232979
0.2153223
0.20285091
0.2102713
0.21380974
0.215661
0.2111688
0.22052069
0.22389206
0.24290757
0.22533825
0.21772404
0.20145379
0.20597696
0.2076499
0.20829527
0.21807325
0.21647526
0.2233804
0.2275903
0.23301128
0.23523857
0.23591089
0.23374774
0.23647594
0.22722553
0.24231057
0.245712
0.24717128
0.2333795
0.2355543
0.24585101
0.25868443
0.24089266
0.23124544
0.2287321
0.24576297
0.24844897
0.24877314
0.23669307
0.24563123
0.25016135
0.2577133
0.2517426
0.24044095
0.23895766
0.23705749
0.25238556
0.24104099
0.24758641
0.2428983
0.25636724
0.26828498
0.2553171
0.26569137
0.24970874
0.25395077
0.22693093
0.23064734
0.2316148
0.2569136
0.25906098
0.2624185
0.2568893
0.25954124
0.2630124
0.26481956
0.2562684
0.26375026
0.25573054
0.27037954
0.26385427
0.28072083
0.27697387
0.26806623
0.25747067
0.25843614
0.25724083
0.27331415
0.27264115
0.28198642
0.2634536
0.2516232
0.25729325
0.2638408
0.26997668
0.26048988
0.26606795
0.27062577
0.27581006
0.26942605
0.26606622
0.268702
0.27012977
0.27702194
0.2860323
0.27466026
0.27328652
0.25354376
0.2532925
0.24013738
0.24147339
0.24454595
0.24545734
0.24788581
0.24049214
0.23610109
0.23021106
0.24531063
0.25835535
0.25579673
0.25227368
0.23543422
0.23268461
0.23550433
0.23933752
0.26161617
0.25480014
0.25464788
0.24132541
0.23360698
0.24095066
0.23617245
0.23823301
0.2323364
0.23794922
0.2435818
0.25401068
0.24865489
0.25046995
0.24683948
0.25293428
0.25088874
0.24923825
0.25232056
0.2667082
0.2719247
0.2703512
0.2593429
0.26116
0.24998946
0.23229145
0.2322691
0.23300833
0.24381863
0.22636862
0.24566953
0.25375703
0.26192966
0.24859884
0.2571697
0.25286976
0.24909866
0.23569585
0.23933488
0.22722687
0.22127576
0.20850855
0.21451138
0.21047153
0.22213879
0.2151777
0.21270598
0.20450616
0.23226644
0.23070493
0.22649002
0.20141621
0.20282452
0.22418758
0.22099988
0.22000445
0.20372619
0.21737076
0.23083965
0.22758962
0.22087383
0.21209069
0.21758987
0.21420662
0.2153763
0.20890072
0.21716353
0.21690403
0.21904369
0.21556632
0.21192455
0.21470544
0.22115955
0.2261202
0.2262203
0.22447884
0.21929342
0.22919287
0.22469027
0.22212763
0.22092903
0.21247655
0.2277661
0.22131474
0.22332416
0.20834954
0.21476416
0.22573216
0.24592984
0.25253177
0.2479766
0.23239015
0.22194213
0.21771193
0.22482589
0.2441289
0.26125088
0.2646993
0.24255268
0.24282151
0.2395325
0.24600391
0.22761841
0.21890981
0.21448068
0.21465859
0.21964942
0.2219273
0.23628268
0.24133265
0.23094106
0.2261866
0.2330883
0.25229427
0.26141194
0.24563313
0.2348296
0.22603755
0.23466516
0.24091871
0.24028122
0.24605434
0.25474012
0.26397756
0.26481044
0.26511455
0.26958835
0.26094142
0.25893298
0.24314393
0.2412752
0.23717473
0.28239655
0.301801
0.30315128
0.2686816
0.26524794
0.27742088
0.28328437
0.2764981
0.2608286
0.2597908
0.2658438
0.27228513
0.26633707
0.2588707
0.2610231
0.27329266
0.27113193
0.27272445
0.2675831
0.26633346
0.25468534
0.24721143
0.24911682
0.24728572
0.25021482
0.26525056
0.2781784
0.26956433
0.25678807
0.25834745
0.27847868
0.29708183
0.32655114
0.3130012
0.31116918
0.27924344
0.2965011
0.27855822
0.2878278
0.28558245
0.2917729
0.27036265
0.2581884
0.25599185
0.27744162
0.28791308
0.28756732
0.27801102
0.2664549
0.26453358
0.26784375
0.26669437
0.2783327
0.281974
0.28803155
0.28210655
0.27653378
0.28354713
0.28652102
0.28066063
0.27242035
0.26592696
0.27583018
0.28490198
0.29783437
0.29576036
0.29390475
0.28462246
0.2866377
0.3034009
0.30677217
0.31463388
0.31894296
0.31925943
0.29803538
0.2669502
0.27411056
0.27728984
0.27520686
0.2662514
0.27544916
0.2915199
0.28576714
0.2936065
0.28160587
0.31273833
0.31420964
0.3387569
0.33305034
0.32266095
0.3036316
0.30978033
0.33113077
0.34142298
0.3197146
0.32131302
0.32266754
0.32952505
0.32481208
0.31435966
0.33495829
0.33125305
0.33381188
0.32774663
0.33802104
0.3387952
0.31926444
0.30121818
0.30693075
0.32867622
0.33320892
0.3348862
0.31149915
0.3152465
0.31457
0.32980964
0.33590102
0.33829263
0.32867968
0.3209264
0.31521967
0.31401336
0.3134111
0.33021775
0.33671102
0.34458467
0.33826038
0.34405717
0.3504297
0.3504332
0.3423163
0.31668597
0.32626095
0.3461758
0.36004743
0.33107957
0.3165736
0.32360256
0.32628027
0.3070403
0.30524093
0.3044542
0.32341638
0.30826715
0.31588942
0.30606595
0.30918536
0.32058698
0.3193237
0.32374054
0.3030209
0.31168923
0.32290655
0.31921607
0.33409178
0.32884112
0.35073173
0.32783982
0.3063916
0.29784948
0.2921058
0.34076667
0.4211558
0.34222138
0.30715021
0.31497252
0.34070435
0.3354978
0.34468275
0.32040313
0.322664
0.29653332
0.3104805
0.31434786
0.31433442
0.30716237
0.3078018
0.32134348
0.31008482
0.31203786
0.30694333
0.32907215
0.3226218
0.32662514
0.31120893
0.3140149
0.32092524
0.33001795
0.33279797
0.34168038
0.3473575
0.35591483
0.33058313
0.31313843
0.29647818
0.32017437
0.34308589
0.35156304
0.33314902
0.3280347
0.31968257
0.32994586
0.31632853
0.31672835
0.30845773
0.31363857
0.33086565
0.34054115
0.35530603
0.33925158
0.33488458
0.32269076
0.3311524
0.33192885
0.33773804
0.34217587
0.35219145
0.37170246
0.3722255
0.36997628
0.36150214
0.3603298
0.3702847
0.35382515
0.36314192
0.3654608
0.38684264
0.39582357
0.37684503
0.37462375
0.38680366
0.39591604
0.4042622
0.3737032
0.3711552
0.35788307
0.36410242
0.37316933
0.36246866
0.3693381
0.355016
0.36017448
0.34671143
0.3465431
0.34405142
0.33823434
0.33233118
0.33037117
0.33923474
0.3452239
0.33290577
0.3348797
0.33258954
0.33908203
0.33334422
0.32757977
0.3431318
0.34712046
0.36830738
0.35165587
0.36538976
0.35722107
0.38241786
0.39504874
0.39103553
0.38020065
0.3708548
0.37876508
0.37977758
0.3683083
0.36365235
0.3705678
0.36407253
0.3861974
0.37178206
0.37452048
0.35530123
0.3568836
0.36156297
0.35682362
0.3705776
0.37012327
0.3838604
0.3683831
0.37443218
0.35825217
0.3865431
0.3721759
0.36954373
0.35548398
0.3603665
0.359171
0.35406378
0.35297865
0.35004961
0.33768937
0.34566793
0.350191
0.36304006
0.36367887
0.37648538
0.3736898
0.37185168
0.374729
0.383572
0.3836298
0.3795794
0.36256507
0.36522618
0.34993502
0.37566423
0.37416163
0.3907821
0.3738331
0.36160213
0.3653359
0.35414982
0.36362013
0.37739736
0.39467883
0.40289146
0.36768743
0.35801792
0.34861848
0.35190082
0.3562165
0.35287488
0.35178193
0.36093202
0.38122004
0.37787074
0.36506253
0.36954796
0.3759053
0.37343383
0.3356714
0.34323135
0.33516818
0.35071802
0.36288792
0.37229708
0.37418813
0.37672603
0.38264334
0.38598114
0.36378783
0.38139027
0.37545025
0.3768905
0.3565517
0.35937384
0.3489135
0.34503976
0.32993245
0.35465583
0.37451473
0.38874465
0.36420268
0.35073057
0.34072688
0.3546155
0.3490611
0.3616076
0.3709425
0.35994262
0.37502497
0.38713974
0.41964954
0.41552427
0.4005079
0.4028848
0.39591926
0.3899585
0.3677594
0.3676281
0.370142
0.36894208
0.36760953
0.35624886
0.34064534
0.34252852
0.36566547
0.38691124
0.36775747
0.3663657
0.3695632
0.37886384
0.36904827
0.37495413
0.36701697
0.37257046
0.351606
0.33449292
0.32938454
0.3268786
0.34483528
0.33991227
0.35881284
0.36143994
0.36577275
0.348034
0.3589151
0.36404338
0.37475967
0.37002423
0.36418557
0.37600493
0.37492684
0.38034534
0.3513707
0.3532799
0.33653733
0.34440303
0.34944195
0.36372337
0.38091487
0.3806141
0.39813644
0.41265976
0.3937588
0.36930454
0.3505244
0.37087026
0.37599552
0.37270844
0.35982642
0.3577502
0.39171943
0.39483154
0.41217434
0.37650713
0.3813751
0.36989683
0.37240833
0.36575806
0.3619881
0.37454984
0.3643902
0.38669664
0.38839096
0.40346023
0.37803856
0.37567317
0.37888876
0.38458315
0.36268622
0.37216324
0.37246725
0.38463157
0.38202807
0.39366478
0.39159405
0.3817512
0.3882501
0.38739157
0.39195785
0.3616885
0.36018592
0.35136598
0.35174587
0.37920558
0.39946693
0.42270818
0.41096857
0.39924836
0.39104632
0.3709703
0.35865626
0.34372163
0.3859729
0.38645136
0.41363192
0.39598948
0.4173659
0.4113815
0.39756542
0.39717406
0.37435132
0.36468536
0.3620129
0.37713382
0.38523597
0.3793221
0.3974874
0.41593537
0.4394334
0.42779037
0.41792378
0.40466273
0.40473667
0.44409472
0.44656277
0.44424206
0.39876202
0.3842331
0.381223
0.37923446
0.383627
0.3682076
0.36350897
0.35096857
0.37186188
0.38435268
0.40915823
0.42018956
0.4211563
0.40415397
0.3982049
0.40328914
0.40774956
0.3944599
0.38511387
0.38981414
0.40238526
0.4031586
0.3907287
0.4090784
0.41141233
0.40745226
0.37313008
0.3795042
0.37596914
0.40321386
0.3959166
0.4165748
0.40471458
0.40390307
0.38927442
0.39294463
0.39029613
0.4244901
0.41744083
0.42940742
0.42602596
0.43695623
0.4450558
0.43092826
0.417468
0.41254807
0.43109632
0.44570264
0.44153765
0.4234007
0.43290895
0.4364038
0.46114993
0.46242857
0.47049385
0.44832984
0.44392073
0.45170677
0.44032684
0.43350962
0.41704938
0.44134346
0.4353957
0.41719744
0.4207025
0.43443933
0.46353248
0.44927374
0.44022807
0.43684968
0.4296202
0.40266824
0.37896213
0.39024705
0.41417354
0.44141442
0.43898335
0.43463448
0.437762
0.45172587
0.45815417
0.4495484
0.42517763
0.41126797
0.39163965
0.40603468
0.41073257
0.4296984
0.41784063
0.42742637
0.40037763
0.4061619
0.40334335
0.4282658
0.41656184
0.41008848
0.4236167
0.4456371
0.44403756
0.43765128
0.42170274
0.43687296
0.43339542
0.44765237
0.42914006
0.4055001
0.4099766
0.43279117
0.48990524
0.4894165
0.4747447
0.45085192
0.4516813
0.45514908
0.47540697
0.4737068
0.47098228
0.43596628
0.4676906
0.48328242
0.48122823
0.42528725
0.4176756
0.42766055
0.4249201
0.4128703
0.40754774
0.42339858
0.41694558
0.41475752
0.41692853
0.43814507
0.43185556
0.40535825
0.39429492
0.402899
0.42834392
0.4355868
0.46135828
0.47650963
0.49496233
0.457541
0.46857792
0.45103636
0.45000488
0.41883066
0.40390968
0.42176604
0.41449496
0.44321716
0.4362598
0.46211633
0.46864295
0.48391074
0.48376536
0.44538194
0.42415962
0.44626188
0.4626155
0.459178
0.42677155
0.41186747
0.41882724
0.4144121
0.44045472
0.43486574
0.4312488
0.4195638
0.44876918
0.45412314
0.44933712
0.43391618
0.4142102
0.4006652
0.3843338
0.4066172
0.44194505
0.4551043
0.4585496
0.42190588
0.41284314
0.41693297
0.43529332
0.44031075
0.43781766
0.42338553
0.43493974
0.42123953
0.43642887
0.4307278
0.43924868
0.42925242
0.39719337
0.37594584
0.37246862
0.3717958
0.38559404
0.38511485
0.3995393
0.41316232
0.4333994
0.43109035
0.41467983
0.3901956
0.41304463
0.41864926
0.42815286
0.41767666
0.4148479
0.41610393
0.4025405
0.40237063
0.4094256
0.46704447
0.4577673
0.4343217
0.3767539
0.3835448
0.3713756
0.41294414
0.41028327
0.41611767
0.3607384
0.3422947
0.38090536
0.39426744
0.3987332
0.37427813
0.370563
0.37757272
0.35742912
0.37274837
0.39375323
0.4131909
0.396647
0.36337513
0.37804517
0.39093623
0.400049
0.3781596
0.37896186
0.38722154
0.40939933
0.4122955
0.45110828
0.44895938
0.4311333
0.421145
0.41002944
0.43833783
0.39562815
0.40252158
0.36595643
0.37703413
0.3764031
0.39296293
0.4077884
0.4030789
0.41951552
0.4641014
0.48017263
0.4986709
0.4796717
0.47808695
0.46552667
0.4484122
0.4621972
0.45865873
0.47668108
0.48172227
0.49717116
0.49485832
0.502415
0.48773974
0.4671319
0.45649818
0.45382792
0.46555096
0.49179685
0.5147307
0.52645165
0.51125914
0.4846121
0.4850348
0.47660995
0.47704566
0.48148426
0.46237284
0.46707168
0.4439874
0.49518797
0.50212747
0.4955542
0.464762
0.45948404
0.4567602
0.4431516
0.46686828
0.48340222
0.49067044
0.47032085
0.49431083
0.5621032
0.56879336
0.526643
0.48307112
0.4947819
0.528866
0.5561956
0.57304746
0.5801477
0.52949995
0.51232785
0.5053374
0.52255166
0.5238073
0.52898544
0.50568
0.50932616
0.5014353
0.5037695
0.5240302
0.5157703
0.50983256
0.48486018
0.4930874
0.5233633
0.51365805
0.505278
0.49447867
0.4995189
0.4879384
0.4725972
0.48707557
0.50472933
0.55157393
0.55339783
0.56957084
0.5257032
0.49754032
0.47498468
0.48648134
0.4805741
0.48125803
0.479828
0.47388062
0.4691351
0.5041297
0.54182637
0.56939465
0.5449953
0.5154715
0.4900777
0.47077706
0.47370687
0.4896539
0.47182924
0.48360652
0.47222954
0.5013355
0.46782395
0.44996345
0.42691448
0.46971494
0.4566005
0.43166733
0.4301018
0.42720488
0.45521256
0.4293855
0.45784056
0.4793244
0.48959225
0.4904677
0.48929808
0.49951026
0.4854798
0.45574826
0.45101804
0.4486521
0.45062038
0.4246546
0.44566944
0.48666656
0.5092477
0.5075552
0.48328072
0.47737268
0.49880105
0.52233464
0.5838331
0.54421645
0.53478014
0.46465006
0.4829739
0.46325934
0.47848782
0.4579199
0.49855962
0.48866907
0.4926491
0.44648194
0.48757175
0.51904005
0.5414742
0.500062
0.50946885
0.52249974
0.5621326
0.53127265
0.51169944
0.5179163
0.51689476
0.5505889
0.5135443
0.57164943
0.56228864
0.6099211
0.56717086
0.5531199
0.54317164
0.53526294
0.52889305
0.4784806
0.5034233
0.49484462
0.5123481
0.5027456
0.5069084
0.5259557
0.5234973
0.49841508
0.478308
0.46199688
0.4687337
0.46417397
0.44988555
0.45393634
0.4653515
0.4974603
0.5124459
0.49593228
0.45813602
0.46953127
0.4436965
0.45625168
0.461355
0.49805826
0.5059866
0.4569131
0.46329796
0.4548265
0.47207195
0.44784644
0.4269645
0.4275103
0.44762537
0.47877008
0.50304
0.49576542
0.4902332
0.4665641
0.47937444
0.4684367
0.46189207
0.42111984
0.3922513
0.36727953
0.38991842
0.42659798
0.4416488
0.41279608
0.38538095
0.395897
0.38728693
0.37221086
0.3600508
0.3602925
0.4012806
0.3906665
0.42206767
0.40049008
0.43335497
0.42412508
0.42285442
0.4184962
0.38947967
0.38530582
0.37598163
0.3914907
0.38173646
0.3661661
0.35923356
0.38635617
0.4041571
0.44050908
0.4339082
0.39217514
0.4236092
0.42236832
0.4175198
0.4033392
0.3798059
0.3971812
0.4244731
0.4626294
0.45994422
0.45665824
0.42280376
0.44543377
0.4887635
0.4829146
0.47197482
0.44137114
0.45866054
0.47761074
0.45691192
0.44984075
0.4515275
0.4962737
0.5104161
0.5174345
0.53512037
0.53264993
0.5433407
0.5276805
0.5849887
0.59162235
0.56690973
0.52167845
0.4909107
0.5026502
0.490602
0.5257975
0.5416367
0.57596296
0.567135
0.56167567
0.5461262
0.48742014
0.47654203
0.47721586
0.49807608
0.5011231
0.47051343
0.4923575
0.49205709
0.48930722
0.44220188
0.41812164
0.4529145
0.46734795
0.4683103
0.4423522
0.4535329
0.45224282
0.44843554
0.43611604
0.4532924
0.44070786
0.46217588
0.51836103
0.53297657
0.5244915
0.45384905
0.46970177
0.44467834
0.4330291
0.4345781
0.4146689
0.42890453
0.43792668
0.47430524
0.6198316
0.6557196
0.5976797
0.51252764
0.45239058
0.46634102
0.4814906
0.5188131
0.5274768
0.46101207
0.46897185
0.4881809
0.52179474
0.51106995
0.504025
0.47771764
0.48188147
0.4956619
0.5376779
0.5051023
0.48679695
0.46038598
0.49069
0.48708937
0.48397383
0.44559228
0.44144922
0.43515348
0.43490312
0.4532691
0.4723765
0.518351
0.5119552
0.5115101
0.48467672
0.4632437
0.47484353
0.46822968
0.47027698
0.49671337
0.50528514
0.51626253
0.5288162
0.5347146
0.55046296
0.5413066
0.5413233
0.6078792
0.6236116
0.63713044
0.57289666
0.56328344
0.57286245
0.5565371
0.5914095
0.5473614
0.5704476
0.52151203
0.5512838
0.53566194
0.5106402
0.53509885
0.5988789
0.6540139
0.61536044
0.5328225
0.52303
0.50019675
0.46471575
0.48013878
0.4855981
0.48391443
0.48930144
0.51918423
0.5124963
0.5110966
0.504285
0.49028847
0.47027376
0.48739955
0.5096163
0.5303513
0.6021701
0.5747425
0.5573912
0.5365002
0.5404749
0.5543755
0.5676763
0.6011105
0.57485646
0.57637364
0.5776519
0.58612585
0.5777914
0.57641006
0.5393042
0.55861723
0.5846391
0.61797297
0.7117977
0.67842656
0.6556479
0.6155882
0.61575204
0.6326912
0.6287024
0.66957814
0.67201185
0.75457066
0.71949494
0.6978698
0.6199651
0.6003546
0.5789332
0.5683326
0.5619196
0.554794
0.54549474
0.5431804
0.53063
0.4951125
0.48483837
0.48075542
0.4956378
0.5081766
0.53309387
0.542694
0.5475462
0.5406053
0.53221977
0.53218275
0.5831932
0.57741934
0.56054133
0.5523736
0.5572159
0.54034626
0.5436206
0.5751869
0.57927316
0.56539136
0.558473
0.5737079
0.5930821
0.6277145
0.66190726
0.6899753
0.6619084
0.6332655
0.6189344
0.6286273
0.6232347
0.63082856
0.62795687
0.6238525
0.619967
0.59949803
0.6160132
0.626407
0.62221795
0.61100787
0.6499868
0.6711505
0.73882663
0.7581194
0.6669686
0.64035773
0.58004487
0.54187876
0.5302675
0.5142981
0.48282462
0.46584725
0.45901883
0.46190143
0.49058816
0.4991605
0.4974773
0.4931325
0.6350203
0.6224782
0.6314268
0.6524021
0.63617665
0.47686756
0.61503315
0.6160079
0.6217181
0.6715638
0.7189616
0.6113091
0.6389757
0.6320623
0.59631586
0.5488373
0.53006876
0.53193533
0.5344985
0.5356645
0.54117906
0.5512213
0.5707992
0.57102036
0.59247416
0.6000129
0.62905955
0.6081654
0.6231611
0.6560852
0.6530395
0.6214191
0.59026253
0.5866212
0.57631415
0.59349924
0.59659094
0.67987216
0.6625123
0.65534556
0.6995609
0.7182752
0.6774685
0.6972951
0.6730279
0.6302878
0.6439173
0.6517422
0.64956325
0.652273
0.66551906
0.6407013
0.6222025
0.6034146
0.5987925
0.62046546
0.6074535
0.6851727
0.6870704
0.7556403
0.76339054
0.7618882
0.690888
0.6818748
0.64746827
0.63827896
0.68806237
0.7241862
0.7556188
0.7658494
0.7660768
0.80086523
0.7981033
0.7963115
0.7994868
0.836984
0.82559144
0.77004707
0.73054475
0.7483599
0.7190431
0.7548829
0.7721957
0.82880825
0.854016
0.9365213
0.9412097
0.9599847
0.98707426
1.0001978
0.986687
0.9465531
0.94883823
0.89931434
0.85938364
0.7970649
0.807251
0.8259168
0.841526
0.8437452
0.90875435
0.90958667
0.87216014
0.8255139
0.7854898
0.7910863
0.75910115
0.7576023
0.7826236
0.8614318
0.9420246
0.9877391
0.9726543
0.92424136
0.9587787
0.8858199
0.84333515
0.84458995
0.8726978
0.9428826
0.9424731
0.97390985
1.024772
0.9859957
0.9696263
0.9701308
0.9884324
0.99682003
1.1477032
1.2451133
1.2628846
1.352474
1.3863025
1.5040543
1.3147005
1.3759924
1.4494168
1.4784491
1.4767374
1.4522086
1.4602249
1.3567027
1.4310206
1.458914
1.4124986
1.3609437
1.4027976
1.308557
1.279397
1.3553143
1.3759073
1.3080707
2.9154828
3.537817
5.1000333
13.142036
5.176256
3.506725
2.7748456
2.3512466
0.89983755
0.86070687
0.9231655
0.9821275
1.018285
0.9903089
1.0331444
1.0515441
1.1566708
1.2281593
1.2647865
1.281428
1.2955039
1.7021115
2.0114794
1.9630793
2.0265596
2.1552923
2.20686
2.1889048
1.9727948
2.0833418
2.0436175
2.115662
2.0945039
2.1184037
2.2856667
2.3632843
2.4396873
2.4376142
2.4305437
2.6652465
2.4567976
2.4115639
2.3508258
2.3619518
2.4068043
2.2597725
2.243222
2.1885324
2.0654678
1.7899929
1.674422
1.6052374
1.6586872
1.6394068
1.4980122
1.4759115
1.4580215
1.5023729
1.4961395
1.5199804
1.4928378
1.5273546
1.6029195
1.6763678
1.7853819
1.8924834
2.1437976
2.1534505
2.2519038
2.3014402
2.2515776
2.3210099
2.2964375
2.402877
2.3853142
2.3853142
2.3853142
2.3853142
2.3853142
2.3853142
2.3853142
2.3853142
2.3853142
2.3853142
2.3853142
