1802.2205
604.50604
341.3654
252.82744
201.64568
168.42928
144.59975
126.96904
112.43503
100.57357
91.20021
83.42899
76.11688
69.8868
64.812386
59.800335
55.285393
51.360905
48.276455
45.258526
42.49414
39.869617
37.516483
35.69929
33.69985
31.80336
30.413649
28.92898
27.51616
26.20546
25.080873
23.465023
22.358215
21.570002
20.791912
20.002092
19.156914
18.259956
17.636307
17.081007
16.160091
15.868648
15.193393
14.534362
13.992468
13.610133
13.226315
12.669195
12.390086
12.082162
11.71994
11.339868
10.917971
10.678873
10.629025
10.203008
9.923013
9.615733
9.418
9.153643
8.842119
8.744071
8.476058
8.20939
7.9907613
8.049659
7.698102
7.536725
7.4315696
7.2431765
7.1346064
6.96519
6.816504
6.5136847
6.6344624
6.327066
6.3866687
6.1308875
6.063856
5.934249
5.9764295
5.746736
5.7775006
5.7059565
5.5246024
5.322908
5.172045
5.187041
5.038301
4.938921
4.9147954
4.79854
4.7983713
4.564665
4.500859
4.5685897
4.4554224
4.391446
4.372871
4.2848825
4.1881957
4.280528
4.1097426
4.1163406
3.9440224
4.00802
3.878269
3.8147635
3.813728
3.7694085
3.6841679
3.653581
3.6078053
3.5737648
3.474845
3.5908577
3.462549
3.4688673
3.2841716
3.4091482
3.271846
3.3690498
3.3526688
3.234649
3.1433547
3.142002
3.1228971
3.0824168
3.0532732
3.0604014
3.1506395
3.012777
3.01239
2.9670198
2.9219284
2.8546016
2.762033
2.8154173
2.838075
2.79038
2.8087802
2.8182983
2.7991009
2.674127
2.7243135
2.6982744
2.489181
2.6710916
2.5194097
2.563659
2.482016
2.443012
2.5416896
2.44363
2.4849524
2.4250827
2.403825
2.3906739
2.426601
2.4321768
2.408092
2.3843672
2.3250527
2.3778148
2.3291032
2.2492082
2.315907
2.21789
2.2252572
2.1672556
2.24048
2.192157
2.1931973
2.1920123
2.222467
2.159415
2.1638741
2.088853
2.0730124
2.043516
2.0945475
2.058032
2.0239434
2.1605258
2.04174
2.0080457
2.0465975
2.01335
2.049731
1.9290723
1.9457322
1.9184865
1.9419578
1.8749851
1.9468526
1.8668511
1.8697263
1.8524536
1.9055326
1.8638732
1.8367171
1.813997
1.8433988
1.8527733
1.8010316
1.7941033
1.8208684
1.7684948
1.7691374
1.7543974
1.7275953
1.727437
1.716622
1.7284842
1.7492747
1.7109752
1.6863673
1.675994
1.7062703
1.6602211
1.6711088
1.7058003
1.6679019
1.6645387
1.6576543
1.646337
1.6244824
1.634978
1.6274025
1.6828717
1.5908791
1.8114734
1.5943953
1.573885
1.585229
1.5991052
1.5906296
1.6044348
1.5949707
1.5842535
1.5455734
1.604587
1.5599017
1.5782617
1.5513339
1.5918871
1.5271587
1.5237991
1.5678322
1.5479653
1.5385915
1.5199833
1.4988676
1.5289152
1.4881715
1.4699556
1.5205437
1.5358659
1.5216591
1.5187132
1.5232214
1.5069587
1.4927466
1.5030915
1.4338988
1.4209994
1.3820319
1.4050329
1.4336488
1.4180884
1.4500068
1.4119437
1.3891829
1.3736196
1.3754703
1.3813734
1.3692498
1.3817977
1.4106773
1.3559936
1.4089779
1.3852999
1.3427339
1.369179
1.3601582
1.4121871
1.3488324
1.3885756
1.3771132
1.287785
1.3487076
1.3439572
1.3389533
1.2923977
1.3440791
1.271857
1.3267256
1.321663
1.308308
1.2745328
1.2593973
1.2602034
1.2328231
1.2497404
1.2795949
1.2618779
1.231084
1.2778208
1.1998736
1.2127714
1.2156863
1.1989938
1.2239866
1.1860436
1.1735824
1.1956375
1.1777083
1.1832463
1.1884059
1.1758928
1.1759038
1.185594
1.1722268
1.219162
1.1439079
1.1471152
1.1479717
1.1838686
1.1839426
1.1825887
1.1517508
1.1360936
1.1746813
1.1143286
1.1542811
1.1216719
1.207121
1.1173155
1.1197523
1.1068872
1.1247054
1.1120126
1.1273649
1.1182429
1.1191614
1.1008955
1.0892003
1.1212826
1.1071937
1.0839181
1.1026516
1.058606
1.0903841
1.0925014
1.0711101
1.0796914
1.0801786
1.0775224
1.0707144
1.0648259
1.0767096
1.0259899
1.0495584
1.036089
1.0608511
1.0208112
1.0566521
1.0385011
1.0098364
0.99927807
1.0286604
1.010931
1.017744
1.005324
1.0549628
0.98550487
0.9891072
0.9891841
0.98987305
0.96896505
0.9896223
1.0023081
0.97789484
0.99715
0.9821737
0.99716103
0.9672971
0.97380996
0.943427
0.96515846
0.95678645
0.9582402
0.98402685
0.95455277
0.9855022
0.9395733
0.9785735
0.9566525
0.95202756
0.9663288
0.9677199
1.0346456
0.9231686
0.92449844
0.9551431
0.92893827
0.9283399
0.9398854
0.9235787
0.9394496
0.90619844
0.9380983
0.90611315
0.8837093
0.908912
0.9195303
0.89126456
0.9321413
0.90506625
0.9157874
0.9067991
0.8935389
0.88928926
0.9045009
0.9123306
0.8618917
0.8869213
0.8692861
0.8885782
0.90728855
0.8818006
0.8602582
0.866648
0.86203426
0.887127
0.88495463
0.8396079
0.8402383
0.88757473
0.8759232
0.8597927
0.88553387
0.865509
0.87740535
0.8551694
0.8536832
0.8462015
0.8387316
0.8665814
0.8278099
0.86187404
0.8389285
0.8691087
0.8601441
0.8438061
0.8453274
0.8569324
0.8333955
0.81382453
0.83715075
0.8214928
0.82106405
0.8012104
0.8329828
0.8103797
0.80913883
0.8235601
0.7914002
0.8104631
0.79264337
0.8042464
0.81554604
0.81089747
0.7993944
0.8057964
0.80504346
0.7968053
0.8040909
0.79931515
0.8162065
0.8165231
0.7822685
0.795634
0.7812305
0.78173774
0.78469384
0.7711831
0.7996275
0.79260707
0.7662019
0.79607767
0.79137576
0.782723
0.7731692
0.7729522
0.7561758
0.76944256
0.7794363
0.787202
0.77644765
0.7758539
0.798325
0.77058977
0.73083806
0.7314056
0.7475301
0.7384453
0.75775325
0.7569046
0.7346339
0.7338281
0.7493892
0.74389255
0.71615374
0.7624797
0.74946606
0.73664105
0.72973114
0.7350505
0.760818
0.79181045
0.756473
0.7580949
0.75703
0.7484972
0.7566915
0.69983214
0.73309994
0.7548564
0.7313843
0.73238325
0.7173799
0.715883
0.72626466
0.74646044
0.7454672
0.6962527
0.7236403
0.7131448
0.72670615
0.721333
0.7316606
0.7251831
0.7160967
0.72415763
0.7038485
0.72228265
0.69146746
0.6900439
0.69269735
0.6959004
0.70836616
0.6922893
0.70510495
0.70265245
0.6907893
0.65997016
0.7151389
0.68661064
0.7029386
0.68578506
0.69739455
0.6937222
0.70502996
0.68180263
0.67289174
0.68425494
0.6683673
0.67908585
0.68334734
0.653946
0.6630701
0.6650558
0.6640744
0.6592826
0.6833595
0.6514877
0.69433045
0.6582521
0.6940833
0.6692794
0.68762773
0.6574115
0.6636318
0.65798426
0.67635316
0.65935427
0.6544317
0.6333988
0.6440566
0.6502947
0.6503511
0.6426648
0.63498086
0.6602801
0.6660629
0.6524647
0.6641402
0.6545521
0.6188848
0.6449481
0.6559693
0.6435761
0.6572318
0.6557327
0.65765536
0.64129174
0.6471242
0.65435743
0.6426216
0.63519543
0.655464
0.6354857
0.6328679
0.63357884
0.64777005
0.6342401
0.63008803
0.651592
0.6391154
0.6424998
0.6448443
0.63121957
0.6294861
0.62119734
0.6508199
0.6686116
0.63648117
0.6342721
0.6442785
0.63735694
0.62651896
0.63271785
0.6287881
0.6204388
0.6098152
0.6267925
0.656172
0.6115818
0.61109155
0.63104254
0.6112192
0.59960103
0.62082225
0.6122478
0.61610585
0.62067956
0.63128644
0.6015387
0.6352169
0.6214884
0.6173854
0.60006666
0.58454245
0.6009998
0.6101603
0.610083
0.6024166
0.6214647
0.602402
0.6153738
0.6033356
0.59028924
0.60210055
0.5963516
0.63683885
0.6063734
0.6186866
0.62236494
0.63651425
0.6304712
0.62716806
0.6125986
0.5923151
0.6048404
0.599909
0.58649826
0.5836397
0.5889104
0.5896298
0.5668635
0.57605755
0.5896527
0.5902044
0.58739084
0.58784664
0.5947172
0.5945331
0.56920135
0.5632395
0.59182274
0.55290276
0.5701764
0.56070966
0.57036626
0.56699556
0.5846187
0.5772629
0.57603216
0.5644317
0.56456
0.554068
0.55841744
0.5790948
0.5768469
0.5677607
0.57257295
0.5778431
0.54244816
0.5628507
0.553421
0.5452003
0.5493747
0.5432138
0.54377246
0.5530953
0.5374916
0.5505895
0.5387364
0.55606914
0.5628193
0.5478945
0.5466128
0.55897915
0.54261416
0.5284862
0.5303646
0.5556348
0.5504189
0.5462342
0.5556511
0.5420407
0.5391152
0.5276346
0.5486678
0.5369356
0.517656
0.5403211
0.5183395
0.5044196
0.53941447
0.5223327
0.51894253
0.5290878
0.5330904
0.5444572
0.51278317
0.53446275
0.52197474
0.52421796
0.508311
0.50601023
0.5115462
0.5045259
0.5075379
0.5004464
0.5050728
0.50832343
0.5125905
0.5183825
0.50490516
0.52893496
0.50194335
0.5008636
0.5026779
0.5011816
0.50580525
0.49783355
0.49827793
0.5125042
0.5184559
0.5106977
0.50679195
0.500445
0.5167621
0.511141
0.513559
0.5200508
0.48466912
0.51161826
0.48872903
0.477997
0.47506726
0.50411445
0.5034577
0.5156132
0.4962947
0.5108911
0.49646232
0.51050836
0.49299154
0.50102973
0.5056288
0.49708602
0.52129173
0.49857187
0.4772798
0.5123683
0.48437583
0.48942515
0.49116263
0.49000338
0.48899058
0.48353538
0.48451567
0.48688433
0.49486944
0.48854482
0.49585336
0.48120156
0.49165937
0.48060343
0.50070006
0.48049372
0.4990865
0.49366862
0.50114226
0.48527265
0.4875348
0.49727556
0.46293372
0.5023895
0.4785127
0.49279335
0.46466857
0.46671823
0.46716928
0.46200943
0.46885407
0.4842347
0.46286905
0.46661386
0.44290856
0.4609713
0.44387245
0.46473724
0.45913073
0.44231358
0.45012
0.4520598
0.48068243
0.45808184
0.46187213
0.4394432
0.44048026
0.44631904
0.46478623
0.45107335
0.45119557
0.43941575
0.43186772
0.4356258
0.44336727
0.433876
0.4352327
0.46023682
0.4677782
0.43964496
0.4482976
0.45953244
0.4364846
0.4341803
0.45406938
0.4417825
0.4567678
0.4742626
0.43963966
0.45400095
0.45086622
0.45573136
0.42700985
0.4410256
0.45043987
0.43311682
0.43211013
0.43118525
0.4269705
0.4187242
0.4389617
0.4285612
0.42387143
0.43528265
0.42372915
0.44317454
0.41118917
0.44206107
0.4000368
0.44869044
0.43149114
0.42458087
0.42272553
0.41601914
0.4324185
0.42964002
0.431205
0.42060646
0.4143827
0.4381051
0.43213683
0.41056567
0.4188532
0.42402518
0.426502
0.42006755
0.42042214
0.40492612
0.41580597
0.41576836
0.39621457
0.42878595
0.40780693
0.4084087
0.40506318
0.42315003
0.40182742
0.43077445
0.41102722
0.41569084
0.42254454
0.41353884
0.42645323
0.42519698
0.41452423
0.39931098
0.4311573
0.411232
0.40450323
0.4051106
0.41342092
0.40699717
0.41746747
0.4140341
0.40943208
0.3999175
0.3967485
0.40114257
0.39070278
0.39620647
0.38626
0.39703113
0.41784006
0.40806913
0.39475837
0.40254328
0.4267145
0.41414472
0.37970766
0.40859187
0.39434877
0.40080866
0.39382002
0.3952471
0.38539332
0.39534715
0.40002376
0.40357792
0.41016403
0.37395117
0.40230423
0.38418743
0.38162896
0.38069585
0.38576037
0.39265022
0.41196004
0.36404538
0.38651562
0.40170062
0.4070382
0.38117483
0.3774015
0.37656382
0.38497853
0.38564524
0.39059666
0.3758926
0.39518088
0.3866307
0.40686914
0.37856966
0.37383583
0.3702712
0.37839887
0.39431164
0.3675462
0.3588903
0.38116068
0.37372932
0.3676163
0.36592197
0.39810953
0.38679743
0.38756898
0.3589327
0.3706906
0.36886403
0.37378293
0.41161948
0.37073967
0.37912264
0.38357762
0.39555976
0.38290796
0.37661666
0.3535046
0.36770448
0.37764573
0.36617762
0.38120198
0.3771188
0.36631694
0.3746555
0.3716603
0.36652213
0.37264198
0.38687992
0.3808936
0.36192423
0.38436994
0.36872828
0.3606073
0.3639793
0.3694055
0.33663043
0.3675555
0.36760747
0.3601625
0.36830464
0.37398326
0.34366855
0.35147884
0.3487618
0.37256724
0.35116586
0.37846795
0.35357043
0.34430605
0.35607922
0.36153394
0.3783705
0.35626438
0.37025034
0.37797794
0.34924102
0.3617695
0.34363455
0.3678378
0.3477285
0.3658837
0.35113844
0.36139175
0.3306927
0.35058296
0.3581837
0.3547309
0.36090392
0.35809526
0.34961402
0.350918
0.36538684
0.35839146
0.34067172
0.3518146
0.35648996
0.36834672
0.3410169
0.33028147
0.36262497
0.35891294
0.33447647
0.34630075
0.3483005
0.35504127
0.3361365
0.3497499
0.34899303
0.35135627
0.33997735
0.34108153
0.3487675
0.34222138
0.35123837
0.36131358
0.33975422
0.3458482
0.33206356
0.3354326
0.3454942
0.33769515
0.34001553
0.36469448
0.32765654
0.33270583
0.3350536
0.32621598
0.34112898
0.3200882
0.33487916
0.34718356
0.31938443
0.33388823
0.34311
0.32512015
0.33779758
0.33675858
0.32058063
0.32956803
0.33081558
0.32457522
0.3122619
0.31416267
0.31816664
0.31535274
0.3350063
0.3137202
0.32291564
0.30721396
0.31948683
0.32824096
0.31355545
0.330528
0.32081288
0.32556838
0.3245543
0.33750015
0.32520708
0.30772132
0.29854932
0.31602013
0.31009465
0.31425893
0.31542754
0.32320237
0.3089432
0.31405702
0.306775
0.3053945
0.30838168
0.32285708
0.32107487
0.30855975
0.3204725
0.3216452
0.31694594
0.34720954
0.32461312
0.32250574
0.32745793
0.33737826
0.3169738
0.31580728
0.3059138
0.30395314
0.2971611
0.31018695
0.32220683
0.31742644
0.30120754
0.3175599
0.31579128
0.30238
0.29441115
0.2938028
0.30843136
0.3034007
0.3072269
0.2924596
0.30841988
0.30230746
0.29790604
0.29557854
0.3203223
0.2998571
0.33733425
0.30476207
0.30907103
0.3020881
0.2914961
0.29804668
0.2954782
0.32037216
0.30822515
0.2942441
0.29573634
0.3249757
0.31144324
0.28909755
0.27921695
0.28727984
0.30350196
0.28658187
0.2873633
0.2809373
0.2790648
0.29758433
0.29747748
0.30053255
0.3091495
0.31443718
0.29261544
0.26454735
0.2964067
0.2892212
0.30792052
0.29919636
0.2851767
0.2969515
0.2886153
0.31232488
0.29006663
0.2966827
0.28152344
0.28822225
0.27537838
0.27807716
0.29178602
0.29340476
0.27833307
0.30050611
0.2997575
0.30668014
0.2752633
0.27726564
0.2719083
0.2767745
0.29066125
0.29403877
0.2711062
0.28142542
0.26431495
0.29387984
0.3095874
0.26933157
0.27064234
0.27018854
0.26505005
0.26900646
0.26169938
0.29262298
0.2822308
0.3063174
0.28837305
0.2708451
0.26496604
0.27018106
0.28122395
0.2815799
0.26937178
0.2683524
0.259942
0.2721435
0.2951318
0.26592776
0.31411597
0.284891
0.27465123
0.2841478
0.2903691
0.27259278
0.27886686
0.281153
0.27373883
0.30354676
0.27843335
0.2744095
0.2593886
0.27732795
0.27012956
0.26763815
0.2648634
0.28381306
0.27524227
0.2757731
0.2678701
0.27928972
0.2728574
0.26994744
0.28245848
0.3038098
0.26327956
0.2687037
0.28333277
0.27973214
0.2792429
0.26370266
0.2903965
0.2789166
0.2682011
0.2669753
0.2776373
0.25393972
0.2754311
0.27964184
0.2535859
0.27648944
0.26420882
0.25221062
0.26495308
0.27103624
0.2612257
0.2684015
0.26323873
0.27128783
0.25942072
0.2722118
0.2776675
0.25851974
0.27917612
0.25749072
0.2502545
0.27401328
0.25090674
0.260405
0.27798495
0.2702049
0.2596588
0.27326894
0.26735705
0.2701597
0.27137068
0.24950783
0.2678176
0.25902712
0.24484305
0.27070117
0.25545692
0.25680274
0.2657929
0.2548462
0.2598737
0.24009438
0.24729654
0.27852392
0.23996498
0.27292112
0.2478325
0.24976666
0.26902336
0.2491735
0.2608472
0.28070936
0.23619995
0.26733148
0.25695267
0.26720294
0.2524056
0.26121905
0.24505898
0.2639419
0.25793475
0.27402362
0.26024422
0.24483079
0.2643826
0.2611866
0.24059345
0.26226288
0.26233932
0.24726081
0.27417135
0.23778921
0.26602727
0.2436324
0.24345268
0.26409855
0.25418532
0.260644
0.25833368
0.25309804
0.27365437
0.28444454
0.2712969
0.25626332
0.24707489
0.25603047
0.24910334
0.24290355
0.24087885
0.25628814
0.23908716
0.27102986
0.25780168
0.23861787
0.2689411
0.23835035
0.24846107
0.24159318
0.25609282
0.23995946
0.24353153
0.26228884
0.26848403
0.23908201
0.27531537
0.23641162
0.23770253
0.24044684
0.23981714
0.23514196
0.23684025
0.22359565
0.24489321
0.2462065
0.24591832
0.21961708
0.23447065
0.22523957
0.22991747
0.2374689
0.23133463
0.25775325
0.22619364
0.2320561
0.23866755
0.23560473
0.2543577
0.25209898
0.2629336
0.24059021
0.25437212
0.2767316
0.22312461
0.23741364
0.23604076
0.2429477
0.2575166
0.24024108
0.25716648
0.23328035
0.24169338
0.25251073
0.2485926
0.21748069
0.24648139
0.22269748
0.2496883
0.23472598
0.2298634
0.22861713
0.23785724
0.22559549
0.21562855
0.23822595
0.2193706
0.22004
0.2514358
0.26834443
0.25496942
0.2562788
0.22670212
0.23099095
0.23581137
0.2397308
0.2315711
0.22840413
0.24511582
0.23137648
0.22934176
0.2474449
0.23132855
0.2379361
0.225529
0.23716407
0.21820043
0.22422826
0.25333855
0.25260252
0.23244981
0.23627712
0.20639591
0.22356369
0.22337869
0.2176985
0.22847898
0.2519283
0.22940086
0.23292708
0.2081991
0.22834687
0.24756375
0.23437963
0.21567813
0.22621818
0.22675289
0.23245443
0.22471327
0.2293178
0.21856919
0.22547749
0.24144208
0.26017702
0.23043324
0.22247843
0.22393884
0.255666
0.2385292
0.2046471
0.23176539
0.23011695
0.21846499
0.22901112
0.24489085
0.24494813
0.23949267
0.23403469
0.23615794
0.24134581
0.23738159
0.24452834
0.23881513
0.23985429
0.24188995
0.25521815
0.21683007
0.2528814
0.25624576
0.22102322
0.21530412
0.22252122
0.2158139
0.2214803
0.21532913
0.24290456
0.25361955
0.21293691
0.21796036
0.22959878
0.23207714
0.23601061
0.22019605
0.24532992
0.21216623
0.22829953
0.2130665
0.20459688
0.22962572
0.20621182
0.23324005
0.21018437
0.21248385
0.22688273
0.2081033
0.21898443
0.22908516
0.21594837
0.23483662
0.2158259
0.21519628
0.22440043
0.1959753
0.19019909
0.22955653
0.2264269
0.2636437
0.20866604
0.2271353
0.20966052
0.21842633
0.2060943
0.21172166
0.21327783
0.21690166
0.21929565
0.2310149
0.22107226
0.21380569
0.20234151
0.23269916
0.1961324
0.20550954
0.20468438
0.21535681
0.21888034
0.21683508
0.22279751
0.19671787
0.21079504
0.22343038
0.22003807
0.20547506
0.21070817
0.20729904
0.22133175
0.20681415
0.20568092
0.19061957
0.22294532
0.20222202
0.21480411
0.23625708
0.22117166
0.20830321
0.21416314
0.21543536
0.20955385
0.20712492
0.21013984
0.19875236
0.20844774
0.21094878
0.2225862
0.21444915
0.20587276
0.22260934
0.22395505
0.18988475
0.20827696
0.20444782
0.20369694
0.21912813
0.22467194
0.20590812
0.23568074
0.18542059
0.2174361
0.21307933
0.19569021
0.20159924
0.2008472
0.20675033
0.21357794
0.20527233
0.20734654
0.18918778
0.21206142
0.20784107
0.19602469
0.20636511
0.20424233
0.19927572
0.20788743
0.21063703
0.20055991
0.19675502
0.19433
0.20458448
0.19235605
0.2131018
0.23126072
0.19584462
0.19332857
0.2238167
0.19912827
0.20473802
0.20362428
0.21583657
0.20871088
0.19339599
0.20964359
0.19589771
0.18757673
0.20343691
0.19266377
0.21101166
0.2126305
0.18540761
0.19546886
0.20587271
0.18077336
0.22379322
0.19637375
0.204244
0.18435566
0.18455672
0.18685792
0.18884934
0.18652003
0.18463612
0.20085552
0.20264985
0.18773238
0.19566114
0.1838349
0.18030897
0.18307157
0.19941816
0.18172158
0.18488331
0.19334577
0.17903867
0.20179851
0.18442628
0.2041839
0.18172196
0.19049026
0.17410545
0.18827762
0.18183526
0.21188049
0.18846825
0.19304642
0.1974747
0.18248534
0.19181044
0.18974645
0.19618678
0.19622487
0.20125616
0.18057854
0.19446999
0.20223053
0.18072438
0.18042125
0.19785418
0.20137472
0.18747805
0.18094897
0.17236885
0.1744558
0.19118553
0.20377226
0.17892998
0.18668574
0.19626682
0.18954335
0.18315493
0.18305026
0.19356003
0.18721664
0.19956835
0.19848025
0.20503442
0.1702392
0.19585645
0.1747942
0.18454316
0.18128076
0.21685697
0.19232161
0.16078007
0.18475534
0.19057626
0.1864605
0.19422776
0.18285455
0.17734432
0.21819992
0.17652614
0.18884735
0.17671278
0.17463847
0.178284
0.19783935
0.18630795
0.18519235
0.20259097
0.2133315
0.17836076
0.18225992
0.19440274
0.20568125
0.18601486
0.18014479
0.20148328
0.17991595
0.16585726
0.19305202
0.21045233
0.17218386
0.16987692
0.18645492
0.16045424
0.19519894
0.18097277
0.19126248
0.17110108
0.1837817
0.21254727
0.19017039
0.16894184
0.17089099
0.17781419
0.17348482
0.16139014
0.17467079
0.17849487
0.20611118
0.19721952
0.16901352
0.18344782
0.18335702
0.23372988
0.1991039
0.18852173
0.17379686
0.17771767
0.17694284
0.18003665
0.16764428
0.15158199
0.16316584
0.17498869
0.167335
0.16374443
0.17140818
0.16208547
0.18963555
0.16169907
0.17472048
0.15502521
0.1701902
0.18872
0.15993692
0.16865373
0.16907795
0.17338857
0.16362406
0.17973153
0.18269406
0.16770503
0.18153934
0.18198805
0.17949326
0.19725263
0.1888378
0.19550356
0.17450337
0.19526048
0.1850478
0.16954476
0.16912757
0.17155422
0.18973744
0.18048005
0.16676524
0.18530382
0.17403296
0.15345022
0.16609332
0.18019116
0.18223652
0.17661637
0.1784708
0.1616518
0.19081703
0.16514212
0.15715188
0.17871213
0.15610155
0.20648326
0.15499894
0.15637776
0.1620783
0.16956061
0.1607509
0.17036723
0.18378673
0.15445976
0.15653358
0.17149416
0.16417287
0.16040844
0.18258297
0.17446108
0.18818586
0.17703249
0.1624702
0.16074343
0.19235268
0.18233734
0.16233067
0.17924564
0.1689599
0.18035056
0.1752636
0.18858063
0.15341067
0.16240013
0.15178198
0.17870721
0.16425021
0.16074014
0.18407977
0.1657991
0.17133385
0.15090579
0.22418556
0.20793496
0.16281314
0.16825056
0.16106467
0.17740208
0.1701879
0.17075303
0.19133893
0.1895445
0.18455826
0.16645
0.14238527
0.17084932
0.16547662
0.1625477
0.15605775
0.15975292
0.17346579
0.19159935
0.1723704
0.16406573
0.1627093
0.14323337
0.16921104
0.17284569
0.15455572
0.15906201
0.15218511
0.15609552
0.17204337
0.17400448
0.16932927
0.15326934
0.16048604
0.17434429
0.19355334
0.15147702
0.18800691
0.17422238
0.1603046
0.1418009
0.1814971
0.14497839
0.14896463
0.17414212
0.17950074
0.16655429
0.17866966
0.18515639
0.15118463
0.1865049
0.15348907
0.16101967
0.20037232
0.17570676
0.16152075
0.14940329
0.16341403
0.17224367
0.1752051
0.16469337
0.15839095
0.2017969
0.17834163
0.17539215
0.20290145
0.16208276
0.17469059
0.20163895
0.1904389
0.18306875
0.18694858
0.1526317
0.16670062
0.17408314
0.15972154
0.16225712
0.16257617
0.17502728
0.14284724
0.18601987
0.18703775
0.16704622
0.15832628
0.14812313
0.15195009
0.15494639
0.16478203
0.1563757
0.14883474
0.14775969
0.15583406
0.14364131
0.14584178
0.16880119
0.18371776
0.15659454
0.16206288
0.15176018
0.16016988
0.15424341
0.15973933
0.13999507
0.14541359
0.14427578
0.17151847
0.17476697
0.16799636
0.16770123
0.1706234
0.17857176
0.13603567
0.18476053
0.18210143
0.16965586
0.15397681
0.15750954
0.1679377
0.15680932
0.16610329
0.16453467
0.17208257
0.18479407
0.17576402
0.15871078
0.17562607
0.15055367
0.1730284
0.15699677
0.18259452
0.17632693
0.14641047
0.1552708
0.13474736
0.1556425
0.196773
0.21428856
0.16012034
0.15771317
0.15064326
0.1965793
0.16727145
0.18624122
0.1451427
0.16858724
0.16678053
0.15763482
0.14998344
0.17471763
0.1604469
0.15258276
0.16238342
0.15768743
0.19494276
0.1639587
0.15389481
0.1408772
0.1469191
0.15658502
0.1907355
0.18472506
0.15749337
0.18478136
0.17297502
0.19713646
0.14676195
0.16970883
0.18421826
0.1782165
0.15107077
0.17102155
0.15319373
0.15866806
0.1486717
0.1583
0.15459187
0.19811368
0.16516113
0.16461179
0.16437939
0.18999471
0.17871599
0.14821887
0.15120174
0.16248636
0.15786168
0.16227236
0.1770259
0.1814427
0.15919101
0.14771709
0.15410253
0.17843954
0.17653736
0.15213305
0.14239284
0.14343093
0.15530348
0.1645898
0.18434219
0.15613835
0.1586059
0.15736887
0.15265808
0.21111365
0.15613438
0.15504421
0.16110905
0.1608339
0.17127992
0.16813742
0.15640838
0.17262419
0.16755937
0.15401383
0.15858492
0.18137017
0.17009895
0.16506837
0.15829629
0.16510278
0.15933362
0.18615855
0.16028844
0.17450963
0.16665791
0.17182237
0.16972664
0.18225788
0.18399245
0.16225256
0.16815497
0.2018529
0.16503465
0.15736511
0.1625792
0.15116
0.14032237
0.15503569
0.183331
0.16763468
0.16948812
0.1559728
0.16105239
0.18483233
0.16181938
0.1592984
0.17738621
0.1665215
0.16747089
0.1913379
0.1612337
0.14790912
0.15418993
0.15389779
0.15555637
0.16207056
0.1695689
0.16654374
0.16221835
0.15211806
0.1475157
0.24274424
0.4506021
0.2241721
0.17225692
0.1466646
0.14583075
0.14956051
0.15408449
0.1470727
0.14326438
0.13854806
0.14097936
0.15497401
0.18506758
0.15931362
0.14528762
0.15167609
0.17502634
0.151459
0.13841648
0.1346406
0.14730848
0.16303727
0.18317641
0.21055143
0.1660801
0.14568356
0.14419888
0.15030907
0.15167025
0.15525532
0.14334577
0.13347793
0.13222022
0.13488264
0.13721073
0.13837115
0.14671685
0.16295655
0.18487477
0.207884
0.16157357
0.13613392
0.15469205
0.19959074
0.17103681
0.16499679
0.16311498
0.15982057
0.1477753
0.14405131
0.14862525
0.15906411
0.1520626
0.14604615
0.13930623
0.14458677
0.15354834
0.14719588
0.14774914
0.14026366
0.14049712
0.15006487
0.14371316
0.15481356
0.15113452
0.16030802
0.15489961
0.16192786
0.15528421
0.15225239
0.14042619
0.14763178
0.15240839
0.14584756
0.14178686
0.1384461
0.14422877
0.15540637
0.1590021
0.16065596
0.15547995
0.16462037
0.16624047
0.16900061
0.15538505
0.14454396
0.1579047
0.15830082
0.16630094
0.1464147
0.14357452
0.14255154
0.14373192
0.14879742
0.15405613
0.14958547
0.15885793
0.16668545
0.18353336
0.17387794
0.16387334
0.15357949
0.14614812
0.14346188
0.14069541
0.14220478
0.13867588
0.13687836
0.13873103
0.13183318
0.12362588
0.1271826
0.13805933
0.14452484
0.15179954
0.17083068
0.17457129
0.16534498
0.15093224
0.15824898
0.15580396
0.14652371
0.14405495
0.15449718
0.1673585
0.17344187
0.16477405
0.15256603
0.1497181
0.15141143
0.1505205
0.15008432
0.14238653
0.14836556
0.13395117
0.13029836
0.12546939
0.13897452
0.15801731
0.16226482
0.16685426
0.1558782
0.15519893
0.13781287
0.13701633
0.13086358
0.13924028
0.14799258
0.17192273
0.1675695
0.16543257
0.16023423
0.16764887
0.17332362
0.16757695
0.15947986
0.14895025
0.15070759
0.16624042
0.16364568
0.15096387
0.16042814
0.17974184
0.18602966
0.16616206
0.1560941
0.1594037
0.15892997
0.1512837
0.14023095
0.13942128
0.1471637
0.15225103
0.15710229
0.15338343
0.15157473
0.14856999
0.15177578
0.16236335
0.16070066
0.15860792
0.1460068
0.15528598
0.1515127
0.156077
0.14824055
0.15507877
0.15273866
0.1608815
0.16262396
0.15683533
0.15492508
0.16218962
0.16604221
0.15673132
0.14084925
0.14717564
0.15097196
0.14504996
0.14568588
0.16935623
0.19041766
0.17911696
0.15870367
0.13135369
0.14180869
0.13235106
0.13696846
0.12304217
0.12491863
0.133263
0.14005944
0.13669549
0.14228569
0.13620836
0.14528094
0.14005564
0.17282024
0.17208816
0.17211083
0.15475123
0.14864445
0.14788383
0.1356356
0.12608398
0.12153922
0.1398335
0.15836161
0.15711595
0.14692332
0.13537042
0.15904877
0.14642136
0.18086533
0.15144779
0.17045121
0.13512039
0.1892141
0.1796542
0.18809871
0.15543362
0.16066541
0.16202995
0.15481995
0.14675806
0.13558872
0.14179175
0.14196846
0.14631388
0.13796248
0.13728906
0.14790112
0.17589541
0.19563702
0.18371654
0.14487201
0.13145427
0.12334378
0.120169885
0.11678519
0.10999257
0.13241187
0.1379678
0.14657864
0.12735231
0.1455954
0.13139963
0.1428363
0.13616177
0.14187264
0.14708202
0.1528965
0.15267773
0.1523016
0.14388701
0.15015145
0.14506334
0.16878057
0.17422199
0.16411388
0.13229899
0.12119598
0.13746795
0.14540894
0.14494057
0.14183177
0.1543247
0.14904442
0.14263257
0.11742505
0.12808882
0.12481531
0.14384396
0.13697377
0.15379885
0.14109425
0.16718589
0.15940097
0.16114582
0.141998
0.15013337
0.14377488
0.14958076
0.13072479
0.1620538
0.15997991
0.1800687
0.16411187
0.16710837
0.14451158
0.13977504
0.14985198
0.1752754
0.1733671
0.14652647
0.13466813
0.13570182
0.14113364
0.12920645
0.12247082
0.11901558
0.120366156
0.12766208
0.13661204
0.1373057
0.13908689
0.13060078
0.15338154
0.14241956
0.1579783
0.1533153
0.16661894
0.14367868
0.14752272
0.14801538
0.15158248
0.12956125
0.1477566
0.16358523
0.17556864
0.16840214
0.15830937
0.15256792
0.16367114
0.16314426
0.15101422
0.1379108
0.118266314
0.110999554
0.12090659
0.121623315
0.11394306
0.121238865
0.13937868
0.1431545
0.17105423
0.16598323
0.14803135
0.16272499
0.16090307
0.1832652
0.15403408
0.15745583
0.15824752
0.15297073
0.16529106
0.17840096
0.1685546
0.16354989
0.14871086
0.1605723
0.15022224
0.15625995
0.17203222
0.17981356
0.17467505
0.18813401
0.1651145
0.16617885
0.15805113
0.15801132
0.17507058
0.17950733
0.18413016
0.17309324
0.2228507
0.22644204
0.23837334
0.20120859
0.17760964
0.16942981
0.16695955
0.17066999
0.17809902
0.16349043
0.15562536
0.15411644
0.15590277
0.18310782
0.1785344
0.17106348
0.1661776
0.15984361
0.16706266
0.15869842
0.16379538
0.17500645
0.18026532
0.18464449
0.17046405
0.15941781
0.14981405
0.14594617
0.14007434
0.13679942
0.13070706
0.13866168
0.15201314
0.16519974
0.19441868
0.17545618
0.1772081
0.1588689
0.1570841
0.15716106
0.14454481
0.1493021
0.14673522
0.12988356
0.1292939
0.12660342
0.123838924
0.1297264
0.14040738
0.14267734
0.13937514
0.14001091
0.15124497
0.15312414
0.17343985
0.17472069
0.15959314
0.14521705
0.14206292
0.1322268
0.13299036
0.15184239
0.16468437
0.1881931
0.18708585
0.16550097
0.14134252
0.122992516
0.12199202
0.1338817
0.12410296
0.11986891
0.16260327
0.17456281
0.18012343
0.18208508
0.1571601
0.1210127
0.13759105
0.13832027
0.15604977
0.16060732
0.16336767
0.1484575
0.14846967
0.13370481
0.14391696
0.15115952
0.15226668
0.16169068
0.16054545
0.15744929
0.15457474
0.15531108
0.14303005
0.14486282
0.12985939
0.1412827
0.13879482
0.1477871
0.13859697
0.14699407
0.12920085
0.13760978
0.14576595
0.15950206
0.17000021
0.16846734
0.16411883
0.15004012
0.14239089
0.13107432
0.13284971
0.12703256
0.1265084
0.1315643
0.13500054
0.13258831
0.13139452
0.13533194
0.13608858
0.13517734
0.14429285
0.1412606
0.14696305
0.14000194
0.13284646
0.12863098
0.13469477
0.15462843
0.1619492
0.162977
0.17732866
0.18829253
0.16911104
0.1577237
0.16254212
0.15169118
0.14110285
0.14702271
0.16608423
0.15944833
0.15925075
0.15947852
0.14416075
0.12721764
0.13182068
0.1274059
0.14599326
0.14447923
0.15310317
0.16575806
0.16420028
0.15754314
0.18760644
0.18055566
0.17754772
0.16209519
0.1440721
0.13055304
0.10996774
0.14307798
0.15052406
0.15514466
0.17352556
0.17441909
0.20606935
0.15359367
0.15608655
0.13837387
0.17360784
0.14345837
0.15387043
0.1537773
0.15934868
0.14167185
0.15336004
0.15774354
0.1630838
0.15852563
0.15121484
0.14437278
0.146163
0.15416084
0.19742554
0.19578786
0.19710867
0.19223428
0.17555629
0.1570145
0.13024747
0.13472259
0.12602317
0.13816142
0.15023243
0.13797417
0.15069397
0.14887114
0.16999601
0.15362695
0.16914697
0.17002061
0.15287115
0.1339759
0.1334246
0.12916262
0.11546652
0.11188906
0.11359164
0.113195166
0.121249124
0.1282016
0.11999448
0.12856805
0.14197196
0.1404068
0.15095195
0.16205151
0.17303064
0.1684652
0.17724845
0.18583632
0.16530477
0.14543416
0.12601885
0.12702249
0.13480818
0.121713355
0.1362099
0.13968381
0.15056832
0.1520402
0.1582407
0.1604063
0.15861045
0.14957835
0.15677762
0.16761135
0.17649655
0.17041457
0.16801895
0.16820453
0.1641032
0.15777585
0.13609278
0.13968146
0.1377197
0.14533763
0.14283489
0.16228075
0.18328248
0.1978694
0.18915147
0.18499607
0.16590105
0.17514199
0.16236068
0.14944032
0.14776433
0.14497627
0.14947169
0.15405598
0.14566794
0.13227904
0.14116064
0.15022938
0.14995492
0.18472324
0.20877033
0.24183288
0.25868773
0.22691244
0.2409262
0.20763294
0.16712782
0.14585833
0.14208496
0.13428412
0.14213024
0.12718537
0.14296734
0.1405923
0.1489538
0.15648068
0.14786546
0.14916252
0.1540885
0.15479033
0.17126204
0.16750799
0.16473958
0.16702172
0.17280276
0.18108682
0.18639939
0.17741688
0.15779957
0.13870013
0.1391096
0.14518927
0.15152974
0.14863087
0.14900048
0.162292
0.1726239
0.18713297
0.1836253
0.16649953
0.16597039
0.16495156
0.1572795
0.1474181
0.14430983
0.13999176
0.13314413
0.13756803
0.14215052
0.13451973
0.14097211
0.13500172
0.15735926
0.16354279
0.17013769
0.16159406
0.16420637
0.15810445
0.16023342
0.18271032
0.1746776
0.16450891
0.1770979
0.18457417
0.19148037
0.19719656
0.19925112
0.19440982
0.20197271
0.19801258
0.20782737
0.18501268
0.18664533
0.19473203
0.18215527
0.18361071
0.18788797
0.18325928
0.18646638
0.189385
0.18288681
0.15992941
0.16668439
0.17835398
0.15298592
0.14836071
0.15750167
0.15531205
0.14646211
0.14654443
0.14266469
0.13891302
0.13054536
0.13039006
0.13407704
0.16255972
0.16427316
0.17026447
0.16587329
0.16790882
0.16520691
0.16530173
0.16652134
0.16245417
0.18579248
0.17653999
0.16033274
0.1680798
0.1642753
0.16942866
0.17606421
0.17934582
0.1783207
0.16602546
0.14752646
0.14737579
0.14995685
0.13884747
0.13948885
0.14383613
0.15234269
0.15646632
0.15079914
0.15437002
0.1578001
0.16455595
0.16467306
0.16690649
0.17370254
0.16693391
0.1566032
0.14734349
0.13832884
0.13206011
0.13398936
0.13395357
0.13819054
0.13760492
0.14517672
0.14382535
0.14712425
0.1507882
0.14816704
0.16129254
0.16917501
0.17625195
0.16984893
0.17163768
0.15961471
0.1721619
0.17329435
0.174603
0.18532199
0.17830001
0.18576135
0.19527121
0.18821979
0.18600033
0.18995301
0.18710265
0.17910066
0.1786343
0.17751981
0.17841733
0.17332195
0.1624614
0.1576167
0.16560806
0.1633255
0.16481209
0.17048526
0.16801521
0.16598327
0.15843885
0.15929303
0.16642591
0.17161499
0.17135906
0.16825978
0.16663602
0.16630685
0.18080892
0.17407039
0.16906133
0.1717836
0.16995679
0.15920186
0.17456363
0.18370304
0.17889623
0.18196867
0.19020966
0.17747399
0.17193772
0.17867522
0.16740355
0.1677269
0.1623719
0.16500324
0.16281332
0.15658872
0.14036538
0.14557886
0.14359537
0.14761375
0.14300452
0.14389975
0.14575249
0.14867
0.14506291
0.1519027
0.14381711
0.14641795
0.15070182
0.1481828
0.14930208
0.16003188
0.15553442
0.15669128
0.16436552
0.15741894
0.15909183
0.15257543
0.17657645
0.18714249
0.17636645
0.16545649
0.17117809
0.18059562
0.18874702
0.17439373
0.15814888
0.16367285
0.16424915
0.16052368
0.15521725
0.15663834
0.16114183
0.1567808
0.1486173
0.14439352
0.13198528
0.13493316
0.14020713
0.13271396
0.13361683
0.12565139
0.12517427
0.14319518
0.14485595
0.1445093
0.14149536
0.14419365
0.145602
0.14249122
0.14600156
0.1517952
0.16134313
0.15944415
0.16665316
0.1616431
0.15115368
0.14411205
0.14243624
0.14366302
0.14799385
0.15317889
0.15403521
0.1677
0.15075056
0.15073073
0.15154205
0.15471363
0.15294035
0.15337068
0.15018725
0.15068154
0.15203731
0.1500996
0.1590697
0.16349493
0.1734235
0.17387295
0.17084837
0.16689157
0.16550869
0.16031381
0.16035604
0.15533935
0.1551615
0.15005648
0.1507452
0.143373
0.14358051
0.14934863
0.14619265
0.1446309
0.14568512
0.14670105
0.14164548
0.13925228
0.14497781
0.16318099
0.15431798
0.16499321
0.16348793
0.16386968
0.16637535
0.16749592
0.16656262
0.16991481
0.17820948
0.18559426
0.17922889
0.17638747
0.17241402
0.17605674
0.18435593
0.17999952
0.17617711
0.16990851
0.1717582
0.17375714
0.17452994
0.1786463
0.18679157
0.19553255
0.1890661
0.18978846
0.18584505
0.18612936
0.18663625
0.16397227
0.16963187
0.16869837
0.16669865
0.15918805
0.15377815
0.16193953
0.16670783
0.1671525
0.16514142
0.16596432
0.17008568
0.1731861
0.16668598
0.16247807
0.15986137
0.15044957
0.16984487
0.1762185
0.17839456
0.18233982
0.18275899
0.17674132
0.17423788
0.17505002
0.17020458
0.16587186
0.16199434
0.16365637
0.16426173
0.1608551
0.15782009
0.1551228
0.1527346
0.15063125
0.14879237
0.14720073
0.14584196
0.1447041
0.14377746
0.14305423
0.14252847
0.14219591
0.14205386
0.14205386
0.14205386
0.14205386
0.14205386
0.14205386
0.14205386
0.14205386
0.14205386
0.14205386
0.14205386
0.14205386
0.14205386
0.14205386
0.14205386
0.14205386
0.14205386
0.14205386
0.14205386
0.14205386
0.14205386
0.14205386
0.14205386
0.14205386
0.14205386
0.14205386
0.14205386
0.14205386
0.14205386
0.14205386
0.14205386
0.14205386
0.14205386
0.14205386
0.14205386
0.14205386
0.14205386
0.14205386
0.14205386
