153.4343
194.66475
91.25402
60.31761
45.021484
35.769737
29.640799
25.30275
21.918205
19.48795
17.486021
15.868197
14.604265
13.461161
12.488905
11.700462
11.021184
10.330055
9.806239
9.288042
8.83237
8.429782
8.096592
7.783271
7.488064
7.199373
6.904853
6.714071
6.5044856
6.307774
6.1417933
5.949098
5.8007255
5.6235523
5.466954
5.3226643
5.217161
5.121999
5.030409
4.8994665
4.81186
4.7096896
4.6226745
4.5187197
4.452141
4.4043355
4.320111
4.2135544
4.1218295
4.066589
3.975031
3.9036403
3.8537629
3.8044639
3.7322505
3.6494057
3.62591
3.5956228
3.5367262
3.5140047
3.4477477
3.4222429
3.3815792
3.3433306
3.3125982
3.2599254
3.2086337
3.1894104
3.1507585
3.102475
3.080467
3.0713491
3.0411332
2.9959393
2.9649825
2.955436
2.9471102
2.881331
2.8768644
2.8727357
2.8269346
2.885005
2.784309
2.753212
2.7166283
2.6951904
2.6775262
2.6515093
2.6387951
2.6231713
2.607831
2.5804377
2.577961
2.5643272
2.5324416
2.4998915
2.5132885
2.4842572
2.4910543
2.450546
2.459158
2.466968
2.4281075
2.4087837
2.4001853
2.39664
2.360499
2.352627
2.3564436
2.352556
2.3437693
2.3261266
2.3134835
2.2962844
2.2691872
2.2570143
2.261492
2.23891
2.2439723
2.2335548
2.2276475
2.2135916
2.1997573
2.1953459
2.2025928
2.1708956
2.1975596
2.1768906
2.157167
2.1468937
2.1436203
2.1365516
2.1358716
2.1304047
2.101256
2.093476
2.0857592
2.0850585
2.0858595
2.072551
2.0696337
2.101338
2.076034
2.039397
2.0341566
2.0383923
2.0395274
2.0252287
2.0027747
1.9783037
1.9748354
1.9685075
1.9756941
1.97154
1.9582508
1.942046
1.9491117
1.9406707
1.9316554
1.9062836
1.8985515
1.9038393
1.8933661
1.9266295
1.8685446
1.8980901
1.8910643
1.8915596
1.8814174
1.8487883
1.8779309
1.8527647
1.8722782
1.8635808
1.85636
1.8597215
1.8407307
1.8434786
1.8168677
1.8268317
1.8123004
1.8103619
1.7961068
1.8211598
1.803595
1.8104235
1.816671
1.8022311
1.7841588
1.7960805
1.8090098
1.814691
1.7783967
1.7954861
1.7909517
1.7824029
1.777881
1.7764995
1.7661375
1.759269
1.7506366
1.751653
1.754651
1.7667277
1.7377673
1.7494355
1.743095
1.7304214
1.7390479
1.7497214
1.7249216
1.7012038
1.7035524
1.7036128
1.7043368
1.6958063
1.6851733
1.6809815
1.6815587
1.6763657
1.6716743
1.6575761
1.6659447
1.6561596
1.6490577
1.6484725
1.6576805
1.6438832
1.6366289
1.6498145
1.6460295
1.6363257
1.6349417
1.6478652
1.61816
1.6224002
1.6107812
1.6041236
1.6023506
1.6044457
1.598531
1.5692966
1.5999553
1.5885397
1.5848515
1.5872668
1.5878229
1.5910186
1.5717834
1.5729274
1.5597341
1.5722048
1.5662388
1.5804497
1.550833
1.5538564
1.5460968
1.5556144
1.553686
1.5207211
1.5370444
1.5572871
1.5314746
1.5533955
1.5346419
1.5337305
1.5208722
1.5366018
1.5331211
1.5514369
1.5173453
1.5358104
1.5292306
1.534723
1.5307826
1.5290161
1.5167613
1.5203662
1.5145254
1.511881
1.5357833
1.5071869
1.4883388
1.4901332
1.501596
1.486567
1.4946486
1.4770395
1.4910606
1.4896231
1.4962797
1.4749355
1.5025531
1.4758766
1.4842647
1.4763309
1.4756567
1.4930507
1.4798844
1.463755
1.4772379
1.4796809
1.4666412
1.4561126
1.4632386
1.4690082
1.4566143
1.4494795
1.4605733
1.4685217
1.467302
1.463844
1.4641492
1.4514416
1.4646242
1.4395938
1.4666024
1.4711409
1.4536426
1.4367856
1.4643987
1.4637609
1.4412729
1.4681728
1.4547529
1.4433018
1.4320507
1.4418002
1.4212472
1.4371029
1.4118117
1.4005231
1.4109105
1.4043941
1.4145501
1.4058384
1.4220532
1.3881056
1.3974941
1.4121473
1.4073454
1.4247471
1.3914936
1.4017209
1.4016465
1.3991365
1.416107
1.3888274
1.3919034
1.3867391
1.3811214
1.3969011
1.4022986
1.4039522
1.3964636
1.3892801
1.4037188
1.398918
1.3935243
1.4007995
1.3748883
1.3786986
1.3828416
1.3744116
1.401617
1.3853188
1.3882859
1.3752155
1.391675
1.3804543
1.3587286
1.3772956
1.3722304
1.3563416
1.3641617
1.3554289
1.3657179
1.3555144
1.3529354
1.3573278
1.3429857
1.349836
1.3335654
1.3465468
1.3402152
1.3264387
1.3350364
1.3103914
1.3289175
1.3425627
1.3144943
1.3357891
1.3275576
1.3235353
1.3123065
1.3268131
1.3279917
1.329653
1.3259254
1.333103
1.3323555
1.3119595
1.2927032
1.3278148
1.3211081
1.3246495
1.3010724
1.3186239
1.3211333
1.3298699
1.3186373
1.3218298
1.2963119
1.31014
1.2959366
1.3048223
1.3135165
1.3057941
1.3094409
1.2971449
1.2811981
1.2968234
1.3087759
1.2865484
1.2862146
1.2968038
1.2984178
1.2848237
1.2777015
1.2693737
1.272306
1.2872353
1.280036
1.2690649
1.2804778
1.2789972
1.2973503
1.2904321
1.2709047
1.2787067
1.3032176
1.286272
1.3059409
1.2947826
1.2717006
1.2708948
1.2742848
1.3067782
1.278677
1.2885959
1.2789757
1.2773567
1.2747849
1.279887
1.2794808
1.2769259
1.2712914
1.2764844
1.2669442
1.2631396
1.2583761
1.25503
1.2556655
1.2658117
1.2581081
1.2381868
1.243781
1.2573518
1.2510104
1.2386637
1.2605517
1.2581815
1.2446117
1.2297915
1.2407289
1.2554367
1.2510009
1.2623925
1.2524612
1.2555698
1.2466587
1.2544544
1.253891
1.2767013
1.2539215
1.2701689
1.2717502
1.2508669
1.2674217
1.262237
1.2547163
1.2620075
1.2556151
1.2700466
1.2367365
1.2681354
1.2712712
1.280292
1.2594626
1.255715
1.2584627
1.2437618
1.2479262
1.2415096
1.2291678
1.2314476
1.2434487
1.2379336
1.2380642
1.2687163
1.2400507
1.255916
1.2493645
1.2465302
1.2520193
1.2386136
1.2379869
1.2368616
1.2574142
1.2525742
1.241657
1.2583004
1.2654215
1.2510679
1.2456137
1.2658628
1.2586197
1.2644063
1.2725024
1.2571466
1.2812134
1.2873788
1.2711629
1.2881463
1.2785934
1.2792865
1.2599062
1.2792203
1.2747004
1.2480592
1.2778865
1.2819896
1.2704133
1.2772135
1.2680476
1.2740983
1.2750578
1.2837405
1.2556161
1.2572237
1.2675182
1.2680972
1.2556041
1.2385614
1.2511744
1.2523866
1.2628244
1.2645943
1.2714195
1.253928
1.2637455
1.2589486
1.2728204
1.2502613
1.2662408
1.2627277
1.2703309
1.2710197
1.2701873
1.2703023
1.2602535
1.2621435
1.275113
1.2801379
1.2816714
1.259624
1.2697356
1.2715867
1.2582139
1.2764682
1.2761079
1.2714368
1.2669497
1.2865939
1.269162
1.2659687
1.2640626
1.2478651
1.2676673
1.2830575
1.2483563
1.2665068
1.2645797
1.2751856
1.2726156
1.2637961
1.2761666
1.2740871
1.2785058
1.2862623
1.2689866
1.2631544
1.2669383
1.2695812
1.2813264
1.2925253
1.2821828
1.2815758
1.2751974
1.2661809
1.2974821
1.3002567
1.2766578
1.2914697
1.2669318
1.2684168
1.2721355
1.2487032
1.264069
1.2606045
1.2636088
1.2688437
1.2592411
1.2795091
1.2604194
1.2613648
1.2598236
1.2759
1.2788118
1.273959
1.2622772
1.2699323
1.2626642
1.2691855
1.2694142
1.281572
1.2812055
1.2644418
1.2789799
1.2742015
1.2744222
1.258277
1.2743851
1.2807144
1.2844324
1.2695868
1.2782209
1.2650145
1.2655314
1.2728808
1.2727336
1.24836
1.2509578
1.2470591
1.2500441
1.2651862
1.249822
1.2559096
1.2731477
1.2495334
1.280434
1.2762384
1.2652318
1.2618855
1.2769427
1.265603
1.2833134
1.2668929
1.2849271
1.2877734
1.2736605
1.2744441
1.2705519
1.287622
1.2807415
1.2734883
1.2666745
1.2770135
1.2512442
1.2708808
1.2562846
1.2695547
1.2732053
1.2552727
1.2464823
1.255568
1.2594483
1.283248
1.2587781
1.2612792
1.2577229
1.2650936
1.254823
1.2484993
1.2568963
1.2799859
1.273398
1.2696055
1.2562748
1.2555665
1.2670852
1.2480432
1.2330099
1.2512555
1.237794
1.246428
1.2406746
1.2701149
1.2600143
1.2631634
1.243998
1.2471061
1.2404193
1.2577344
1.2433137
1.2609214
1.2685546
1.2466657
1.2597661
1.2643287
1.2558017
1.2838706
1.2756921
1.2511744
1.254301
1.2623838
1.255201
1.2628365
1.2528727
1.24785
1.2514014
1.2594919
1.2567052
1.2682751
1.2511433
1.2639315
1.2595048
1.2516732
1.271696
1.2530984
1.2607158
1.2614725
1.258127
1.25518
1.2635235
1.2476046
1.2494371
1.2250394
1.2301862
1.2353395
1.2295133
1.2273333
1.2364002
1.2375364
1.2325035
1.2391055
1.2185867
1.2287555
1.2220771
1.2165084
1.2158993
1.2326374
1.243608
1.230094
1.2407274
1.219569
1.2525476
1.242204
1.2386476
1.2463856
1.2364038
1.2276608
1.2347448
1.2263697
1.24082
1.2554966
1.2438344
1.2495712
1.2332101
1.2490208
1.2519157
1.2574273
1.2245052
1.2342429
1.2410148
1.2330552
1.2387594
1.251376
1.2460507
1.2404704
1.1953968
1.2336403
1.2445916
1.2348039
1.2466196
1.2306442
1.2358053
1.2146168
1.2036359
1.2286086
1.2359465
1.2326304
1.2298751
1.2211697
1.2514844
1.2238185
1.2185819
1.2100593
1.2168267
1.2165711
1.2172964
1.2125645
1.2532315
1.2238082
1.2176869
1.2011359
1.2352414
1.2220136
1.2081382
1.2172071
1.2087023
1.2130479
1.2174072
1.2095945
1.1947474
1.2176167
1.1908618
1.2202234
1.2033721
1.202469
1.205466
1.2103652
1.1901697
1.2010157
1.1815923
1.2006865
1.2100933
1.192431
1.1982903
1.2053616
1.200147
1.1970962
1.1840813
1.1688976
1.187418
1.157761
1.1851077
1.1767366
1.1717101
1.1653852
1.1889827
1.1770674
1.1633034
1.1703333
1.1565677
1.166172
1.1492187
1.1708556
1.1631463
1.1585026
1.1536924
1.1492201
1.1483989
1.1229622
1.1401942
1.1173985
1.127653
1.1389399
1.1451824
1.1226842
1.119285
1.1303793
1.1384305
1.1402779
1.1342881
1.1447562
1.1240909
1.1107795
1.1415197
1.1335945
1.1240087
1.1170839
1.1287816
1.1059582
1.1165674
1.0919515
1.1056849
1.095614
1.1111915
1.1292039
1.1291662
1.1268591
1.1351938
1.1239858
1.1184752
1.120008
1.1101965
1.1202604
1.1204405
1.1324425
1.1267184
1.1255918
1.1260197
1.1394888
1.1207392
1.1388618
1.1222076
1.1117657
1.091201
1.1121475
1.1158229
1.1069467
1.10061
1.0875162
1.0924809
1.1021409
1.0991857
1.1021298
1.0987391
1.0981922
1.0798935
1.0942956
1.1097524
1.1041967
1.1062747
1.0946085
1.0860924
1.0889452
1.0959166
1.0903951
1.0762719
1.0864704
1.0809764
1.0720904
1.0801753
1.0550783
1.0725684
1.0688787
1.0585006
1.0571979
1.0608896
1.0550435
1.072999
1.0569866
1.0534607
1.0488204
1.051761
1.0768144
1.062051
1.0491706
1.037464
1.0520188
1.0442868
1.0411711
1.0528867
1.0484215
1.0494945
1.0457788
1.0511321
1.0305352
1.0403354
1.0266094
1.0310789
1.0135274
1.0172039
1.0269834
0.9891813
1.0079124
1.0097144
1.024304
0.99324226
1.0103742
1.0189893
1.012019
1.012527
1.0065991
1.0038671
0.99891865
1.0015807
0.9984698
0.9989586
0.9988583
0.9845366
0.98588616
0.9737602
0.9779211
0.9748792
0.98926365
0.99504703
0.97903496
0.9973633
0.97845733
0.9827862
0.9724872
0.9714896
0.9634969
0.9812913
0.955258
0.98130155
0.9685603
0.97191495
0.97533935
0.9725844
0.9546833
0.968216
0.96249074
0.9685463
0.94777775
0.9540892
0.951635
0.959242
0.9604431
0.9675242
0.9672263
0.94599175
0.93989295
0.9378036
0.9425745
0.9380958
0.9364797
0.93998104
0.9339301
0.95707715
0.93253225
0.9454335
0.91078854
0.939897
0.92397434
0.9157347
0.91709
0.9159324
0.9135201
0.9173096
0.92215014
0.89942056
0.9008239
0.9297253
0.9257515
0.9118597
0.89509803
0.9126293
0.925549
0.9095574
0.8980271
0.8962675
0.91335493
0.90350705
0.9151367
0.8913146
0.9083323
0.90627974
0.89343745
0.9088519
0.89823323
0.89547235
0.9005149
0.88552374
0.89078075
0.90388143
0.8873195
0.89307547
0.8873282
0.9040836
0.87320846
0.86586875
0.8645137
0.8851769
0.87576425
0.8615452
0.89270204
0.86392176
0.8457105
0.8536142
0.8553473
0.8589307
0.8533803
0.86295646
0.86965895
0.86327094
0.85592693
0.8550735
0.8418317
0.85464674
0.855232
0.84558
0.83903575
0.8500917
0.8490354
0.83638054
0.829596
0.8394994
0.8358519
0.83604866
0.82990247
0.8332684
0.8232105
0.83680654
0.83859915
0.83064586
0.80751157
0.82183605
0.80465573
0.812477
0.8088108
0.80890036
0.80485237
0.81013876
0.79779893
0.7952426
0.8082262
0.80260855
0.79714733
0.79730254
0.8036088
0.79032654
0.7959295
0.8013218
0.79324925
0.8205506
0.7896255
0.7931909
0.801184
0.7787639
0.7887797
0.7903068
0.7827309
0.80425197
0.7909859
0.77941567
0.78899676
0.7913068
0.78835565
0.78772354
0.79476
0.7788486
0.7994438
0.7870462
0.79218966
0.77189195
0.7721931
0.7694937
0.783608
0.76551056
0.77641535
0.7665559
0.7673747
0.76069254
0.76127017
0.751529
0.7700414
0.7700261
0.7580725
0.74946266
0.74803936
0.75604844
0.75642204
0.7482568
0.7537848
0.7398164
0.74091715
0.7560543
0.75272167
0.7511666
0.7525824
0.7472342
0.73071426
0.7365399
0.7404217
0.7305102
0.733103
0.7443469
0.7189648
0.73778135
0.7389437
0.72609234
0.72416544
0.7313306
0.72012687
0.72541076
0.73419625
0.7214853
0.72344786
0.7266545
0.72814935
0.7339899
0.71012735
0.7134739
0.70150316
0.7139818
0.725038
0.692586
0.731629
0.7137559
0.7106294
0.72666866
0.7181323
0.719541
0.7164937
0.727757
0.72727036
0.7262996
0.7038829
0.7255505
0.73190683
0.7099825
0.6964181
0.7101433
0.72904676
0.7193189
0.69289863
0.71646315
0.71586186
0.7006809
0.712251
0.7190447
0.7106755
0.707666
0.7054048
0.699351
0.7125822
0.6898624
0.694454
0.6923386
0.6863567
0.6849464
0.6954521
0.67499614
0.68729943
0.6961789
0.67867285
0.6766807
0.6757255
0.6606042
0.670517
0.6718058
0.66775966
0.67652893
0.6641836
0.6707534
0.6567326
0.6689715
0.6651924
0.6459461
0.6536311
0.65688
0.65870875
0.6593887
0.6716051
0.6495588
0.66265947
0.6472155
0.6498818
0.64973176
0.64448154
0.6566438
0.65772843
0.6456066
0.6570268
0.64474297
0.6664907
0.65101343
0.63734984
0.64595497
0.6435603
0.6416722
0.6310896
0.633785
0.633131
0.65236396
0.64601016
0.64425117
0.644167
0.6375593
0.6516315
0.6413897
0.645083
0.63282883
0.6535329
0.63921523
0.6341434
0.62343466
0.61705184
0.64639074
0.6224162
0.62757057
0.6258871
0.647467
0.6396914
0.6273864
0.63413703
0.6334001
0.6076526
0.6461918
0.6145734
0.6151156
0.62764025
0.6192157
0.615313
0.62495434
0.62506676
0.61241084
0.61398596
0.6141386
0.61525553
0.62089205
0.6132646
0.61848396
0.62278974
0.6118739
0.61391556
0.61154675
0.60918057
0.60439855
0.6184093
0.614966
0.60566604
0.62420946
0.6216186
0.6192361
0.61768556
0.61374825
0.60856885
0.60560167
0.6150927
0.6085988
0.62796766
0.6026014
0.61419684
0.6027801
0.59323776
0.5870709
0.5866833
0.59530294
0.59556484
0.59478956
0.59391344
0.5875307
0.59054446
0.59127444
0.59415036
0.57399195
0.5687073
0.5733289
0.5697031
0.58709234
0.5835493
0.5866354
0.58165
0.5906714
0.60001254
0.5689195
0.58171827
0.5726383
0.5841391
0.5910233
0.58630645
0.5668308
0.5745187
0.57217306
0.581549
0.58239424
0.58026826
0.57361066
0.5830508
0.5781198
0.55374503
0.5717789
0.5630804
0.57841015
0.5631023
0.5622196
0.57473207
0.56036514
0.5547796
0.5758066
0.5717284
0.5732498
0.5543587
0.5705041
0.5740214
0.56059444
0.5638402
0.55675876
0.56914884
0.5351819
0.57135826
0.5523562
0.5530213
0.56734395
0.5574248
0.5575694
0.5591301
0.5527007
0.55943024
0.5624103
0.5447146
0.5535653
0.5464975
0.54304475
0.5461981
0.5513966
0.54249156
0.5455258
0.55537295
0.55186296
0.56269366
0.53744376
0.5452463
0.5422013
0.5547993
0.52854174
0.56070626
0.55070585
0.5424083
0.5440308
0.53147346
0.5569735
0.54879045
0.53469086
0.54147327
0.5343815
0.5381504
0.53377044
0.5305839
0.5377809
0.52851415
0.5269492
0.5167291
0.5242417
0.52936596
0.515338
0.5240345
0.5252016
0.52391857
0.52820855
0.53592956
0.5176205
0.5323343
0.53601867
0.53572404
0.53073454
0.5332588
0.52653766
0.52606505
0.53680176
0.53256804
0.5259605
0.53116643
0.51759094
0.5220494
0.52716064
0.5254552
0.52260154
0.5346226
0.5261051
0.5163406
0.5186897
0.5043158
0.5220902
0.51261973
0.5084897
0.51628596
0.5250823
0.5267272
0.50665647
0.51528084
0.5160244
0.52494806
0.51556253
0.50250584
0.51356894
0.50526565
0.50980103
0.5069859
0.5057975
0.513258
0.5048002
0.5148157
0.5075494
0.50602037
0.50448644
0.5290385
0.5188054
0.5119849
0.51767313
0.52145475
0.51382405
0.52244925
0.5089196
0.49313125
0.5184827
0.50876516
0.49378803
0.5075563
0.49543974
0.49592403
0.5014194
0.5085435
0.5031839
0.50290424
0.50314814
0.49504316
0.49183568
0.49346107
0.50554454
0.50277126
0.49521136
0.50052106
0.49180925
0.50732386
0.49446446
0.50935334
0.49866933
0.484648
0.4968255
0.48880735
0.4962089
0.48565304
0.50145733
0.49401692
0.4893844
0.47987002
0.49371034
0.4839738
0.47805533
0.49375975
0.47444734
0.48933792
0.49263597
0.4763102
0.48166403
0.48471454
0.49782345
0.48778135
0.4934436
0.48586997
0.47832102
0.47187206
0.47548646
0.47517318
0.4763011
0.47633427
0.48154497
0.47603917
0.46496332
0.46851945
0.4800208
0.47419
0.46838316
0.47187254
0.4693846
0.48545682
0.46679398
0.46139506
0.44768152
0.45192716
0.45858333
0.46998984
0.44511893
0.4583279
0.44261244
0.44172743
0.4595712
0.46064305
0.46365494
0.4339248
0.45341283
0.46586633
0.45032954
0.4735573
0.46107313
0.46926004
0.4477558
0.44626933
0.4530661
0.47305936
0.45772028
0.4519678
0.44622445
0.4574516
0.47544247
0.4647183
0.45640376
0.43993858
0.44823453
0.45051968
0.44824356
0.43548942
0.44364753
0.4402956
0.43305704
0.44235516
0.43145996
0.432739
0.44702598
0.4359289
0.43057412
0.43964273
0.4437499
0.43493593
0.43852547
0.434863
0.4286661
0.42131773
0.4327225
0.43004808
0.44308707
0.43192795
0.42731857
0.42091617
0.41522655
0.42637557
0.41297933
0.43528053
0.4335388
0.43964234
0.43287453
0.4349325
0.43443942
0.42869958
0.4380651
0.42251426
0.4215059
0.43072468
0.43044466
0.42922714
0.43011042
0.42306066
0.42033228
0.43397442
0.4415344
0.41258603
0.42657638
0.41856045
0.41663072
0.43597117
0.4295343
0.42389894
0.43445876
0.41749328
0.41657165
0.40863952
0.4100689
0.41402915
0.4253823
0.41173503
0.4082006
0.41297713
0.41618904
0.41266695
0.41351
0.41742942
0.41514474
0.43037024
0.41665348
0.43729222
0.41747817
0.41802484
0.41606656
0.42428297
0.41042858
0.4215194
0.42878616
0.41074863
0.41300198
0.40808022
0.40905386
0.41704783
0.4171637
0.41059738
0.40279788
0.41404936
0.42073798
0.40537992
0.4163016
0.41809642
0.4192019
0.43420562
0.40510267
0.4011309
0.39802262
0.4215788
0.41580877
0.40505287
0.41043243
0.40445125
0.408986
0.39700246
0.39769247
0.39319366
0.40716302
0.3962152
0.40515843
0.4057876
0.40252417
0.4211316
0.39967072
0.39268887
0.3844616
0.39639866
0.39441097
0.40209284
0.40180576
0.39221397
0.4099609
0.38657817
0.39514357
0.38722292
0.3998573
0.38425362
0.3929336
0.3834082
0.3949876
0.39528188
0.39714265
0.40424317
0.38257658
0.39477578
0.396534
0.3912812
0.39587662
0.38956064
0.3934717
0.39137465
0.38688073
0.38758785
0.37850365
0.39144328
0.3886391
0.38130337
0.37565076
0.37716436
0.38098964
0.37669343
0.38004333
0.38211432
0.3644994
0.37936088
0.38304168
0.3874774
0.37354508
0.37366474
0.3698906
0.37821242
0.3663054
0.36960182
0.35236436
0.38712877
0.3603014
0.3730174
0.37231323
0.37502068
0.36916712
0.3622214
0.37657934
0.37516344
0.3702059
0.37700817
0.38831306
0.38023832
0.37517062
0.37545097
0.3636531
0.38243425
0.37018046
0.36504224
0.36964047
0.3655672
0.37019637
0.3590221
0.36383343
0.36087513
0.3686434
0.3669533
0.35885558
0.3677833
0.35742065
0.3618639
0.36331475
0.36458462
0.36042914
0.3672185
0.36725694
0.3657229
0.3785715
0.3549696
0.3782298
0.36724117
0.36960748
0.3672647
0.37190062
0.35843095
0.36950493
0.35285258
0.36636934
0.3731006
0.35517353
0.3571724
0.36970195
0.37041017
0.3684623
0.3693255
0.3677807
0.362793
0.36593112
0.3593434
0.36455613
0.34354943
0.36044818
0.36046433
0.3607799
0.36381996
0.3442245
0.35571492
0.34984487
0.35508552
0.34010893
0.34792486
0.33654904
0.34072337
0.34304884
0.34602877
0.34458637
0.34213558
0.3453562
0.33646116
0.3497296
0.35052642
0.34475785
0.34271318
0.3429547
0.34659895
0.34153423
0.35034257
0.35260397
0.34673062
0.36400348
0.3550621
0.3508848
0.34500715
0.35409322
0.35368267
0.35705456
0.34415346
0.35674545
0.35556915
0.33505818
0.3382127
0.34300494
0.33896765
0.34568167
0.34206402
0.352666
0.3339129
0.33558926
0.33700162
0.32788327
0.33770502
0.3303765
0.3424469
0.34165385
0.34830508
0.32986373
0.3349846
0.32818615
0.3320934
0.33831307
0.32683522
0.33418995
0.33152008
0.31108877
0.3250556
0.3407567
0.33226162
0.32624713
0.33977556
0.33756676
0.33358017
0.32623518
0.3317329
0.32514772
0.3279283
0.33288145
0.33021876
0.32790175
0.32316023
0.33383027
0.32896838
0.32932755
0.3196214
0.323216
0.3138123
0.3301352
0.31762585
0.31648797
0.31586453
0.31595105
0.3150006
0.317894
0.31739834
0.32427266
0.31317204
0.31476617
0.32431105
0.3206644
0.3163937
0.31502023
0.3215762
0.31881353
0.30861008
0.3290297
0.31999013
0.32365012
0.31998616
0.3097048
0.3096824
0.32035384
0.33093297
0.32053232
0.3190946
0.31107867
0.31113967
0.30652538
0.32064113
0.32107508
0.317008
0.31455162
0.3188711
0.29516336
0.32208678
0.30357626
0.31199682
0.30227214
0.3111464
0.31523073
0.3354857
0.32492864
0.3089017
0.31511158
0.30437964
0.3079474
0.31694692
0.33007827
0.32369894
0.3150195
0.31590736
0.31593385
0.31385484
0.30560496
0.31715527
0.31309116
0.30822694
0.32418016
0.3127669
0.3278986
0.32206935
0.3177476
0.31314182
0.3137681
0.32331732
0.31128526
0.3160202
0.31132618
0.30149767
0.31078526
0.3143282
0.29818973
0.30958292
0.3051132
0.30663818
0.296747
0.31409004
0.3108802
0.30586064
0.29081604
0.30177334
0.2894823
0.30148515
0.29559386
0.3084504
0.2972482
0.30633774
0.29803765
0.29338577
0.29318205
0.29592746
0.29758948
0.3037926
0.29846665
0.31644553
0.3000196
0.2979699
0.29464945
0.2893623
0.29534942
0.2959479
0.29502535
0.3019659
0.3100956
0.30556172
0.2964298
0.30843568
0.3126571
0.30826652
0.2974046
0.29082984
0.2979852
0.29809955
0.3005649
0.28710496
0.2915729
0.29052234
0.29088405
0.28862768
0.28360584
0.28282633
0.2887748
0.29166546
0.28903696
0.29092613
0.2914462
0.28166062
0.27984264
0.28511906
0.2874174
0.27643615
0.28085068
0.27275643
0.28190663
0.2809068
0.27267227
0.27178445
0.28141296
0.27878392
0.26827568
0.26859853
0.27432156
0.26361775
0.27204758
0.2691731
0.27549428
0.27081934
0.26913384
0.27133515
0.25816244
0.2650307
0.2617705
0.2700619
0.26729104
0.2654997
0.26614475
0.27420548
0.26347572
0.26769787
0.261784
0.2703793
0.26736462
0.2684582
0.26836422
0.26108214
0.25006709
0.2663615
0.2595381
0.26233405
0.2694821
0.26182374
0.26045552
0.27010834
0.25731665
0.25964394
0.26216668
0.272214
0.26228344
0.26202837
0.25487098
0.25332043
0.26970547
0.26125744
0.24843678
0.27472246
0.25962806
0.25974753
0.2672529
0.2646098
0.26144794
0.25389892
0.26588732
0.26177
0.28476024
0.25972867
0.26254737
0.25715786
0.2430498
0.2504438
0.24898629
0.25149897
0.24615592
0.2578801
0.25022897
0.25662372
0.2516848
0.26344913
0.2577418
0.2531112
0.25290552
0.26042798
0.24849772
0.2555355
0.25003698
0.2546121
0.25324884
0.26195678
0.2486126
0.24879457
0.24246432
0.2584597
0.2534065
0.24995527
0.24690413
0.26144978
0.25284827
0.24724771
0.24840352
0.24632189
0.24400319
0.2699678
0.24981233
0.2659833
0.23491652
0.24306607
0.25322485
0.25515416
0.25254354
0.23827289
0.29166743
0.25692725
0.2519417
0.25528178
0.24884345
0.23825733
0.24215643
0.25764787
0.24878542
0.24752635
0.252671
0.24573027
0.2511553
0.25802305
0.25302958
0.2563789
0.25502956
0.24832699
0.24890642
0.25346836
0.24821149
0.25442666
0.24370247
0.24933887
0.24322827
0.23130164
0.24668899
0.23725557
0.24138276
0.24191426
0.2459864
0.22750942
0.23443803
0.23115875
0.23560105
0.23744982
0.23709643
0.23708019
0.2555259
0.23838356
0.2348021
0.22952506
0.23371992
0.23180918
0.23608288
0.22541079
0.22741939
0.23228921
0.22904316
0.23157082
0.22112517
0.23182966
0.22409059
0.22207792
0.2311931
0.22295876
0.23558566
0.24546677
0.23514728
0.23752083
0.23731346
0.2415205
0.22876373
0.24076922
0.24553649
0.24345362
0.24029592
0.24242954
0.23425837
0.23198028
0.22604513
0.23210087
0.23720741
0.2375515
0.2353183
0.23589224
0.2373754
0.2330347
0.23057516
0.22323146
0.2238927
0.23513442
0.22982818
0.23584373
0.24346267
0.2386224
0.22040167
0.2259546
0.23060408
0.22990851
0.2207406
0.22478898
0.23354189
0.22968687
0.22405611
0.23164035
0.22106817
0.2215901
0.23576753
0.21836808
0.2228515
0.21968831
0.2285673
0.21566553
0.22600047
0.21910737
0.22425756
0.21301234
0.22087687
0.21861222
0.22823013
0.22535007
0.23522083
0.23560458
0.22871889
0.22160843
0.22350432
0.24276862
0.23597863
0.22692722
0.22977933
0.22982709
0.22435719
0.22824757
0.22491688
0.22280635
0.23215576
0.22404808
0.22588918
0.21630548
0.22915685
0.22260374
0.21543065
0.22185864
0.21530555
0.22600691
0.24296772
0.22373894
0.21616192
0.22808398
0.21989526
0.23938568
0.22574161
0.21775079
0.22906575
0.22091384
0.22698025
0.22144729
0.22167705
0.21825175
0.21830387
0.22614856
0.21391577
0.21883744
0.22202851
0.21773793
0.23532875
0.2244922
0.22141744
0.22246535
0.21825075
0.20657343
0.21832098
0.21982667
0.21088383
0.21592069
0.21842314
0.20985521
0.21351105
0.2044978
0.20436664
0.21426898
0.21315448
0.20289546
0.21698116
0.20958981
0.20810626
0.2103945
0.21216361
0.21995501
0.21746837
0.21556444
0.22491075
0.22226162
0.20636585
0.21713263
0.20814264
0.2185883
0.21492086
0.20950486
0.2123226
0.20862654
0.20762607
0.21327502
0.19990124
0.21210815
0.2103082
0.20353915
0.20938624
0.20885721
0.21677566
0.21935299
0.20785183
0.21622312
0.21366616
0.21428153
0.21764286
0.212033
0.21981683
0.2074991
0.20047061
0.21185638
0.20958792
0.21546462
0.21034984
0.21289213
0.21540777
0.21532816
0.19738609
0.21038654
0.19982265
0.21093738
0.2109471
0.20427038
0.19729441
0.20277694
0.19765611
0.19887225
0.19294299
0.21471338
0.18983741
0.19484432
0.19658342
0.21253297
0.20297378
0.19880965
0.2042653
0.19161585
0.20131692
0.19498901
0.19544989
0.19925188
0.18770105
0.19807236
0.19689582
0.19916254
0.1998402
0.20579351
0.1959929
0.20282352
0.19375716
0.1993136
0.20334588
0.21200502
0.2057859
0.20776981
0.21561034
0.20647922
0.19344868
0.19325888
0.1995634
0.20627448
0.19641079
0.1986524
0.19983275
0.20177284
0.19715708
0.20669799
0.20408358
0.19369766
0.20552239
0.1986241
0.20683438
0.19676472
0.19167164
0.2015476
0.2016883
0.20292108
0.20892416
0.20535557
0.20021768
0.18839034
0.1936261
0.19586734
0.18821083
0.19235992
0.19369502
0.19165012
0.19794165
0.20083264
0.20544448
0.18708423
0.19388278
0.18357919
0.19767217
0.20223491
0.19711731
0.19834742
0.19593225
0.19387725
0.19699313
0.19406904
0.20195773
0.18737228
0.19741543
0.18910533
0.19045421
0.19500828
0.1942153
0.1990959
0.19771238
0.18508603
0.1921762
0.20458798
0.18796484
0.19586442
0.19131926
0.1901062
0.1903539
0.19428767
0.18710235
0.18639141
0.19251843
0.19385162
0.1841684
0.1841364
0.19529188
0.20256962
0.18928795
0.1829752
0.19052942
0.1898299
0.19427878
0.19768792
0.19557749
0.19996725
0.1956182
0.19340946
0.19607179
0.20396812
0.19837587
0.1838078
0.19103134
0.19851528
0.18577555
0.18692248
0.20201536
0.19277638
0.19539934
0.19003826
0.19006647
0.1917824
0.18403651
0.18082432
0.18260825
0.17674945
0.18663199
0.18203004
0.18928982
0.18016712
0.18087922
0.1720665
0.19506247
0.18893874
0.18057196
0.18721926
0.1886645
0.17406306
0.18039164
0.18677355
0.18306074
0.20793688
0.18920667
0.1836828
0.1892316
0.18930288
0.19695064
0.18511288
0.1812007
0.18978219
0.18851449
0.18454906
0.19557038
0.19387062
0.20235956
0.1976147
0.18912438
0.19124101
0.19190815
0.2003008
0.19219215
0.1939221
0.19333602
0.2040667
0.18814151
0.20253795
0.20387295
0.20408016
0.19509804
0.20058422
0.1808056
0.18275383
0.18905632
0.18869793
0.17931286
0.18602385
0.1882702
0.17531277
0.18892457
0.193274
0.19279413
0.18371506
0.18064936
0.18092744
0.17836882
0.17943454
0.18049067
0.17659554
0.17331278
0.1956665
0.17278484
0.1756251
0.17370462
0.16722856
0.17253391
0.18000466
0.18045896
0.16338281
0.16702183
0.18267635
0.17373721
0.16566987
0.17840604
0.16419749
0.17818046
0.17241542
0.17603716
0.17710966
0.17382783
0.1640443
0.16858011
0.17880385
0.17444699
0.16947296
0.1743654
0.17192002
0.1763957
0.17181304
0.15845077
0.17841783
0.17337228
0.1606663
0.17323239
0.15866835
0.17097993
0.1687854
0.16844122
0.17279664
0.16369641
0.17537498
0.16129543
0.17415935
0.16466969
0.17642225
0.16387552
0.17582196
0.17179516
0.17710498
0.17399406
0.17267318
0.176864
0.16962479
0.15728739
0.17132586
0.16357972
0.1769407
0.16757773
0.15847725
0.16540706
0.17019492
0.17072916
0.16745603
0.16865003
0.16910562
0.17086951
0.16795488
0.1682841
0.15395734
0.16510662
0.15713456
0.16518606
0.1607255
0.14895864
0.16230373
0.15537116
0.15536045
0.14760554
0.1553024
0.15688564
0.16098785
0.16317894
0.20241413
0.15612096
0.16062862
0.15736374
0.16710731
0.16231589
0.16662951
0.16501746
0.1634819
0.1645381
0.15451635
0.16935849
0.16228952
0.15404493
0.16442813
0.16047125
0.16336714
0.15706587
0.15486462
0.14677319
0.16121931
0.14662361
0.16218053
0.16039318
0.15261483
0.15153524
0.16711526
0.15909357
0.16267337
0.16243087
0.14948252
0.15654272
0.14603639
0.16032182
0.16030255
0.16495141
0.1507582
0.15778376
0.1580987
0.157836
0.1555533
0.15333547
0.15494002
0.15324032
0.15990312
0.16773446
0.16619028
0.1671986
0.16280964
0.16391796
0.16592003
0.15582065
0.15629111
0.14472014
0.15567641
0.15602659
0.16498657
0.15185937
0.15769404
0.1666025
0.15935108
0.14997943
0.15885109
0.15890355
0.15550399
0.15457502
0.14766756
0.15132771
0.1483749
0.15119253
0.16284531
0.15675794
0.143819
0.15466751
0.14908586
0.13959144
0.15183516
0.14898744
0.1471892
0.14373083
0.14281449
0.15324463
0.1539411
0.15282193
0.15423812
0.1492237
0.15829998
0.16129151
0.14901479
0.14180021
0.15098539
0.15676354
0.15353787
0.14099096
0.14814745
0.14407724
0.14858697
0.1564955
0.15030488
0.14912692
0.14775063
0.14984816
0.15525594
0.14964864
0.14381807
0.14774169
0.14723054
0.14703067
0.14806528
0.15242736
0.1442213
0.14154008
0.14038755
0.15119314
0.15001442
0.14978589
0.1418517
0.15002564
0.13382365
0.13955148
0.14555998
0.14562365
0.14411919
0.1462739
0.15227993
0.14574854
0.14720649
0.15061608
0.14547767
0.14326721
0.14243585
0.15454763
0.14820717
0.15133321
0.14668277
0.14229883
0.14862208
0.14817457
0.15528078
0.1420472
0.13624255
0.15767094
0.15073042
0.15420516
0.1411526
0.15759175
0.14717546
0.15093048
0.15491638
0.1415577
0.14313754
0.14716975
0.14956921
0.14065857
0.1442966
0.14744724
0.14820446
0.14507939
0.14987528
0.13748093
0.14916459
0.1489262
0.13732979
0.14697231
0.15255168
0.1451197
0.14944829
0.14578809
0.1438941
0.15052597
0.13502887
0.14871521
0.145662
0.14465927
0.14895657
0.13973719
0.14149484
0.1395903
0.15304375
0.15029772
0.15769169
0.14789148
0.14817612
0.1476681
0.16111916
0.14099678
0.14591555
0.14657357
0.1383996
0.13851315
0.15470053
0.14784619
0.14434525
0.14092557
0.1441956
0.14258996
0.14005856
0.13901019
0.13777131
0.13330662
0.13973716
0.13314323
0.14440468
0.13839372
0.14366342
0.14139132
0.13955887
0.14613348
0.14418373
0.14246453
0.13904054
0.14010866
0.13643491
0.13107285
0.13892458
0.13571645
0.14985569
0.1329894
0.14415881
0.13832211
0.13567634
0.14198981
0.1402121
0.13749833
0.14024861
0.13951391
0.14047058
0.13792104
0.1372461
0.14376108
0.15000771
0.14720267
0.13847248
0.14458461
0.15358439
0.14614576
0.13747738
0.12715611
0.14080922
0.14191136
0.13637234
0.1334054
0.1262624
0.13960269
0.13919011
0.13334674
0.15021028
0.13502027
0.14367323
0.13817064
0.13909797
0.13790303
0.1367824
0.14207642
0.14435862
0.1423286
0.13403028
0.14430645
0.13508369
0.14688715
0.13376841
0.1365471
0.13081555
0.13341506
0.13637757
0.13452086
0.12718526
0.13245153
0.19384518
0.13002071
0.13283849
0.14628233
0.1385253
0.12443934
0.13793887
0.13379025
0.13453947
0.12850957
0.12917922
0.13731971
0.13735291
0.13769941
0.12755504
0.1371909
0.12786123
0.1328094
0.13465841
0.13575837
0.13318187
0.12887071
0.13005489
0.1283502
0.1377818
0.14912634
0.13548113
0.14221768
0.13339165
0.12641971
0.13817824
0.12867476
0.1383714
0.14025183
0.13919367
0.13955933
0.14050016
0.13237594
0.13171697
0.1345594
0.13985018
0.13728037
0.13800837
0.13698877
0.13210462
0.13470462
0.12694539
0.13273445
0.14159791
0.13428073
0.14762938
0.13777147
0.13551475
0.14405303
0.1347669
0.14037816
0.14157982
0.14095922
0.14038838
0.12859651
0.1317793
0.14069133
0.13771877
0.13796237
0.13561895
0.13736671
0.1368127
0.14279959
0.1412472
0.13299115
0.14201297
0.14220579
0.13726987
0.1369427
0.1375885
0.133165
0.13714759
0.13973309
0.13336226
0.12625897
0.13469152
0.13353828
0.13884342
0.13420613
0.13664861
0.13512088
0.14018859
0.13468166
0.1322387
0.16782877
0.13561453
0.13004021
0.12545896
0.13563368
0.13297956
0.12256611
0.13173082
0.13136245
0.12571533
0.12630862
0.12620224
0.13652527
0.1329839
0.1283463
0.13645142
0.13368952
0.12921841
0.1271525
0.13702527
0.13650021
0.13556014
0.13830568
0.13480163
0.13098289
0.12794666
0.1294026
0.12958902
0.13124253
0.12602492
0.13646416
0.12228496
0.13842148
0.135493
0.13862827
0.12702559
0.13280736
0.1437893
0.13456897
0.12765306
0.1261419
0.13643648
0.13477112
0.1351622
0.12946425
0.13831136
0.13714069
0.13303705
0.12611566
0.12786329
0.13157302
0.15394618
0.13544421
0.1343224
0.14102675
0.13661535
0.124541
0.1286312
0.12827398
0.13752931
0.13332978
0.12309647
0.13491619
0.13249929
0.12842967
0.12890749
0.12696756
0.13472277
0.13226502
0.12487299
0.13138495
0.12622564
0.12617582
0.14680141
0.1341684
0.13495518
0.12219191
0.12950505
0.1370242
0.12415617
0.12295648
0.12865044
0.1254104
0.12207399
0.11717817
0.14012784
0.12328702
0.12390392
0.12934728
0.13122018
0.12243401
0.12347691
0.12853535
0.12955095
0.12358461
0.12733051
0.12640907
0.13124578
0.12306865
0.13001625
0.12822711
0.12873891
0.1335809
0.136145
0.13800953
0.12481583
0.12759306
0.12222433
0.13608536
0.1359503
0.1321451
0.12412789
0.12842496
0.1233937
0.13016874
0.12235114
0.13115926
0.12227306
0.121953145
0.12561023
0.12289242
0.12668383
0.12677847
0.12321029
0.12266848
0.12735783
0.119146295
0.1219137
0.12223357
0.12850451
0.12266721
0.12640673
0.11283506
0.11835556
0.11687143
0.11863311
0.12548761
0.12340674
0.1271477
0.11936796
0.11640504
0.114961
0.12195916
0.12430836
0.12998337
0.12549719
0.11962434
0.12464027
0.13224694
0.12766002
0.13713713
0.12922917
0.13578428
0.12652467
0.12465568
0.12676784
0.12387788
0.12817088
0.12832934
0.13071583
0.14061058
0.12146946
0.118490785
0.11279971
0.1212981
0.121529646
0.129954
0.13073124
0.12800744
0.117902935
0.12623934
0.12629211
0.1294698
0.12307096
0.121032216
0.12436991
0.124451876
0.12345665
0.12656331
0.12297899
0.120592296
0.12386121
0.12102849
0.12243309
0.121190414
0.11757268
0.12522505
0.11751692
0.12204922
0.12615593
0.12411511
0.12920658
0.1181713
0.117029205
0.123767
0.12073928
0.11932141
0.120577015
0.12375007
0.12807184
0.12154941
0.12333872
0.12977596
0.11969832
0.113497935
0.112486914
0.12033757
0.12443839
0.13499199
0.1331993
0.11734933
0.12854908
0.12066548
0.12905031
0.12168947
0.12646689
0.12156734
0.12001253
0.11109951
0.12750345
0.1263456
0.12515798
0.12668799
0.12389752
0.12926807
0.13005912
0.12904085
0.12423843
0.122422606
0.11647975
0.1288639
0.13033305
0.13046198
0.11582106
0.13226847
0.119788535
0.120469235
0.12796703
0.13752507
0.12715435
0.12596561
0.12758605
0.119357236
0.12476712
0.123006
0.1255983
0.12673278
0.12761006
0.14124756
0.113839895
0.122610144
0.13596874
0.11853575
0.10845532
0.12523387
0.12455691
0.1257301
0.12414819
0.120966114
0.120795466
0.11458048
0.11553258
0.11696795
0.118804604
0.12753586
0.12242147
0.124062136
0.12974428
0.12018883
0.122497186
0.13150083
0.116526574
0.124880195
0.12165709
0.12251005
0.11815238
0.116379224
0.119004674
0.13601561
0.11574824
0.12036044
0.12525152
0.1276899
0.11748881
0.12282477
0.12088452
0.120718144
0.11667897
0.12921478
0.117973454
0.11476362
0.11585304
0.120208174
0.11744197
0.12441963
0.11699953
0.1241284
0.115513496
0.12180193
0.13072261
0.11989533
0.12378282
0.12491469
0.12332427
0.12580219
0.12671164
0.12593916
0.1222748
0.12059948
0.11707699
0.12200288
0.119407296
0.12693593
0.11953648
0.13040413
0.12764008
0.120428756
0.12012817
0.11960837
0.1254448
0.12516774
0.13393801
0.12572518
0.11588374
0.1310157
0.12504625
0.11537984
0.12777312
0.119344115
0.115808815
0.13290079
0.12033879
0.1192302
0.12212474
0.13020287
0.1262021
0.12163682
0.11801649
0.12809938
0.12858431
0.12438865
0.12982568
0.1311617
0.13655423
0.12796566
0.120970614
0.12207604
0.13625081
0.115495905
0.13298063
0.11782958
0.13122375
0.12671039
0.11847483
0.12635534
0.123382784
0.12258209
0.12515521
0.12532544
0.12819855
0.13233593
0.12694277
0.13323928
0.12630473
0.129091
0.12401496
0.12748492
0.12321105
0.13016242
0.123159766
0.12119428
0.12395988
0.13237819
0.11619423
0.12659001
0.12706937
0.12579419
0.11972748
0.12230018
0.1344999
0.13984764
0.1213686
0.13236398
0.12867667
0.1331156
0.11889444
0.12974557
0.12035407
0.1251745
0.13014695
0.12107764
0.12417995
0.12903737
0.12375875
0.11683811
0.122456804
0.12261284
0.116663344
0.119915135
0.12587509
0.11988203
0.13018951
0.121892504
0.12201351
0.12581326
0.11805909
0.12092699
0.119508244
0.11459145
0.120316386
0.12542452
0.12663612
0.12816954
0.119778626
0.11975633
0.1138248
0.12409287
0.11916051
0.10705923
0.12788361
0.12706721
0.1292672
0.12321112
0.13267787
0.12178253
0.12766021
0.120000295
0.1246407
0.118135154
0.12489058
0.1205089
0.11981938
0.1222906
0.11954283
0.1150583
0.120869726
0.121905655
0.12137169
0.13237722
0.12009056
0.12371352
0.122073054
0.1256254
0.12128887
0.11862618
0.12082327
0.117331274
0.118528135
0.12690477
0.11152898
0.12117253
0.11992399
0.1194764
0.12768549
0.12418921
0.121198736
0.1239073
0.122294985
0.11488495
0.116572164
0.114661284
0.12314585
0.11803402
0.11979365
0.118680686
0.11939728
0.1084831
0.11365891
0.120573156
0.12182698
0.12200879
0.11791743
0.12148668
0.10981359
0.121771656
0.11450713
0.123626426
0.11630416
0.11519532
0.117219284
0.11717743
0.13899657
0.123537615
0.12128942
0.10984247
0.12172759
0.12386468
0.12391739
0.12005829
0.12819132
0.11720998
0.11741782
0.121737644
0.12093787
0.1239734
0.11906111
0.12373599
0.12665479
0.1252333
0.12763092
0.13079168
0.13263878
0.12306916
0.12595336
0.12852988
0.12201281
0.12185295
0.12526928
0.11829074
0.13623187
0.12825477
0.11401717
0.12736729
0.12548782
0.12036881
0.12473804
0.12938501
0.13035649
0.13496135
0.13445616
0.12571147
0.16534759
0.13226078
0.12748547
0.11878905
0.111474715
0.12340119
0.11527841
0.13136935
0.12526688
0.12693785
0.13302116
0.12517473
0.12971456
0.11734828
0.12895967
0.13504046
0.12977572
0.11576239
0.12327515
0.12896569
0.12580882
0.11901682
0.11458207
0.118479
0.12352528
0.12486054
0.11581963
0.12783155
0.12758939
0.12403917
0.12757315
0.11855674
0.1369418
0.12484103
0.12893936
0.11856877
0.11736753
0.119556874
0.12267962
0.119282655
0.13438483
0.12547229
0.12154649
0.12196701
0.13272963
0.12129278
0.12885757
0.11914153
0.11504282
0.121624395
0.12438177
0.13199234
0.12574908
0.12350933
0.12441257
0.11625899
0.120135084
0.1239968
0.123019494
0.11469889
0.11770887
0.12033942
0.117976665
0.12110305
0.11541335
0.1189347
0.11529235
0.11830329
0.12282887
0.12074394
0.11960149
0.11319865
0.11704133
0.12716329
0.121218964
0.119130135
0.12062803
0.12171989
0.12245877
0.119070865
0.11713919
0.11860173
0.11970982
0.114953764
0.11358152
0.11368535
0.11977371
0.12883836
0.12148194
0.11348705
0.11809751
0.11696643
0.11959236
0.11311763
0.11138839
0.11544877
0.11887514
0.11559981
0.13530464
0.11418045
0.12303342
0.11452292
0.12326035
0.12997475
0.12682709
0.1138097
0.113971464
0.121347725
0.11424352
0.12197002
0.124378614
0.122149415
0.11174346
0.12186541
0.110388756
0.12237951
0.119713455
0.11600072
0.12262506
0.11829067
0.12350038
0.114380375
0.119886614
0.118733026
0.11786714
0.11733164
0.10772774
0.11198955
0.1160978
0.107097045
0.110738225
0.1160096
0.11041922
0.109736316
0.11518137
0.119972296
0.12075404
0.10483934
0.10923493
0.11067344
0.12644579
0.122945525
0.11845581
0.10804303
0.113922715
0.1162009
0.11114903
0.1065151
0.113890156
0.111940406
0.10603733
0.11390186
0.11500382
0.10484471
0.11097995
0.108298056
0.10892514
0.1177158
0.108980484
0.11671956
0.104136944
0.112921454
0.11829039
0.12765107
0.11139105
0.119419366
0.10559014
0.10860398
0.11742546
0.1104941
0.11368497
0.11148192
0.11862314
0.11731513
0.11152699
0.11649818
0.103431836
0.11150822
0.1223525
0.1185646
0.1182042
0.11617556
0.10823248
0.10957419
0.10718383
0.11496571
0.10763982
0.11424886
0.10671379
0.10864146
0.118053764
0.11590884
0.114165224
0.110467605
0.107346974
0.112066135
0.10806806
0.10739942
0.102429315
0.10917868
0.11239945
0.10439106
0.10812546
0.10508462
0.113877736
0.10063151
0.10487509
0.11560279
0.10812782
0.10707159
0.10256318
0.11178366
0.109680094
0.104490176
0.10430025
0.10599675
0.11642363
0.10605455
0.11067432
0.11047488
0.10523562
0.11519422
0.113996185
0.113389865
0.10484431
0.10017467
0.117374815
0.101030014
0.120327175
0.10616253
0.109435074
0.12021874
0.11429783
0.100169934
0.11469529
0.1142396
0.115824364
0.106443614
0.10329222
0.11120058
0.10893878
0.11324887
0.10842982
0.11418714
0.11087879
0.106387325
0.11073321
0.10695999
0.10297929
0.11791758
0.10817586
0.10837579
0.10778461
0.11455022
0.09537812
0.11492274
0.10642725
0.10999503
0.11015539
0.10507057
0.10157038
0.11492897
0.11137655
0.11254427
0.10592023
0.10582127
0.10723391
0.10840266
0.11363022
0.10265565
0.11668225
0.109315455
0.10158122
0.12507322
0.11010495
0.11246174
0.11224806
0.10694846
0.10989454
0.1099067
0.1054702
0.10246923
0.107106045
0.12878345
0.09771292
0.11091528
0.106263176
0.109953806
0.10790495
0.10883869
0.10751036
0.10492211
0.11181475
0.12121129
0.12112913
0.10951896
0.11407217
0.11226258
0.10745285
0.110742204
0.112133056
0.11367685
0.10586582
0.10560721
0.10817516
0.108125344
0.122591384
0.1091149
0.10752798
0.1228505
0.114047036
0.10595282
0.11838618
0.11076982
0.1186699
0.11474434
0.11477943
0.10944407
0.11588935
0.11237624
0.11030495
0.10825673
0.10542022
0.10385927
0.103579596
0.10726211
0.0992569
0.11042667
0.11295953
0.11270736
0.10493234
0.106054746
0.11264963
0.10974215
0.10723038
0.12135553
0.113628276
0.11908604
0.11021053
0.120276675
0.10926837
0.11797863
0.115508445
0.11785995
0.10804966
0.116392404
0.110844545
0.113687284
0.1150636
0.11072822
0.11112275
0.11748325
0.11933682
0.12028017
0.106438525
0.117172375
0.11776289
0.11799345
0.10839779
0.116172835
0.1157686
0.11609323
0.1066218
0.11129472
0.1062434
0.1121345
0.10989236
0.11680223
0.10737115
0.11938133
0.1181246
0.10825922
0.11187142
0.1113675
0.106638946
0.112070814
0.10898782
0.112612315
0.114968844
0.11350535
0.118487924
0.115629256
0.11463294
0.10949271
0.113264434
0.11654335
0.11225082
0.12515275
0.11280477
0.12048701
0.11668748
0.120931976
0.10859015
0.114852875
0.12932149
0.11558
0.11548899
0.11617634
0.11382183
0.11171227
0.11491691
0.10610781
0.1035758
0.10479
0.10338375
0.11349523
0.11024119
0.10881
0.104816236
0.10911506
0.110438436
0.10919333
0.12189666
0.11032081
0.110604994
0.11228723
0.11925721
0.10739624
0.10788179
0.122090094
0.114216104
0.11946785
0.116717376
0.10690811
0.11107426
0.11188311
0.10816249
0.114397645
0.10587271
0.115850054
0.10336317
0.1182263
0.110899925
0.11402308
0.11795053
0.107128575
0.10909989
0.0985288
0.11648263
0.1035575
0.110117875
0.11097379
0.11212817
0.115565255
0.10978267
0.10980758
0.09876996
0.10429379
0.11466893
0.11145053
0.10548317
0.0960806
0.10861619
0.10413148
0.10377183
0.10877307
0.10812894
0.0990056
0.10223477
0.11772258
0.10765736
0.11513961
0.10617488
0.11521091
0.102273114
0.11281381
0.110624254
0.10471675
0.10790339
0.11719773
0.11659599
0.11055057
0.10873461
0.12920797
0.103901304
0.11533833
0.10827039
0.10768472
0.104669675
0.10876237
0.10857379
0.11290748
0.10116302
0.10896522
0.09816853
0.102625206
0.11463226
0.10436918
0.10477742
0.11037313
0.11032857
0.11409262
0.11443323
0.11358191
0.110851064
0.10445273
0.09954823
0.11238469
0.11369532
0.11476078
0.116720185
0.102279656
0.1225911
0.11944803
0.11909875
0.117081724
0.10201112
0.1210654
0.11824437
0.12778004
0.12445209
0.10663923
0.1186901
0.122302964
0.119676076
0.111832686
0.11303983
0.1099149
0.10893692
0.110915236
0.10189171
0.1051193
0.11079188
0.113988996
0.11197075
0.10673001
0.10200652
0.11687471
0.108067185
0.11543415
0.11996412
0.10701076
0.11564489
0.11500442
0.10581929
0.105321236
0.11942894
0.10632984
0.11225673
0.1232845
0.11208294
0.106754184
0.10450456
0.11182677
0.10716293
0.10207645
0.10205299
0.11147408
0.105994254
0.10176616
0.11893331
0.10439334
0.10814464
0.10737523
0.10890109
0.119904436
0.11250829
0.118334584
0.12426895
0.11596087
0.12264826
0.118300244
0.11799658
0.10789797
0.11204732
0.11651373
0.110677615
0.11863952
0.11454997
0.11701216
0.116919845
0.108760044
0.112857476
0.10627142
0.11900833
0.103605874
0.10241887
0.11240208
0.118084
0.10125551
0.11589162
0.10808408
0.10899054
0.11540287
0.1147627
0.104631536
0.11243752
0.11060251
0.11874249
0.115383804
0.11256683
0.10543248
0.11297289
0.112239994
0.106498994
0.10552146
0.111520156
0.11753052
0.116203465
0.12036783
0.11174135
0.12526791
0.11087084
0.11451522
0.1153455
0.10079566
0.10980444
0.10439912
0.113923475
0.12025482
0.12091949
0.11428252
0.10969442
0.11504463
0.1098358
0.11217459
0.11056373
0.108540535
0.10149722
0.10305547
0.11354317
0.109604515
0.102655694
0.11800689
0.111410245
0.11383948
0.12042836
0.105059296
0.11221667
0.11352945
0.1119274
0.11477034
0.122887745
0.10790988
0.11164361
0.11699504
0.12360192
0.11080943
0.101719886
0.10978996
0.11880099
0.11504049
0.1108726
0.117801666
0.11498269
0.117314704
0.11903527
0.115908064
0.1372946
0.10405312
0.11304445
0.12382744
0.1161156
0.10767128
0.112239055
0.118122034
0.11214789
0.10643925
0.11397232
0.106500536
0.117539
0.111022525
0.11847556
0.11674378
0.113619916
0.115027346
0.11228974
0.12280718
0.11263054
0.11155429
0.121772334
0.11459622
0.11964286
0.112849034
0.11660799
0.12118945
0.116270855
0.11055312
0.11118929
0.12154525
0.119267635
0.10797363
0.1184702
0.10220683
0.1063161
0.117459916
0.118834734
0.11274271
0.11372063
0.11380593
0.113409154
0.110372856
0.11538929
0.1180825
0.111567385
0.12008491
0.12087694
0.11744798
0.1201607
0.12479514
0.113048345
0.12194546
0.12422685
0.11731186
0.113972545
0.1234916
0.13068129
0.11583018
0.12202118
0.12076111
0.12341418
0.14130934
0.12220244
0.14396569
0.11141498
0.12486853
0.119286776
0.12406585
0.112714924
0.116614126
0.11709225
0.12614799
0.11554335
0.11343935
0.11660296
0.112167075
0.11792015
0.1329672
0.117889725
0.11654991
0.12414686
0.11750068
0.107563935
0.11211907
0.13106064
0.11367198
0.102147266
0.122133926
0.10769775
0.11943542
0.11375588
0.11853068
0.104892746
0.121058315
0.11850824
0.11323077
0.112588756
0.118375994
0.11071494
0.11464964
0.11892102
0.11953043
0.12871768
0.112641424
0.12247065
0.112919934
0.11653123
0.11961507
0.11849218
0.122672744
0.12158306
0.11216983
0.12001543
0.1169649
0.11642498
0.12401846
0.114179544
0.11160336
0.11532924
0.115190126
0.12821017
0.10578211
0.11077784
0.11658426
0.11650312
0.11414369
0.12769966
0.11683311
0.10608845
0.11693548
0.112873316
0.120141886
0.122378975
0.10959944
0.12025401
0.12050583
0.12200218
0.11368765
0.10317835
0.11795309
0.1254684
0.12549843
0.15140258
0.12804578
0.11801981
0.11902691
0.116804406
0.11973484
0.10810993
0.11231032
0.1252848
0.11492186
0.11174414
0.11784685
0.11450373
0.10749557
0.11036066
0.12174117
0.09916561
0.12895347
0.11189841
0.12184394
0.11657673
0.1277408
0.1289693
0.122624084
0.121270694
0.118118465
0.121383734
0.12382282
0.12360755
0.12009391
0.11665357
0.11742686
0.123601265
0.11596622
0.11319478
0.11714544
0.1250897
0.12436324
0.12163161
0.11002274
0.11630662
0.11584968
0.13961744
0.13084278
0.12025004
0.12184155
0.12651394
0.12985861
0.13054527
0.116304174
0.13554166
0.12127611
0.1180175
0.1235156
0.12629503
0.13578956
0.12502882
0.124523655
0.1239069
0.121720776
0.11639196
0.1087485
0.11995276
0.11229395
0.11837436
0.121385776
0.11464798
0.12015745
0.12213047
0.11597346
0.13152453
0.11563199
0.12245586
0.1208589
0.11467122
0.12350905
0.11245749
0.11696789
0.12388946
0.13248043
0.114038065
0.11801455
0.11670236
0.109583065
0.117571816
0.12303679
0.11230132
0.12157265
0.11855574
0.13134739
0.10930399
0.121931106
0.11386953
0.1228978
0.10999843
0.11857634
0.11279769
0.10277634
0.12589371
0.11529777
0.10179655
0.117042676
0.116124526
0.116169415
0.121668026
0.13664362
0.117623106
0.11688739
0.12248868
0.1271359
0.11579759
0.1268095
0.110205814
0.13551068
0.11013564
0.12292482
0.12920697
0.120955735
0.114978135
0.114181876
0.11986072
0.110388
0.117680185
0.110118665
0.1256306
0.121060506
0.110980764
0.11927984
0.116038285
0.1256957
0.142319
0.11549629
0.11458601
0.12103713
0.12929302
0.1106127
0.11415058
0.114013374
0.12051896
0.111983314
0.13082832
0.1268408
0.11697148
0.13148716
0.11319723
0.10993458
0.121129654
0.112059064
0.11617173
0.1155072
0.11012609
0.10743398
0.123445824
0.12227974
0.11648348
0.12981084
0.13362698
0.116655186
0.11720919
0.1234922
0.10759117
0.11835257
0.119164236
0.11542484
0.11157575
0.118195616
0.13190535
0.12849122
0.117904544
0.11392333
0.1259021
0.1324802
0.118938886
0.12626801
0.12380013
0.114373565
0.12919636
0.11267681
0.110312894
0.10817445
0.10887589
0.11623931
0.123085804
0.11579822
0.12424258
0.11779384
0.11453962
0.115139395
0.11169116
0.119837455
0.10532432
0.1070418
0.11466974
0.11385851
0.10904915
0.10479795
0.10773907
0.12873879
0.11116333
0.11877519
0.10456668
0.11173357
0.1229166
0.11872952
0.11073096
0.11144458
0.115427256
0.11220299
0.11276088
0.11098572
0.10681669
0.112474434
0.12156985
0.10947801
0.10577009
0.112375684
0.12481028
0.12200826
0.12714578
0.12564385
0.11162579
0.11589455
0.1134212
0.12717904
0.11492679
0.12876229
0.118446074
0.10134748
0.11504696
0.12230985
0.117681384
0.12465099
0.11074076
0.12563193
0.13047731
0.12800373
0.12615919
0.117742285
0.11831907
0.13312265
0.119205266
0.116202034
0.112355836
0.1284955
0.12154781
0.1306177
0.11646682
0.12336781
0.11701688
0.12710738
0.1174783
0.11203389
0.1110676
0.118563004
0.115895025
0.11997385
0.11158321
0.112624675
0.11958765
0.11701218
0.11662351
0.10901358
0.119433776
0.11323851
0.10636586
0.11462145
0.13134076
0.12025636
0.11720289
0.12349882
0.12817584
0.118107066
0.124076635
0.122525625
0.11397981
0.12173329
0.13097918
0.12014059
0.12365
0.11107132
0.1214493
0.12475722
0.11909098
0.13697311
0.14150912
0.13404173
0.12511395
0.12742476
0.14021924
0.123968884
0.11558441
0.13207503
0.13219318
0.13186784
0.13318633
0.12308258
0.12729052
0.13513234
0.1385433
0.119902804
0.12329555
0.15396398
0.13050936
0.13649952
0.14204001
0.13221286
0.13310274
0.11854896
0.12823339
0.12762535
0.1295334
0.13180296
0.12152805
0.13699372
0.12958787
0.11741642
0.13117751
0.111385465
0.13145368
0.12835075
0.12426732
0.12960735
0.12153194
0.11514423
0.12831575
0.13274796
0.11938956
0.1213869
0.13371404
0.12178522
0.12728801
0.14994267
0.11217278
0.1316695
0.111949846
0.12605204
0.11121456
0.12732987
0.13097346
0.11963181
0.12473059
0.12483492
0.11932142
0.11203151
0.12573901
0.12364526
0.1376981
0.12442058
0.11154634
0.114044994
0.110413216
0.12706427
0.13356088
0.13379103
0.115342714
0.123994894
0.124535024
0.13957661
0.13056712
0.12930368
0.124059595
0.1281199
0.13585466
0.1377771
0.12197789
0.13658442
0.13279608
0.1334345
0.12846501
0.13754542
0.12824675
0.12979254
0.13631828
0.12843376
0.13036743
0.13009048
0.12593287
0.13032888
0.12750356
0.1307079
0.12324087
0.14064735
0.13882017
0.12529564
0.14303407
0.13348822
0.14255102
0.13821442
0.13897687
0.13281828
0.16002385
0.12920286
0.13487184
0.18732202
0.12919036
0.1288286
0.1282147
0.13935561
0.15773258
0.13916597
0.13970828
0.13508724
0.1233479
0.13344792
0.1367746
0.1298864
0.12557799
0.12752414
0.12658791
0.13119046
0.13097677
0.13066684
0.14407623
0.13587749
0.14124337
0.12828621
0.13839124
0.1463
0.13754342
0.15079702
0.12603618
0.12725678
0.1305356
0.14527512
0.13814622
0.15369843
0.13753128
0.13830113
0.13733397
0.12958126
0.13890322
0.13865408
0.14219952
0.15203154
0.12739569
0.14613456
0.13792673
0.12768553
0.14346126
0.15623023
0.13005264
0.15385677
0.14669396
0.15274963
0.14121185
0.14010225
0.13483773
0.12493621
0.14270745
0.14194092
0.13892795
0.13740864
0.1618575
0.15000659
0.1441543
0.13473436
0.13925001
0.14230414
0.13313866
0.13653824
0.12017825
0.12908205
0.13172074
0.1332733
0.1307356
0.12793635
0.1234037
0.13009197
0.12900439
0.14014585
0.12694903
0.14264256
0.13750537
0.1412779
0.13206303
0.14501522
0.12235492
0.1307814
0.13401711
0.13828352
0.12210261
0.13666548
0.14506005
0.1315473
0.13171625
0.12648764
0.13093533
0.13781212
0.12472303
0.13134468
0.11871658
0.1215413
0.1353327
0.12849045
0.1262721
0.13365446
0.12458435
0.1291652
0.14805491
0.13703531
0.12932234
0.13607524
0.12451547
0.13607514
0.13205874
0.13277672
0.13948219
0.13283078
0.13771568
0.12899226
0.14283493
0.12525976
0.13334452
0.12614399
0.13294739
0.1258647
0.11982064
0.117315836
0.14189506
0.13283978
0.1443213
0.13758963
0.13715388
0.14037949
0.14634986
0.13219695
0.13744526
0.119020276
0.11986796
0.13561188
0.1306945
0.12972273
0.1459109
0.14170593
0.12863994
0.12239626
0.11586558
0.13238177
0.12842074
0.13548176
0.124175765
0.14535692
0.13427241
0.13316837
0.13366373
0.13285597
0.15055412
0.13676056
0.15193486
0.12967922
0.12870587
0.12323901
0.13250835
0.13274485
0.12522392
0.12689123
0.12489311
0.14562474
0.13689566
0.14149979
0.13853763
0.12905352
0.12293343
0.13618658
0.13534153
0.14432913
0.13080709
0.12426816
0.13102438
0.13960612
0.13455763
0.1474525
0.12646267
0.13373813
0.13341385
0.1431341
0.14083433
0.14203647
0.13470683
0.141952
0.13366754
0.1345463
0.118942946
0.15116152
0.14296451
0.13596125
0.1407329
0.13965832
0.14293486
0.13400024
0.13630633
0.15702812
0.14327645
0.1339258
0.13457586
0.14694688
0.1501478
0.12997328
0.12393489
0.14856084
0.15385143
0.13340357
0.1367909
0.12583776
0.1381151
0.14627329
0.14557791
0.1450689
0.138958
0.16533346
0.14469278
0.14729898
0.13861254
0.13148972
0.13673756
0.13001828
0.13694951
0.1367216
0.12638433
0.13450593
0.1263444
0.13504696
0.13807714
0.14506368
0.14055693
0.13786611
0.12937455
0.13717248
0.13260913
0.1288815
0.15428087
0.14220542
0.13631544
0.14550549
0.13403726
0.14279704
0.13804896
0.1524827
0.13534121
0.12929013
0.13444188
0.14372866
0.1400849
0.14344212
0.13777162
0.1254432
0.1311218
0.13916518
0.15387498
0.15717246
0.1471134
0.14021802
0.1296297
0.124192886
0.13956249
0.14198837
0.14305104
0.14375979
0.120116845
0.13855661
0.15694767
0.13526617
0.11838923
0.12938513
0.13705687
0.13554347
0.13336404
0.13488713
0.13307449
0.14473723
0.13593762
0.14401942
0.13716555
0.13792081
0.13771047
0.14061245
0.1400426
0.14410318
0.14519285
0.13734367
0.15006202
0.14681673
0.13148776
0.1461131
0.13865064
0.14042065
0.14888644
0.1355058
0.13233182
0.13734385
0.1209956
0.13274978
0.1252002
0.14162779
0.137047
0.13747741
0.13929881
0.14461672
0.14074753
0.12581676
0.14929853
0.13696387
0.13529955
0.12896647
0.12989086
0.14551908
0.1396504
0.1360438
0.1320256
0.14576809
0.14657022
0.13010657
0.14046262
0.11938945
0.14424635
0.13549192
0.13196218
0.13108192
0.13223307
0.14337373
0.14517683
0.13935825
0.12708907
0.14411682
0.15796475
0.14272827
0.13481344
0.135231
0.13864724
0.15337609
0.13004911
0.13451385
0.14054452
0.12804016
0.13549833
0.13655709
0.14250657
0.14866121
0.14309683
0.1381286
0.14629814
0.15613282
0.13982402
0.13188931
0.1416299
0.14356856
0.14278848
0.13043235
0.13162006
0.14722542
0.16291952
0.13932948
0.15666184
0.12984298
0.12986042
0.1408252
0.13276069
0.1292074
0.15435515
0.14259596
0.14840716
0.13423814
0.12782317
0.14749241
0.12853888
0.129419
0.1409817
0.13574992
0.12982732
0.11831227
0.1236811
0.1325241
0.1291898
0.12524994
0.12671861
0.1259819
0.13860412
0.14128447
0.12547933
0.120224595
0.11576173
0.12723328
0.13043441
0.12973258
0.11769133
0.14042528
0.12661406
0.15115835
0.11615975
0.12065907
0.13320391
0.14232068
0.1313001
0.14632243
0.13136736
0.13425435
0.12775649
0.12880947
0.12652294
0.14667447
0.12381352
0.13512293
0.12867574
0.13892066
0.15188666
0.13497628
0.12953548
0.13693874
0.13826038
0.1313983
0.13967946
0.12273393
0.12385478
0.12294785
0.13748668
0.1315705
0.14204752
0.14288461
0.13500954
0.13514565
0.135041
0.13796249
0.15533093
0.13734105
0.1444689
0.15714212
0.12549351
0.14526953
0.1327564
0.14772663
0.1350481
0.12319529
0.13285545
0.13865772
0.14183919
0.14017296
0.13535048
0.14381702
0.14188465
0.135973
0.13374566
0.14189658
0.13414569
0.1424197
0.13829152
0.14194821
0.15257293
0.13737103
0.15301843
0.12539743
0.13716811
0.13640477
0.14454411
0.13967703
0.13966204
0.144487
0.13801642
0.14199239
0.15305045
0.15285373
0.12922114
0.14496233
0.13370687
0.13394809
0.14274622
0.14521943
0.1313523
0.14571752
0.15278974
0.1531259
0.15670688
0.15054059
0.14845021
0.14063321
0.14361694
0.15627247
0.16513819
0.14962678
0.16198449
0.15114048
0.12875399
0.14617848
0.16101782
0.14093298
0.14105277
0.14501165
0.13402802
0.1454278
0.13363287
0.13958362
0.13688207
0.13676968
0.13901195
0.1386255
0.16126913
0.12533958
0.122937776
0.14547442
0.14872022
0.14785977
0.14131917
0.151996
0.14271055
0.15079221
0.14312373
0.1502439
0.14816332
0.16282405
0.14853774
0.15676528
0.14318776
0.14935341
0.1533976
0.14030321
0.13309012
0.13400577
0.14513503
0.14786944
0.14715266
0.14893359
0.14276104
0.14118782
0.14474551
0.1462938
0.16963239
0.15100247
0.15164712
0.14308023
0.14937508
0.1579594
0.14992335
0.12537515
0.1397306
0.16625045
0.14724636
0.14195026
0.14087021
0.14554878
0.15108652
0.13935429
0.13511482
0.14761749
0.15611966
0.16119272
0.16261573
0.14428824
0.14080718
0.15288222
0.15227777
0.14628135
0.1562992
0.15755033
0.15435733
0.164325
0.15402348
0.14663321
0.13848668
0.16274126
0.15572368
0.1417084
0.14747378
0.15692492
0.15858726
0.15890943
0.15954746
0.15473144
0.14011025
0.15497784
0.14816785
0.14723155
0.14984122
0.13840748
0.15516625
0.14036661
0.14546989
0.14238209
0.1450014
0.1509169
0.14307925
0.13619825
0.16796513
0.16400197
0.14303882
0.16691056
0.13461949
0.14250582
0.15673791
0.14676552
0.155524
0.14122126
0.14495325
0.14676099
0.1315459
0.1460211
0.13548988
0.13815208
0.15556328
0.14569584
0.13443406
0.14351337
0.15076517
0.16459827
0.14844291
0.14824937
0.147351
0.14763032
0.15630504
0.16719411
0.12492893
0.15888555
0.15220141
0.14301081
0.12804331
0.144225
0.13854322
0.12855326
0.13765706
0.1321043
0.13297415
0.14020976
0.14549407
0.15388909
0.1448263
0.13465624
0.13912323
0.15382256
0.13533486
0.13697767
0.1523296
0.15277898
0.14633727
0.1430196
0.13486132
0.14122267
0.13549635
0.15746264
0.14034939
0.13992919
0.13835715
0.13547032
0.14682728
0.13787168
0.1519063
0.15240255
0.16166207
0.1357797
0.15009739
0.13921446
0.13452777
0.15650064
0.16428153
0.14396136
0.14510597
0.12904312
0.13697654
0.14091727
0.14031203
0.14430872
0.1445337
0.15648949
0.14600505
0.14042172
0.17707467
0.14098576
0.15897119
0.13206735
0.1585448
0.1494344
0.1612016
0.1443183
0.21188122
0.14771222
0.14057449
0.14325985
0.15158199
0.13097794
0.14907369
0.14756182
0.13555856
0.13450335
0.14440742
0.13613193
0.15069576
0.14251934
0.15466428
0.1580346
0.15800297
0.15510632
0.16935797
0.15872186
0.16235204
0.15190321
0.13516082
0.1466917
0.14297897
0.13437769
0.15352121
0.145779
0.14586572
0.14383255
0.15319413
0.13009411
0.15009835
0.13199882
0.14222041
0.18072888
0.15397301
0.13878903
0.14820173
0.13786161
0.15826608
0.14538725
0.15508229
0.14355999
0.14772023
0.14298894
0.14677915
0.14462788
0.13648948
0.15712442
0.15251659
0.15830463
0.15474243
0.15058883
0.14962858
0.14975697
0.15388775
0.15258895
0.15015966
0.1549217
0.16589049
0.14314945
0.14165495
0.15148573
0.13785614
0.14095332
0.15283312
0.15485398
0.14810567
0.15785149
0.13682917
0.13241014
0.16134258
0.15230963
0.15708934
0.15303001
0.1435204
0.15569572
0.14223744
0.1430755
0.13845366
0.16147716
0.15699545
0.15991949
0.14400302
0.15286398
0.13409033
0.1473536
0.13569458
0.1573177
0.13384731
0.14531049
0.15242922
0.16259667
0.14302963
0.13679995
0.14079773
0.15370579
0.1379984
0.14755341
0.14603224
0.14413881
0.15812095
0.14492223
0.14585684
0.15301515
0.14086606
0.14237082
0.17653377
0.13520105
0.13404287
0.13932985
0.15156576
0.14796636
0.14990078
0.15458962
0.1339906
0.14448418
0.1574009
0.14801173
0.14133099
0.15002817
0.16035952
0.14516887
0.1429277
0.13551219
0.1528061
0.15181366
0.14697362
0.1560445
0.14277017
0.14675063
0.14644974
0.16412508
0.15508148
0.14148192
0.14005835
0.14885929
0.15643808
0.16339259
0.15518561
0.17288603
0.155008
0.13706073
0.15061082
0.15970927
0.17583823
0.15391144
0.14276282
0.1448219
0.15658316
0.14235924
0.15314092
0.14943446
0.16766606
0.16847809
0.14187256
0.13517088
0.14841625
0.1535981
0.17037939
0.15930706
0.1397318
0.1515191
0.14302921
0.1451213
0.14869319
0.14866066
0.14286456
0.15596493
0.1709844
0.16406524
0.14484954
0.14078043
0.13885303
0.13473882
0.1352876
0.13913669
0.15730196
0.15360685
0.14570902
0.14781953
0.14419359
0.15131216
0.1533
0.14810763
0.15367858
0.15409768
0.14845522
0.1651925
0.1828733
0.16963443
0.15561935
0.1610331
0.15048116
0.14869608
0.15486701
0.1714077
0.16137624
0.15076624
0.14948371
0.16362599
0.15791276
0.1521443
0.181073
0.15149757
0.14898974
0.1524613
0.16556804
0.15606554
0.1573881
0.14668764
0.14744382
0.16279656
0.16333777
0.14310738
0.14387487
0.14962031
0.15360343
0.168049
0.14524205
0.14439397
0.13873409
0.14186697
0.15381263
0.1484866
0.1685575
0.16532235
0.1555168
0.14834204
0.14879653
0.15457363
0.16453134
0.14536433
0.15260236
0.1758655
0.1565657
0.15100127
0.15467833
0.16107222
0.15006584
0.17089652
0.15638772
0.1858779
0.1686971
0.14648347
0.15290563
0.15991887
0.14690869
0.16248862
0.1541339
0.15556487
0.14642392
0.15021248
0.16696069
0.161756
0.15209419
0.1526802
0.16280581
0.16298077
0.16766486
0.16845912
0.17630246
0.16294454
0.14960764
0.15054022
0.14888886
0.1684943
0.15661348
0.16547416
0.15625429
0.14954035
0.1623669
0.17382237
0.15403402
0.15296367
0.15858002
0.17018995
0.15232512
0.16352685
0.16061513
0.16957946
0.1726815
0.16639274
0.15251362
0.16119546
0.17341805
0.15687594
0.15442935
0.15513486
0.17369957
0.18103544
0.15448877
0.16289955
0.16892593
0.16832185
0.18570542
0.15952376
0.15647788
0.16000625
0.16253188
0.1555179
0.1790048
0.15626389
0.1517778
0.16559091
0.15372944
0.15195177
0.15704384
0.1690224
0.16026843
0.1598817
0.15189442
0.14754328
0.14927909
0.15876094
0.15539387
0.15734532
0.1606066
0.16856709
0.16135594
0.15547426
0.15316612
0.14896604
0.14732201
0.14665896
0.14483827
0.15090662
0.16319215
0.15063389
0.1457604
0.14520405
0.15358588
0.17149428
0.16302128
0.16089277
0.15578014
0.16004394
0.16948554
0.15009634
0.14320631
0.143358
0.14688706
0.15135051
0.1622532
0.15269609
0.14826547
0.15377162
0.16392496
0.15307866
0.16602737
0.15096232
0.14510116
0.14375243
0.14975035
0.14624365
0.13875183
0.13551371
0.14535946
0.16750324
0.16180108
0.17182027
0.15724005
0.15262885
0.15864274
0.16015625
0.16256431
0.15831566
0.1543233
0.14968237
0.15503478
0.17192276
0.16235681
0.15748617
0.15304269
0.15204221
0.15391918
0.15820764
0.1792251
0.21318933
0.17000943
0.15602967
0.17132571
0.1627095
0.17662245
0.1661013
0.16186358
0.15591316
0.15440772
0.15055355
0.1592892
0.17446929
0.1652661
0.16426873
0.17149866
0.17091773
0.17689092
0.18041752
0.16873415
0.16802154
0.16845827
0.17665192
0.15948898
0.16695197
0.19910595
0.16518232
0.1527444
0.16223058
0.17365526
0.16727453
0.1682307
0.19182536
0.16706367
0.16539805
0.18689005
0.17276533
0.17076004
0.1883528
0.18660466
0.18948112
0.17613123
0.18160263
0.1818913
0.18450043
0.17313927
0.17947997
0.17559828
0.19292288
0.18958326
0.17822425
0.18011716
0.18227527
0.1853424
0.18661797
0.21464851
0.18019366
0.21810836
0.1869403
0.1853383
0.18516262
0.20422766
0.17293224
0.18383707
0.17812313
0.17636617
0.18076932
0.17248392
0.1711294
0.1767248
0.17565772
0.18053126
0.17694809
0.17973441
0.17510293
0.1903557
0.16482683
0.15782246
0.16402595
0.16291043
0.15680808
0.15365915
0.15619591
0.1604545
0.16808943
0.17629038
0.17420793
0.18219644
0.19117536
0.16806245
0.14554067
0.14159292
0.14243205
0.14770253
0.15961187
0.18679261
0.17395529
0.15795721
0.15323472
0.14655972
0.1478149
0.1480084
0.14804447
0.16303742
0.18754229
0.20238735
0.17308839
0.15282659
0.1496734
0.14147313
0.15248199
0.15430735
0.15306857
0.14857009
0.14602643
0.15206666
0.15777674
0.16030446
0.16108617
0.15940458
0.17178646
0.1855174
0.17551477
0.16448957
0.16897456
0.16168629
0.16953444
0.16864403
0.16911232
0.16768071
0.15812732
0.1599676
0.15606119
0.16046275
0.15609927
0.15052228
0.15236865
0.14916964
0.15850988
0.15313232
0.15774094
0.15084475
0.15806204
0.17213821
0.19934909
0.17310385
0.15639548
0.14675978
0.15386401
0.16212066
0.16105083
0.16260554
0.15689065
0.15809634
0.15542237
0.15667741
0.1592608
0.1587177
0.16814125
0.1586614
0.15482946
0.14644077
0.15657069
0.15902932
0.15397233
0.15484007
0.15262958
0.15390503
0.14739318
0.1459989
0.14351007
0.1418393
0.14334276
0.14940655
0.15928721
0.15901573
0.15953423
0.15225068
0.16143358
0.15895228
0.1645069
0.16367517
0.16478662
0.1589221
0.15119168
0.147557
0.15041786
0.15161318
0.16549538
0.16376352
0.16807556
0.15315944
0.15581776
0.15307544
0.16897105
0.17121659
0.17672563
0.1671509
0.16211864
0.1615453
0.15977623
0.161545
0.16677463
0.1667549
0.17783023
0.1762245
0.1781724
0.17732568
0.1694229
0.16975358
0.16276942
0.1552878
0.14925797
0.14411451
0.14846295
0.15104473
0.14953066
0.14563519
0.14760925
0.152604
0.16212404
0.16542579
0.16293971
0.16344048
0.15817864
0.1615349
0.1540294
0.15487546
0.16382498
0.17212881
0.1754487
0.16361481
0.16222002
0.15095806
0.15210459
0.13793269
0.14562488
0.14125715
0.15090327
0.1447189
0.14686252
0.15197086
0.15597674
0.16097721
0.15491037
0.16555429
0.1592966
0.16266736
0.14913915
0.15104951
0.15090533
0.15457357
0.15334024
0.15095116
0.1517432
0.15705076
0.15649344
0.14185214
0.14122146
0.14631796
0.15983947
0.15627514
0.14612092
0.14010333
0.14594646
0.16166091
0.16926058
0.16604233
0.15017195
0.14954516
0.14614004
0.1532858
0.15226978
0.15580332
0.15479344
0.1584502
0.15695627
0.15593624
0.14729421
0.14818971
0.15766665
0.16332987
0.16148454
0.15756665
0.15438844
0.15110838
0.1511909
0.14861302
0.15353437
0.15244575
0.16161938
0.16034016
0.17096701
0.16442397
0.17321834
0.16060403
0.16288057
0.14894913
0.15602393
0.16113707
0.16641475
0.15968217
0.15191099
0.17517385
0.22367227
0.19254774
0.17155427
0.16442004
0.1629815
0.15607265
0.1536109
0.152406
0.16074792
0.16153517
0.16735898
0.16320628
0.16851094
0.15516786
0.15711345
0.16132303
0.17202625
0.17735784
0.17448504
0.17223093
0.16728258
0.16595285
0.16816221
0.16831769
0.16097933
0.15998466
0.16277164
0.16087626
0.15902174
0.15467794
0.1593061
0.15662177
0.15920451
0.16267446
0.16569541
0.16765071
0.16569547
0.15758266
0.15228666
0.15246779
0.16265327
0.16759773
0.17000268
0.16493966
0.16114718
0.15305424
0.15309219
0.14967917
0.15638226
0.15022163
0.15753132
0.16508207
0.175867
0.17316179
0.16178983
0.15535429
0.1582856
0.15669663
0.16186464
0.15930536
0.16383399
0.16306166
0.15866667
0.15965497
0.15443024
0.16308647
0.16154338
0.16142264
0.15732245
0.15987603
0.16044407
0.1587037
0.16021772
0.16796881
0.16376893
0.16120501
0.15826677
0.16947654
0.17200454
0.18245374
0.1730537
0.17680666
0.17348613
0.17929436
0.1677674
0.15743186
0.15274361
0.15890159
0.16935554
0.18842693
0.19494505
0.19023411
0.18342535
0.17354913
0.16902307
0.16773906
0.16588205
0.17288965
0.17455876
0.17776151
0.18343845
0.1732946
0.18395849
0.18249846
0.20314606
0.20316796
0.19631997
0.17965138
0.1785776
0.17334588
0.18215226
0.17417224
0.18693031
0.17748344
0.18547224
0.18304618
0.18412524
0.17374848
0.17042542
0.16992062
0.17838643
0.17201428
0.17975126
0.17463398
0.17189543
0.16578858
0.17290573
0.17869548
0.17537507
0.1694856
0.17015393
0.17498139
0.17366265
0.1794181
0.18471773
0.19290593
0.18575443
0.19068031
0.18668808
0.19510733
0.1896424
0.18981168
0.19217272
0.18378192
0.19212171
0.18951207
0.19305497
0.18011586
0.17803223
0.18336476
0.19246201
0.19108318
0.18854176
0.19155325
0.18768895
0.18358208
0.17158417
0.1807685
0.1798396
0.18069088
0.16932037
0.17267074
0.171509
0.18554051
0.18053555
0.18434635
0.18105529
0.19319007
0.19866095
0.18608226
0.17661862
0.17874554
0.1763216
0.17819606
0.17100263
0.17660594
0.17534079
0.17332788
0.17389378
0.1728046
0.17317377
0.17114042
0.16622365
0.16455519
0.16884857
0.17930767
0.18706287
0.18978058
0.19109257
0.18640211
0.18547449
0.1828744
0.19194417
0.1882936
0.18237217
0.17101635
0.16485272
0.1643921
0.16424868
0.17598626
0.18031599
0.18428138
0.18930194
0.18487449
0.17404187
0.16451703
0.16768731
0.17780232
0.18179917
0.1782375
0.16864483
0.16956998
0.16913858
0.16927893
0.16541317
0.16107653
0.16018815
0.15565506
0.15374485
0.15920073
0.15530173
0.16978033
0.16151604
0.1694594
0.15973689
0.16370972
0.16165252
0.1666253
0.1621392
0.15795343
0.15586282
0.15539844
0.15900722
0.16068244
0.16648035
0.16408774
0.15117927
0.15749544
0.16672634
0.17531748
0.17377326
0.17221314
0.17175236
0.17718372
0.17936908
0.17846918
0.17307365
0.1604172
0.16248748
0.1574533
0.15997145
0.16701543
0.16882953
0.16982125
0.16228049
0.16966398
0.17724481
0.1830409
0.17567258
0.16684279
0.1632712
0.16868058
0.17638521
0.17881101
0.16581318
0.17307805
0.17402245
0.1761407
0.15940349
0.1550151
0.16790913
0.18450096
0.18886891
0.17619771
0.17978132
0.17082547
0.17578523
0.16733664
0.17155324
0.16870648
0.15464152
0.15636286
0.1576299
0.16269024
0.16290703
0.16025001
0.16264449
0.16206169
0.16919552
0.16329452
0.15440263
0.14698635
0.1576066
0.16590886
0.17992567
0.18522047
0.18895018
0.18778954
0.18796779
0.18738905
0.18476757
0.18420866
0.19812043
0.19626357
0.19036299
0.17666379
0.17971595
0.17423725
0.18071634
0.17764601
0.18322779
0.17883287
0.17593881
0.17750181
0.17942469
0.18785681
0.19480005
0.19406351
0.18847097
0.18103197
0.18422994
0.18581983
0.1962595
0.19998811
0.20742808
0.20636916
0.19791347
0.19102286
0.1867212
0.18413994
0.19096084
0.18976136
0.20245907
0.19305804
0.19661549
0.1916156
0.19829573
0.20158555
0.20141004
0.19209029
0.1828888
0.18104473
0.18826723
0.1930075
0.18392628
0.18607059
0.17689826
0.18474558
0.18440793
0.18984242
0.19550134
0.19490896
0.20244972
0.19128072
0.18783557
0.18744203
0.19492415
0.20029269
0.20000151
0.19638838
0.1905911
0.19926852
0.21124016
0.2141098
0.20349544
0.19941947
0.20089561
0.20281608
0.19518562
0.2006625
0.20014408
0.19695589
0.18698615
0.18532957
0.1944354
0.20524378
0.2118694
0.21152246
0.22136988
0.21373433
0.21312891
0.19532487
0.19532767
0.19793935
0.20319022
0.19602787
0.18946919
0.18687834
0.19145964
0.19241744
0.19272539
0.19355771
0.19188787
0.20051755
0.18810458
0.1900468
0.1775343
0.19581607
0.20664723
0.2153961
0.2153652
0.21040937
0.21854004
0.20755987
0.21016274
0.20300119
0.20514938
0.19582431
0.19043201
0.20002607
0.19863015
0.20506439
0.20151816
0.21155117
0.21961395
0.22650939
0.23126231
0.22427002
0.21520449
0.22157079
0.21195826
0.22561452
0.22190724
0.22799629
0.2194761
0.2045007
0.20171715
0.21298748
0.23583989
0.25222397
0.244091
0.22882678
0.21767244
0.2182315
0.22510871
0.21417774
0.20974834
0.20196366
0.21578157
0.22201838
0.2212815
0.21081579
0.19458891
0.19352947
0.20592412
0.23980248
0.2388929
0.2364225
0.2156319
0.20978391
0.20037353
0.19517498
0.19830224
0.19179222
0.20514114
0.20373344
0.20095752
0.18745758
0.19654323
0.20456596
0.20417184
0.20594694
0.21715856
0.21964428
0.2215094
0.2210483
0.21631531
0.20849854
0.21012609
0.22078985
0.23568738
0.2336691
0.2378022
0.23329861
0.23335269
0.22427788
0.22123745
0.21466751
0.21210039
0.20483279
0.20237389
0.19917971
0.20005763
0.19932783
0.20512274
0.20463729
0.21035965
0.20901577
0.21004896
0.2097946
0.21215908
0.21381521
0.21087809
0.21009728
0.20841053
0.2187643
0.22518666
0.23447382
0.21763615
0.21424249
0.20261745
0.21473607
0.2137269
0.20406729
0.20950566
0.19717745
0.21522644
0.20403527
0.21912627
0.22662336
0.23201756
0.22878961
0.22711448
0.22687528
0.23531969
0.22185689
0.2326734
0.21682657
0.21644568
0.20173112
0.20661202
0.21293549
0.22103293
0.23832196
0.24343765
0.23501532
0.22059241
0.21830758
0.23034544
0.24613224
0.24843094
0.24932979
0.23443767
0.23757419
0.23295243
0.24492228
0.22721688
0.22123626
0.20827857
0.22068663
0.22967897
0.23714764
0.23221855
0.23935354
0.23545139
0.23928502
0.22038093
0.21411791
0.23094541
0.23639402
0.23777667
0.221462
0.21546783
0.21551205
0.21254061
0.21653768
0.21878548
0.21263643
0.2202188
0.22826897
0.22977772
0.22031379
0.20890743
0.21373339
0.23107748
0.23274878
0.24095199
0.24075432
0.24979255
0.2526156
0.25271633
0.2562906
0.25199828
0.25082996
0.23898579
0.23698685
0.2282747
0.23447415
0.21882452
0.21779914
0.21716252
0.23223042
0.2285373
0.21449965
0.20424688
0.20733087
0.2316928
0.2425378
0.24053639
0.22279136
0.22226013
0.23471223
0.235416
0.23694977
0.2277805
0.23398066
0.22358227
0.21331365
0.21140818
0.21526629
0.22540934
0.22739096
0.22472522
0.21546604
0.20498039
0.21559998
0.22425182
0.2330985
0.22476748
0.22426352
0.23370153
0.24256745
0.25369304
0.23579349
0.23460118
0.22577107
0.22874582
0.21668562
0.22782102
0.22969607
0.24365991
0.23376998
0.2328723
0.2181274
0.21602942
0.21328153
0.23750415
0.2433677
0.25144443
0.22969705
0.2311228
0.23302479
0.23168357
0.21934187
0.21728025
0.22673942
0.22818714
0.23375055
0.21944404
0.23017842
0.21636845
0.22757728
0.21997873
0.22752687
0.21457087
0.212326
0.1923564
0.20816483
0.21078724
0.23484817
0.24529509
0.24925058
0.24582288
0.22858661
0.22375607
0.20921017
0.2071711
0.21651274
0.23349766
0.23973879
0.23486336
0.23403077
0.22468932
0.2186133
0.23145972
0.24363726
0.23691466
0.21705066
0.22251235
0.22455233
0.24191982
0.24236324
0.25362185
0.24081473
0.23014587
0.23228763
0.22718541
0.23333266
0.23407869
0.23110126
0.22182526
0.22578342
0.23569627
0.22897533
0.21690096
0.20873961
0.22019951
0.2255728
0.22517018
0.2237932
0.21686181
0.21448362
0.21298057
0.21586053
0.22597736
0.22180288
0.21995421
0.21696241
0.22105204
0.21316665
0.19367006
0.17829466
0.18443191
0.19558623
0.20848373
0.20128891
0.20012158
0.20213446
0.2110882
0.22778872
0.22661999
0.22301118
0.21473247
0.20464623
0.1997373
0.20671149
0.22147037
0.23102859
0.21225129
0.21404332
0.21291119
0.22674239
0.2155397
0.21261351
0.20169255
0.21739581
0.22174482
0.23333167
0.22816658
0.2276358
0.22411656
0.22209221
0.2158377
0.22731829
0.23800048
0.25917223
0.26366585
0.2647645
0.25032446
0.24435075
0.23769623
0.24718723
0.24780954
0.24034794
0.24055654
0.2285164
0.2491448
0.2375546
0.25281832
0.23958445
0.25217292
0.24618769
0.25438344
0.24839395
0.23984003
0.23205517
0.23013622
0.2314774
0.23525116
0.23398721
0.23357421
0.22951828
0.23910497
0.239662
0.24069801
0.23304255
0.24857278
0.24784192
0.24500373
0.22889884
0.23572496
0.24272643
0.24998195
0.24189225
0.23111886
0.22425042
0.22552302
0.23495722
0.24582875
0.24276988
0.24757355
0.24698634
0.24906649
0.23014538
0.2370367
0.22914279
0.25077298
0.24147753
0.2443339
0.22959128
0.22784616
0.25185207
0.26698604
0.26944286
0.25423226
0.2488268
0.23678541
0.24706599
0.23684785
0.23485164
0.22490816
0.23231466
0.24702588
0.23975672
0.22827876
0.21864946
0.22146147
0.23006436
0.24413839
0.2402669
0.24998438
0.23846635
0.243329
0.245535
0.25653046
0.26614815
0.26419666
0.26755777
0.2611226
0.25649047
0.24542421
0.24397603
0.23529793
0.23220542
0.2244767
0.22410707
0.22381513
0.23600598
0.24248852
0.24878398
0.24604861
0.2521318
0.26306504
0.33585617
0.4693508
0.3535128
0.29566258
0.2707038
0.27111122
0.2669627
0.2666397
0.2632139
0.25095633
0.2595586
0.25984475
0.25691703
0.24735439
0.23663801
0.26180092
0.27390406
0.2859748
0.2665833
0.26943374
0.28247407
0.28476903
0.28761572
0.27676043
0.27881804
0.27005842
0.26219955
0.2528312
0.25424004
0.2425862
0.24068278
0.21853279
0.2224213
0.22924264
0.24201787
0.24838977
0.2465999
0.25387427
0.24301825
0.23013169
0.20974442
0.22608225
0.25366804
0.28312185
0.28432223
0.26999247
0.26966313
0.27074835
0.28200898
0.2777117
0.2780549
0.25812238
0.24359822
0.23402421
0.237116
0.22964025
0.22431521
0.2401067
0.25374997
0.25744668
0.24034667
0.24741942
0.25705492
0.26349214
0.27093667
0.29572597
0.2927381
0.2650593
0.23534018
0.24397916
0.27639696
0.28430957
0.27383664
0.25938913
0.24501997
0.28353426
0.27666053
0.30378124
0.26768923
0.27501127
0.25150865
0.26516473
0.2615239
0.2623034
0.25218418
0.26050842
0.2579764
0.2512973
0.2445144
0.23727743
0.24946593
0.24495359
0.26576966
0.26377913
0.26357117
0.25625524
0.2544603
0.2438368
0.2373967
0.23834318
0.266419
0.2734229
0.27182287
0.2507012
0.25460038
0.2590577
0.2633096
0.24989241
0.25169402
0.25035915
0.25559822
0.2514222
0.25048503
0.24918973
0.24223556
0.24685861
0.23886703
0.2386174
0.22684771
0.24217613
0.2683199
0.27846304
0.286487
0.27086642
0.28266004
0.26753324
0.2808143
0.28883648
0.2975195
0.29579243
0.26870847
0.26471704
0.24421887
0.268291
0.26929
0.27501225
0.2604376
0.26827106
0.26464474
0.2621136
0.24515155
0.2254884
0.23725682
0.25483966
0.28319833
0.26577494
0.25969684
0.27652994
0.27950588
0.28523368
0.287259
0.29016164
0.29105428
0.2841407
0.2912334
0.2866886
0.25225517
0.23801062
0.24574278
0.25623992
0.2587564
0.25681907
0.26231498
0.28003165
0.2802899
0.27726892
0.26037
0.25287974
0.26366755
0.26182052
0.25223663
0.24017331
0.23779935
0.23709603
0.23074841
0.2499819
0.24279125
0.22936657
0.2104415
0.2367226
0.2501189
0.25063974
0.235524
0.24210222
0.2525749
0.24137416
0.23505129
0.24496223
0.2450539
0.24469967
0.23387444
0.24046634
0.23385638
0.22864148
0.22787753
0.23259218
0.21886316
0.22694166
0.2269211
0.24190107
0.24072492
0.24066098
0.23369165
0.228023
0.23110506
0.22192135
0.23282142
0.23164946
0.23807716
0.24408378
0.25371146
0.27037033
0.2550489
0.26577222
0.25471452
0.26120707
0.24302837
0.25037757
0.26219037
0.28154403
0.2931799
0.2824157
0.28056958
0.27265137
0.2653069
0.2654559
0.2874142
0.30044463
0.2819639
0.25873232
0.26219216
0.2715886
0.2721627
0.2738993
0.28926268
0.2937363
0.2726574
0.27107102
0.26589635
0.27495304
0.25447533
0.25660238
0.25797674
0.27104467
0.26771402
0.2730519
0.27014846
0.28240833
0.27789387
0.28370595
0.26945534
0.28399286
0.2857452
0.28936777
0.2828751
0.28810394
0.28997314
0.27412373
0.26618788
0.28106418
0.2880692
0.2854341
0.27548426
0.28073925
0.27191725
0.26801488
0.27292794
0.29487833
0.31056756
0.30915508
0.31212136
0.3219806
0.3323862
0.32846913
0.323596
0.32201308
0.32311428
0.31548974
0.30677024
0.28560746
0.27694634
0.2753065
0.28855875
0.30407977
0.3175041
0.32715005
0.30498815
0.28687233
0.28918144
0.30158532
0.3302563
0.35495982
0.3790841
0.35098004
0.31487188
0.28295505
0.29321358
0.29104823
0.27873126
0.2904163
0.304909
0.3169809
0.291539
0.27912602
0.28001082
0.28530112
0.2959778
0.30502662
0.31227708
0.29990077
0.30229476
0.2951161
0.30746296
0.30502236
0.30536482
0.3711255
0.36167794
0.3782075
0.3130174
0.32137683
0.32700637
0.3159805
0.3075434
0.2890004
0.27973336
0.27846265
0.2668781
0.2872784
0.29188886
0.30442655
0.29140562
0.28829893
0.29157975
0.28525484
0.2970215
0.2827678
0.28382504
0.28162378
0.2985011
0.30383998
0.2927237
0.2856596
0.27480212
0.27550825
0.26304242
0.26970443
0.24708347
0.25980446
0.25748008
0.28106388
0.26827714
0.26526505
0.29457545
0.29172108
0.2986798
0.26379037
0.2689041
0.26026395
0.26249045
0.27062938
0.28333616
0.2883385
0.29015326
0.2825428
0.28968814
0.2737298
0.28309932
0.27277488
0.2816462
0.29372898
0.31351304
0.3498944
0.3338521
0.3271555
0.31778124
0.32542422
0.33652833
0.31977028
0.35564592
0.34457457
0.35586938
0.31027964
0.31705168
0.29749063
0.31177697
0.29193175
0.3101142
0.29409283
0.30265838
0.29123786
0.3102293
0.30991545
0.3210936
0.30993932
0.3215895
0.3192829
0.31347218
0.2969695
0.27374706
0.27471027
0.27133444
0.28058985
0.27806842
0.26904237
0.27311796
0.27961978
0.28143385
0.28004906
0.2797049
0.3037346
0.30131558
0.2896605
0.25966695
0.24274737
0.2727434
0.28567547
0.29549736
0.26089537
0.27185452
0.26895675
0.26855758
0.2542231
0.26185924
0.26780286
0.29343092
0.29480284
0.30781063
0.32506987
0.32787815
0.31170636
0.2672346
0.26356828
0.25420868
0.26162976
0.248352
0.26515085
0.29379052
0.29431933
0.27940223
0.26777053
0.24333654
0.25012526
0.2838299
0.30633307
0.296149
0.31092095
0.25088498
0.25575012
0.2612827
0.2503176
0.2689779
0.27312943
0.26646703
0.30005956
0.26576275
0.28478068
0.26059008
0.24293749
0.24911632
0.25407472
0.25596684
0.2504003
0.24328455
0.2551155
0.2616433
0.25165594
0.24606891
0.24929458
0.24024968
0.25625816
0.2667237
0.26424623
0.2630506
0.2547194
0.25668254
0.263268
0.27757576
0.28917387
0.27404678
0.27912787
0.26176602
0.26339865
0.2636358
0.27137938
0.29536754
0.29795256
0.3126826
0.29924414
0.30687115
0.29933077
0.29854682
0.31165463
0.2972182
0.27506164
0.29469138
0.29409325
0.32798168
0.31572682
0.29364476
0.2907391
0.28211313
0.3045561
0.3204997
0.33720186
0.31244934
0.29734325
0.2861396
0.30226317
0.2854786
0.2865256
0.289683
0.2985375
0.29161343
0.3035522
0.27236077
0.26778898
0.27091205
0.25521612
0.2667772
0.2788309
0.28164044
0.29170042
0.2938025
0.29264802
0.29982045
0.2858206
0.29947835
0.30073565
0.28467086
0.29806328
0.35202628
0.34249777
0.33178702
0.3173675
0.29252788
0.30982363
0.28767952
0.28899947
0.3350633
0.3549805
0.37743652
0.37153476
0.34364438
0.32023916
0.33314458
0.35472193
0.31351605
0.31088132
0.29635525
0.31279463
0.31458628
0.30933133
0.3150419
0.31972402
0.347197
0.35013658
0.33941078
0.32181785
0.33345583
0.33195105
0.3425742
0.31747314
0.31808472
0.31474778
0.33950916
0.3603667
0.37002516
0.37219152
0.38556275
0.36416075
0.32810783
0.3203175
0.27836463
0.26800454
0.2759838
0.2909561
0.29567623
0.3415602
0.35270858
0.33550385
0.32928225
0.30372986
0.300318
0.292999
0.30422693
0.28573874
0.30794212
0.30560553
0.30229482
0.2994825
0.31267083
0.30864874
0.3000067
0.30443147
0.29559252
0.29537195
0.28943285
0.29758772
0.29857048
0.28823963
0.2855166
0.29459044
0.33942643
0.39515692
0.39064693
0.37255472
0.35706687
0.31923243
0.3262884
0.33423167
0.33325908
0.3449657
0.3380235
0.32814708
0.31503323
0.31133336
0.2843861
0.27804437
0.2639601
0.28398418
0.27550521
0.27407312
0.2914845
0.3035163
0.29283932
0.30973303
0.3170543
0.3155663
0.3351746
0.34284586
0.32567614
0.3188795
0.30509195
0.30159473
0.3011645
0.32148513
0.33531287
0.32953832
0.34707654
0.34510657
0.34298146
0.3391335
0.36406142
0.34917587
0.34308234
0.3722561
0.39956087
0.4150275
0.4386299
0.4147361
0.38287196
0.3487596
0.33091858
0.3248197
0.33191863
0.33361363
0.32710347
0.33053383
0.31373227
0.30825952
0.3007738
0.30779693
0.31645322
0.31796065
0.3234688
0.30947042
0.33440873
0.33748022
0.38549498
0.44036272
0.40135542
0.3940787
0.39195734
0.36168683
0.33826602
0.35056406
0.33913225
0.33231696
0.32077116
0.3272699
0.33046982
0.35089886
0.35851324
0.36619437
0.38754225
0.3915598
0.38327903
0.4071456
0.40027112
0.3976331
0.3900752
0.39191845
0.35565016
0.3602134
0.35306197
0.329778
0.31103763
0.33190972
0.31885067
0.32223594
0.33811525
0.35954842
0.34793073
0.3593463
0.36111492
0.34928077
0.33292165
0.33472154
0.38694254
0.37149033
0.3742961
0.36266524
0.35571557
0.34016848
0.2881002
0.28272432
0.28957042
0.29864237
0.30208653
0.3192767
0.34299517
0.34010175
0.32102996
0.3203575
0.31666055
0.31075886
0.2848664
0.30105853
0.34338462
0.35315654
0.34648272
0.3543035
0.37103143
0.4027033
0.37213624
0.36166427
0.35052335
0.3211819
0.30810544
0.27954817
0.2686824
0.27811572
0.27923188
0.27722725
0.28352875
0.29780465
0.29909495
0.31359786
0.32287347
0.32915485
0.35917825
0.36509302
0.37067592
0.3649583
0.35108382
0.35934076
0.36484197
0.35419178
0.34755793
0.3532352
0.35983974
0.38177022
0.3644444
0.35741374
0.356539
0.36811194
0.35042715
0.35993442
0.342525
0.35330832
0.35601145
0.35219976
0.33232215
0.34190634
0.32803977
0.34631577
0.34227374
0.3486655
0.3747101
0.37842494
0.36593625
0.3693054
0.366299
0.38411704
0.38586715
0.3784302
0.39209685
0.41086793
0.42449433
0.41417006
0.39165092
0.39522374
0.3890965
0.4016801
0.41054156
0.39470395
0.38589618
0.4003521
0.39322624
0.4007186
0.38687667
0.37121397
0.38492596
0.40125227
0.41692442
0.43457937
0.46939337
0.51063246
0.5388341
0.5542791
0.52640295
0.5334731
0.48040292
0.44613403
0.45127448
0.44152588
0.45506653
0.42569864
0.44532177
0.50637054
0.49452278
0.48895794
0.49821252
0.49119806
0.49840555
0.48524177
0.43952748
0.44344267
0.45961207
0.44141072
0.46802634
0.47256267
0.48100653
0.48846045
0.50255924
0.46450123
0.4732116
0.45934793
0.45349368
0.46046668
0.47285986
0.4673433
0.46006387
0.49014726
0.51323134
0.53566206
0.52025265
0.5414
0.5603006
0.6052559
0.6173074
0.6839469
0.7543511
0.8034907
0.8046758
0.86516786
0.88479465
0.84109163
0.8453021
0.8186084
0.7748483
0.706587
0.6790176
0.6232535
0.61502624
0.5982319
0.63125896
0.62221783
0.61959726
0.6887056
0.7214514
0.7333542
0.76264036
0.73601377
0.685387
0.68517315
0.6316295
0.5803809
0.5359104
0.5110592
0.48306832
0.4824185
0.44678146
0.4427977
0.45298457
0.4499367
0.4800995
0.4808028
0.5664586
0.5874729
0.6549787
0.71628094
0.74038005
0.7755844
0.8006162
0.8772264
0.93332875
1.0068434
0.9803073
0.91610986
0.916203
0.9244846
0.98711437
0.9913479
0.95755345
0.9266717
0.9638317
1.00403
0.9936382
0.9747907
0.9943181
1.1338618
1.1270864
1.153428
1.1737683
1.0990477
1.1571978
1.1457937
1.1730417
1.0254979
1.0252994
0.9926971
0.9222427
0.8676313
0.8375661
0.83748466
0.8028608
0.76581997
0.77104974
0.77819777
0.80417246
0.77583694
0.758335
0.75438744
0.7428156
0.7698262
0.8042533
0.8122579
0.79933953
0.79254705
0.7885103
0.7870169
0.7870169
0.7870169
0.7870169
0.7870169
0.7870169
0.7870169
0.7870169
0.7870169
0.7870169
0.7870169
0.7870169
0.7870169
0.7870169
0.7870169
0.7870169
