335.29617
118.8601
74.458954
58.549667
49.18076
42.51751
37.238667
32.85968
29.322336
26.161839
23.549568
21.235437
19.248707
17.472786
15.810328
14.475715
13.259305
12.207549
11.150635
10.306049
9.508849
8.784001
8.170386
7.605191
7.117427
6.611797
6.172766
5.7866216
5.416975
5.108536
4.815767
4.52658
4.305665
4.110196
3.8460135
3.6760838
3.4951887
3.3435917
3.1833389
3.059539
2.9390001
2.7907345
2.6682017
2.5799117
2.4847264
2.3952181
2.3144567
2.232481
2.1442525
2.103476
2.0086381
1.939683
1.892439
1.844878
1.7853793
1.7523723
1.6844393
1.6755708
1.6092074
1.5660765
1.5439795
1.5247582
1.4627726
1.4567221
1.4047865
1.3779112
1.3585458
1.3343345
1.2997181
1.2614464
1.2325586
1.2226027
1.2286737
1.1690835
1.1557541
1.136231
1.140546
1.1055335
1.0714476
1.0796654
1.0570575
1.0433699
1.0411634
1.0106056
0.9885508
0.9961814
0.9582937
0.9677844
0.94210875
0.9377872
0.92044216
0.90802467
0.8997171
0.876438
0.8935142
0.85674757
0.8406342
0.84465355
0.84912294
0.84690285
0.82762676
0.8329005
0.82786477
0.7989428
0.7977795
0.79994816
0.79006016
0.7726477
0.7790092
0.7668778
0.76593643
0.7628895
0.74730694
0.7225713
0.71634066
0.75277686
0.7125918
0.7160265
0.70085496
0.7072925
0.70050424
0.6921948
0.68426234
0.6831058
0.692692
0.6694986
0.6682589
0.6667188
0.661841
0.65898395
0.6445909
0.66414976
0.6393799
0.6414843
0.6297235
0.64808697
0.63666093
0.6497517
0.62677485
0.61177886
0.6207493
0.61377186
0.6043366
0.60736513
0.6065285
0.5893575
0.5939546
0.5930582
0.5893407
0.5827373
0.57542574
0.5786892
0.56244564
0.57307166
0.57535356
0.57127523
0.5672205
0.5695501
0.5632848
0.5527257
0.5503533
0.5652281
0.561592
0.5513318
0.54334813
0.53925407
0.54810816
0.5432204
0.5427762
0.55046666
0.5274598
0.53359514
0.52871567
0.5150343
0.5238948
0.5207147
0.5313763
0.51980925
0.51235586
0.51415837
0.5139388
0.51666546
0.53154874
0.50962865
0.5031529
0.5133457
0.5096843
0.50204915
0.50149417
0.49877486
0.49829376
0.49329767
0.48868695
0.49690762
0.50377184
0.48739
0.49962652
0.53087527
0.48195374
0.5048135
0.49876463
0.47459868
0.4869481
0.48061845
0.49393898
0.46773356
0.473719
0.47000313
0.46885514
0.46223974
0.4619814
0.4588909
0.4671135
0.4657618
0.45454288
0.46225694
0.45193046
0.46801972
0.4566512
0.45462188
0.44770935
0.47699657
0.44157165
0.4479445
0.45396805
0.44435504
0.44698492
0.44325835
0.43824896
0.44512048
0.4680904
0.4321876
0.4449176
0.4288062
0.43412092
0.44289553
0.42744675
0.42713174
0.44477803
0.43100134
0.43266383
0.42850506
0.43339783
0.4287977
0.42123836
0.42841327
0.42604813
0.4234378
0.427184
0.4166427
0.41868103
0.41853833
0.41273135
0.43225026
0.41408852
0.41672382
0.42708522
0.41630566
0.42344892
0.4194549
0.41343182
0.40723708
0.41397482
0.41730574
0.41249523
0.40920272
0.41524023
0.41173413
0.417251
0.4115093
0.41830596
0.4096253
0.40070555
0.4081073
0.40367162
0.404451
0.39772415
0.41060486
0.3959176
0.40905002
0.4007808
0.39732537
0.3944907
0.39630204
0.39683855
0.39591074
0.3994733
0.40220684
0.39324605
0.38924852
0.40201452
0.3939926
0.39897606
0.39131713
0.39585778
0.3990961
0.38268885
0.38707337
0.39692542
0.39390227
0.39689183
0.3929465
0.38599777
0.3932708
0.3900306
0.3909164
0.39786014
0.3918703
0.39115652
0.39036748
0.3902188
0.3839659
0.38862938
0.38236505
0.3853305
0.38154063
0.38087252
0.38661513
0.38133174
0.3711986
0.3808929
0.38305607
0.38547972
0.37723112
0.37767452
0.3764411
0.3792866
0.3843961
0.37303922
0.3691215
0.37112537
0.36806068
0.37024325
0.3668363
0.3668752
0.36689866
0.36602134
0.37100747
0.36920312
0.36506277
0.36559263
0.37140718
0.36880708
0.36947283
0.36737975
0.36952344
0.37149844
0.35764948
0.36252645
0.37114027
0.36613697
0.37240323
0.3639152
0.37177622
0.3632435
0.3683384
0.36253706
0.36692816
0.35939124
0.35227704
0.35413238
0.36191207
0.3494161
0.36067754
0.35892412
0.35558587
0.36934417
0.3606688
0.35710198
0.35376742
0.35659856
0.34809163
0.36050564
0.354226
0.3545311
0.36045828
0.3559211
0.3525401
0.35046425
0.3558539
0.35196143
0.35608345
0.34456456
0.34550458
0.34472737
0.34180993
0.3455664
0.3516328
0.3465364
0.34072748
0.3451464
0.34326696
0.3490271
0.34269455
0.35108966
0.3444195
0.33872628
0.3414669
0.3416108
0.3384937
0.33678022
0.34307158
0.3421513
0.3355775
0.34566024
0.3404968
0.34950438
0.3410556
0.3402725
0.33646974
0.34036654
0.33424535
0.33319667
0.33453256
0.3342468
0.33148724
0.3270373
0.3316575
0.33278227
0.33615553
0.3325968
0.3314659
0.3286269
0.32984728
0.33297232
0.32996014
0.33151308
0.32162827
0.32403418
0.32805672
0.33263704
0.3287322
0.32081017
0.32173118
0.32532284
0.31517252
0.32650462
0.32374778
0.32290393
0.32238373
0.33589453
0.3284115
0.3254362
0.3323572
0.32286173
0.32052666
0.3279609
0.32829124
0.31910548
0.3238767
0.3245234
0.31778497
0.32333285
0.31927714
0.3178568
0.32018209
0.31189877
0.32010126
0.3155996
0.3131008
0.313411
0.31241375
0.32948482
0.31467372
0.3145546
0.3091971
0.32401735
0.31489933
0.31387898
0.31264016
0.30654135
0.30702862
0.30566597
0.30731526
0.31178573
0.30927444
0.30596593
0.3083096
0.31065795
0.31263196
0.30481648
0.30271485
0.3112877
0.31354398
0.312189
0.31210813
0.3107853
0.31102368
0.29693595
0.30691916
0.30626354
0.3066926
0.3094073
0.30368537
0.30147564
0.31000367
0.29789102
0.30015466
0.2963328
0.29897597
0.3000117
0.2941273
0.29686326
0.29355863
0.30018285
0.29935667
0.29809543
0.29891184
0.30300155
0.30220988
0.29767403
0.2936642
0.29526296
0.2989932
0.29066718
0.29421648
0.29566678
0.29934236
0.28948534
0.28688598
0.29451624
0.29484546
0.2935556
0.29343823
0.29368922
0.288206
0.29179722
0.29578727
0.28921148
0.29485095
0.29443824
0.29401985
0.29039937
0.29247296
0.2864382
0.2928547
0.28915533
0.28546354
0.28543615
0.28873888
0.28551963
0.28502074
0.2907124
0.2758338
0.2899234
0.28165027
0.28664958
0.27970722
0.28710437
0.29431444
0.28691462
0.28530025
0.28852645
0.283628
0.27828613
0.28089768
0.284184
0.27787808
0.28366855
0.28333792
0.275709
0.28305754
0.27438566
0.27921137
0.28277728
0.2788359
0.27505454
0.28074586
0.27852368
0.27427933
0.27854246
0.27401805
0.2696495
0.27662453
0.273505
0.26872045
0.26581964
0.27757746
0.27008873
0.26787415
0.26712584
0.27029482
0.2660587
0.2669756
0.26601574
0.26053563
0.26733306
0.26936924
0.26560938
0.2649073
0.26615342
0.2631808
0.26320106
0.26547235
0.25665867
0.2635491
0.26140955
0.2650649
0.25494856
0.2599392
0.2618273
0.2565901
0.25527635
0.25704226
0.255743
0.26153213
0.26220837
0.25261056
0.2541024
0.25425473
0.26339307
0.2538007
0.25811034
0.25166076
0.2522161
0.2544018
0.25004026
0.251942
0.25570446
0.25885105
0.25601253
0.26162177
0.24915758
0.2518986
0.24478012
0.24400736
0.24497981
0.24839589
0.24434216
0.24643214
0.24327102
0.24625865
0.23956867
0.24147783
0.24303783
0.24072672
0.24201189
0.23816733
0.23996979
0.24364996
0.24129434
0.23969229
0.23968054
0.24479172
0.2435526
0.2421184
0.23679505
0.23698032
0.23516543
0.24149206
0.23883115
0.2434566
0.23558915
0.23703441
0.23348165
0.2341066
0.24279606
0.23137254
0.2363068
0.23434567
0.2378098
0.24322294
0.23594573
0.22991583
0.23411739
0.23792106
0.23472926
0.23851533
0.22904448
0.23068245
0.23085703
0.23614046
0.232241
0.22558148
0.2322263
0.23032136
0.22907296
0.22546473
0.22811636
0.22605158
0.22709623
0.22586204
0.22948211
0.23172784
0.22290386
0.22263223
0.23046018
0.22103035
0.21816689
0.22278659
0.22596367
0.22318691
0.22336966
0.21987373
0.21754272
0.22659902
0.22549532
0.21984182
0.21914941
0.21556112
0.22153185
0.2243039
0.22115932
0.21873112
0.21342334
0.2261708
0.21936503
0.22089362
0.21909545
0.22304077
0.2180197
0.2200534
0.21407022
0.21591671
0.21225154
0.21532746
0.2120942
0.22170584
0.222949
0.21808045
0.2185053
0.21232517
0.2135544
0.21389754
0.21970001
0.21623342
0.21793482
0.2100516
0.21349789
0.2109676
0.21164139
0.21292417
0.21300317
0.210778
0.22116156
0.21112004
0.20992461
0.2086627
0.20920031
0.20321055
0.21766351
0.21075341
0.2126894
0.21015002
0.20877522
0.20546417
0.20086443
0.20883137
0.20307446
0.2078327
0.20851855
0.19988349
0.20536588
0.19960715
0.20455426
0.20520517
0.197146
0.19591807
0.19745974
0.19136527
0.19792949
0.20037726
0.19998097
0.19664896
0.202473
0.19720629
0.1940331
0.194807
0.19356395
0.19353434
0.19735515
0.19808805
0.19220303
0.19242103
0.19593069
0.1912326
0.19007096
0.19554065
0.1922632
0.19703905
0.19771338
0.19181791
0.19025367
0.19386259
0.19292748
0.19629207
0.19349355
0.18649709
0.185881
0.18648627
0.19706543
0.18527724
0.19514169
0.18554269
0.19337003
0.18898642
0.18031932
0.1889728
0.1851046
0.19031145
0.18687147
0.19100584
0.1881217
0.18248284
0.18451306
0.18672915
0.18685283
0.18556078
0.17880844
0.18118288
0.18770315
0.18089639
0.18663591
0.18427257
0.18208139
0.17939629
0.18023288
0.17833863
0.1795491
0.1772796
0.1781707
0.17465265
0.17496897
0.17492367
0.17716382
0.17464343
0.1744415
0.17571127
0.17425954
0.17958853
0.173834
0.1734325
0.17595476
0.1705834
0.17724654
0.1710272
0.16826619
0.17139174
0.1712159
0.17016831
0.1717803
0.16845775
0.16908708
0.17701745
0.17139293
0.17188932
0.1703528
0.16494842
0.16925626
0.16802654
0.1651432
0.16561337
0.16532741
0.16920525
0.16464674
0.16396517
0.16521247
0.16302882
0.16686098
0.15929465
0.16358739
0.16065916
0.1622171
0.16009606
0.15673567
0.16084777
0.15900132
0.16485763
0.1606397
0.16094206
0.16260615
0.16569504
0.16902602
0.1560129
0.15890437
0.15709773
0.1614949
0.15551724
0.15885705
0.15431185
0.15632369
0.1595759
0.16564752
0.15946974
0.15671675
0.1611582
0.15765327
0.16535553
0.15369835
0.15595089
0.15977216
0.1599716
0.15631622
0.15503664
0.15462746
0.1576404
0.15896635
0.1610066
0.16174725
0.15364666
0.15942179
0.15881418
0.15664461
0.1565764
0.16028662
0.1660866
0.15798683
0.15480866
0.15192737
0.15412612
0.15359819
0.14755046
0.15318935
0.15373744
0.15490006
0.15278064
0.15358344
0.15993705
0.1524861
0.15512387
0.15614317
0.14696397
0.15176158
0.14904492
0.14898345
0.15382378
0.14854048
0.15636244
0.14913961
0.15179522
0.14682105
0.14801091
0.14849739
0.14448124
0.14853173
0.14895192
0.14856054
0.15028608
0.14916185
0.14952765
0.15458247
0.14558257
0.1459026
0.14496605
0.14414822
0.14813311
0.14620945
0.15185596
0.14967242
0.1398063
0.14207898
0.14070286
0.14476588
0.14330173
0.15041333
0.14642042
0.14513297
0.1384563
0.1426343
0.14701088
0.14259692
0.1417145
0.14342703
0.14042643
0.1522107
0.13893838
0.14483988
0.14206867
0.14222248
0.14366478
0.14237455
0.14272197
0.14536494
0.13912408
0.1421378
0.14641963
0.14154278
0.1405297
0.1413004
0.1452884
0.14010239
0.1382836
0.14310636
0.14153348
0.14211133
0.14101942
0.13705216
0.14385527
0.13594772
0.13594161
0.13818029
0.14032094
0.14205012
0.1364819
0.1349774
0.14292009
0.14002071
0.13591363
0.14088497
0.13877402
0.13895097
0.13759102
0.13959733
0.1374132
0.13814597
0.14224789
0.13981158
0.14094289
0.13605899
0.1351246
0.13364087
0.14148216
0.13550903
0.1385578
0.13646106
0.14082727
0.12964779
0.13634579
0.13135678
0.14013673
0.13487387
0.13262513
0.13276096
0.13398555
0.13709465
0.1386568
0.13668525
0.13910656
0.13318573
0.12961583
0.13339078
0.13658163
0.13234082
0.13443772
0.12976702
0.1328216
0.12954171
0.13131721
0.1317064
0.12844193
0.12507018
0.13197027
0.1286793
0.13387981
0.129068
0.13219959
0.13500553
0.13458887
0.1338321
0.12572518
0.13401973
0.13860963
0.13229018
0.13438581
0.13045238
0.1232368
0.12972993
0.13277224
0.13290577
0.12876712
0.13067909
0.13241412
0.13318197
0.13345525
0.12830071
0.1306481
0.12739612
0.12828131
0.12904707
0.13116457
0.12790968
0.13435158
0.12628277
0.12336558
0.12686951
0.12952594
0.12652674
0.12021036
0.12720497
0.122891545
0.12745641
0.12746432
0.1236164
0.12752484
0.12117568
0.13129513
0.12606831
0.12211473
0.1292938
0.12503365
0.12594698
0.12877743
0.12517223
0.12747444
0.12837869
0.12316441
0.12562753
0.1230949
0.122396015
0.12472528
0.123264186
0.12179197
0.12380537
0.123390935
0.12012726
0.11435169
0.121644005
0.122916274
0.12075523
0.11798242
0.1197113
0.11944753
0.12121106
0.11930724
0.11891135
0.1139066
0.11888367
0.12048375
0.11911832
0.12012682
0.121201426
0.121852495
0.11990452
0.118681505
0.11717999
0.118694074
0.11619517
0.117219046
0.12312817
0.11918443
0.11857073
0.116598435
0.1191252
0.11926732
0.115831956
0.121389255
0.11787738
0.115534335
0.11662065
0.114129126
0.119378686
0.11683224
0.115451425
0.11633299
0.120287865
0.11471386
0.11661337
0.1130104
0.11764759
0.11498032
0.11265744
0.11340431
0.11495146
0.12251893
0.11859624
0.113493204
0.11685541
0.11143498
0.114724524
0.11263114
0.11647808
0.113888204
0.117356464
0.11641746
0.11670156
0.11895324
0.11111125
0.11601282
0.11722238
0.11604041
0.1156537
0.115626276
0.11290742
0.11471875
0.112184584
0.113212936
0.11084934
0.11089835
0.11258514
0.11017821
0.111687295
0.111424044
0.11359913
0.112183146
0.10814409
0.10933192
0.114815794
0.11138944
0.10779401
0.10936123
0.1116514
0.10777744
0.10733309
0.1117131
0.10586682
0.1102067
0.11053888
0.10931324
0.110180184
0.11242452
0.104730114
0.10451634
0.10873732
0.11842581
0.10816884
0.10358816
0.11214545
0.11142164
0.10916349
0.10665653
0.108152255
0.11196868
0.14680952
0.106232174
0.1066856
0.11057942
0.10254198
0.11247258
0.10663939
0.10507252
0.10263333
0.10434369
0.1067406
0.10495803
0.11108386
0.101721264
0.10438631
0.10421551
0.10564134
0.103667594
0.10459279
0.10121576
0.10560248
0.10646664
0.102090426
0.1029511
0.102291346
0.105329275
0.09673394
0.10286005
0.104150854
0.10463139
0.104037024
0.09884175
0.10225851
0.09868632
0.10000666
0.099962115
0.09868669
0.09991047
0.106818736
0.10055156
0.099055335
0.09829777
0.09813506
0.1032754
0.0963404
0.10157299
0.09740764
0.09794138
0.0985161
0.10149397
0.09962538
0.097745225
0.09681769
0.100517325
0.095943555
0.10190745
0.095996864
0.09473195
0.094079
0.09556129
0.097838044
0.10037643
0.09635718
0.099210694
0.093539305
0.10033298
0.0959772
0.09274736
0.09890767
0.09798138
0.09238422
0.094585635
0.093154974
0.10205089
0.09333319
0.10700175
0.097602546
0.09009407
0.09105237
0.0964709
0.09471126
0.09571204
0.09489644
0.09449847
0.09331741
0.09614814
0.09317208
0.091002606
0.08970146
0.09566562
0.09750646
0.09027006
0.0970499
0.090766005
0.095235385
0.09341079
0.09579569
0.095552914
0.09311092
0.09510826
0.09485733
0.09271784
0.09095455
0.0923641
0.08998082
0.093955375
0.09240617
0.09628958
0.09292582
0.092474334
0.09122645
0.0958695
0.0945399
0.090711296
0.092747934
0.08979636
0.09251345
0.09665318
0.08971463
0.09710069
0.087018535
0.09471061
0.090625525
0.089481406
0.09451438
0.09040271
0.09353184
0.09439742
0.08902471
0.091484085
0.087908424
0.0877967
0.08752741
0.09274055
0.08883523
0.08694319
0.09071341
0.08868726
0.08883792
0.0887931
0.09131713
0.08533247
0.087103106
0.08636272
0.08814266
0.087706074
0.088386394
0.09251331
0.08538063
0.08671835
0.09369282
0.086779185
0.083624974
0.08790601
0.089853056
0.08502432
0.087013274
0.08500442
0.08094283
0.08717951
0.085113205
0.08844384
0.08383698
0.08796378
0.08750962
0.08559757
0.08450366
0.08439947
0.08577332
0.084206074
0.086301714
0.08549867
0.08511386
0.0844285
0.082250856
0.085506804
0.08783254
0.08153729
0.085401766
0.08799956
0.082268685
0.083470315
0.08160216
0.08330308
0.08025344
0.078795046
0.08383615
0.08231057
0.0838624
0.08245707
0.09097796
0.08942186
0.083142176
0.08028654
0.083204575
0.090793386
0.08094554
0.08721108
0.08440492
0.07967924
0.084147125
0.0819023
0.086238325
0.08016419
0.078677654
0.08177104
0.08194967
0.081517644
0.077966906
0.081134275
0.079235196
0.08242713
0.0799477
0.07955849
0.08572501
0.074878775
0.08191354
0.079271354
0.08096255
0.08533198
0.08018289
0.0790604
0.08086356
0.07918417
0.079154715
0.08064171
0.07735365
0.07798453
0.07782541
0.084126264
0.07907848
0.07631898
0.075366765
0.07844604
0.08051528
0.07905944
0.07983881
0.08011212
0.07972689
0.07833068
0.0791399
0.07767704
0.07850088
0.07733816
0.079232186
0.07902745
0.07829925
0.07880351
0.083012156
0.07693499
0.07868494
0.08050951
0.08091757
0.07777273
0.080915876
0.0788273
0.07847953
0.07464389
0.079492755
0.07417977
0.0783059
0.08193858
0.07814771
0.074996024
0.078780636
0.07762255
0.07852283
0.07927323
0.08066538
0.08056052
0.07550523
0.0724016
0.07460277
0.07782872
0.077957526
0.07542748
0.077096045
0.07733558
0.077306405
0.0794266
0.074206
0.07399228
0.07738212
0.07928838
0.07676882
0.077093884
0.07940407
0.07856201
0.07487455
0.079358056
0.07730354
0.0789513
0.07925934
0.07963287
0.08017182
0.07878717
0.07636829
0.07962039
0.076720975
0.076332614
0.08328095
0.079824574
0.07838182
0.07608365
0.07495256
0.075630054
0.075835995
0.079285145
0.07347814
0.0770041
0.076437436
0.08223792
0.0742562
0.07491291
0.074842915
0.07527174
0.0774417
0.07322785
0.07731097
0.07414302
0.076761305
0.07487565
0.0785323
0.07620484
0.07619588
0.07590344
0.07554038
0.072636925
0.074220136
0.0743493
0.07002032
0.07139949
0.07856789
0.07260295
0.07462017
0.07687489
0.073411204
0.07604033
0.07341552
0.07353818
0.07479155
0.07916687
0.076429024
0.072979696
0.07240423
0.0693438
0.07155155
0.07628282
0.07011933
0.07160107
0.07146291
0.07332139
0.06661813
0.07010376
0.0761504
0.07070768
0.06990256
0.06807921
0.07352668
0.06999823
0.07313553
0.07076568
0.07392367
0.07400716
0.06722675
0.06866246
0.06876141
0.07379681
0.071496084
0.088303484
0.07126493
0.06916105
0.0713708
0.06939319
0.0707272
0.07080151
0.074611984
0.06961867
0.06676316
0.0700532
0.06982934
0.06746187
0.07439881
0.07000288
0.07331303
0.06760897
0.06673121
0.07173905
0.06796397
0.06869324
0.069442905
0.06799631
0.0678181
0.06546254
0.06688584
0.06735879
0.06609227
0.06613609
0.06693477
0.06773195
0.0663155
0.0669462
0.07199576
0.07051645
0.068285964
0.070282556
0.06874036
0.07081652
0.06626164
0.06861628
0.06720587
0.066250905
0.07054753
0.0654467
0.07083045
0.068814546
0.06584406
0.07040607
0.0675933
0.06677261
0.06773722
0.0655017
0.069715686
0.06707817
0.060711253
0.06571952
0.0668047
0.0644307
0.06611377
0.06693417
0.064658195
0.067241244
0.06629487
0.06685297
0.06764341
0.06597307
0.06431513
0.06342813
0.06542704
0.06983572
0.06759216
0.065782554
0.07124746
0.067149855
0.07108195
0.06612342
0.06387972
0.06926517
0.061604936
0.06765463
0.06395009
0.06393603
0.0698015
0.06491672
0.06891476
0.066432506
0.068129174
0.06719877
0.06687482
0.06815009
0.065399006
0.06671912
0.06887866
0.06658827
0.06519278
0.06880099
0.061597086
0.06975231
0.06789598
0.066585355
0.06909591
0.065748945
0.0664507
0.06212173
0.069145754
0.063163094
0.0666225
0.066461965
0.06641691
0.06357425
0.06684275
0.06831479
0.066077985
0.063974634
0.062422693
0.064201884
0.06554949
0.06182299
0.06574841
0.06449931
0.062638775
0.06722241
0.06525649
0.060060922
0.06733659
0.06450411
0.06282492
0.0636156
0.06064895
0.06662859
0.06437748
0.0650752
0.06772131
0.06026159
0.06493388
0.06454197
0.06426299
0.06361624
0.068344
0.06923555
0.07145231
0.065063044
0.065373845
0.06655634
0.069772504
0.06559985
0.066213995
0.06256587
0.063783824
0.06683576
0.066102356
0.065443605
0.06347051
0.061286855
0.06312096
0.06349787
0.066896796
0.057946652
0.06373586
0.06352336
0.06731558
0.063611716
0.061263278
0.06857244
0.05423881
0.062328547
0.06094995
0.06401738
0.06291307
0.06003833
0.06362587
0.057668332
0.06304099
0.0629336
0.05862379
0.062211722
0.060271893
0.06100918
0.06437466
0.06276343
0.065453805
0.061962385
0.062963404
0.06484305
0.06392233
0.06949256
0.060393944
0.062974036
0.064614736
0.061426505
0.061862577
0.061170366
0.063367344
0.06289354
0.06320059
0.06327668
0.066121325
0.06004232
0.0619519
0.065077685
0.0588063
0.063315324
0.06389475
0.061876252
0.06595173
0.062468547
0.06377975
0.063860424
0.06315839
0.06732972
0.06428245
0.06437833
0.057043407
0.06503329
0.060959805
0.05824915
0.06070559
0.062143687
0.060040504
0.058715604
0.06506624
0.06190219
0.058767293
0.063992076
0.059935946
0.06272849
0.05919904
0.061466787
0.06034153
0.06408257
0.061372597
0.0627545
0.06074493
0.06269878
0.062492903
0.063567765
0.058462538
0.060494926
0.060006227
0.06444074
0.05929933
0.059942253
0.061709322
0.058693517
0.06122062
0.061084323
0.059425324
0.05698098
0.062336933
0.063213594
0.068295375
0.061542787
0.060505617
0.063170075
0.05706268
0.0646681
0.063600995
0.05944004
0.06379287
0.059727937
0.061724428
0.05835211
0.06143265
0.059587892
0.06383048
0.06196534
0.059964165
0.061604217
0.061601922
0.059444185
0.06137787
0.060385432
0.062343832
0.065897994
0.059273567
0.06635193
0.057262734
0.058076568
0.05958211
0.058189392
0.057362415
0.06156505
0.063887194
0.0620806
0.06376717
0.05793006
0.056851685
0.059239764
0.06145022
0.05955384
0.058440633
0.060705196
0.057465076
0.06199386
0.061527785
0.06529999
0.0637687
0.06157301
0.058788933
0.060913038
0.059016503
0.058273412
0.06715139
0.057379723
0.05758131
0.061423153
0.058065828
0.059454497
0.05596448
0.06194457
0.0625936
0.055345874
0.06472256
0.05498174
0.057292275
0.05765876
0.05698333
0.05820483
0.0594913
0.060953874
0.06140582
0.059135277
0.058262154
0.05665334
0.058894116
0.061863724
0.05722583
0.0644568
0.058318228
0.055640128
0.058859274
0.0587834
0.06006541
0.054512993
0.05544989
0.0648771
0.056715406
0.055871688
0.05900881
0.058464404
0.060004447
0.060184803
0.060030222
0.05895824
0.06099557
0.05511935
0.055687163
0.05794375
0.061118122
0.056395575
0.058768213
0.05840029
0.057786226
0.059580192
0.055886976
0.05718026
0.0618685
0.058113426
0.057235997
0.056944296
0.05858971
0.05820509
0.055061497
0.05710966
0.058583744
0.054979075
0.060997132
0.058676794
0.05351595
0.058860045
0.056842778
0.05764016
0.062486373
0.057724204
0.055302
0.061669234
0.056623824
0.056907192
0.05812321
0.062667586
0.054531254
0.06381306
0.05815355
0.05483448
0.05684829
0.060222346
0.05499616
0.05482502
0.05669377
0.05557053
0.053510256
0.05421638
0.05781343
0.05667733
0.05798006
0.058557395
0.059660744
0.05643768
0.055691835
0.05387451
0.055275664
0.055694893
0.057020787
0.055975076
0.058239125
0.05299242
0.053893633
0.056847937
0.05507638
0.05550775
0.05911573
0.058378357
0.05540995
0.057875637
0.05715324
0.057965025
0.057670206
0.05848133
0.056855682
0.060644023
0.057960868
0.05403274
0.051936563
0.06108278
0.05183597
0.0612498
0.054050624
0.058290854
0.063356236
0.059743926
0.055693824
0.057956576
0.056650907
0.05157416
0.053237673
0.058306772
0.054364245
0.05548575
0.059019122
0.057808463
0.05420111
0.055699285
0.059187192
0.05396988
0.053095877
0.055416584
0.05748655
0.05496924
0.06256997
0.05659517
0.054707844
0.05930083
0.05859044
0.05534585
0.058820575
0.052592903
0.058292445
0.05349324
0.0535659
0.05508879
0.054794908
0.0546252
0.051171865
0.05411659
0.0499881
0.054109003
0.05928596
0.05515172
0.051451843
0.053411286
0.053014316
0.051886894
0.052874558
0.05169748
0.058195338
0.053412717
0.054741576
0.05293933
0.053689174
0.052845147
0.04987605
0.05596255
0.05413966
0.055880964
0.05399919
0.054135315
0.052736092
0.054396775
0.055110168
0.052363563
0.052178945
0.05606281
0.05369461
0.05070544
0.058308143
0.05860815
0.05191065
0.049560424
0.052394662
0.054476
0.053439144
0.057942122
0.053345032
0.053920016
0.048623584
0.05812477
0.058603406
0.053128075
0.05239569
0.050859716
0.05499094
0.051965147
0.052950308
0.052417375
0.06161437
0.05362707
0.05299744
0.052911587
0.05262294
0.05462515
0.05029599
0.052761868
0.05379133
0.056167338
0.056507375
0.053511508
0.053874876
0.057686158
0.05776443
0.05422609
0.05579769
0.05576427
0.054166727
0.050740667
0.056043264
0.056066845
0.056085642
0.05110473
0.051131837
0.050142854
0.05365546
0.05013094
0.05030114
0.052687272
0.051338043
0.05493397
0.052793387
0.05028046
0.04843138
0.055444177
0.053375144
0.051202632
0.057512987
0.051650856
0.052045237
0.053416558
0.054820202
0.051326446
0.050973468
0.05412918
0.057160117
0.050388932
0.052478347
0.055271644
0.05168337
0.05179199
0.05247621
0.05070506
0.056624368
0.054505665
0.050674878
0.052904736
0.05499157
0.05620301
0.053119816
0.05219024
0.053114392
0.05256866
0.05293833
0.051061988
0.05144866
0.051487513
0.048507456
0.051869202
0.052078515
0.051679365
0.053475574
0.05208737
0.051217023
0.057079367
0.049784776
0.05608451
0.051997535
0.05331377
0.046211045
0.051464807
0.047214128
0.05119521
0.051547114
0.050033517
0.049218073
0.05441538
0.050024822
0.0517632
0.051796604
0.05268561
0.049619846
0.046717938
0.05376385
0.05390131
0.05736997
0.050340123
0.05233202
0.050432473
0.048220474
0.051431544
0.049449436
0.04956628
0.051941004
0.0515571
0.05256684
0.051743474
0.049570154
0.05507485
0.051495556
0.052295048
0.057803947
0.049380384
0.05242917
0.048262995
0.054194193
0.05225438
0.050646793
0.051189024
0.05147832
0.052956764
0.05224089
0.049851775
0.052239567
0.05199118
0.050793555
0.048206896
0.052589536
0.046694845
0.053648483
0.05295767
0.048964728
0.054661572
0.054622214
0.052077137
0.052199747
0.049653642
0.053710327
0.04903942
0.05853234
0.0515288
0.051715545
0.051299226
0.04811804
0.05155759
0.058139797
0.050794333
0.053335965
0.05446836
0.05300012
0.050666768
0.054745764
0.050512575
0.052251287
0.04984754
0.05583997
0.050104603
0.055425256
0.05406887
0.053566214
0.04950665
0.050187852
0.048893083
0.052342925
0.052070733
0.05429719
0.050121933
0.0521076
0.05476636
0.056630217
0.051570166
0.056323994
0.053879894
0.05021395
0.053707805
0.05465274
0.056446116
0.055274017
0.054266848
0.053220633
0.05398572
0.054312408
0.05485397
0.055078227
0.05034324
0.05350274
0.054535083
0.054994814
0.051586587
0.050805207
0.051285654
0.053978503
0.050036848
0.054723285
0.05132204
0.052113432
0.04632247
0.047929667
0.047470324
0.0560832
0.05404487
0.05243702
0.053090885
0.050393056
0.052110862
0.050353616
0.053689197
0.053523056
0.052979164
0.05082355
0.049105868
0.05288001
0.048815046
0.050957967
0.05534371
0.052651834
0.049290944
0.04985421
0.049825426
0.05040591
0.051610194
0.051717844
0.04667527
0.053216163
0.05112903
0.0527864
0.058819238
0.05502088
0.053535897
0.049440235
0.052955557
0.053329773
0.05687247
0.049087815
0.0541424
0.048757352
0.04949577
0.053250838
0.05162061
0.055508383
0.049784303
0.053046726
0.057745777
0.050715357
0.050174065
0.051367417
0.052491523
0.051976644
0.052457236
0.053473953
0.053145405
0.05234885
0.05855592
0.051703036
0.04982791
0.05136804
0.05429191
0.049811978
0.04792311
0.05316401
0.051156595
0.053498056
0.05118441
0.05141356
0.048558027
0.048969645
0.04686064
0.05040614
0.047455322
0.04937784
0.051971555
0.048999757
0.047095057
0.046675026
0.0493925
0.050987534
0.047269404
0.04936039
0.049426794
0.05284113
0.052221037
0.055582583
0.05257066
0.049636908
0.050664634
0.048058286
0.051945955
0.051479235
0.04858035
0.05244186
0.05014489
0.05279491
0.05416508
0.050183713
0.048818447
0.0496983
0.053383213
0.048238605
0.046277817
0.046857312
0.05644708
0.050072283
0.049108468
0.048009157
0.04445605
0.051603146
0.052827135
0.048261967
0.047641084
0.04959857
0.051864233
0.052162666
0.053678703
0.048651125
0.05348748
0.049956877
0.053508136
0.053026706
0.047933847
0.0492368
0.05664693
0.049469687
0.048592854
0.051955655
0.049137358
0.049065467
0.050794497
0.048169836
0.049087
0.04925624
0.051295985
0.045694325
0.055723477
0.04959474
0.046750363
0.049563125
0.05025034
0.056002837
0.05257551
0.046771143
0.05083087
0.048841756
0.047635954
0.05140717
0.048122037
0.0501516
0.05077193
0.05018706
0.049879454
0.049061336
0.048952475
0.048844352
0.049264938
0.04732504
0.054009855
0.049098104
0.04804875
0.04709335
0.049174707
0.052806046
0.052060656
0.05048977
0.046588685
0.049812503
0.0518796
0.05169173
0.05385802
0.04739716
0.05395209
0.045854554
0.048377726
0.051491927
0.04752841
0.051778153
0.049917176
0.051904842
0.05095705
0.056603264
0.05157015
0.052545875
0.050812475
0.0508284
0.051143985
0.051876813
0.054456767
0.050755262
0.053584155
0.0532696
0.049479313
0.050506882
0.052659083
0.05082776
0.050782267
0.04906972
0.057043258
0.05165486
0.051343594
0.05898187
0.05648271
0.04921731
0.049029276
0.05027346
0.054852847
0.053421244
0.04864206
0.047994833
0.051523462
0.05197608
0.053870987
0.055209685
0.059025533
0.061579634
0.05336205
0.060630165
0.060282394
0.06420831
0.06046712
0.06148695
0.06432293
0.06971587
0.07100286
0.066928595
0.077768244
0.0820313
0.0771827
0.08117003
0.07679571
0.07687294
0.07035078
0.06802106
0.076051965
0.073151454
0.06934191
0.06769284
0.06492427
0.056817666
0.056952223
0.05420661
0.0538474
0.0585026
0.048418257
0.05425675
0.050141245
0.054371364
0.050487235
0.054548193
0.06169124
0.04928898
0.04921205
0.053660776
0.05404509
0.050742388
0.04616616
0.050450046
0.049779695
0.047556214
0.049822785
0.04917193
0.052654717
0.046449058
0.04762461
0.04914017
0.05178929
0.048695955
0.048096273
0.051744133
0.04861446
0.049559884
0.050029505
0.049607616
0.051174056
0.05035136
0.050121617
0.047068346
0.04822016
0.050641775
0.048671708
0.048156887
0.049658928
0.051050283
0.048541855
0.05062607
0.050382562
0.051606834
0.04947373
0.04780775
0.046696804
0.05104501
0.05635563
0.05052733
0.04823282
0.050755095
0.046698336
0.048756845
0.050581045
0.047880743
0.05045731
0.050807502
0.047568366
0.051046662
0.048635293
0.051222216
0.050220225
0.050958138
0.050279308
0.05040117
0.046675783
0.05094952
0.05339403
0.051789388
0.05117313
0.04663838
0.04943384
0.052876435
0.050213747
0.047686484
0.051838648
0.05067202
0.050574664
0.049457073
0.046633124
0.047053732
0.045665275
0.04529611
0.046106435
0.048130006
0.048996404
0.04688025
0.04925307
0.055210844
0.046760343
0.047843423
0.045950215
0.045323882
0.04651618
0.05203678
0.045922257
0.049655046
0.048065986
0.043627486
0.046915103
0.050000824
0.04904173
0.04558542
0.051315125
0.04975907
0.04885249
0.047351334
0.053214394
0.045986116
0.046151865
0.04786438
0.0498052
0.050541416
0.04981265
0.047957875
0.044951804
0.044382237
0.047835216
0.045859188
0.04501043
0.04539366
0.047650434
0.047251254
0.044897467
0.04413381
0.04141352
0.04972054
0.043832935
0.047200203
0.044886287
0.046707038
0.054212548
0.048408855
0.048339054
0.042847052
0.044353634
0.049126975
0.05032517
0.047202777
0.050713815
0.048716668
0.04645211
0.045937397
0.042354904
0.045787383
0.046057675
0.050111316
0.0462197
0.04679192
0.05194008
0.045708757
0.04447698
0.046594337
0.044399623
0.04368957
0.048325945
0.04438391
0.04837457
0.045267344
0.04597205
0.047573198
0.0456708
0.04902852
0.044950634
0.04545741
0.047306154
0.052939776
0.04872866
0.044745885
0.04459351
0.046488285
0.04017196
0.047565304
0.046144955
0.0455352
0.05009243
0.04407597
0.046677712
0.048284497
0.04399686
0.04761249
0.04678168
0.04318797
0.0445677
0.04838238
0.04533086
0.042143896
0.042399164
0.0473786
0.047705002
0.048521202
0.046710078
0.04565358
0.045461945
0.04706095
0.045581415
0.047425993
0.04424134
0.052509572
0.042852707
0.052038457
0.04480118
0.0413316
0.046761893
0.046552368
0.049260743
0.04586642
0.044500943
0.04493492
0.049412176
0.04295911
0.04702832
0.047728013
0.046241343
0.04484618
0.046988364
0.045503546
0.042942513
0.04705529
0.044161286
0.045881744
0.045678206
0.04372593
0.046980076
0.045536995
0.046003994
0.047485482
0.04416583
0.040518556
0.043402415
0.043536473
0.04363135
0.0430907
0.046425775
0.0452418
0.04622877
0.048581187
0.04534993
0.044173088
0.045203287
0.054663006
0.04405138
0.04886246
0.045973442
0.049865954
0.047037497
0.046122093
0.047847454
0.04832506
0.04932176
0.044885524
0.048305172
0.04693619
0.045465365
0.04678602
0.04282466
0.048386283
0.046918537
0.053928975
0.046347275
0.048439395
0.04908615
0.041553475
0.046128325
0.0460588
0.044223905
0.047563296
0.048340432
0.050679795
0.048091065
0.042213973
0.04699538
0.045028355
0.045119878
0.045090605
0.049149163
0.04945878
0.04420764
0.048274383
0.045155913
0.04217391
0.04956718
0.0446824
0.0462054
0.04597473
0.045425065
0.043504324
0.046867933
0.04821214
0.046096127
0.047480077
0.04749052
0.04191972
0.041884016
0.049034316
0.05167595
0.041359134
0.043901518
0.047166407
0.043222338
0.051131558
0.044027217
0.050156377
0.04831917
0.04656114
0.0485412
0.045825098
0.046475843
0.048529044
0.043474898
0.04912662
0.04678213
0.049393747
0.043451153
0.042853523
0.044099197
0.04681148
0.04372643
0.046936885
0.046386074
0.051063616
0.044543013
0.055439334
0.04510233
0.04483646
0.046611123
0.04570733
0.04880496
0.04643427
0.04695417
0.046297267
0.04757308
0.048279364
0.047951337
0.05408018
0.043875046
0.04133879
0.043345794
0.049557336
0.04540101
0.04882462
0.046431612
0.048482917
0.04381615
0.05158189
0.049687497
0.050385617
0.0476012
0.049597777
0.0431234
0.047643922
0.04437175
0.052330304
0.04497004
0.05028151
0.04762059
0.047010183
0.049853414
0.04809111
0.051640622
0.048337325
0.048336856
0.044879884
0.057956614
0.050443
0.05209281
0.04745003
0.044967785
0.04688779
0.04617197
0.05012152
0.044952203
0.048420306
0.04814502
0.04614702
0.047805026
0.04437042
0.045236953
0.050976995
0.04810224
0.045619693
0.049300123
0.053828806
0.053605147
0.044243954
0.043419097
0.046939332
0.049768995
0.047965795
0.04536794
0.049912486
0.052014805
0.045305558
0.051232494
0.04459873
0.046034236
0.056012183
0.048433423
0.047431566
0.04823587
0.045461603
0.045240987
0.0573369
0.05288358
0.04951503
0.04712634
0.052856095
0.048883587
0.047712155
0.058310896
0.05397532
0.046140753
0.046357755
0.050282564
0.050099492
0.047734506
0.050409287
0.049691737
0.047532406
0.04928379
0.04685766
0.045260545
0.04672237
0.0506612
0.049417164
0.04808902
0.046516456
0.04580605
0.04701153
0.046572134
0.049070533
0.0519793
0.049441233
0.05638631
0.047966402
0.049890902
0.04842151
0.048856907
0.04895641
0.049292743
0.047736596
0.04691338
0.05021879
0.051643513
0.043429963
0.04214363
0.045848303
0.043745168
0.04412693
0.045204803
0.04272055
0.046907738
0.048112575
0.048649907
0.041199435
0.046208814
0.04883279
0.0478844
0.047205266
0.04383733
0.046105925
0.045762654
0.049990855
0.049781844
0.045667972
0.04719356
0.044472706
0.04655607
0.04760142
0.04861521
0.04574354
0.046033997
0.046884615
0.04779671
0.049151693
0.043003123
0.043962937
0.047825072
0.04584044
0.046520296
0.048692
0.051818714
0.047004517
0.047134593
0.04441
0.047507413
0.04529097
0.045806378
0.048090596
0.043994028
0.050752778
0.04881653
0.044184674
0.043644752
0.046159256
0.04323515
0.05257301
0.044711262
0.05070789
0.04508967
0.043070175
0.045664858
0.045868807
0.050402604
0.046400435
0.046277672
0.044892535
0.04640051
0.044409394
0.046379935
0.04417118
0.042986386
0.044868894
0.046352975
0.055133957
0.044534024
0.048455976
0.046505306
0.044693165
0.04532104
0.048464973
0.04825261
0.048044123
0.048006494
0.05497312
0.04908206
0.04661248
0.047448095
0.04974111
0.057111338
0.05184329
0.046449665
0.043020464
0.04707357
0.044437815
0.044854276
0.047711782
0.04689171
0.046182595
0.047242355
0.04460574
0.044682425
0.04202029
0.0467681
0.048306227
0.04446945
0.04727526
0.04838571
0.04670759
0.049548242
0.048047002
0.04289733
0.046923995
0.045487415
0.0489885
0.048029173
0.044130962
0.045181252
0.04469927
0.043191142
0.04642897
0.047291055
0.042962246
0.048688516
0.04991453
0.045438617
0.044048857
0.043598715
0.04581016
0.042324603
0.046968408
0.04271511
0.042413507
0.047844797
0.049322654
0.042626128
0.048042405
0.044655085
0.046621025
0.043706197
0.050416395
0.04820854
0.045772303
0.049963675
0.044856913
0.04778978
0.04525142
0.045418482
0.04721671
0.042741038
0.044144206
0.05264545
0.04714455
0.0472036
0.04755552
0.04424082
0.04774078
0.047839664
0.047810845
0.044153567
0.04626841
0.050278004
0.04793675
0.04469003
0.045591727
0.04711548
0.04441677
0.04515199
0.04490276
0.043529462
0.044422783
0.045484304
0.043257046
0.04343506
0.045897126
0.045404136
0.045559134
0.048014797
0.045117386
0.052334443
0.046379875
0.047631882
0.04490456
0.046277415
0.046332624
0.047995415
0.04554842
0.046647258
0.046250414
0.04930073
0.04890252
0.04697401
0.04794015
0.053352203
0.046890274
0.048422344
0.043524597
0.04980633
0.046589002
0.047585655
0.05011938
0.045671005
0.047951937
0.047093865
0.044841252
0.045067538
0.0473628
0.043503955
0.049533937
0.04782783
0.045999706
0.047490444
0.043640573
0.046498753
0.048241377
0.04668706
0.049635954
0.043033738
0.046311267
0.050007723
0.047042605
0.045841526
0.045112304
0.044623688
0.044497102
0.048326097
0.052493
0.04595885
0.04499833
0.046769243
0.046132617
0.049192924
0.046362944
0.04744999
0.049712565
0.046171926
0.04630537
0.046900406
0.050653674
0.046429
0.048141923
0.047486644
0.050436042
0.051961448
0.057400987
0.04698156
0.048237275
0.04738733
0.05141545
0.048377197
0.053171862
0.046561565
0.04986811
0.047192924
0.04464744
0.04582612
0.050735123
0.051047135
0.049040124
0.047517385
0.04952603
0.046558723
0.046841033
0.047014974
0.046292335
0.046584584
0.048244055
0.046187777
0.04741843
0.047674246
0.050598726
0.049706876
0.046450157
0.045335844
0.04647345
0.045267597
0.04516303
0.044800617
0.04502661
0.051955294
0.04702513
0.045791034
0.046599958
0.049728386
0.04540661
0.044494435
0.04430101
0.044827554
0.046878994
0.04651065
0.045907788
0.045776706
0.046191715
0.048509378
0.04673062
0.046693783
0.045896158
0.045056835
0.0461262
0.04602032
0.04708342
0.045505565
0.05293452
0.047597844
0.046697643
0.047643557
0.04735921
0.04677614
0.048991814
0.04341495
0.04280228
0.047162294
0.049859777
0.049484625
0.04643915
0.04512667
0.045549907
0.047519967
0.049915373
0.053523984
0.047172252
0.051124007
0.05010917
0.04938212
0.046101864
0.046940334
0.047754973
0.045288727
0.0447894
0.04625971
0.04733712
0.05182139
0.04659771
0.04674719
0.048755486
0.04719146
0.048882686
0.04583676
0.049089026
0.050503146
0.050581407
0.04628804
0.046709675
0.048854828
0.047527324
0.048393395
0.0486859
0.04686109
0.047704287
0.05055025
0.046516605
0.049949802
0.047414433
0.05325013
0.049243994
0.051354818
0.049949497
0.0497356
0.04801588
0.05154887
0.048090816
0.049781777
0.05153374
0.04737187
0.04721046
0.051055104
0.052013934
0.058711354
0.051054083
0.04673242
0.046286494
0.04972176
0.04794052
0.048793726
0.05294629
0.049428537
0.048530996
0.050449304
0.049867198
0.05174628
0.047506068
0.05329352
0.047344256
0.052392486
0.04725958
0.05063076
0.04977409
0.048541654
0.04783003
0.055149555
0.051447917
0.05391386
0.050963502
0.04842216
0.049405012
0.048082307
0.04727309
0.050619684
0.048416216
0.0486565
0.046966843
0.046040364
0.04711116
0.048930105
0.048734788
0.05114371
0.048079867
0.04965693
0.047689926
0.048591413
0.053392213
0.050020225
0.049501497
0.051431123
0.04848481
0.047315598
0.048112
0.050876856
0.04858227
0.048669495
0.04773905
0.051970452
0.048339948
0.046810176
0.047029987
0.04837201
0.05107477
0.048788067
0.049821895
0.049789008
0.048296887
0.046856675
0.046604883
0.047497697
0.049270194
0.047036026
0.046185978
0.04612103
0.04739948
0.050101746
0.047004707
0.045873713
0.044621434
0.046208847
0.046923757
0.04885812
0.049542207
0.04890634
0.049752258
0.049069535
0.04545508
0.04569207
0.04978614
0.047160067
0.047907077
0.052032113
0.04828387
0.04722186
0.048850022
0.05056428
0.04914691
0.04854565
0.05154357
0.04940645
0.04978679
0.05206032
0.04855316
0.04751913
0.048961863
0.05485072
0.050874997
0.050721258
0.04969599
0.045466166
0.045243114
0.04903276
0.05169526
0.04665277
0.045051772
0.04720094
0.05160395
0.048353456
0.046013933
0.045542125
0.04534927
0.046629984
0.048668433
0.05075075
0.048376903
0.046582438
0.04702444
0.046126455
0.046691213
0.04721225
0.050748434
0.048469596
0.04548932
0.044180695
0.045745816
0.051271312
0.047653925
0.04642187
0.046211604
0.046430353
0.04680299
0.048521366
0.051678233
0.049523484
0.047194988
0.04660544
0.046621345
0.04917975
0.05236866
0.054490715
0.04973127
0.04716285
0.0477599
0.050154366
0.0484165
0.050649982
0.04542186
0.045904957
0.05210792
0.049800072
0.049186833
0.050270762
0.051014062
0.05181898
0.046682466
0.046354614
0.050842736
0.046433236
0.0464068
0.050770104
0.047941253
0.047194403
0.047996596
0.050865613
0.050709154
0.050505616
0.05476287
0.04933404
0.048682235
0.052814752
0.04922035
0.047062863
0.04761487
0.04892927
0.051002637
0.04811047
0.04692525
0.047647182
0.048186995
0.048019774
0.04970925
0.05240206
0.050363567
0.050066978
0.05151498
0.049820095
0.048741724
0.047756985
0.047419503
0.047657967
0.048998147
0.049429875
0.050283056
0.051558096
0.04915734
0.04904581
0.047802992
0.047583833
0.047668546
0.051486976
0.053696007
0.049740765
0.048479646
0.046875402
0.04852083
0.04846955
0.04979347
0.049666706
0.048996665
0.04746481
0.04621508
0.046445485
0.046957966
0.05250616
0.062573716
0.051953565
0.04891684
0.05347542
0.051252488
0.050361175
0.048925307
0.049449883
0.052742023
0.05056712
0.04936891
0.050249048
0.0504466
0.05054903
0.04930695
0.04906056
0.0482197
0.049220543
0.04808518
0.048341557
0.04683567
0.05053849
0.057344947
0.049287945
0.045497097
0.04534617
0.049817972
0.055129156
0.053367373
0.058021713
0.049836706
0.04616807
0.046632875
0.046706907
0.046772968
0.048951633
0.04847728
0.049282685
0.047950875
0.04850377
0.047580313
0.048262704
0.047824766
0.04882702
0.047342632
0.047191605
0.04714273
0.047523327
0.048048913
0.04815669
0.047586203
0.04787971
0.047191996
0.04712219
0.04644328
0.045881324
0.04742754
0.04747626
0.04944233
0.048649795
0.049666956
0.047329053
0.04682101
0.04544203
0.044521615
0.044895217
0.044291075
0.045593824
0.045975495
0.044225425
0.042829227
0.042185046
0.045396764
0.046053905
0.04770409
0.048523307
0.048357673
0.046555154
0.043951415
0.0440027
0.043546103
0.043119684
0.044213515
0.04611098
0.046926502
0.04549359
0.042943932
0.04313538
0.045184936
0.046515647
0.046213537
0.045801505
0.044078793
0.04285406
0.045425236
0.055395983
0.046813585
0.043699823
0.04641382
0.049574327
0.049501274
0.048842195
0.045689426
0.04479195
0.04439929
0.046910923
0.047274224
0.04578673
0.04456263
0.045740016
0.048097994
0.04926115
0.048593603
0.04892408
0.04797609
0.04837822
0.04746735
0.046658088
0.045573693
0.044258412
0.043420132
0.044993017
0.043975666
0.045771927
0.045247648
0.04847047
0.047665346
0.04610855
0.044784952
0.04500972
0.04530807
0.04550934
0.045789808
0.045140196
0.04457629
0.045434177
0.047563527
0.049084064
0.049864046
0.04877781
0.046882465
0.04511725
0.047357682
0.048933722
0.048265435
0.047657553
0.04768856
0.048954092
0.048376717
0.04830866
0.04802546
0.04838526
0.045981206
0.04482052
0.045109827
0.046422057
0.04713538
0.045505647
0.045843534
0.0470425
0.046672277
0.046815164
0.044799503
0.046301804
0.045521207
0.046463247
0.044297595
0.044443145
0.045445956
0.04772093
0.04756154
0.047092985
0.047414444
0.046920322
0.045694906
0.04639745
0.04901509
0.050112054
0.048924174
0.04706862
0.046695136
0.047987558
0.04870917
0.047059834
0.045778945
0.0456541
0.048217688
0.04862521
0.048046682
0.04738479
0.046160296
0.046663437
0.04664759
0.047768243
0.049114864
0.049988836
0.050074555
0.04986942
0.048956595
0.04921865
0.049905855
0.05159982
0.049787156
0.048875492
0.047798935
0.04923638
0.048777144
0.04904468
0.049062893
0.048722792
0.047383256
0.047298353
0.04840478
0.049218763
0.049572673
0.050392702
0.050311904
0.05161472
0.049368005
0.048656747
0.04787761
0.05048312
0.051667172
0.051095933
0.049737297
0.050273765
0.050108317
0.050279506
0.049199216
0.049610585
0.049580082
0.051478602
0.051778153
0.051309887
0.049203906
0.049420692
0.05056277
0.05311914
0.05381459
0.05234793
0.050740376
0.048670933
0.049259227
0.049412884
0.049764544
0.0491066
0.049622394
0.05100701
0.052227456
0.051228214
0.048293397
0.048874352
0.04967378
0.050175782
0.04851771
0.047463145
0.047788333
0.0476003
0.048148368
0.04968585
0.04896498
0.048515026
0.050918847
0.05289177
0.05128836
0.049100805
0.045794833
0.048501648
0.047292177
0.04940861
0.05345702
0.0642976
0.056891907
0.052240185
0.052489564
0.049751412
0.049430046
0.04861679
0.048500832
0.047520243
0.04937224
0.047162566
0.04886929
0.04554751
0.049911633
0.048550013
0.05103634
0.05083172
0.05048913
0.04882281
0.04693459
0.049442675
0.049448606
0.051591944
0.048203148
0.050218094
0.048158847
0.05062773
0.049260315
0.05057074
0.050931975
0.058114175
0.06996875
0.057105076
0.051111717
0.053596087
0.053621422
0.051015235
0.04886921
0.051400736
0.053580955
0.054649044
0.050129443
0.050222654
0.05030365
0.05162792
0.05283562
0.052093964
0.05282105
0.050932463
0.04989065
0.049045373
0.049818862
0.050701346
0.050016657
0.047543567
0.048774976
0.04991578
0.052339453
0.050115116
0.048556693
0.047695138
0.046205137
0.04780978
0.04916225
0.052105736
0.051536936
0.051693473
0.049678795
0.05097613
0.047639694
0.04770035
0.045846116
0.047583863
0.04840718
0.04825633
0.047970936
0.04728146
0.04857508
0.048945963
0.049159374
0.04964776
0.048386756
0.048687868
0.04718125
0.047075056
0.050390597
0.05126932
0.05234652
0.048707593
0.04826624
0.04845039
0.048231922
0.04741359
0.047661897
0.048105877
0.048306372
0.048000563
0.04811397
0.04862675
0.04894962
0.04889707
0.048167657
0.04885731
0.049029958
0.050448872
0.049305946
0.0474463
0.045842987
0.046119187
0.046456244
0.047514737
0.047211807
0.047733616
0.045659974
0.04534428
0.04576619
0.046922017
0.04731678
0.048013616
0.048038393
0.05003808
0.05110695
0.052211106
0.04888158
0.046984214
0.04549157
0.046598986
0.046698317
0.047320433
0.047024697
0.046249572
0.04558199
0.04559915
0.046823233
0.048353128
0.04993533
0.0503267
0.04939169
0.049401492
0.04892016
0.051309966
0.050307572
0.04919112
0.048034903
0.047082897
0.046603102
0.044261307
0.044688586
0.04713652
0.048005413
0.046522234
0.043625705
0.0449507
0.04684927
0.049873922
0.049810506
0.049245276
0.047532715
0.04729424
0.046182252
0.04870999
0.04848426
0.049656115
0.04648633
0.04720273
0.048829835
0.0509019
0.048720088
0.047875784
0.04845009
0.050128594
0.04976635
0.049378093
0.047858596
0.048233733
0.047635503
0.048428334
0.04901721
0.049190324
0.054590367
0.053264264
0.051834393
0.047171585
0.048444536
0.047705226
0.047089115
0.045019485
0.047037993
0.048076328
0.04978462
0.048924465
0.047730327
0.048101626
0.048545703
0.048314422
0.047478147
0.04758252
0.048554044
0.049533505
0.04848813
0.048770424
0.049058683
0.049202025
0.048739057
0.046172407
0.047930256
0.048063643
0.05035264
0.05018065
0.049991287
0.051484514
0.049495593
0.049004562
0.049100664
0.051617984
0.051181436
0.049101375
0.048571337
0.047185138
0.047359362
0.047699034
0.051365595
0.05073366
0.051924173
0.05119724
0.05256744
0.050809503
0.050885674
0.052041307
0.050798547
0.05032284
0.048401676
0.05035445
0.051565435
0.051144302
0.051844068
0.049447905
0.049704574
0.049578138
0.050400797
0.05179696
0.050692596
0.053861037
0.051477388
0.052687578
0.049264025
0.050726082
0.04844533
0.05091365
0.05157742
0.05450329
0.0532587
0.052865736
0.048793305
0.049724605
0.048595097
0.052380793
0.054238275
0.055223007
0.052858815
0.04977199
0.049575925
0.051615335
0.052426226
0.052919153
0.05088615
0.050188918
0.048017286
0.04772999
0.046596467
0.049724117
0.050277546
0.05220916
0.0495711
0.050479546
0.049471278
0.052022222
0.054175396
0.05576654
0.05470264
0.051991284
0.051036913
0.052315604
0.052842174
0.051345393
0.051970977
0.051798828
0.05349566
0.056198593
0.055061143
0.05471936
0.049915235
0.050634976
0.050759833
0.050051883
0.049615823
0.05026226
0.052494038
0.053803436
0.05219852
0.05081214
0.050737973
0.05134462
0.05287925
0.051781498
0.0513317
0.05016607
0.04820914
0.047750797
0.04725919
0.048006564
0.04860233
0.0484476
0.052166384
0.05276434
0.053727236
0.054069858
0.057072405
0.057452783
0.055684865
0.051853616
0.053183995
0.052520387
0.054740816
0.051498145
0.052874703
0.051744103
0.05598232
0.057169013
0.055959247
0.053391814
0.05356101
0.054460794
0.054072946
0.053558744
0.05291195
0.05278426
0.050024636
0.049595643
0.04973174
0.050957847
0.052391477
0.05284054
0.05158743
0.051515125
0.051030155
0.05308335
0.052145556
0.052996017
0.053197492
0.053881586
0.053041227
0.052808564
0.053927585
0.054047145
0.053401317
0.05161373
0.048714712
0.048146173
0.048711825
0.055323765
0.056714654
0.056818012
0.05139627
0.049445212
0.050036155
0.051672876
0.05404828
0.055049554
0.056342702
0.05555546
0.052868806
0.053566966
0.05341601
0.05393837
0.05172442
0.049700554
0.052108277
0.051641405
0.052379854
0.04958076
0.050597176
0.05102412
0.057867825
0.058508106
0.059527595
0.054542784
0.054013647
0.05443323
0.05243511
0.052648198
0.05221163
0.053487703
0.053443138
0.053426564
0.05492021
0.05359997
0.051892526
0.053092543
0.054847904
0.05727979
0.054025084
0.052783538
0.053200766
0.054890364
0.055991903
0.05419738
0.053417485
0.05125642
0.051710207
0.050716717
0.051013257
0.052630447
0.051420607
0.051130913
0.050355766
0.0520083
0.052724425
0.049825322
0.04932536
0.049924754
0.051650625
0.05244228
0.05390103
0.055209793
0.053677734
0.05259332
0.051261667
0.052862015
0.050940573
0.05204602
0.052194446
0.05403281
0.052414138
0.051212747
0.049683847
0.049125377
0.05097741
0.052058235
0.0536754
0.0521855
0.052743614
0.051596526
0.050499346
0.048833314
0.04820886
0.048661698
0.049400315
0.05193503
0.051797476
0.05288934
0.053765543
0.05529771
0.055453718
0.053460617
0.052229103
0.04833876
0.046122026
0.04723038
0.048779305
0.048517913
0.05018737
0.055111986
0.059170227
0.05530332
0.04961467
0.04738835
0.049877513
0.05320996
0.052991647
0.05268229
0.050072927
0.050371397
0.047210723
0.047192853
0.047632143
0.0474742
0.049619306
0.047403567
0.049978193
0.044721756
0.04571825
0.046474904
0.05064194
0.0500335
0.05125482
0.052553575
0.051890995
0.046574965
0.045971647
0.044828404
0.04867309
0.046600275
0.052329887
0.05212439
0.05227771
0.050969377
0.050611507
0.052252647
0.050676376
0.05026966
0.047672063
0.047882967
0.04747158
0.050105598
0.04940773
0.048055116
0.04673614
0.045745667
0.048401564
0.04944684
0.05105517
0.051642895
0.05518879
0.05887129
0.05782849
0.054247946
0.049449574
0.05175374
0.052341957
0.053082447
0.05222385
0.052344657
0.052942123
0.049899295
0.048455186
0.04645232
0.046191562
0.04752213
0.047902763
0.049347177
0.047170922
0.045709904
0.048864182
0.049181473
0.050306372
0.047835786
0.049019296
0.050390705
0.048743058
0.046901744
0.045483995
0.044277236
0.04447535
0.045888986
0.047442064
0.047356322
0.047234572
0.04845461
0.04844305
0.04867874
0.047487244
0.047754873
0.050631516
0.051299363
0.050854705
0.04757345
0.04738251
0.05041723
0.050327662
0.050236892
0.048894837
0.047176123
0.04514013
0.044939715
0.04621754
0.05109442
0.0508769
0.051852617
0.04823582
0.049378403
0.04993022
0.051391996
0.052049387
0.0511114
0.049211353
0.046868533
0.046053905
0.049001947
0.050235007
0.051838372
0.05109681
0.049677685
0.048085168
0.046841457
0.047078256
0.04882812
0.050856948
0.0520529
0.053604946
0.051516145
0.050414704
0.04659127
0.047847014
0.047705397
0.05011688
0.05138516
0.051358756
0.0514449
0.05052157
0.05121079
0.04995449
0.0490188
0.049468968
0.047869142
0.04982819
0.04885175
0.05065577
0.04876581
0.04923274
0.049174786
0.04875412
0.047761075
0.05077994
0.049496707
0.050805576
0.04719108
0.054532383
0.055646844
0.05584718
0.050989654
0.049757805
0.05009554
0.049811836
0.049372077
0.051325213
0.051093556
0.053402234
0.05373645
0.054787252
0.053333994
0.052503396
0.052172415
0.053509224
0.05314094
0.052591376
0.05136891
0.05017786
0.049025718
0.04784425
0.050076444
0.050316967
0.054292113
0.05254257
0.054872345
0.05177138
0.051697567
0.051236533
0.049511205
0.05111116
0.05324519
0.05388878
0.053947344
0.05090255
0.051984962
0.050160877
0.050358422
0.049950533
0.05170554
0.053498518
0.054590847
0.05368292
0.053031072
0.052473873
0.052032005
0.052584566
0.051365416
0.050405957
0.04942271
0.052467525
0.052719675
0.05234532
0.049889404
0.049971044
0.05054506
0.05191012
0.053329892
0.05336567
0.054517973
0.055676017
0.057635434
0.05590575
0.053494237
0.050950002
0.049744282
0.051127534
0.04956448
0.05074634
0.053583007
0.05642131
0.056001183
0.053609323
0.055152018
0.053896762
0.052467212
0.04783458
0.049849514
0.052934993
0.054642722
0.056982227
0.054463767
0.053431317
0.049569994
0.05012918
0.05165847
0.052853823
0.05527021
0.05522942
0.057692572
0.05758359
0.058929946
0.055743854
0.05272854
0.05382499
0.056781996
0.057258267
0.054973215
0.05281836
0.05240853
0.051736705
0.052404758
0.051294237
0.05120575
0.050555177
0.051635113
0.05244488
0.05217951
0.05106073
0.05284725
0.052635115
0.05284562
0.05046334
0.05047312
0.051471062
0.05176291
0.05149448
0.050961677
0.050253395
0.052433126
0.05377071
0.055497486
0.05342127
0.053456414
0.05258154
0.052839212
0.054437794
0.053497165
0.055055477
0.0555526
0.056003224
0.056490768
0.053856935
0.05438773
0.052235562
0.051784948
0.052163053
0.055277396
0.054909714
0.053774633
0.053149734
0.057427134
0.059735253
0.057721112
0.055670757
0.054046497
0.05435862
0.053093687
0.054549556
0.056213252
0.056196947
0.05467052
0.05353599
0.052012123
0.049821395
0.052077927
0.05087036
0.053968698
0.048811987
0.051822156
0.05010664
0.051944673
0.050108954
0.05047449
0.052581295
0.053644534
0.053215716
0.05267634
0.05254297
0.053346634
0.05302446
0.053704325
0.05640627
0.05413482
0.055525485
0.050666183
0.052454207
0.052029833
0.05463178
0.053566385
0.051781744
0.04970823
0.049948666
0.050766487
0.050411012
0.050036017
0.047913123
0.051265292
0.052667238
0.054258287
0.05246124
0.05104077
0.04939317
0.049078934
0.048932943
0.050434433
0.0501174
0.05163021
0.05261
0.05100244
0.052828453
0.05324275
0.055640157
0.05224653
0.05217054
0.052001633
0.052425105
0.0529009
0.052910995
0.052631225
0.050715696
0.053098015
0.05415283
0.053527292
0.05063625
0.04891216
0.04833469
0.04884413
0.051695928
0.05287285
0.05368154
0.05146561
0.05006223
0.048233982
0.051884167
0.054312326
0.053337295
0.04938522
0.05114373
0.052973498
0.053855203
0.051065527
0.050919633
0.05001282
0.049109142
0.049744356
0.04958299
0.048741587
0.049399648
0.049416874
0.05354661
0.05422736
0.057533324
0.05481738
0.05376022
0.05141653
0.051050432
0.049331464
0.048875686
0.050241143
0.04949905
0.051188316
0.05087999
0.054046653
0.050090447
0.050027315
0.047071286
0.050513938
0.04864647
0.05048418
0.0515141
0.055898733
0.054936547
0.05180497
0.05008259
0.04853537
0.051252328
0.050600383
0.05355049
0.053959277
0.05159159
0.051257934
0.05144737
0.053917255
0.053357966
0.05404661
0.052580416
0.052307464
0.049331836
0.04940281
0.048810195
0.050275378
0.050740138
0.05111502
0.051379886
0.053815227
0.053808942
0.05331729
0.053361602
0.05274847
0.053585567
0.05422209
0.055974968
0.055706967
0.054947842
0.052837633
0.053499073
0.053117197
0.054549962
0.05404179
0.054832313
0.056202598
0.05631945
0.053859193
0.0561101
0.058824845
0.058301337
0.054592133
0.04898586
0.051548477
0.052039087
0.05245345
0.049537577
0.052053567
0.05231291
0.05640723
0.055676572
0.057332635
0.053433225
0.053440314
0.052153062
0.05086789
0.0468753
0.046805415
0.049499456
0.050289165
0.049103756
0.047282264
0.048293516
0.049522486
0.052767497
0.051944014
0.05353451
0.052272115
0.05361384
0.05178777
0.052169733
0.054488398
0.054244444
0.053992733
0.051565874
0.05165593
0.050079923
0.048581522
0.048136424
0.048436955
0.048850633
0.051762708
0.05240893
0.05488168
0.05208243
0.053423494
0.05441649
0.05900505
0.054796603
0.051880583
0.048088025
0.05172043
0.052929096
0.05344996
0.05342199
0.0543984
0.05617503
0.05719154
0.055781584
0.05535764
0.05606307
0.057162482
0.059192516
0.05926215
0.058503937
0.056979638
0.057521336
0.057312176
0.056009952
0.0537798
0.054028597
0.055595722
0.057966743
0.05565797
0.05369732
0.05077197
0.050719526
0.05081332
0.04847121
0.04941726
0.05002233
0.053846806
0.05532286
0.058761857
0.061544422
0.060490254
0.056285895
0.053011566
0.055091497
0.05873215
0.0590576
0.058475982
0.05672767
0.05660532
0.056771826
0.056791488
0.056093026
0.06071181
0.060944688
0.06134743
0.060301058
0.059406087
0.05959645
0.055701345
0.05527213
0.053080473
0.056058947
0.06113735
0.06369
0.06426532
0.05985962
0.062624834
0.061549958
0.06250312
0.062958874
0.06130704
0.062133733
0.06066575
0.061143924
0.06149197
0.059503146
0.059937175
0.05985135
0.06085072
0.05990535
0.05888361
0.060769696
0.06252534
0.063656606
0.06125752
0.058338497
0.056478478
0.053817056
0.055091474
0.052621827
0.054384638
0.054262694
0.056382485
0.05894592
0.05879736
0.057946004
0.05815549
0.05916411
0.061186403
0.060883053
0.05886784
0.05778603
0.05624488
0.05856072
0.05695299
0.05734986
0.055882927
0.057362948
0.057603084
0.062029622
0.062231846
0.06451749
0.06559396
0.06337003
0.062173925
0.058298007
0.061750595
0.060557265
0.06153063
0.060445547
0.058627192
0.05713919
0.055392843
0.056457646
0.057259638
0.059913404
0.05788794
0.057146147
0.053778738
0.055422336
0.053937536
0.05565276
0.056748535
0.06169485
0.061115824
0.057604797
0.055429984
0.05831571
0.0629986
0.060436085
0.06093514
0.061536837
0.06350455
0.060102474
0.057939023
0.05501904
0.05969275
0.06284114
0.06722099
0.06373945
0.06285947
0.059185047
0.06054139
0.059487257
0.0611653
0.06322174
0.06354219
0.064609125
0.063233405
0.06395793
0.0617453
0.06621812
0.06571055
0.06552483
0.061353486
0.056687508
0.058856003
0.058142953
0.061069004
0.060788307
0.058942612
0.05975512
0.05795015
0.05844588
0.05773052
0.056470465
0.057448745
0.0563233
0.05863523
0.05789922
0.059383187
0.057308204
0.056457497
0.057892438
0.061324116
0.06400275
0.0630781
0.061045144
0.05890971
0.060207076
0.058537412
0.057719663
0.05406093
0.05566509
0.056038707
0.057496995
0.058326934
0.05735808
0.056454584
0.05704713
0.057551097
0.059840843
0.058725253
0.060807288
0.062376004
0.060641058
0.059561517
0.056745622
0.057323743
0.056668997
0.055424497
0.058610145
0.059044477
0.05919998
0.056567144
0.05588129
0.060606007
0.060552858
0.061893694
0.059095606
0.058841012
0.05925164
0.058115024
0.06173182
0.061326016
0.060688138
0.05867241
0.058562655
0.058449857
0.057463016
0.05580413
0.059578694
0.058439266
0.05755412
0.05494129
0.05746861
0.05694349
0.056026444
0.054583505
0.055360045
0.05465103
0.05307417
0.052637383
0.051457316
0.050167006
0.05273411
0.052931055
0.057531122
0.056173693
0.057179056
0.05295556
0.052876938
0.055618614
0.0546919
0.056745805
0.05457349
0.05604848
0.051767953
0.052312393
0.053054687
0.05594752
0.05234421
0.052340053
0.050905462
0.051196728
0.053641953
0.052360993
0.05165551
0.048859883
0.04988288
0.05212805
0.052038018
0.061452176
0.06175206
0.06014658
0.053197466
0.05053278
0.052590575
0.05324697
0.055890724
0.05689774
0.05109461
0.049278304
0.04774161
0.05271029
0.055739008
0.056401797
0.052396987
0.05175535
0.04734912
0.049771223
0.05068714
0.053033505
0.050453156
0.048417017
0.049885318
0.0527268
0.052793633
0.052961186
0.052064557
0.05237505
0.0508595
0.051959656
0.05142932
0.050749082
0.050377846
0.050093997
0.052520506
0.053947683
0.052780993
0.051433682
0.050450798
0.05226132
0.053119987
0.052801915
0.05647367
0.056979064
0.055622946
0.050924487
0.04740014
0.046844028
0.047509205
0.049066577
0.049074
0.046765435
0.050091892
0.0530817
0.054586224
0.052443955
0.04989955
0.052717533
0.050897326
0.052897885
0.052739393
0.054959245
0.05242665
0.04988107
0.052242942
0.052713387
0.054495875
0.051867094
0.052337203
0.052968666
0.05263575
0.052194264
0.048889585
0.051880173
0.054024633
0.05470901
0.05438284
0.05338148
0.060759146
0.05957931
0.057259206
0.05046722
0.050050832
0.054184783
0.057398368
0.056857005
0.05372831
0.052125484
0.053005904
0.054790672
0.05511926
0.058161486
0.058295757
0.056740493
0.054625083
0.054337826
0.056663472
0.056384094
0.055770755
0.05511988
0.056113675
0.05434805
0.052210476
0.048767757
0.053450156
0.054511428
0.05568112
0.052710287
0.05219767
0.052941345
0.05647446
0.057056017
0.053678956
0.049408346
0.049199548
0.052079853
0.053853612
0.05394023
0.052306667
0.054023247
0.056335326
0.061187245
0.05912943
0.05778891
0.054593176
0.055677153
0.05665586
0.05594473
0.054950804
0.055620354
0.0584846
0.05846138
0.057256542
0.054853033
0.055769406
0.05615467
0.057820592
0.059431087
0.05626412
0.056310292
0.05434707
0.056303233
0.056800973
0.058860015
0.0604069
0.05953796
0.057533167
0.055002075
0.052742194
0.05053998
0.05503391
0.05768787
0.060957965
0.059758637
0.059908353
0.05868229
0.059873004
0.05990876
0.0605174
0.056684766
0.054196443
0.05092536
0.051715974
0.05299167
0.057704285
0.05810006
0.060793128
0.056727342
0.056741606
0.05504366
0.056352906
0.057010975
0.056066465
0.05586666
0.054005783
0.05246094
0.057083074
0.05682568
0.05927412
0.057609297
0.059633516
0.058672573
0.05775896
0.05728824
0.060056113
0.06015363
0.061019663
0.058832616
0.05940625
0.05823905
0.057612583
0.056310292
0.056809165
0.060404126
0.06203962
0.060512424
0.055261705
0.050236166
0.0549674
0.058112085
0.061363176
0.059969988
0.057277083
0.05695977
0.059388854
0.06628577
0.06565694
0.06034096
0.053554114
0.052793555
0.05007568
0.05095757
0.051579583
0.056911763
0.055113915
0.056926075
0.054233298
0.059238963
0.054049417
0.055519067
0.052377418
0.05479164
0.054695718
0.05305538
0.054657955
0.053401407
0.056110892
0.056537345
0.059121676
0.057177562
0.057409357
0.058036204
0.058338985
0.060485743
0.06098071
0.061040673
0.058810513
0.05604133
0.057255454
0.05679194
0.055254217
0.054477576
0.050527245
0.050109703
0.051001914
0.055830397
0.05847623
0.05913592
0.0572728
0.05434534
0.056298625
0.055385076
0.058735527
0.057440776
0.06139459
0.05841191
0.05590404
0.05357955
0.05668874
0.059040412
0.060692944
0.060857847
0.0582671
0.055410177
0.05094238
0.054104563
0.057244614
0.058538027
0.055639666
0.056926996
0.05672825
0.056198847
0.054392222
0.056815136
0.058618195
0.05907853
0.05838648
0.05543057
0.065439105
0.0630505
0.06651757
0.055701077
0.057400964
0.059048228
0.057697665
0.057938926
0.056966364
0.058906555
0.060448475
0.058360852
0.05517906
0.053892452
0.05496679
0.0588833
0.059247095
0.057296112
0.05610924
0.055402063
0.054785337
0.05421425
0.054952174
0.056727648
0.057915702
0.057347476
0.059851006
0.05779545
0.05701115
0.05671516
0.058913577
0.0610019
0.058800973
0.05662279
0.056971245
0.059068646
0.05747958
0.054645155
0.05317104
0.05364098
0.057804246
0.05862004
0.061436255
0.06043156
0.06196038
0.058943495
0.055718627
0.05535622
0.06036266
0.064808875
0.061287574
0.058141015
0.056935832
0.05551596
0.0581971
0.053801443
0.056169435
0.051723674
0.055222973
0.053539075
0.053524133
0.053709418
0.056907687
0.059076767
0.058383323
0.059862554
0.05750976
0.055715743
0.054600116
0.05789245
0.058054827
0.054609086
0.05191718
0.052749865
0.053022437
0.058225755
0.057036217
0.05813856
0.05756776
0.05928836
0.05971446
0.05691561
0.05740623
0.054062672
0.053286318
0.053532712
0.0585693
0.05716882
0.054119788
0.04814017
0.049751583
0.052051667
0.05268594
0.05340247
0.052687954
0.05754508
0.05835516
0.05609441
0.055890463
0.05083113
0.05126916
0.04754748
0.05149626
0.05451081
0.057287626
0.057396982
0.054754112
0.052120168
0.05089989
0.051357973
0.054425795
0.055853434
0.05455986
0.05192706
0.050580487
0.052283693
0.05321967
0.052596774
0.05116908
0.05120272
0.049703564
0.048374295
0.0482607
0.04702789
0.04778657
0.05036782
0.05098332
0.050789203
0.048901886
0.0482185
0.047328863
0.048555437
0.04816164
0.049916476
0.049639486
0.05037757
0.049451195
0.051052235
0.0532573
0.053403717
0.052261986
0.05307075
0.05377581
0.056279868
0.055263855
0.053781025
0.050071478
0.048349973
0.050140757
0.051994197
0.050078794
0.050094713
0.04943046
0.051096268
0.048900373
0.05048235
0.052881308
0.056977045
0.05789243
0.056826785
0.055334616
0.05436782
0.059131525
0.056476034
0.059550714
0.056157913
0.058657333
0.05557373
0.05170129
0.048432462
0.049296245
0.04832772
0.051012326
0.050373938
0.049457
0.050052926
0.054135814
0.055209186
0.05382173
0.05243393
0.052855324
0.05296536
0.055641577
0.05562552
0.052268464
0.05249265
0.048452023
0.054477707
0.058459543
0.055797525
0.052128024
0.052784264
0.05328909
0.052400462
0.050437294
0.053150948
0.05375709
0.055821694
0.051489707
0.05676376
0.05149955
0.053186744
0.053437345
0.05661189
0.05600675
0.0530371
0.050053492
0.05311794
0.05382069
0.057499167
0.053306255
0.05111914
0.04898412
0.05045952
0.05163063
0.056771882
0.057942007
0.05402146
0.055895444
0.05243766
0.053041603
0.05290712
0.057523612
0.060147643
0.05910569
0.060373705
0.056606118
0.054906968
0.05045313
0.05132011
0.05231567
0.05246878
0.053305503
0.050820597
0.048875842
0.051233865
0.055619266
0.057735607
0.060313974
0.05648394
0.055528495
0.05527506
0.055645507
0.055096623
0.056378078
0.057728887
0.061028432
0.058681816
0.057867546
0.056864332
0.05549551
0.05608471
0.056431722
0.059928097
0.05770227
0.05616407
0.052667513
0.054813027
0.056550022
0.05657904
0.058361594
0.055625305
0.05752753
0.056074724
0.058799703
0.05779546
0.058070384
0.057856187
0.057259645
0.056900058
0.051839136
0.053877298
0.054613672
0.058611188
0.05944869
0.05775598
0.06104249
0.05708969
0.06094368
0.058377802
0.06315966
0.056082506
0.057192735
0.057404608
0.061444286
0.056755677
0.056198902
0.053076573
0.056907192
0.060104866
0.062513635
0.06409743
0.06586431
0.061328568
0.057665043
0.0534496
0.05340638
0.05714273
0.059282035
0.05949599
0.056025106
0.05706253
0.058337525
0.06150678
0.058548246
0.059533454
0.05648479
0.055243824
0.057639014
0.057191987
0.060893793
0.06283193
0.06255177
0.06182558
0.059787408
0.05463602
0.05460991
0.05432054
0.055240285
0.05744802
0.06098037
0.059296813
0.05944873
0.06327615
0.065815106
0.0651671
0.059521314
0.057585854
0.055443607
0.0574773
0.059231866
0.058884297
0.057862684
0.058568902
0.05946316
0.062212635
0.059988912
0.058818825
0.05776483
0.06022025
0.061500516
0.062024202
0.06536104
0.06783121
0.06583674
0.063826956
0.059575118
0.059125938
0.060917057
0.06461104
0.0699249
0.06871812
0.072568506
0.06897447
0.06671931
0.061167076
0.067710295
0.0711495
0.07448298
0.07127468
0.06637428
0.06217585
0.056346595
0.055877846
0.05741825
0.057652198
0.05671058
0.060799785
0.06020267
0.071733296
0.06462421
0.07358444
0.064341836
0.06625842
0.060380533
0.058092494
0.058092672
0.056589767
0.056499023
0.056522924
0.05678227
0.057446525
0.05634526
0.05734815
0.05746576
0.056647975
0.06258793
0.06313384
0.070815176
0.06708804
0.069831766
0.06951913
0.072570354
0.071686946
0.07118681
0.06800064
0.06935744
0.06665881
0.075608656
0.0706246
0.070916995
0.06390701
0.06349346
0.06886953
0.07097382
0.0724833
0.06477525
0.060699835
0.062228587
0.06386223
0.0668576
0.06805792
0.067657486
0.06717261
0.06966016
0.07096537
0.06863965
0.068923965
0.07184254
0.0730433
0.06524355
0.06564581
0.064460255
0.06954774
0.062497202
0.06435847
0.065288454
0.07146942
0.07030118
0.07213749
0.07467108
0.08077179
0.076303005
0.07584114
0.07290127
0.076966636
0.074275
0.07188876
0.07374427
0.07310131
0.07936448
0.074678145
0.076198794
0.07064464
0.07036926
0.06724991
0.07084929
0.07334543
0.07160514
0.06812231
0.06802923
0.07278858
0.07705843
0.07369645
0.073801965
0.07000706
0.07290574
0.0733221
0.07392498
0.07149225
0.0664495
0.068601675
0.0705932
0.07324325
0.068672515
0.07252775
0.07268369
0.07977428
0.07627226
0.08058169
0.07657406
0.074343145
0.06972
0.064163424
0.067018814
0.06861651
0.068878576
0.06421758
0.06376918
0.06282943
0.06632981
0.06334641
0.06381847
0.06391919
0.0658488
0.06072094
0.058528945
0.058621507
0.057361085
0.05848392
0.058415826
0.058622595
0.058659557
0.05706434
0.057601165
0.059059232
0.056715883
0.060043
0.06087164
0.06090402
0.0645213
0.06377231
0.06212793
0.05879958
0.05842418
0.058872912
0.061242506
0.06524063
0.066465415
0.06551767
0.061574798
0.060699295
0.061768748
0.06524627
0.06628874
0.063413516
0.05990335
0.060990017
0.0603576
0.06006716
0.062865704
0.06589682
0.06637268
0.069166355
0.06324894
0.059468064
0.0551074
0.053882793
0.056299064
0.05938065
0.064787164
0.060152665
0.05908049
0.054832596
0.050807197
0.050995097
0.05137664
0.05316153
0.057501342
0.057412315
0.05542598
0.054461632
0.051357716
0.05065126
0.051682353
0.054102134
0.054658428
0.057379518
0.055923402
0.060585987
0.06214659
0.06639185
0.07201738
0.066364564
0.058247384
0.05519394
0.051306106
0.049949057
0.05165813
0.05260827
0.05391164
0.05415294
0.05222211
0.05316294
0.055248924
0.056145813
0.055074506
0.05573709
0.054195397
0.049260516
0.049241293
0.050276842
0.051363755
0.052013345
0.05455882
0.055595003
0.053006146
0.053687766
0.053789698
0.051299237
0.04837541
0.052579325
0.04941917
0.05316761
0.054170527
0.054095697
0.051742617
0.054289136
0.05156956
0.051478133
0.054907255
0.05679589
0.05442835
0.052491043
0.05098782
0.045523
0.044640165
0.045862902
0.045257557
0.046559907
0.05523156
0.054091368
0.054323867
0.055350743
0.057531472
0.04836502
0.047787342
0.046230573
0.044647086
0.042650986
0.052421942
0.055336345
0.057373825
0.060405143
0.0621585
0.054043476
0.05051447
0.04797928
0.046738528
0.043875303
0.04065647
0.039607547
0.039591175
0.038974453
0.036868665
0.037556734
0.03960936
0.04182213
0.041021343
0.040236767
0.04140156
0.041412998
0.042740896
0.04243997
0.040687885
0.042882886
0.042951293
0.044192217
0.04230463
0.041283377
0.042595048
0.043292027
0.042552084
0.044371717
0.044952694
0.044556025
0.043562327
0.04324407
0.043571234
0.042448446
0.0417446
0.041482225
0.039732397
0.039593957
0.038862552
0.039138637
0.04033064
0.039982956
0.04011978
0.041440267
0.044760533
0.0473987
0.04432395
0.04568708
0.045513418
0.044079877
0.042970467
0.041065164
0.041976977
0.041481044
0.041647643
0.042511165
0.043101657
0.042651832
0.04159945
0.041092563
0.04192138
0.040990837
0.04037736
0.038585544
0.038614694
0.037653703
0.03867456
0.037995428
0.037997022
0.03806546
0.03844216
0.039346717
0.039484832
0.039338827
0.03888042
0.03956882
0.040547382
0.041883077
0.040778615
0.04205113
0.04090207
0.04253595
0.043050013
0.042357724
0.041172042
0.042973466
0.043986347
0.045898385
0.04491989
0.044220928
0.046368003
0.04681588
0.04497572
0.04620437
0.046333753
0.04496076
0.044801448
0.045478746
0.04657511
0.04645907
0.04660011
0.045241076
0.046098914
0.046821482
0.046201784
0.045359287
0.046599615
0.046271008
0.04631917
0.04513411
0.046143018
0.047355127
0.049335685
0.048408985
0.048110798
0.0485612
0.045602866
0.043720983
0.042396896
0.042594533
0.04339896
0.04386731
0.046270985
0.049176518
0.048210204
0.048658963
0.04648523
0.05162492
0.050428063
0.050562672
0.05027957
0.05209479
0.04751569
0.0476219
0.047084514
0.047151282
0.046941858
0.04620633
0.04747212
0.047396395
0.04614354
0.048418533
0.04799138
0.046744544
0.04377443
0.043765068
0.044150345
0.044164367
0.0447507
0.04402557
0.043600988
0.04604176
0.047648527
0.04656419
0.048307072
0.048613857
0.048404887
0.04849003
0.05060714
0.04876978
0.047359187
0.048172187
0.047155023
0.04719838
0.046728723
0.04982298
0.046788692
0.046790812
0.04704892
0.04974773
0.047980353
0.048782095
0.049500078
0.050534803
0.04753987
0.051863108
0.053070188
0.052552175
0.04979226
0.048497364
0.04926979
0.04717245
0.047054213
0.047520645
0.04891745
0.049520995
0.04884605
0.048709072
0.049394153
0.049012575
0.0524808
0.05073238
0.055412814
0.05578372
0.056542356
0.055725493
0.057242963
0.052752517
0.052850977
0.052301764
0.049845085
0.04847441
0.047949653
0.050011583
0.049508385
0.049197007
0.050236497
0.052313123
0.049895108
0.050360244
0.05139702
0.051621422
0.053207368
0.053012732
0.05612033
0.055396233
0.054922648
0.052265607
0.0544128
0.051478654
0.051983025
0.048842195
0.048744537
0.04855317
0.048323233
0.04817302
0.05029196
0.049005922
0.047334462
0.04893629
0.048534695
0.049532663
0.050942857
0.054284498
0.053443257
0.051637802
0.050177697
0.051731687
0.052059103
0.053147648
0.052882176
0.054322187
0.0550521
0.05653334
0.058275077
0.058764435
0.05798487
0.05397232
0.05223252
0.049697883
0.04951795
0.05028375
0.05249724
0.051242888
0.051717207
0.04982678
0.04948167
0.0496514
0.049287684
0.04832956
0.04867174
0.04947917
0.046828028
0.047052816
0.045546435
0.045826633
0.045204345
0.042806014
0.04326361
0.04539115
0.044157274
0.04532601
0.04507535
0.046953186
0.05058855
0.050568797
0.05075128
0.047494937
0.046622526
0.046963595
0.047354776
0.0473132
0.046367537
0.047749035
0.04847821
0.049228784
0.049203686
0.046639677
0.047356624
0.04559671
0.045678496
0.046353802
0.046857987
0.047731712
0.046329774
0.045781992
0.04782127
0.048801064
0.047513943
0.045454267
0.043528173
0.0462292
0.046035614
0.04511113
0.042615905
0.04167181
0.044859868
0.045147903
0.044770353
0.045117244
0.045735233
0.047384147
0.049823694
0.047961585
0.047732376
0.048490115
0.04641635
0.045106567
0.045284454
0.044798862
0.044464115
0.044758063
0.044559535
0.046567872
0.048090916
0.048159853
0.048366714
0.04715237
0.0480239
0.04867606
0.0488827
0.049534783
0.05034953
0.05266388
0.052034993
0.05040864
0.05066604
0.050182194
0.050173197
0.048578143
0.04870636
0.050023265
0.050474163
0.050371595
0.050424617
0.048467327
0.048678424
0.048995566
0.04665168
0.047242194
0.046955414
0.046995677
0.048183866
0.049793568
0.04923984
0.051608562
0.05113743
0.050107356
0.05102079
0.050919842
0.048860032
0.049747936
0.0468911
0.04822692
0.05061569
0.049650136
0.04971218
0.05147919
0.053488787
0.05088351
0.050049063
0.050056208
0.05002495
0.05080769
0.049025107
0.04894907
0.049931012
0.050421145
0.04903004
0.04988271
0.050222956
0.05339784
0.053526
0.053021677
0.05368093
0.053951792
0.052864254
0.054162074
0.055330142
0.055438142
0.054640263
0.056082863
0.056479204
0.05729415
0.056841303
0.057917643
0.057838544
0.05749017
0.05622061
0.05434902
0.05484404
0.055181794
0.05579788
0.059115235
0.058065355
0.058171965
0.05957314
0.057641037
0.055774104
0.058143105
0.057854146
0.059894904
0.057013318
0.05893513
0.056222435
0.05497012
0.054591846
0.055399664
0.055040766
0.05431145
0.05584309
0.057595138
0.06098738
0.06343498
0.06283786
0.063735016
0.064566635
0.060476728
0.061101753
0.062139653
0.061109725
0.060082745
0.061715037
0.06064283
0.05983442
0.06063258
0.060085244
0.057901286
0.060372323
0.060219254
0.06138715
0.06357005
0.067024715
0.06560828
0.066022426
0.06240529
0.059880808
0.057184078
0.056631804
0.057608247
0.059076205
0.05603993
0.05859922
0.059046563
0.058874004
0.058984097
0.062117748
0.06328744
0.06308611
0.06408492
0.06683669
0.067679875
0.06560554
0.0656654
0.06374744
0.06384855
0.062120024
0.060745955
0.062344115
0.061479177
0.059132785
0.060903564
0.062300812
0.061244804
0.063707195
0.062627554
0.063495904
0.05901982
0.05846145
0.058675967
0.057544425
0.056256417
0.057138275
0.059713647
0.05723166
0.05838964
0.06045185
0.06457208
0.06286375
0.06435575
0.06138479
0.062095076
0.06163714
0.061249543
0.06282791
0.06431004
0.06436638
0.060903434
0.05990114
0.058183394
0.05813489
0.057482284
0.05841165
0.06174768
0.060126342
0.06129472
0.061487366
0.06424767
0.06119324
0.059259154
0.06009913
0.061032448
0.06428725
0.065660186
0.06555093
0.06575155
0.06369689
0.062933885
0.061355192
0.060653478
0.06130323
0.062394157
0.06035391
0.063151196
0.06582901
0.06208978
0.061995905
0.06198241
0.06053572
0.058317974
0.059382934
0.061457735
0.060409527
0.059292153
0.06100841
0.059369326
0.060066164
0.05941997
0.056866843
0.057423756
0.054988027
0.057318326
0.057666473
0.05712577
0.05927835
0.05855979
0.060600877
0.061863445
0.06275859
0.062293116
0.061022162
0.06121946
0.06091176
0.060992222
0.060678802
0.061112687
0.061796762
0.0628703
0.06346613
0.0605871
0.06118041
0.06288756
0.064840026
0.06365677
0.06788063
0.06656355
0.06775269
0.06594401
0.06312833
0.06346302
0.0623832
0.06079485
0.05851773
0.062454764
0.06363276
0.06478552
0.066677876
0.06570876
0.06509901
0.06265906
0.06167966
0.062662974
0.06314134
0.0642393
0.0662456
0.06489889
0.06327226
0.063625686
0.060917385
0.060463674
0.05912707
0.059147395
0.06191527
0.06327084
0.06396928
0.06553272
0.06671717
0.06565969
0.060935702
0.06060104
0.05899074
0.05734174
0.056629017
0.058180045
0.060268175
0.06159602
0.061170112
0.065082565
0.06298955
0.06150742
0.0632352
0.06412271
0.064756945
0.066099584
0.067694925
0.06899649
0.06443371
0.0659282
0.06553482
0.074288644
0.07870944
0.07835646
0.07697944
0.07644494
0.06935215
0.0667528
0.070658535
0.06919855
0.074409015
0.07055981
0.06808037
0.06659034
0.06915813
0.066941924
0.06886151
0.070121184
0.070617616
0.06911339
0.0722582
0.07195889
0.074441396
0.07420626
0.07580311
0.073254205
0.074852936
0.07163246
0.07112197
0.07081745
0.07388477
0.072885945
0.0745086
0.0741948
0.07662147
0.0731513
0.0706948
0.07097524
0.07070249
0.06694771
0.070055425
0.07629521
0.07537589
0.07654469
0.07858291
0.074877776
0.068192594
0.07012306
0.07082128
0.067352705
0.06595276
0.06959897
0.06639329
0.06823896
0.06855257
0.06902453
0.07239102
0.07294603
0.07544023
0.07465467
0.07789219
0.07221262
0.07388346
0.072253704
0.07407871
0.076563485
0.07717589
0.07824282
0.07995145
0.0783885
0.07592412
0.078713715
0.07648712
0.07615297
0.07463297
0.0705389
0.071424045
0.0733447
0.07597907
0.07743878
0.07915739
0.0760914
0.07608238
0.07077474
0.06924633
0.07112725
0.07212464
0.073958196
0.07336618
0.075042
0.075898305
0.076581575
0.07476399
0.07682824
0.07673492
0.07492614
0.07158481
0.068508096
0.06859345
0.06487877
0.064094834
0.064435
0.066279665
0.070700005
0.07088345
0.07424488
0.073180825
0.070590936
0.067051515
0.06816242
0.06685222
0.06696757
0.068755135
0.07404531
0.07787689
0.07558182
0.0764666
0.073232904
0.07300154
0.070389435
0.07215158
0.070225075
0.0721173
0.076230355
0.07717911
0.07886571
0.07920791
0.07799191
0.07444357
0.07548542
0.0723517
0.07335199
0.07554985
0.075592205
0.07183121
0.07290248
0.073721185
0.07491
0.07124013
0.073983595
0.07638621
0.0752757
0.07319556
0.076397225
0.0745099
0.07363742
0.07247462
0.071694694
0.06963312
0.06724078
0.065696046
0.06262478
0.062335134
0.06273884
0.06427821
0.06422165
0.06372142
0.06505366
0.06741096
0.06616302
0.06564843
0.0690184
0.06736113
0.07033885
0.07039491
0.07103476
0.07380189
0.07636317
0.076625474
0.07571003
0.07573527
0.07447798
0.07578373
0.073435694
0.07311759
0.07464332
0.068511285
0.066485375
0.065091185
0.066607736
0.07030638
0.07395058
0.074668415
0.07760484
0.077198975
0.07918423
0.074880265
0.07662005
0.07590162
0.07184317
0.06888336
0.06865611
0.07038512
0.06951205
0.0701716
0.07013769
0.0756566
0.07631206
0.07272934
0.07283193
0.07244753
0.07111062
0.07043995
0.070505336
0.07038689
0.06892536
0.06786223
0.06749746
0.06878404
0.07097506
0.06915014
0.06638054
0.0689398
0.06985817
0.07169169
0.07174475
0.068679884
0.07040192
0.07405609
0.07392816
0.072081566
0.072116874
0.07319173
0.074697606
0.074365176
0.07301439
0.073634505
0.070392564
0.06737474
0.064469896
0.06536381
0.06266908
0.06177491
0.061275072
0.06516124
0.06819674
0.06993175
0.06943014
0.072297536
0.07138449
0.069453605
0.06532537
0.06345947
0.06348483
0.06318401
0.06351721
0.065814815
0.06574676
0.06912666
0.07020393
0.07278743
0.07471283
0.07451964
0.075394645
0.0797483
0.08353204
0.08128765
0.07653158
0.07684694
0.08041258
0.07786201
0.07614043
0.07702567
0.08201359
0.08045566
0.0757482
0.07013299
0.07090131
0.07125514
0.07031326
0.06920945
0.07025693
0.06825794
0.07219414
0.07300556
0.0745493
0.078499936
0.083319105
0.08648833
0.08348235
0.08327432
0.08190022
0.07699392
0.072782025
0.07335597
0.07455768
0.074251905
0.0729301
0.07422366
0.07626401
0.07662744
0.07764535
0.078417145
0.07923412
0.07916433
0.08171178
0.0840396
0.08085698
0.08545153
0.08577543
0.09031171
0.088576436
0.09244557
0.09429672
0.08462561
0.085243076
0.08434069
0.084165275
0.08003374
0.07784832
0.0805228
0.079068094
0.082446165
0.08278718
0.08612924
0.090688705
0.08806176
0.09258994
0.08869972
0.0891405
0.088515334
0.09738983
0.09132419
0.09208246
0.09087506
0.091019824
0.08823905
0.08464128
0.08580998
0.08598423
0.08150132
0.082718916
0.07854128
0.08507677
0.08377544
0.086433165
0.08950093
0.08902434
0.09243647
0.088487156
0.09485337
0.09374762
0.09449611
0.09588122
0.095439844
0.09395949
0.089906625
0.085263595
0.08260439
0.08660508
0.090356246
0.09341758
0.10055709
0.09992061
0.10383567
0.0965928
0.090162724
0.08943039
0.09500819
0.094784714
0.0962416
0.09756239
0.09518525
0.09278194
0.094293624
0.090608224
0.09148233
0.087521344
0.08619634
0.08602034
0.08508095
0.08628135
0.08707144
0.09088315
0.092767574
0.09506259
0.09278638
0.09395468
0.08966885
0.08900774
0.09044693
0.08764563
0.089801334
0.091911465
0.09211773
0.09158005
0.08794111
0.08442444
0.087428525
0.08428732
0.08460317
0.08332683
0.08423256
0.08499419
0.08803507
0.092858925
0.09747777
0.09603234
0.09373933
0.092926025
0.089013584
0.08630422
0.08269283
0.084621035
0.08495702
0.0866724
0.08622617
0.086959556
0.08866154
0.087371826
0.08820628
0.08825269
0.08954176
0.08907234
0.09004311
0.09169153
0.09247184
0.0926212
0.093779735
0.095195614
0.1001024
0.09417441
0.09285321
0.09263797
0.08861639
0.08695873
0.085142106
0.08519549
0.08325378
0.081188984
0.08038672
0.08344764
0.08724498
0.08720133
0.08858225
0.09232456
0.09253669
0.08880027
0.08674282
0.08738923
0.08572138
0.0867302
0.08628594
0.08404782
0.08678474
0.08551545
0.08312442
0.08277593
0.08206349
0.08259762
0.08378441
0.08319513
0.08743816
0.08734389
0.08806095
0.08901829
0.08979422
0.090829544
0.090897664
0.09176806
0.09249892
0.09265143
0.09458789
0.09099153
0.0879456
0.08737196
0.08471269
0.08728372
0.087180294
0.08418625
0.08916708
0.092204355
0.09508185
0.09263851
0.08964048
0.08990611
0.0931915
0.091047205
0.09314098
0.09709682
0.1043151
0.103096806
0.097548425
0.095874116
0.09241684
0.0876482
0.082486555
0.08592864
0.09065976
0.090526365
0.09292306
0.093793
0.095626116
0.0973751
0.09541617
0.09321859
0.093907446
0.09139088
0.09132304
0.09487477
0.093342274
0.09085876
0.09127632
0.09005858
0.089847155
0.09067399
0.090890534
0.09033582
0.09779468
0.09842678
0.10055771
0.10245937
0.10730974
0.11140898
0.10656122
0.099433795
0.09863884
0.09512836
0.093991034
0.09145819
0.091448724
0.09188966
0.09776354
0.1010006
0.10401918
0.10397189
0.10728034
0.11184318
0.11218129
0.114154726
0.1205787
0.12183902
0.118756086
0.118109785
0.11433164
0.1178401
0.11697847
0.1291746
0.12388699
0.12700905
0.12890546
0.11877232
0.11615491
0.11188024
0.11462799
0.12141379
0.12824984
0.12666789
0.12623794
0.1247015
0.121128395
0.11350919
0.1116284
0.11453147
0.11459328
0.120646685
0.11730312
0.116135344
0.11930734
0.114723615
0.120244786
0.12621643
0.12239365
0.11777143
0.11680956
0.11370363
0.11420084
0.11043523
0.11134802
0.10971158
0.11066604
0.11272566
0.11479777
0.110062666
0.11318288
0.113774166
0.11425791
0.11192441
0.11119454
0.10639746
0.10988065
0.10515019
0.10780213
0.110486984
0.11509606
0.12074942
0.11427646
0.11518328
0.11799807
0.11238778
0.11364452
0.1087399
0.106120504
0.11182377
0.108540274
0.10669507
0.11206538
0.11094102
0.1158135
0.12179523
0.12268865
0.13027097
0.1312842
0.12838255
0.12660989
0.123168476
0.11818632
0.11345165
0.10738083
0.10828778
0.11410084
0.11173695
0.113206424
0.106748894
0.10543363
0.10950715
0.10734838
0.10477029
0.10098532
0.0991228
0.10288348
0.1058011
0.10195186
0.10250626
0.09608785
0.098725446
0.10018526
0.098649494
0.09501295
0.09948436
0.10084002
0.10021366
0.10244274
0.1019884
0.10653362
0.10648012
0.10041241
0.096181914
0.09545391
0.09420713
0.09308827
0.09334696
0.09070088
0.09268811
0.094971694
0.09627334
0.09829355
0.09877579
0.10243212
0.10245336
0.10222369
0.10049763
0.09966996
0.0959921
0.09860832
0.09839258
0.095877044
0.099352494
0.101777785
0.101443246
0.10244897
0.098810814
0.101109035
0.10348867
0.10062449
0.1110783
0.109129846
0.11161167
0.113678806
0.11309223
0.11035131
0.11321807
0.104104556
0.10665311
0.10662886
0.10691588
0.108267546
0.109481454
0.11046101
0.10661417
0.10792176
0.1048268
0.104485966
0.10451766
0.101874314
0.10146806
0.09966531
0.09722983
0.09880192
0.100723624
0.103872284
0.10434395
0.10774196
0.10264598
0.106849894
0.11070489
0.10974873
0.10883354
0.10431114
0.10239834
0.10656673
0.10222732
0.09889895
0.098921925
0.09399845
0.091476835
0.09288005
0.09693398
0.09804144
0.10027589
0.09925841
0.100444816
0.10443495
0.11362243
0.113348305
0.110122986
0.10633968
0.10587602
0.10861076
0.1110206
0.109040864
0.102487616
0.100858815
0.10023701
0.09964293
0.097246304
0.09718596
0.093388095
0.0952416
0.08960812
0.08944401
0.08850072
0.08992165
0.08830901
0.09185616
0.091126755
0.09083176
0.085396886
0.08747642
0.08614587
0.08770883
0.087311
0.08536334
0.08537179
0.08534487
0.08361815
0.083168864
0.086243995
0.088820755
0.08829344
0.08843471
0.08974801
0.08778908
0.08980572
0.09226998
0.094082974
0.09502007
0.0981602
0.09641477
0.09483389
0.09091018
0.09373236
0.09145874
0.09099155
0.08840506
0.08945254
0.09129159
0.09079717
0.09308754
0.09390901
0.09148323
0.106487826
0.10451376
0.10631802
0.103966184
0.10310326
0.10215849
0.10388788
0.105262116
0.106961675
0.1042068
0.09592719
0.0957951
0.09506711
0.093148865
0.09688055
0.094474524
0.09594509
0.09934816
0.0995937
0.09918918
0.096646555
0.09617767
0.096616685
0.09636533
0.09700749
0.092470996
0.093620576
0.08963964
0.091042764
0.090039365
0.09094406
0.09172243
0.09539379
0.094233885
0.09082221
0.09220854
0.094803475
0.091837764
0.09382043
0.09466394
0.09443658
0.092615746
0.0921352
0.0885043
0.090484776
0.09228412
0.091999404
0.08844302
0.08838844
0.08874521
0.08815982
0.08834042
0.088603415
0.09345389
0.09439373
0.094077006
0.092994235
0.092025615
0.09200619
0.09206133
0.091908924
0.09271899
0.092225604
0.092245035
0.08981158
0.0919695
0.09384958
0.09578928
0.09459952
0.09493497
0.09573052
0.09742108
0.0951336
0.09481157
0.09380906
0.09401286
0.098589204
0.097781174
0.098247185
0.10182015
0.107743464
0.10868854
0.11049747
0.114447944
0.11928849
0.11855565
0.11339928
0.11396463
0.110107966
0.10870162
0.10190218
0.0978318
0.09426996
0.092325866
0.09169759
0.09401403
0.09400946
0.09162621
0.092942536
0.09631302
0.09556851
0.09790246
0.09916093
0.10338593
0.10648613
0.111287385
0.11221875
0.11210845
0.11588093
0.11961338
0.118347086
0.13192694
0.13075463
0.13018891
0.12404251
0.12506412
0.12319494
0.11869512
0.11630737
0.113715984
0.11438793
0.104525805
0.10774756
0.10761687
0.109195575
0.108341984
0.10900823
0.11370149
0.11266249
0.11105253
0.10921502
0.10663383
0.105075575
0.100931935
0.098041
0.10067045
0.10261753
0.10219819
0.098891884
0.09306861
0.094442196
0.09262501
0.09364748
0.093838096
0.095238075
0.09638617
0.09560303
0.09379456
0.09040473
0.089562826
0.08719064
0.085361935
0.08474725
0.085577086
0.08362325
0.08460217
0.08323227
0.08764164
0.08745297
0.08518494
0.08589184
0.08880163
0.09060697
0.090646535
0.088484734
0.09018649
0.08847664
0.08977334
0.090070374
0.091010064
0.09445899
0.09596148
0.09076858
0.09076685
0.09570827
0.09370312
0.09115281
0.08919948
0.09261097
0.09503002
0.09534012
0.097472176
0.09796801
0.09732492
0.09569121
0.09771812
0.09536452
0.09607498
0.09638675
0.09173059
0.09667119
0.0969241
0.099120855
0.094064355
0.09233545
0.08843404
0.088933475
0.08691536
0.089761116
0.090888195
0.09166839
0.08939028
0.091241464
0.09307639
0.09506074
0.09476439
0.097353786
0.09677122
0.10403677
0.10598017
0.11122914
0.10947683
0.11296439
0.11490199
0.11508346
0.12132065
0.11998829
0.11842657
0.11611484
0.11772812
0.11796755
0.123598196
0.11746944
0.11577438
0.113483965
0.11359066
0.1164166
0.112464
0.10990908
0.1047894
0.10414678
0.10497857
0.10668394
0.105500884
0.106138825
0.10322899
0.10210286
0.1057525
0.11082574
0.111712806
0.112061836
0.110657655
0.11413942
0.12038146
0.12469229
0.12874284
0.12534098
0.12483328
0.12506351
0.12671214
0.13402633
0.1321814
0.13394609
0.1367343
0.13773967
0.13712949
0.13588361
0.13455212
0.13152882
0.13079035
0.1370023
0.13780448
0.13610034
0.14080721
0.14113022
0.13970172
0.14477077
0.14140904
0.14534156
0.14901192
0.15401182
0.1587492
0.1583193
0.16196206
0.17132257
0.18007308
0.18614957
0.20853224
0.21529613
0.22386946
0.22221631
0.22164066
0.2191166
0.22680561
0.21541128
0.21718152
0.2113668
0.20193452
0.20115283
0.18259552
0.18207145
0.18742594
0.19175228
0.19838822
0.22041486
0.21867995
0.20760384
0.20513082
0.20534122
0.21092996
0.21196482
0.22281274
0.22150879
0.21927634
0.21741499
0.21539928
0.20418862
0.21425676
0.21092913
0.21401468
0.20711868
0.20977385
0.21427973
0.20914675
0.21089195
0.20502646
0.21064308
0.21825138
0.21959585
0.22601962
0.23312308
0.24086131
0.23417747
0.23883812
0.23672138
0.23745146
0.23673771
0.25065213
0.25042343
0.25025985
0.25665155
0.25809625
0.25350353
0.255232
0.24843368
0.24604906
0.24756277
0.25407562
0.2473273
0.24307363
0.24579081
0.24588697
0.23555303
0.2273006
0.22951199
0.22956325
0.23620299
0.24704573
0.23551822
0.2348681
0.24162546
0.25344047
0.25461727
0.25835443
0.25357303
0.2541252
0.26287073
0.26709142
0.26799315
0.27904004
0.2710323
0.27843744
0.28144404
0.28222305
0.28246716
0.2935416
0.28057635
0.30267048
0.31513923
0.3129455
0.32016376
0.30309126
0.2791148
0.27808464
0.26397872
0.27191988
0.27433118
0.26853925
0.26196513
0.25876567
0.26548105
0.2731556
0.29008493
0.30017877
0.3265779
0.36755112
0.38628656
0.43206915
0.42853668
0.43706
0.4777365
0.48617804
0.4824723
0.4515678
0.42151982
0.41007382
0.39589638
0.3984377
0.41014707
0.39106974
0.3832308
0.37148932
0.36835045
0.36415514
0.3815473
0.37898064
0.386002
0.393637
0.38038513
0.38467973
0.39065462
0.37168932
0.3544538
0.3415681
0.329864
0.341159
0.34120438
0.35389858
0.3607584
0.3455602
0.3618377
0.36050993
0.34418935
0.3448571
0.34498525
0.35246697
0.34955382
0.33909938
0.34405783
0.35060444
0.3617952
0.36176008
0.36815342
0.36547837
0.3597883
0.3482478
0.33151028
0.33261004
0.33592007
0.33151963
0.32234225
0.31308517
0.30692485
0.31174764
0.32076445
0.3161302
0.3169463
0.30978447
0.31109396
0.30354375
0.3051176
0.31437376
0.32732436
0.33429956
0.33232093
0.34461337
0.33713928
0.33293903
0.3299248
0.33301377
0.33219823
0.33219823
0.33219823
0.33219823
0.33219823
0.33219823
0.33219823
0.33219823
0.33219823
0.33219823
0.33219823
0.33219823
0.33219823
0.33219823
0.33219823
0.33219823
0.33219823
0.33219823
0.33219823
0.33219823
0.33219823
0.33219823
0.33219823
0.33219823
0.33219823
