9.6302696E7
4.725182E7
1.7671664E7
1.059064E7
7359269.0
5708118.0
4516906.5
3670697.2
3178066.5
2754937.8
2501107.0
2269034.0
2093573.1
1925536.5
1764866.4
1651346.6
1572465.9
1454980.9
1387037.1
1334878.0
1264966.5
1220275.1
1184133.9
1155419.0
1129549.4
1072445.6
1029459.94
1011427.94
987131.2
984037.3
925219.56
941006.94
901995.8
873797.7
876545.3
876396.94
808352.75
807773.4
790510.9
753867.06
749934.4
739969.8
717221.56
715629.3
710143.2
711528.6
676112.6
676222.0
691271.44
647504.9
638569.7
631169.9
637422.94
632759.3
620231.25
599232.56
595179.75
618963.8
580793.75
575339.9
555455.7
561466.06
541553.9
522873.94
520399.22
526133.6
518433.03
504569.97
509883.4
501946.16
493419.3
490245.8
483002.44
475453.28
471884.25
462513.84
460054.0
444997.2
442816.47
438181.22
438355.75
433390.66
417583.0
414933.12
412610.56
406913.94
422275.44
407563.38
401305.53
403877.3
396494.78
390384.28
383316.1
374650.3
381966.03
368694.6
374248.28
368513.06
367049.7
367924.25
357361.38
367058.03
352183.84
349540.28
347000.5
342905.62
339805.06
341413.06
333543.56
332291.88
326131.28
327494.5
319700.6
316973.6
315368.7
316656.53
314922.97
322483.38
316033.3
314168.56
314564.7
309005.88
304011.06
305521.12
311868.06
317631.5
310993.56
296087.38
299901.8
293407.6
295152.62
290837.72
287651.47
280670.7
279176.0
276009.1
271589.97
275509.66
276358.7
277280.53
279572.06
272270.84
273780.84
275791.72
266193.9
265666.66
258557.19
258442.38
262812.53
251623.28
246203.58
249373.34
246122.47
252585.56
242918.4
243907.98
246489.05
241470.45
243716.4
239115.6
239174.9
240199.23
229629.3
231308.6
232721.28
225488.56
222553.75
223764.73
218279.72
217337.23
218747.1
217957.0
216088.5
218438.33
213588.27
213554.73
218196.73
216037.39
206450.61
206772.6
206956.84
206425.56
204581.66
207508.7
201901.0
204313.06
194984.95
197781.34
194320.22
198304.14
189780.88
189600.14
191927.31
193585.33
192764.64
188169.06
185438.11
181481.19
179869.88
185279.56
180525.12
175185.48
178449.48
177944.23
178381.58
174307.67
171484.38
165622.38
168770.58
168159.0
167664.73
165282.38
168871.8
165417.38
166573.17
165768.95
170826.05
163026.39
164485.48
159653.52
158823.34
152723.66
148514.5
147858.19
153037.89
149059.73
151190.48
148793.12
151538.06
149463.94
147814.03
152377.47
145813.6
149715.47
145603.86
147598.16
146888.92
144065.66
148648.1
149236.42
143315.27
142121.11
140071.3
141213.08
142226.97
137876.98
135676.69
131917.56
132855.64
135366.44
134395.8
133432.33
134297.53
133196.67
128063.805
130988.29
128066.586
132574.61
126543.17
129673.1
122749.63
129727.06
125657.39
124410.234
126834.516
123906.89
127606.62
133135.39
125466.49
127909.51
120045.23
122933.266
120800.97
127979.67
122727.086
122808.87
120211.99
118325.38
115503.99
115112.38
111068.88
111046.02
111943.81
112663.75
109202.04
113864.3
110803.49
111144.45
111171.23
119373.22
114852.45
111169.89
116297.87
109276.984
108152.3
110227.58
112463.04
108889.25
111581.67
110455.77
120630.99
121867.2
121929.43
117494.84
110094.836
114186.75
105251.32
106205.07
105542.98
103514.04
104518.84
104251.02
105461.33
109297.664
102722.516
105406.914
103051.73
96713.016
98165.086
93772.37
98324.24
95351.15
100223.79
102467.375
91175.56
100434.016
92056.98
92572.01
93367.125
97722.4
96855.3
100041.34
93517.164
92977.0
92175.086
88361.18
86941.19
88381.695
85346.66
83795.05
87540.81
84436.55
86501.11
82881.52
82979.57
80632.75
85491.87
80969.34
80299.2
78612.5
73734.76
75192.62
72740.01
72375.945
69551.93
71163.32
70375.414
70813.414
83077.8
70591.96
70519.836
67676.71
67328.836
70594.5
71543.24
68248.41
69274.78
82730.37
64832.434
65747.234
64388.82
61281.47
62606.26
65152.324
60511.14
63159.793
57442.4
60062.7
62638.402
62819.207
59631.57
61119.133
57695.336
62946.625
64061.773
53171.184
54748.895
49878.93
55037.016
57103.66
51807.363
51714.62
55643.996
56035.89
50727.844
49065.895
48920.3
45058.53
56183.73
50612.57
47911.78
48815.746
48898.97
47565.332
51606.35
46580.05
44398.535
48978.195
44800.406
42725.617
44992.47
44255.273
41948.73
45272.63
41403.836
39002.754
43079.492
41007.58
37549.38
38457.34
49869.656
42101.566
47014.82
36210.332
56251.684
40450.215
49745.688
37215.383
34356.953
34358.863
36966.1
36587.637
51261.51
38128.69
53924.535
41011.035
35603.727
30394.91
32344.033
33739.008
30331.68
31471.707
35724.676
35403.574
34097.086
38616.12
31704.676
34776.64
61271.004
32590.49
35810.84
32941.582
53185.453
30019.39
34204.324
30054.85
29681.594
29642.225
27743.834
31111.938
26614.006
40066.43
38311.18
25336.682
27360.504
27152.797
26069.99
28524.908
38512.215
28121.475
24930.744
30659.926
26404.842
25682.871
24080.916
26732.018
22186.336
29670.129
27132.805
24296.986
27231.703
37189.984
27728.898
23915.734
27518.178
27058.01
24046.777
25989.578
24097.719
31444.271
26556.05
29343.691
25855.857
33184.81
24463.643
27226.623
26425.553
24589.19
29570.082
23843.918
28324.934
22694.096
28739.693
29168.115
26195.768
23398.902
27897.58
21513.72
21915.08
26470.99
16782.252
23452.652
22410.738
28661.168
20283.123
29860.885
35283.22
23892.688
26134.281
24969.06
26660.082
23221.543
25313.482
23952.158
22460.713
21998.438
23323.418
19816.965
17119.35
18353.555
29064.125
29305.639
21313.26
19662.2
18818.223
17689.732
28171.893
20934.021
17159.84
17932.242
19280.004
18133.432
28432.914
13400.507
19262.582
16362.872
19087.764
18055.865
25670.863
17064.57
17424.605
13324.599
15751.58
33104.895
14454.834
12743.669
17564.258
16978.146
17661.295
17948.406
15725.004
15419.734
14700.564
25028.99
18510.287
11664.869
9819.778
22633.441
18398.01
13063.1875
16433.1
18476.826
14369.031
14442.053
11694.417
13521.693
13459.468
9214.337
10628.756
7826.1597
8805.399
67422.33
9677.052
17318.275
24721.658
13141.875
8116.3623
9227.684
26725.232
11290.409
20485.576
4139.937
10460.377
13488.687
17311.906
39102.254
7530.2383
9797.601
15172.587
10415.707
12241.248
13713.755
9876.204
9177.872
8260.314
47292.86
4131.4717
4242.3247
11862.255
12762.778
4043.8796
3804.29
6223.1943
5446.7207
866.0481
4088.973
9551.869
8739.979
16866.32
299415.34
18456.61
16890.578
75439.55
2891.6577
12636.581
75258.305
226505.12
80894.69
1770.8533
5755.273
2092.8267
5665.8154
18886.05
7082.269
4856.413
4047.011
3777.2102
3777.2102
3777.2102
3777.2102
3777.2102
