241.41031
304.0129
142.60835
93.96673
69.65338
55.282257
45.605923
38.669693
33.720562
29.630917
26.57314
23.94159
21.970762
20.351969
18.806498
17.647116
16.505772
15.638698
14.701081
13.910569
13.310446
12.767007
12.236375
11.779142
11.296985
10.80427
10.495117
10.126566
9.85979
9.500109
9.221463
9.002945
8.740617
8.515608
8.374423
8.183978
8.063838
7.873623
7.66198
7.515648
7.3925557
7.242581
7.2152615
6.997615
6.8816056
6.778963
6.65769
6.6155243
6.49465
6.335695
6.2354302
6.1320567
6.048578
5.9975934
5.8818035
5.781077
5.744774
5.7103972
5.600181
5.5623574
5.504738
5.4489746
5.3605413
5.3497763
5.305835
5.256238
5.184332
5.2131114
5.0604672
5.034707
5.0021195
4.978799
4.933246
4.901019
4.8757267
4.846293
4.7913527
4.7619677
4.73184
4.7189865
4.627521
4.684851
4.6040406
4.5529103
4.4690123
4.460463
4.448237
4.3953815
4.3674755
4.333005
4.3177433
4.321661
4.284764
4.2559977
4.218297
4.1953797
4.1954207
4.16608
4.1931667
4.132377
4.088979
4.084067
4.0471373
4.0602217
4.0119567
4.018244
3.9937031
4.0101523
3.9625118
3.9423285
3.945425
3.9239159
3.885555
3.9183016
3.8656723
3.8752222
3.8608224
3.8541641
3.8127353
3.7988405
3.8501606
3.768613
3.7538238
3.772089
3.7313068
3.7123663
3.6805456
3.7324598
3.71242
3.6985075
3.6576393
3.5971406
3.6102297
3.6400504
3.5888076
3.5645027
3.5714698
3.591764
3.5215497
3.5034814
3.517309
3.4969487
3.5769782
3.4874165
3.46603
3.462238
3.4539778
3.4259534
3.404619
3.3991013
3.4091616
3.3874996
3.334
3.3476124
3.3458917
3.3337753
3.3069422
3.2646677
3.2883806
3.290359
3.265662
3.2270837
3.2505956
3.2332332
3.2043862
3.1990654
3.2108185
3.1780243
3.183464
3.1859338
3.1796668
3.1590018
3.2475436
3.1457207
3.1367946
3.166622
3.181862
3.1428246
3.1017478
3.114111
3.0753105
3.062907
3.0653334
3.0997488
3.0607014
3.0624514
3.0507393
3.044136
3.031666
3.0572069
3.0165
3.0334296
3.0455391
3.019235
3.0435905
3.0160186
3.0197654
2.9995067
3.0022068
3.0575478
3.0027204
2.9742918
2.9903986
2.9904485
2.979468
2.9639432
2.958076
2.954927
2.9546132
2.924112
2.923549
2.8990047
2.90785
2.9119418
2.8537421
2.8526187
2.86347
2.9080362
2.864385
2.8168647
2.844152
2.84142
2.849932
2.82381
2.818711
2.8141627
2.8528643
2.8013558
2.7844803
2.7932997
2.757043
2.7951334
2.7735121
2.772867
2.7659774
2.7459376
2.761226
2.7493672
2.7292416
2.74037
2.7445316
2.7057514
2.716649
2.7196066
2.7233818
2.7273688
2.7141914
2.6939888
2.736042
2.6781182
2.6920564
2.699359
2.6928256
2.6690536
2.655778
2.6783702
2.6389813
2.6450312
2.6520724
2.6499562
2.630087
2.6457891
2.6187804
2.6212234
2.632896
2.656092
2.654803
2.6282976
2.6222246
2.6309102
2.627439
2.6244855
2.6165788
2.6279984
2.594906
2.6542497
2.5970151
2.5929317
2.5877671
2.5878685
2.5712426
2.6291633
2.5827148
2.575664
2.6001928
2.5556448
2.5497782
2.5477893
2.5836368
2.5484924
2.554895
2.5488894
2.5667453
2.5700052
2.5678372
2.5524628
2.54667
2.5417588
2.559102
2.5420604
2.5505188
2.5516806
2.5721931
2.5512748
2.5456257
2.556504
2.5618715
2.5768225
2.528984
2.5677505
2.5639813
2.556244
2.564708
2.5421672
2.565466
2.5913167
2.564955
2.611765
2.5709043
2.563566
2.5476637
2.5834534
2.5675156
2.5626276
2.5413923
2.5617716
2.5328932
2.5357947
2.55618
2.5323281
2.517772
2.537636
2.5251372
2.517338
2.4962966
2.488696
2.5184689
2.4864466
2.5368083
2.5013947
2.516943
2.50654
2.5016518
2.5355134
2.5125484
2.4970863
2.5168884
2.5112581
2.5059688
2.4981914
2.5114408
2.5285192
2.5112422
2.48041
2.5189424
2.5441892
2.50028
2.4894028
2.5037522
2.5103033
2.501819
2.5148442
2.5070257
2.5314453
2.507603
2.4970996
2.5228634
2.50262
2.5342395
2.5067456
2.493181
2.4958916
2.5089467
2.4803731
2.4746127
2.477898
2.456098
2.4777083
2.4841983
2.482564
2.4863436
2.4735804
2.4607892
2.4785862
2.4581866
2.4374235
2.4590936
2.4714255
2.4513457
2.4743466
2.4723866
2.4630823
2.4851737
2.4862347
2.4956827
2.473855
2.4719284
2.4890194
2.4740489
2.4677336
2.47654
2.490176
2.4599295
2.4724383
2.4761777
2.4986563
2.489348
2.496459
2.473622
2.4888244
2.499074
2.4697707
2.494554
2.4352927
2.475588
2.4765234
2.468568
2.4933503
2.4753904
2.4663801
2.4909549
2.4568233
2.4591682
2.464242
2.446711
2.464845
2.4645603
2.4520357
2.469931
2.4467053
2.4336395
2.4499552
2.4719963
2.4840014
2.480598
2.4700053
2.4758427
2.465319
2.4779549
2.48528
2.4599273
2.461114
2.4732528
2.490507
2.487327
2.4939408
2.5085878
2.4840498
2.4618688
2.5162866
2.4877203
2.5026557
2.4980824
2.4975605
2.4958742
2.4988077
2.4579716
2.4922621
2.474703
2.4654546
2.4726584
2.460145
2.5032153
2.450765
2.4638588
2.4669352
2.456098
2.4626243
2.4845905
2.4572923
2.4969442
2.4752214
2.4852884
2.4674563
2.4691277
2.466057
2.478431
2.4841635
2.5048976
2.477743
2.489841
2.5133457
2.5053873
2.5122697
2.49655
2.5018497
2.4870343
2.4997206
2.5215485
2.505822
2.4770617
2.5374086
2.506702
2.523446
2.4828138
2.5076134
2.5065696
2.500799
2.5231183
2.4984813
2.494617
2.4952996
2.5022137
2.4883375
2.5195267
2.4927914
2.5099552
2.4827297
2.4997406
2.5240932
2.511549
2.5310855
2.5215037
2.509045
2.4975028
2.4977536
2.487814
2.5282788
2.540665
2.5369358
2.5033672
2.5174105
2.533676
2.507327
2.5543904
2.518814
2.5209305
2.5186841
2.541839
2.5555804
2.5710332
2.5608559
2.6026769
2.5884428
2.5719137
2.5913186
2.5823972
2.5709043
2.5737839
2.5987327
2.584005
2.6024187
2.5804162
2.5651715
2.5871484
2.579916
2.5871234
2.5897768
2.592358
2.588609
2.589495
2.5760267
2.5633852
2.547298
2.5604553
2.5778117
2.5768635
2.5417337
2.5347161
2.5443726
2.5729792
2.5736074
2.5766053
2.5446508
2.5682065
2.5695298
2.5373065
2.553522
2.5717409
2.5569324
2.5660174
2.5538442
2.5385585
2.568635
2.5522947
2.5648725
2.5532198
2.5431936
2.5192204
2.5568857
2.5472193
2.5835323
2.5300386
2.5449839
2.5093927
2.5214984
2.5314932
2.55184
2.5175834
2.5117097
2.51819
2.521852
2.5524838
2.5343547
2.491831
2.5593553
2.5249116
2.518229
2.529715
2.5308821
2.5426059
2.519777
2.5645657
2.5488174
2.549082
2.5393114
2.5469484
2.537741
2.511321
2.570145
2.5062609
2.5245445
2.5104616
2.516998
2.5156069
2.5112064
2.5131598
2.5054946
2.4710495
2.496405
2.4750216
2.4723136
2.483316
2.4845355
2.4737878
2.4922864
2.476355
2.460373
2.4758768
2.4778006
2.4526165
2.4689286
2.4530373
2.4700086
2.4608066
2.4420753
2.4609838
2.4330027
2.4789426
2.4255202
2.444852
2.4426925
2.421617
2.4278243
2.4299822
2.4240234
2.3982995
2.3935277
2.4133554
2.4211771
2.4012623
2.3815317
2.3789258
2.3975878
2.4006808
2.3773139
2.3851604
2.4047904
2.4234967
2.3920653
2.386703
2.3674524
2.3856125
2.3961473
2.3723783
2.3805254
2.374415
2.3596199
2.3687592
2.3307142
2.3815129
2.3617868
2.360376
2.349811
2.3288958
2.3458526
2.3330748
2.3088074
2.3171432
2.3328598
2.2881038
2.298836
2.312376
2.2915616
2.2813249
2.280129
2.2929971
2.271221
2.2839904
2.278807
2.2751465
2.251781
2.2663128
2.2739415
2.250891
2.261519
2.2499084
2.2792947
2.229504
2.2256196
2.2445467
2.240332
2.2534926
2.2527246
2.2224548
2.229089
2.2004807
2.1992486
2.2084634
2.1837068
2.207897
2.207809
2.204957
2.1855705
2.1870825
2.1865091
2.1575925
2.1728191
2.1599042
2.1584773
2.1427615
2.164533
2.162259
2.1425338
2.1130807
2.1203525
2.1218212
2.1148174
2.136618
2.1181204
2.1136765
2.1276684
2.0996294
2.1412067
2.129488
2.1252458
2.1425698
2.1249127
2.096166
2.1081717
2.078161
2.1194208
2.1060214
2.0681787
2.054093
2.0568523
2.058619
2.045805
2.032008
2.0403879
2.034922
2.0132177
2.0326056
2.0321743
2.030401
2.005607
2.008512
2.0236561
2.0057356
1.9973266
2.0073953
1.9955335
1.9824102
1.9896472
1.9762332
2.0027301
2.0046904
1.945189
1.9833549
1.972442
1.9916263
1.9774729
1.9906557
1.952522
1.9750592
1.9505384
1.9319446
1.9609227
1.9318544
1.9488592
1.9168698
1.9327698
1.9646319
1.9155264
1.9199443
1.9154599
1.9318954
1.9193745
1.927953
1.8975112
1.9173863
1.8969734
1.8824319
1.888474
1.8733188
1.8937628
1.8892137
1.8798841
1.8668245
1.8750788
1.87388
1.8685192
1.8931489
1.8895346
1.8647213
1.8603851
1.8488778
1.8538699
1.8730083
1.8725976
1.8476532
1.8406229
1.8363081
1.8191376
1.8244532
1.8363092
1.830296
1.8160912
1.8194311
1.7879356
1.8121738
1.778574
1.7856725
1.7712193
1.7750901
1.7498201
1.759076
1.7778162
1.7874153
1.7473361
1.7791982
1.7379518
1.7482631
1.7293167
1.732586
1.7639594
1.733776
1.7196522
1.7317806
1.717833
1.7352744
1.7157406
1.7080646
1.7235358
1.7014607
1.7181475
1.68953
1.6745889
1.6991485
1.6649765
1.6718389
1.6733475
1.6929414
1.6498467
1.63241
1.6392233
1.6476073
1.6568199
1.656409
1.6241957
1.6362363
1.6344348
1.6112516
1.6228858
1.6183466
1.602161
1.6078347
1.5987736
1.5792485
1.586161
1.5930544
1.5716978
1.580475
1.5879217
1.5785738
1.550805
1.560991
1.5569358
1.5814549
1.5855819
1.5550847
1.571693
1.5422795
1.5750196
1.559156
1.556605
1.5616317
1.5449697
1.5313104
1.5493884
1.5504569
1.5291543
1.5604643
1.5468885
1.5534315
1.5351635
1.5537393
1.5536165
1.5323082
1.5391806
1.5638251
1.5659277
1.5617238
1.5406724
1.5426673
1.5627767
1.5375768
1.5390682
1.5157365
1.5187672
1.4986489
1.5090034
1.5269365
1.5049323
1.5034465
1.4779135
1.505052
1.4824082
1.498264
1.4897413
1.5154917
1.4737375
1.4934908
1.4774778
1.488818
1.4935044
1.489275
1.5005599
1.4866151
1.4822602
1.4598421
1.4682883
1.4765319
1.4520261
1.4459639
1.4533379
1.431407
1.4381754
1.4330299
1.4213022
1.4527158
1.4323875
1.4250064
1.427932
1.443502
1.4161041
1.4083638
1.4148527
1.4005203
1.415369
1.4026718
1.3913523
1.3935077
1.3958075
1.4057825
1.412459
1.4019039
1.3846232
1.3926408
1.3890486
1.390862
1.386249
1.3633603
1.3742678
1.3769399
1.3500748
1.3763636
1.3713788
1.3758082
1.3548964
1.3318589
1.3511984
1.3626952
1.3486623
1.3517439
1.333249
1.3437878
1.3463396
1.3403146
1.3439624
1.353451
1.3469585
1.3492496
1.3459806
1.3237436
1.3446304
1.3326025
1.3457867
1.3225507
1.3362392
1.3108673
1.3107538
1.3080323
1.2995915
1.2889854
1.3058689
1.308876
1.3024422
1.3044503
1.2992699
1.3026288
1.2951624
1.2905734
1.2479472
1.2942553
1.299103
1.298687
1.2849754
1.312698
1.2833368
1.2768524
1.2877996
1.2628798
1.2584839
1.2764444
1.2702389
1.2770631
1.269712
1.2647012
1.2664875
1.264892
1.2666733
1.2798887
1.2619289
1.2418981
1.2424567
1.2477165
1.2457644
1.2537904
1.2240182
1.2302655
1.2321135
1.2103353
1.2292907
1.207508
1.2471017
1.2517018
1.2365836
1.2348218
1.2493045
1.2317954
1.2495683
1.2192866
1.2277577
1.2086245
1.2273033
1.2000464
1.2326429
1.2037292
1.1869975
1.2037233
1.2183238
1.2020073
1.2227753
1.2131969
1.2003905
1.2040569
1.2103032
1.2258412
1.2284048
1.1986134
1.2073737
1.2169764
1.1896597
1.1860741
1.1925368
1.1897439
1.1948264
1.1953409
1.2016519
1.1855134
1.1732239
1.1992992
1.1877699
1.194681
1.1609696
1.1751761
1.1658031
1.1658047
1.1684551
1.1551725
1.1565527
1.1770111
1.1576923
1.1678565
1.1622964
1.1467477
1.1540389
1.1519278
1.1490222
1.1489437
1.1644315
1.1422437
1.1303452
1.1395341
1.149955
1.1396345
1.1484934
1.1306525
1.1338738
1.1148869
1.1047627
1.1347002
1.1250087
1.1240667
1.1339293
1.1010866
1.1132842
1.135329
1.092353
1.0988568
1.119044
1.0958793
1.1200781
1.1035073
1.1317979
1.0962846
1.1160983
1.1155252
1.0863799
1.1175885
1.1138967
1.072779
1.1001699
1.0950164
1.1194307
1.0969952
1.0905073
1.1093441
1.1054511
1.0993475
1.1031141
1.090062
1.0818571
1.097903
1.0792817
1.0677829
1.0776718
1.1037874
1.0861717
1.078929
1.0669047
1.0840003
1.0673726
1.0578104
1.052767
1.0648024
1.0543965
1.0763084
1.0491774
1.062513
1.0419563
1.0593569
1.056588
1.040562
1.0535915
1.0564833
1.0360979
1.0611937
1.0472099
1.0505297
1.062949
1.0583533
1.0439088
1.0379883
1.0466198
1.0428959
1.038848
1.0185298
1.0154036
1.0357406
1.0271596
1.0376654
1.0286326
1.0401287
1.0109583
1.018803
1.0099385
1.0191952
1.0164491
1.0441173
1.0177397
1.0221242
1.0062099
1.0237232
1.0195556
1.0253279
0.9996271
1.0097041
1.0090843
1.0105144
1.0072443
1.0049073
1.0146039
1.0251594
1.0140435
0.99821854
1.0208261
1.0040203
0.9894866
1.0193354
1.0090562
0.9925781
1.0188825
1.0077146
1.0033579
1.0128559
1.0168408
1.0108165
1.0078354
0.9999793
0.9855697
0.9983692
1.0059524
0.9994919
0.9973507
0.99795747
0.9826474
1.01012
0.991309
0.98383814
0.991356
0.98090816
0.9775448
0.9569554
0.96665776
0.96679074
0.9681789
0.9490617
0.96410656
0.9507072
0.9613314
0.9359063
0.94545525
0.94324803
0.94302094
0.93673635
0.95199734
0.94367903
0.9451043
0.9456696
0.92455035
0.9120006
0.93126196
0.9212063
0.93027043
0.9206868
0.9181919
0.9304889
0.9166687
0.93048865
0.918987
0.8983648
0.91595525
0.9040612
0.9368789
0.91894907
0.91253287
0.91492075
0.91147333
0.916036
0.9091515
0.9079507
0.88881177
0.885109
0.89992243
0.8974349
0.8942915
0.9014608
0.8871241
0.8918151
0.8931116
0.9014396
0.8792444
0.8897654
0.8903583
0.88308126
0.90113974
0.89270633
0.879375
0.8879004
0.8846359
0.8780108
0.9006189
0.87930703
0.86440617
0.87843126
0.8798682
0.85320514
0.8626766
0.8746216
0.8469661
0.87272334
0.8661414
0.8721687
0.8720915
0.8620501
0.855256
0.8598533
0.8856474
0.86491185
0.8599603
0.85853004
0.8446883
0.8456667
0.85161
0.83378404
0.8488495
0.8290391
0.84812015
0.8674328
0.829791
0.8539057
0.82982594
0.84086376
0.8395875
0.8377687
0.8394187
0.8462282
0.83799297
0.8573958
0.8350605
0.83428967
0.8388746
0.8485698
0.83400035
0.82647526
0.8309308
0.8242591
0.83835214
0.81992745
0.8183263
0.81731135
0.8105768
0.8300161
0.8011553
0.82316715
0.81046474
0.7882465
0.80093664
0.8132762
0.8191004
0.79298854
0.7923549
0.7977595
0.7897099
0.7834986
0.8004427
0.78518647
0.7885123
0.78356147
0.79064
0.7771198
0.8013598
0.80280334
0.79105616
0.8003744
0.785005
0.80297446
0.76823956
0.7829719
0.7770051
0.7918898
0.7955667
0.79264474
0.77967
0.78721917
0.78164023
0.78531253
0.78100336
0.7711616
0.77902424
0.76645714
0.7634136
0.76237565
0.770359
0.76558185
0.7545513
0.75082815
0.75195706
0.75196
0.7445358
0.7468082
0.7507786
0.7391744
0.7454291
0.7489276
0.73589027
0.7579448
0.75767535
0.73737675
0.7337606
0.7556672
0.7463789
0.7143642
0.7351885
0.72656703
0.72073394
0.7379417
0.72789544
0.721684
0.7108946
0.7286083
0.7261874
0.72255266
0.73379725
0.7215171
0.7124222
0.7041587
0.7133626
0.7166272
0.69775856
0.7405007
0.72327703
0.71973205
0.6880736
0.71346194
0.7116718
0.72447234
0.70689553
0.6951413
0.69543064
0.6853861
0.70326805
0.67996687
0.7000758
0.69113904
0.68430984
0.6993028
0.67424315
0.66848993
0.677482
0.66768605
0.6825779
0.6830878
0.67603564
0.6747528
0.6862977
0.67475384
0.6822062
0.6796179
0.6547584
0.6719571
0.670913
0.68867517
0.68440694
0.6901596
0.6689263
0.65599495
0.66939867
0.661914
0.67262
0.6733035
0.6728177
0.6610287
0.66015255
0.65982825
0.66945666
0.6622841
0.6654893
0.66025907
0.66074485
0.66317147
0.64619255
0.66178817
0.6580503
0.6503611
0.6412682
0.6313675
0.6236898
0.64951783
0.6488312
0.6384168
0.6506934
0.6244007
0.64207435
0.64340323
0.63317853
0.65308726
0.6588972
0.6354506
0.64679307
0.62287337
0.64338076
0.64780104
0.6289349
0.6359727
0.6291448
0.6254764
0.63526535
0.650932
0.6295596
0.60752136
0.6293444
0.6327156
0.6366632
0.6085066
0.6250104
0.61638516
0.62304145
0.6303557
0.6180292
0.62766045
0.62784666
0.62707466
0.62978125
0.61070746
0.6082477
0.6036897
0.6089594
0.6261657
0.6168462
0.6358978
0.62322474
0.62381214
0.6011383
0.59501326
0.6024832
0.5861017
0.6122817
0.5972529
0.5994875
0.618821
0.59009945
0.5943136
0.5920366
0.59016085
0.5806502
0.603419
0.5952424
0.5804355
0.58466977
0.570202
0.58289444
0.58617514
0.5804065
0.5814442
0.585832
0.58350784
0.5933749
0.5805902
0.5666336
0.56833667
0.5756727
0.57621753
0.5779455
0.57062656
0.56783926
0.5564174
0.55836403
0.5538835
0.5535943
0.5624371
0.5489748
0.55278456
0.5540117
0.54954815
0.556243
0.5496219
0.5402409
0.53945494
0.55639905
0.54839426
0.55776274
0.5454974
0.54643565
0.5409671
0.54652166
0.53813845
0.5496812
0.5530317
0.5741969
0.5402085
0.5305212
0.546655
0.547018
0.5528345
0.5491569
0.5275407
0.54120505
0.5469472
0.53965515
0.5324284
0.54408383
0.5453943
0.52029365
0.53887004
0.5112036
0.5192835
0.5176555
0.5205368
0.5152483
0.50960505
0.5211237
0.5256583
0.5243194
0.50791544
0.51882714
0.5235046
0.5109225
0.51821315
0.49263415
0.49926525
0.5074499
0.49883398
0.51268506
0.5010735
0.5108482
0.4975509
0.49736083
0.5030208
0.4809323
0.4990102
0.5000927
0.5067024
0.48786822
0.50582784
0.5049083
0.5130614
0.5060445
0.48972934
0.49989563
0.47813675
0.50398535
0.50406057
0.48411804
0.49352768
0.52163404
0.49406058
0.49259725
0.4839103
0.48758888
0.4774078
0.4819207
0.4917882
0.49344885
0.46973658
0.47946253
0.47775397
0.48918432
0.49286118
0.48299584
0.47620368
0.47604883
0.4854331
0.4663193
0.47111335
0.4667966
0.47906056
0.49299797
0.48079377
0.48309994
0.47689494
0.47444627
0.4833006
0.47653568
0.47352332
0.46229264
0.49100056
0.48042107
0.4620077
0.47665438
0.47737107
0.46437594
0.46990636
0.4715209
0.46158198
0.4622681
0.4584522
0.45235735
0.45950174
0.46400607
0.4505697
0.46902564
0.45576593
0.461892
0.454336
0.45657364
0.46960777
0.44576544
0.4435629
0.45029467
0.4438044
0.46578798
0.4437472
0.45713148
0.44581467
0.44252697
0.4514498
0.4536798
0.45795193
0.44679862
0.45557883
0.45346808
0.44732568
0.45324272
0.4510952
0.451758
0.45497853
0.4519536
0.45151776
0.44632572
0.43900153
0.43576604
0.44027418
0.4477785
0.4497052
0.43993083
0.44357327
0.43345314
0.4388541
0.43198413
0.42581472
0.43845522
0.44812572
0.44258922
0.4416279
0.43636778
0.44341022
0.4490268
0.41840744
0.41953564
0.43181872
0.43469906
0.43875813
0.4226005
0.42639443
0.42701444
0.4150177
0.42359713
0.42258814
0.42618814
0.42564213
0.42172185
0.4217277
0.41139695
0.42585367
0.423244
0.42299315
0.41981155
0.41665334
0.41687635
0.4247227
0.42601827
0.41345856
0.40731034
0.41671893
0.40608704
0.41181445
0.4074146
0.4045246
0.4173814
0.4047331
0.41087756
0.409441
0.42733982
0.4096175
0.41300288
0.40839884
0.42829
0.40232316
0.40703636
0.40522182
0.3964528
0.39455938
0.39101952
0.39312506
0.39834756
0.40567952
0.40078914
0.4220799
0.40231684
0.4002607
0.41144288
0.3942311
0.40109727
0.40758815
0.39992815
0.40269324
0.40306637
0.39758977
0.39977193
0.40915966
0.40797296
0.41847438
0.404229
0.39288703
0.4204741
0.40092573
0.40487552
0.39722803
0.3889213
0.3966995
0.39747894
0.40541086
0.39670807
0.40238455
0.3965432
0.41793582
0.39712557
0.3904478
0.40434697
0.40912855
0.38530275
0.417573
0.40875137
0.40144247
0.3840886
0.39656246
0.39992106
0.3956203
0.3922779
0.39039773
0.38181454
0.38883469
0.3754389
0.3789247
0.37308943
0.37263733
0.35739434
0.38149226
0.38415942
0.36638048
0.37506843
0.38587156
0.37775752
0.3951471
0.36615777
0.3685979
0.38252845
0.37096968
0.376983
0.4048581
0.3708177
0.38047412
0.3744388
0.38422906
0.37991753
0.36183068
0.3728016
0.38356808
0.3700812
0.38468617
0.3796458
0.38996413
0.37352368
0.36054257
0.36015528
0.3803475
0.37036306
0.38483006
0.3643209
0.37268096
0.35963038
0.37485307
0.36654142
0.3533466
0.3616363
0.37239197
0.36934486
0.36000526
0.37099972
0.36850452
0.37206337
0.37510836
0.36901754
0.36188498
0.36844942
0.3638196
0.35793403
0.358868
0.34644184
0.36435905
0.3585442
0.36023033
0.35002106
0.34885547
0.3633252
0.3472486
0.3514264
0.3549685
0.3493616
0.3445538
0.3610539
0.35038117
0.3438252
0.33806348
0.3484017
0.35324752
0.34635907
0.34523115
0.35336825
0.33859488
0.33258224
0.3436948
0.33939004
0.35495266
0.34230173
0.34537935
0.34144828
0.34179822
0.34490386
0.34005317
0.35221693
0.33775073
0.3423167
0.3471178
0.35022375
0.33277217
0.3345864
0.3378493
0.34785566
0.34035257
0.3373539
0.33841506
0.3508438
0.34541142
0.3420669
0.34651357
0.34393796
0.34910724
0.34210524
0.35397115
0.35006875
0.34626552
0.33398226
0.33896723
0.33244273
0.33439976
0.3333287
0.3323172
0.3370757
0.34541214
0.34937993
0.34906945
0.34107026
0.3407294
0.33521995
0.34727854
0.33880192
0.34157684
0.3355369
0.3413255
0.34684655
0.34341
0.34982252
0.35337505
0.3422712
0.34047303
0.3418461
0.3411841
0.34421563
0.3306681
0.33964077
0.35018826
0.3501972
0.353373
0.3457442
0.33823338
0.3271385
0.33661538
0.31557277
0.3359286
0.32667553
0.3256942
0.32568997
0.32729143
0.33376172
0.33708343
0.32468754
0.33732635
0.3372605
0.32115382
0.31536168
0.3196375
0.33796778
0.32021993
0.31746617
0.32868713
0.32281578
0.31990698
0.31229174
0.3257903
0.32711625
0.31951028
0.32427183
0.3185435
0.32424513
0.3179459
0.31724638
0.31889862
0.3325069
0.3262024
0.32917798
0.32654554
0.31121093
0.314839
0.33077818
0.32230648
0.31950912
0.32641435
0.3202358
0.3240844
0.3237519
0.3186177
0.30233046
0.316229
0.31916118
0.31640968
0.320023
0.31102854
0.31035987
0.309963
0.3109917
0.3133254
0.31024826
0.3243241
0.31895435
0.31111398
0.30318707
0.30228835
0.30135712
0.30344176
0.30741733
0.30084893
0.31810102
0.2893536
0.29994583
0.3008384
0.29877645
0.2909391
0.28543395
0.29390374
0.2802306
0.2859987
0.28708673
0.28422663
0.27363852
0.29163477
0.2857002
0.28738335
0.29177558
0.27832964
0.29365227
0.28871942
0.287405
0.28510907
0.28697315
0.28497574
0.3044709
0.27575615
0.2778949
0.2826362
0.27042392
0.268898
0.2810336
0.27064455
0.25986588
0.27011922
0.27687392
0.2860311
0.26615572
0.26964384
0.27048486
0.2725365
0.27318138
0.26626194
0.26792482
0.2854875
0.28416258
0.2752211
0.27287096
0.26875103
0.27074695
0.26103625
0.27077416
0.26469854
0.26229122
0.2670399
0.26342776
0.2652146
0.2723294
0.256077
0.27433476
0.26651505
0.26349422
0.26211372
0.2626594
0.27598584
0.26225218
0.26581648
0.2643483
0.25782552
0.25658748
0.26376963
0.25825328
0.25806335
0.26715863
0.2434457
0.25317395
0.2639745
0.25916815
0.2804108
0.2607006
0.26590127
0.25617334
0.27752596
0.27176347
0.2625033
0.2584439
0.2576118
0.26409453
0.26072994
0.26144207
0.25869808
0.2612418
0.25800946
0.24935974
0.25413987
0.25054157
0.2501105
0.25409973
0.25490978
0.2590706
0.25623783
0.26277843
0.2551628
0.25770506
0.25235656
0.2667789
0.26407167
0.26197952
0.25041348
0.26126167
0.39928415
0.2466397
0.25054756
0.24857956
0.25442857
0.25555637
0.25346035
0.264878
0.27370575
0.25465187
0.25402316
0.2538091
0.24659805
0.2589098
0.25212744
0.25930524
0.2597567
0.253749
0.2505677
0.25905213
0.2525936
0.26205343
0.26598814
0.2600233
0.24515103
0.24785458
0.24527891
0.2442983
0.24903432
0.24517502
0.24610956
0.2468181
0.2376334
0.23740998
0.24431854
0.2405499
0.24170557
0.2381363
0.23912354
0.24101464
0.24146323
0.24075533
0.2394735
0.23857972
0.25269613
0.23760317
0.23376921
0.24755469
0.2283237
0.24837872
0.24579503
0.2414281
0.23442006
0.2361203
0.2428936
0.24097233
0.24304329
0.24345377
0.23135394
0.24555932
0.24247327
0.23951305
0.23133765
0.23515278
0.24718608
0.24816248
0.24826302
0.24494928
0.25654414
0.23965855
0.23712434
0.2520564
0.24659008
0.23611902
0.23212944
0.23993221
0.23725452
0.23871753
0.23147951
0.23272313
0.23260789
0.23690137
0.23179665
0.23847806
0.2390621
0.24452372
0.23366562
0.24177164
0.23502561
0.24447091
0.23617429
0.23855497
0.24145958
0.242063
0.24054137
0.23040646
0.23341198
0.23608096
0.23787935
0.22706902
0.2300701
0.23467298
0.24034794
0.23546442
0.23562859
0.23465005
0.21778893
0.23145387
0.22708957
0.23775168
0.23603392
0.23760025
0.24020867
0.23439094
0.24074253
0.24304898
0.23487227
0.23325872
0.23893806
0.2477824
0.22971682
0.23677291
0.2261457
0.22882214
0.24003866
0.23143996
0.24223854
0.22412752
0.22946967
0.22902967
0.2255952
0.24067712
0.23004726
0.2285607
0.22921543
0.23589562
0.23139156
0.23463334
0.22639416
0.23639627
0.23218858
0.23247357
0.23739097
0.2360768
0.22913471
0.2285134
0.2210267
0.22711238
0.22601606
0.2338074
0.23330233
0.24968837
0.2246463
0.24378923
0.23197958
0.22816858
0.22453466
0.22455105
0.22543266
0.23293611
0.21938485
0.22202137
0.21378033
0.22085434
0.2261871
0.20624803
0.21949811
0.20992063
0.21706182
0.22270107
0.2143643
0.2122344
0.21169314
0.21389452
0.21755877
0.21332498
0.21340953
0.2090559
0.21161316
0.2178688
0.20661713
0.22339551
0.21158059
0.22087644
0.22108854
0.21035327
0.20846824
0.22150293
0.208397
0.2186079
0.21374786
0.22040784
0.214199
0.21180499
0.21452238
0.20945923
0.21308468
0.21697073
0.20643367
0.212259
0.21920893
0.21964513
0.21507046
0.20706935
0.20452672
0.21708329
0.20740725
0.21082094
0.2129616
0.22412997
0.21021889
0.2076236
0.20633605
0.21575536
0.20966493
0.21541163
0.218152
0.20772524
0.21659015
0.21466777
0.21091095
0.20895983
0.20576604
0.20316906
0.20340553
0.20272295
0.20032315
0.20652549
0.20182563
0.21490605
0.2012684
0.20578665
0.20877807
0.20779598
0.19905272
0.19144745
0.20348147
0.20374538
0.19633584
0.199081
0.206473
0.20016319
0.20457006
0.19796519
0.19801266
0.19913432
0.20452273
0.19990367
0.202563
0.20600963
0.20403023
0.19702129
0.2035729
0.19695891
0.2071739
0.19794717
0.20473078
0.19962445
0.20379953
0.20510934
0.20261562
0.19770914
0.19612144
0.20933945
0.19679065
0.21283983
0.19995877
0.19723098
0.19958532
0.20453842
0.19706434
0.2022888
0.18653272
0.20491031
0.20344228
0.19685651
0.19412549
0.20017074
0.19144467
0.19903485
0.19968423
0.20014417
0.20171441
0.20176965
0.19096671
0.19259246
0.19164728
0.19101974
0.18534504
0.194439
0.18716402
0.183548
0.19819047
0.19337927
0.19422995
0.19414696
0.19498943
0.19658275
0.19931318
0.19735871
0.20190606
0.20297977
0.19326244
0.18700668
0.19150767
0.18376333
0.1890395
0.19570737
0.2103281
0.18702689
0.18680115
0.19858396
0.19617991
0.18869792
0.18947364
0.19769916
0.18679738
0.19086328
0.19905476
0.19593231
0.18843508
0.1951642
0.18851762
0.20092338
0.18817483
0.18625665
0.18677674
0.19262062
0.18868005
0.19138438
0.1877872
0.19962418
0.18457076
0.20466056
0.18487684
0.19098093
0.18014559
0.1888795
0.18616974
0.1952842
0.20638107
0.1985486
0.19365776
0.18400583
0.19140358
0.19207999
0.19225161
0.18295573
0.19293271
0.19268139
0.18480945
0.18744318
0.1919072
0.18764196
0.18969367
0.1842008
0.18682642
0.1792002
0.18822037
0.17419623
0.19165044
0.1859676
0.17911518
0.18113078
0.18766195
0.17699774
0.17428546
0.18309787
0.1827681
0.18179171
0.18953526
0.18142635
0.18521899
0.1829172
0.18316643
0.1932817
0.18477319
0.18016528
0.19008596
0.18560751
0.19008194
0.18071653
0.18205746
0.18878128
0.18729961
0.19439033
0.18760332
0.19893269
0.20172413
0.20534231
0.18973924
0.20910256
0.20830594
0.20147783
0.19875194
0.20258078
0.21119134
0.19962828
0.2007416
0.18383574
0.18698372
0.18735021
0.18511042
0.1823219
0.18243028
0.17635718
0.17912115
0.17789371
0.18746977
0.1777764
0.17817602
0.17818478
0.18452133
0.18600127
0.18201376
0.1780597
0.19071487
0.1773445
0.17896862
0.1809058
0.18653987
0.18143858
0.16663678
0.18249755
0.16610515
0.17725453
0.17143749
0.17896877
0.17190515
0.17319997
0.17725725
0.1712238
0.16827278
0.17346548
0.17238617
0.16875911
0.17400481
0.16920178
0.17209439
0.16551362
0.1646498
0.1754818
0.15886894
0.15848751
0.1645235
0.16695973
0.16413207
0.17149444
0.1627662
0.16860127
0.16297881
0.17154272
0.16108765
0.16510378
0.16086346
0.16835566
0.15814362
0.1641973
0.17146242
0.17142972
0.16530333
0.16519491
0.16112244
0.16843475
0.16469172
0.16947332
0.16807532
0.16824451
0.1633054
0.16830464
0.15717895
0.16435286
0.17041513
0.17089678
0.1667511
0.16673924
0.15785222
0.15816982
0.17029935
0.17465459
0.15855978
0.16257356
0.16095385
0.1537657
0.16891134
0.15651086
0.15562385
0.16252507
0.16298628
0.15749809
0.16326234
0.15871955
0.15132472
0.15054081
0.14862898
0.1423844
0.15558232
0.15454346
0.1548442
0.17019843
0.15185827
0.15315977
0.15014419
0.17467001
0.15705588
0.16336311
0.15147685
0.15632232
0.16018927
0.16738643
0.16808943
0.15978585
0.14931844
0.15656222
0.15286405
0.15040793
0.15668525
0.15923096
0.15609053
0.16926374
0.16709368
0.15288356
0.15809329
0.14778362
0.15215002
0.15175045
0.15117228
0.14740112
0.15834534
0.14941476
0.15441704
0.15690634
0.14416997
0.15396048
0.15510735
0.15626334
0.16379791
0.15162823
0.14799888
0.15084091
0.16078116
0.14127316
0.14696857
0.14632322
0.15445839
0.15078396
0.15853046
0.15730993
0.15495287
0.15258467
0.15800087
0.14872022
0.15940374
0.15584737
0.14908297
0.15544353
0.13622223
0.14597708
0.1504828
0.158976
0.1533144
0.15401202
0.15220153
0.16362347
0.15304875
0.14836982
0.1464891
0.15660805
0.14505902
0.15339004
0.15598989
0.14434858
0.14346798
0.14274307
0.14944696
0.14498742
0.14562081
0.14759438
0.13342367
0.14492407
0.14570692
0.1536652
0.1420937
0.14596331
0.14463325
0.14014195
0.14053325
0.14523587
0.15039122
0.14409967
0.1387124
0.14849879
0.13568166
0.14697695
0.14250316
0.143234
0.13387242
0.14691958
0.1475852
0.14079334
0.1426169
0.14397031
0.14478682
0.14292048
0.13878189
0.14697175
0.14081503
0.14025898
0.14766245
0.14369617
0.14342517
0.13750955
0.13527118
0.13644628
0.13968928
0.14919594
0.14495555
0.13931203
0.13936321
0.14207269
0.1400348
0.1402087
0.15157376
0.14432077
0.1307964
0.14360812
0.13225228
0.13049026
0.15383631
0.13225956
0.13609181
0.14114009
0.1340748
0.1406976
0.14297216
0.13999125
0.13480504
0.1316029
0.14856856
0.13864295
0.14484058
0.13632855
0.1298153
0.14192508
0.1332562
0.14544511
0.14975052
0.1427303
0.13956772
0.14719166
0.15038921
0.13971615
0.14212069
0.13814199
0.15345885
0.14643022
0.13530551
0.14340869
0.14410232
0.13493045
0.13185042
0.1421788
0.14408323
0.13253981
0.13558808
0.13869876
0.14222406
0.13659216
0.1326691
0.14433193
0.14170997
0.14387202
0.14165948
0.13940677
0.13958293
0.14597137
0.14194342
0.13450423
0.14322904
0.15247823
0.15140751
0.13809721
0.14428808
0.14660747
0.14133777
0.14793098
0.13524629
0.1355655
0.14940193
0.13048577
0.13777763
0.1357395
0.14265646
0.13656895
0.14009939
0.13455936
0.14321299
0.13934298
0.14787376
0.15556675
0.14281672
0.13702744
0.13324301
0.14003913
0.12417657
0.12709312
0.1305494
0.12781702
0.13189666
0.13398303
0.12540045
0.14344245
0.14359212
0.124319665
0.13034075
0.1354071
0.13252562
0.12861867
0.13962282
0.13033868
0.14220248
0.1393317
0.13841653
0.1423809
0.12793556
0.12741598
0.1255801
0.13134229
0.13371465
0.14543901
0.13287188
0.13628553
0.13188463
0.1421703
0.13444594
0.13536912
0.12519024
0.14053763
0.13500132
0.13791627
0.13056122
0.13629138
0.14056644
0.1279962
0.13062142
0.13293384
0.13420999
0.13151078
0.13075411
0.13465898
0.13659634
0.13694288
0.13426603
0.13754077
0.13583742
0.1417812
0.13652429
0.13446972
0.1387791
0.13537
0.141189
0.13712926
0.13872646
0.12542015
0.12765361
0.14000474
0.12574431
0.13135383
0.13653864
0.13430187
0.13302211
0.1448852
0.13181809
0.13006541
0.12860022
0.14171098
0.13072959
0.13690996
0.1270246
0.13074706
0.12074997
0.124008544
0.1194356
0.13427767
0.13057962
0.12917136
0.13165633
0.13497713
0.12505859
0.12712787
0.12563668
0.13684843
0.13582037
0.1279348
0.118751846
0.12920426
0.13002789
0.13398401
0.119501546
0.123559594
0.13161916
0.12844722
0.12730862
0.12374062
0.12367004
0.12786317
0.123688444
0.1341572
0.13058026
0.1419393
0.14006975
0.13230044
0.14330743
0.14281748
0.14242749
0.13235624
0.13436317
0.1373565
0.13608867
0.1363233
0.13394068
0.12533295
0.13091291
0.13070817
0.13667423
0.12996165
0.13067372
0.13730961
0.1330386
0.12402497
0.13215642
0.13559598
0.1360747
0.13752097
0.13876398
0.12734453
0.1393281
0.14088431
0.13181113
0.12847443
0.13686144
0.13392594
0.14765878
0.1492117
0.14437397
0.13635911
0.13723129
0.12819166
0.13680439
0.13803484
0.12503034
0.12345337
0.13298912
0.12755364
0.13687427
0.14003736
0.12609012
0.12716122
0.13559143
0.12915336
0.1302597
0.12749922
0.13170509
0.12912199
0.12974598
0.13499142
0.12782598
0.13077152
0.12404974
0.13264567
0.12920707
0.13052288
0.13508686
0.12815073
0.1316707
0.12770891
0.14131819
0.12690489
0.124316126
0.11848139
0.12990667
0.1336849
0.12917736
0.12832756
0.1299157
0.13217151
0.13192217
0.12576789
0.12498911
0.12882458
0.12620598
0.13607544
0.13062231
0.13161042
0.13007815
0.12980556
0.1314289
0.13508624
0.12253152
0.13383129
0.12565558
0.13789573
0.12668706
0.1325217
0.12887008
0.13643631
0.12908281
0.123937435
0.12637058
0.12078024
0.1302208
0.1347374
0.13519253
0.1360797
0.13090818
0.12418462
0.12779957
0.12631589
0.13519931
0.1249692
0.12848605
0.123099774
0.13666451
0.12680888
0.12716241
0.126869
0.12920538
0.12806603
0.13139011
0.13926247
0.13214473
0.12767728
0.12653527
0.13411185
0.122841485
0.13316321
0.12391973
0.132444
0.1302022
0.13379775
0.118240476
0.13070713
0.126366
0.116307944
0.13057692
0.120688796
0.12619177
0.13116816
0.12759605
0.13101682
0.11974864
0.124037474
0.12420415
0.12624994
0.12058347
0.12431315
0.12798193
0.12713294
0.12359135
0.12538229
0.118854776
0.13176578
0.13577838
0.12365367
0.12867199
0.123395175
0.12776953
0.11551872
0.12731469
0.117383756
0.12522201
0.13137272
0.1340245
0.12539658
0.12436769
0.120790035
0.12612207
0.12663817
0.12439708
0.12642246
0.122087725
0.12438966
0.1189374
0.112851754
0.11436635
0.12074927
0.11893324
0.12041032
0.124016255
0.11173649
0.11979288
0.115997024
0.115505345
0.12225797
0.11253344
0.11882715
0.11253477
0.11596027
0.115912706
0.11412563
0.12226221
0.1193832
0.12765725
0.1331655
0.11716148
0.11992229
0.11889393
0.12169777
0.12504521
0.12046066
0.13007076
0.12960921
0.11711912
0.11527568
0.12388827
0.11897166
0.12000159
0.1266831
0.12580782
0.11957907
0.12236729
0.11296217
0.11977907
0.12050222
0.12449036
0.11122896
0.11535138
0.11077232
0.121594526
0.11791633
0.11728035
0.12569489
0.11903273
0.11764217
0.128833
0.11773167
0.12863608
0.1116326
0.11903506
0.120114125
0.12756796
0.12175014
0.11860963
0.11942957
0.11553236
0.12478212
0.11240275
0.12536882
0.11760453
0.1207675
0.11954886
0.12020934
0.12213215
0.11942628
0.1336856
0.12307156
0.11198583
0.117105484
0.12584116
0.12076113
0.13469636
0.11950561
0.12553264
0.1185374
0.12308969
0.117014244
0.11829612
0.11846423
0.113894954
0.122083254
0.12534985
0.124940425
0.117580555
0.123362504
0.1193054
0.12152725
0.11685287
0.12646298
0.12186625
0.11821741
0.11581451
0.11686088
0.11387859
0.104054525
0.12637572
0.121637605
0.12064463
0.12634599
0.120382294
0.113091014
0.136342
0.12228708
0.13181566
0.12740275
0.122912794
0.12546761
0.11925329
0.1167514
0.11818462
0.12998903
0.12156726
0.13308512
0.124689
0.12284343
0.13672103
0.122515105
0.121417075
0.1307456
0.13063382
0.12534554
0.11923579
0.13164788
0.12254388
0.12376377
0.119268775
0.11783416
0.12281915
0.11665768
0.12640122
0.12060776
0.11846077
0.11180753
0.11398066
0.12181741
0.12295697
0.12561984
0.118010715
0.12458642
0.111066565
0.12376323
0.11959167
0.11792619
0.11810434
0.112009086
0.12952936
0.11703472
0.11427959
0.1121018
0.13636416
0.11207794
0.11206252
0.11213181
0.116839625
0.10834349
0.111341186
0.11964406
0.11952962
0.11609338
0.12209173
0.12782465
0.112180814
0.12524661
0.12025022
0.12345537
0.12347655
0.11817738
0.12521598
0.12122419
0.12185807
0.11530611
0.11585009
0.11338504
0.12629102
0.11686494
0.12317243
0.1231997
0.11645361
0.11733402
0.12860654
0.12471382
0.11956189
0.12624213
0.12752326
0.12640618
0.1144997
0.123811916
0.11965537
0.11613533
0.12776405
0.10633616
0.12614281
0.11272595
0.11614694
0.11913141
0.11816068
0.12561351
0.11761439
0.1229702
0.11669632
0.11844608
0.12358496
0.12556052
0.12421444
0.11420009
0.123612024
0.12529302
0.1236615
0.12747076
0.12593871
0.12069629
0.12009842
0.12800416
0.11964535
0.14016385
0.13853098
0.12857227
0.11964891
0.119625814
0.12281454
0.124846525
0.13203879
0.12391945
0.11840633
0.13360557
0.12395798
0.1221869
0.12434869
0.13383304
0.1308874
0.12012532
0.12440729
0.13739231
0.123113245
0.12951589
0.12609857
0.12781489
0.12589584
0.12498104
0.12742172
0.124858625
0.12810323
0.12415893
0.14406528
0.12205317
0.12490473
0.12691312
0.12616149
0.12674461
0.13392188
0.11965075
0.13005082
0.12831832
0.12003387
0.12185882
0.12410074
0.12118398
0.12295744
0.12321042
0.12361863
0.12321533
0.122815736
0.12316944
0.11241028
0.12571903
0.11793487
0.11761126
0.11767012
0.1254348
0.13157275
0.1188851
0.13272665
0.12061616
0.10743355
0.11138625
0.11115958
0.11436494
0.11863588
0.11680518
0.11051766
0.11625164
0.122327745
0.13676314
0.12164898
0.13001302
0.120995186
0.124737985
0.124016285
0.1264863
0.11674771
0.12367996
0.12623836
0.119899094
0.12443866
0.123706505
0.11614498
0.11903427
0.12302973
0.113998234
0.12279834
0.11833724
0.13563888
0.11614711
0.11460282
0.11895346
0.11979375
0.11144267
0.108850084
0.123971336
0.10601035
0.11154147
0.10796583
0.13006385
0.11656148
0.11306735
0.12178133
0.11735087
0.11656329
0.12130054
0.12184045
0.12092666
0.114870645
0.12135622
0.12104558
0.116730325
0.11765617
0.11345842
0.117865615
0.11683859
0.11230207
0.11008707
0.11554307
0.12184938
0.115762465
0.116281234
0.114882044
0.11221824
0.116297
0.12407761
0.11270896
0.12400811
0.11711793
0.12395633
0.116977684
0.12502675
0.120849125
0.11889097
0.12519617
0.12049497
0.12629524
0.12150391
0.11370671
0.121554755
0.123068154
0.12681289
0.12332512
0.11978685
0.111765705
0.12148811
0.12380564
0.12680118
0.1295801
0.12753691
0.12550892
0.122134775
0.12495087
0.13257535
0.12095222
0.12874325
0.13189277
0.12535441
0.12138977
0.122967966
0.13183254
0.115683384
0.13113576
0.120812505
0.11677426
0.13294815
0.12702006
0.12843387
0.12385829
0.12613615
0.12757346
0.125657
0.11855059
0.13110909
0.12603247
0.12622496
0.1218176
0.11587864
0.11781648
0.12437845
0.12418777
0.12882453
0.1267586
0.123281375
0.120430976
0.124831006
0.12699746
0.13245341
0.12169525
0.12688178
0.14248027
0.13221906
0.11925986
0.12608655
0.13506046
0.1275606
0.117665656
0.13106355
0.1245667
0.12801498
0.12361141
0.13335904
0.1351878
0.123070605
0.13615026
0.13348839
0.14531966
0.13738948
0.13672797
0.12578289
0.13544458
0.124739654
0.13015108
0.12889928
0.13180631
0.122398816
0.12277838
0.12781215
0.13391836
0.12768832
0.12316416
0.13382804
0.12657115
0.11663186
0.1285634
0.12676601
0.13397397
0.12581663
0.12075326
0.13286722
0.13819608
0.13202623
0.13396822
0.13045181
0.120662875
0.11546933
0.121205024
0.12329018
0.1275416
0.12012987
0.12162519
0.117707856
0.13096744
0.12510428
0.12060579
0.13113587
0.11962045
0.1135071
0.12543519
0.123895824
0.114146404
0.11117111
0.10967553
0.1206375
0.11505172
0.109355986
0.11677442
0.1249617
0.11879577
0.12015412
0.10930489
0.11819711
0.12358495
0.108756736
0.11728357
0.118848026
0.12149984
0.12638721
0.114646256
0.11442564
0.12228381
0.11515834
0.10445641
0.109224975
0.11813969
0.113916375
0.11600518
0.11191841
0.11802155
0.12542184
0.11537622
0.1265681
0.114617005
0.11318625
0.11412303
0.12538159
0.11414563
0.11780058
0.12633616
0.11453089
0.13006267
0.12278295
0.12656955
0.12222989
0.12460214
0.13363492
0.121698625
0.107960336
0.11766195
0.12151397
0.115458794
0.11509717
0.11726211
0.11069099
0.11833125
0.10738064
0.11949151
0.11287322
0.11740488
0.117711775
0.11624542
0.112838306
0.11570791
0.110157065
0.11617505
0.1198877
0.107121885
0.12077733
0.122838445
0.1157761
0.116943315
0.10803945
0.11229255
0.11976978
0.11628215
0.11115555
0.0999056
0.10928144
0.10925077
0.103462145
0.11857213
0.11027941
0.1107812
0.101746865
0.096173376
0.11228131
0.107524484
0.11368161
0.109903105
0.10195886
0.10376224
0.11408319
0.11957617
0.11455013
0.10677241
0.11711446
0.103014365
0.11226923
0.107838444
0.109214954
0.106923476
0.10543056
0.11234876
0.11724806
0.11153834
0.13224326
0.101831004
0.11993673
0.11295051
0.11991748
0.11684059
0.1115203
0.11571967
0.12466512
0.1158213
0.11395834
0.11485669
0.114790395
0.11014591
0.116186865
0.105642065
0.111733116
0.11098779
0.10500123
0.10832063
0.11298041
0.10361461
0.10651294
0.10221083
0.11407278
0.11531953
0.10655905
0.10289006
0.10212931
0.102523476
0.096788436
0.11475441
0.11837343
0.09540523
0.09267692
0.10559073
0.109884776
0.108575046
0.106699556
0.114704706
0.110916786
0.10467409
0.107847095
0.09827806
0.10965877
0.11757445
0.105520464
0.10376418
0.105812095
0.096881874
0.09729626
0.11589624
0.113349
0.11292723
0.109216765
0.105857454
0.1142813
0.11309337
0.11086556
0.106613316
0.10782312
0.12511438
0.1338366
0.11358401
0.10928679
0.11439278
0.10086992
0.10601249
0.10218816
0.1368728
0.113340944
0.09970706
0.1127906
0.11941046
0.113255076
0.11359418
0.10847215
0.11697721
0.10503703
0.09826637
0.10714264
0.10842183
0.11787155
0.11156068
0.10691488
0.104885966
0.10456989
0.11017094
0.1025732
0.103823476
0.10745121
0.114820585
0.11328392
0.10084299
0.09928953
0.10989042
0.11174099
0.10142202
0.102902345
0.10781714
0.109758265
0.11273105
0.10914296
0.123115614
0.106438264
0.111822076
0.10974954
0.10498352
0.11351521
0.111254774
0.10925101
0.11656578
0.112976775
0.11078278
0.10675704
0.10590621
0.10703559
0.10850233
0.11337242
0.10818936
0.099966064
0.10959072
0.11598435
0.10901277
0.10933906
0.103599094
0.113814615
0.103968516
0.10399991
0.113862894
0.10716793
0.12977012
0.11832426
0.12352842
0.1067966
0.11264126
0.11114655
0.10926115
0.11535584
0.114258915
0.122266136
0.11178277
0.09715084
0.10886327
0.11327384
0.10785869
0.10294831
0.106991775
0.11438182
0.11713327
0.11182591
0.10304084
0.09297367
0.11015173
0.11132578
0.10857748
0.11043995
0.12176369
0.11179334
0.12662242
0.10877134
0.11599384
0.10883318
0.11368359
0.115861975
0.11016794
0.118445806
0.114980064
0.11683163
0.119378954
0.12248752
0.12245897
0.11190583
0.12106812
0.11533891
0.117380835
0.10911432
0.110898934
0.120666824
0.11761553
0.11588043
0.109816685
0.10420043
0.112950504
0.11640568
0.113656744
0.11049253
0.10389582
0.11553651
0.107190944
0.118991904
0.10633477
0.1147257
0.1099639
0.10952892
0.113827184
0.116644174
0.119477764
0.11988725
0.11264793
0.12179187
0.12663771
0.11903319
0.11590181
0.11074624
0.11706081
0.12898675
0.11168248
0.1192235
0.11104302
0.12633795
0.117030986
0.115576856
0.12481149
0.11815284
0.11492375
0.10477662
0.11536084
0.10753426
0.12466699
0.10964079
0.11162132
0.12140765
0.11292517
0.11280282
0.11741443
0.115917586
0.11644923
0.105825916
0.11828264
0.121353306
0.115446284
0.11400635
0.114109255
0.11852663
0.113211446
0.12321053
0.12046032
0.10899019
0.11596809
0.12945466
0.10880037
0.1180418
0.12151287
0.113449715
0.11341467
0.11537397
0.1266799
0.11643578
0.11806658
0.11052989
0.10636797
0.111977175
0.11374792
0.10719231
0.12263488
0.11107287
0.11950276
0.12455862
0.12045793
0.11483889
0.10133868
0.107289605
0.1132723
0.10994263
0.102664515
0.104722075
0.10369384
0.096556805
0.103219435
0.104909755
0.109833635
0.10349086
0.112014554
0.11070678
0.12117977
0.10692631
0.109358914
0.121717565
0.111276746
0.110587865
0.10835756
0.11041475
0.11992075
0.11403897
0.10788695
0.10796385
0.12930603
0.10881379
0.109782554
0.11419107
0.110026956
0.11156184
0.12600721
0.10018966
0.12054188
0.10809676
0.11580013
0.09874913
0.106575914
0.10001187
0.10997345
0.111507356
0.09926704
0.10468381
0.110308774
0.11590726
0.099695764
0.11474451
0.11151618
0.10711101
0.110384114
0.10287922
0.10313581
0.09729648
0.11062211
0.10923912
0.11116035
0.118249305
0.1103486
0.107685454
0.114096574
0.10344755
0.11500994
0.117899455
0.11304682
0.11101506
0.118566796
0.11969668
0.110857524
0.12732741
0.12356822
0.10643044
0.11621517
0.10800936
0.111441344
0.10874492
0.111874975
0.115772784
0.118967764
0.10143824
0.117406696
0.09985418
0.11213027
0.10473468
0.1115257
0.11816909
0.120549135
0.106214866
0.11866457
0.11750698
0.114561304
0.12356478
0.11939345
0.11491023
0.11689996
0.118448704
0.12161196
0.11216836
0.11359487
0.1198218
0.118691675
0.114648715
0.11538167
0.116901286
0.11069232
0.1218975
0.13735995
0.11460715
0.11902564
0.10270875
0.11356447
0.116811275
0.11304174
0.10746422
0.10719574
0.11765677
0.11617191
0.115542635
0.11491613
0.105512224
0.13517019
0.12383677
0.12227171
0.12677027
0.11685292
0.11473022
0.11911317
0.109139845
0.12262353
0.11256811
0.106360115
0.11440385
0.103975005
0.12929043
0.11214493
0.11464314
0.11383519
0.10351536
0.11409976
0.113988206
0.10994626
0.110276006
0.10527896
0.11475808
0.10701559
0.11797873
0.117320865
0.12274538
0.11347197
0.11390097
0.13166323
0.1244823
0.10905148
0.10352209
0.11468091
0.10923505
0.12383319
0.11683981
0.11816664
0.123053774
0.11443923
0.115909226
0.11830236
0.11282709
0.10677273
0.10723119
0.109016284
0.10747297
0.12146725
0.1220556
0.114236325
0.12457622
0.11188273
0.113792434
0.1148599
0.1124698
0.11509459
0.117469646
0.11768886
0.12424487
0.11202969
0.116405934
0.12227692
0.117807485
0.122397386
0.11869284
0.12452084
0.12084068
0.11714891
0.12187099
0.114734024
0.12370821
0.12419762
0.11438886
0.11528918
0.11546337
0.11913555
0.120848015
0.12558213
0.104374744
0.12468193
0.1228081
0.11501502
0.11645529
0.12398869
0.12262392
0.11967502
0.124331735
0.11814626
0.12877369
0.121655874
0.1258806
0.12380454
0.10886913
0.12069462
0.10928208
0.12436472
0.124474324
0.12411106
0.1229059
0.12818523
0.12718605
0.124790944
0.11995631
0.11303163
0.11915499
0.12223627
0.113721564
0.13543718
0.1239707
0.11690319
0.12772597
0.1065742
0.119190164
0.11883221
0.12232341
0.12209892
0.11663344
0.11883521
0.119671784
0.11841307
0.11710089
0.11733951
0.12175854
0.11214672
0.116143845
0.11849237
0.12359774
0.1229113
0.12383724
0.11436557
0.11231938
0.10975012
0.11805981
0.10988799
0.11064093
0.12406733
0.12718154
0.1264365
0.1279484
0.12254002
0.12557119
0.1253722
0.11898456
0.123180896
0.11840606
0.12974732
0.1357632
0.1264899
0.11645307
0.12371681
0.14519274
0.13699804
0.123735934
0.12912358
0.12338763
0.12905397
0.12987
0.12300515
0.13874815
0.12657803
0.11972395
0.12437595
0.1266596
0.13025218
0.12271135
0.11550357
0.12964322
0.12364366
0.11567539
0.124396905
0.11945348
0.12442311
0.13219458
0.10867116
0.1256358
0.12167537
0.11940845
0.1204197
0.12175106
0.1119885
0.11772402
0.1186167
0.12902184
0.118023776
0.13872325
0.13127986
0.12628552
0.1181173
0.11786749
0.124838464
0.13625427
0.116464294
0.11269832
0.11189085
0.12050949
0.114859335
0.12106527
0.119662
0.13146959
0.12655465
0.121126674
0.124005966
0.12819225
0.12740387
0.12532412
0.13094713
0.13373671
0.13286881
0.123740576
0.13195647
0.12135515
0.12676363
0.121469796
0.11386661
0.12609234
0.1236413
0.13976397
0.13621522
0.11810416
0.121473916
0.11802777
0.11287566
0.12755157
0.12299221
0.12198525
0.123486586
0.13319273
0.12658942
0.12504911
0.13010482
0.12145917
0.1204715
0.12599091
0.1218231
0.1186684
0.1281721
0.1281925
0.12034314
0.13174237
0.12382978
0.11574938
0.12656485
0.119819954
0.11967408
0.119963266
0.11206825
0.10811628
0.13427383
0.121461846
0.11274148
0.11902956
0.11691142
0.1345405
0.13119367
0.12555411
0.12296563
0.12604131
0.13263026
0.13084982
0.12154915
0.11502638
0.13340583
0.12686193
0.13228351
0.12918365
0.13155314
0.11728335
0.12867403
0.120461494
0.12854734
0.13190164
0.13235492
0.13018826
0.12320843
0.13671649
0.13048463
0.12356267
0.12375446
0.12230039
0.14120002
0.1326765
0.13874187
0.12100112
0.135788
0.13261567
0.13781457
0.13301115
0.14395693
0.14573036
0.13468544
0.1307355
0.12494483
0.117715046
0.1387095
0.1215078
0.12674873
0.12565552
0.13389139
0.11877628
0.13204686
0.12046427
0.12644155
0.14651163
0.11982881
0.12717779
0.11122108
0.12646046
0.11384038
0.12562485
0.12484528
0.13378668
0.14555447
0.12776846
0.108553395
0.12116639
0.122287385
0.12138224
0.116941236
0.11495085
0.112311296
0.11087237
0.11845305
0.11837773
0.1103524
0.116995186
0.12948443
0.12503308
0.11940467
0.122042425
0.1292948
0.10885169
0.124230474
0.1135729
0.11116269
0.109456554
0.1354702
0.12483402
0.13608994
0.11625865
0.11483572
0.13157646
0.120778464
0.12307283
0.12156861
0.12268079
0.1266248
0.1259818
0.12902568
0.118788436
0.12436366
0.11392708
0.15521537
0.13410908
0.14018345
0.13144498
0.1244616
0.13388364
0.13209698
0.12345081
0.11546292
0.133817
0.123932354
0.13994472
0.11214595
0.13166256
0.11783602
0.15289862
0.12155917
0.1389807
0.13558324
0.11738841
0.14453305
0.13167152
0.12692648
0.11459771
0.1278678
0.12434358
0.13034607
0.11336755
0.11709725
0.119575806
0.12177326
0.121454485
0.12576117
0.11869272
0.12864104
0.12019112
0.13781223
0.13337612
0.12129991
0.14376527
0.12510361
0.13169217
0.11601171
0.12977017
0.13335514
0.13912077
0.121449925
0.12693718
0.12092914
0.11772614
0.12939103
0.120724395
0.12751973
0.13435405
0.1195397
0.13917011
0.12151467
0.13109688
0.1316926
0.15324558
0.13317695
0.12721819
0.12966867
0.1333934
0.1256337
0.13689607
0.12132137
0.12889662
0.1228646
0.12113484
0.12395378
0.12403949
0.11831297
0.12451571
0.12447451
0.12890738
0.122504644
0.12845644
0.1217817
0.11735865
0.117588215
0.1230758
0.109870434
0.111844815
0.121570855
0.11462633
0.12479122
0.11372851
0.121712014
0.11248655
0.11639341
0.13109148
0.12536305
0.13468361
0.12475901
0.1271194
0.11684086
0.12342015
0.12379278
0.11728077
0.12210649
0.12188826
0.13027613
0.1278128
0.13752031
0.12810647
0.13207082
0.18288371
0.11720783
0.12875238
0.11814654
0.12404063
0.12782502
0.115326196
0.12864734
0.12311168
0.13394237
0.1418869
0.13000691
0.13133049
0.13892953
0.15095736
0.1409052
0.12019695
0.12184196
0.128517
0.13011362
0.12532306
0.1448743
0.12953255
0.1376025
0.13044345
0.12311
0.13171414
0.126611
0.12659398
0.14376663
0.1345428
0.123131394
0.13641565
0.11999857
0.11666331
0.12454505
0.12679543
0.11875302
0.12020761
0.11426955
0.1222188
0.119707674
0.11943257
0.13162844
0.123325214
0.12258586
0.12362783
0.12166174
0.11785402
0.119494885
0.11310579
0.13528575
0.1508977
0.13546021
0.12798539
0.1340112
0.13539071
0.14650415
0.15518662
0.14387032
0.13537109
0.14074877
0.13315547
0.1310911
0.14488892
0.1386886
0.13224977
0.12878929
0.148121
0.13470137
0.14311159
0.12861966
0.12877789
0.14353894
0.12821226
0.14317341
0.13874513
0.14183642
0.12946141
0.15172575
0.13113594
0.1346463
0.15037239
0.1310885
0.143876
0.12688966
0.15958767
0.13488956
0.13238433
0.14308107
0.14158776
0.1259018
0.1474785
0.1459367
0.12595347
0.12587614
0.13345894
0.14893024
0.14678401
0.13468534
0.116140574
0.14540234
0.13839486
0.116132654
0.13691589
0.13761553
0.1482108
0.12975475
0.13049127
0.11874436
0.12646623
0.13961591
0.14281058
0.12452638
0.14115538
0.13928318
0.12940904
0.1331045
0.13524315
0.13479652
0.14351769
0.13096826
0.13438226
0.15588637
0.13530752
0.15377377
0.14262114
0.14431213
0.13369592
0.14918518
0.14211021
0.14114068
0.14623454
0.12985522
0.13347337
0.15342602
0.16115513
0.13344736
0.13964376
0.15377177
0.14215104
0.13889897
0.14697863
0.15304789
0.14798968
0.14652021
0.13907202
0.14936712
0.14136033
0.15220585
0.13422078
0.15096748
0.14929615
0.16428834
0.14379327
0.13649827
0.14441915
0.14664276
0.14172183
0.14261605
0.15741773
0.14312346
0.14096415
0.15379134
0.13097295
0.14136559
0.13991746
0.14844152
0.14314876
0.14073198
0.15910733
0.14401805
0.15563892
0.14928561
0.15149195
0.15490252
0.13994248
0.14699526
0.15379229
0.15704675
0.15498722
0.16866165
0.15153863
0.15898398
0.15288025
0.15011671
0.16263807
0.14016238
0.19500038
0.15557551
0.15473422
0.15591973
0.14141099
0.15878272
0.17273588
0.14536938
0.14787294
0.16786022
0.13759392
0.14297053
0.16876109
0.15549089
0.16183078
0.1608722
0.1605061
0.15636712
0.16660735
0.16177191
0.16723646
0.14616938
0.15436941
0.14939938
0.15908797
0.15010631
0.15057078
0.15106604
0.15476754
0.13823414
0.14960617
0.15273358
0.1550046
0.15546666
0.15992704
0.14800407
0.15706764
0.14934225
0.15291871
0.1542073
0.16362706
0.17307109
0.15399921
0.14976142
0.14290382
0.1520695
0.13897733
0.15039587
0.15384592
0.12993231
0.14204095
0.15174241
0.15073945
0.1582417
0.15369283
0.16308665
0.15293112
0.13951112
0.15238675
0.15221755
0.14080045
0.14064601
0.14251342
0.14028798
0.16168778
0.15306626
0.13745122
0.15030429
0.16113934
0.1600482
0.16224407
0.15497226
0.14963709
0.14420736
0.14194673
0.15207055
0.156052
0.14449817
0.13954306
0.13909838
0.15422536
0.15231502
0.14096299
0.14559072
0.14616023
0.1419087
0.14804338
0.14996886
0.15154473
0.13625251
0.15275423
0.15669098
0.14773458
0.14633676
0.13373491
0.14822277
0.13778825
0.14301048
0.14091673
0.15692833
0.15767987
0.15432598
0.15283991
0.15774846
0.14954478
0.14376782
0.1350394
0.15571664
0.14116322
0.15937208
0.16108926
0.13493842
0.15324539
0.14827545
0.15683903
0.14002642
0.14535823
0.15019356
0.155725
0.13773711
0.15386216
0.1440632
0.15127221
0.15432021
0.14260167
0.15251659
0.1573741
0.14645262
0.1487062
0.14894697
0.15002587
0.14046174
0.15302016
0.14721641
0.15081444
0.15344575
0.15133849
0.15403083
0.16278994
0.14145716
0.14021325
0.14913402
0.16457063
0.15839136
0.14842957
0.15722165
0.15251845
0.14728525
0.14003244
0.13634911
0.15414228
0.14624922
0.14189324
0.15174793
0.15378946
0.13916598
0.13878965
0.14350207
0.14308494
0.13766934
0.14522725
0.16365802
0.14089872
0.14218241
0.15547773
0.16177508
0.14752954
0.15067825
0.17357409
0.15345484
0.14249712
0.16990842
0.16753127
0.13468595
0.13744478
0.1506853
0.1456995
0.15280458
0.15677094
0.14334053
0.15669596
0.15440744
0.1681091
0.16521907
0.15799567
0.16106704
0.17054906
0.15581584
0.1678105
0.15979633
0.16488339
0.16196622
0.16064423
0.17470258
0.16653548
0.15749457
0.17332359
0.16913944
0.16267042
0.1625183
0.15455373
0.15750563
0.16752698
0.14532597
0.15903102
0.15134196
0.16572464
0.15103802
0.17143998
0.14457151
0.14767258
0.1514871
0.15913148
0.13967751
0.15635951
0.15316369
0.1594712
0.16097474
0.16023338
0.16482785
0.15461448
0.14068721
0.17791462
0.15921238
0.16576366
0.16822115
0.13792236
0.14665261
0.1516954
0.14999394
0.16237155
0.1608692
0.14217561
0.15721853
0.15803216
0.15144081
0.14526576
0.14379095
0.1772492
0.14274132
0.14976689
0.14274837
0.1513556
0.15951604
0.15611604
0.1705777
0.15453212
0.14410327
0.15435544
0.15916601
0.15640147
0.14156678
0.14632231
0.1519661
0.16404405
0.14607084
0.16849068
0.1457069
0.14823584
0.16256669
0.15011291
0.15072279
0.15777561
0.14880532
0.15082875
0.16337924
0.15297735
0.14868419
0.15033932
0.17635663
0.14276321
0.17562546
0.15420955
0.18819344
0.14157379
0.1634384
0.15479718
0.1604156
0.16148078
0.14378823
0.15171857
0.14536086
0.15592207
0.14305584
0.16167584
0.14785652
0.14876592
0.1495315
0.1592339
0.15222143
0.1541594
0.15608627
0.14661156
0.14914058
0.16210277
0.1575909
0.14685512
0.17235658
0.15662366
0.14596395
0.16641802
0.14705329
0.16721046
0.17543153
0.16822407
0.16603592
0.1669344
0.15990335
0.161109
0.15157999
0.14722575
0.17614372
0.16698392
0.16829273
0.150171
0.16728096
0.15597975
0.15191428
0.1661214
0.16871962
0.18197294
0.1665706
0.17034924
0.17526609
0.16883032
0.16630945
0.16946952
0.189404
0.168231
0.15086105
0.16633222
0.14687155
0.17569822
0.14736362
0.15344067
0.15229793
0.1438905
0.16553529
0.1422163
0.17609219
0.15290059
0.17545448
0.16601634
0.14929168
0.14061664
0.14821066
0.14614487
0.14587289
0.15587567
0.1500113
0.17373818
0.14201565
0.15014601
0.14129388
0.16344902
0.13495237
0.14463913
0.14667226
0.1553901
0.14100175
0.16462015
0.13362019
0.14001769
0.16389905
0.13598268
0.13897054
0.14711091
0.1379191
0.15858534
0.14204334
0.1420538
0.14734787
0.14099266
0.14118005
0.15099427
0.13878758
0.1852401
0.14600979
0.14908092
0.14942954
0.16169164
0.1378327
0.1425618
0.15720257
0.13652004
0.16114287
0.15714704
0.15486293
0.16125187
0.14839537
0.15452917
0.15376182
0.15219302
0.15441757
0.15479848
0.17035078
0.16421668
0.1669641
0.16419056
0.1437616
0.15436624
0.16127932
0.14823972
0.15415278
0.15525946
0.16593802
0.15312606
0.16588455
0.15165745
0.1596504
0.1614435
0.16394734
0.15113069
0.14194469
0.14296685
0.14529203
0.14539243
0.1606485
0.14628297
0.16908419
0.14899276
0.15574877
0.16496487
0.16344027
0.1665041
0.15981308
0.14459656
0.1592442
0.17110725
0.16281652
0.15343067
0.1600858
0.14651293
0.17210504
0.15843041
0.15746683
0.14943632
0.17813665
0.15434179
0.15172064
0.1637441
0.15917596
0.16180088
0.1781093
0.1726125
0.16474418
0.16769615
0.15095599
0.1582491
0.14445233
0.17209621
0.15263283
0.17794506
0.15870114
0.17868519
0.15806349
0.15513606
0.16922261
0.17057706
0.16734827
0.1757751
0.17132136
0.1639711
0.1795471
0.14960377
0.16868946
0.16874298
0.16024745
0.1550594
0.17334077
0.15842381
0.15160367
0.15599345
0.17958897
0.16872151
0.16297786
0.15189728
0.15354002
0.15529373
0.15150818
0.15862875
0.15485807
0.17405395
0.1624447
0.1453641
0.1479868
0.15867087
0.17045443
0.16561508
0.16717437
0.14653793
0.16664642
0.15570691
0.16481322
0.1615031
0.15639223
0.16580297
0.15931204
0.16031921
0.14828578
0.16374417
0.16968308
0.16723882
0.15744062
0.14735965
0.15777944
0.16536458
0.15003793
0.15704636
0.17015673
0.16443048
0.16662493
0.15614785
0.14968325
0.1557329
0.15737517
0.1666154
0.17004333
0.15322395
0.1833674
0.15269361
0.18127134
0.1505011
0.16248348
0.16111182
0.15779464
0.16100809
0.17828934
0.18171465
0.1726842
0.17059289
0.1791874
0.16915843
0.17486334
0.19420896
0.18475382
0.17946243
0.17087492
0.18496561
0.2278827
0.18033287
0.166844
0.19521235
0.19214718
0.19075567
0.17830025
0.16814832
0.19765
0.17807397
0.18588598
0.18286052
0.1683184
0.1665847
0.17842086
0.19125071
0.17120384
0.17986849
0.17887342
0.1928141
0.18887973
0.17289841
0.1715294
0.17810155
0.18328686
0.18882914
0.16223481
0.17266509
0.17847079
0.17598261
0.17085245
0.17185102
0.18532619
0.16779847
0.17077965
0.17323516
0.17056319
0.1738164
0.16394258
0.15980516
0.15697822
0.1619463
0.15796158
0.17231095
0.1615711
0.15832408
0.166264
0.1647315
0.1676735
0.1973427
0.17868859
0.18394417
0.17692961
0.18164988
0.16628473
0.16635278
0.16100901
0.16438851
0.17003788
0.16918296
0.15957107
0.1620683
0.15625402
0.15954171
0.15962057
0.17110588
0.16418432
0.1583882
0.1748508
0.15636334
0.15640268
0.1764411
0.17968242
0.17781132
0.15802856
0.18397354
0.16641498
0.16304591
0.1627011
0.15252498
0.15059054
0.15691344
0.15313227
0.15255848
0.15903157
0.16925359
0.1572955
0.16128892
0.1764565
0.16832708
0.1734819
0.15723965
0.16799828
0.16968969
0.17019483
0.16472794
0.16055535
0.17672035
0.18240647
0.15758862
0.17446247
0.180512
0.17107075
0.16613942
0.17282923
0.16789061
0.16132052
0.16990267
0.16598359
0.17686783
0.16707163
0.15738653
0.1592714
0.17274873
0.17004867
0.17312698
0.16247149
0.17762339
0.1623622
0.16088492
0.16080366
0.16341333
0.16575001
0.16712093
0.16237052
0.16211532
0.1618156
0.16193321
0.16902927
0.17975093
0.16900875
0.17907353
0.17369026
0.18494014
0.18234356
0.17005919
0.17700613
0.16473646
0.16261014
0.17308666
0.16817965
0.16371796
0.16585824
0.15867747
0.15778896
0.1632052
0.1726709
0.1654013
0.17315744
0.1975959
0.19582844
0.17345774
0.16859157
0.17079015
0.18755259
0.17764117
0.16740902
0.17664999
0.1691187
0.16702034
0.19558655
0.16792597
0.19543701
0.18998627
0.19137657
0.17640643
0.16459551
0.16512091
0.1780075
0.1712503
0.16969146
0.17519915
0.16206233
0.16520578
0.18466242
0.17816596
0.17069319
0.1936688
0.17615692
0.17704001
0.17917463
0.17813797
0.17859222
0.17166571
0.18023577
0.17468737
0.18137246
0.16845465
0.16787867
0.17650835
0.16371423
0.16039981
0.17121671
0.1975729
0.16829601
0.1928152
0.1769764
0.17035775
0.16807345
0.16912939
0.17793281
0.19730785
0.17070797
0.16152428
0.16907828
0.19340451
0.16711672
0.15402098
0.15883292
0.15527035
0.15125771
0.15519848
0.16969754
0.17012903
0.17009602
0.17448317
0.16281903
0.16369952
0.17715079
0.1661549
0.15827145
0.15354268
0.15528494
0.15848134
0.16716366
0.17285603
0.18631458
0.16904448
0.16349816
0.16712365
0.17256851
0.17602456
0.1782112
0.18589272
0.1654433
0.15924713
0.16492654
0.17016543
0.17352252
0.18346606
0.1696428
0.17520776
0.15836692
0.16085528
0.18271388
0.16341506
0.15353535
0.16029446
0.17992811
0.16861902
0.16350873
0.16757634
0.17121239
0.17918436
0.17678611
0.18788269
0.17508966
0.1934284
0.17501286
0.16875331
0.17146176
0.18045038
0.19116747
0.17565027
0.16511329
0.17186278
0.18427628
0.17111728
0.17267174
0.18897147
0.17663355
0.17807154
0.1784133
0.18299022
0.1797166
0.19058375
0.17545041
0.1798186
0.16859786
0.16157702
0.17059886
0.19605082
0.17934608
0.17392737
0.17981935
0.1700097
0.17534205
0.19584954
0.17723447
0.17275204
0.18243328
0.16270934
0.15377717
0.1557646
0.16578612
0.1718164
0.17362396
0.17610966
0.18307821
0.17756729
0.17286249
0.16730927
0.17652963
0.20143312
0.18834592
0.17750241
0.1787227
0.19203357
0.18239112
0.17784424
0.17912035
0.18349989
0.18076359
0.18947403
0.17265452
0.16725886
0.18126774
0.20096622
0.20692807
0.24315448
0.19898733
0.17880197
0.17639287
0.17613912
0.17465454
0.17863452
0.18557799
0.19292548
0.2114071
0.19198944
0.18221885
0.1761535
0.17516091
0.17393629
0.16869621
0.1689841
0.1578255
0.1704128
0.1958604
0.18029605
0.17870866
0.19113009
0.18007673
0.18857223
0.17802386
0.17117766
0.16208178
0.16277385
0.16058895
0.164954
0.1749405
0.19597378
0.17278974
0.1673579
0.17194246
0.1794172
0.18498914
0.19644855
0.18244559
0.18292657
0.19792497
0.18210351
0.17280926
0.17661317
0.17472473
0.17894328
0.18179417
0.19675475
0.19083148
0.19411792
0.17189538
0.16860305
0.17736666
0.18407539
0.19291328
0.18648788
0.18256365
0.18247098
0.18018919
0.18465164
0.19454649
0.18776296
0.18300498
0.18259251
0.17959839
0.18770021
0.20460345
0.20101032
0.22936986
0.1922226
0.17835738
0.18164909
0.19408356
0.21395989
0.19997093
0.20081115
0.18358585
0.17412314
0.17353132
0.17310713
0.18343708
0.20345442
0.19708163
0.19050205
0.18584538
0.1767502
0.1781799
0.17652048
0.18359335
0.19044185
0.20425084
0.18660626
0.17244504
0.17455506
0.19732031
0.18580087
0.18450466
0.19044146
0.19233747
0.18547921
0.18522693
0.17695127
0.18603536
0.20013215
0.18929616
0.1824404
0.18492572
0.18479519
0.18431135
0.17830865
0.17787018
0.18170613
0.19386344
0.20882367
0.18806322
0.1822396
0.1822569
0.17574994
0.17510583
0.17411755
0.18593773
0.19321547
0.2113541
0.17957996
0.16044682
0.16755672
0.17127948
0.18266273
0.17820828
0.18478478
0.17991082
0.17824784
0.17326087
0.17912301
0.18533006
0.17825124
0.16865674
0.16005296
0.16584963
0.17748527
0.18315737
0.19255039
0.18580435
0.18263571
0.17455414
0.1737613
0.17503408
0.17819148
0.16901982
0.17161289
0.16768561
0.1839297
0.18363824
0.18063666
0.1813561
0.18173765
0.17874406
0.17560187
0.18125436
0.19545445
0.19770242
0.1962517
0.19545451
0.19317068
0.18846035
0.19573331
0.21727471
0.19017988
0.18609358
0.19244897
0.19258365
0.18651143
0.1928232
0.19325599
0.21124116
0.24086027
0.20705937
0.19883248
0.2162458
0.19547483
0.1826357
0.21999185
0.29286343
0.2154279
0.18017176
0.18547806
0.19105871
0.19137341
0.1896305
0.18488148
0.18474121
0.18030435
0.18773858
0.18863915
0.18577991
0.18930684
0.18134885
0.18611977
0.18447977
0.19275178
0.1927067
0.18833551
0.18546863
0.19010635
0.1927788
0.20082338
0.19815984
0.19443375
0.19288011
0.1986728
0.20306548
0.20707364
0.20551723
0.20662516
0.19941783
0.20504645
0.22044282
0.20666681
0.19911405
0.2041197
0.22144456
0.22945027
0.21798658
0.22451116
0.24123518
0.22552219
0.21080185
0.20604467
0.21368024
0.22503033
0.21379323
0.2057456
0.2075432
0.2148752
0.22680897
0.21021996
0.20332223
0.20845625
0.21098591
0.20536314
0.21259579
0.24120009
0.21861312
0.21098353
0.20728296
0.2116682
0.20464467
0.20249696
0.19763438
0.20009074
0.20338787
0.2096225
0.19971134
0.19586338
0.20243949
0.23334229
0.2006112
0.18151064
0.19624221
0.19929689
0.20630148
0.19385697
0.19541365
0.19549869
0.20722187
0.19858204
0.20130879
0.20303631
0.20209657
0.19509433
0.1809222
0.1803734
0.18478674
0.18827061
0.19026875
0.18893915
0.18281317
0.17464896
0.17937246
0.17745855
0.19031405
0.17976259
0.18598658
0.18642744
0.185446
0.1727215
0.1585436
0.15162069
0.15952317
0.16017449
0.17032567
0.16549121
0.16936578
0.17219117
0.17592996
0.17809682
0.16993015
0.17413354
0.18107261
0.18565486
0.18296678
0.17504176
0.18137464
0.17985193
0.17562748
0.16139121
0.15963465
0.16064276
0.1656335
0.1611561
0.17490722
0.17403802
0.18193856
0.17004243
0.17353372
0.17227842
0.1788975
0.17645735
0.17864397
0.1734201
0.1744871
0.17638853
0.18426383
0.18382394
0.18222985
0.18422237
0.17884277
0.19088642
0.18400836
0.18457378
0.17612705
0.1756003
0.18802908
0.18746272
0.19013491
0.1904544
0.19962196
0.19064207
0.18278562
0.17647761
0.18874013
0.19014868
0.18958846
0.17925751
0.18998958
0.19000106
0.20494036
0.19098562
0.18974362
0.18115348
0.1918979
0.17980637
0.18142584
0.17469227
0.18878436
0.19031352
0.19339897
0.19311553
0.19336942
0.19373076
0.19097254
0.18745202
0.18836367
0.20066963
0.20377502
0.19757344
0.18101701
0.1894342
0.19177406
0.19965197
0.18767267
0.19297755
0.18235472
0.18540806
0.18192306
0.19106464
0.1991577
0.19725338
0.19375835
0.1863054
0.19843897
0.19740036
0.19079997
0.17718185
0.17228016
0.17377032
0.17086977
0.17362075
0.17073457
0.17672892
0.1802415
0.18974625
0.19559893
0.18523997
0.18291636
0.19515695
0.21347012
0.21123947
0.18673399
0.18636414
0.18012905
0.19680272
0.18015006
0.19536327
0.20150043
0.2070757
0.20331982
0.18227993
0.18563703
0.17148052
0.17505641
0.17404337
0.17850874
0.17729092
0.18247995
0.18151811
0.18024297
0.18112375
0.19448146
0.19829383
0.1964072
0.19216205
0.18618014
0.18188247
0.17990424
0.18303528
0.18581767
0.17373298
0.17658238
0.17131732
0.17388606
0.16853791
0.1626441
0.16515104
0.15564477
0.16615082
0.16930164
0.16937606
0.16091777
0.16337109
0.1765313
0.18222795
0.17823751
0.17042136
0.17048784
0.16305685
0.17216551
0.17396711
0.18002151
0.16725221
0.16502255
0.16537537
0.17393328
0.18023215
0.18044734
0.18347336
0.18181968
0.19237106
0.19218282
0.18173999
0.17967267
0.18211974
0.20132111
0.19829881
0.20106035
0.19275367
0.18778472
0.18001543
0.18528913
0.18754369
0.18795455
0.17834048
0.18887089
0.19895865
0.23155394
0.27523625
0.21619305
0.18123275
0.18625002
0.1957956
0.19930887
0.1928321
0.1960804
0.19980451
0.20091285
0.18225384
0.18554041
0.1903821
0.18912238
0.19046547
0.19487078
0.2073077
0.20284356
0.1920913
0.18565604
0.18412006
0.18789452
0.19452092
0.19839504
0.2058775
0.20721991
0.21112564
0.20046799
0.19637848
0.19484442
0.18818988
0.19275585
0.18411005
0.18710503
0.18411392
0.19340962
0.1908273
0.18747245
0.18770781
0.19037476
0.18957524
0.18131824
0.1783683
0.18243796
0.18932667
0.19313873
0.2010648
0.19389914
0.20014402
0.19023484
0.18956076
0.18525697
0.18748996
0.181114
0.18457305
0.19068971
0.19039252
0.19601303
0.18588388
0.1910333
0.18741356
0.19061288
0.18838811
0.19785312
0.19082804
0.1935175
0.18230903
0.188978
0.19215812
0.1938219
0.1897846
0.19818948
0.20121944
0.21830933
0.20251918
0.19567603
0.1810534
0.18511853
0.18662205
0.18720207
0.19598988
0.19455372
0.20075959
0.20454317
0.20941518
0.21141694
0.21202117
0.21007708
0.212529
0.20421533
0.21777278
0.22082976
0.22214127
0.20974612
0.2117007
0.2209547
0.23248853
0.21649846
0.20782816
0.20556934
0.22087558
0.22328956
0.22358091
0.21272413
0.22075719
0.22482856
0.23161574
0.22624967
0.2160925
0.21475941
0.21305166
0.22682752
0.21663177
0.22251436
0.218301
0.23040597
0.24111687
0.22946219
0.23878591
0.22442177
0.22823425
0.20395058
0.20729063
0.20816013
0.23089702
0.23282693
0.23584448
0.2308752
0.23325858
0.23637824
0.23800239
0.23031718
0.23704137
0.22983375
0.24299935
0.23713483
0.2522934
0.24892586
0.24092026
0.23139767
0.23226538
0.23119113
0.24563675
0.24503191
0.25343084
0.23677474
0.22614236
0.23123822
0.23712271
0.24263725
0.23411116
0.23912436
0.24322061
0.24787992
0.24214238
0.23912281
0.24149168
0.24277486
0.24896908
0.257067
0.24684656
0.24561194
0.22786845
0.22764261
0.21581966
0.21702038
0.2197818
0.22060089
0.22278345
0.2161385
0.21219212
0.20689854
0.22046904
0.23219277
0.22989327
0.22672695
0.21159276
0.2091216
0.21165578
0.2151008
0.23512337
0.22899757
0.22886075
0.21688738
0.20995057
0.21655057
0.21225625
0.21410814
0.20880866
0.21385309
0.21891528
0.22828807
0.22347464
0.22510588
0.22184306
0.22732069
0.22548227
0.22399893
0.2267691
0.23969977
0.24438803
0.24297386
0.23308034
0.23471339
0.22467406
0.20876825
0.20874816
0.20941253
0.21912813
0.20344521
0.2207916
0.2280601
0.23540513
0.22342427
0.23112717
0.22726268
0.22387348
0.21182792
0.21509843
0.20421655
0.19886808
0.18739375
0.19278869
0.18915793
0.19964372
0.19338754
0.19116613
0.18379667
0.20874578
0.2073424
0.2035543
0.18101962
0.18228531
0.20148504
0.19862014
0.19772552
0.18309568
0.19535853
0.20746347
0.20454256
0.19850686
0.19061314
0.19555543
0.1925148
0.19356604
0.18774621
0.19517228
0.19493906
0.19686204
0.1937368
0.19046383
0.19296311
0.19876364
0.20322195
0.2033119
0.20174679
0.19708648
0.20598345
0.20193683
0.19963369
0.19855645
0.19095993
0.20470117
0.19890311
0.20070904
0.18725084
0.19301589
0.2028732
0.22102554
0.22695892
0.22286503
0.20885696
0.19946696
0.19566514
0.2020587
0.21940698
0.2347951
0.2378943
0.21799038
0.21823198
0.21527603
0.2210921
0.20456843
0.19674173
0.19276111
0.19292101
0.19740644
0.19945364
0.21235532
0.2168939
0.20755461
0.20328163
0.20948441
0.22674549
0.23493984
0.22075887
0.21104938
0.20314766
0.21090159
0.21652186
0.21594894
0.22113743
0.22894365
0.23724565
0.2379942
0.2382675
0.24228826
0.23451698
0.2327119
0.21852176
0.21684226
0.21315703
0.25379944
0.27123886
0.27245238
0.24147333
0.23838739
0.24932761
0.25459734
0.24849828
0.23441559
0.23348288
0.2389229
0.24471195
0.2393662
0.23265591
0.23459037
0.24561743
0.24367552
0.24510677
0.24048606
0.23936297
0.22889441
0.22217734
0.2238898
0.22224413
0.2248766
0.23838973
0.2500084
0.24226665
0.2307842
0.23218566
0.25027832
0.26699758
0.29348266
0.28130484
0.27965835
0.25096563
0.26647568
0.2503498
0.25868067
0.2566627
0.26222625
0.24298413
0.23204273
0.23006861
0.24934627
0.25875732
0.25844654
0.249858
0.23947212
0.23774536
0.24072033
0.23968734
0.2501471
0.25341964
0.25886378
0.2535388
0.24853034
0.2548335
0.25750622
0.2522393
0.24483345
0.23899764
0.24789798
0.25605112
0.2676739
0.26580995
0.26414225
0.25579992
0.2576111
0.27267677
0.27570662
0.2827722
0.28664494
0.28692937
0.26785457
0.23991726
0.24635251
0.24920984
0.24733779
0.2392892
0.24755555
0.2619989
0.2568287
0.26387417
0.2530888
0.28106862
0.28239095
0.3044524
0.2993237
0.28998643
0.2728841
0.27841017
0.29759854
0.30684847
0.28733844
0.288775
0.28999233
0.29615542
0.2919197
0.28252575
0.30103844
0.29770842
0.30000812
0.2945571
0.30379105
0.3044868
0.28693387
0.27071506
0.27584913
0.29539254
0.29946622
0.30097365
0.2799549
0.28332278
0.28271478
0.2964112
0.3018857
0.30403513
0.29539564
0.2884275
0.28329867
0.28221452
0.28167325
0.29677796
0.3026137
0.30969003
0.30400616
0.30921593
0.31494313
0.3149463
0.30765134
0.2846165
0.29322186
0.31112
0.3235869
0.29755253
0.2845155
0.29083267
0.2932392
0.2759476
0.27433044
0.2736234
0.29066536
0.27705023
0.28390062
0.27507192
0.27787542
0.28812245
0.28698713
0.29095668
0.27233523
0.28012577
0.29020715
0.2868904
0.30025968
0.29554072
0.31521457
0.29464084
0.27536458
0.2676875
0.26252544
0.30625865
0.3785071
0.30756605
0.2760464
0.28307655
0.30620262
0.3015233
0.30977815
0.28795725
0.28998914
0.26650462
0.27903944
0.28251517
0.2825031
0.2760573
0.276632
0.28880236
0.2786838
0.28043905
0.27586046
0.29574835
0.2899512
0.29354915
0.2796941
0.28221592
0.28842646
0.2965984
0.2990969
0.30707982
0.31218204
0.3198728
0.29710636
0.2814282
0.26645505
0.28775164
0.308343
0.3159617
0.2994124
0.294816
0.28730962
0.2965336
0.28429526
0.2846546
0.2772215
0.2818777
0.29736024
0.30605596
0.31932566
0.30489698
0.30097222
0.2900132
0.29761797
0.2983158
0.30353668
0.30752513
0.31652647
0.3340617
0.33453175
0.33251032
0.32489434
0.32384068
0.3327875
0.31799474
0.32636803
0.3284521
0.34766868
0.35574016
0.3386835
0.33668715
0.34763366
0.35582325
0.36332425
0.33585984
0.33356985
0.32164174
0.32723126
0.33538002
0.32576296
0.33193675
0.319065
0.3237011
0.3116014
0.31145012
0.30921075
0.30398276
0.29867736
0.29691586
0.30488184
0.3102645
0.29919377
0.3009678
0.29890957
0.3047446
0.29958785
0.29440713
0.30838427
0.311969
0.3310104
0.31604514
0.32838824
0.32104677
0.343692
0.3550438
0.35143697
0.3416993
0.33329988
0.34040913
0.34131908
0.33101124
0.32682678
0.3330419
0.3272044
0.34708878
0.33413324
0.33659434
0.31932133
0.32074347
0.32494897
0.3206896
0.33305073
0.3326424
0.34498847
0.33107847
0.33651498
0.32197344
0.34739947
0.3344872
0.33212155
0.31948557
0.32387367
0.32279924
0.31820923
0.31723395
0.31460154
0.30349296
0.31066358
0.3147286
0.32627648
0.32685062
0.33836025
0.3358478
0.33419582
0.33678177
0.34472927
0.3447812
0.34114096
0.3258496
0.32824123
0.31449854
0.33762228
0.33627185
0.3512092
0.33597657
0.32498416
0.32833984
0.3182865
0.3267978
0.3391799
0.35471135
0.3620923
0.33045325
0.32176295
0.31331533
0.31626526
0.3201439
0.3171407
0.31615844
0.32438192
0.3426155
0.33960533
0.32809415
0.33212537
0.33783892
0.33561772
0.30167934
0.30847374
0.3012271
0.31520227
0.32613978
0.3345961
0.33629563
0.33857656
0.34389463
0.34689444
0.32694855
0.34276846
0.33742997
0.33872437
0.32044518
0.32298154
0.31358045
0.310099
0.29652154
0.31874132
0.3365892
0.34937808
0.32732138
0.31521353
0.3062229
0.31870505
0.31371313
0.3249891
0.33337867
0.3234927
0.33704776
0.3479357
0.37715337
0.37344584
0.3599501
0.36208633
0.35582614
0.35046902
0.33051795
0.33039993
0.33265927
0.33158085
0.3303832
0.320173
0.3061496
0.30784208
0.32863602
0.34773034
0.3305162
0.32926536
0.33213905
0.34049788
0.33167627
0.33698407
0.3298507
0.3348418
0.31600034
0.3006202
0.29602915
0.29377696
0.30991524
0.30549076
0.32247734
0.3248384
0.32873246
0.31279004
0.32256925
0.32717824
0.33680934
0.33255342
0.327306
0.33792847
0.33695954
0.34182933
0.31578884
0.3175047
0.3024576
0.30952677
0.3140554
0.32689062
0.34234118
0.34207088
0.3578188
0.37087142
0.35388446
0.33190662
0.31502825
0.33331376
0.33792
0.3349658
0.32338828
0.32152233
0.35205162
0.3548486
0.37043518
0.3383798
0.3427548
0.33243892
0.33469608
0.32871926
0.32533106
0.33662072
0.3274899
0.3475375
0.34906024
0.3626035
0.33975616
0.3376303
0.34052026
0.345638
0.3259585
0.33447582
0.33474904
0.34568152
0.34334165
0.35379997
0.35193893
0.34309283
0.34893364
0.34816203
0.3522659
0.3250618
0.3237114
0.3157846
0.31612602
0.340805
0.35901457
0.37990227
0.36935148
0.3588181
0.3514467
0.33340368
0.3223366
0.30891436
0.346887
0.34731704
0.3717451
0.35588926
0.37510097
0.3697226
0.35730562
0.3569539
0.33644232
0.32775518
0.32535335
0.33894303
0.3462247
0.34090972
0.3572355
0.37381533
0.3949338
0.3844698
0.3756024
0.3636842
0.36375067
0.3991231
0.40134123
0.3992555
0.35838103
0.34532338
0.3426181
0.34083095
0.3447787
0.33092073
0.32669792
0.31542745
0.33420497
0.34543088
0.36772448
0.37763873
0.37850755
0.36322698
0.35788032
0.3624497
0.36645845
0.3545146
0.346115
0.3503393
0.36163738
0.3623324
0.3511612
0.3676527
0.3697503
0.36619127
0.33534473
0.3410734
0.33789632
0.36238205
0.35582379
0.37439
0.36373082
0.36300147
0.3498542
0.35315275
0.35077244
0.38150373
0.37516832
0.38592312
0.3828841
0.39270747
0.39998686
0.38728994
0.37519276
0.37077102
0.38744098
0.4005682
0.39682496
0.38052467
0.38907006
0.392211
0.41445118
0.41560033
0.42284888
0.40292934
0.3989667
0.4059643
0.39573675
0.38960987
0.3748165
0.39665043
0.39130497
0.37494957
0.37809968
0.39044544
0.41659248
0.40377766
0.395648
0.39261174
0.38611436
0.36189172
0.34058622
0.35072836
0.3722319
0.3967142
0.3945293
0.39062083
0.39343163
0.40598145
0.4117588
0.40402448
0.38212165
0.36962056
0.3519799
0.36491722
0.36913937
0.38618463
0.37552765
0.38414267
0.35983303
0.36503157
0.36249843
0.3848971
0.37437835
0.36856052
0.3807188
0.40050927
0.3990717
0.39333215
0.37899864
0.39263266
0.38950726
0.40232047
0.38568282
0.36443678
0.36845997
0.3889642
0.44029456
0.43985534
0.42666927
0.405196
0.40594137
0.40905803
0.42726448
0.4257365
0.42328784
0.39181778
0.4203295
0.4343424
0.43249625
0.38222018
0.37537932
0.38435313
0.3818902
0.3710606
0.36627707
0.38052276
0.37472323
0.37275675
0.3747079
0.39377594
0.38812333
0.3643093
0.3543663
0.36209908
0.3849673
0.39147672
0.41463843
0.42825547
0.44483954
0.4112077
0.421127
0.40536177
0.40443474
0.37641743
0.36300743
0.37905553
0.37252077
0.39833438
0.3920816
0.4153197
0.4211854
0.4349071
0.43477646
0.40027997
0.38120672
0.4010708
0.41576836
0.41267896
0.38355416
0.37015936
0.37641433
0.37244633
0.3958517
0.3908287
0.38757804
0.37707633
0.4033242
0.40813598
0.4038346
0.38997528
0.37226483
0.36009148
0.3454139
0.36544076
0.3971911
0.40901774
0.41211417
0.37918124
0.37103623
0.3747119
0.39121297
0.3957223
0.39348167
0.38051105
0.39089522
0.37858236
0.39223355
0.3871098
0.3947678
0.3857838
0.35697126
0.33787534
0.33475026
0.33414558
0.34654653
0.34611586
0.3590796
0.37132308
0.38951084
0.38743562
0.37268692
0.3506821
0.3712173
0.37625438
0.3847956
0.37538028
0.372838
0.3739668
0.3617769
0.3616242
0.36796474
0.4197488
0.4114111
0.39033973
0.3386016
0.3447048
0.33376792
0.37112698
0.36873558
0.37397915
0.3242079
0.30763194
0.34233263
0.3543416
0.35835513
0.33637652
0.3330376
0.3393375
0.32123375
0.3350017
0.35387948
0.37134877
0.3564802
0.32657763
0.3397621
0.3513477
0.3595377
0.33986497
0.34058595
0.34800923
0.36794117
0.37054405
0.4054264
0.40349513
0.3874742
0.3784974
0.36850747
0.39394918
0.35556453
0.36175987
0.32889754
0.33885345
0.3382863
0.3531692
0.36649334
0.36226076
0.37703294
0.41710377
0.43154755
0.44817257
0.43109733
0.42967308
0.4183847
0.40300336
0.4153924
0.41221225
0.42840958
0.43294024
0.4468247
0.44474608
0.4515375
0.43834835
0.41982737
0.41027048
0.40787065
0.41840655
0.44199464
0.462606
0.4731401
0.45948607
0.43553743
0.43591735
0.42834562
0.42873722
0.43272632
0.41555026
0.41977325
0.39902663
0.44504234
0.45127907
0.44537148
0.41769746
0.41295397
0.41050598
0.39827546
0.41959047
0.4344501
0.44098228
0.4226934
0.444254
0.5051814
0.511194
0.473312
0.43415248
0.44467738
0.47530994
0.499872
0.51501733
0.52139854
0.4758797
0.4604465
0.45416397
0.469635
0.4707635
0.47541726
0.45447192
0.4577488
0.450657
0.45275483
0.47096384
0.4635404
0.45820394
0.4357604
0.44315448
0.47036445
0.46164203
0.45411056
0.44440487
0.4489347
0.4385269
0.42473924
0.43775144
0.45361748
0.49571833
0.49735755
0.51189274
0.47246742
0.4471565
0.42688495
0.43721738
0.43190834
0.432523
0.43123782
0.42589268
0.42162773
0.45307857
0.48695788
0.51173437
0.48980588
0.46327186
0.44044957
0.42310342
0.42573655
0.44006866
0.42404905
0.43463367
0.42440882
0.45056733
0.42044935
0.40439752
0.38368264
0.42214885
0.41036245
0.38795418
0.38654718
0.3839436
0.40911505
0.38590342
0.41147694
0.4307852
0.4400133
0.44080007
0.43974888
0.44892693
0.43631727
0.4095965
0.40534532
0.40321895
0.4049879
0.38165158
0.40053836
0.43738386
0.45767832
0.45615718
0.4343409
0.42903113
0.4482895
0.46943995
0.5247108
0.4891059
0.48062515
0.41759688
0.43406513
0.416347
0.43003333
0.41154826
0.44807255
0.43918356
0.4427606
0.40126857
0.43819737
0.46647903
0.48664138
0.44942275
0.45787707
0.46958837
0.5052077
0.47747287
0.45988178
0.46546906
0.46455094
0.49483308
0.4615398
0.51376086
0.50534797
0.5481569
0.50973576
0.49710774
0.4881669
0.4810591
0.47533423
0.43002686
0.45244372
0.44473374
0.46046475
0.45183468
0.45557588
0.4726943
0.47048488
0.44794264
0.42987174
0.41521236
0.42126697
0.417169
0.4043275
0.4079681
0.4182273
0.44708455
0.46055266
0.44571128
0.41174248
0.42198378
0.3987652
0.41004896
0.4146355
0.44762197
0.45474738
0.41064343
0.4163817
0.40876812
0.42426717
0.4024949
0.38372755
0.3842181
0.4022962
0.43028703
0.45209923
0.44556132
0.44058934
0.41931707
0.43083018
0.42100003
0.4151182
0.37847477
0.35252964
0.33008665
0.350433
0.38339818
0.39692485
0.37099394
0.34635502
0.35580614
0.348068
0.3345186
0.32358995
0.32380715
0.3606446
0.35110533
0.37932664
0.3599341
0.3894709
0.38117567
0.3800337
0.3761168
0.35003868
0.3462875
0.33790752
0.35184604
0.34307957
0.32908598
0.32285544
0.34723148
0.36322978
0.39590055
0.3899681
0.3524612
0.38071203
0.37959683
0.37523928
0.3624947
0.3413445
0.35696033
0.38148847
0.41578084
0.41336757
0.41041434
0.37998816
0.40032655
0.43926844
0.43401185
0.42417988
0.39667532
0.4122139
0.42924508
0.41064236
0.40428725
0.40580317
0.44601813
0.45872834
0.46503606
0.48093095
0.47871068
0.48831883
0.47424448
0.5257493
0.5317112
0.50950116
0.46885023
0.44119823
0.4517489
0.44092074
0.47255212
0.4867874
0.51763755
0.5097036
0.5047971
0.49082226
0.43806112
0.4282846
0.4288902
0.44763798
0.4503764
0.4228665
0.44249848
0.4422285
0.4397571
0.39742193
0.3757802
0.40704972
0.42002156
0.42088646
0.39755702
0.4076055
0.40644607
0.40302435
0.3919524
0.40738934
0.39607918
0.41537324
0.46586877
0.4790042
0.4713784
0.40788963
0.422137
0.3996476
0.38917804
0.39057016
0.3726771
0.38547114
0.39357966
0.42627433
0.5570639
0.58931756
0.5371551
0.4606261
0.40657887
0.4191166
0.43273205
0.466275
0.47406137
0.4143273
0.421481
0.43874484
0.46895474
0.45931602
0.45298445
0.42934117
0.43308333
0.44546828
0.48322946
0.45395267
0.43750104
0.4137646
0.44099987
0.43776384
0.43496382
0.400469
0.3967455
0.3910873
0.3908623
0.40736842
0.42454088
0.46585974
0.46011162
0.45971158
0.4355955
0.41633293
0.4267581
0.420814
0.42265397
0.44641328
0.45411703
0.46398276
0.4752652
0.48056626
0.49471986
0.48649073
0.48650572
0.5463218
0.5604611
0.5726109
0.5148818
0.5062421
0.51485103
0.5001789
0.53151995
0.49193236
0.51268077
0.46870068
0.49545756
0.48141766
0.4589298
0.48091164
0.5382329
0.5877846
0.55304545
0.47886574
0.4700649
0.44954392
0.41765592
0.43151712
0.43642357
0.43491045
0.43975192
0.46660858
0.4605979
0.45933998
0.4532181
0.440639
0.42265108
0.4380426
0.45800957
0.47664478
0.5411908
0.5165407
0.5009465
0.48217103
0.48574322
0.4982362
0.51019007
0.54023856
0.51664317
0.5180067
0.5191555
0.5267713
0.51928085
0.5180394
0.48469108
0.5020484
0.5254351
0.5553934
0.6397169
0.6097251
0.5892531
0.55325013
0.55339736
0.56862116
0.5650363
0.6017727
0.60396004
0.6781584
0.6466347
0.6271994
0.5571838
0.5395592
0.520307
0.5107799
0.5050163
0.49861228
0.49025473
0.48817477
0.4768953
0.4449745
0.4357408
0.43207133
0.4454466
0.45671567
0.47910964
0.4877376
0.49209845
0.48586044
0.47832406
0.4782908
0.5241356
0.51894647
0.5037776
0.496437
0.500789
0.48562765
0.4885704
0.5169401
0.5206126
0.5081365
0.50191873
0.5156109
0.53302306
0.5641485
0.5948786
0.6201044
0.5948797
0.56913733
0.5562575
0.5649688
0.5601223
0.56694716
0.5643663
0.5606775
0.55718553
0.53878933
0.5536321
0.5629734
0.5592085
0.5491336
0.58416533
0.60318583
0.6640087
0.6813478
0.5994274
0.57551134
0.5213061
0.48700494
0.47656947
0.46221727
0.43393096
0.41867283
0.4125359
0.41512656
0.44090834
0.44861257
0.44709983
0.44319502
0.5707144
0.5594424
0.56748486
0.5863361
0.5717537
0.42857715
0.5527513
0.5536273
0.5587593
0.60355735
0.6461553
0.5494043
0.5742693
0.568056
0.53592944
0.49325883
0.47639087
0.47806847
0.48037207
0.48141995
0.4863761
0.49540138
0.5129967
0.5131955
0.5324768
0.53925204
0.5653573
0.546579
0.56005615
0.58964616
0.5869089
0.5584905
0.5304891
0.52721655
0.5179532
0.53339803
0.5361767
0.6110243
0.5954224
0.58898145
0.6287193
0.64553845
0.60886407
0.62668294
0.6048731
0.5664612
0.5787105
0.58574295
0.5837847
0.58621997
0.5981247
0.5758201
0.5591947
0.54230934
0.53815526
0.55763346
0.5459392
0.6157881
0.6174937
0.67911977
0.6860851
0.68473494
0.62092465
0.6128242
0.5819018
0.5736431
0.61838514
0.65085083
0.67910045
0.688295
0.6884994
0.71976495
0.71728265
0.7156723
0.7185261
0.7522261
0.74198717
0.69206756
0.65656555
0.6725766
0.64622855
0.678439
0.69399863
0.7448783
0.76753336
0.8416837
0.8458973
0.86277103
0.8871173
0.8989119
0.8867693
0.8506996
0.85275334
0.8082445
0.7723574
0.7163494
0.72550404
0.74227965
0.7563081
0.75830257
0.81672853
0.8174766
0.78384006
0.7419175
0.7059465
0.7109763
0.6822301
0.68088305
0.7033705
0.7741982
0.8466297
0.8877148
0.8741576
0.83064723
0.8616871
0.7961166
0.7579341
0.7590618
0.7843233
0.8474008
0.8470328
0.87528604
0.9209976
0.88614804
0.87143624
0.87188965
0.8883379
0.89587617
1.03148
1.1190258
1.1349975
1.2155145
1.2459173
1.351745
1.1815662
1.2366514
1.3026403
1.3287327
1.3271943
1.3051496
1.312354
1.219315
1.2861071
1.311176
1.2694607
1.2231265
1.2607421
1.1760448
1.1498377
1.2180672
1.2365748
1.1756078
2.620244
3.179557
4.583574
11.811197
4.652078
3.1516137
2.4938486
2.1131456
0.8087147
0.77354664
0.8296804
0.88267154
0.9151675
0.8900244
0.9285221
0.9450585
1.0395396
1.1037886
1.1367068
1.1516631
1.1643136
1.5297457
1.8077852
1.7642864
1.8213383
1.9370348
1.9833804
1.9672434
1.773018
1.8723704
1.8366688
1.9014177
1.8824021
1.9038817
2.0542068
2.1239643
2.1926303
2.1907673
2.1844125
2.3953478
2.208008
2.1673548
2.1127675
2.1227667
2.163077
2.0309346
2.01606
1.9669087
1.8563063
1.6087278
1.5048603
1.4426816
1.4907188
1.4733909
1.3463147
1.326452
1.3103737
1.3502338
1.3446317
1.3660582
1.3416643
1.3726858
1.4405985
1.506609
1.6045836
1.7008394
1.926704
1.9353794
2.0238628
2.068383
2.0235698
2.0859709
2.0638866
2.1595476
2.1437633
2.1437633
2.1437633
2.1437633
2.1437633
2.1437633
2.1437633
2.1437633
2.1437633
2.1437633
2.1437633
