185.06683
233.05843
109.32456
72.03555
53.396767
42.379765
34.96182
29.644457
25.850418
22.715267
20.371155
18.35379
16.842941
15.601962
14.417192
13.528402
12.6534395
11.988735
11.269952
10.663939
10.203881
9.787277
9.380491
9.029973
8.660348
8.282629
8.04563
7.7630963
7.558584
7.2828503
7.069238
6.901721
6.700618
6.528125
6.419891
6.2738953
6.181795
6.0359745
5.873728
5.7615485
5.6671853
5.552213
5.5312696
5.364421
5.275487
5.1968007
5.103832
5.0715075
4.978844
4.856988
4.7801247
4.7008777
4.636882
4.597797
4.509032
4.431814
4.4039836
4.3776307
4.293138
4.264142
4.21997
4.177222
4.1094284
4.1011763
4.06749
4.0294685
3.9743452
3.9964077
3.8793898
3.8596418
3.8346598
3.8167822
3.781861
3.7571557
3.7377663
3.7152023
3.6730845
3.6505575
3.627462
3.617608
3.54749
3.5914397
3.52949
3.4902928
3.425976
3.4194221
3.4100494
3.3695304
3.3481374
3.321712
3.310012
3.3130155
3.28473
3.2626774
3.233776
3.2162075
3.216239
3.193746
3.2145112
3.1679091
3.1346395
3.1308744
3.1025636
3.1125944
3.0755942
3.0804138
3.0616007
3.074211
3.0376892
3.0222166
3.0245905
3.0081015
2.9786937
3.0037975
2.9634516
2.9707725
2.9597335
2.9546292
2.9228694
2.9122176
2.9515603
2.8890452
2.8777077
2.8917098
2.860446
2.845926
2.821532
2.8613298
2.8459673
2.8353019
2.803972
2.7575932
2.7676275
2.7904882
2.7512052
2.7325728
2.7379138
2.7534714
2.6996448
2.6857934
2.6963935
2.6807854
2.7421367
2.673478
2.6570828
2.654176
2.6478436
2.62636
2.6100047
2.6057749
2.6134872
2.596881
2.5558677
2.5663033
2.564984
2.5556955
2.535125
2.5027173
2.5208955
2.5224123
2.5034792
2.4739048
2.4919293
2.4786193
2.4565048
2.452426
2.4614358
2.4362957
2.4404657
2.4423592
2.4375548
2.4217129
2.4895897
2.4115314
2.4046886
2.4275544
2.4392378
2.4093115
2.3778214
2.3872993
2.3575544
2.348046
2.349906
2.3762891
2.3463552
2.3476968
2.3387182
2.333656
2.3240964
2.343676
2.31247
2.3254485
2.3347316
2.3145666
2.333238
2.3121011
2.314973
2.2994428
2.301513
2.3439376
2.3019063
2.2801127
2.2924604
2.2924988
2.2840812
2.2721796
2.2676818
2.2652676
2.265027
2.2416449
2.241213
2.2223973
2.2291782
2.232315
2.1876988
2.1868374
2.195156
2.229321
2.1958575
2.1594284
2.1803467
2.1782525
2.1847777
2.1647525
2.1608436
2.157357
2.1870258
2.1475391
2.134602
2.1413631
2.1135683
2.1427689
2.1261938
2.125699
2.1204176
2.1050549
2.1167753
2.1076841
2.0922558
2.100787
2.1039772
2.0742478
2.0826023
2.0848694
2.0877635
2.09082
2.080718
2.0652306
2.0974689
2.0530643
2.0637493
2.0693476
2.064339
2.0461152
2.035938
2.0532575
2.0230615
2.0276995
2.0330973
2.031475
2.016243
2.0282805
2.0075753
2.0094483
2.0183964
2.0361788
2.0351906
2.0148714
2.0102158
2.016874
2.014213
2.0119488
2.0058877
2.014642
1.9892732
2.0347664
1.99089
1.9877597
1.9838004
1.9838781
1.9711326
2.0155349
1.9799272
1.9745221
1.9933261
1.9591751
1.9546778
1.9531531
1.980634
1.9536921
1.9586004
1.9539964
1.9676849
1.970184
1.9685221
1.9567358
1.9522951
1.9485301
1.9618255
1.9487612
1.9552455
1.9561362
1.9718614
1.9558252
1.9514946
1.9598339
1.9639487
1.9754101
1.9387369
1.9684556
1.965566
1.9596344
1.966123
1.9488431
1.9667041
1.9865216
1.9663125
2.0021973
1.9708732
1.9652476
1.9530568
1.9804934
1.9682754
1.9645282
1.9482491
1.9638721
1.9417336
1.943958
1.9595855
1.9413005
1.9301417
1.9453695
1.9357879
1.929809
1.9136784
1.9078518
1.9306759
1.9061275
1.944735
1.9175867
1.9295062
1.9215312
1.9177837
1.9437423
1.9261372
1.9142838
1.9294642
1.925148
1.9210932
1.915131
1.9252882
1.9383805
1.9251359
1.9014996
1.9310389
1.9503932
1.9167321
1.9083936
1.919394
1.924416
1.9179119
1.9278971
1.9219035
1.9406238
1.9223459
1.914294
1.9340446
1.918526
1.9427657
1.9216887
1.9112899
1.913368
1.9233762
1.9014715
1.8970554
1.8995738
1.8828619
1.8994285
1.9044039
1.9031509
1.9060484
1.896264
1.8864583
1.9001015
1.8844631
1.8685458
1.8851584
1.8946121
1.8792187
1.8968515
1.8953488
1.888216
1.9051515
1.9059649
1.9132079
1.8964746
1.8949976
1.9080998
1.8966231
1.8917819
1.8985331
1.9089863
1.885799
1.8953886
1.8982552
1.9154874
1.9083514
1.913803
1.8962959
1.9079502
1.9158075
1.8933434
1.9123427
1.8669124
1.8978032
1.8985201
1.8924215
1.9114197
1.8976517
1.8907442
1.9095834
1.8834181
1.8852156
1.8891051
1.8756659
1.8895674
1.8893491
1.8797477
1.8934664
1.8756614
1.865645
1.8781527
1.8950497
1.9042528
1.9016438
1.8935232
1.8979983
1.8899307
1.8996174
1.9052331
1.8857975
1.8867072
1.8960129
1.90924
1.9068023
1.9118725
1.923101
1.9042901
1.8872857
1.929003
1.9071038
1.9185535
1.9150474
1.9146475
1.9133545
1.9156034
1.8842982
1.9105856
1.8971248
1.8900347
1.8955573
1.8859644
1.9189824
1.8787735
1.8888115
1.8911698
1.8828621
1.8878651
1.9047045
1.8837774
1.9141749
1.8975221
1.9052395
1.8915693
1.8928506
1.8904966
1.8999826
1.9043772
1.920272
1.8994551
1.9087296
1.9267484
1.9206475
1.9259235
1.9138727
1.9179355
1.9065781
1.9163033
1.9330368
1.9209806
1.8989328
1.9451952
1.9216553
1.9344914
1.9033425
1.922354
1.9215537
1.91713
1.9342402
1.9153532
1.9123908
1.9129142
1.9182146
1.907577
1.9314868
1.9109914
1.9241492
1.9032779
1.9163187
1.9349874
1.925371
1.9403479
1.9330025
1.9234514
1.9146031
1.9147954
1.9071755
1.9381962
1.9476914
1.9448328
1.9190989
1.9298645
1.9423336
1.9221344
1.9582136
1.9309406
1.9325631
1.9308408
1.9485914
1.9591258
1.9709721
1.96317
1.9952303
1.9843184
1.971647
1.986523
1.9796838
1.9708731
1.9730808
1.9922067
1.9809164
1.9950323
1.9781651
1.9664785
1.9833261
1.9777818
1.983307
1.985341
1.9873198
1.9844458
1.985125
1.9748001
1.9651091
1.9527764
1.962863
1.9761684
1.9754417
1.948511
1.9431311
1.9505337
1.9724638
1.9729456
1.9752438
1.950747
1.9688051
1.9698194
1.9451169
1.9575479
1.9715146
1.9601624
1.967127
1.9577949
1.9460766
1.9691336
1.956607
1.9662493
1.9573162
1.94963
1.9312519
1.9601265
1.9527162
1.9805541
1.9395453
1.9510025
1.923718
1.9329984
1.9406605
1.9562585
1.929997
1.9254943
1.930462
1.9332695
1.956752
1.942854
1.9102551
1.9620197
1.935615
1.930492
1.9392972
1.9401919
1.9491794
1.9316788
1.966014
1.9539413
1.9541441
1.9466538
1.9525084
1.9454501
1.9251963
1.9702911
1.9213172
1.9353335
1.9245373
1.9295483
1.9284819
1.9251084
1.9266059
1.9207296
1.894324
1.9137615
1.8973689
1.895293
1.9037273
1.9046624
1.896423
1.9106042
1.8983911
1.8861392
1.8980244
1.8994993
1.8801929
1.8926979
1.8805155
1.893526
1.8864715
1.872112
1.8866073
1.8651569
1.9003749
1.8594207
1.8742406
1.8725852
1.8564286
1.8611871
1.8628414
1.8582734
1.8385531
1.8348951
1.850095
1.8560914
1.8408245
1.825699
1.8237011
1.8380077
1.8403786
1.8224654
1.8284807
1.8435291
1.8578695
1.833774
1.8296632
1.8149056
1.8288273
1.8369033
1.8186818
1.8249273
1.8202431
1.8089012
1.8159074
1.786742
1.8256844
1.8105624
1.8094807
1.8013817
1.7853478
1.7983471
1.7885514
1.7699479
1.7763382
1.7883867
1.7540765
1.7623037
1.7726836
1.7567272
1.7488797
1.7479628
1.7578276
1.7411339
1.7509229
1.7469493
1.7441434
1.7262311
1.7373712
1.7432194
1.7255487
1.7336963
1.7247956
1.7473233
1.7091534
1.7061754
1.7206851
1.7174541
1.7275431
1.7269546
1.7037494
1.7088354
1.686904
1.6859595
1.6930236
1.6740448
1.6925893
1.6925218
1.6903355
1.6754736
1.6766328
1.6761931
1.6540257
1.6656983
1.6557977
1.6547039
1.642656
1.659346
1.6576029
1.6424814
1.6199026
1.6254772
1.6266029
1.6212338
1.6379461
1.6237658
1.6203592
1.6310854
1.6095905
1.641464
1.6324804
1.6292282
1.642509
1.6289729
1.6069355
1.6161392
1.5931327
1.6247628
1.6144909
1.5854801
1.5746819
1.5767974
1.5781517
1.5683284
1.5577514
1.5641756
1.5599854
1.5433469
1.5582097
1.557879
1.5565196
1.5375123
1.5397394
1.5513489
1.537611
1.5311645
1.5388832
1.5297899
1.5197295
1.5252775
1.5149943
1.535307
1.5368097
1.4911954
1.5204537
1.5120878
1.5267947
1.5159446
1.5260506
1.4968171
1.5140941
1.4952964
1.4810423
1.503257
1.4809731
1.4940091
1.4694858
1.4816749
1.5061007
1.4684559
1.4718426
1.468405
1.4810045
1.4714059
1.4779823
1.4546454
1.4698818
1.454233
1.4430854
1.4477173
1.4360993
1.4517719
1.4482844
1.4411323
1.4311208
1.4374485
1.4365295
1.4324199
1.4513012
1.4485304
1.4295084
1.4261842
1.4173627
1.4211897
1.4358612
1.4355464
1.4164238
1.4110343
1.4077266
1.3945637
1.3986386
1.4077275
1.4031178
1.3922282
1.3947886
1.370644
1.3892251
1.3634673
1.368909
1.3578291
1.3607966
1.3414243
1.34852
1.3628863
1.370245
1.3395201
1.3639458
1.332326
1.3402307
1.3257062
1.3282126
1.3522636
1.3291248
1.3182974
1.3275951
1.3169029
1.3302735
1.3152987
1.3094143
1.3212746
1.3043517
1.3171439
1.2952055
1.2837516
1.3025792
1.2763827
1.2816434
1.2827998
1.2978207
1.264784
1.251417
1.2566401
1.2630672
1.2701298
1.2698147
1.2451198
1.2543502
1.2529691
1.2351967
1.2441157
1.2406358
1.2282279
1.2325773
1.2256311
1.210663
1.2159622
1.2212466
1.2048745
1.2116032
1.2173119
1.2101457
1.188858
1.1966667
1.1935579
1.2123544
1.2155182
1.1921388
1.2048708
1.1823223
1.2074211
1.1952599
1.1933043
1.1971577
1.1843846
1.1739134
1.187772
1.1885911
1.1722604
1.1962628
1.1858555
1.1908715
1.1768671
1.1911074
1.1910132
1.1746782
1.1799467
1.1988393
1.2004513
1.1972284
1.1810904
1.1826196
1.1980355
1.1787171
1.1798605
1.1619742
1.1642977
1.1488746
1.1568125
1.1705602
1.1536916
1.1525526
1.1329788
1.1537834
1.1364245
1.1485797
1.1420462
1.1617866
1.1297774
1.1449206
1.1326449
1.1413383
1.144931
1.1416886
1.1503397
1.1396495
1.136311
1.1191252
1.1256001
1.1319196
1.1131334
1.108486
1.1141391
1.0973266
1.1025153
1.0985707
1.0895802
1.113662
1.0980783
1.0924199
1.0946627
1.1065987
1.0855954
1.0796616
1.084636
1.0736487
1.0850319
1.075298
1.0666203
1.0682728
1.0700358
1.0776827
1.082801
1.0747093
1.0614618
1.0676082
1.0648544
1.0662446
1.0627081
1.0451616
1.0535233
1.0555718
1.0349767
1.05513
1.0513085
1.0547042
1.038673
1.0210123
1.0358382
1.0446517
1.033894
1.0362564
1.0220779
1.0301571
1.0321133
1.0274945
1.0302911
1.037565
1.0325878
1.0343442
1.0318382
1.0147911
1.0308031
1.0215824
1.0316895
1.0138767
1.0243703
1.00492
1.0048331
1.0027467
0.99627596
0.98814523
1.0010883
1.0033935
0.9984613
1.0000007
0.99602944
0.99860436
0.99288064
0.9893626
0.95668507
0.9921851
0.99590147
0.9955825
0.9850711
1.0063235
0.98381495
0.978844
0.9872362
0.9681325
0.9647625
0.97853124
0.9737741
0.9790055
0.9733701
0.96952885
0.9708982
0.969675
0.97104067
0.9811717
0.96740353
0.95204777
0.95247597
0.9565082
0.95501167
0.9611645
0.9383409
0.9431302
0.94454676
0.9278515
0.9423829
0.92568403
0.9560369
0.9595634
0.9479736
0.9466231
0.9577256
0.944303
0.9579278
0.9347136
0.94120765
0.92653996
0.94085926
0.91996396
0.9449526
0.9227872
0.90996057
0.92278266
0.93397564
0.9214672
0.9373881
0.93004525
0.9202277
0.9230384
0.9278269
0.9397384
0.9417037
0.91886544
0.9255811
0.9329426
0.91200143
0.90925276
0.91420704
0.91206604
0.9159622
0.9163567
0.9211948
0.90882283
0.8994016
0.9193912
0.91055274
0.9158508
0.89000744
0.9008983
0.8937128
0.8937141
0.89574593
0.8855633
0.88662136
0.90230495
0.88749504
0.8952869
0.89102453
0.87910485
0.8846943
0.8830759
0.88084847
0.88078827
0.89266133
0.8756521
0.86653054
0.87357485
0.8815636
0.87365174
0.8804431
0.86676615
0.8692356
0.85468006
0.8469188
0.8698691
0.8624395
0.8617174
0.8692781
0.8441007
0.8534515
0.8703512
0.8374054
0.8423913
0.85786694
0.84010875
0.8586597
0.8459564
0.8676442
0.8404195
0.85560876
0.8551695
0.8328265
0.85675114
0.853921
0.8224
0.843398
0.8394472
0.85816336
0.8409642
0.83599055
0.850431
0.84744656
0.8427674
0.845655
0.8356492
0.8293592
0.84166014
0.8273849
0.81856984
0.8261508
0.84617114
0.8326669
0.82711446
0.8178966
0.83100224
0.8182553
0.8109249
0.8070586
0.81628495
0.80830777
0.82510555
0.80430675
0.8145299
0.79877096
0.8121104
0.8099878
0.7977022
0.80769056
0.8099075
0.7942799
0.81351846
0.80279845
0.8053434
0.81486416
0.81134105
0.8002678
0.79572916
0.80234605
0.7994913
0.79638815
0.780812
0.77841556
0.794006
0.7874277
0.79548156
0.78855693
0.79736996
0.77500767
0.78102154
0.7742259
0.7813222
0.77921695
0.8004276
0.7802063
0.7835675
0.7713675
0.7847934
0.7815984
0.7860235
0.7663211
0.77404624
0.77357113
0.7746674
0.77216053
0.770369
0.7778024
0.7858944
0.77737284
0.7652413
0.78257245
0.769689
0.7585473
0.78142965
0.77354956
0.7609173
0.7810825
0.7725211
0.76918113
0.7764624
0.7795173
0.77489895
0.77261364
0.76659113
0.75554466
0.76535684
0.7711701
0.76621747
0.764576
0.7650412
0.7533044
0.77436507
0.7599444
0.7542172
0.75998044
0.75197107
0.7493927
0.73360866
0.7410466
0.74114853
0.7422127
0.72755736
0.73909086
0.7288188
0.7369634
0.7174723
0.7247926
0.72310054
0.72292644
0.71810865
0.7298078
0.72343093
0.7245236
0.7249569
0.70876676
0.69914603
0.71391195
0.7062032
0.7131518
0.7058049
0.70389235
0.7133193
0.70272464
0.7133191
0.7045018
0.68869275
0.7021777
0.6930596
0.7182179
0.7044728
0.6995541
0.70138466
0.69874185
0.70223963
0.69696194
0.69604135
0.68136936
0.67853075
0.6898868
0.6879799
0.6855702
0.69106615
0.6800756
0.6836717
0.6846656
0.69104993
0.6740349
0.68210036
0.6825549
0.67697626
0.69082004
0.68435496
0.67413497
0.6806707
0.6781681
0.6730892
0.6904208
0.67408293
0.6626598
0.67341155
0.67451316
0.654073
0.661334
0.6704911
0.64929014
0.6690358
0.66399
0.66861063
0.66855145
0.6608536
0.65564525
0.65916955
0.6789435
0.6630475
0.65925163
0.65815514
0.64754397
0.64829403
0.6528502
0.63918465
0.65073395
0.63554716
0.6501748
0.66498005
0.6361236
0.65461004
0.63615036
0.6446121
0.64363366
0.64223933
0.64350426
0.6487245
0.6424113
0.6572857
0.64016324
0.6395723
0.64308715
0.65051955
0.63935053
0.6335817
0.6369974
0.6318828
0.64268667
0.62856215
0.62733465
0.6265566
0.62139386
0.63629615
0.61417127
0.6310457
0.62130797
0.6042753
0.61400366
0.6234632
0.62792814
0.6079106
0.6074248
0.61156803
0.60539716
0.6006355
0.61362493
0.6019295
0.6044791
0.6006837
0.60611016
0.5957455
0.614328
0.61543465
0.60642916
0.6135726
0.6017903
0.61556584
0.5889378
0.60023177
0.5956575
0.60706824
0.609887
0.607647
0.5977005
0.60348773
0.5992109
0.6020261
0.59872264
0.5911779
0.5972054
0.5875714
0.5852382
0.5844425
0.5905626
0.58690035
0.5784443
0.57559013
0.57645553
0.5764578
0.5707664
0.5725084
0.57555217
0.5666563
0.5714511
0.57413316
0.56413865
0.5810458
0.5808392
0.5652782
0.56250596
0.57929975
0.5721793
0.54763657
0.56360066
0.5569914
0.5525197
0.56571126
0.55800974
0.553248
0.5449768
0.5585562
0.55670035
0.55391395
0.5625341
0.55312
0.5461478
0.53981304
0.54686874
0.5493714
0.53490657
0.567673
0.5544692
0.5517516
0.52748203
0.5469449
0.5455726
0.5553856
0.54191107
0.53290015
0.533122
0.5254218
0.5391302
0.52126735
0.53668296
0.52983207
0.5245967
0.53609043
0.5168795
0.51246905
0.51936245
0.5118528
0.523269
0.5236599
0.5182537
0.5172702
0.52612066
0.51727104
0.5229841
0.52099985
0.50194234
0.515127
0.5143266
0.52794325
0.52467114
0.5290812
0.5128036
0.50289035
0.5131657
0.5074279
0.5156352
0.5161592
0.51578677
0.5067492
0.5060775
0.505829
0.5132102
0.50771165
0.51016873
0.50615925
0.50653166
0.50839186
0.49537575
0.50733143
0.50446594
0.4985714
0.4916007
0.48401076
0.47812498
0.49792492
0.49739853
0.48941484
0.49882612
0.4786699
0.4922187
0.49323744
0.4853991
0.50066125
0.5051152
0.4871409
0.49583608
0.47749907
0.4932202
0.4966088
0.48214594
0.4875411
0.48230678
0.47949463
0.4869989
0.49900907
0.48262477
0.4657301
0.4824598
0.4850442
0.48807046
0.4664854
0.47913733
0.47252518
0.47762793
0.4832351
0.4737855
0.4811689
0.48131165
0.48071983
0.48279473
0.4681726
0.46628696
0.46279272
0.46683252
0.48002297
0.4728786
0.4874837
0.47776845
0.47821876
0.46083683
0.45614135
0.46186784
0.44930968
0.46937943
0.45785826
0.4595713
0.4743925
0.45237437
0.45560497
0.4538594
0.45242143
0.44513053
0.46258524
0.45631698
0.44496593
0.44821197
0.43712085
0.44685093
0.44936597
0.44494367
0.44573918
0.44910288
0.4473212
0.45488536
0.4450845
0.43438527
0.43569085
0.44131473
0.44173238
0.44305703
0.43744633
0.43530956
0.42655346
0.42804578
0.42461097
0.42438924
0.43116823
0.42084795
0.42376852
0.42470923
0.42128745
0.42641976
0.42134398
0.41415244
0.4135499
0.42653942
0.42040288
0.4275848
0.41818213
0.4189014
0.41470915
0.41896734
0.41254067
0.42138946
0.42395794
0.44018337
0.41412762
0.40670127
0.41906956
0.41934782
0.42380682
0.42098755
0.40441638
0.4148916
0.41929352
0.4137034
0.40816334
0.41709846
0.4181031
0.39886075
0.41310155
0.39189225
0.39808634
0.3968383
0.39904717
0.39499298
0.3906668
0.3994971
0.40297332
0.40194693
0.38937154
0.39773655
0.40132228
0.39167678
0.39726585
0.3776568
0.38274023
0.38901466
0.38240963
0.39302796
0.38412645
0.39161983
0.381426
0.3812803
0.38561925
0.36868608
0.38254473
0.38337454
0.38844162
0.37400317
0.38777116
0.38706625
0.39331648
0.38793728
0.37542996
0.38322347
0.366543
0.38635868
0.38641635
0.37112826
0.3783418
0.3998883
0.3787503
0.3776285
0.37096903
0.37378904
0.36598417
0.36944377
0.3770083
0.37828133
0.36010334
0.36755934
0.36624953
0.37501213
0.37783083
0.370268
0.36506107
0.36494237
0.3721364
0.35748366
0.3611588
0.35784954
0.3672512
0.3779357
0.36857986
0.3703478
0.365591
0.36371383
0.37050164
0.3653156
0.3630063
0.3543968
0.37640446
0.36829415
0.35417834
0.36540657
0.365956
0.35599384
0.36023352
0.3614712
0.35385197
0.35437799
0.35145265
0.34678033
0.35225725
0.3557103
0.34540987
0.35955834
0.34939334
0.35408965
0.34829715
0.35001254
0.3600046
0.3417269
0.34003842
0.34519905
0.34022358
0.35707632
0.3401797
0.3504402
0.34176466
0.33924428
0.3460846
0.34779412
0.35106918
0.34251896
0.34924993
0.34763178
0.342923
0.34745902
0.34581274
0.34632084
0.34878972
0.34647077
0.34613666
0.3421564
0.33654165
0.3340613
0.3375173
0.34327012
0.34474716
0.33725405
0.34004638
0.33228824
0.33642864
0.33116207
0.32643256
0.33612284
0.34353632
0.33929202
0.33855504
0.3345226
0.33992139
0.34422708
0.32075408
0.32161894
0.33103526
0.33324334
0.33635506
0.3239685
0.32687697
0.32735226
0.31815547
0.3247325
0.32395902
0.3267188
0.32630023
0.32329494
0.32329938
0.3153798
0.32646242
0.32446182
0.3242695
0.32183045
0.31940934
0.31958032
0.3255954
0.32658857
0.31696022
0.31224695
0.31945965
0.3113092
0.31569985
0.31232688
0.3101114
0.3199675
0.31027123
0.3149816
0.31388032
0.3276017
0.31401566
0.31661087
0.3130814
0.32833013
0.30842376
0.31203693
0.31064588
0.3039235
0.30247197
0.2997583
0.3013724
0.30537602
0.31099677
0.30724776
0.3235694
0.3084189
0.30684265
0.315415
0.3022203
0.30748397
0.31245995
0.30658773
0.30870748
0.3089935
0.30479512
0.30646795
0.31366467
0.31275493
0.3208054
0.3098848
0.30118996
0.3223384
0.30735245
0.31038043
0.3045178
0.2981498
0.30411258
0.30471015
0.3107908
0.30411917
0.30847082
0.3039928
0.32039252
0.30443925
0.29932
0.3099752
0.3136408
0.2953758
0.32011437
0.31335166
0.30774862
0.294445
0.30400756
0.30658227
0.30328527
0.30072296
0.29928163
0.2927017
0.2980834
0.28781408
0.29048634
0.28601298
0.28566638
0.273981
0.29245463
0.2944993
0.28086984
0.2875301
0.29581183
0.28959155
0.30292252
0.2806991
0.28256974
0.29324898
0.28438795
0.2889978
0.31036705
0.28427145
0.29167414
0.2870474
0.29455268
0.29124743
0.27738193
0.28579232
0.29404598
0.28370684
0.2949031
0.29103914
0.29894924
0.28634587
0.27639446
0.27609757
0.29157704
0.2839229
0.2950134
0.27929094
0.28569984
0.27569517
0.287365
0.28099322
0.270878
0.27723292
0.2854783
0.28314236
0.27598256
0.28441098
0.28249815
0.28522637
0.2875607
0.28289145
0.27742356
0.2824559
0.27890664
0.27439472
0.27511072
0.26558474
0.2793202
0.2748625
0.27615508
0.2683286
0.26743504
0.27852765
0.26620322
0.26940593
0.2721213
0.26782304
0.26413736
0.27678645
0.26860467
0.2635788
0.25916183
0.26708716
0.27080202
0.2655213
0.26465663
0.2708946
0.2595692
0.25495985
0.26347885
0.26017877
0.2721092
0.2624109
0.26477024
0.26175666
0.2620249
0.2644057
0.26068714
0.27001196
0.25892207
0.26242235
0.26610294
0.26848397
0.25510547
0.25649628
0.25899762
0.2666686
0.26091665
0.25861785
0.25943136
0.2689593
0.26479483
0.26223087
0.26563972
0.26366526
0.26762804
0.26226026
0.27135676
0.26836514
0.26544958
0.25603315
0.25985464
0.25485292
0.2563532
0.25553212
0.2547567
0.25840458
0.26479536
0.2678371
0.26759908
0.26146686
0.26120555
0.25698197
0.26622617
0.25972793
0.26185519
0.25722495
0.2616625
0.265895
0.2632605
0.2681764
0.27089977
0.2623875
0.261009
0.2620616
0.26155412
0.2638781
0.25349247
0.26037097
0.26845676
0.2684636
0.2708982
0.2650499
0.25929207
0.25078666
0.25805172
0.24192028
0.2575252
0.25043175
0.24967946
0.24967621
0.2509039
0.25586408
0.2584105
0.24890773
0.25859675
0.2585463
0.24619877
0.24175848
0.24503633
0.2590885
0.24548283
0.24337178
0.25197387
0.24747284
0.24524294
0.23940505
0.24975312
0.25076962
0.24493882
0.24858904
0.24419767
0.2485686
0.24373955
0.2432033
0.24446993
0.25490212
0.25006905
0.25235012
0.25033212
0.23857647
0.24135777
0.25357687
0.24708241
0.24493793
0.25023153
0.24549499
0.24844538
0.24819046
0.24425456
0.23176865
0.24242336
0.24467118
0.24256188
0.24533187
0.23843667
0.23792405
0.2376198
0.23840842
0.24019745
0.23783848
0.24862912
0.24451263
0.23850216
0.23242533
0.23173638
0.23102248
0.23262058
0.23566827
0.2306329
0.24385846
0.22182049
0.22994058
0.23062484
0.22904411
0.22303595
0.21881565
0.22530867
0.21482673
0.21924861
0.22008269
0.21789013
0.20977321
0.22356926
0.21901979
0.22031008
0.2236772
0.21336944
0.22511588
0.22133434
0.22032669
0.21856661
0.21999562
0.21846439
0.23340954
0.2113966
0.21303618
0.21667089
0.20730887
0.20613909
0.21544233
0.207478
0.199215
0.20707528
0.21225348
0.21927345
0.20403683
0.20671085
0.20735559
0.20892839
0.20942277
0.20411827
0.20539303
0.21885672
0.21784103
0.21098642
0.20918478
0.20602642
0.2075565
0.20011221
0.20757736
0.20291974
0.20107429
0.20471466
0.20194556
0.20331536
0.20876963
0.19631042
0.21030694
0.2043123
0.20199652
0.20093821
0.20135655
0.21157268
0.20104437
0.20377678
0.20265126
0.19765085
0.19670175
0.20220764
0.19797876
0.19783317
0.20480566
0.18662718
0.19408493
0.2023647
0.1986801
0.21496488
0.19985493
0.20384178
0.19638428
0.21275336
0.20833577
0.20123687
0.19812489
0.19748703
0.20245671
0.1998774
0.20042333
0.19831975
0.20026979
0.19779186
0.19116093
0.19482541
0.19206692
0.19173647
0.19479463
0.19541562
0.19860533
0.19643372
0.20144777
0.19560958
0.19755849
0.19345829
0.20451456
0.20243919
0.20083533
0.19196874
0.20028503
0.30609402
0.18907572
0.1920715
0.19056283
0.19504674
0.19591132
0.19430448
0.20305735
0.20982474
0.1952179
0.19473594
0.19457184
0.18904379
0.19848205
0.19328266
0.19878522
0.19913131
0.19452576
0.19208695
0.19859117
0.19364002
0.200892
0.20390838
0.19933568
0.1879345
0.19000706
0.18803252
0.18728077
0.19091146
0.18795289
0.18866931
0.18921249
0.18217143
0.18200015
0.18729632
0.18440723
0.18529318
0.18255696
0.18331377
0.1847635
0.18510741
0.18456472
0.18358207
0.18289688
0.19371863
0.18214826
0.17920911
0.18977717
0.17503454
0.19040887
0.1884282
0.18508047
0.17970805
0.18101148
0.18620394
0.18473108
0.18631868
0.18663336
0.17735755
0.1882475
0.1858817
0.18361238
0.17734505
0.18026976
0.18949458
0.1902431
0.19032016
0.18777983
0.19666854
0.18372393
0.18178117
0.1932282
0.18903768
0.1810105
0.17795205
0.1839337
0.18188097
0.18300252
0.17745382
0.17840719
0.17831883
0.18161026
0.17769694
0.18281895
0.18326667
0.1874536
0.1791297
0.18534383
0.18017228
0.18741311
0.18105286
0.1828779
0.18510461
0.18556719
0.1844007
0.17663121
0.17893526
0.18098131
0.18235998
0.1740727
0.17637335
0.17990196
0.18425241
0.18050867
0.18063453
0.17988437
0.16695853
0.17743416
0.17408845
0.18226211
0.18094525
0.18214603
0.18414564
0.17968574
0.18455492
0.18632306
0.18005472
0.17881776
0.1831716
0.18995172
0.17610252
0.18151177
0.17336488
0.17541666
0.18401532
0.1774235
0.18570176
0.17181772
0.17591305
0.17557575
0.17294286
0.18450476
0.17635584
0.17521624
0.17571814
0.18083924
0.17738639
0.17987156
0.17355534
0.18122303
0.1779974
0.17821588
0.18198557
0.18097813
0.17565627
0.17517997
0.16944063
0.17410594
0.17326549
0.1792384
0.1788512
0.19141285
0.17221542
0.18689053
0.17783718
0.17491563
0.17212984
0.1721424
0.17281826
0.17857046
0.16818197
0.17020313
0.16388549
0.16930848
0.1733966
0.15811118
0.1682688
0.16092663
0.16640112
0.1707242
0.16433318
0.16270037
0.16228545
0.16397303
0.16678207
0.16353643
0.16360123
0.16026372
0.16222413
0.16701975
0.15839414
0.17125656
0.16219915
0.16932543
0.16948803
0.16125828
0.15981321
0.16980569
0.1597586
0.16758636
0.1638606
0.16896619
0.16420646
0.16237119
0.16445436
0.1605729
0.1633522
0.16633128
0.15825349
0.16271922
0.1680471
0.1683815
0.16487452
0.15874082
0.15679161
0.16641757
0.15899985
0.1616168
0.16325785
0.17181961
0.16115527
0.15916571
0.15817866
0.16539957
0.1607306
0.16513607
0.16723685
0.15924363
0.16603953
0.1645658
0.16168581
0.16019008
0.1577417
0.15575083
0.1559321
0.15540883
0.15356913
0.15832388
0.15472095
0.16474849
0.15429376
0.15775748
0.16005073
0.15929785
0.1525952
0.14676496
0.15599032
0.15619263
0.15051243
0.15261689
0.15828364
0.1534465
0.15682484
0.1517615
0.15179789
0.15265776
0.15678856
0.15324755
0.15528622
0.15792842
0.156411
0.1510379
0.15606041
0.15099008
0.15882097
0.15174769
0.15694804
0.1530335
0.15623415
0.15723826
0.15532655
0.15156521
0.15034807
0.1604811
0.15086108
0.16316451
0.1532898
0.15119864
0.15300351
0.15680058
0.1510709
0.15507601
0.1429973
0.15708567
0.15596028
0.15091158
0.14881796
0.15345229
0.14676282
0.15258151
0.15307933
0.15343192
0.15463568
0.15467803
0.14639641
0.14764273
0.14691815
0.14643706
0.1420868
0.1490583
0.14348125
0.14070918
0.15193419
0.1482459
0.14889804
0.14883442
0.14948025
0.15070172
0.15279488
0.15129657
0.1547826
0.15560572
0.14815634
0.14336063
0.14681111
0.14087425
0.14491901
0.15003064
0.161239
0.14337611
0.14320306
0.15223585
0.15039289
0.14465715
0.14525183
0.15155756
0.14320017
0.14631712
0.15259677
0.15020308
0.14445566
0.14961424
0.14451893
0.15402927
0.14425614
0.14278564
0.14318436
0.14766431
0.14464346
0.1467166
0.14395899
0.1530333
0.14149323
0.15689422
0.14172788
0.14640732
0.13810086
0.14479636
0.14271903
0.14970623
0.15821317
0.15220875
0.14845939
0.14106016
0.14673132
0.14724986
0.14738142
0.14025514
0.14790356
0.1477109
0.14167622
0.14369525
0.1471174
0.14384764
0.1454205
0.14120962
0.14322244
0.13737613
0.14429104
0.13354005
0.14692056
0.14256406
0.13731095
0.13885613
0.14386296
0.1356877
0.13360846
0.14036411
0.14011131
0.1393628
0.14529905
0.1390827
0.14199017
0.1402256
0.14041667
0.1481711
0.14164843
0.13811596
0.14572123
0.14228801
0.14571814
0.13853855
0.13956651
0.14472105
0.14358519
0.14902098
0.14381802
0.15250319
0.15464312
0.15741685
0.14545543
0.16029948
0.15968879
0.15445432
0.15236463
0.15529984
0.16190076
0.15303643
0.15388991
0.14092977
0.14334303
0.14362398
0.14190695
0.13976926
0.13985233
0.13519664
0.13731553
0.13637456
0.14371563
0.13628463
0.13659099
0.1365977
0.14145534
0.14258988
0.13953303
0.1365018
0.14620335
0.13595353
0.1371986
0.13868366
0.14300276
0.13909209
0.12774493
0.1399039
0.12733738
0.13588457
0.13142519
0.13719872
0.13178368
0.1327763
0.13588665
0.13126136
0.12899908
0.13297984
0.13215244
0.12937191
0.1333933
0.12971127
0.13192876
0.1268839
0.12622169
0.13452557
0.121790044
0.12149763
0.12612486
0.1279925
0.1258248
0.13146883
0.12477771
0.12925091
0.1249407
0.13150585
0.12349092
0.1265697
0.12331906
0.12906262
0.12123401
0.1258748
0.13144429
0.13141923
0.1267227
0.12663957
0.12351759
0.12912326
0.12625383
0.12991944
0.12884772
0.12897742
0.12519106
0.1290235
0.120494485
0.12599406
0.13064143
0.13101067
0.12783256
0.12782347
0.12101062
0.121254094
0.13055266
0.13389143
0.12155304
0.124630034
0.12338835
0.117877856
0.12948862
0.119982325
0.11930233
0.12459286
0.124946415
0.12073914
0.12515806
0.12167552
0.11600659
0.11540565
0.113940015
0.109152876
0.119270496
0.118474096
0.11870465
0.13047531
0.11641561
0.11741335
0.11510159
0.13390325
0.12040014
0.1252353
0.116123214
0.11983778
0.12280221
0.1283196
0.12885854
0.12249295
0.11446857
0.12002169
0.11718665
0.11530376
0.12011601
0.12206756
0.119660094
0.12975876
0.12809518
0.117201604
0.12119542
0.11329196
0.11663927
0.116332956
0.11588973
0.11299873
0.12138865
0.114542395
0.11837718
0.120285496
0.11052171
0.11802719
0.118906386
0.11979257
0.12556863
0.116239265
0.11345698
0.11563569
0.12325597
0.10830099
0.112667136
0.1121724
0.11840887
0.11559203
0.12153056
0.1205949
0.11878796
0.11697248
0.12112458
0.11400996
0.12220003
0.11947369
0.11428805
0.1191641
0.10442892
0.11190706
0.11536117
0.12187212
0.11753189
0.1180667
0.11667877
0.1254349
0.11732825
0.113741346
0.11229957
0.12005683
0.11120325
0.11758987
0.119582936
0.11065863
0.109983556
0.10942784
0.114567086
0.111148365
0.111633934
0.113146886
0.102283515
0.11109981
0.111699946
0.11780082
0.10893002
0.11189649
0.11087686
0.1074338
0.10773378
0.11133883
0.11529096
0.110467814
0.106337905
0.11384021
0.10401451
0.11267355
0.10924392
0.10980418
0.10262753
0.112629585
0.11313985
0.107933156
0.109331116
0.11036865
0.11099459
0.109563835
0.10639117
0.112669565
0.107949786
0.107523516
0.11319906
0.11015849
0.10995074
0.105415784
0.10369983
0.104600675
0.10708678
0.11437465
0.111123934
0.10679758
0.10683682
0.10891392
0.10735166
0.107484974
0.11619751
0.11063731
0.10026944
0.11009099
0.10138552
0.10003475
0.117932
0.10139111
0.10432894
0.10819898
0.10278268
0.10785976
0.10960345
0.107318275
0.10334249
0.1008877
0.1138937
0.10628466
0.1110358
0.10451042
0.099517316
0.10880076
0.102155134
0.11149924
0.11479979
0.10941804
0.106993586
0.11283816
0.11528943
0.10710738
0.10895072
0.105900615
0.117642626
0.11225443
0.10372614
0.1099381
0.11046985
0.10343862
0.10107746
0.108995266
0.110455215
0.101605944
0.103942774
0.10632744
0.109029956
0.104712516
0.10170507
0.11064587
0.10863585
0.11029331
0.108597144
0.106870204
0.10700525
0.11190268
0.10881482
0.10311188
0.10980038
0.116890885
0.116070054
0.10586629
0.11061225
0.11239032
0.10835052
0.11340492
0.10368076
0.10392547
0.114532575
0.10003132
0.10562129
0.10405885
0.10936144
0.10469472
0.10740117
0.10315415
0.109788075
0.106821306
0.11336106
0.11925856
0.1094843
0.1050462
0.10214502
0.107354976
0.09519462
0.097430475
0.10008008
0.097985424
0.1011129
0.10271233
0.09613286
0.10996399
0.11007872
0.095304325
0.09992013
0.10380404
0.10159507
0.09859997
0.10703584
0.09991855
0.109013416
0.10681265
0.10611109
0.109150186
0.0980763
0.09767798
0.09627058
0.10068792
0.102506585
0.11149456
0.101860516
0.104477435
0.10110368
0.10898875
0.10306719
0.10377492
0.095971726
0.10773714
0.10349295
0.10572758
0.10008914
0.10448193
0.107759215
0.09812279
0.1001353
0.10190802
0.10288632
0.100817084
0.10023702
0.10323051
0.10471571
0.10498137
0.10292928
0.105439715
0.10413391
0.10869045
0.104660474
0.10308542
0.10638903
0.10377559
0.10823647
0.10512425
0.10634868
0.09614796
0.09786016
0.107328616
0.09639647
0.100696765
0.10467147
0.10295676
0.10197569
0.11107001
0.10105267
0.09970906
0.09858584
0.10863663
0.10021822
0.10495613
0.09737795
0.10023161
0.09256777
0.09506582
0.09156016
0.102938205
0.100103244
0.09902367
0.100928664
0.103474416
0.09587079
0.09745712
0.09631395
0.10490897
0.10412085
0.09807572
0.091036
0.09904889
0.09968029
0.10271308
0.09161072
0.09472165
0.100900166
0.098468535
0.097595684
0.09486043
0.09480632
0.09802081
0.094820425
0.10284584
0.10010374
0.108811654
0.10737845
0.101422444
0.10986048
0.10948487
0.10918591
0.10146522
0.10300375
0.10529846
0.10432653
0.104506396
0.10267986
0.09608112
0.10035876
0.1002018
0.10477542
0.099629514
0.10017539
0.1052625
0.101988316
0.095078416
0.101312034
0.103948824
0.104315825
0.10542454
0.10637744
0.09762321
0.10680991
0.1080029
0.10104733
0.098489396
0.104918934
0.10266856
0.113196254
0.11438674
0.11067809
0.10453385
0.105202466
0.09827263
0.10487521
0.10581847
0.095849134
0.09464022
0.10195039
0.09778351
0.10492878
0.10735362
0.09666157
0.09748269
0.10394534
0.09900987
0.09985799
0.0977418
0.100966044
0.09898581
0.09946417
0.103485376
0.097992286
0.10025036
0.0950974
0.101687096
0.09905105
0.10005975
0.10355854
0.09824125
0.100939676
0.09790255
0.10833552
0.09728618
0.09530161
0.090828665
0.09958736
0.10248378
0.099028274
0.0983768
0.09959428
0.10132361
0.10113245
0.09641454
0.09581753
0.09875782
0.096750386
0.104316376
0.100135975
0.10089347
0.09971882
0.09950985
0.100754306
0.10355805
0.09393352
0.10259601
0.096328445
0.10571183
0.0971192
0.101592064
0.09879271
0.10459303
0.09895579
0.09501131
0.09687658
0.09259098
0.099828176
0.10329063
0.103639536
0.10431965
0.10035512
0.0952008
0.09797204
0.09683465
0.103644736
0.09580226
0.098498315
0.09436915
0.10476797
0.097212575
0.0974836
0.09725866
0.09904974
0.09817632
0.10072458
0.10675958
0.10130308
0.0978783
0.09700282
0.10281108
0.094171144
0.10208385
0.094997734
0.1015325
0.099813916
0.102570295
0.09064398
0.100201
0.09687307
0.089162484
0.10010119
0.09252088
0.096739486
0.10055443
0.09781603
0.100438416
0.09180014
0.095088
0.095215775
0.09678409
0.09244013
0.09529933
0.09811185
0.09746099
0.09474599
0.09611894
0.09111491
0.10101257
0.10408866
0.094793774
0.098640844
0.0945956
0.09794901
0.08855746
0.09760033
0.08998721
0.095996074
0.10071124
0.10274412
0.0961299
0.095341146
0.09259848
0.096686065
0.097081706
0.09536367
0.09691634
0.09359331
0.09535799
0.091178246
0.086512946
0.08767405
0.092567235
0.09117505
0.092307396
0.095071726
0.08565798
0.09183406
0.08892413
0.08854721
0.09372382
0.086268924
0.09109373
0.086269945
0.088895954
0.08885949
0.08748951
0.09372707
0.09152
0.097862944
0.1020856
0.08981681
0.091933265
0.09114491
0.09329436
0.09586053
0.09234598
0.099713154
0.09935933
0.08978433
0.08837114
0.09497362
0.09120451
0.09199406
0.09711616
0.09644516
0.091670156
0.09380762
0.08659759
0.09182347
0.09237784
0.09543518
0.0852689
0.088429175
0.084918834
0.09321522
0.09039549
0.08990794
0.09635858
0.09125133
0.090185314
0.09876428
0.09025392
0.098613314
0.08557833
0.09125311
0.092080325
0.097794496
0.09333451
0.090926975
0.09155554
0.08856792
0.095658846
0.086168736
0.09610861
0.09015646
0.09258121
0.09164699
0.09215332
0.09362736
0.091553025
0.102484316
0.09434752
0.08584912
0.08977388
0.09647071
0.092576325
0.103259176
0.09161384
0.0962342
0.0908716
0.094361424
0.08970394
0.090686634
0.090815514
0.08731267
0.09358988
0.096094064
0.09578021
0.09013808
0.09457056
0.091460355
0.09316364
0.08958023
0.0969474
0.09342352
0.09062629
0.08878421
0.08958637
0.08730013
0.079768926
0.09688052
0.09324824
0.092487015
0.09685772
0.09228591
0.086696364
0.10452074
0.09374613
0.10105081
0.09766784
0.09422581
0.09618435
0.09142041
0.08950244
0.09060115
0.099650495
0.09319431
0.10202398
0.095587455
0.094172634
0.1048113
0.09392094
0.09307918
0.10023049
0.1001448
0.09609077
0.09140699
0.10092219
0.09394299
0.094878174
0.09143227
0.09033249
0.09415402
0.08943059
0.09690006
0.092458755
0.090812854
0.08571243
0.08737837
0.09338608
0.09425967
0.09630105
0.09046784
0.09550882
0.0851444
0.09487776
0.09167981
0.09040304
0.09053961
0.08586695
0.09929811
0.08971963
0.08760753
0.08593802
0.10453772
0.08591973
0.085907914
0.08596103
0.089570075
0.083056875
0.08535493
0.09171998
0.09163225
0.088998
0.09359638
0.09799127
0.0859986
0.09601493
0.09218466
0.09464175
0.09465799
0.0905956
0.09599145
0.092931315
0.09341725
0.08839447
0.08881149
0.08692176
0.09681558
0.089589484
0.094424844
0.09444576
0.08927415
0.08994908
0.09859067
0.09560649
0.09165698
0.0967781
0.09776022
0.09690386
0.08777627
0.094915085
0.09172865
0.089030154
0.09794481
0.08151805
0.09670197
0.086416505
0.08903906
0.091326974
0.0905828
0.09629619
0.09016401
0.09426981
0.08946022
0.0908016
0.0947411
0.09625558
0.095223665
0.08754659
0.09476184
0.09605051
0.09479977
0.097719975
0.0965455
0.09252662
0.092068285
0.098128885
0.09172096
0.1074506
0.106198825
0.0985644
0.091723695
0.091705985
0.09415048
0.09570822
0.10122187
0.09499752
0.090771124
0.10242297
0.09502705
0.09366933
0.09532658
0.10259734
0.100339204
0.092088915
0.0953715
0.105325915
0.09437948
0.099287786
0.09666804
0.09798379
0.09651263
0.09581134
0.09768238
0.0957175
0.09820483
0.0951811
0.11044145
0.09356681
0.09575284
0.09729249
0.09671628
0.097163305
0.10266545
0.0917251
0.09969787
0.098369725
0.0920188
0.09341782
0.09513649
0.092900485
0.09426004
0.094453976
0.09476691
0.09445774
0.0941514
0.09442256
0.0861745
0.09637709
0.090409696
0.090161614
0.09020674
0.0961592
0.1008646
0.091138154
0.10174918
0.09246519
0.08235931
0.08538948
0.08521571
0.087672964
0.0909471
0.08954367
0.08472361
0.08911932
0.09377731
0.10484358
0.093256965
0.09966889
0.09275576
0.09562501
0.09507175
0.09696529
0.08949961
0.09481392
0.09677521
0.09191549
0.09539555
0.09483427
0.08903755
0.091252506
0.094315454
0.087391846
0.09413806
0.09071816
0.10398172
0.089039184
0.087855324
0.091190554
0.09183473
0.08543273
0.083445236
0.0950373
0.08126828
0.08550847
0.08276736
0.09970786
0.08935685
0.08667822
0.09335842
0.089962
0.08935823
0.09298985
0.09340374
0.09270322
0.08806064
0.093032524
0.09279439
0.089486286
0.09019604
0.08697802
0.0903566
0.08956928
0.086091556
0.084393516
0.08857612
0.09341059
0.08874431
0.08914201
0.08806938
0.08602729
0.089154094
0.09511876
0.08640348
0.09506549
0.08978342
0.095025785
0.08967591
0.09584638
0.09264378
0.091142654
0.09597627
0.09237228
0.09681882
0.09314575
0.08716836
0.093184724
0.094344914
0.09721565
0.0945419
0.09182944
0.08568037
0.093133636
0.09491027
0.09720667
0.09933701
0.09777068
0.09621602
0.093629375
0.09578821
0.10163319
0.09272282
0.09869547
0.10110992
0.09609757
0.09305824
0.094268106
0.10106375
0.088683695
0.100529596
0.092615716
0.08951997
0.10191898
0.09737448
0.098458305
0.09495063
0.09669686
0.097798705
0.09632954
0.09088171
0.100509144
0.09661737
0.096764944
0.09338623
0.08883338
0.09031894
0.09534939
0.09520321
0.09875779
0.09717403
0.094508365
0.09232323
0.09569632
0.09735715
0.101539716
0.09329243
0.09726846
0.109226376
0.10136006
0.09142544
0.09665883
0.1035383
0.097788855
0.090203315
0.10047424
0.095493704
0.09813718
0.09476138
0.102233976
0.10363592
0.094346784
0.10437374
0.102333136
0.11140306
0.10532373
0.10481662
0.09642605
0.10383276
0.095626295
0.099774726
0.09881509
0.10104364
0.09383179
0.09412277
0.097981684
0.10266275
0.097886756
0.09441851
0.10259352
0.097030334
0.0894108
0.09855761
0.09717971
0.10270539
0.09645191
0.09257029
0.10185694
0.10594208
0.101212226
0.10270098
0.10000528
0.09250101
0.088519596
0.09291662
0.094515115
0.09777429
0.0920924
0.093238726
0.090235665
0.10040056
0.09590582
0.09245724
0.10052967
0.09170187
0.08701534
0.096159495
0.094979405
0.08750544
0.085224554
0.08407803
0.09248155
0.08819945
0.08383306
0.08952009
0.09579651
0.09106967
0.09211099
0.08379389
0.090610735
0.09474109
0.08337367
0.0899104
0.09110973
0.09314262
0.09688932
0.08788862
0.08771949
0.09374362
0.08828119
0.080077015
0.083732635
0.09056672
0.08732909
0.08893038
0.08579744
0.09047614
0.09614926
0.08844822
0.09702799
0.087866195
0.08676937
0.08748751
0.096118405
0.08750484
0.09030675
0.09685019
0.08780018
0.099706955
0.09412628
0.097029105
0.09370229
0.09552087
0.10244547
0.09329502
0.08276315
0.09020048
0.09315346
0.08851152
0.0882343
0.08989395
0.08485649
0.09071357
0.08231875
0.09160303
0.086529404
0.0900034
0.09023867
0.089114554
0.086502634
0.08870249
0.08444718
0.089060605
0.09190675
0.08212039
0.092588745
0.09416881
0.08875477
0.089649566
0.0828238
0.086084254
0.09181635
0.08914271
0.085212626
0.07658833
0.083775915
0.08375241
0.079314806
0.09089822
0.08454096
0.084925644
0.07799986
0.07372718
0.08607564
0.08242902
0.08714911
0.08425249
0.07816238
0.07954486
0.08745697
0.09166793
0.087814935
0.08185247
0.08978076
0.078971535
0.08606637
0.082669705
0.083724946
0.081968285
0.0808238
0.08612735
0.089883186
0.085506074
0.10137861
0.07806436
0.09194433
0.08658865
0.091929585
0.08957081
0.08549224
0.08871151
0.095569156
0.08878942
0.08736126
0.08804994
0.08799912
0.08443863
0.089069664
0.08098595
0.085655384
0.08508401
0.08049469
0.08303936
0.08661158
0.07943169
0.081653565
0.078355536
0.08744899
0.08840475
0.08168892
0.078876235
0.07829304
0.07859521
0.07419869
0.08797153
0.0907459
0.07313831
0.07104678
0.080946594
0.08423844
0.08323439
0.08179663
0.08793343
0.08502959
0.08024389
0.082676336
0.07534065
0.084065184
0.0901334
0.08089273
0.07954635
0.0811163
0.07427032
0.07458799
0.08884687
0.08689414
0.08657081
0.08372634
0.08115106
0.087608844
0.08669817
0.084990315
0.081730515
0.082657956
0.09591356
0.102600075
0.0870743
0.08378002
0.08769431
0.07732759
0.08126992
0.07833816
0.104927644
0.08688796
0.07643613
0.08646606
0.091540895
0.08682213
0.087082095
0.08315551
0.089675546
0.08052212
0.07533169
0.082136296
0.08311693
0.090361156
0.0855232
0.0819617
0.080406316
0.08016401
0.08445781
0.07863333
0.0795918
0.082372844
0.08802226
0.08684424
0.07730694
0.07611605
0.08424277
0.085661426
0.07775083
0.07888566
0.08265338
0.084141456
0.08642041
0.08366976
0.09438129
0.08159632
0.08572359
0.084134765
0.080481105
0.08702155
0.08528869
0.08375259
0.08936014
0.08660879
0.08492685
0.081840694
0.08118844
0.082054235
0.08317864
0.086912096
0.08293872
0.07663468
0.08401301
0.08891442
0.08356995
0.08382008
0.07941979
0.08725108
0.079702996
0.07972706
0.08728809
0.08215568
0.09948268
0.0907082
0.09469775
0.08187102
0.08635157
0.08520572
0.08376036
0.088432595
0.087591685
0.09373008
0.085693456
0.07447652
0.08345535
0.08683652
0.082685225
0.07892089
0.08202064
0.087685905
0.08979518
0.08572653
0.07899183
0.071274266
0.08444309
0.08534312
0.08323626
0.08466404
0.0933449
0.085701555
0.097069636
0.08338487
0.08892169
0.08343228
0.08715063
0.0888206
0.08445552
0.09080138
0.088144526
0.08956394
0.09151674
0.093899794
0.09387791
0.08578779
0.09281167
0.088419616
0.08998497
0.0836478
0.0850159
0.09250403
0.090164885
0.08883475
0.08418624
0.07988078
0.08658864
0.08923741
0.087130055
0.08470435
0.079647265
0.0885711
0.08217333
0.09122003
0.08151698
0.08794953
0.0842991
0.08396564
0.087260716
0.089420244
0.09159249
0.091906406
0.08635669
0.093366496
0.097081356
0.09125167
0.08885114
0.084898844
0.089739636
0.098882146
0.08561657
0.09139757
0.085126355
0.09685155
0.08971678
0.08860202
0.09568136
0.0905768
0.08810136
0.0803225
0.08843643
0.08243652
0.09557059
0.0840514
0.08556969
0.09307195
0.08656923
0.08647543
0.09001072
0.08886324
0.08927079
0.08112688
0.0906763
0.093030296
0.08850193
0.08739807
0.087476954
0.09086335
0.08678869
0.09445405
0.09234572
0.08355264
0.08890195
0.099240854
0.08340712
0.09049167
0.09315261
0.08697134
0.086944476
0.08844649
0.09711369
0.08926049
0.09051067
0.08473299
0.08154243
0.08584248
0.08719995
0.08217437
0.09401275
0.08514924
0.09161165
0.09548751
0.0923439
0.0880363
0.077686936
0.08224896
0.08683534
0.084282786
0.07870334
0.08028068
0.07949243
0.07402112
0.07912874
0.080424555
0.084199235
0.079336815
0.085871145
0.08486859
0.09289726
0.08197045
0.08383531
0.09330954
0.085305534
0.08477743
0.08306767
0.08464472
0.09193209
0.08742307
0.08270688
0.08276585
0.099126905
0.083417416
0.084160075
0.08753968
0.084347434
0.08552409
0.096598014
0.0768061
0.09240825
0.082867734
0.08877319
0.07570177
0.081701845
0.076669805
0.08430642
0.085482314
0.076098815
0.08025134
0.08456348
0.08885531
0.07642747
0.087963946
0.08548909
0.08211205
0.084621236
0.07886793
0.07906464
0.074588165
0.084803686
0.08374347
0.085216306
0.090650745
0.08459401
0.082552426
0.08746723
0.079303615
0.08816743
0.090382546
0.086662486
0.08510492
0.09089414
0.09176031
0.08498415
0.097610086
0.09472826
0.08159032
0.08909136
0.08280073
0.08543172
0.08336461
0.08576414
0.088752225
0.09120152
0.07776327
0.090004794
0.07654891
0.08595985
0.08029034
0.08549638
0.09058925
0.092413805
0.08142506
0.09096909
0.09008168
0.0878235
0.094725624
0.09152786
0.088090986
0.08961633
0.09080361
0.09322858
0.08598905
0.087082624
0.091856234
0.09098987
0.087890506
0.0884524
0.08961734
0.08485751
0.09344748
0.105301104
0.08785864
0.09124589
0.07873725
0.08705932
0.08954834
0.08665859
0.08238282
0.082177006
0.090196505
0.0890582
0.088575795
0.08809551
0.08088641
0.103622414
0.094934136
0.09373435
0.09718298
0.08958026
0.08795299
0.09131299
0.08366737
0.09400406
0.0862955
0.08153641
0.087702796
0.07970797
0.09911495
0.08597109
0.08788624
0.08726686
0.0793556
0.087469675
0.08738416
0.08428557
0.084538355
0.08070759
0.08797435
0.082038894
0.09044332
0.089939
0.094097465
0.086988404
0.08731728
0.100933954
0.095428996
0.08359963
0.07936076
0.08791519
0.08374035
0.09493139
0.08957022
0.09058737
0.09433389
0.08772991
0.088856824
0.09069142
0.086494036
0.08185272
0.082204185
0.08357265
0.08238953
0.09311764
0.093568675
0.08757436
0.095501
0.085770085
0.08723407
0.08805241
0.08622014
0.088232316
0.09005305
0.0902211
0.095246986
0.08588274
0.08923761
0.09373834
0.09031204
0.0938307
0.09099076
0.095458545
0.09263731
0.089807175
0.09342715
0.08795591
0.09483558
0.09521076
0.0876913
0.08838149
0.08851503
0.09133015
0.09264293
0.09627214
0.08001441
0.09558204
0.09414555
0.08817132
0.089275435
0.095050596
0.094004355
0.0917437
0.09531358
0.09057175
0.098718815
0.09326224
0.096500956
0.09490942
0.08345984
0.09252534
0.0837764
0.095338866
0.09542289
0.095144406
0.09422053
0.09826769
0.09750172
0.09566561
0.09195935
0.08665084
0.09134505
0.093707174
0.08717975
0.10382709
0.09503681
0.0896188
0.09791563
0.081700526
0.09137201
0.0910976
0.09377398
0.09360189
0.08941201
0.0910999
0.09174123
0.09077629
0.08977036
0.08995329
0.093340956
0.08597246
0.08903668
0.090837084
0.094750896
0.09422466
0.09493449
0.08767344
0.086104825
0.08413521
0.09050547
0.0842409
0.08481811
0.09511088
0.09749827
0.09692711
0.09808615
0.093940035
0.09626375
0.09611121
0.091214396
0.09443134
0.09077091
0.0994652
0.10407701
0.09696803
0.089273736
0.09484217
0.11130577
0.10502365
0.09485683
0.09898705
0.09458982
0.098933674
0.09955925
0.09429661
0.10636531
0.0970356
0.09178122
0.09534747
0.097098134
0.09985223
0.09407138
0.088545844
0.099385396
0.09478609
0.08867756
0.09536354
0.09157388
0.09538363
0.101341285
0.08330807
0.09631329
0.09327719
0.09153935
0.092314586
0.09333522
0.08585117
0.090248056
0.09093239
0.09890904
0.090477854
0.10634622
0.10064006
0.09681137
0.09054955
0.09035804
0.09570204
0.104453474
0.08928234
0.086395316
0.08577631
0.09238342
0.08805197
0.09280948
0.09173373
0.10078551
0.09701769
0.092856556
0.09506384
0.09827307
0.0976687
0.096074335
0.10038499
0.102523506
0.10185816
0.09486039
0.10115875
0.09303171
0.09717788
0.0931196
0.08729094
0.096663274
0.09478428
0.10714403
0.10442355
0.09053947
0.09312275
0.090480916
0.086531274
0.09778193
0.09428669
0.09351475
0.09466568
0.10210648
0.097044334
0.09586353
0.09973927
0.09311145
0.0923543
0.09658551
0.09339044
0.09097203
0.09825762
0.09827326
0.0922559
0.100994624
0.09492878
0.088734284
0.0970255
0.09185482
0.09174299
0.09196468
0.0859123
0.082882695
0.102935255
0.0931135
0.086428404
0.09124889
0.08962511
0.10313969
0.10057398
0.09625066
0.09426631
0.09662415
0.10167529
0.100310385
0.093180425
0.08818003
0.10226985
0.09725324
0.10140946
0.099033095
0.10084956
0.08991024
0.09864242
0.09234662
0.09854529
0.101116724
0.1014642
0.099803224
0.09445245
0.10480781
0.10003043
0.09472401
0.09487103
0.09375633
0.108244926
0.10171074
0.10636048
0.0927603
0.104096025
0.1016641
0.10564961
0.101967275
0.11035839
0.11171792
0.1032508
0.10022275
0.09578358
0.09024118
0.10633568
0.09314873
0.09716646
0.0963284
0.10264208
0.09105473
0.10122804
0.092348754
0.09693098
0.11231684
0.091861606
0.09749538
0.08526286
0.09694547
0.087270826
0.09630489
0.09570727
0.1025618
0.11158308
0.09794819
0.08321779
0.09288701
0.093746364
0.09305247
0.08964797
0.08812213
0.086098626
0.08499554
0.09080693
0.0907492
0.08459692
0.08968933
0.09926367
0.095851235
0.091536455
0.09355858
0.0991183
0.08344647
0.09523595
0.08706578
0.085218094
0.08391016
0.1038524
0.09569864
0.1043275
0.089124694
0.08803386
0.100867435
0.09258962
0.09434849
0.09319535
0.09404795
0.097071454
0.09657852
0.09891199
0.09106404
0.095338054
0.08733729
0.11898919
0.10280896
0.10746562
0.100766644
0.09541313
0.10263613
0.101266466
0.09463825
0.088514686
0.102585055
0.09500741
0.107282594
0.08597187
0.10093344
0.090333916
0.11721315
0.093188114
0.10654358
0.10393906
0.08999078
0.11080006
0.10094031
0.097302735
0.087851405
0.09802435
0.09532266
0.099924214
0.086908355
0.08976757
0.091667645
0.093352236
0.09310786
0.096409395
0.09099067
0.09861712
0.092139356
0.10564782
0.10224707
0.092989355
0.11021146
0.095905304
0.10095614
0.08893539
0.09948272
0.10223099
0.10665096
0.09310436
0.09731093
0.09270512
0.09024968
0.09919207
0.09254816
0.09775751
0.10299676
0.09163997
0.10668878
0.093154
0.10049979
0.10095648
0.11747913
0.10209439
0.09752635
0.09940491
0.10226032
0.09631167
0.104945496
0.09300581
0.09881305
0.09418886
0.092862815
0.09502384
0.09508954
0.09069955
0.09545462
0.095423035
0.0988213
0.093912914
0.098475605
0.0933587
0.08996796
0.09014395
0.09435077
0.08422744
0.08574101
0.09319707
0.08787335
0.09566582
0.08718507
0.09330528
0.086232975
0.089228
0.100495644
0.09610419
0.1032494
0.09564113
0.09745063
0.08957102
0.09461475
0.094900414
0.08990826
0.093607694
0.09344039
0.099870585
0.09798219
0.10542403
0.098207325
0.101246424
0.14019994
0.08985234
0.09870248
0.09057196
0.09509041
0.097991556
0.08840987
0.09862196
0.09437828
0.10268115
0.10877149
0.099664204
0.100678876
0.10650436
0.11572497
0.10801891
0.092143826
0.0934049
0.09852203
0.09974601
0.09607353
0.111061655
0.099300556
0.10548703
0.09999887
0.09437699
0.10097298
0.09706088
0.09704783
0.110212505
0.10314144
0.09439339
0.10457719
0.091991745
0.08943491
0.095477104
0.097202264
0.0910369
0.09215199
0.08759984
0.093693785
0.09176874
0.091557845
0.10090729
0.094541974
0.09397519
0.094773956
0.09326674
0.090347715
0.09160562
0.08670769
0.10371101
0.115679234
0.10384475
0.09811449
0.102733925
0.10379147
0.11231111
0.118967146
0.110291995
0.10377643
0.107898995
0.10207791
0.10049536
0.11107286
0.10631965
0.1013836
0.09873077
0.113550596
0.10326301
0.10971034
0.09860072
0.09872203
0.11003795
0.09828841
0.109757744
0.10636299
0.10873279
0.09924602
0.116314024
0.10052973
0.10322079
0.11527652
0.10049336
0.11029635
0.097274505
0.12234103
0.10340728
0.10148675
0.10968695
0.10854217
0.0965172
0.11305806
0.11187609
0.096556805
0.09649753
0.10231055
0.11417096
0.11252564
0.10325073
0.08903418
0.11146646
0.106094465
0.089028105
0.10496069
0.105497025
0.11361943
0.0994709
0.100035526
0.091030255
0.09694989
0.10703053
0.10947959
0.09546279
0.1082107
0.10677547
0.099205874
0.102038845
0.103678346
0.103335954
0.110021666
0.100401185
0.10301838
0.11950358
0.1037277
0.11788405
0.109334365
0.11063068
0.10249222
0.114366405
0.10894269
0.10819943
0.11210443
0.09954792
0.10232161
0.117617466
0.12354266
0.10230169
0.10705189
0.11788251
0.10897399
0.10648092
0.11267485
0.11732758
0.11344992
0.11232342
0.106613584
0.11450589
0.108367816
0.11668207
0.10289458
0.11573273
0.114451475
0.1259446
0.11023293
0.10464053
0.11071274
0.11241736
0.10864495
0.10933047
0.12067753
0.10971945
0.1080641
0.11789752
0.100404784
0.108371854
0.1072617
0.11379631
0.10973884
0.10788611
0.12197279
0.11040525
0.11931389
0.11444339
0.11613479
0.11874936
0.10728088
0.1126876
0.11789825
0.120393135
0.11881429
0.12929721
0.11617057
0.12187822
0.11719908
0.11508052
0.12467948
0.107449464
0.14948866
0.11926528
0.118620336
0.119529165
0.10840665
0.12172395
0.13242054
0.11144119
0.113360435
0.12868282
0.10548046
0.109602205
0.12937343
0.11920041
0.12406061
0.123325765
0.1230451
0.11987213
0.12772235
0.12401547
0.12820464
0.112054475
0.11834067
0.11453061
0.12195795
0.115072556
0.11542861
0.11580828
0.11864588
0.105971254
0.114689134
0.117086634
0.11882761
0.11918183
0.12260119
0.11346096
0.12040915
0.11448681
0.11722855
0.1182164
0.12543765
0.13267751
0.11805688
0.11480816
0.10955107
0.116577536
0.106541
0.11529453
0.11793936
0.09960703
0.10888959
0.116326794
0.11555791
0.1213092
0.117822
0.12502338
0.11723807
0.10695021
0.11682076
0.116691045
0.10793861
0.10782022
0.10925179
0.10754574
0.12395098
0.11734167
0.10537106
0.115224324
0.12353055
0.122694075
0.12437744
0.118802816
0.11471284
0.11055037
0.10881736
0.116578355
0.11963055
0.11077331
0.10697468
0.10663379
0.118230246
0.11676576
0.10806321
0.111610875
0.11204746
0.10878821
0.113491096
0.11496718
0.11617526
0.10445212
0.11710246
0.12012041
0.11325437
0.11218279
0.10252211
0.11362861
0.105629444
0.109632835
0.10802775
0.12030236
0.12087849
0.11830737
0.11716815
0.12093108
0.114642076
0.110213414
0.10352215
0.11937347
0.10821671
0.122175746
0.12349216
0.10344474
0.11747899
0.113669
0.1202339
0.10734523
0.11143264
0.11513943
0.11937988
0.10559023
0.11795181
0.11043986
0.115966335
0.118302956
0.10931944
0.11692028
0.120644085
0.1122716
0.11399922
0.1141838
0.115010895
0.10767896
0.11730633
0.11285713
0.115615405
0.11763259
0.11601715
0.118081115
0.124795906
0.10844205
0.10748846
0.11432719
0.12616101
0.12142392
0.11378715
0.120527215
0.11692171
0.112909906
0.10734985
0.10452618
0.11816655
0.11211567
0.108776346
0.116331026
0.11789608
0.10668562
0.10639712
0.11000969
0.10968992
0.105538286
0.11133223
0.12546138
0.10801395
0.10899804
0.11919032
0.12401791
0.113097176
0.115511
0.13306311
0.11763955
0.109239295
0.13025299
0.12843063
0.10325119
0.105366126
0.1155164
0.11169426
0.11714107
0.1201817
0.10988585
0.12012423
0.118369825
0.12887362
0.1266581
0.12112059
0.12347513
0.13074411
0.11944951
0.1286447
0.122500986
0.12640077
0.12416444
0.12315099
0.13392822
0.12766726
0.12073644
0.13287108
0.12966348
0.12470429
0.12458766
0.11848197
0.12074492
0.12842736
0.111407906
0.12191429
0.11601981
0.12704566
0.115786806
0.1314271
0.11082954
0.11320683
0.11613107
0.121991314
0.10707776
0.1198663
0.11741636
0.122251734
0.12340436
0.12283603
0.1263582
0.11852854
0.1078518
0.1363906
0.12205333
0.12707558
0.1289595
0.10573225
0.11242492
0.116290756
0.114986405
0.12447516
0.123323455
0.10899282
0.12052482
0.12114857
0.11609559
0.11136174
0.11023114
0.13588047
0.10942649
0.11481235
0.1094319
0.11603026
0.12228611
0.119679645
0.13076606
0.11846541
0.11047058
0.118329965
0.12201778
0.11989846
0.10852608
0.1121717
0.11649828
0.12575732
0.111978926
0.12916614
0.11169993
0.11363864
0.12462476
0.115077615
0.11554514
0.12095189
0.1140752
0.11562637
0.12524767
0.1172735
0.11398234
0.115251176
0.13519622
0.109443285
0.13463572
0.118218124
0.1442704
0.10853145
0.12529302
0.1186686
0.12297573
0.123792306
0.11022907
0.116308525
0.11143465
0.11953095
0.109667614
0.12394183
0.11334784
0.114045
0.1146319
0.12206983
0.116694
0.11817968
0.11965683
0.112393446
0.114332214
0.12426912
0.120810285
0.112580165
0.13212976
0.120068796
0.111896984
0.12757722
0.11273208
0.1281847
0.13448705
0.12896176
0.1272843
0.12797308
0.12258303
0.12350728
0.11620228
0.11286429
0.13503301
0.12801103
0.12901439
0.11512214
0.12823875
0.11957517
0.11645856
0.12734982
0.12934165
0.13950174
0.12769419
0.13059093
0.13436021
0.12942651
0.12749398
0.12991652
0.14519843
0.12896706
0.115651146
0.12751144
0.112592764
0.13469148
0.11296998
0.11762869
0.11675266
0.11030746
0.12690051
0.10902401
0.13499351
0.11721466
0.13450463
0.12726928
0.11444804
0.1077977
0.113619335
0.112035684
0.11182718
0.11949538
0.11499971
0.1331889
0.10887019
0.115102984
0.10831688
0.12530115
0.103455424
0.11088137
0.11243998
0.11912313
0.10809292
0.12619895
0.102434166
0.10733853
0.12564616
0.104245275
0.10653579
0.11277626
0.10572975
0.121572636
0.10889141
0.10889943
0.11295791
0.10808595
0.108229615
0.11575326
0.106395535
0.14200635
0.11193212
0.11428647
0.114553735
0.123953946
0.105663516
0.109288864
0.12051259
0.104657225
0.12353325
0.120470025
0.118719004
0.123616815
0.11376093
0.118463136
0.11787488
0.11667224
0.118377596
0.1186696
0.1305921
0.12588966
0.12799585
0.12586963
0.11020866
0.11833824
0.123637855
0.113641605
0.118174605
0.119022995
0.12720925
0.11738751
0.12716827
0.11626166
0.12238912
0.12376371
0.12568319
0.11585785
0.1088158
0.1095994
0.11138188
0.11145885
0.12315426
0.11214155
0.12962112
0.11421889
0.119398095
0.12646323
0.12529445
0.12764321
0.122513816
0.11084874
0.12207771
0.13117202
0.12481628
0.11762103
0.122722894
0.11231783
0.13193694
0.12145386
0.12071517
0.114558935
0.1365608
0.1183195
0.11631011
0.12552738
0.1220254
0.12403768
0.13653985
0.13232595
0.12629403
0.12855704
0.115723915
0.12131486
0.11073817
0.13193016
0.117009394
0.13641393
0.121661395
0.13698132
0.12117258
0.11892839
0.12972723
0.13076557
0.12829036
0.13475043
0.13133615
0.12570138
0.13764207
0.1146873
0.12931852
0.12935956
0.122846805
0.11886962
0.13288425
0.1214488
0.11622043
0.11958566
0.13767417
0.12934309
0.12493997
0.11644552
0.11770485
0.119049266
0.116147235
0.1216059
0.118715286
0.13343097
0.12453125
0.11143715
0.11344771
0.1216382
0.13067156
0.12696168
0.12815703
0.112337
0.12775232
0.11936601
0.12634696
0.12380941
0.11989138
0.12710571
0.12212973
0.122901835
0.11367691
0.12552743
0.13008024
0.12820645
0.120695084
0.11296695
0.12095483
0.12676963
0.115020126
0.120392844
0.13044333
0.12605356
0.12773584
0.11970403
0.11474823
0.11938593
0.120644905
0.12772854
0.1303564
0.11746255
0.14057073
0.11705599
0.13896388
0.115375206
0.124560975
0.12350945
0.12096648
0.12342993
0.13667786
0.13930373
0.13238092
0.1307777
0.13736631
0.12967803
0.13405146
0.14888194
0.14163357
0.13757716
0.13099392
0.14179593
0.17469648
0.13824444
0.12790377
0.14965115
0.14730138
0.14623463
0.13668622
0.12890369
0.15151988
0.13651276
0.14250149
0.14018215
0.12903407
0.127705
0.13677868
0.14661413
0.13124606
0.13788843
0.13712561
0.14781263
0.14479652
0.13254513
0.13149564
0.13653389
0.140509
0.14475775
0.12437034
0.13236627
0.13681696
0.13490951
0.13097669
0.1317422
0.14207235
0.12863548
0.13092087
0.13280329
0.13075495
0.13324887
0.12567952
0.122507766
0.1203406
0.12414916
0.12109445
0.13209479
0.12386154
0.12137235
0.12745914
0.12628433
0.12853968
0.15128429
0.13698393
0.14101289
0.13563548
0.13925406
0.12747504
0.1275272
0.12343064
0.12602139
0.13035223
0.12969685
0.1223283
0.12424271
0.11978543
0.12230579
0.12236624
0.13117097
0.12586485
0.1214215
0.13404186
0.119869225
0.11989939
0.13526098
0.1377458
0.13631141
0.1211458
0.1410354
0.12757489
0.12499213
0.12472781
0.11692672
0.11544376
0.12029095
0.11739227
0.11695239
0.121914715
0.12975098
0.120583825
0.12364521
0.13527279
0.12904072
0.13299243
0.120541014
0.12878866
0.1300853
0.13047256
0.12628159
0.123082854
0.13547507
0.13983408
0.120808534
0.13374415
0.13838176
0.13114405
0.12736365
0.1324921
0.12870611
0.123669446
0.13024858
0.12724419
0.13558811
0.12807828
0.120653614
0.12209857
0.13243039
0.1303605
0.13272035
0.12455179
0.13616733
0.124468006
0.1233355
0.12327321
0.12527381
0.12706512
0.12811607
0.12447438
0.12427874
0.12404897
0.12413914
0.12957902
0.13779832
0.12956329
0.13727902
0.13315217
0.14177641
0.13978584
0.13036856
0.13569413
0.12628813
0.12465808
0.13268945
0.1289277
0.12550734
0.12714809
0.12164326
0.12096212
0.12511425
0.13237073
0.12679778
0.1327437
0.1514784
0.15012345
0.13297392
0.12924348
0.13092893
0.14377913
0.13618095
0.12833692
0.13542111
0.12964758
0.12803896
0.14993802
0.12873322
0.14982338
0.14564481
0.14671062
0.1352344
0.12618007
0.12658285
0.1364618
0.13128169
0.13008666
0.13430889
0.12423812
0.1266479
0.1415635
0.13658327
0.13085459
0.14846785
0.13504313
0.13572012
0.13735652
0.13656183
0.13691005
0.13160014
0.13817
0.13391656
0.13904141
0.12913851
0.12869696
0.13531253
0.12550446
0.12296362
0.13125592
0.15146077
0.12901689
0.14781348
0.13567135
0.13059744
0.12884629
0.12965578
0.13640454
0.15125759
0.13086592
0.12382565
0.12961659
0.14826526
0.12811285
0.11807356
0.121762425
0.11903133
0.11595522
0.11897624
0.13009132
0.1304221
0.13039681
0.13376002
0.12481821
0.1254932
0.13580503
0.12737551
0.121332
0.117706895
0.11904252
0.121492915
0.12814882
0.13251264
0.14283006
0.12959068
0.12533884
0.12811816
0.13229223
0.13494165
0.13661796
0.14250666
0.12683
0.12207997
0.12643385
0.13045001
0.13302357
0.14064637
0.13004936
0.1343155
0.121405184
0.12331278
0.14006974
0.12527514
0.11770128
0.12288286
0.13793415
0.12926453
0.12534693
0.12846519
0.13125262
0.13736399
0.13552547
0.14403218
0.13422497
0.14828357
0.13416608
0.12936747
0.13144378
0.13833453
0.14655033
0.13465473
0.126577
0.13175121
0.1412675
0.1311797
0.13237137
0.14486685
0.13540852
0.1365109
0.13677289
0.14028159
0.13777201
0.14610283
0.13450152
0.1378502
0.12924829
0.12386607
0.13078229
0.15029393
0.13748796
0.13333394
0.13785078
0.13033064
0.13441844
0.15013961
0.13586919
0.13243292
0.13985462
0.124734126
0.11788665
0.11941023
0.1270928
0.13171564
0.13310134
0.13500689
0.14034905
0.13612433
0.13251759
0.12826046
0.13532884
0.15442003
0.1443873
0.13607459
0.13701007
0.14721428
0.1398223
0.13633664
0.13731492
0.1406723
0.13857463
0.14525212
0.13235818
0.12822181
0.13896112
0.15406212
0.15863252
0.18640393
0.15254508
0.13707083
0.13522401
0.13502948
0.1338914
0.13694248
0.14226538
0.14789803
0.16206616
0.14718045
0.13969025
0.1350405
0.13427958
0.13334078
0.12932369
0.12954439
0.120990135
0.13063964
0.15014796
0.13821621
0.13699931
0.14652166
0.13804808
0.1445608
0.13647434
0.13122599
0.12425303
0.12478357
0.12310862
0.1264549
0.1341106
0.15023488
0.13246182
0.12829775
0.13181229
0.13754249
0.14181396
0.15059882
0.13986406
0.14023279
0.15173067
0.13960183
0.13247678
0.13539289
0.1339452
0.13717917
0.13936467
0.15083358
0.14629275
0.14881216
0.13177621
0.12925227
0.13597052
0.14111347
0.14788868
0.14296292
0.13995457
0.13988352
0.1381343
0.14155523
0.1491407
0.1439404
0.14029288
0.1399767
0.13768138
0.1438923
0.15685043
0.15409592
0.17583655
0.14735919
0.13673002
0.13925347
0.14878581
0.16402315
0.15329912
0.15394323
0.1407382
0.13348402
0.13303033
0.13270514
0.14062415
0.15596959
0.15108415
0.1460402
0.14247036
0.13549794
0.13659397
0.13532184
0.14074394
0.14599405
0.15658012
0.14305367
0.13219759
0.13381514
0.15126713
0.14243624
0.14144257
0.14599375
0.14744724
0.14218965
0.14199626
0.1356521
0.14261602
0.1534227
0.14511575
0.13986008
0.14176536
0.14166528
0.14129436
0.13669266
0.13635653
0.13929719
0.14861707
0.1600857
0.14417058
0.13970616
0.13971943
0.13473114
0.13423735
0.13347974
0.14254117
0.14812034
0.16202554
0.13766725
0.12299966
0.12845016
0.13130404
0.14003052
0.13661572
0.14165731
0.13792089
0.13664605
0.13282299
0.13731696
0.14207532
0.13664865
0.12929344
0.12269771
0.12714149
0.13606146
0.14040972
0.14761049
0.14243892
0.1400098
0.13381442
0.13320662
0.13418235
0.13660283
0.12957178
0.13155964
0.12854896
0.14100179
0.14077836
0.13847733
0.13902886
0.13932136
0.13702644
0.13461763
0.13895085
0.14983675
0.15156007
0.15044793
0.1498368
0.148086
0.14447501
0.15005052
0.16656432
0.14579323
0.14266065
0.14753273
0.14763597
0.14298096
0.14781961
0.1481514
0.16193895
0.18464516
0.15873316
0.15242638
0.16577555
0.14985238
0.1400098
0.16864729
0.22451115
0.16514854
0.13812093
0.14218877
0.14646694
0.1467082
0.14537206
0.14173143
0.14162391
0.13822258
0.14392172
0.14461209
0.14242019
0.14512396
0.13902329
0.1426807
0.1414235
0.14776486
0.1477303
0.14437932
0.14218155
0.14573686
0.14778557
0.15395261
0.15191072
0.14905427
0.14786324
0.15230396
0.15567143
0.15874411
0.15755096
0.1584003
0.15287511
0.15719004
0.168993
0.15843223
0.15264222
0.1564796
0.16976096
0.17589818
0.16711004
0.17211182
0.18493259
0.1728869
0.16160217
0.15795529
0.16380876
0.17250983
0.1638954
0.157726
0.15910406
0.16472484
0.17387334
0.1611561
0.15586825
0.15980402
0.16174328
0.15743281
0.16297743
0.18490568
0.16759035
0.16174145
0.15890457
0.16226631
0.15688203
0.15523559
0.1515079
0.15339096
0.15591857
0.16069809
0.1531001
0.15015024
0.15519153
0.17888184
0.15378995
0.13914733
0.15044065
0.1527824
0.15815216
0.14861211
0.14980547
0.14987066
0.15885773
0.15223438
0.15432473
0.15564905
0.15492864
0.14956069
0.13869622
0.13827552
0.14165881
0.14432958
0.14586137
0.14484209
0.14014585
0.13388711
0.13750818
0.13604097
0.14589609
0.13780725
0.14257862
0.14291659
0.1421642
0.13240951
0.121540636
0.116233476
0.12229159
0.12279088
0.13057284
0.12686671
0.12983699
0.13200296
0.13486914
0.13653027
0.13026963
0.133492
0.13881153
0.14232431
0.14026362
0.13418823
0.13904306
0.13787575
0.13463725
0.12372363
0.12237704
0.123149864
0.1269758
0.12354339
0.1340851
0.13341877
0.13947538
0.13035572
0.13303217
0.13206984
0.13714409
0.13527344
0.13694972
0.13294506
0.13376303
0.13522069
0.14125794
0.14092071
0.13969867
0.14122616
0.13710211
0.14633487
0.1410621
0.14149556
0.13502023
0.13461643
0.1441444
0.14371024
0.14575875
0.14600368
0.15303159
0.14614755
0.14012474
0.13528897
0.1446895
0.14576931
0.14533985
0.13742006
0.14564735
0.14565614
0.15710871
0.14641091
0.1454588
0.13887352
0.14711027
0.13784082
0.13908233
0.13392033
0.14472342
0.14589567
0.148261
0.14804372
0.14823835
0.14851536
0.14640088
0.14370203
0.14440091
0.15383475
0.15621535
0.15146118
0.13876891
0.14522158
0.14701533
0.1530546
0.14387119
0.14793794
0.1397944
0.14213511
0.1394635
0.14647149
0.15267569
0.15121582
0.1485365
0.14282303
0.1521247
0.15132849
0.14626859
0.13582885
0.13207118
0.13321353
0.13098997
0.13309889
0.13088632
0.13548163
0.13817438
0.1454608
0.14994751
0.14200625
0.14022496
0.14960869
0.16364768
0.16193765
0.14315158
0.14286806
0.1380882
0.15087035
0.13810429
0.14976685
0.15447164
0.15874568
0.15586638
0.13973707
0.14231065
0.13145816
0.13419947
0.13342287
0.13684605
0.13591246
0.13989042
0.13915305
0.13817553
0.13885073
0.14909084
0.15201344
0.15056713
0.14731278
0.142727
0.13943237
0.13791585
0.14031613
0.14244913
0.13318491
0.13536929
0.13133305
0.13330227
0.12920235
0.1246841
0.12660596
0.11931837
0.12737238
0.12978783
0.12984487
0.123360686
0.12524143
0.13533013
0.13969722
0.13663812
0.13064621
0.13069716
0.12500052
0.1319833
0.1333644
0.13800575
0.12821671
0.12650745
0.12677792
0.13333847
0.13816723
0.13833219
0.14065197
0.13938424
0.147473
0.14732869
0.13932315
0.13773833
0.13961427
0.15433417
0.15201725
0.15413427
0.1477663
0.14395708
0.1380011
0.14204395
0.14377232
0.14408727
0.13671707
0.14478974
0.15252309
0.17751087
0.21099804
0.16573511
0.1389343
0.14278057
0.15009828
0.15279157
0.14782643
0.15031661
0.15317154
0.1540212
0.13971707
0.14223658
0.14594825
0.14498255
0.14601216
0.14938931
0.15892354
0.15550129
0.14725854
0.14232522
0.14114773
0.14404126
0.1491211
0.15209103
0.15782714
0.15885624
0.1618504
0.15368016
0.15054512
0.1493691
0.14426768
0.14776799
0.14114006
0.14343603
0.14114301
0.14826918
0.14628954
0.14371769
0.14389813
0.14594263
0.1453297
0.13899983
0.13673839
0.13985822
0.14513916
0.1480615
0.15413769
0.14864443
0.15343182
0.14583537
0.1453186
0.1420193
0.14373112
0.13884327
0.14149499
0.14618407
0.14595625
0.15026496
0.14249988
0.14644746
0.14367254
0.14612517
0.14441964
0.15167558
0.14629011
0.14835186
0.13975938
0.14487186
0.14730975
0.14858523
0.14549021
0.15193345
0.15425624
0.16735746
0.15525262
0.15000662
0.1387968
0.14191316
0.14306577
0.14351042
0.15024722
0.14914624
0.15390371
0.15680423
0.16053915
0.1620737
0.16253692
0.16104655
0.16292623
0.15655291
0.16694614
0.16928963
0.17029506
0.16079284
0.16229123
0.16938542
0.17822734
0.16596924
0.15932253
0.1575909
0.16932477
0.17117535
0.1713987
0.16307582
0.169234
0.17235515
0.17755824
0.17344457
0.16565801
0.16463606
0.16332689
0.17388757
0.16607143
0.17058107
0.16735107
0.17663084
0.18484189
0.17590733
0.18305494
0.17204331
0.17496596
0.15634994
0.15891045
0.15957701
0.17700727
0.17848676
0.18080002
0.17699054
0.17881766
0.18120922
0.18245429
0.17656276
0.18171757
0.17619216
0.18628499
0.18178922
0.19340989
0.19082831
0.18469116
0.17739107
0.17805627
0.17723274
0.18830685
0.18784317
0.19428185
0.18151318
0.17336231
0.17726885
0.18177994
0.18600741
0.17947125
0.1833144
0.18645462
0.19002649
0.18562804
0.18331322
0.18512921
0.1861129
0.19086143
0.19706935
0.1892343
0.18828782
0.17468555
0.17451242
0.16544886
0.16636935
0.16848627
0.16911419
0.17078735
0.16569328
0.16266796
0.15860987
0.16901311
0.1780006
0.17623778
0.17381047
0.1622085
0.16031408
0.1622568
0.16489777
0.18024722
0.17555115
0.17544626
0.16626738
0.16094957
0.16600919
0.16271712
0.1641368
0.16007417
0.16394128
0.16782199
0.17500722
0.17131722
0.17256775
0.17006645
0.17426562
0.17285629
0.17171915
0.17384279
0.18375552
0.18734957
0.18626547
0.17868102
0.17993292
0.17223671
0.1600432
0.1600278
0.16053712
0.16798516
0.15596253
0.16926038
0.17483246
0.18046322
0.17127861
0.17718372
0.17422116
0.17162298
0.16238876
0.16489595
0.15655383
0.15245366
0.14365736
0.14779316
0.1450098
0.15304828
0.14825225
0.1465493
0.14089982
0.16002598
0.15895014
0.15604615
0.13877091
0.1397412
0.15445983
0.15226358
0.15157776
0.14036243
0.14976321
0.15904295
0.15680376
0.15217675
0.14612536
0.14991418
0.1475832
0.14838909
0.14392756
0.14962043
0.14944164
0.15091582
0.14852
0.1460109
0.14792687
0.1523736
0.15579136
0.15586032
0.15466051
0.15108788
0.15790835
0.15480618
0.15304059
0.15221477
0.14639121
0.15692535
0.15248053
0.15386496
0.1435478
0.14796732
0.15552402
0.16943973
0.1739883
0.17084989
0.1601112
0.15291277
0.14999826
0.15489961
0.16819893
0.17999557
0.18237144
0.16711295
0.16729817
0.16503212
0.16949075
0.15682359
0.1508236
0.14777201
0.14789459
0.15133315
0.15290256
0.16279307
0.16627237
0.15911281
0.15583712
0.16059221
0.17382468
0.18010652
0.1692353
0.16179194
0.15573442
0.16167864
0.16598718
0.16554797
0.1695255
0.1755098
0.18187419
0.18244801
0.18265754
0.18573987
0.17978235
0.17839856
0.16752031
0.1662328
0.16340767
0.19456442
0.2079336
0.20886391
0.18511514
0.18274944
0.1911363
0.1951761
0.19050053
0.17970462
0.1789896
0.18315996
0.18759789
0.18349981
0.17835565
0.17983863
0.18829206
0.18680336
0.18790057
0.1843583
0.18349732
0.17547205
0.17032272
0.1716355
0.1703739
0.17239197
0.18275124
0.1916582
0.18572332
0.17692079
0.17799516
0.1918651
0.20468222
0.22498587
0.21565026
0.21438806
0.192392
0.2042821
0.1919199
0.19830641
0.19675943
0.20102449
0.18627334
0.17788558
0.1763722
0.19115059
0.19836518
0.19812694
0.1915429
0.183581
0.18225726
0.18453789
0.183746
0.19176452
0.19427326
0.19844678
0.1943646
0.1905251
0.19535714
0.19740608
0.1933684
0.18769105
0.18321726
0.19004034
0.19629058
0.20520069
0.20377176
0.20249328
0.196098
0.19748646
0.20903592
0.21135862
0.21677516
0.21974401
0.21996206
0.2053392
0.18392225
0.18885556
0.191046
0.18961088
0.18344077
0.18977782
0.20085019
0.19688667
0.20228778
0.19401966
0.21546918
0.21648288
0.23339532
0.22946365
0.22230561
0.20919485
0.21343118
0.22814111
0.23523219
0.22027566
0.22137693
0.22231014
0.22703482
0.22378771
0.21658622
0.23077819
0.22822537
0.22998834
0.22580953
0.23288836
0.23342173
0.2199655
0.20753206
0.21146788
0.22645
0.2295729
0.2307285
0.21461539
0.21719722
0.21673115
0.22723089
0.2314277
0.23307545
0.22645237
0.22111055
0.21717875
0.21634763
0.21593268
0.22751206
0.23198578
0.23741053
0.23305325
0.23704709
0.24143761
0.24144003
0.23584768
0.218189
0.22478594
0.23850676
0.248064
0.22810584
0.21811157
0.22295436
0.22479925
0.21154337
0.21030363
0.20976162
0.2228261
0.21238863
0.2176402
0.21087207
0.21302125
0.2208767
0.22000633
0.22304942
0.20877409
0.21474637
0.22247483
0.21993218
0.23018117
0.22656359
0.2416457
0.22587374
0.21109642
0.2052111
0.20125385
0.23478001
0.2901662
0.23578228
0.2116191
0.21700847
0.23473708
0.23114988
0.2374781
0.22075003
0.2223077
0.20430431
0.21391357
0.2165781
0.21656884
0.21162745
0.21206804
0.2213979
0.21364096
0.21498655
0.21147655
0.22672276
0.22227862
0.22503683
0.21441546
0.21634871
0.22110975
0.2273744
0.22928979
0.23540954
0.23932093
0.24521673
0.2277638
0.21574482
0.20426631
0.22059242
0.2363779
0.24221845
0.22953165
0.226008
0.22025357
0.22732475
0.21794273
0.21821819
0.21251993
0.21608941
0.22795844
0.23462465
0.24479729
0.23373616
0.2307274
0.22232614
0.22815602
0.22869098
0.23269336
0.23575091
0.2426514
0.25609404
0.25645438
0.25490475
0.24906626
0.24825855
0.25511724
0.243777
0.25019604
0.25179368
0.26652524
0.2727129
0.25963715
0.2581067
0.2664984
0.2727766
0.27852693
0.25747252
0.25571698
0.2465728
0.25085777
0.25710467
0.24973217
0.25446504
0.24459746
0.24815154
0.23887582
0.23875983
0.23704313
0.23303531
0.22896816
0.22761777
0.23372455
0.23785093
0.22936405
0.23072404
0.22914618
0.23361935
0.22966613
0.22569457
0.23640954
0.23915763
0.2537549
0.24228242
0.25174472
0.2461167
0.2634767
0.27217907
0.26941404
0.2619491
0.25551
0.26096
0.2616576
0.25375554
0.2505477
0.25531226
0.25083718
0.2660807
0.25614887
0.2580356
0.24479397
0.24588418
0.24910817
0.24584287
0.25531903
0.255006
0.26447055
0.2538071
0.25797474
0.2468271
0.2663189
0.25642022
0.25460672
0.24491988
0.24828383
0.24746016
0.24394141
0.24319378
0.24117573
0.23265985
0.23815687
0.24127315
0.25012586
0.25056598
0.25938934
0.25746328
0.25619686
0.25817925
0.2642719
0.26431167
0.26152104
0.24979858
0.25163203
0.2410968
0.2588236
0.25778836
0.26923943
0.25756198
0.24913515
0.2517076
0.24400067
0.2505255
0.2600177
0.2719242
0.2775825
0.2533278
0.24666572
0.24018973
0.24245116
0.24542457
0.24312228
0.24236926
0.24867345
0.2626514
0.26034382
0.2515193
0.25460964
0.2589897
0.2572869
0.23126951
0.23647813
0.23092279
0.24163626
0.25002104
0.25650373
0.2578066
0.25955516
0.26363203
0.2659317
0.25064105
0.26276872
0.25867617
0.25966847
0.24565552
0.24759991
0.24039298
0.23772408
0.2273155
0.24434932
0.25803164
0.26783568
0.25092688
0.24164489
0.2347526
0.24432153
0.24049468
0.24913892
0.25557044
0.24799179
0.25838315
0.26672995
0.28912842
0.2862862
0.27594027
0.2775779
0.2727788
0.26867202
0.25337735
0.2532869
0.25501892
0.2541922
0.25327408
0.24544686
0.23469643
0.23599389
0.25193468
0.2665725
0.25337604
0.25241715
0.25462013
0.26102805
0.25426534
0.25833434
0.25286585
0.25669205
0.24224807
0.23045754
0.22693801
0.22521149
0.23758319
0.23419136
0.2472134
0.2490234
0.2520086
0.23978703
0.24728383
0.25081712
0.25820038
0.25493777
0.25091508
0.25905833
0.25831556
0.26204875
0.24208593
0.24340133
0.2318661
0.23728538
0.24075708
0.2505966
0.26244116
0.26223394
0.27430642
0.28431264
0.2712903
0.25444192
0.24150287
0.25552067
0.25905183
0.25678712
0.24791172
0.24648127
0.26988524
0.2720294
0.2839782
0.25940433
0.26275826
0.25485
0.25658035
0.25199848
0.24940108
0.2580558
0.25105605
0.26642466
0.267592
0.27797437
0.26045945
0.25882974
0.26104522
0.2649685
0.24988207
0.2564115
0.25662094
0.26500186
0.26320812
0.27122554
0.26979885
0.2630174
0.26749498
0.26690346
0.2700495
0.24919464
0.24815941
0.2420827
0.24234442
0.2612635
0.27522308
0.29123574
0.28314742
0.2750725
0.2694215
0.2555896
0.24710551
0.23681591
0.265926
0.26625568
0.2849824
0.2728272
0.28755504
0.28343195
0.273913
0.27364334
0.25791904
0.25125942
0.24941815
0.2598361
0.2654183
0.26134378
0.27385923
0.28656945
0.30275902
0.29473725
0.2879394
0.27880287
0.2788538
0.30597055
0.30767098
0.3060721
0.27473742
0.26472732
0.26265344
0.2612834
0.26430976
0.25368616
0.2504489
0.24180889
0.25620386
0.26480973
0.28190017
0.28950047
0.29016653
0.27845234
0.27435356
0.2778565
0.28092963
0.27177337
0.26533416
0.26857254
0.27723375
0.27776656
0.26920265
0.28184515
0.28345317
0.28072476
0.25707763
0.26146924
0.25903368
0.2778046
0.272777
0.28701
0.2788386
0.27827948
0.2682007
0.2707294
0.26890463
0.29246342
0.28760666
0.29585138
0.2935216
0.3010523
0.30663273
0.2968992
0.2876254
0.28423566
0.29701495
0.30707836
0.3042088
0.29171285
0.29826382
0.3006717
0.3177212
0.31860211
0.3241589
0.30888844
0.30585068
0.31121507
0.30337456
0.29867765
0.28733698
0.304075
0.29997712
0.28743896
0.28985387
0.29931822
0.3193627
0.30953878
0.30330652
0.3009789
0.29599795
0.27742872
0.26109576
0.2688708
0.28535557
0.30412388
0.30244893
0.29945266
0.30160746
0.31122822
0.31565717
0.309728
0.29293713
0.28335372
0.26983026
0.2797481
0.28298485
0.29605186
0.28788212
0.29448646
0.27585053
0.27983576
0.27789384
0.2950648
0.28700107
0.2825411
0.29186168
0.3070332
0.30593115
0.30153117
0.29054302
0.30099493
0.298599
0.30842167
0.29566714
0.27937979
0.282464
0.29818267
0.33753288
0.33719617
0.32708764
0.31062612
0.3111975
0.31358674
0.32754394
0.32637256
0.32449543
0.30037025
0.32222754
0.33296993
0.33155465
0.29301265
0.28776842
0.2946478
0.29275972
0.28445768
0.28079057
0.29171142
0.28726545
0.28575793
0.2872537
0.3018714
0.29753807
0.27928206
0.2716597
0.2775877
0.29511863
0.3001088
0.31786472
0.32830366
0.3410171
0.31523472
0.3228389
0.3107532
0.3100425
0.28856423
0.27828404
0.29058662
0.28557703
0.30536592
0.30057248
0.318387
0.3228837
0.33340284
0.33330268
0.3068574
0.29223573
0.30746368
0.31873092
0.31636256
0.29403532
0.28376675
0.28856185
0.28551996
0.30346268
0.29961202
0.29712003
0.28906935
0.30919114
0.3128799
0.30958244
0.29895777
0.28538084
0.27604866
0.2647967
0.28014943
0.30448946
0.31355587
0.3159296
0.29068297
0.28443897
0.28725678
0.2999066
0.3033635
0.30164582
0.29170242
0.299663
0.29022387
0.30068898
0.29676107
0.30263174
0.29574454
0.27365667
0.25901762
0.2566219
0.25615835
0.265665
0.26533484
0.27527294
0.28465888
0.29860175
0.29701084
0.2857044
0.26883537
0.2845778
0.28843924
0.294987
0.28776914
0.28582022
0.2866856
0.2773407
0.27722365
0.28208435
0.32178238
0.31539065
0.29923716
0.25957435
0.2642531
0.25586882
0.28450856
0.28267527
0.28669503
0.24854004
0.2358328
0.2624346
0.27164075
0.27471757
0.2578686
0.25530896
0.26013848
0.24626005
0.25681463
0.2712865
0.28467855
0.27328023
0.2503567
0.26046398
0.2693456
0.27562413
0.26054287
0.26109558
0.2667863
0.28206626
0.28406167
0.31080273
0.30932218
0.29704043
0.29015875
0.28250042
0.3020042
0.27257824
0.27732766
0.25213516
0.25976744
0.25933266
0.27074197
0.28095636
0.27771163
0.2890361
0.31975466
0.3308274
0.34357223
0.33048224
0.32939038
0.32073665
0.30894518
0.31844273
0.31600478
0.32842177
0.33189502
0.34253895
0.34094545
0.3461518
0.3360409
0.3218426
0.31451625
0.3126765
0.32075337
0.33883616
0.35463703
0.3627125
0.35224524
0.33388606
0.3341773
0.32837275
0.32867295
0.33173105
0.31856373
0.32180113
0.3058966
0.34117258
0.3459537
0.34142488
0.3202098
0.3165734
0.31469676
0.30532077
0.321661
0.3330525
0.3380601
0.32403973
0.3405682
0.38727555
0.3918849
0.3628443
0.33282435
0.3408928
0.36437592
0.38320535
0.3948159
0.39970776
0.3648127
0.3529815
0.34816527
0.3600255
0.3608906
0.3644582
0.34840137
0.35091344
0.3454768
0.34708503
0.36104417
0.35535333
0.35126236
0.33405697
0.33972535
0.36058468
0.353898
0.34812433
0.34068388
0.34415647
0.3361778
0.32560807
0.3355833
0.3477463
0.38002115
0.38127777
0.39242056
0.36219683
0.3427933
0.32725298
0.3351739
0.33110398
0.33157519
0.33058992
0.3264923
0.3232228
0.3473332
0.37330532
0.39229918
0.3754886
0.35514745
0.33765173
0.32435405
0.32637262
0.33735973
0.32507896
0.3331932
0.32535475
0.34540808
0.32231942
0.31001395
0.29413378
0.32362226
0.31458673
0.29740837
0.29632977
0.29433385
0.31363046
0.29583627
0.3154411
0.33024296
0.33731726
0.33792043
0.33711457
0.34415054
0.33448386
0.31399956
0.31074056
0.30911046
0.31046656
0.2925768
0.3070555
0.33530152
0.3508594
0.3496933
0.33296877
0.32889828
0.3436619
0.35987598
0.40224695
0.37495202
0.3684506
0.3201327
0.33275735
0.31917453
0.32966655
0.31549576
0.34349555
0.33668122
0.33942336
0.30761528
0.33592516
0.35760608
0.37306267
0.34453064
0.35101175
0.35998973
0.38729578
0.36603403
0.3525486
0.35683185
0.356128
0.3793425
0.35381964
0.39385268
0.3874033
0.42022094
0.39076704
0.3810863
0.37423217
0.36878327
0.36439455
0.3296616
0.34684652
0.340936
0.35299549
0.34637964
0.34924766
0.36237076
0.360677
0.34339598
0.32954267
0.31830472
0.3229462
0.31980467
0.3099603
0.3127512
0.32061598
0.34273815
0.3530629
0.34168538
0.31564465
0.32349572
0.3056962
0.3143464
0.31786248
0.34315014
0.34861252
0.3148021
0.3192011
0.3133645
0.32524619
0.3085554
0.29416823
0.29454428
0.30840307
0.32986104
0.34658244
0.34157044
0.33775887
0.3214514
0.3302774
0.32274157
0.3182325
0.2901414
0.2702517
0.25304675
0.2686444
0.29391572
0.30428538
0.28440654
0.2655182
0.2727635
0.26683137
0.2564443
0.24806632
0.24823284
0.2764727
0.2691598
0.29079446
0.275928
0.2985711
0.29221195
0.2913365
0.28833377
0.26834208
0.26546642
0.2590423
0.26972765
0.2630072
0.2522796
0.24750325
0.26619008
0.2784545
0.30350015
0.29895228
0.2701992
0.2918565
0.2910016
0.28766108
0.27789098
0.2616771
0.2736483
0.29245174
0.31874052
0.31689048
0.31462651
0.2913016
0.30689314
0.33674628
0.33271652
0.32517925
0.30409408
0.31600606
0.32906228
0.3148013
0.30992943
0.31109157
0.3419206
0.35166436
0.35649988
0.36868504
0.36698297
0.37434864
0.36355913
0.4030431
0.40761355
0.39058715
0.35942388
0.33822566
0.34631386
0.33801293
0.36226177
0.37317464
0.3968246
0.39074233
0.38698098
0.37626776
0.3358207
0.32832596
0.32879022
0.34316242
0.3452617
0.3241724
0.33922243
0.33901545
0.33712086
0.30466643
0.28807572
0.31204715
0.32199147
0.32265452
0.30477
0.31247324
0.31158438
0.30896127
0.30047345
0.31230754
0.3036371
0.31842804
0.35713828
0.36720797
0.36136198
0.31269106
0.3236132
0.30637264
0.2983466
0.29941383
0.28569686
0.29550487
0.30172092
0.32678488
0.42704904
0.45177495
0.41178688
0.3531192
0.31168622
0.3212977
0.33173543
0.35744968
0.36341876
0.3176262
0.32311028
0.33634487
0.359504
0.3521149
0.34726104
0.32913592
0.3320047
0.34149912
0.3704471
0.3480033
0.33539134
0.31719485
0.33807358
0.33559284
0.3334463
0.30700234
0.30414787
0.29981026
0.29963776
0.31229147
0.325456
0.35713133
0.3527248
0.3524181
0.33393055
0.31916374
0.32715574
0.32259896
0.3240095
0.34222353
0.3481293
0.35569242
0.36434165
0.36840546
0.3792557
0.3729472
0.3729587
0.41881412
0.42965338
0.43896753
0.39471197
0.3880887
0.39468843
0.38344064
0.40746692
0.3771188
0.39302465
0.35930923
0.37982124
0.36905816
0.3518188
0.36867023
0.41261315
0.4505998
0.42396852
0.36710185
0.36035505
0.3446235
0.32017794
0.33080405
0.33456537
0.33340538
0.3371169
0.3577054
0.35309756
0.35213324
0.34744018
0.33779693
0.32400727
0.33580652
0.35111335
0.36539924
0.41488066
0.39598373
0.38402912
0.3696357
0.37237415
0.38195136
0.39111528
0.41415066
0.39606225
0.39710754
0.39798823
0.40382656
0.39808434
0.39713264
0.37156758
0.3848738
0.40280223
0.42576846
0.4904115
0.46741953
0.45172557
0.4241254
0.4242383
0.43590897
0.43316078
0.46132317
0.46299997
0.51988095
0.49571466
0.48081547
0.42714098
0.41362983
0.398871
0.39156747
0.38714907
0.38223967
0.3758327
0.3742382
0.3655913
0.34112057
0.33404195
0.33122888
0.3414825
0.35012144
0.3672888
0.37390307
0.3772461
0.37246403
0.36668658
0.36666107
0.40180603
0.39782798
0.38619944
0.38057208
0.38390833
0.37228557
0.3745415
0.3962899
0.39910525
0.389541
0.38477445
0.39527088
0.40861923
0.43248016
0.45603812
0.47537637
0.45603892
0.43630466
0.42643088
0.43310905
0.42939368
0.43462566
0.43264714
0.42981935
0.42714232
0.41303968
0.42441824
0.43157932
0.42869318
0.4209697
0.44782525
0.46240652
0.50903374
0.522326
0.45952526
0.44119102
0.39963692
0.37334138
0.36534148
0.35433897
0.3326545
0.32095754
0.31625292
0.31823894
0.33800343
0.34390956
0.34274986
0.3397564
0.43751368
0.42887244
0.43503785
0.44948933
0.43831035
0.32855025
0.423743
0.42441458
0.42834878
0.46269128
0.4953472
0.4211772
0.44023883
0.4354757
0.41084725
0.37813568
0.36520457
0.36649063
0.36825657
0.36905992
0.37285933
0.37977818
0.39326686
0.39341927
0.4082004
0.41339442
0.43340686
0.41901127
0.42934296
0.45202687
0.44992846
0.42814276
0.40667665
0.4041679
0.39706656
0.40890667
0.4110368
0.46841553
0.456455
0.45151728
0.4819806
0.4948743
0.46675944
0.48041952
0.46369997
0.43425313
0.44364354
0.44903466
0.44753343
0.44940037
0.45852658
0.44142774
0.42868254
0.41573814
0.41255358
0.4274857
0.41852084
0.47206748
0.47337496
0.52061796
0.52595764
0.5249226
0.47600517
0.46979532
0.44609
0.4397588
0.4740584
0.4989468
0.5206031
0.5276518
0.5278084
0.5517768
0.5498739
0.5486394
0.55082715
0.57666177
0.5688126
0.53054386
0.5033277
0.51560193
0.49540335
0.52009606
0.5320242
0.5710289
0.58839643
0.6452406
0.64847076
0.66140634
0.68007034
0.6891121
0.67980355
0.65215224
0.6537267
0.6196059
0.5920946
0.54915845
0.5561765
0.5690368
0.57979107
0.58132005
0.62610984
0.6266833
0.6008973
0.56875914
0.54118353
0.5450394
0.5230024
0.52196974
0.53920877
0.59350574
0.64903224
0.6805284
0.6701353
0.63677996
0.6605754
0.6103085
0.5810376
0.58190215
0.6012677
0.6496234
0.6493413
0.67100036
0.70604324
0.67932725
0.66804916
0.6683967
0.6810061
0.686785
0.7907398
0.85785306
0.87009704
0.93182194
0.9551289
1.0362571
0.9057969
0.94802564
0.99861324
1.0186158
1.0174365
1.0005368
1.0060598
0.9347354
0.9859387
1.0051566
0.97317743
0.93765736
0.9664937
0.90156424
0.88147366
0.9337788
0.94796693
0.90122914
2.0086973
2.4374707
3.5137997
9.054546
3.566316
2.416049
1.9118017
1.6199523
0.6199663
0.59300625
0.6360388
0.67666215
0.7015738
0.68229896
0.71181154
0.7244885
0.79691833
0.8461721
0.8714074
0.88287294
0.8925709
1.1727138
1.3858608
1.3525143
1.3962506
1.4849445
1.5204734
1.5081027
1.359208
1.4353722
1.4080032
1.4576402
1.4430625
1.4595289
1.5747693
1.6282458
1.6808857
1.6794574
1.6745859
1.8362905
1.6926744
1.6615093
1.6196623
1.6273279
1.6582301
1.5569288
1.5455258
1.507846
1.4230574
1.233262
1.1536365
1.1059698
1.1427954
1.1295118
1.0320942
1.0168674
1.0045416
1.0350987
1.030804
1.0472299
1.0285293
1.0523105
1.1043729
1.154977
1.230085
1.3038754
1.4770248
1.4836755
1.5515075
1.5856369
1.5512828
1.5991199
1.58219
1.6555244
1.6434239
1.6434239
1.6434239
1.6434239
1.6434239
1.6434239
1.6434239
1.6434239
1.6434239
1.6434239
1.6434239
