1185.0123
640.9583
290.51178
201.0509
151.67155
119.33802
96.84618
80.09016
67.433174
57.444748
49.22451
42.82139
37.48151
32.982662
29.607859
26.47216
23.919352
21.686203
19.827877
18.140287
16.736185
15.577863
14.520088
13.422894
12.73428
11.934451
11.323835
10.824583
10.265121
9.710134
9.297609
8.868309
8.565948
8.24457
7.954379
7.6969013
7.425759
7.2546635
7.0495806
6.82221
6.6229377
6.4793777
6.303996
6.144565
6.0313206
5.938349
5.7328997
5.6181493
5.5638466
5.425838
5.301603
5.2498875
5.1446085
5.089061
4.991746
4.8794847
4.8482823
4.814987
4.732807
4.6626725
4.626887
4.619692
4.566311
4.5071983
4.491996
4.4731517
4.4231515
4.356531
4.344733
4.26928
4.2301536
4.1813393
4.1777234
4.152252
4.1305094
4.048674
4.0777397
3.9985604
3.97188
3.9388409
3.913672
3.8601422
3.9187803
3.854
3.8197012
3.7915971
3.763836
3.7783022
3.732287
3.6934445
3.657091
3.6362302
3.6669486
3.6099453
3.615748
3.5583003
3.563964
3.5613391
3.5521317
3.5381973
3.5395033
3.4989395
3.5187361
3.4939277
3.4532275
3.4238553
3.4185233
3.4072447
3.3837547
3.410631
3.3845434
3.31308
3.3093607
3.2883985
3.314582
3.2745712
3.2808588
3.2196615
3.227257
3.224178
3.2138941
3.2095025
3.1749995
3.1917167
3.1982763
3.1187234
3.1604369
3.125448
3.1114178
3.101162
3.1203089
3.1037762
3.0807045
3.041904
3.0870254
3.0495698
3.047595
3.0013072
3.0206645
3.0057015
3.0054739
2.9870396
2.9540699
2.970856
2.9873903
2.9671829
2.944639
2.9626489
2.9799025
2.9534693
2.9352326
2.950588
2.8950331
2.9331288
2.9638762
2.939575
2.9012015
2.9610698
2.9394243
2.922093
2.9174652
2.8737278
2.9172072
2.866067
2.893083
2.8324256
2.8394084
2.795601
2.8052628
2.821894
2.8024821
2.7932467
2.801226
2.8140228
2.804924
2.795637
2.8024395
2.7973733
2.7558854
2.7735758
2.7552385
2.7247047
2.719019
2.7648306
2.7245243
2.714115
2.7289014
2.703508
2.6870027
2.657334
2.6625755
2.6879876
2.651696
2.6428096
2.6319158
2.616168
2.659138
2.6411211
2.5739734
2.6573944
2.5770838
2.647289
2.5809393
2.6433
2.6054635
2.6296456
2.600139
2.5902941
2.5824628
2.5331247
2.547834
2.5453973
2.5861359
2.5055351
2.5346406
2.5201674
2.481415
2.5387373
2.5390708
2.5100665
2.528425
2.49024
2.4823282
2.4548435
2.4972572
2.4342475
2.4303114
2.4506884
2.4636376
2.4233925
2.4426394
2.4250917
2.3917184
2.3883736
2.4048324
2.354205
2.3515704
2.329759
2.3382099
2.353567
2.3473008
2.3140383
2.3164978
2.3141043
2.3118186
2.2947404
2.2788975
2.270649
2.3275099
2.2819786
2.2807972
2.2593837
2.2289207
2.2487683
2.2429032
2.2478192
2.238712
2.226714
2.234611
2.1928148
2.2286959
2.2433197
2.2124555
2.2073474
2.2048938
2.1716282
2.1743026
2.1686554
2.1321564
2.1833785
2.1505158
2.1734762
2.125107
2.1470606
2.1582468
2.1113577
2.1219902
2.1223834
2.1252644
2.1236095
2.1210372
2.1014423
2.0619786
2.0592113
2.104162
2.022088
2.046193
2.0231438
2.0123134
2.0129123
2.0019124
1.9595996
1.9802742
2.0011532
1.9606884
2.0164113
1.9286357
1.9358637
1.9497648
1.9078118
1.903572
1.9342893
1.9189069
1.9167435
1.8975663
1.8861622
1.8797346
1.8521382
1.8626851
1.8605679
1.7971971
1.86953
1.8386871
1.8274927
1.8251952
1.8162826
1.786501
1.819898
1.7890394
1.7666667
1.7813433
1.767463
1.7544934
1.7581178
1.7578155
1.7445959
1.7176754
1.7182087
1.7196594
1.7083964
1.7180709
1.702858
1.6935074
1.6861478
1.6612726
1.6684928
1.6661098
1.6418246
1.6510034
1.6448802
1.6628233
1.6326299
1.6319889
1.6243654
1.6100161
1.6122391
1.595507
1.6025277
1.567411
1.5780357
1.5458841
1.5578139
1.5645204
1.568165
1.5215243
1.5342818
1.5238242
1.5141051
1.4998515
1.539882
1.4808754
1.5184528
1.4988725
1.4704998
1.4548357
1.4625726
1.4829865
1.4706817
1.4699832
1.440606
1.4633641
1.4459177
1.4262125
1.458002
1.4543912
1.3978648
1.3957468
1.3896797
1.3926979
1.3984039
1.3942156
1.3961806
1.3882811
1.4007682
1.3924631
1.3735126
1.4085279
1.3501471
1.371254
1.3455323
1.3564489
1.3597518
1.3427541
1.3127903
1.2944057
1.3187354
1.3001679
1.3038876
1.3220707
1.2763678
1.3060207
1.305777
1.2963355
1.2726809
1.2864398
1.2598078
1.2988504
1.240806
1.2765346
1.2691475
1.2296458
1.2400535
1.2398301
1.2580338
1.2598403
1.2492274
1.2309707
1.2347835
1.2188631
1.2136966
1.2287496
1.2046471
1.2214566
1.2165471
1.2084476
1.1864824
1.1802338
1.1714487
1.1790348
1.1865188
1.1803733
1.1545283
1.16291
1.13794
1.1707608
1.1547089
1.1402979
1.1446656
1.1159614
1.1426402
1.133505
1.1501535
1.1433744
1.1441696
1.1188036
1.1348668
1.1098964
1.1159166
1.1558125
1.1364245
1.1267644
1.119779
1.1193132
1.1014507
1.1075864
1.1223999
1.1198448
1.0984838
1.1334487
1.0967525
1.1042303
1.0780218
1.10516
1.0876966
1.0446914
1.064907
1.0554307
1.0541942
1.0436956
1.056158
1.0253704
1.0566584
1.051988
1.0459853
1.0529381
1.0361885
1.0246483
0.99769557
0.9970324
1.0027862
0.9987138
0.98282725
1.0058658
0.99014425
0.9960429
1.0022447
0.99196684
0.97313577
0.9733214
0.9879509
0.9663273
0.9676662
0.95305663
0.95284265
0.95058584
0.9350072
0.9265405
0.9346133
0.93175817
0.8959064
0.9226828
0.9128883
0.92006326
0.9042814
0.9252334
0.9113688
0.91816825
0.9031446
0.90024936
0.90326315
0.86266136
0.89981353
0.9146133
0.8839848
0.8870157
0.86751115
0.86948717
0.8520852
0.8834417
0.8773091
0.86692786
0.8784417
0.84265566
0.8525555
0.84841615
0.86674255
0.82927465
0.861566
0.83572245
0.8531257
0.8088792
0.8480525
0.8423303
0.8324236
0.8439101
0.840976
0.81936854
0.79963917
0.8057206
0.83262146
0.8181156
0.812264
0.834328
0.79439497
0.8066623
0.7835089
0.79663736
0.79729337
0.80616456
0.7836658
0.7926668
0.7928763
0.76056075
0.74642164
0.771239
0.77635896
0.75573194
0.774762
0.76942444
0.74642795
0.74804693
0.75410295
0.7414278
0.75332725
0.731769
0.74866194
0.7443593
0.7214414
0.73233753
0.7531084
0.70999014
0.74396497
0.71120334
0.72729355
0.73601925
0.7231584
0.7114216
0.72702837
0.7026242
0.726956
0.7055732
0.70767367
0.71252996
0.7242951
0.69437706
0.6948879
0.70342445
0.6907172
0.68651617
0.6806898
0.687396
0.67035943
0.68482393
0.6778928
0.6713923
0.67677873
0.6568264
0.6653829
0.67425203
0.6740023
0.6548767
0.6566625
0.66746783
0.66232467
0.6534651
0.6564845
0.61882067
0.6446965
0.63134587
0.65062165
0.6564514
0.6159976
0.6526108
0.637821
0.6283375
0.62933826
0.6255501
0.61426085
0.6213162
0.6147291
0.6176637
0.6010898
0.5959905
0.62871903
0.5981704
0.5950827
0.58090556
0.59873706
0.5958914
0.56564534
0.6099257
0.58414024
0.59064716
0.577557
0.57701534
0.58270025
0.5499916
0.57289803
0.56272227
0.57735753
0.56603
0.57937366
0.5595001
0.5595888
0.55876815
0.5769905
0.55407614
0.56315655
0.572386
0.56315786
0.5462166
0.55483884
0.55919474
0.5549396
0.54587483
0.54596746
0.54940575
0.55153006
0.54031086
0.53775847
0.5540505
0.5607989
0.54847485
0.55566025
0.54677725
0.52467245
0.5459407
0.55661595
0.5387058
0.51686007
0.5212363
0.5178497
0.5130919
0.5149625
0.51662254
0.52813035
0.5039245
0.50871676
0.50138795
0.51199454
0.50202143
0.50907254
0.520433
0.49600124
0.49476805
0.48965612
0.49032173
0.49123606
0.50486755
0.4821446
0.48478815
0.4889384
0.48724535
0.47960564
0.47535202
0.48509952
0.47156793
0.47582406
0.4601992
0.47069833
0.46697596
0.47521466
0.4476957
0.4792121
0.45845845
0.44534874
0.47193083
0.47468203
0.47595996
0.43901166
0.450621
0.44981077
0.44814643
0.4454782
0.47381535
0.45229098
0.4482305
0.44739047
0.4473971
0.4398834
0.45386088
0.4300227
0.4335571
0.4350778
0.4317768
0.43063143
0.45452717
0.42109188
0.4439842
0.4295238
0.4295237
0.42933244
0.43917423
0.4469625
0.4432173
0.42340744
0.43989846
0.42597026
0.4418868
0.43137577
0.41518965
0.4278374
0.39941493
0.42740119
0.4213088
0.40701512
0.41194603
0.40162367
0.43978044
0.4162578
0.41495565
0.40621465
0.41407925
0.39871746
0.4192429
0.41502905
0.43075436
0.4030759
0.40345824
0.39163113
0.40891448
0.40551233
0.39403775
0.3934495
0.39395753
0.38568833
0.38237932
0.39760035
0.38468415
0.39373836
0.39189705
0.40053958
0.39112282
0.38309366
0.37320718
0.38286963
0.41652942
0.3905898
0.36703756
0.37362146
0.37659508
0.37000448
0.37797943
0.37419677
0.36009774
0.36470363
0.3646141
0.3701197
0.37134233
0.3515314
0.36206767
0.36296585
0.3540724
0.35069144
0.3534573
0.3672773
0.35409304
0.3395851
0.35608134
0.35127696
0.35976797
0.33954543
0.34154743
0.33840236
0.34732684
0.34711418
0.36037275
0.34507826
0.3683157
0.33517262
0.35002458
0.33900976
0.3343145
0.3242239
0.33522746
0.33420393
0.33079565
0.3325463
0.32821468
0.34423468
0.32540217
0.32998922
0.3331863
0.32171196
0.32179174
0.3524174
0.31441903
0.33890516
0.3314477
0.3123408
0.32880092
0.3300569
0.31929508
0.31389925
0.31738836
0.31022254
0.32310694
0.30579704
0.31402552
0.3046176
0.31165135
0.31303883
0.31441972
0.30654517
0.319094
0.29920703
0.3065389
0.29106414
0.32168984
0.30140457
0.31568855
0.29491097
0.3021432
0.2984776
0.31670067
0.30585644
0.31526068
0.31604603
0.31827223
0.30148262
0.28849992
0.2914102
0.29583678
0.2958662
0.2949179
0.2834434
0.2933149
0.30274972
0.27964208
0.2941358
0.29561108
0.2850231
0.2813517
0.26766694
0.28185567
0.28660107
0.28691822
0.2842975
0.29799014
0.27952358
0.27987447
0.28014162
0.28876674
0.2791823
0.27631643
0.27622074
0.28647375
0.285403
0.28633422
0.29312646
0.28457522
0.27290004
0.27577254
0.2792729
0.28610337
0.2942571
0.2794743
0.28417408
0.25900853
0.2678481
0.2873226
0.2560965
0.26959217
0.26849133
0.27351043
0.26285568
0.2767765
0.2745152
0.27557927
0.27312914
0.2654077
0.28297022
0.26445222
0.25653744
0.24408709
0.26409552
0.26877442
0.24216075
0.2514468
0.261647
0.26371893
0.24947087
0.2596945
0.26220065
0.2543185
0.24581426
0.24751845
0.2690082
0.25574288
0.27141845
0.25146577
0.25959876
0.25664937
0.26501927
0.24460343
0.24513951
0.2375744
0.25635177
0.2574536
0.25788748
0.2611429
0.24500318
0.26069334
0.25541624
0.24806
0.25237247
0.25117677
0.24214084
0.24421866
0.24192758
0.23934408
0.24944475
0.252014
0.24623562
0.26594833
0.25329006
0.24208863
0.24308886
0.24314612
0.25024825
0.23684521
0.25728312
0.2505511
0.23320492
0.24177164
0.25563547
0.25073782
0.25091362
0.24028154
0.23550601
0.24485889
0.24539655
0.24428664
0.24321894
0.2442104
0.23977007
0.22983843
0.2376668
0.24012452
0.26054785
0.25299916
0.24688242
0.2384048
0.23899391
0.2474244
0.25193623
0.23143494
0.23050188
0.23459068
0.22524744
0.23448333
0.23537883
0.24542233
0.21799515
0.22652161
0.24467295
0.23526277
0.23501676
0.23962702
0.21438417
0.22183447
0.23292078
0.23197465
0.22362557
0.22111006
0.22930281
0.2208445
0.22008376
0.22990696
0.23163535
0.2288141
0.218474
0.22113164
0.21395929
0.22122554
0.23022322
0.22452524
0.2087098
0.20876554
0.21623886
0.21368644
0.22154285
0.21211466
0.22421062
0.22241713
0.21964082
0.21795477
0.18728837
0.21798384
0.22488788
0.21604268
0.22578195
0.22128272
0.19699569
0.208693
0.20871228
0.20754516
0.21133521
0.21144314
0.21281599
0.20574027
0.20773382
0.19365574
0.20480528
0.20188202
0.20930077
0.2067936
0.20583357
0.20117679
0.21298318
0.19919345
0.2099837
0.21125367
0.21022283
0.20912182
0.20045505
0.20901418
0.21541885
0.20579
0.20715071
0.2010186
0.1965221
0.20286134
0.21725385
0.19333366
0.20956926
0.21048437
0.21479572
0.20525719
0.19182652
0.19915815
0.20075169
0.19636513
0.20518707
0.19112194
0.19974165
0.20575497
0.20247816
0.19948457
0.20606363
0.19059446
0.19328125
0.19266607
0.18598725
0.20862605
0.18376389
0.18963024
0.19194557
0.19402301
0.18375729
0.1687507
0.20215346
0.18114465
0.18475986
0.17201826
0.18329448
0.17746827
0.18726397
0.17768335
0.17382123
0.18835123
0.18343031
0.17644331
0.18761785
0.20217326
0.18846232
0.18675014
0.17437601
0.19764754
0.19731748
0.1968672
0.18739498
0.19259618
0.18151549
0.20396607
0.1924775
0.18690619
0.20408991
0.19244084
0.19907731
0.18340005
0.18853138
0.19006458
0.1895857
0.18971993
0.18978976
0.19275407
0.1894938
0.18783306
0.18568403
0.18587145
0.18208826
0.18369004
0.19306718
0.18438259
0.1913916
0.18854485
0.1913344
0.1774197
0.18818702
0.19281194
0.19076575
0.1731035
0.18978241
0.18204746
0.18555081
0.19070472
0.1784909
0.19324678
0.1765993
0.1836172
0.17888331
0.18152148
0.19025265
0.18256971
0.1854336
0.18475205
0.17910556
0.17833085
0.17908351
0.18910822
0.20089753
0.18670039
0.19450578
0.18254767
0.18423109
0.17593919
0.17520867
0.17360868
0.18824339
0.18499033
0.16947027
0.17402658
0.18439025
0.1798619
0.17652372
0.17572634
0.17275737
0.1724407
0.17439686
0.17461342
0.17335674
0.16774186
0.18376526
0.17762212
0.16904834
0.17272127
0.19231927
0.17524906
0.18337615
0.17203748
0.16867734
0.1766596
0.18026799
0.17049247
0.17350447
0.18353115
0.17523038
0.16481762
0.17381963
0.17034158
0.20979674
0.17367962
0.17434755
0.16633151
0.16915429
0.17150415
0.15393613
0.17066655
0.16964374
0.1748168
0.19462459
0.1673169
0.17512922
0.17824481
0.17330313
0.17247507
0.1751331
0.17969501
0.1792469
0.17168568
0.17127112
0.17400618
0.17648979
0.1792044
0.15807466
0.1690402
0.1754748
0.17455056
0.1765821
0.16721335
0.17940271
0.18160714
0.16775167
0.16678302
0.16820642
0.1894798
0.17027368
0.16883695
0.1730177
0.1786972
0.17894463
0.17469831
0.17469124
0.17581455
0.18174353
0.18652369
0.17736347
0.18830965
0.1853849
0.18771583
0.19901845
0.21026568
0.2001431
0.21373475
0.23285916
0.2537718
0.29427394
0.2828905
0.3314453
0.36064893
0.34093654
0.37156793
0.3616496
0.3396054
0.30069917
0.2526071
0.21128388
0.20660545
0.1898763
0.20191522
0.19614954
0.18796305
0.19122164
0.19420174
0.17898008
0.17942613
0.17016913
0.17496715
0.17046638
0.18053646
0.15982577
0.1606686
0.16626427
0.16782957
0.17323002
0.16610551
0.15931022
0.14902447
0.16169268
0.15535977
0.15374164
0.15752727
0.1579561
0.16115494
0.1678601
0.15669109
0.16549852
0.1575416
0.16800283
0.18013568
0.164509
0.14888512
0.16327098
0.16853097
0.16399045
0.1528413
0.16108373
0.15856698
0.14642285
0.15539908
0.16949396
0.15003286
0.13652265
0.15092148
0.18088213
0.14645588
0.14664277
0.14955716
0.14163214
0.14967105
0.14617117
0.15241595
0.14610624
0.14943863
0.149081
0.15698633
0.15508178
0.1609903
0.15938719
0.14685169
0.14301904
0.14743172
0.14747053
0.15876594
0.14891462
0.15981396
0.15548192
0.14878651
0.13620187
0.15272819
0.15231504
0.16472054
0.14167967
0.13766663
0.16311444
0.1528537
0.15513492
0.14625198
0.154258
0.14028145
0.1561247
0.14728744
0.1408918
0.14821663
0.14075918
0.15438251
0.14614242
0.15131176
0.14312808
0.15986617
0.13135947
0.15616633
0.13549715
0.14679293
0.14570792
0.13010846
0.16298229
0.15203252
0.1439729
0.15012923
0.13512449
0.1486036
0.14955208
0.15802859
0.13794996
0.14695004
0.1574915
0.13880739
0.14896113
0.13876069
0.14130473
0.13362215
0.13719258
0.14589363
0.15175705
0.15161607
0.13771713
0.1313363
0.14976336
0.14695305
0.14743593
0.14362757
0.13677347
0.13903259
0.14751716
0.14709118
0.13448372
0.14664571
0.15117891
0.15383434
0.1427044
0.13576056
0.14455964
0.1350912
0.1491364
0.13655134
0.14348578
0.13787019
0.13111357
0.12633368
0.13579616
0.1288928
0.14172657
0.13969447
0.13049176
0.15419212
0.12826575
0.13817358
0.14271724
0.13382551
0.14192237
0.13481429
0.1480361
0.13752703
0.1475832
0.13736103
0.14002858
0.15071362
0.1341614
0.13381368
0.1476876
0.1352325
0.12866141
0.13936603
0.13966176
0.14539215
0.13325562
0.14120646
0.1261633
0.13596082
0.14111228
0.1365549
0.13476409
0.1379064
0.13962243
0.133264
0.14722373
0.12811244
0.13113679
0.12969197
0.15172541
0.12801987
0.135133
0.13399576
0.14829667
0.12137089
0.14209671
0.12963898
0.13752796
0.13341369
0.1337183
0.12983079
0.142617
0.12862839
0.12544712
0.14126883
0.13928273
0.14389624
0.1278136
0.13214841
0.13344651
0.13609387
0.13052683
0.13706426
0.14572254
0.14833987
0.1333142
0.15024409
0.13149653
0.12729052
0.13568002
0.12709396
0.14239243
0.13521628
0.14633097
0.1336102
0.1324069
0.13002446
0.13693428
0.12382748
0.13911481
0.12905826
0.137391
0.13040315
0.13333133
0.13656473
0.13805155
0.13007313
0.1361098
0.14107728
0.13992618
0.13463417
0.14145875
0.13228482
0.13892253
0.13950723
0.12604174
0.1278093
0.13292177
0.1334072
0.13597167
0.12955005
0.12978658
0.12985921
0.12820576
0.14762372
0.18234122
0.13296317
0.13207921
0.121694565
0.13927244
0.13949873
0.14085135
0.13284348
0.14135832
0.13212234
0.1301363
0.13450937
0.15644869
0.13474524
0.13333572
0.13788961
0.13974476
0.14308384
0.11882555
0.13106067
0.13588367
0.12431683
0.14808358
0.13983956
0.13152125
0.1477214
0.13470596
0.15128976
0.13927683
0.13183251
0.12575583
0.13594365
0.12408664
0.12629816
0.12898767
0.13427274
0.13246006
0.13262877
0.13245718
0.13649927
0.12387295
0.12999262
0.1244115
0.119555175
0.1372489
0.12688889
0.12959234
0.14053333
0.12779358
0.14209165
0.1317828
0.13927978
0.121189624
0.13449234
0.14370498
0.13598503
0.13460796
0.13556363
0.14037593
0.12378169
0.13686109
0.120022655
0.12661022
0.14306353
0.13712224
0.13079004
0.13061394
0.13348158
0.15320814
0.14196219
0.13966392
0.15305108
0.13379003
0.13501771
0.12370703
0.14047511
0.12801634
0.13843776
0.12955219
0.12254776
0.12162394
0.12678146
0.122262664
0.12612206
0.13854139
0.13360332
0.12844126
0.116393924
0.14017212
0.11942127
0.13288231
0.12084741
0.12201528
0.13745095
0.13745941
0.1337786
0.13634337
0.13041912
0.13642241
0.17159356
0.13201925
0.12752558
0.1412676
0.12755732
0.11802673
0.13793728
0.13931753
0.11488238
0.12001177
0.14255807
0.12050682
0.12904122
0.13915455
0.13516872
0.13870357
0.12769316
0.13289833
0.12085731
0.11260544
0.12618506
0.13667269
0.11977374
0.13347706
0.125241
0.13235942
0.13990572
0.15240452
0.1221689
0.12276799
0.122864746
0.120749086
0.13635767
0.12949236
0.14175005
0.12867518
0.12707847
0.13413377
0.13440129
0.13282523
0.12903611
0.121883586
0.12653612
0.13232823
0.13779236
0.14677258
0.13487534
0.12695953
0.1383537
0.14326593
0.1456323
0.14600171
0.1507615
0.13234094
0.12834968
0.1357532
0.13492174
0.13957664
0.12575778
0.13867919
0.12738554
0.15008381
0.12782909
0.1453717
0.12597223
0.14073351
0.13626052
0.12005148
0.12437925
0.14745781
0.12653263
0.13025261
0.14520639
0.12582141
0.14193927
0.13052379
0.13076976
0.13512902
0.14960548
0.12947117
0.12928529
0.13330418
0.13400488
0.12320564
0.13652885
0.13312626
0.1490464
0.13424596
0.113000736
0.1399834
0.1289179
0.12678774
0.13575698
0.13262849
0.1271223
0.1366002
0.1354919
0.12350282
0.14620228
0.1259777
0.14253163
0.13142994
0.13559954
0.13165697
0.13628943
0.1455454
0.13678493
0.13728257
0.13496432
0.12806883
0.11989795
0.13017304
0.15024978
0.12506288
0.13771987
0.1490966
0.14330584
0.13015229
0.13493071
0.13882358
0.13956049
0.12866269
0.12992562
0.11896692
0.12637837
0.14193368
0.13526781
0.1187307
0.12732413
0.13325049
0.13029163
0.14344087
0.12913522
0.14194968
0.13840988
0.13014913
0.13662644
0.14406407
0.1379376
0.117558956
0.13755727
0.14248057
0.13102132
0.14943655
0.15205191
0.13396709
0.12510358
0.1363477
0.14291683
0.13809861
0.13718797
0.13007405
0.15316017
0.15232682
0.13082461
0.14221962
0.15019947
0.14373092
0.12881444
0.13039774
0.14232327
0.14263925
0.14561088
0.14626303
0.16076735
0.13843837
0.1399601
0.13374445
0.13512811
0.15116236
0.122879386
0.1275687
0.13148582
0.1387181
0.13577047
0.13651186
0.1340137
0.13532667
0.13196923
0.13655742
0.1381921
0.13307464
0.1465694
0.14443672
0.12118979
0.12816983
0.12794676
0.13820504
0.12211519
0.11644504
0.1287813
0.13747932
0.14587586
0.12790681
0.12900528
0.12567374
0.13873278
0.1155892
0.14768837
0.16063686
0.124925
0.11796317
0.12112734
0.13359016
0.1318277
0.12907068
0.1260737
0.124137156
0.12888873
0.12785493
0.122281104
0.12668177
0.1337226
0.14343493
0.13298236
0.13046074
0.14745024
0.13329285
0.1273499
0.13202196
0.15342918
0.13715006
0.11975558
0.11978469
0.12635267
0.12560445
0.13400361
0.1349437
0.13746656
0.120932385
0.12129064
0.12685353
0.124230474
0.13090226
0.12159073
0.12940834
0.123131216
0.122839704
0.12109495
0.13853227
0.13355502
0.14389402
0.13395934
0.14183562
0.1305835
0.12692547
0.13110493
0.12505426
0.13639443
0.13001637
0.12718922
0.1360525
0.13091522
0.14183313
0.13464479
0.13803579
0.14289095
0.14405307
0.12579593
0.14396831
0.13055265
0.124419086
0.13623132
0.12883314
0.13295755
0.13929634
0.1272897
0.13998067
0.12885414
0.12657677
0.12982856
0.13957612
0.129312
0.12936261
0.12546009
0.12642346
0.13452241
0.13097697
0.13087463
0.1326744
0.1379883
0.1326575
0.13024989
0.12820202
0.12674877
0.13410114
0.121577606
0.11823643
0.124101706
0.12583135
0.13244918
0.13384421
0.12925561
0.13301997
0.12695463
0.12623054
0.123551
0.12399942
0.12758406
0.13076238
0.12728608
0.1246693
0.12609522
0.13157459
0.12596148
0.14602768
0.1307081
0.122055046
0.11990881
0.12363266
0.13195544
0.13146962
0.13787821
0.13189799
0.12933862
0.13419463
0.124653384
0.12478192
0.13460632
0.1311501
0.12458392
0.12274646
0.1323678
0.15452933
0.14353608
0.13852206
0.13367479
0.13608888
0.1382557
0.15682282
0.13602789
0.17285793
0.13456813
0.1314079
0.13299686
0.12910014
0.12778498
0.12876616
0.13086955
0.13519849
0.13562748
0.14310823
0.1323487
0.13935845
0.1357596
0.14303966
0.13422042
0.1391632
0.12903231
0.12507825
0.123958915
0.123610355
0.12827317
0.14132987
0.14165293
0.13661969
0.14775945
0.13681625
0.1354681
0.13119131
0.13148735
0.136369
0.13734506
0.13796581
0.12850508
0.12507814
0.12796958
0.12906799
0.12893821
0.13093062
0.13636665
0.13730338
0.14384802
0.13152343
0.12709405
0.12823269
0.12401768
0.120622575
0.12612195
0.14465742
0.13140452
0.12640588
0.122989796
0.12505798
0.12419236
0.12603739
0.12554361
0.13368127
0.15153992
0.13826767
0.13162775
0.12699907
0.13248721
0.14125776
0.13895188
0.13849622
0.13224135
0.12584619
0.12851875
0.1289521
0.13822882
0.13251051
0.13465008
0.14467049
0.13425402
0.12866838
0.12437355
0.12117363
0.1199985
0.124451816
0.12857784
0.12664057
0.1271258
0.13245204
0.14307986
0.13839976
0.14050904
0.13689977
0.14241065
0.15110628
0.13154908
0.12869139
0.14258286
0.13198209
0.12715086
0.13301222
0.14269714
0.14452916
0.13702032
0.13681942
0.14394838
0.1368651
0.13294211
0.1439221
0.16491199
0.14510964
0.13065787
0.1263422
0.12600417
0.13386735
0.14517276
0.13847113
0.13886613
0.14637934
0.13803151
0.1295913
0.13249183
0.1371675
0.14867684
0.14748317
0.14556576
0.14989078
0.1406386
0.13785546
0.1393207
0.13975546
0.13856672
0.13609418
0.13695934
0.13793588
0.13617757
0.13574138
0.13351192
0.1377977
0.14105822
0.13982394
0.14179872
0.14905608
0.1413221
0.13827698
0.14260581
0.14948325
0.14428182
0.14125937
0.13842821
0.14128362
0.15118784
0.15157606
0.1439051
0.13964522
0.13707249
0.13935274
0.1430254
0.14983505
0.16432096
0.15194736
0.14409626
0.14447433
0.1401847
0.14155832
0.13932155
0.13700578
0.1373174
0.13204809
0.1426089
0.15832566
0.1474772
0.1431546
0.14683628
0.15986042
0.16470036
0.15825798
0.16065437
0.14226305
0.13428168
0.13655908
0.13774621
0.13855681
0.13799536
0.14244694
0.14352044
0.1424344
0.13894843
0.1412263
0.14791411
0.15720062
0.15087292
0.15621655
0.1732699
0.16000077
0.15076281
0.14834957
0.14295703
0.14276618
0.1424604
0.1455125
0.14356008
0.13986903
0.13797711
0.13432921
0.13458586
0.13880716
0.14193629
0.14278819
0.13899194
0.13739295
0.13869575
0.13741244
0.14122963
0.14119653
0.14090993
0.13263357
0.13147974
0.122077
0.121617734
0.1257352
0.1378426
0.1471889
0.14093445
0.1405666
0.14491476
0.14482981
0.13981423
0.13764285
0.14342134
0.14635658
0.13652539
0.13319422
0.13324237
0.15163112
0.17827041
0.15485133
0.14432654
0.14296596
0.14685664
0.14293581
0.14134237
0.13826154
0.13992675
0.14103262
0.14176708
0.1377579
0.13691123
0.1367676
0.14547059
0.14983733
0.14988896
0.14468959
0.14313218
0.13808893
0.1391947
0.13417085
0.13741964
0.13167046
0.1429456
0.14809997
0.15531631
0.14554279
0.14113846
0.13903163
0.13478674
0.15363047
0.19737174
0.16218922
0.1410234
0.1432341
0.14228174
0.14702713
0.1364966
0.13696721
0.13024469
0.13912319
0.1350316
0.13184679
0.13036934
0.13588041
0.1529735
0.15552284
0.16435167
0.17243768
0.16026473
0.17506756
0.16183831
0.17544085
0.15478349
0.14259279
0.15114287
0.14621136
0.14536561
0.14021344
0.1456399
0.14624214
0.14893621
0.14691074
0.1510028
0.14476742
0.14613017
0.14573137
0.14708155
0.14993131
0.14798196
0.1465052
0.14448282
0.13980344
0.1419098
0.14247954
0.14566979
0.14315213
0.14845237
0.14957795
0.15355997
0.1454595
0.14558406
0.14724824
0.14265677
0.14969446
0.14453188
0.14907949
0.15124503
0.14993788
0.15363763
0.13882038
0.14266714
0.13544771
0.1462243
0.15433809
0.15907647
0.15550964
0.15682083
0.1587268
0.16839094
0.16019623
0.16221169
0.1521267
0.15159664
0.15611696
0.15775557
0.1551799
0.14122869
0.14585708
0.15476121
0.16251181
0.15626925
0.15231854
0.15943585
0.16999878
0.17633596
0.16354203
0.15955031
0.15657328
0.15892877
0.15174185
0.14757137
0.14817156
0.15476765
0.15576006
0.15918525
0.16706528
0.18786207
0.17542043
0.16565552
0.16537955
0.15597592
0.15472911
0.15867023
0.15708014
0.15833609
0.14765409
0.15279114
0.1492977
0.1530554
0.14976399
0.15222245
0.15901011
0.16043851
0.1622345
0.16391702
0.16020729
0.15503609
0.14708304
0.15179846
0.15003519
0.15191628
0.14753507
0.1518176
0.15822516
0.16382009
0.16281104
0.15990733
0.16409113
0.16668522
0.15929815
0.1492684
0.15052295
0.15258734
0.15364692
0.15556255
0.15101995
0.1551027
0.14435235
0.15838316
0.16262911
0.16700716
0.16333078
0.17470907
0.20626998
0.17778477
0.16163361
0.16052493
0.15080315
0.15139095
0.16798016
0.16816083
0.18492793
0.20995814
0.18389048
0.16659491
0.16008985
0.15677638
0.15471636
0.15898319
0.16219784
0.16114193
0.1525946
0.14298908
0.15042892
0.15596166
0.15455626
0.14258763
0.13377225
0.13653088
0.14209968
0.1472447
0.14969316
0.16349332
0.1647234
0.16780433
0.15414613
0.15005708
0.15105523
0.15463337
0.15947938
0.1511682
0.14279824
0.1465985
0.15365697
0.1532165
0.15003732
0.14270139
0.1468725
0.1436714
0.1553163
0.15180434
0.1595174
0.15615372
0.16275258
0.1614943
0.15934011
0.16194436
0.15261115
0.1521424
0.14987119
0.15807402
0.15987168
0.15261887
0.15887041
0.15666531
0.16246267
0.15430294
0.15618595
0.15570395
0.16450633
0.16489865
0.16712734
0.15894735
0.16386178
0.16238888
0.16435204
0.1582341
0.1650002
0.16554378
0.16805804
0.15591094
0.15109542
0.15287016
0.15712282
0.1538578
0.15131128
0.14637324
0.15895578
0.15947917
0.17144313
0.16330363
0.16146034
0.16200666
0.15842368
0.16093868
0.15731242
0.1538082
0.15977472
0.16711073
0.18469854
0.18773095
0.17789169
0.17223376
0.1673817
0.16741805
0.16523424
0.1632049
0.16481812
0.16867892
0.16846287
0.17676203
0.18172574
0.17891845
0.17728205
0.17180707
0.17459999
0.1712202
0.17218089
0.17378935
0.17538942
0.1759255
0.16568626
0.1555236
0.15362518
0.15348661
0.16231373
0.16241634
0.16886039
0.16508971
0.16700386
0.16722754
0.16885377
0.16835997
0.17111252
0.17699409
0.18514608
0.18301971
0.18056594
0.17047721
0.17370746
0.16866395
0.1701479
0.1711526
0.17552675
0.17662312
0.17595121
0.17647326
0.17127505
0.16409178
0.16360743
0.16708487
0.16593374
0.1673676
0.17382297
0.18222679
0.18274832
0.17728512
0.1808631
0.1820232
0.18629901
0.18450272
0.18041338
0.16887222
0.16272682
0.16191544
0.165762
0.1661051
0.17320503
0.18392262
0.18691339
0.18317504
0.17488474
0.17396958
0.17593823
0.17627844
0.17553231
0.16912618
0.1614119
0.16144875
0.17140073
0.17932084
0.18313624
0.1703702
0.18165109
0.17162059
0.17221887
0.15811042
0.16034292
0.1574141
0.1571309
0.16003639
0.16477673
0.1669371
0.1679276
0.17581184
0.17353432
0.16899756
0.16369885
0.16525486
0.16346122
0.16149266
0.15472937
0.16419299
0.1655435
0.17601892
0.17067096
0.17953318
0.17596576
0.17568749
0.17170286
0.16849697
0.17541383
0.17285942
0.17161594
0.16361246
0.15952465
0.16489887
0.16245167
0.16101526
0.16144846
0.17716521
0.18357092
0.18003103
0.17044945
0.1681222
0.17377199
0.17380081
0.17949444
0.16652176
0.17041525
0.16758354
0.1777202
0.16416535
0.16271466
0.15643087
0.16177428
0.15936974
0.16035938
0.16150594
0.1598263
0.15693727
0.16607274
0.17968208
0.18661295
0.17804807
0.16276489
0.16180208
0.15746741
0.15773037
0.15860398
0.15427323
0.15437673
0.14848408
0.15439443
0.15239066
0.15592046
0.15658861
0.15633355
0.15298429
0.15525487
0.15433145
0.1594542
0.15767868
0.16499303
0.17213398
0.183819
0.17229237
0.16552994
0.15367676
0.15817013
0.15946355
0.16515781
0.16956465
0.1740486
0.17259666
0.17586932
0.16704431
0.15788037
0.1554325
0.15097234
0.16040888
0.15772386
0.16403975
0.1616095
0.15774351
0.15919028
0.15658917
0.16000864
0.16380233
0.17157376
0.16424267
0.16175462
0.16031313
0.17307483
0.19039866
0.19685441
0.19989254
0.20643596
0.19118656
0.18634772
0.16317782
0.17547058
0.18958451
0.19610693
0.18596499
0.18091758
0.17741768
0.18052387
0.17996326
0.17643498
0.18737651
0.18386337
0.1825113
0.17892121
0.18513656
0.1871869
0.17993674
0.16765821
0.1665486
0.16619086
0.16724549
0.16870545
0.17110597
0.16882664
0.17112628
0.18030004
0.18584888
0.18889982
0.18842441
0.18679613
0.18982077
0.18500668
0.19591771
0.19387782
0.18943347
0.18557876
0.16878882
0.17128834
0.16742368
0.18294749
0.19215512
0.18831007
0.19890562
0.19156152
0.20025595
0.1853942
0.1885262
0.18575588
0.18678561
0.20713769
0.19826093
0.19702396
0.17613992
0.18162668
0.19199702
0.18607819
0.18586478
0.16809323
0.1729423
0.16976643
0.17844352
0.18183833
0.1893883
0.19198866
0.18703371
0.20671426
0.21013564
0.21070248
0.18552034
0.18348329
0.1790169
0.18429463
0.1842779
0.20084387
0.2066478
0.2064854
0.18924126
0.17985019
0.17442481
0.17108175
0.16695312
0.17375132
0.16884014
0.18494372
0.18115024
0.19322151
0.17525983
0.16972919
0.1728342
0.18293867
0.1846304
0.1797822
0.18072899
0.1832045
0.19453491
0.19345361
0.20165414
0.194575
0.18838815
0.17784695
0.18143883
0.1818462
0.18621705
0.1881936
0.18979594
0.19314426
0.18462475
0.1728407
0.17633305
0.1714257
0.18264848
0.176064
0.18514948
0.19439991
0.19500914
0.2001461
0.18723178
0.17292684
0.16923472
0.16613586
0.17288609
0.17282331
0.18170954
0.18956245
0.1733566
0.16489066
0.16841415
0.18843722
0.19118522
0.18243834
0.18403384
0.1870297
0.18963188
0.18534374
0.18997997
0.19749644
0.19838439
0.19704731
0.19313142
0.18039228
0.17664911
0.18544367
0.19471005
0.1951714
0.18573545
0.1862002
0.18627714
0.18356866
0.19647913
0.1956452
0.19933724
0.18964158
0.2010636
0.2031949
0.20575283
0.2082917
0.1995532
0.18587074
0.16818838
0.16499004
0.16463995
0.16086236
0.16282551
0.16322528
0.16795342
0.17756262
0.17690495
0.18252604
0.17127581
0.1785994
0.17802098
0.18503712
0.18031093
0.1756814
0.16903123
0.16588145
0.17721629
0.17946674
0.18010049
0.17698005
0.19784474
0.1963593
0.19237305
0.17390135
0.18784237
0.20755416
0.21429637
0.20539005
0.19337781
0.18613458
0.18424965
0.1750583
0.17060745
0.17957406
0.19449383
0.19872238
0.20037653
0.18426615
0.18554635
0.17658234
0.19229728
0.20169085
0.20740438
0.21335094
0.20142727
0.20106004
0.18088086
0.18519671
0.18198152
0.1866587
0.18652332
0.17877282
0.17637075
0.18066591
0.19170527
0.1803712
0.17249526
0.17392077
0.18166777
0.18220626
0.18303144
0.1926208
0.19658011
0.1954471
0.1986624
0.19121829
0.18485929
0.18268867
0.19930705
0.20146605
0.19516602
0.19015999
0.18668105
0.19824156
0.19504298
0.20469417
0.21408601
0.21134257
0.21030284
0.18560328
0.20175473
0.20060652
0.20243184
0.19231486
0.19307193
0.19893777
0.20970762
0.21146348
0.20360722
0.1871074
0.20038536
0.1943865
0.18858019
0.17732222
0.200066
0.20100488
0.20316708
0.20283332
0.21326204
0.20462728
0.1984243
0.19747965
0.20961481
0.19930394
0.19617358
0.18058637
0.17332025
0.18807217
0.19134063
0.20515929
0.18195887
0.1724855
0.1672648
0.16585031
0.16995083
0.16307466
0.17388159
0.1773108
0.17687084
0.16509873
0.16427223
0.17245677
0.1908148
0.20627254
0.20705603
0.21114647
0.19237442
0.18634875
0.1638095
0.17714733
0.1820609
0.18278623
0.17289099
0.16648255
0.17208588
0.18163721
0.1813909
0.18789342
0.17554747
0.17708465
0.18046264
0.176877
0.18202065
0.17505398
0.1685773
0.16052304
0.1527635
0.16045927
0.1700439
0.1691263
0.17051268
0.16619033
0.17061722
0.1732179
0.17449842
0.16686775
0.1702649
0.16671428
0.17442307
0.17260742
0.17390819
0.17471622
0.1676513
0.16428544
0.17064507
0.18047975
0.18808894
0.19098486
0.18549989
0.17536198
0.16409843
0.15820864
0.15003468
0.17823887
0.19051203
0.20712502
0.19784732
0.20063342
0.19645876
0.18504211
0.17057867
0.18196571
0.16691206
0.1628724
0.16359177
0.15849105
0.15962614
0.1573701
0.15980485
0.16933803
0.17205039
0.17162552
0.18161365
0.1806218
0.1708171
0.16552639
0.15497744
0.15554835
0.15792707
0.15984638
0.16626528
0.15716642
0.16320415
0.16560411
0.17619725
0.17233038
0.17695749
0.17818448
0.177571
0.17611077
0.16312344
0.16654266
0.16360356
0.16671485
0.16832727
0.17495777
0.17462724
0.16699979
0.16807912
0.17004143
0.18235116
0.18604545
0.18696447
0.17890655
0.16979618
0.17223315
0.17109667
0.17838717
0.18320666
0.18792209
0.18251699
0.18497053
0.17236345
0.17297287
0.1701218
0.165047
0.16419885
0.16247858
0.16395444
0.160711
0.1663092
0.16833824
0.17045298
0.17968811
0.18391183
0.1902838
0.19368993
0.20110367
0.2012305
0.18985917
0.17026871
0.16833906
0.16495937
0.16921228
0.16607215
0.17288893
0.16718645
0.18492395
0.20185308
0.20996678
0.20962128
0.19211577
0.17957456
0.18502928
0.19327453
0.19755831
0.18768813
0.18649809
0.19700135
0.19405995
0.19066674
0.17236164
0.17357467
0.18295747
0.19317685
0.2009897
0.20478213
0.19937763
0.21463831
0.19551481
0.19445892
0.17561308
0.17515865
0.18366772
0.18334116
0.21494511
0.23653385
0.23204944
0.20686656
0.20380634
0.21578759
0.22362532
0.20637926
0.2004435
0.19288138
0.182009
0.18673119
0.19461462
0.20793074
0.21114166
0.20103858
0.19816378
0.19176395
0.20230986
0.2019515
0.19845156
0.20815079
0.21228933
0.22018097
0.19854729
0.20315124
0.21051395
0.2129543
0.20333289
0.19113609
0.19831552
0.19414634
0.19286092
0.18544051
0.19019504
0.19770384
0.19667639
0.2011386
0.20543046
0.22311288
0.22755323
0.21500175
0.19438097
0.19553223
0.18857427
0.20752227
0.2310041
0.23222177
0.21651122
0.20224704
0.21559297
0.21016115
0.21161073
0.20324923
0.21274567
0.20474648
0.19471674
0.1929838
0.19899288
0.21826638
0.22227143
0.21382193
0.19466019
0.18699926
0.19611235
0.21482672
0.23867333
0.2517224
0.24713394
0.23884386
0.24044454
0.2255759
0.22137132
0.19984666
0.20785923
0.2187042
0.2211457
0.22075924
0.2055689
0.21083839
0.20696682
0.22761615
0.21805364
0.2186651
0.20368548
0.20459045
0.22669329
0.23238875
0.24945945
0.23153861
0.22065277
0.21672493
0.20690484
0.23444125
0.22310486
0.2355672
0.232984
0.2408621
0.23344651
0.21638668
0.21603224
0.27223128
0.280811
0.29456145
0.2628184
0.26914743
0.24529104
0.2357138
0.21901819
0.23366567
0.22575825
0.22080868
0.217948
0.23921111
0.25026077
0.2514102
0.21862365
0.22860186
0.22241953
0.23337631
0.22292382
0.24180858
0.24247055
0.24010248
0.22409126
0.22783114
0.22327381
0.23017132
0.22195193
0.22543803
0.22776829
0.22303528
0.22208343
0.24166152
0.24021466
0.24849086
0.2198339
0.22870292
0.21867934
0.21317169
0.21431847
0.2137712
0.23073949
0.22302383
0.2359099
0.22852033
0.23875715
0.22669192
0.2387986
0.23793076
0.23501746
0.23515856
0.2389178
0.2407305
0.23524195
0.23941745
0.2429518
0.24759448
0.23320471
0.25211757
0.23123567
0.2399575
0.22684842
0.22937529
0.21568143
0.21677074
0.2128368
0.21953887
0.21712306
0.22263971
0.22123359
0.21905701
0.22094503
0.22934267
0.24318051
0.25980565
0.24433485
0.25683978
0.25510478
0.2807716
0.28702188
0.28612185
0.26956296
0.25329897
0.25899777
0.26530024
0.27333733
0.27076337
0.2774739
0.28118756
0.27548987
0.25772002
0.25193173
0.2432702
0.24503763
0.23880966
0.25636637
0.24730113
0.2514252
0.24775018
0.25956637
0.26405728
0.2771837
0.26723915
0.26288784
0.249791
0.24060537
0.2373152
0.24070999
0.25267133
0.25502098
0.24746889
0.25853255
0.2608427
0.2794384
0.27853027
0.29316816
0.28256541
0.28875643
0.28702426
0.28957808
0.29942492
0.2888395
0.27954286
0.27091125
0.2743
0.27277273
0.26376754
0.2537653
0.2650046
0.26796496
0.27866924
0.26394626
0.24401371
0.2453049
0.2418706
0.25235492
0.26108718
0.26393595
0.27302697
0.2696922
0.27455592
0.26588616
0.25975847
0.27615896
0.27051002
0.2652852
0.25947198
0.2575921
0.27210343
0.2880289
0.2695056
0.25385192
0.25296146
0.25715125
0.26010865
0.24908698
0.2484973
0.25655723
0.26993906
0.26389432
0.2568928
0.25450987
0.26701435
0.27630043
0.28840742
0.29069108
0.29493263
0.28815725
0.2956568
0.31260422
0.3369535
0.36643973
0.35681182
0.32721564
0.30748615
0.29691225
0.31315115
0.28877613
0.2769594
0.2816277
0.2966239
0.29878092
0.29300806
0.31228825
0.3049778
0.28155965
0.27632472
0.25822258
0.2642793
0.2885707
0.29557005
0.31729627
0.2956954
0.29985648
0.29525873
0.2952565
0.30775186
0.29394507
0.30403057
0.31175384
0.32662264
0.3213832
0.2960219
0.31079832
0.33536038
0.32840857
0.30244815
0.27131706
0.29677296
0.2889599
0.30264243
0.27993363
0.2639747
0.26709607
0.27574947
0.29587576
0.30372888
0.30734882
0.2963224
0.29673663
0.29301482
0.28839883
0.30550024
0.34195292
0.35120428
0.34804794
0.33953753
0.34131566
0.3202812
0.3082669
0.30325636
0.32422128
0.34282947
0.34701243
0.32796332
0.31640193
0.31672972
0.3356802
0.34242058
0.33911663
0.33728552
0.34705338
0.34979358
0.35004017
0.32454595
0.3331565
0.33023214
0.3283112
0.30925488
0.31127253
0.3130155
0.34407926
0.3348757
0.31374344
0.29554132
0.3003923
0.30010936
0.3176748
0.338919
0.3193489
0.34133062
0.36067197
0.3639457
0.34494668
0.34077922
0.36733556
0.3594253
0.33149144
0.31781548
0.34580725
0.35119665
0.32980186
0.31265217
0.3257438
0.33444014
0.3294828
0.330287
0.30849513
0.30391538
0.29234537
0.3024942
0.32050583
0.32764357
0.35487983
0.3664938
0.36663142
0.354233
0.33234242
0.33900872
0.35560536
0.3606387
0.37856126
0.36991155
0.3953707
0.37990734
0.38142407
0.35758165
0.39234298
0.39283165
0.38227487
0.34292594
0.34446067
0.33377033
0.34148377
0.35430688
0.39325994
0.37319645
0.3504617
0.365932
0.36781368
0.3802461
0.36577722
0.36544847
0.34950113
0.3867721
0.40666988
0.41139653
0.40870878
0.38402787
0.3637066
0.35199884
0.34052676
0.3512411
0.3563634
0.36622798
0.38864014
0.422905
0.4015862
0.37171856
0.42490837
0.45791873
0.47405824
0.41358644
0.39474353
0.3851849
0.3680937
0.35871625
0.36294502
0.37035808
0.35535422
0.3584991
0.3507626
0.35166883
0.37342408
0.38027093
0.50090927
0.47999072
0.46529046
0.42655614
0.35401452
0.35676798
0.35180962
0.36799738
0.40010378
0.43560094
0.4293328
0.43331888
0.38170937
0.41420022
0.3989765
0.4086544
0.4696365
0.46515104
0.46448258
0.4255716
0.4000899
0.39884987
0.4135377
0.40756258
0.40080908
0.40344903
0.39685678
0.40663183
0.40687865
0.45615456
0.44882184
0.47679567
0.4345969
0.44509643
0.41548964
0.41044366
0.4166391
0.42277694
0.45322657
0.45498446
0.47307023
0.45050418
0.4760457
0.45114714
0.45623943
0.460367
0.50779337
0.54892874
0.53828084
0.4844208
0.45974573
0.4582901
0.51639754
0.52390075
0.5309038
0.48434556
0.43727788
0.41341516
0.40955096
0.38280404
0.4180518
0.44539773
0.40941107
0.40631923
0.4273691
0.38812217
0.41541472
0.44854
0.4602803
0.47428262
0.4158035
0.4043845
0.40122804
0.3884602
0.39996645
0.43924025
0.4519519
0.47137702
0.5093952
0.4689664
0.48397425
0.45066342
0.43868142
0.43764278
0.39686638
0.38571945
0.37673315
0.37520134
0.39266863
0.4215076
0.4543286
0.5005421
0.49413344
0.49736455
0.53028566
0.5028887
0.49378726
0.47266722
0.44128716
0.45032167
0.4573103
0.4530658
0.4716692
0.47685328
0.4907706
0.47864908
0.48276967
0.48454583
0.5049197
0.543687
0.49283534
0.4872314
0.46343493
0.43910438
0.4483623
0.44056082
0.42682058
0.41681167
0.39621618
0.37723252
0.4074881
0.39579052
0.4078504
0.4349608
0.45107007
0.41707432
0.42651168
0.42523855
0.3717837
0.35612535
0.36808053
0.35196194
0.35817415
0.38733095
0.38345715
0.37213212
0.38212138
0.4023306
0.39123082
0.41153347
0.42956245
0.43138307
0.41151586
0.42397356
0.43451548
0.41992173
0.39250213
0.39997894
0.42730507
0.4112771
0.4196676
0.44711468
0.45185238
0.44713584
0.46493876
0.4716706
0.4904031
0.4836255
0.4790316
0.49576083
0.48797315
0.51374525
0.5298647
0.5363802
0.4916556
0.50334185
0.47770542
0.44501132
0.44558418
0.46606645
0.4747971
0.47768348
0.5182966
0.51776505
0.5583594
0.553568
0.56068575
0.5586037
0.54569244
0.50810707
0.5195607
0.4797576
0.44434068
0.44985664
0.4509165
0.43766052
0.47263134
0.48501444
0.4990109
0.527184
0.5442939
0.5489967
0.54812205
0.5399452
0.5145481
0.47795734
0.47587678
0.51319367
0.49979624
0.5146775
0.53039014
0.5252425
0.50274295
0.5048428
0.52564
0.51041895
0.52788675
0.5227167
0.49665996
0.51714325
0.50678504
0.4949389
0.4998738
0.5394817
0.5442346
0.5087057
0.5309003
0.52991265
0.50003135
0.4974784
0.5050421
0.5028439
0.51774615
0.53370994
0.58124936
0.5713655
0.5838049
0.6106309
0.61597985
0.57495266
0.5785469
0.5677245
0.5620351
0.55780613
0.5632645
0.5531228
0.57813495
0.58954704
0.65980625
0.6576754
0.6796088
0.63978696
0.56920344
0.53301704
0.4739533
0.5121932
0.5434395
0.62180245
0.63350123
0.6590879
0.6757993
0.6263114
0.5818427
0.5391489
0.5479716
0.52590865
0.49132738
0.48462263
0.50221956
0.52732104
0.53195333
0.5050069
0.51616657
0.55213046
0.56034005
0.55821913
0.5208641
0.4953821
0.4717767
0.47102383
0.44458
0.45992225
0.43784946
0.43150854
0.47198403
0.49097633
0.49009758
0.5258995
0.5746073
0.5729595
0.53075415
0.5487832
0.5867667
0.61427826
0.54846805
0.55034775
0.5373751
0.5179447
0.5123805
0.51908135
0.5112466
0.5109816
0.48151085
0.49574575
0.5085862
0.54523563
0.58039135
0.6497193
0.7129637
0.72408164
0.7342589
0.6992996
0.7265132
0.74954623
0.7628681
0.732877
0.662468
0.6688591
0.6664807
0.72586125
0.7192592
0.71025956
0.7017843
0.72968125
0.71102685
0.7548492
0.74943197
0.72914916
0.7596688
0.74825037
0.77160084
0.742789
0.7331682
0.7434473
0.763964
0.72066283
0.75633085
0.8376023
0.8813934
0.8497607
0.97304296
1.0005717
1.0776831
1.0777862
1.112952
1.2380822
1.0901409
1.0209552
0.9662574
1.0163366
0.9691254
0.9539374
0.9981085
0.96264195
0.95482177
0.96511334
1.0592903
1.1231356
1.1513457
1.2307731
1.1289666
1.2295983
1.2705998
1.253384
1.2848033
1.2036941
1.2269788
1.2581544
1.2002931
1.2097723
1.251783
1.2541798
1.217789
1.2266682
1.2170911
1.6654505
1.8180466
1.8336192
1.9679613
2.0429852
2.2993548
2.6870148
3.0551069
2.8005147
2.808514
2.7716093
2.8145638
2.7961679
2.7961679
2.7961679
2.7961679
2.7961679
2.7961679
2.7961679
2.7961679
