300.1703
106.40821
66.65857
52.415955
44.02854
38.06334
33.337513
29.417274
26.250504
23.421103
21.082495
19.010794
17.232197
15.642323
14.154024
12.959227
11.870249
10.928676
9.982485
9.226378
8.512694
7.863782
7.3144503
6.808465
6.371799
5.9191394
5.526102
5.1804104
4.849488
4.5733614
4.311263
4.0523715
3.8546
3.6796083
3.443102
3.2909741
3.1290298
2.9933143
2.8498497
2.7390192
2.631108
2.4983747
2.3886786
2.309638
2.2244244
2.144293
2.0719922
1.9986044
1.9196188
1.8831141
1.7982115
1.7364801
1.6941855
1.6516069
1.5983415
1.5687923
1.507976
1.5000366
1.4406254
1.402013
1.382231
1.3650233
1.3095313
1.3041147
1.2576199
1.2335601
1.2162234
1.1945485
1.1635586
1.1292962
1.1034347
1.0945218
1.0999568
1.0466093
1.0346763
1.0171984
1.0210614
0.9897169
0.9592018
0.96655875
0.9463193
0.9340655
0.93209034
0.90473366
0.8849894
0.89182067
0.85790205
0.8663985
0.84341264
0.8395438
0.82401586
0.81289923
0.805462
0.78462166
0.79990894
0.76699394
0.75256866
0.75616693
0.7601681
0.7581806
0.7409239
0.74564517
0.74113697
0.7152449
0.7142035
0.7161449
0.7072928
0.69170445
0.69739956
0.686539
0.6856963
0.68296856
0.66901845
0.6468741
0.6412962
0.6739153
0.6379401
0.64101493
0.6274328
0.63319594
0.6271188
0.6196799
0.61257845
0.6115431
0.620125
0.5993614
0.5982515
0.59687275
0.59250593
0.58994824
0.577063
0.59457284
0.57239795
0.5742819
0.5637531
0.5801928
0.56996375
0.58168316
0.5611134
0.54768836
0.5557191
0.5494726
0.5410258
0.54373705
0.5429881
0.5276159
0.5317314
0.53092897
0.5276008
0.5216893
0.51514363
0.5180653
0.5035234
0.5130362
0.515079
0.511428
0.507798
0.5098836
0.5042746
0.49482164
0.4926978
0.5060143
0.50275916
0.4935738
0.48642653
0.48276132
0.4906879
0.48631215
0.48591456
0.4927993
0.4722027
0.4776953
0.47332698
0.46107888
0.46901113
0.46616417
0.47570884
0.46535358
0.45868105
0.4602947
0.46009815
0.46253914
0.47586325
0.45623952
0.4504422
0.4595672
0.45628935
0.44945404
0.4489572
0.4465228
0.44609207
0.4416194
0.4374917
0.44485116
0.45099628
0.43633062
0.4472852
0.47526032
0.43146387
0.4519288
0.44651362
0.4248793
0.435935
0.43026847
0.44219354
0.4187334
0.42409182
0.42076522
0.4197375
0.4138151
0.41358382
0.4108171
0.4181783
0.4169682
0.4069246
0.41383052
0.40458587
0.4189896
0.40881205
0.40699533
0.40080693
0.427026
0.39531222
0.40101743
0.40640995
0.39780402
0.4001584
0.3968222
0.39233762
0.3984893
0.41905284
0.38691127
0.39830765
0.3838841
0.38864204
0.39649743
0.38266706
0.38238508
0.3981827
0.38584927
0.3873376
0.3836145
0.3879947
0.38387647
0.37710908
0.38353235
0.38141495
0.37907812
0.38243183
0.37299484
0.37481964
0.3746919
0.36949328
0.38696736
0.37070826
0.3730675
0.3823434
0.37269312
0.37908804
0.37551245
0.37012035
0.36457458
0.37060648
0.37358844
0.3692819
0.3663343
0.37173933
0.36860052
0.37353945
0.36839923
0.37448388
0.3667126
0.35872728
0.36535364
0.36138266
0.3620804
0.35605824
0.36758953
0.35444093
0.3661976
0.35879466
0.3557012
0.3531635
0.3547851
0.3552654
0.35443482
0.35762414
0.3600713
0.35204926
0.34847054
0.35989916
0.3527176
0.357179
0.35032243
0.3543874
0.35728645
0.34259805
0.34652323
0.35534316
0.35263675
0.3553131
0.3517811
0.3455603
0.35207143
0.34917066
0.34996367
0.35617998
0.35081762
0.35017863
0.34947225
0.34933913
0.3437413
0.34791625
0.34230816
0.34496295
0.3415701
0.340972
0.346113
0.3413831
0.3323115
0.34099025
0.3429268
0.34509656
0.33771208
0.33810902
0.33700478
0.3395522
0.34412646
0.3339593
0.33045202
0.33224595
0.3295023
0.33145624
0.3284062
0.32844105
0.32846203
0.32767662
0.33214042
0.3305251
0.3268185
0.32729286
0.33249825
0.33017054
0.33076656
0.32889274
0.33081183
0.33257994
0.32018182
0.32454786
0.3322593
0.32778016
0.33338997
0.32579115
0.33282864
0.3251898
0.32975096
0.3245574
0.32848844
0.3217411
0.3153722
0.31703317
0.32399786
0.312811
0.32289267
0.32132292
0.3183344
0.33065137
0.32288483
0.3196917
0.31670645
0.319241
0.31162527
0.32273877
0.31711698
0.3173901
0.32269636
0.3186345
0.3156077
0.31374934
0.3185743
0.31508967
0.31877986
0.3084677
0.30930924
0.30861342
0.30600163
0.30936456
0.31479546
0.31023297
0.30503258
0.30898854
0.30730602
0.31246275
0.3067936
0.3143092
0.30833784
0.30324104
0.30569455
0.30582336
0.30303282
0.30149886
0.3071311
0.30630726
0.3004221
0.30944857
0.30482608
0.31289
0.3053263
0.30462524
0.30122086
0.30470946
0.29922953
0.2982907
0.29948664
0.29923084
0.29676035
0.29277658
0.29691276
0.29791972
0.3009396
0.2977537
0.29674125
0.29419968
0.2952922
0.29808986
0.29539326
0.29678348
0.2879342
0.2900881
0.29368922
0.2977897
0.29429394
0.28720182
0.28802633
0.29124174
0.2821548
0.29229972
0.2898317
0.28907624
0.28861055
0.3007059
0.29400682
0.29134324
0.29753917
0.28903845
0.28694803
0.29360345
0.29389918
0.2856757
0.28994712
0.29052606
0.28449354
0.28946024
0.2858294
0.28455785
0.28663954
0.279224
0.28656718
0.2825371
0.2803001
0.2805778
0.27968502
0.2949677
0.28170824
0.28160158
0.27680534
0.290073
0.2819102
0.28099677
0.2798877
0.27442783
0.27486405
0.27364415
0.27512065
0.2791228
0.27687457
0.2739127
0.27601084
0.27811316
0.27988037
0.27288365
0.2710022
0.27867693
0.28069684
0.27948385
0.2794114
0.27822715
0.27844056
0.2658287
0.27476606
0.27417913
0.27456322
0.2769935
0.27187103
0.2698928
0.27752742
0.2666837
0.2687102
0.26528874
0.26765501
0.26858222
0.26331425
0.2657636
0.26280516
0.26873544
0.2679958
0.2668667
0.2675976
0.27125886
0.27055013
0.26648945
0.2628997
0.26433095
0.26767042
0.26021662
0.26339412
0.2646925
0.26798302
0.2591586
0.25683156
0.26366246
0.2639572
0.26280245
0.2626974
0.26292208
0.2580133
0.2612283
0.26480037
0.25891346
0.26396212
0.26359266
0.26321808
0.25997686
0.26183325
0.2564307
0.262175
0.25886318
0.25555813
0.25553364
0.25849035
0.25560838
0.25516173
0.26025712
0.24693722
0.25955078
0.25214434
0.25661993
0.25040486
0.2570271
0.26348183
0.2568572
0.25541195
0.2583002
0.2539149
0.24913263
0.2514706
0.25441265
0.24876733
0.2539512
0.2536552
0.2468255
0.25340417
0.2456408
0.24996096
0.2531533
0.2496248
0.2462396
0.2513347
0.2493453
0.2455456
0.24936211
0.24531168
0.2414008
0.24764512
0.24485238
0.24056907
0.23797216
0.2484982
0.24179402
0.23981144
0.23914151
0.24197851
0.23818617
0.23900701
0.2381477
0.23324169
0.23932703
0.2411499
0.23778392
0.23715538
0.23827095
0.23560975
0.2356279
0.23766126
0.22977088
0.23593946
0.23402406
0.23729648
0.22823992
0.23270774
0.23439805
0.2297095
0.2285334
0.2301143
0.22895116
0.2341338
0.2347392
0.22614686
0.22748242
0.22761878
0.23579979
0.22721231
0.23107047
0.22529657
0.22579372
0.22775045
0.22384582
0.22554834
0.22891666
0.23173359
0.22919244
0.23421405
0.22305562
0.22550946
0.21913674
0.21844496
0.21931551
0.22237374
0.21874467
0.2206157
0.21778575
0.22046037
0.21447125
0.2161804
0.217577
0.21550798
0.21665853
0.21321672
0.21483035
0.21812499
0.21601614
0.21458192
0.2145714
0.21914713
0.21803781
0.21675387
0.2119882
0.21215406
0.2105293
0.21619315
0.213811
0.21795188
0.21090862
0.21220249
0.20902191
0.2095814
0.21736054
0.20713376
0.2115511
0.20979543
0.21289665
0.2177427
0.21122785
0.20582965
0.20959105
0.21299624
0.21013881
0.21352826
0.20504959
0.20651595
0.20667225
0.21140218
0.20791124
0.20194939
0.20789808
0.2061927
0.20507509
0.20184486
0.2042187
0.20237023
0.20330544
0.20220055
0.20544137
0.20745184
0.19955227
0.1993091
0.20631698
0.19787504
0.19531155
0.19944727
0.20229152
0.19980566
0.19996926
0.19683957
0.19475277
0.20286031
0.20187224
0.196811
0.19619113
0.19297875
0.19832398
0.20080563
0.19799049
0.19581667
0.19106492
0.20247695
0.19638416
0.19775262
0.19614282
0.19967483
0.19517976
0.19700043
0.19164404
0.19329709
0.1900159
0.19276957
0.18987504
0.19847974
0.19959266
0.19523415
0.1956145
0.1900818
0.19118226
0.19148946
0.19668405
0.19358063
0.19510378
0.18804641
0.19113168
0.18886645
0.18946965
0.19061805
0.19068877
0.18869673
0.19799249
0.18900293
0.18793273
0.18680303
0.1872843
0.18192203
0.1948609
0.1886747
0.19040789
0.18813454
0.18690376
0.18393958
0.17982171
0.18695402
0.1818002
0.18605997
0.18667397
0.17894353
0.18385158
0.17869614
0.18312499
0.1837077
0.17649281
0.17539352
0.1767737
0.1713177
0.17719422
0.17938557
0.17903079
0.17604785
0.18126176
0.1765468
0.17370604
0.17439885
0.17328602
0.17325953
0.17668006
0.17733617
0.17206769
0.17226285
0.17540483
0.17119892
0.17015895
0.17505564
0.17212154
0.17639707
0.17700076
0.1717229
0.17032254
0.17355338
0.17271623
0.17572835
0.17322299
0.1669595
0.16640796
0.16694981
0.17642069
0.16586745
0.17469847
0.16610508
0.17311242
0.16918804
0.16142891
0.16917585
0.16571288
0.17037426
0.16729465
0.1709959
0.16841392
0.16336578
0.16518332
0.16716725
0.16727796
0.16612127
0.16007632
0.16220202
0.1680392
0.16194554
0.16708377
0.16496803
0.16300638
0.16060257
0.16135153
0.15965572
0.16073938
0.15870765
0.15950538
0.15635589
0.15663907
0.15659852
0.158604
0.15634763
0.15616687
0.15730362
0.15600397
0.16077468
0.155623
0.15526356
0.15752159
0.15271294
0.15867804
0.15311025
0.15063848
0.15343659
0.15327919
0.15234132
0.15378445
0.15080997
0.15137337
0.15847296
0.15343766
0.15388206
0.1525065
0.14766829
0.15152483
0.15042393
0.14784268
0.14826357
0.14800757
0.15147915
0.14739822
0.14678803
0.14790468
0.14594978
0.14938049
0.14260681
0.14644983
0.14382838
0.1452231
0.14332426
0.1403159
0.14399722
0.1423442
0.147587
0.14381096
0.14408164
0.1455714
0.1483367
0.15131871
0.13966885
0.14225742
0.14064004
0.14457655
0.13922511
0.14221504
0.13814601
0.13994709
0.1428586
0.14829415
0.14276356
0.14029898
0.14427513
0.14113738
0.14803275
0.13759679
0.13961335
0.1430343
0.14321283
0.1399404
0.13879487
0.13842855
0.14112586
0.1423129
0.14413941
0.14480247
0.1375505
0.14272062
0.14217667
0.1402344
0.14017332
0.14349486
0.14868723
0.141436
0.13859077
0.13601133
0.13797975
0.13750713
0.13209295
0.1371411
0.13763177
0.13867259
0.13677521
0.13749391
0.14318192
0.13651152
0.13887297
0.13978548
0.1315679
0.1358629
0.13343084
0.13337581
0.13770907
0.13297926
0.13998179
0.13351563
0.13589302
0.13143995
0.13250516
0.13294068
0.12934527
0.13297144
0.13334759
0.13299721
0.13454197
0.13353552
0.13386302
0.13838828
0.13033122
0.13061772
0.12977928
0.12904713
0.13261455
0.13089243
0.1359474
0.13399261
0.12516007
0.12719466
0.1259627
0.12960008
0.12828933
0.13465591
0.1310813
0.12992872
0.123951495
0.1276918
0.1316099
0.12765835
0.12686837
0.12840149
0.12571524
0.13626498
0.12438308
0.12966634
0.12718543
0.12732312
0.12861434
0.12745927
0.1277703
0.13013639
0.12454933
0.12724732
0.13108058
0.12671463
0.12580769
0.12649764
0.13006786
0.12542515
0.123796895
0.12811442
0.12670632
0.12722363
0.12624611
0.12269447
0.12878488
0.12170572
0.12170025
0.12370441
0.12562081
0.12716882
0.122183934
0.12083705
0.12794766
0.12535203
0.12167519
0.12612574
0.12423594
0.12439435
0.12317687
0.124973
0.123017676
0.12367368
0.12734587
0.12516479
0.1261776
0.12180533
0.12096882
0.11964054
0.12666036
0.12131299
0.12404237
0.122165285
0.12607409
0.11606578
0.12206209
0.11759573
0.12545589
0.12074437
0.118731216
0.1188528
0.11994911
0.12273249
0.124130994
0.12236599
0.124533646
0.11923307
0.11603716
0.119416654
0.122273214
0.118476674
0.120353915
0.116172515
0.1189071
0.11597082
0.11756031
0.11790872
0.11498624
0.11196773
0.11814496
0.11519876
0.11985444
0.11554673
0.118350245
0.120862246
0.120489225
0.11981173
0.112554096
0.11997971
0.12408877
0.11843136
0.12030744
0.116786085
0.1103264
0.116139315
0.1188629
0.11898245
0.11527736
0.11698903
0.118542306
0.11922972
0.11947436
0.11485982
0.1169613
0.11405
0.11484245
0.11552799
0.11742365
0.11450975
0.1202768
0.11305328
0.1104417
0.11357855
0.115956694
0.11327169
0.10761702
0.11387886
0.11001732
0.114103965
0.11411106
0.11066624
0.114165224
0.10848121
0.117540546
0.11286128
0.10932189
0.115748875
0.11193502
0.11275267
0.11528659
0.11205908
0.11412012
0.11492963
0.1102616
0.11246669
0.11019938
0.1095737
0.11165895
0.11035093
0.109032944
0.11083541
0.110464394
0.10754263
0.10237211
0.10890047
0.11003946
0.10810481
0.10562248
0.10717024
0.1069341
0.108512886
0.10680851
0.1064541
0.10197365
0.106429316
0.107861765
0.10663938
0.10754223
0.10850426
0.109087124
0.10734322
0.106248334
0.104904115
0.106259584
0.104022466
0.10493907
0.11022916
0.106698565
0.10614916
0.10438348
0.10664555
0.10677277
0.10369731
0.10867241
0.105528444
0.10343086
0.10440338
0.10217287
0.10687247
0.1045928
0.10335664
0.10414585
0.10768641
0.102696344
0.10439686
0.10117133
0.105322726
0.10293488
0.10085535
0.10152398
0.10290905
0.10968374
0.106172
0.10160356
0.10461354
0.09976096
0.10270589
0.10083181
0.10427573
0.10195718
0.1050621
0.10422147
0.1044758
0.1064916
0.099471144
0.103859216
0.10494207
0.103883915
0.10353772
0.10351317
0.101079136
0.10270072
0.10043203
0.101352654
0.09923667
0.09928054
0.10079063
0.098635845
0.09998684
0.09975117
0.10169839
0.10043074
0.09681482
0.09787822
0.10278759
0.099720195
0.09650142
0.09790445
0.0999547
0.09648658
0.09608878
0.10000994
0.094776124
0.09866135
0.09895873
0.0978615
0.09863762
0.10064684
0.0937585
0.093567125
0.0973459
0.10601942
0.09683698
0.09273617
0.100397
0.099749014
0.09772743
0.0954831
0.096822135
0.10023875
0.13142963
0.095103204
0.09550913
0.09899503
0.091799594
0.10068985
0.09546776
0.09406503
0.09188137
0.093412556
0.09555837
0.093962535
0.09944662
0.091064855
0.09345071
0.0932978
0.094574265
0.092807285
0.09363556
0.09061231
0.09453948
0.09531311
0.09139534
0.09216586
0.09157522
0.09429489
0.08660001
0.09208435
0.09323992
0.093670115
0.09313802
0.08848701
0.09154583
0.08834786
0.08952988
0.089490004
0.08834819
0.089443766
0.09562831
0.09001769
0.08867822
0.088000014
0.08785435
0.092456184
0.086247705
0.090932116
0.08720313
0.08768096
0.08819547
0.09086138
0.08918854
0.08750535
0.08667498
0.08998705
0.08589243
0.09123154
0.08594015
0.08480775
0.0842232
0.085550204
0.08758845
0.08986091
0.08626272
0.0888173
0.08374005
0.08982201
0.08592255
0.083031066
0.088546015
0.087716766
0.08270597
0.084676765
0.08339598
0.09135996
0.08355553
0.09579216
0.08737762
0.08065574
0.08151364
0.08636453
0.084789224
0.08568517
0.084955014
0.084598735
0.0835414
0.08607558
0.0834113
0.081469096
0.08030426
0.085643604
0.087291606
0.08081329
0.08688287
0.08125728
0.08525845
0.083624996
0.08576005
0.08554271
0.08335654
0.08514464
0.08492
0.08300464
0.08142607
0.08268796
0.08055436
0.08411253
0.08272562
0.086202204
0.08319083
0.08278665
0.08166949
0.08582613
0.084635824
0.0812083
0.08303159
0.08038922
0.08282167
0.08652771
0.08031605
0.086928345
0.0779024
0.08478865
0.08113152
0.08010726
0.08461297
0.08093204
0.083733365
0.08450826
0.0796984
0.081900135
0.07869907
0.07859905
0.078357965
0.08302497
0.07952878
0.07783494
0.081210196
0.07939631
0.079531185
0.079491064
0.081750676
0.07639296
0.07797811
0.077315286
0.078908764
0.078517914
0.07912696
0.08282153
0.07643608
0.07763366
0.083877474
0.07768813
0.07486435
0.0786969
0.08043998
0.0761171
0.07789769
0.076099284
0.07246319
0.07804651
0.07619667
0.079178385
0.07505415
0.07874862
0.07834204
0.076630294
0.07565098
0.07555771
0.07678763
0.07538457
0.07726067
0.07654176
0.07619726
0.0755837
0.073634185
0.07654904
0.078631125
0.07299538
0.076455005
0.07878065
0.073650144
0.074725896
0.07305345
0.07457618
0.071846016
0.07054041
0.07505341
0.07368764
0.0750769
0.073818795
0.081447035
0.080053955
0.074432135
0.071875654
0.07448799
0.081281796
0.07246561
0.078074776
0.0755626
0.07133198
0.07533181
0.07332215
0.07720392
0.071766116
0.070435315
0.07320464
0.073364556
0.07297779
0.06979903
0.07263458
0.07093445
0.073791996
0.07157231
0.07122388
0.076744385
0.06703441
0.073332205
0.07096682
0.07248085
0.076392524
0.07178286
0.07077796
0.072392225
0.070888765
0.0708624
0.072193615
0.06925001
0.0698148
0.06967235
0.07531313
0.07079415
0.06832374
0.06747128
0.070227966
0.07208043
0.0707771
0.07147483
0.071719505
0.07137463
0.07012469
0.070849136
0.069539525
0.07027706
0.069236144
0.070931755
0.07074847
0.07009655
0.07054798
0.07431573
0.068875216
0.07044184
0.07207527
0.07244057
0.06962519
0.07243906
0.070569284
0.07025795
0.06682413
0.071165025
0.066408634
0.070102505
0.073354624
0.069960885
0.06713938
0.07052751
0.069490746
0.07029671
0.0709685
0.072214805
0.072120935
0.067595236
0.06481674
0.06678732
0.06967532
0.06979063
0.06752563
0.0690194
0.06923384
0.06920772
0.0711058
0.06643212
0.066240795
0.069275506
0.07098206
0.06872645
0.06901746
0.07108563
0.07033178
0.06703063
0.07104444
0.06920516
0.07068029
0.070956066
0.07129046
0.071772955
0.070533365
0.06836788
0.07127929
0.06868362
0.06833594
0.074556366
0.07146208
0.07017048
0.068113066
0.067100465
0.06770699
0.06789135
0.07097917
0.065780506
0.068937086
0.06842979
0.07362261
0.06647705
0.06706497
0.067002304
0.06738621
0.06932884
0.06555644
0.06921181
0.06637573
0.06871973
0.06703162
0.07030519
0.06822155
0.06821354
0.06795173
0.0676267
0.065027416
0.06644477
0.0665604
0.06268493
0.06391962
0.07033705
0.064997
0.066802904
0.06882141
0.06572059
0.06807428
0.06572445
0.065834254
0.06695633
0.07087328
0.06842226
0.06533428
0.064819105
0.06207928
0.06405575
0.068291366
0.06277357
0.06410008
0.06397639
0.065640174
0.059639156
0.06275963
0.06817282
0.06330028
0.06257951
0.060947172
0.065823965
0.06266515
0.06547379
0.06335221
0.066179365
0.06625411
0.060184017
0.06146932
0.061557904
0.06606579
0.0640061
0.07905274
0.06379916
0.06191568
0.06389394
0.0621235
0.06331776
0.06338429
0.06679557
0.062325362
0.059768997
0.06271437
0.06251396
0.06039451
0.066604726
0.06266932
0.06563269
0.060526192
0.05974039
0.0642236
0.060844008
0.061496884
0.06216801
0.060872957
0.060713418
0.058604628
0.05987882
0.06030223
0.059168387
0.05920762
0.059922624
0.06063629
0.059368238
0.05993286
0.06445342
0.06312909
0.06113227
0.0629197
0.061539065
0.06339772
0.059320014
0.06142798
0.060165327
0.059310406
0.06315691
0.05859045
0.06341019
0.061605476
0.058946177
0.06303027
0.06051217
0.059777454
0.060641013
0.058639687
0.06241221
0.060051005
0.05435109
0.05883469
0.059806183
0.057680883
0.059187632
0.059922084
0.05788455
0.060196992
0.059349768
0.0598494
0.06055703
0.059061676
0.057577427
0.056783345
0.05857285
0.06251967
0.060511146
0.058891118
0.06378352
0.06011518
0.06363534
0.05919627
0.057187624
0.06200889
0.05515115
0.060567074
0.057250623
0.057238042
0.06248904
0.058115993
0.061695196
0.059472978
0.060991902
0.060158968
0.059868958
0.06101063
0.05854775
0.059729572
0.061662868
0.059612427
0.05836313
0.061593346
0.055144124
0.062445
0.060783137
0.059609815
0.06185736
0.058861032
0.059489273
0.055613805
0.06190199
0.056546073
0.059643075
0.059499353
0.05945902
0.05691416
0.059840247
0.061158076
0.0591556
0.057272594
0.05588324
0.057476036
0.058682468
0.055346362
0.05886055
0.05774231
0.05607668
0.06018013
0.058420166
0.053768888
0.060282353
0.0577466
0.05624333
0.056951173
0.054295316
0.059648525
0.05763324
0.058257863
0.060626768
0.053948533
0.058131352
0.057780504
0.05753075
0.056951746
0.06118422
0.061982375
0.06396691
0.058246985
0.058525227
0.059583843
0.06246308
0.058727555
0.059277363
0.056011416
0.057101775
0.05983399
0.05917742
0.058587678
0.056821287
0.054866392
0.05650836
0.05684578
0.05988863
0.051876113
0.057058834
0.056868598
0.06026354
0.056947697
0.054845285
0.06138873
0.048556708
0.05579896
0.054564785
0.05731086
0.056322243
0.053748664
0.056960374
0.05162695
0.056436762
0.056340624
0.05248231
0.05569437
0.05395776
0.054617807
0.057630718
0.056188278
0.05859681
0.055471152
0.056367308
0.05805004
0.057225775
0.062212463
0.054067027
0.05637682
0.05784564
0.054991413
0.0553818
0.054762106
0.05672893
0.05630476
0.056579646
0.056647763
0.0591944
0.05375224
0.055461768
0.058260094
0.052645706
0.05668236
0.057201084
0.055394042
0.05904257
0.055924293
0.057098124
0.05717035
0.056541864
0.0602762
0.057548165
0.057634
0.051067494
0.05822034
0.054573603
0.05214692
0.05434602
0.055633463
0.053750608
0.052564505
0.058249842
0.055417266
0.05261078
0.057288215
0.053657006
0.056156997
0.052997295
0.055027474
0.054020103
0.05736923
0.05494315
0.056180283
0.05438124
0.056130406
0.055946093
0.05690835
0.052337956
0.054157425
0.053719927
0.05768988
0.05308708
0.053662654
0.055244602
0.05254473
0.054807093
0.054685075
0.05319988
0.051011603
0.05580646
0.056591284
0.06114069
0.055095512
0.054167
0.056552324
0.05108475
0.05789341
0.056938097
0.05321305
0.057109874
0.05347079
0.055258125
0.052239094
0.05499691
0.053345412
0.057143547
0.055473797
0.053682268
0.055150505
0.055148453
0.053216763
0.054947875
0.0540594
0.05581264
0.058994465
0.05306402
0.05940084
0.051263843
0.05199242
0.053340238
0.052093424
0.051353082
0.055115443
0.05719432
0.055576984
0.05708687
0.051861256
0.050895855
0.053033754
0.055012643
0.053314928
0.052318346
0.05434567
0.05144499
0.055499334
0.055082083
0.05845911
0.057088234
0.05512257
0.052630156
0.05453174
0.052833885
0.05216864
0.06011655
0.051368576
0.051549044
0.05498841
0.0519828
0.053225994
0.050101597
0.055455208
0.056036245
0.049547795
0.057942174
0.049221803
0.05129029
0.051618382
0.051013708
0.05210724
0.05325894
0.054568294
0.054972894
0.052940212
0.052158564
0.05071829
0.052724317
0.05538283
0.051230803
0.057704248
0.05220876
0.04981122
0.05269313
0.0526252
0.053772908
0.048802163
0.049640913
0.05808052
0.05077385
0.050018523
0.052826997
0.05233962
0.05371833
0.053879794
0.053741407
0.052781723
0.054605626
0.049345
0.04985333
0.051873516
0.054715335
0.05048753
0.052611604
0.052282225
0.05173249
0.05333852
0.05003221
0.051190007
0.055387102
0.052025415
0.051239904
0.05097876
0.052451804
0.052107476
0.049293205
0.051126804
0.052446462
0.049219422
0.05460702
0.052529763
0.047909573
0.052693814
0.05088788
0.05160173
0.055940248
0.05167697
0.04950852
0.055208713
0.05069186
0.050945546
0.052034173
0.056102477
0.048818514
0.057127953
0.052061338
0.049089976
0.05089282
0.0539134
0.049234714
0.049081504
0.050754484
0.049748916
0.047904477
0.04853663
0.051756848
0.050739765
0.05190602
0.052422874
0.053410634
0.05052522
0.049857512
0.04823057
0.04948494
0.049860246
0.05104724
0.05011108
0.052137945
0.047440886
0.04824769
0.050892502
0.049306534
0.04969271
0.05292272
0.052262593
0.049605157
0.051812533
0.05116582
0.05189256
0.051628627
0.05235477
0.05089943
0.054290902
0.05188884
0.048372224
0.046495646
0.054683696
0.04640559
0.05483322
0.048388235
0.052184254
0.056718986
0.0534851
0.049859293
0.051884998
0.05071611
0.046171207
0.047660448
0.052198507
0.048669
0.049673017
0.05283623
0.0517524
0.048522957
0.04986418
0.05298669
0.04831595
0.04753351
0.049611095
0.05146421
0.04921062
0.056015085
0.05066621
0.048976604
0.053088427
0.052452456
0.04954777
0.052658483
0.047083225
0.05218568
0.047889244
0.04795429
0.04931764
0.049054544
0.048902616
0.045811057
0.04844729
0.044751305
0.0484405
0.053075116
0.049373977
0.046061702
0.047815874
0.047460493
0.046451177
0.047335375
0.04628161
0.052098747
0.047817156
0.0490068
0.04739336
0.048064653
0.047309045
0.04465099
0.050099865
0.04846794
0.050026827
0.04834219
0.048464052
0.047211412
0.048698124
0.04933678
0.04687791
0.046712637
0.05018962
0.048069518
0.045393497
0.052199733
0.05246831
0.04647245
0.044368435
0.046905756
0.04876905
0.047840815
0.051872056
0.04775656
0.04827131
0.043529734
0.05203557
0.052464064
0.047562335
0.046906672
0.04553161
0.049230043
0.046521235
0.047403187
0.046926085
0.0551596
0.048009053
0.047445383
0.047368526
0.047110118
0.04890257
0.04502694
0.04723449
0.048156105
0.0502832
0.050587617
0.047905598
0.0482309
0.051642906
0.05171298
0.04854532
0.049952276
0.04992236
0.048492175
0.04542503
0.050172124
0.050193235
0.050210062
0.045750957
0.045775224
0.044889845
0.04803447
0.04487918
0.045031548
0.04716771
0.045959827
0.04917904
0.04726271
0.045013037
0.04335767
0.049635798
0.04778352
0.045838602
0.051487878
0.046239868
0.046592936
0.047820594
0.04907719
0.045949444
0.045633443
0.04845856
0.051171973
0.045110144
0.04698067
0.04948134
0.046268973
0.046366215
0.046978757
0.045393154
0.050692353
0.048795607
0.04536614
0.04736239
0.049230605
0.050315138
0.04755494
0.046722747
0.047550086
0.04706152
0.047392465
0.04571269
0.046058856
0.04609364
0.043425776
0.04643534
0.046622727
0.04626539
0.04787343
0.04663065
0.045851488
0.051099684
0.04456928
0.05020905
0.04655023
0.047728572
0.041369937
0.046073314
0.042267933
0.04583196
0.046146993
0.044791963
0.044061948
0.04871478
0.04478418
0.046340443
0.04637035
0.047166225
0.04442163
0.041823726
0.048131507
0.048254564
0.051359843
0.04506645
0.04684967
0.045149125
0.043168858
0.04604353
0.044269074
0.044373672
0.04649962
0.046155933
0.047059894
0.046322785
0.044377144
0.04930516
0.04610084
0.046816576
0.051748358
0.044207253
0.046936646
0.043206923
0.048516765
0.046780165
0.045340993
0.04582642
0.04608541
0.04740897
0.046768088
0.044629265
0.046766907
0.046544537
0.04547238
0.0431567
0.04708021
0.041803055
0.048028223
0.047409777
0.04383514
0.04893518
0.048899945
0.046621494
0.04673126
0.044451885
0.048083585
0.04390201
0.05240044
0.0461306
0.04629778
0.045925073
0.043077152
0.046156373
0.052049022
0.045473076
0.047748443
0.04876221
0.047447782
0.045358878
0.049010552
0.045220833
0.046777397
0.04462547
0.04999013
0.044855602
0.04961886
0.04840457
0.04795457
0.04432029
0.04493013
0.043771002
0.046859436
0.046615757
0.04860897
0.044871118
0.046648763
0.049028993
0.050697587
0.04616763
0.050423443
0.04823539
0.044953495
0.048081327
0.048927274
0.050532773
0.049483463
0.048581805
0.047645196
0.04833013
0.048622593
0.04910742
0.049308185
0.04506924
0.04789775
0.04882194
0.04923351
0.046182334
0.04548281
0.045912925
0.048323672
0.044794943
0.04899043
0.0459455
0.046653986
0.04146969
0.042908512
0.042497292
0.050207876
0.048383083
0.046943672
0.047529038
0.045113835
0.046651684
0.04507853
0.04806467
0.047915936
0.04742902
0.04549923
0.043961495
0.047340255
0.04370114
0.045619566
0.049545858
0.047135986
0.044127185
0.04463144
0.044605672
0.045125343
0.046203468
0.046299838
0.041785527
0.04764119
0.04577271
0.04725645
0.052657288
0.049256846
0.04792743
0.044260833
0.047407888
0.047742903
0.050914463
0.043945335
0.048470397
0.04364949
0.04431055
0.047672234
0.046212792
0.04969328
0.04456886
0.047489505
0.051696282
0.045402374
0.044917785
0.045986123
0.046992466
0.046531525
0.046961773
0.047871977
0.047577847
0.04686474
0.052421555
0.046286583
0.044607896
0.045986682
0.048604246
0.044593632
0.042902645
0.047594503
0.045797385
0.047893554
0.04582229
0.04602743
0.043471046
0.043839544
0.04195148
0.045125548
0.042483862
0.044204976
0.046526972
0.0438665
0.042161338
0.04178531
0.0442181
0.045646038
0.04231742
0.044189356
0.044248804
0.04730545
0.04675032
0.049759705
0.047063313
0.044436906
0.045356967
0.04302366
0.046504054
0.046086226
0.04349103
0.04694801
0.044891667
0.047264073
0.0484907
0.044926427
0.043704182
0.044491865
0.047790743
0.043185085
0.041429713
0.0419485
0.050533637
0.044826668
0.043963823
0.042979676
0.039798796
0.046197157
0.047292918
0.043206003
0.042650163
0.04440258
0.04643089
0.046698064
0.048055276
0.043554395
0.047884088
0.04472335
0.047902577
0.047471583
0.042912256
0.04407871
0.05071255
0.0442872
0.043502226
0.046512734
0.04398969
0.043925326
0.045473225
0.04312352
0.043944605
0.044096116
0.04592217
0.04090735
0.04988584
0.044399157
0.041852754
0.04437085
0.044986073
0.050135933
0.047067653
0.04187136
0.04550579
0.043725055
0.04264557
0.04602171
0.043080732
0.044897676
0.04545302
0.04492942
0.04465404
0.043921627
0.043824174
0.04372738
0.0441039
0.042367227
0.048351735
0.043954544
0.043015122
0.04215981
0.044023123
0.047274042
0.046606738
0.04520042
0.041708015
0.0445941
0.046444647
0.04627646
0.048215806
0.04243179
0.048300024
0.04105079
0.043309636
0.04609759
0.04254929
0.04635383
0.04468781
0.04646725
0.045618746
0.05067346
0.046167616
0.047041126
0.045489315
0.045503575
0.0457861
0.046442155
0.048751827
0.0454381
0.047970634
0.047689028
0.044295818
0.04521574
0.047142472
0.045503
0.045462273
0.043929137
0.05106736
0.04624345
0.045964796
0.05280288
0.050565533
0.044061266
0.043892927
0.045006767
0.04910642
0.04782479
0.043546278
0.042966854
0.04612582
0.046531025
0.04822742
0.049425874
0.05284197
0.055128496
0.047771797
0.054278497
0.05396716
0.057481788
0.054132532
0.055045523
0.057584412
0.062412377
0.06356454
0.059917103
0.069621176
0.07343763
0.069096975
0.07266659
0.06875053
0.06881966
0.06298078
0.06089512
0.068084694
0.06548805
0.062077597
0.060601283
0.05812275
0.0508654
0.05098586
0.048527878
0.0482063
0.05237382
0.043345917
0.048572764
0.044888403
0.048675377
0.04519815
0.04883368
0.055228412
0.044125427
0.044056553
0.048039228
0.048383277
0.045426574
0.041329753
0.045164857
0.04456473
0.042574186
0.044603307
0.044020634
0.047138564
0.041583017
0.04263542
0.043992203
0.0463638
0.043594524
0.04305767
0.046323374
0.04352157
0.044367947
0.04478837
0.04441068
0.045813017
0.045076508
0.044870835
0.042137425
0.04316858
0.0453365
0.043572817
0.04311193
0.04445662
0.04570221
0.04345657
0.045322437
0.045104444
0.046200458
0.04429082
0.04279937
0.04180481
0.045697495
0.050451767
0.045234047
0.04317991
0.045437947
0.04180618
0.043649036
0.045282133
0.042864714
0.04517136
0.045484863
0.042585064
0.04569897
0.043540217
0.045856133
0.044959113
0.045619722
0.045012005
0.045121104
0.04178599
0.045612007
0.04780043
0.046363886
0.045812186
0.041752502
0.044255108
0.047337055
0.044953313
0.042690806
0.046407986
0.04536358
0.045276422
0.04427591
0.041747797
0.042124346
0.040881343
0.040550854
0.041276287
0.043087866
0.043863498
0.041969035
0.044093277
0.04942691
0.04186169
0.042831305
0.041136432
0.040575713
0.041643105
0.046585366
0.041111402
0.044453144
0.043030553
0.03905703
0.042000238
0.044762697
0.043904074
0.040809855
0.04593931
0.04454627
0.04373466
0.04239077
0.04763961
0.04116857
0.041316956
0.04285007
0.044587567
0.045246653
0.044594232
0.042933766
0.040242616
0.039732717
0.04282396
0.041054938
0.040295098
0.040638182
0.042658534
0.042301174
0.04019397
0.039510313
0.037075005
0.044511776
0.03924096
0.04225547
0.04018396
0.04181397
0.048533194
0.0433375
0.043275014
0.03835836
0.03970711
0.043980394
0.045053065
0.042257775
0.045400996
0.04361307
0.041585747
0.04112496
0.03791777
0.040990658
0.041232634
0.044861615
0.041377686
0.041889958
0.046498794
0.04092027
0.039817534
0.041713078
0.03974828
0.039112613
0.04326328
0.039734215
0.04330681
0.040525097
0.04115598
0.04258939
0.040886287
0.04389225
0.040241566
0.040695254
0.042350322
0.04739376
0.043623805
0.040058266
0.039921854
0.041618135
0.03596351
0.042582322
0.041310772
0.040764894
0.044844702
0.039458532
0.041787717
0.04322617
0.03938771
0.042624563
0.041880794
0.03866356
0.03989875
0.0433138
0.04058196
0.037728865
0.037957393
0.04241518
0.042707384
0.04343808
0.041816693
0.040870875
0.040699314
0.042130806
0.040806267
0.042457607
0.039606582
0.047008622
0.038363423
0.046586867
0.04010777
0.037001666
0.041863076
0.041675504
0.044100147
0.041061416
0.039838985
0.040227503
0.044235714
0.038458675
0.042101596
0.042727984
0.04139706
0.040148057
0.04206582
0.040736556
0.03844382
0.04212574
0.03953491
0.041075133
0.040892918
0.039145168
0.0420584
0.0407665
0.041184578
0.042510863
0.039538983
0.0362738
0.03885554
0.038975555
0.039060492
0.038576484
0.04156217
0.04050223
0.041385807
0.04349178
0.040599033
0.03954548
0.04046775
0.048936464
0.03943652
0.043743588
0.041157227
0.044641953
0.04210981
0.041290306
0.042834915
0.043262485
0.04415477
0.04018328
0.043244682
0.042019118
0.040702373
0.04188468
0.03833831
0.043317296
0.04200331
0.04827933
0.041491896
0.04336484
0.043943845
0.0372003
0.041295886
0.04123364
0.039590973
0.042580523
0.043276247
0.045370538
0.043053005
0.037791602
0.042072102
0.040311147
0.04039308
0.040366873
0.044000253
0.044277437
0.03957641
0.04321712
0.04042534
0.037755735
0.044374485
0.040001433
0.041364886
0.04115838
0.040666297
0.038946774
0.041958008
0.043161396
0.041267056
0.042506024
0.04251537
0.037528176
0.037496213
0.04389744
0.04626233
0.03702632
0.03930236
0.042225216
0.03869433
0.045774974
0.03941489
0.044901952
0.04325721
0.041683353
0.04345598
0.04102442
0.041606996
0.0434451
0.03892043
0.043980073
0.041881192
0.044219214
0.038899176
0.038364153
0.039479326
0.04190747
0.03914561
0.042019736
0.04152663
0.045714147
0.039876647
0.049631465
0.040377375
0.04013936
0.0417281
0.04091899
0.043692112
0.041569777
0.04203521
0.04144713
0.042589284
0.043221574
0.042927913
0.048414696
0.03927866
0.037008103
0.03880485
0.044365667
0.040644765
0.04370971
0.0415674
0.043403808
0.039225932
0.04617813
0.04448219
0.045107175
0.04261446
0.044401873
0.038605757
0.042652704
0.03972333
0.046848137
0.04025894
0.045013975
0.042631816
0.042085357
0.04463073
0.043053046
0.046230707
0.043273464
0.043273047
0.04017823
0.05188503
0.04515855
0.046635523
0.04247912
0.040256925
0.041975785
0.041334957
0.04487075
0.040242974
0.043347757
0.043101303
0.041312616
0.042796932
0.039722137
0.04049789
0.0456366
0.043063007
0.040840536
0.044135403
0.048189655
0.047989428
0.03960892
0.038870476
0.04202193
0.044555154
0.042940855
0.04061516
0.04468361
0.04656569
0.04055931
0.045865335
0.03992653
0.04121165
0.0501443
0.0433595
0.042462595
0.04318264
0.040699005
0.0405015
0.05133024
0.04734345
0.044327796
0.042189345
0.047318846
0.0437625
0.04271379
0.0522022
0.048320822
0.041307006
0.041501276
0.04501492
0.044851027
0.0427338
0.045128368
0.04448599
0.04255287
0.044120777
0.04194881
0.040519014
0.041827694
0.04535389
0.04424018
0.043051172
0.04164335
0.04100737
0.042086564
0.041693196
0.043929864
0.046533905
0.044261727
0.050479233
0.042941403
0.04466429
0.04334883
0.043738615
0.043827698
0.044128794
0.042735673
0.041998696
0.044957828
0.046233296
0.038880203
0.03772863
0.041045196
0.039162386
0.03950416
0.04046911
0.038245108
0.041993644
0.04307226
0.043553304
0.036883347
0.04136794
0.043717027
0.04286799
0.042260002
0.039244894
0.04127583
0.04096852
0.04475377
0.044566657
0.040883757
0.042249523
0.03981371
0.041678816
0.042614657
0.04352224
0.04095141
0.041211437
0.041972943
0.042789485
0.044002518
0.03849808
0.03935734
0.042814877
0.041038156
0.04164679
0.043590985
0.04639014
0.042080283
0.042196732
0.039757572
0.042530496
0.040546246
0.041007664
0.043052584
0.039385177
0.045435876
0.04370247
0.03955585
0.03907249
0.041323572
0.0387058
0.04706542
0.040027272
0.04539569
0.04036604
0.038558107
0.04088097
0.04106355
0.045122385
0.041539486
0.041429583
0.040189557
0.041539554
0.03975703
0.041521136
0.03954377
0.038483094
0.040168393
0.041497
0.049358077
0.0398686
0.043379687
0.04163337
0.04001107
0.040573172
0.04338774
0.043197624
0.04301098
0.042977292
0.04921409
0.043940183
0.041729316
0.042477395
0.04453019
0.051128305
0.046412144
0.04158356
0.038513605
0.042142104
0.039782472
0.040155303
0.042713456
0.041979294
0.041344468
0.042293206
0.039932802
0.04000146
0.03761821
0.04186863
0.04324563
0.03981079
0.04232266
0.04331678
0.04181446
0.044357527
0.043013558
0.038403366
0.0420082
0.040722117
0.04385642
0.042997595
0.039507765
0.04044803
0.040016536
0.0386664
0.04156503
0.042336807
0.038461484
0.043587867
0.044685442
0.04067843
0.03943426
0.039031275
0.04101105
0.037890643
0.04204796
0.03824024
0.037970234
0.042832535
0.04415557
0.038160577
0.043009445
0.03997698
0.041736968
0.0391275
0.04513473
0.04315817
0.040977158
0.044729438
0.040157665
0.04278328
0.040510844
0.040660404
0.042270247
0.03826345
0.039519623
0.047130268
0.04220565
0.042258512
0.042573564
0.039606113
0.042739414
0.04282794
0.04280214
0.039528005
0.041421294
0.04501084
0.042914852
0.040008266
0.0408155
0.04217962
0.039763633
0.04042183
0.04019871
0.03896928
0.039769016
0.04071933
0.038725402
0.038884766
0.041088905
0.04064756
0.040786322
0.042984728
0.040390853
0.046851844
0.04152108
0.042641927
0.04020032
0.041429352
0.04147878
0.042967375
0.04077673
0.041760452
0.041405182
0.044135943
0.04377945
0.042052973
0.042917896
0.047762983
0.04197801
0.04334958
0.038964923
0.044588577
0.041708298
0.042600542
0.044868834
0.04088647
0.04292845
0.042160273
0.040143646
0.040346224
0.042401034
0.038946442
0.04434472
0.042817347
0.041180737
0.042515308
0.039068747
0.041627504
0.04318757
0.041796084
0.04443605
0.03852549
0.041459657
0.04476887
0.04211438
0.041039128
0.040386304
0.039948873
0.03983555
0.043263413
0.04699379
0.041144162
0.040284265
0.041869655
0.041299727
0.044039432
0.04150592
0.04247909
0.044504635
0.041334916
0.04145438
0.04198708
0.04534715
0.041565057
0.04309853
0.042511903
0.04515232
0.046517923
0.05138761
0.04205973
0.043183897
0.042422995
0.046029124
0.043309163
0.047601536
0.041683737
0.044643886
0.042248953
0.039970137
0.041025333
0.04542007
0.045699395
0.04390264
0.04253942
0.04433764
0.041681193
0.041933928
0.042089645
0.04144271
0.041704345
0.04318997
0.041349106
0.042450838
0.042679854
0.045297958
0.044499543
0.041583996
0.040586423
0.041604854
0.040525325
0.04043171
0.040107265
0.040309586
0.046512414
0.04209874
0.04099393
0.041718107
0.0445188
0.040649775
0.03983316
0.03966
0.040131383
0.04196791
0.041638155
0.04109845
0.0409811
0.04135263
0.043427493
0.04183508
0.041802105
0.041088037
0.040336642
0.041293982
0.041199192
0.04215092
0.040738363
0.047389057
0.042611454
0.041805558
0.042652376
0.04239782
0.04187583
0.043859392
0.038866762
0.03831828
0.04222153
0.044636425
0.044300575
0.041574147
0.04039916
0.04077806
0.042541735
0.044686195
0.047916766
0.042230446
0.045768213
0.044859692
0.04420881
0.041272193
0.042022824
0.042752124
0.04054424
0.040097225
0.0414135
0.042378042
0.046392538
0.041716095
0.041849915
0.04364782
0.04224764
0.043761693
0.041034862
0.04394642
0.045212395
0.045282457
0.041438866
0.04181633
0.043736756
0.04254832
0.043323662
0.043585524
0.041951884
0.042706747
0.045254562
0.041643485
0.04471702
0.042447258
0.0476716
0.044085152
0.045974843
0.044716746
0.044525255
0.042985696
0.046148565
0.04305278
0.044566598
0.04613502
0.042409156
0.04226465
0.04570653
0.04656491
0.052560702
0.045705613
0.04183669
0.04143748
0.044512864
0.042918228
0.043682054
0.04739959
0.044250365
0.04344685
0.045164194
0.04464307
0.046325292
0.042529292
0.047710445
0.04238443
0.046903808
0.042308625
0.04532664
0.044559713
0.043456387
0.042819314
0.049372043
0.04605819
0.0482658
0.045624524
0.043349415
0.044229303
0.043045163
0.04232072
0.045316722
0.04334409
0.043559205
0.042046558
0.041217137
0.04217576
0.043804146
0.04362929
0.04578585
0.04304298
0.044454828
0.04269389
0.043500934
0.047798797
0.044780064
0.044315677
0.046043158
0.043405503
0.042358775
0.043071747
0.045546953
0.04349275
0.04357084
0.042737868
0.046525985
0.043275815
0.041906305
0.042103086
0.043304518
0.045724135
0.04367699
0.04460251
0.04457307
0.043237265
0.04194793
0.041722517
0.0425218
0.044108607
0.04210849
0.041347496
0.041289352
0.04243387
0.044853043
0.042080455
0.041067943
0.039946854
0.04136797
0.042007986
0.043739706
0.04435212
0.04378287
0.04454017
0.04392897
0.040693168
0.040905334
0.044570502
0.04221954
0.04288829
0.046581183
0.043225612
0.042274863
0.043732453
0.045267124
0.043998238
0.043459967
0.046143826
0.04423059
0.044571083
0.04660644
0.04346669
0.042540982
0.043832578
0.04910451
0.04554529
0.045407657
0.044489797
0.04070309
0.04050341
0.043896046
0.046279624
0.041765388
0.040332112
0.042256128
0.046197876
0.043287907
0.041193474
0.040771093
0.040598445
0.04174499
0.043569885
0.045434058
0.043308895
0.041702423
0.04209812
0.04129421
0.041799802
0.042266257
0.045431986
0.04339188
0.04072382
0.03955229
0.040953446
0.045900084
0.04266166
0.041558675
0.041370437
0.041566268
0.04189987
0.043438226
0.046264376
0.04433536
0.0422508
0.041723017
0.04173725
0.04402764
0.046882473
0.048782222
0.04452138
0.042222027
0.042756535
0.044900153
0.043344345
0.04534385
0.04066343
0.041095916
0.046649046
0.044582974
0.044033978
0.045004357
0.045669787
0.04639038
0.04179197
0.041498467
0.04551641
0.04156885
0.041545186
0.045451384
0.042918887
0.04225028
0.04296843
0.045536887
0.04539682
0.045214605
0.049025867
0.044165764
0.043582242
0.047281835
0.044063985
0.04213252
0.042626694
0.043803398
0.045659557
0.04307038
0.04200932
0.042655624
0.043138888
0.042989183
0.044501666
0.046912376
0.045087438
0.044821918
0.046118226
0.0446009
0.043635502
0.042753924
0.042451795
0.042665277
0.04386506
0.04425156
0.04501536
0.046156827
0.044007577
0.043907728
0.04279511
0.04259891
0.04267475
0.04609316
0.048070766
0.04452988
0.043400876
0.0419647
0.04343775
0.04339184
0.044577062
0.04446358
0.043863732
0.042492356
0.041373547
0.041579816
0.042038612
0.04700557
0.05601844
0.046510864
0.04379227
0.04787329
0.045883235
0.045085296
0.04379985
0.04426947
0.047216725
0.045269664
0.044196982
0.044984918
0.045161773
0.045253474
0.044141512
0.043920934
0.04316816
0.044064157
0.043047734
0.043277256
0.041929126
0.045244038
0.051337443
0.0441245
0.04073078
0.040595666
0.044598997
0.04935378
0.04777656
0.05194331
0.04461577
0.041331463
0.041747577
0.041813854
0.041872993
0.04382342
0.04339876
0.04411979
0.0429275
0.043422475
0.04259576
0.043206662
0.0428146
0.04371186
0.042382978
0.042247772
0.04220402
0.042544745
0.043015268
0.043111753
0.042601034
0.04286379
0.042248122
0.04218563
0.041577842
0.041074757
0.04245899
0.042502612
0.044262707
0.043553203
0.044463802
0.042370822
0.041916
0.040681485
0.039857496
0.040191956
0.039651103
0.040817376
0.041159064
0.039592333
0.0383424
0.037765704
0.04064096
0.04122926
0.042706568
0.043439966
0.04329168
0.041677997
0.03934703
0.03939294
0.038984176
0.03860243
0.039581668
0.041280355
0.04201044
0.040727645
0.03844509
0.03861648
0.04045132
0.04164263
0.04137217
0.0410033
0.03946106
0.03836463
0.04066645
0.04959265
0.041909356
0.03912179
0.041551467
0.044380877
0.044315476
0.043725446
0.040902965
0.04009951
0.039747983
0.041996498
0.042321738
0.040990077
0.039894212
0.040948253
0.043059207
0.044100508
0.043502897
0.043798752
0.042950075
0.043310076
0.042494632
0.04177015
0.040799357
0.039621864
0.038871404
0.04027951
0.039368737
0.040976822
0.040507466
0.043392662
0.042671885
0.04127818
0.040093243
0.040294465
0.040561557
0.04074174
0.040992826
0.04041127
0.039906442
0.040674455
0.04258073
0.043941975
0.044640247
0.04366781
0.041971017
0.04039073
0.042396452
0.043807384
0.04320911
0.042664908
0.042692665
0.04382562
0.04330873
0.043247804
0.042994272
0.04331638
0.04116418
0.040125083
0.040384084
0.041558843
0.04219744
0.040738437
0.041040927
0.04211429
0.04178285
0.041910768
0.04010627
0.04145119
0.04075237
0.04159572
0.03965694
0.039787244
0.040685
0.042721644
0.042578954
0.042159487
0.042447265
0.04200491
0.04090787
0.041536815
0.043880228
0.044862274
0.043798838
0.04213767
0.041803315
0.042960342
0.043606356
0.042129807
0.040983103
0.040871337
0.04316636
0.04353119
0.04301327
0.042420723
0.041324504
0.041774936
0.04176075
0.042764
0.04396955
0.04475196
0.0448287
0.044645056
0.04382786
0.044062465
0.04467768
0.04619418
0.04457141
0.043755256
0.04279148
0.044078335
0.04366721
0.04390672
0.043923024
0.043618552
0.042419348
0.042343337
0.043333855
0.044062562
0.0443794
0.04511352
0.04504119
0.046207517
0.04419617
0.043559425
0.04286191
0.045194462
0.046254475
0.04574308
0.044526774
0.045007043
0.044858925
0.045012183
0.044045065
0.04441334
0.04438603
0.04608566
0.046353832
0.04593462
0.044049263
0.044243336
0.04526577
0.047554336
0.04817693
0.046863914
0.04542477
0.043572124
0.044098787
0.044236347
0.044551168
0.04396215
0.04442391
0.045663472
0.046756063
0.0458615
0.04323414
0.043754235
0.04446991
0.044919327
0.043434955
0.042490866
0.042781986
0.04261365
0.043104306
0.04448072
0.043835368
0.043432552
0.045584545
0.047350783
0.045915347
0.04395696
0.040997326
0.043420576
0.04233781
0.044232525
0.04785682
0.057561733
0.050931863
0.046767462
0.046990715
0.04453941
0.044251714
0.043523654
0.043419845
0.04254198
0.044199966
0.042221777
0.0437497
0.040775914
0.04468285
0.04346387
0.045689728
0.045506544
0.04519985
0.04370809
0.042017683
0.044263016
0.04426833
0.04618713
0.043153346
0.044957202
0.043113686
0.045323927
0.044099763
0.04527291
0.045596298
0.052026086
0.06263877
0.0511227
0.045757208
0.047981314
0.048003998
0.045670837
0.043749634
0.04601595
0.04796777
0.048923966
0.044877842
0.044961285
0.045033798
0.046219334
0.047300518
0.046636555
0.047287475
0.045596737
0.044664063
0.04390734
0.044599798
0.045389827
0.044776868
0.04256286
0.043665268
0.04468656
0.04685633
0.044865012
0.043469854
0.042698555
0.041364647
0.042801186
0.044011973
0.046647098
0.046137884
0.04627802
0.0444744
0.045635827
0.04264892
0.04270322
0.041043237
0.042598937
0.043336
0.043200955
0.04294546
0.042328212
0.043486316
0.043818343
0.0440094
0.044446617
0.04331772
0.043587286
0.0422385
0.042143434
0.045111638
0.045898303
0.046862654
0.043604944
0.04320983
0.043374687
0.043179106
0.0424465
0.042668797
0.043066263
0.043245755
0.042971984
0.04307351
0.043532573
0.043821618
0.04377457
0.043121573
0.043738976
0.043893535
0.045163807
0.044140615
0.042475786
0.041040435
0.0412877
0.04158945
0.042537052
0.04226586
0.042733002
0.040876597
0.040593974
0.040971685
0.04200643
0.042359833
0.04298367
0.043005854
0.04479605
0.04575294
0.046741426
0.043760702
0.042062107
0.040725835
0.04171724
0.04180616
0.042363103
0.04209835
0.041404426
0.04080678
0.04082215
0.04191799
0.043287612
0.04470406
0.045054436
0.044217378
0.04422615
0.04379524
0.04593469
0.045037307
0.044037815
0.04300273
0.042150453
0.041720923
0.039624453
0.040006973
0.042198457
0.042976324
0.041648522
0.03905544
0.04024163
0.0419413
0.044649087
0.044592317
0.044086296
0.042553145
0.042339657
0.041344162
0.043607086
0.043405008
0.044454098
0.04161638
0.04225773
0.04371438
0.045569375
0.043616127
0.042860277
0.04337442
0.04487708
0.044552784
0.044205204
0.042844888
0.043180726
0.042645168
0.04335494
0.043882124
0.044037104
0.048871435
0.047684252
0.04640418
0.04222985
0.043369446
0.042707585
0.04215602
0.040303204
0.042110253
0.043039814
0.04456914
0.043799095
0.042730056
0.04306246
0.043460015
0.04325296
0.042504296
0.042597733
0.04346748
0.044344332
0.043408472
0.043661192
0.043919254
0.04404758
0.043633115
0.041335344
0.04290904
0.043028455
0.045077655
0.04492368
0.04475416
0.046090953
0.044310395
0.043870803
0.043956835
0.04621044
0.045819625
0.043957476
0.043482963
0.042241983
0.042397954
0.042702045
0.04598449
0.045418758
0.046484552
0.045833774
0.04706043
0.04548666
0.045554847
0.04658942
0.045476846
0.04505098
0.043331075
0.045079276
0.046163395
0.04578638
0.04641284
0.0442677
0.04449748
0.04438429
0.045120765
0.046370666
0.045381997
0.048218507
0.046084575
0.047167983
0.044103086
0.045411974
0.043370157
0.04557989
0.046174124
0.048793484
0.04767927
0.047327477
0.043681677
0.044515412
0.043504234
0.046893336
0.048556227
0.0494378
0.047321282
0.044557836
0.044382308
0.04620807
0.046934012
0.0473753
0.045555275
0.044931084
0.042986955
0.042729758
0.04171498
0.044514976
0.04501043
0.046739686
0.04437799
0.045191266
0.044288624
0.04657233
0.048499934
0.049924392
0.048971947
0.046544634
0.045690242
0.046834975
0.04730638
0.04596641
0.04652645
0.04637234
0.047891412
0.05031118
0.049292892
0.04898691
0.044686075
0.045330413
0.04544219
0.044808406
0.04441803
0.044996746
0.04699472
0.048166946
0.04673016
0.045489017
0.04542262
0.045965713
0.047339574
0.046356823
0.045954145
0.04491063
0.04315871
0.042748384
0.04230828
0.042977355
0.04351071
0.043372188
0.04670139
0.047236703
0.048098724
0.048405454
0.05109345
0.05143398
0.049851272
0.04642139
0.047612395
0.04701831
0.049006123
0.046103157
0.047335505
0.046323348
0.050117567
0.051179938
0.05009691
0.047798444
0.047949914
0.048755433
0.04840822
0.047947884
0.047368847
0.047254536
0.044784013
0.04439996
0.044521797
0.045619458
0.046902902
0.04730492
0.046183087
0.04611836
0.045684192
0.04752229
0.046682745
0.04744411
0.047624476
0.048236903
0.047484584
0.047276296
0.048278086
0.04838512
0.047806952
0.04620663
0.043611318
0.04310234
0.043608733
0.049528
0.050773177
0.05086571
0.04601195
0.044265293
0.044794325
0.046259582
0.048386138
0.049282517
0.050440196
0.049735423
0.047330227
0.047955245
0.047820102
0.04828774
0.046305723
0.04449388
0.04664937
0.046231408
0.046892494
0.04438664
0.045296576
0.04567879
0.051805545
0.052378748
0.053291436
0.048828837
0.048355132
0.048730757
0.046941962
0.047132727
0.046741895
0.047884285
0.047844388
0.047829553
0.049166724
0.04798479
0.04645622
0.047530524
0.049101993
0.051279113
0.04836537
0.047253888
0.04762741
0.049140003
0.050126143
0.048519615
0.047821425
0.045886755
0.046293
0.045403592
0.045669064
0.047116835
0.04603374
0.045774397
0.045080453
0.046559867
0.04720097
0.04460558
0.044157997
0.044694595
0.046239663
0.04694838
0.048254315
0.04942597
0.04805441
0.047083598
0.045891453
0.047324143
0.045603994
0.046593633
0.046726514
0.048372287
0.046923187
0.045847654
0.044478923
0.04397896
0.045636974
0.04660457
0.04805232
0.0467185
0.047218148
0.04619123
0.045208994
0.043717496
0.043158457
0.043563858
0.044225097
0.04649427
0.04637113
0.047348607
0.04813302
0.049504675
0.04964434
0.047860038
0.046757538
0.043274753
0.041290242
0.042282484
0.043669146
0.043435134
0.044929698
0.049338408
0.052971505
0.049509697
0.044416994
0.042423908
0.0446523
0.04763564
0.047440197
0.04716325
0.044827245
0.045094445
0.042264886
0.04224889
0.04264216
0.042500764
0.044421144
0.04243753
0.044742435
0.040036667
0.040928766
0.041606154
0.045336645
0.044791948
0.04588532
0.04704802
0.04645485
0.041695733
0.04115562
0.040132143
0.043574058
0.041718394
0.046847764
0.046663795
0.046801053
0.045629784
0.045309402
0.046778616
0.045367476
0.045003366
0.042677898
0.042866707
0.042498413
0.044856492
0.044231735
0.043020822
0.041840024
0.040953312
0.043330975
0.044266745
0.04570659
0.04623274
0.049407165
0.052703887
0.051770326
0.048564885
0.044269197
0.046331976
0.046858568
0.047521483
0.046752833
0.04686099
0.047395863
0.044671804
0.04337898
0.041585937
0.04135249
0.042543672
0.042884428
0.044177525
0.042229254
0.040921293
0.043745127
0.04402918
0.045036234
0.04282447
0.04388399
0.04511173
0.043636695
0.04198828
0.040719055
0.039638717
0.039816074
0.04108162
0.042471994
0.042395234
0.042286236
0.04337846
0.043368116
0.043579116
0.04251244
0.042752035
0.045327313
0.045925196
0.045527123
0.042589616
0.04241868
0.04513548
0.045055293
0.044974033
0.04377257
0.04223391
0.040411208
0.040231794
0.041375753
0.045741726
0.045546994
0.046420492
0.043182593
0.04420548
0.044699486
0.04600813
0.04659665
0.04575693
0.04405593
0.041958544
0.04122926
0.04386846
0.044972345
0.04640774
0.045743864
0.04447341
0.043047726
0.041934308
0.0421463
0.043712847
0.04552913
0.046599794
0.04798925
0.046119273
0.04513322
0.04171033
0.04283452
0.042707738
0.044866595
0.046002008
0.045978367
0.04605549
0.04522889
0.045845903
0.044721216
0.04388355
0.044286557
0.04285433
0.04460815
0.043734003
0.04534903
0.04365706
0.044075076
0.044023193
0.043646596
0.042757586
0.04546019
0.04431139
0.045483142
0.042247303
0.048819523
0.049817234
0.049996585
0.045647934
0.044545136
0.04484749
0.044593506
0.044199817
0.04594834
0.04574095
0.04780777
0.048106972
0.049047694
0.04774668
0.047003094
0.04670679
0.047903553
0.04757385
0.04708186
0.04598746
0.044921186
0.043889742
0.042832047
0.044830393
0.045045722
0.048604425
0.047038168
0.049123872
0.046347767
0.046281684
0.04586895
0.044324372
0.045756716
0.04766718
0.048243348
0.048295774
0.045569956
0.04653897
0.044905983
0.045082834
0.044717673
0.046288826
0.047893967
0.048871867
0.04805905
0.04747549
0.046976667
0.04658109
0.047075763
0.04598433
0.045125388
0.044245146
0.046970982
0.04719672
0.04686158
0.04466295
0.044736035
0.045249917
0.046471972
0.047743008
0.047775038
0.048806623
0.04984335
0.0515975
0.050049014
0.047890138
0.045612436
0.04453303
0.04577137
0.044372067
0.045430113
0.047969606
0.050510567
0.05013445
0.047993165
0.049374245
0.048250493
0.046970703
0.04282339
0.044627238
0.047389477
0.048918303
0.05101272
0.048758097
0.047833808
0.044377
0.044877604
0.046246685
0.047316812
0.049480055
0.04944354
0.05164865
0.051551085
0.052756395
0.04990408
0.047204655
0.04818624
0.050833467
0.05125984
0.049214177
0.047285065
0.04691817
0.046316724
0.046914794
0.04592061
0.045841392
0.045258973
0.046225775
0.04695071
0.046713144
0.045711562
0.04731093
0.047121014
0.04730947
0.04517676
0.045185514
0.046078913
0.046340182
0.046099875
0.045622885
0.044988807
0.04694019
0.048137642
0.049683522
0.047824815
0.047856275
0.047073055
0.047303732
0.048734844
0.047892757
0.04928782
0.049732864
0.05013628
0.050572746
0.048214838
0.048690025
0.046763323
0.04635991
0.04669841
0.049486488
0.049157325
0.048141155
0.04758172
0.051411018
0.05347734
0.0516742
0.04983864
0.04838454
0.048663966
0.047531545
0.048834898
0.050324306
0.050309706
0.048943188
0.047927514
0.04656329
0.044602066
0.0466222
0.045541137
0.04831489
0.043698404
0.046393223
0.044857427
0.046502903
0.0448595
0.04518674
0.047072835
0.048024688
0.047640793
0.04715792
0.04703852
0.047757998
0.04746957
0.048078217
0.050497103
0.04846361
0.04970859
0.04535835
0.04695906
0.046579145
0.04890851
0.047954723
0.046357047
0.04450075
0.044716
0.045448147
0.04512991
0.0447942
0.042893704
0.045894697
0.047149774
0.048574142
0.046965357
0.04569369
0.0442187
0.043937385
0.043806687
0.04515088
0.044867057
0.046221387
0.047098532
0.04565938
0.0472941
0.047664993
0.049811248
0.04677314
0.04670511
0.0465539
0.046933006
0.047358956
0.047367994
0.047117535
0.045402676
0.047535423
0.048479736
0.047919728
0.045331553
0.04378808
0.04327111
0.043727174
0.04628022
0.047333844
0.048057817
0.046074025
0.044817667
0.04318095
0.046448737
0.04862252
0.047749635
0.044211585
0.04578587
0.047423948
0.04821329
0.04571586
0.04558525
0.044773433
0.043964427
0.044533096
0.044388637
0.043635376
0.0442245
0.044239923
0.04793702
0.048546456
0.051506083
0.04907466
0.048128255
0.04603009
0.045702346
0.044163458
0.043755427
0.044977836
0.044313487
0.045825787
0.045549758
0.04838468
0.04484293
0.044786412
0.04214006
0.045222055
0.043550223
0.045195416
0.04611744
0.050042734
0.04918135
0.046377838
0.0448359
0.04345076
0.04588309
0.045299444
0.047940493
0.048306458
0.046186812
0.045888107
0.0460577
0.04826884
0.047768142
0.04838464
0.04707205
0.04682769
0.044163793
0.044227332
0.0436968
0.045008488
0.04542456
0.04576017
0.045997284
0.0481775
0.048171874
0.047731727
0.047771394
0.0472225
0.047971897
0.048541736
0.050110985
0.049871057
0.04919146
0.047302317
0.047894467
0.047552593
0.048835263
0.048380326
0.049088035
0.05031477
0.050419375
0.048216857
0.05023196
0.052662306
0.05219364
0.048873015
0.04385406
0.04614822
0.04658743
0.046958383
0.04434798
0.04660039
0.046832565
0.05049796
0.049843848
0.05132642
0.047835514
0.04784186
0.046689462
0.045538925
0.041964605
0.04190204
0.04431385
0.04502083
0.043959603
0.04232893
0.043234244
0.044334468
0.04723953
0.046502315
0.04792619
0.046796042
0.04799721
0.04636244
0.046704385
0.048780147
0.048561748
0.04833641
0.04616379
0.04624441
0.044833507
0.043492083
0.043093614
0.04336266
0.043733
0.046340004
0.046918526
0.049132228
0.046626233
0.047826804
0.048715774
0.052823633
0.049056064
0.04644553
0.043050285
0.04630215
0.0473842
0.047850497
0.047825456
0.048699576
0.050290085
0.051200107
0.04993786
0.049558327
0.050189856
0.051174093
0.052991457
0.053053796
0.052375015
0.0510104
0.05149535
0.051308103
0.050142303
0.048145782
0.048368514
0.049771465
0.0518941
0.049827196
0.048071947
0.045453053
0.045406107
0.045490075
0.043393325
0.04424027
0.04478195
0.04820577
0.04952719
0.052605916
0.055096976
0.054153245
0.05038934
0.04745803
0.049320064
0.052579317
0.052870676
0.05234999
0.050784834
0.0506753
0.050824363
0.050841965
0.05021667
0.054351587
0.05456007
0.05492062
0.05398387
0.053182654
0.053353075
0.049866024
0.049481776
0.047519717
0.050186165
0.05473255
0.057017777
0.05753283
0.053588673
0.056064207
0.05510193
0.055955246
0.05636325
0.054884464
0.055624552
0.054310355
0.054738432
0.05505002
0.053269546
0.053658105
0.053581268
0.05447595
0.05362962
0.052714914
0.054403413
0.055975128
0.056987885
0.05484013
0.052226905
0.050561745
0.048179135
0.049320046
0.04710912
0.048687257
0.048578087
0.05047581
0.052770697
0.0526377
0.05187553
0.05206307
0.05296603
0.054776464
0.054504894
0.052700795
0.051732317
0.050352618
0.05242585
0.050986547
0.05134184
0.050028585
0.051353555
0.051568538
0.055531345
0.055712387
0.05775858
0.058722276
0.056731332
0.05566053
0.05219066
0.05528155
0.054213233
0.05508463
0.05411322
0.052485358
0.051153243
0.049589843
0.050543096
0.05126107
0.053636827
0.051823553
0.05115947
0.048144832
0.049616244
0.048286993
0.04982253
0.050803512
0.055231646
0.05471328
0.05157007
0.049623094
0.05220651
0.056398816
0.05410475
0.054551523
0.055090185
0.056851756
0.05380609
0.05186928
0.0492552
0.05343929
0.056257848
0.06017887
0.05706205
0.056274258
0.052984774
0.054199025
0.05325532
0.054757573
0.056598574
0.05688546
0.057840623
0.05660902
0.05725764
0.05527681
0.059281055
0.05882666
0.05866039
0.054926045
0.050748877
0.0526902
0.052051846
0.054671362
0.054420073
0.052767735
0.053495124
0.051879242
0.05232304
0.051682618
0.050554574
0.051430367
0.050422825
0.052492555
0.051833652
0.053162154
0.05130455
0.05054296
0.051827576
0.05489975
0.05729777
0.05646998
0.054650005
0.05273828
0.05389973
0.052404985
0.051672902
0.04839746
0.04983357
0.050168045
0.05147356
0.052216556
0.0513492
0.050540354
0.051070824
0.051521994
0.053571865
0.052573144
0.054437064
0.05584144
0.05428825
0.053321805
0.0508009
0.05131846
0.050732307
0.04961818
0.052470095
0.052858926
0.05299814
0.050641123
0.05002712
0.054256868
0.05420929
0.05540966
0.0529047
0.05267678
0.053044386
0.052026846
0.05526474
0.05490145
0.054330397
0.052525837
0.052427582
0.0523266
0.05144314
0.049958043
0.053337183
0.052317116
0.0515247
0.049185593
0.05144815
0.050978042
0.050157066
0.04886529
0.04956048
0.048925743
0.047514077
0.047123045
0.046066605
0.04491147
0.04720964
0.047385953
0.051504113
0.05028889
0.05118893
0.04740789
0.047337506
0.049791962
0.048962332
0.050801065
0.04885633
0.050176796
0.046344697
0.046832103
0.04749663
0.050086413
0.046860587
0.046856865
0.045572564
0.045833316
0.048022375
0.04687561
0.046244033
0.04374128
0.044657107
0.046667073
0.046586473
0.055014394
0.05528286
0.053845577
0.047624454
0.045238923
0.047081143
0.047668774
0.050035566
0.050937086
0.045741897
0.044115867
0.04274016
0.047188316
0.049899742
0.0504931
0.046907835
0.046333417
0.04238879
0.044557147
0.045377117
0.04747767
0.045167644
0.04334481
0.04465929
0.047203097
0.04726293
0.04741293
0.04661023
0.046888195
0.04553142
0.046516318
0.04604154
0.045432568
0.04510022
0.04484611
0.047018413
0.04829608
0.047251612
0.046045445
0.04516553
0.04678638
0.047555093
0.047270343
0.05055744
0.05100989
0.04979584
0.045589596
0.042434458
0.041936606
0.0425321
0.04392632
0.043932967
0.04186625
0.044844225
0.047520816
0.048867725
0.046949882
0.04467203
0.047194798
0.045565277
0.04735626
0.04721437
0.049201667
0.04693439
0.044655487
0.04676993
0.047191087
0.04878684
0.046433453
0.046854313
0.047419623
0.047121584
0.046726346
0.043767873
0.04644516
0.048364967
0.04897765
0.048685648
0.047789194
0.054393966
0.05333773
0.051260684
0.04518023
0.044807464
0.048508342
0.05138527
0.050900616
0.048099685
0.046664774
0.04745296
0.049050756
0.04934492
0.05206844
0.052188642
0.05079631
0.04890251
0.048645347
0.05072736
0.050477248
0.049928162
0.049345475
0.05023516
0.048654504
0.046740863
0.043658804
0.047850672
0.048800766
0.04984792
0.04718831
0.046729397
0.047395166
0.050558146
0.05107878
0.048055504
0.044232287
0.044045363
0.046623923
0.048211865
0.048289403
0.046826974
0.048363727
0.05043359
0.054777216
0.052934982
0.051734895
0.04887395
0.049844366
0.050720546
0.050083913
0.049194112
0.04979352
0.052357703
0.052336916
0.0512583
0.049106583
0.049926955
0.050271858
0.05176326
0.053205036
0.050369844
0.05041118
0.04865363
0.050404858
0.050850455
0.05269379
0.054078624
0.053300712
0.051505946
0.04924001
0.047216877
0.04524537
0.04926851
0.05164444
0.054571956
0.05349827
0.0536323
0.052534685
0.053600658
0.053632665
0.05417755
0.050746422
0.04851878
0.045590375
0.046298165
0.04744022
0.051659137
0.05201345
0.05442439
0.05078454
0.050797306
0.04927724
0.050449327
0.05103846
0.050192896
0.05001402
0.04834809
0.046965085
0.051103003
0.050872575
0.053064514
0.0515741
0.05338626
0.052525982
0.051708084
0.051286675
0.05376458
0.053851884
0.05462719
0.05266926
0.053182803
0.052137878
0.05157704
0.050411176
0.050857786
0.05407614
0.0555403
0.05417309
0.049472444
0.04497338
0.049208965
0.052024215
0.054934718
0.053687483
0.051276688
0.050992616
0.053167228
0.059341617
0.058778662
0.054019593
0.04794374
0.04726286
0.044829708
0.045619212
0.04617606
0.050949637
0.049340133
0.05096245
0.04855177
0.05303304
0.048387155
0.04970284
0.046890315
0.049051624
0.04896575
0.047497254
0.04893194
0.04780703
0.050232667
0.050614446
0.05292804
0.051187593
0.051395103
0.051956285
0.052227344
0.054149207
0.054592323
0.054646
0.052649476
0.050170396
0.051257323
0.050842367
0.04946574
0.048770458
0.045233965
0.04486017
0.045658913
0.049981557
0.05235021
0.05294079
0.05127285
0.048652075
0.050400734
0.04958289
0.052582346
0.051423233
0.05496284
0.05229263
0.050047487
0.04796651
0.05074998
0.05285529
0.0543347
0.05448233
0.05216299
0.049605362
0.04560561
0.048436522
0.051247623
0.052405532
0.04981081
0.050963275
0.05078535
0.05031141
0.048694044
0.050863136
0.052477304
0.05288941
0.05226986
0.049623616
0.05858365
0.056445275
0.05954913
0.049865786
0.05138759
0.052862287
0.05165321
0.051869195
0.05099852
0.052735455
0.054115843
0.05224692
0.049398456
0.048246633
0.04920842
0.052714635
0.05304032
0.051293723
0.050231185
0.049598094
0.04904598
0.04853472
0.049195338
0.05078481
0.051848404
0.05133971
0.053580966
0.05174075
0.051038615
0.05077363
0.05274174
0.05461129
0.052640934
0.050690938
0.05100289
0.052880563
0.051457968
0.048920482
0.0476008
0.048021507
0.051748626
0.052478954
0.05500014
0.054100696
0.055469356
0.052768525
0.049881496
0.049557056
0.054039016
0.058019444
0.054867037
0.052050114
0.050971184
0.04970006
0.052100323
0.048165157
0.05028508
0.046305057
0.04943777
0.047930278
0.0479169
0.048082773
0.05094599
0.052887835
0.052267037
0.053591304
0.05148499
0.049878918
0.04888016
0.051827587
0.051972955
0.04888819
0.04647829
0.047223743
0.04746776
0.052125975
0.051061057
0.052047916
0.051536914
0.053077262
0.05345872
0.050953083
0.051392306
0.048399024
0.047703996
0.04792458
0.05243353
0.051179767
0.048450153
0.043096963
0.044539563
0.04659869
0.047166515
0.04780798
0.04716832
0.05151661
0.052241825
0.050217915
0.05003533
0.04550602
0.045898158
0.042566363
0.04610147
0.04880021
0.051286127
0.051384024
0.049018025
0.046660013
0.045567576
0.045977667
0.048724104
0.05000218
0.04884412
0.046487138
0.04528163
0.04680641
0.047644332
0.04708669
0.04580856
0.04583868
0.044496577
0.043306563
0.043204866
0.042101208
0.04278041
0.045091245
0.045642268
0.045468483
0.04377888
0.04316709
0.042370655
0.04346873
0.043116186
0.04468718
0.04443921
0.045099974
0.044270646
0.04570396
0.047678024
0.047809098
0.046786975
0.047511015
0.04814221
0.05038394
0.049474366
0.048146877
0.04482595
0.04328479
0.044887967
0.04654724
0.044832498
0.04484675
0.044252083
0.04574338
0.04377753
0.045193776
0.047341418
0.05100808
0.05182757
0.050873563
0.049537715
0.048672203
0.05293686
0.050559558
0.05331213
0.050274763
0.05251234
0.04975178
0.04628502
0.043358635
0.044131927
0.04326487
0.04566823
0.04509672
0.044275843
0.04480934
0.0484645
0.049425423
0.048183322
0.046940908
0.047318157
0.047416665
0.049812518
0.049798146
0.046792775
0.046993475
0.043376148
0.048770573
0.05233527
0.04995213
0.046667047
0.04725454
0.04770648
0.046910945
0.04515344
0.047582813
0.048125453
0.049973764
0.046095602
0.050817143
0.046104413
0.047614858
0.047839206
0.050681185
0.050139435
0.04748089
0.044809844
0.047553256
0.048182387
0.051475506
0.047721848
0.045763858
0.043852504
0.045173336
0.046221763
0.05082441
0.05187195
0.048362125
0.05003979
0.046944246
0.04748492
0.047364525
0.05149739
0.053846527
0.05291373
0.054048903
0.05067601
0.049154866
0.045167617
0.04594377
0.04683504
0.046972107
0.047721174
0.04549659
0.04375557
0.04586656
0.049792547
0.051687174
0.05399543
0.050566632
0.049711283
0.0494844
0.04981604
0.049324654
0.05047186
0.05168116
0.05463504
0.05253426
0.051805295
0.050907176
0.049681757
0.050209228
0.050519887
0.053649977
0.05165733
0.050280273
0.04715002
0.049070768
0.050625794
0.05065177
0.052247584
0.049797952
0.051500898
0.050200287
0.052639797
0.051740758
0.05198688
0.051795125
0.051261075
0.05093916
0.046408422
0.048233066
0.048892297
0.05247103
0.053220794
0.051705416
0.05464763
0.051108927
0.05455917
0.052262094
0.056543
0.050207254
0.051201176
0.051390853
0.05500733
0.050809905
0.050311457
0.047516227
0.050945546
0.053808227
0.055964652
0.057382524
0.05896431
0.054903734
0.051624004
0.047850177
0.047811482
0.05115641
0.0530716
0.05326314
0.05015587
0.051084608
0.052226037
0.055063277
0.05241468
0.05329668
0.050567392
0.049456432
0.051600702
0.051200505
0.05451451
0.056249607
0.055998795
0.05534868
0.05352403
0.048912305
0.04888893
0.048629876
0.049453266
0.051429715
0.054592013
0.053084828
0.05322083
0.056647286
0.058920264
0.058340136
0.05328581
0.05155311
0.049635287
0.05145593
0.053026684
0.052715525
0.05180094
0.052433174
0.053233746
0.055695187
0.053704422
0.052656915
0.051713336
0.053911526
0.05505767
0.055526495
0.058513757
0.06072516
0.05893963
0.05714039
0.05333398
0.052931853
0.054535337
0.057842333
0.06259951
0.06151915
0.06496617
0.06174865
0.05972974
0.05475916
0.060616907
0.06369582
0.06668008
0.06380789
0.059420854
0.05566226
0.05044368
0.050024036
0.051403068
0.051612508
0.05076953
0.054430347
0.053895786
0.064218454
0.057854127
0.06587567
0.057601333
0.05931713
0.054055016
0.052006673
0.052006833
0.050661374
0.050580136
0.050601535
0.050833713
0.051428378
0.050442483
0.05134031
0.051445596
0.050713487
0.056031168
0.056519885
0.06339652
0.06005984
0.06251614
0.06223625
0.06496782
0.06417696
0.06372922
0.060876835
0.062091496
0.059675578
0.067687824
0.06322591
0.06348767
0.05721206
0.05684183
0.061654698
0.063538544
0.064889885
0.057989344
0.05434087
0.05570947
0.057171967
0.05985354
0.06092811
0.06056963
0.06013555
0.0623625
0.06353098
0.061448906
0.061703436
0.06431625
0.06539123
0.05840858
0.0587687
0.057707343
0.06226186
0.05594994
0.057616226
0.058448777
0.06398222
0.06293637
0.06458031
0.06684848
0.07231007
0.068309434
0.06789595
0.06526407
0.06890354
0.06649389
0.06435763
0.06601876
0.06544316
0.07105019
0.0668548
0.068216145
0.06324385
0.06299731
0.060204748
0.06342706
0.0656617
0.06410372
0.060985763
0.06090243
0.06516319
0.06898572
0.06597595
0.06607041
0.06267307
0.06526807
0.065640815
0.066180535
0.06400266
0.059488196
0.061414905
0.0631978
0.06557023
0.061478328
0.06492969
0.06506929
0.07141706
0.06828191
0.07213988
0.06855209
0.0665549
0.062416073
0.05744161
0.059997868
0.061428186
0.061662797
0.0574901
0.057088662
0.056247365
0.059381038
0.056710184
0.05713279
0.057222962
0.05895042
0.05435976
0.052397404
0.052480265
0.05135189
0.052357096
0.05229613
0.05248124
0.052514333
0.051086232
0.051566817
0.05287214
0.05077428
0.053752843
0.054494675
0.05452366
0.057761993
0.05709147
0.055619355
0.052639686
0.052303612
0.052705336
0.054826688
0.05840596
0.05950244
0.058653984
0.05512417
0.054340385
0.0552978
0.058411013
0.059344273
0.05677026
0.053627826
0.054600652
0.054034486
0.053774472
0.056279838
0.05899341
0.05941942
0.06192043
0.056622926
0.05323814
0.049334303
0.048237983
0.050401125
0.05315988
0.058000006
0.053851023
0.05289117
0.049088288
0.04548459
0.045652807
0.045994382
0.047592286
0.051477455
0.051397752
0.049619507
0.048756186
0.04597744
0.04534499
0.04626807
0.048434347
0.048932366
0.05136839
0.050064817
0.05423895
0.05563606
0.05943658
0.06447277
0.05941216
0.052145336
0.049411774
0.045931235
0.04471635
0.046246383
0.047096983
0.048263814
0.048479833
0.04675128
0.047593545
0.049461
0.05026393
0.049304854
0.049898025
0.04851784
0.04409994
0.044082735
0.0450098
0.045982845
0.046564385
0.048843194
0.04977082
0.047453176
0.04806339
0.048154645
0.045925085
0.04330756
0.04707107
0.044241976
0.04759773
0.048495576
0.048428584
0.046322018
0.04860176
0.046167087
0.04608524
0.049155124
0.050845906
0.04872639
0.046992034
0.04564629
0.040753968
0.039963625
0.041058265
0.040516336
0.04168225
0.049445454
0.04842471
0.048632853
0.049552154
0.051504426
0.04329826
0.0427811
0.04138742
0.03996982
0.038182832
0.046930175
0.04953926
0.051363297
0.05407705
0.05564672
0.048381835
0.045222532
0.04295293
0.04184216
0.039278887
0.036397263
0.035458226
0.03544357
0.034891456
0.033006273
0.033622257
0.03545985
0.03744081
0.03672391
0.03602153
0.0370643
0.037074536
0.038263325
0.037993927
0.03642539
0.03839044
0.03845168
0.039562605
0.03787276
0.036958493
0.038132753
0.03875672
0.03809429
0.039723296
0.040243413
0.039888296
0.0389987
0.038713787
0.039006673
0.03800151
0.037371404
0.03713651
0.035569996
0.035446063
0.03479128
0.035038438
0.03610557
0.035794307
0.035916794
0.03709895
0.040071383
0.042433172
0.039680537
0.040900864
0.040745396
0.039462034
0.038468845
0.036763143
0.037579432
0.037135456
0.0372846
0.03805766
0.038586292
0.03818359
0.03724146
0.03678767
0.037529662
0.0366966
0.036147393
0.03454329
0.034569386
0.033709068
0.03462298
0.034014992
0.034016423
0.034077693
0.03441493
0.03522472
0.035348367
0.03521766
0.034807272
0.035423554
0.036299605
0.03749537
0.03650661
0.037645817
0.036617137
0.038079847
0.038540058
0.037920292
0.036858827
0.038471527
0.0393783
0.04109003
0.040214043
0.039588306
0.04151045
0.04191141
0.040264025
0.041363962
0.04147979
0.040250633
0.04010801
0.040714353
0.041695863
0.04159198
0.041718245
0.040501583
0.041269552
0.041916426
0.04136165
0.04060741
0.041717798
0.04142362
0.041466735
0.04040582
0.041309036
0.042394165
0.04416724
0.043337617
0.04307067
0.04347389
0.04082547
0.039140735
0.037955362
0.03813229
0.03885245
0.03927173
0.0414236
0.044024743
0.043159664
0.04356141
0.0416154
0.04621665
0.045145176
0.045265682
0.04501224
0.046637297
0.04253791
0.042632986
0.0421519
0.042211674
0.04202419
0.041365717
0.0424989
0.042431112
0.041309506
0.043346167
0.04296376
0.04184755
0.039188582
0.0391802
0.039525118
0.039537672
0.04006258
0.039413415
0.03903331
0.041218385
0.042656828
0.041686088
0.04324638
0.043521028
0.043333948
0.043410175
0.045305494
0.04366062
0.042397797
0.04312563
0.042215023
0.042253837
0.041833382
0.044603482
0.04188707
0.041888967
0.042120032
0.044536117
0.04295389
0.04367164
0.044314407
0.045240734
0.042559553
0.046429887
0.04751051
0.047046766
0.04457598
0.04341674
0.04410825
0.042230625
0.042124774
0.042542342
0.043792818
0.044333134
0.0437289
0.04360627
0.04421958
0.043877974
0.046982866
0.045417614
0.049607724
0.049939767
0.05061893
0.049887642
0.05124614
0.04722612
0.047314264
0.04682259
0.04462327
0.04339619
0.04292641
0.044772327
0.044321846
0.044043086
0.04497368
0.046832755
0.044668052
0.04508446
0.046012625
0.04621352
0.047633316
0.047459073
0.050241116
0.049592875
0.049168903
0.04679022
0.04871247
0.046085708
0.04653724
0.043725446
0.043638017
0.0434667
0.04326085
0.043126374
0.04502333
0.04387202
0.042375665
0.043809682
0.043450158
0.04434358
0.04560604
0.04859761
0.047844496
0.04622818
0.04492104
0.04631223
0.04660535
0.047579855
0.047342192
0.048631348
0.049284797
0.050610863
0.05217013
0.052608225
0.051910326
0.048318136
0.046760596
0.044491492
0.044330407
0.04501598
0.046997584
0.04587464
0.046299268
0.044606883
0.04429793
0.044449877
0.044124264
0.043266516
0.043572847
0.04429569
0.041922282
0.042123523
0.040774953
0.0410258
0.040468697
0.038321618
0.038731277
0.040635936
0.03953132
0.04057762
0.04035322
0.04203433
0.04528885
0.045271166
0.045434535
0.042519327
0.041738313
0.04204365
0.04239385
0.04235663
0.041510034
0.042746805
0.043399587
0.044071533
0.044049066
0.04175367
0.042395502
0.04081996
0.04089318
0.04149774
0.041949105
0.0427313
0.041476227
0.040985834
0.042811472
0.043688625
0.04253634
0.040692437
0.038968127
0.041386187
0.041212883
0.04038525
0.038151424
0.037306234
0.04016031
0.040418174
0.04008017
0.040390722
0.04094397
0.04242014
0.04460412
0.04293709
0.042731892
0.04341025
0.041553736
0.040381163
0.040540416
0.040105697
0.039806016
0.04006917
0.03989144
0.041689385
0.04305287
0.043114584
0.043299776
0.042212646
0.042992875
0.043576714
0.043761708
0.04434548
0.045074873
0.047146767
0.046583764
0.04512779
0.045358226
0.044925064
0.04491701
0.043489058
0.04360384
0.044782788
0.04518645
0.045094624
0.04514209
0.043389846
0.04357883
0.04386275
0.04176441
0.042293064
0.042036325
0.04207237
0.043136083
0.04457715
0.044081435
0.046202004
0.045780227
0.04485807
0.045675807
0.045585435
0.043741412
0.044536304
0.041978747
0.043174624
0.04531315
0.04444875
0.044504292
0.04608619
0.047885258
0.04555291
0.04480588
0.044812277
0.044784293
0.045485035
0.043889195
0.043821126
0.044700198
0.045138985
0.04389361
0.044656955
0.044961557
0.04780384
0.04791857
0.04746708
0.048057273
0.048299756
0.04732615
0.04848801
0.04953371
0.049630396
0.0489161
0.050207574
0.050562397
0.051291965
0.05088656
0.051850144
0.05177933
0.051467452
0.050330892
0.04865537
0.049098533
0.0494009
0.049952447
0.052922275
0.051982377
0.052077822
0.053332206
0.051602513
0.04993116
0.052051984
0.051793296
0.053620264
0.051040553
0.052761033
0.050332524
0.0492114
0.048872758
0.04959595
0.049274646
0.048621736
0.04999292
0.051561423
0.05459829
0.05678948
0.056254912
0.057058085
0.057802577
0.054141134
0.054700684
0.055629853
0.054707818
0.053788424
0.055249717
0.05428984
0.053566117
0.054280657
0.053790666
0.051835496
0.054047666
0.053910635
0.05495618
0.0569104
0.060003147
0.0587351
0.05910586
0.055867657
0.053607646
0.051193424
0.05069901
0.051573157
0.05288733
0.05016914
0.052460313
0.052860793
0.052706316
0.052804872
0.05561024
0.056657393
0.056477156
0.05737133
0.05983482
0.06058967
0.05873265
0.05878624
0.057069205
0.057159718
0.05561228
0.054382157
0.055812895
0.055038568
0.052937984
0.054523256
0.055774126
0.054828744
0.057033177
0.05606664
0.05684402
0.052836854
0.05233698
0.052529022
0.051516023
0.05036295
0.05115242
0.053457998
0.051236022
0.052272696
0.05411886
0.057807457
0.05627809
0.057613794
0.054954067
0.055589944
0.055179983
0.05483299
0.056246
0.057572868
0.0576233
0.05452314
0.053625844
0.052088056
0.05204463
0.05146039
0.052292395
0.055278942
0.053827453
0.054873433
0.055045895
0.05751703
0.05478258
0.053051114
0.053803094
0.05463864
0.057552468
0.058781568
0.058683764
0.058863368
0.057023954
0.05634088
0.054927573
0.054299366
0.05488105
0.055857692
0.054031182
0.056535423
0.058932707
0.0555852
0.05550116
0.05548908
0.054193947
0.052208535
0.053161927
0.05501937
0.054080974
0.05308066
0.054617118
0.053149745
0.053773582
0.053195085
0.050909422
0.051407993
0.049227435
0.05131361
0.051625285
0.05114123
0.0530683
0.05242502
0.054252278
0.055382576
0.056183945
0.05576724
0.054629426
0.054806057
0.05453059
0.054602627
0.054322038
0.05471047
0.05532288
0.056283955
0.056817364
0.054239947
0.054771096
0.056299407
0.05804733
0.056988034
0.060769398
0.05959029
0.06065486
0.05903566
0.05651495
0.056814577
0.055847883
0.05442593
0.052387364
0.055911947
0.056966536
0.05799853
0.059692647
0.05882505
0.05827918
0.056094848
0.05521805
0.05609835
0.0565266
0.05750954
0.059305657
0.058100034
0.056643803
0.056960203
0.054535627
0.054129448
0.05293287
0.052951064
0.055428974
0.05664253
0.0572678
0.058667455
0.05972782
0.05878112
0.054552026
0.054252423
0.052810818
0.05133457
0.050696515
0.052085053
0.05395443
0.05514317
0.054761883
0.058264457
0.05639071
0.05506385
0.05661063
0.057405155
0.057972956
0.059174936
0.060603146
0.061768357
0.05768358
0.059021506
0.05866934
0.0665061
0.07046377
0.07014777
0.06891502
0.0684365
0.062086757
0.059759717
0.063256286
0.06194925
0.06661386
0.0631679
0.06094822
0.059614282
0.061913066
0.059929036
0.06164752
0.062775224
0.06321965
0.061873015
0.06468837
0.06442042
0.06664285
0.06643236
0.06786191
0.06558003
0.06701128
0.06412818
0.06367117
0.063398555
0.06614454
0.06525035
0.06670302
0.06642209
0.068594545
0.06548791
0.06328875
0.06353981
0.06329564
0.059934217
0.06271636
0.06830246
0.06747945
0.068525806
0.0703505
0.06703352
0.06104868
0.062776916
0.06340198
0.060296778
0.0590435
0.062307723
0.05943788
0.06109019
0.061370943
0.061793465
0.06480727
0.06530414
0.06753705
0.06683379
0.069732144
0.06464756
0.06614336
0.06468435
0.06631816
0.06854263
0.06909088
0.07004604
0.071575664
0.07017645
0.067970246
0.0704676
0.06847426
0.06817512
0.066814356
0.063149184
0.063941605
0.06566105
0.068019435
0.06932623
0.07086479
0.06812
0.06811193
0.06336032
0.061992023
0.063675895
0.0645688
0.06621028
0.06568027
0.06718054
0.067947134
0.06855883
0.06693165
0.06877965
0.06869611
0.06707682
0.06408553
0.06133113
0.061407544
0.058082018
0.057380207
0.05768473
0.05933615
0.06329341
0.06345764
0.06646692
0.06551434
0.06319577
0.060027145
0.06102167
0.059848726
0.05995199
0.061552294
0.066288255
0.069718435
0.0676638
0.06845589
0.06556096
0.06535384
0.06301538
0.06459292
0.06286824
0.06456223
0.0682444
0.069093764
0.07060367
0.07091002
0.06982141
0.0666448
0.0675775
0.06477208
0.06566758
0.067635186
0.0676731
0.06430611
0.06526516
0.06599809
0.06706236
0.063776955
0.06623302
0.06838393
0.06738976
0.06552753
0.06839379
0.06670418
0.0659231
0.06488212
0.0641839
0.062338293
0.060196582
0.05881367
0.056064155
0.055804852
0.05616627
0.05754437
0.057493735
0.05704591
0.05823858
0.060348928
0.059231725
0.058771044
0.061787978
0.06030432
0.062970094
0.06302028
0.0635931
0.06607035
0.068363294
0.06859813
0.06777858
0.06780118
0.0666756
0.06784456
0.06574251
0.06545773
0.066823624
0.061333988
0.05952031
0.058272175
0.059629858
0.06294103
0.06620346
0.06684609
0.06947488
0.06911154
0.07088882
0.06703575
0.06859327
0.06795011
0.06431682
0.06166708
0.061463635
0.06301152
0.0622299
0.06282037
0.06279001
0.067730755
0.06831754
0.065110154
0.065202
0.06485787
0.06366102
0.0630606
0.063119136
0.0630131
0.06170468
0.06075292
0.06042637
0.06157817
0.063539654
0.061905917
0.059426453
0.061717603
0.06253977
0.06418121
0.064228706
0.06148492
0.063026555
0.06629791
0.06618339
0.064530246
0.06456185
0.0655241
0.06687222
0.06657462
0.065365344
0.065920494
0.06301817
0.060316507
0.057715975
0.058516238
0.056103818
0.055303317
0.054855846
0.058334894
0.06105239
0.06260564
0.06215658
0.06472358
0.063906185
0.062177584
0.058481835
0.0568114
0.056834105
0.056564797
0.0568631
0.05892
0.05885908
0.061884888
0.062849306
0.06516215
0.066885844
0.0667129
0.06749624
0.0713938
0.07478116
0.07277189
0.06851407
0.06879639
0.07198849
0.069705114
0.068163894
0.06895639
0.07342178
0.07202706
0.067812756
0.062785804
0.06347363
0.06379039
0.062947184
0.06195901
0.06289676
0.06110718
0.06463102
0.06535743
0.066739455
0.070276216
0.07459053
0.07742774
0.07473667
0.07455043
0.07332028
0.06892797
0.06515732
0.06567114
0.06674696
0.066473216
0.06528988
0.06644792
0.06827453
0.06859989
0.06951115
0.0702021
0.07093349
0.07087101
0.07315158
0.07523554
0.07238633
0.07649955
0.07678953
0.08085059
0.079297096
0.08276089
0.084418125
0.075760156
0.076312944
0.075505085
0.07534805
0.071649335
0.06969287
0.07208716
0.07078485
0.073809035
0.07411432
0.07710627
0.08118808
0.07883634
0.08289014
0.07940746
0.07980206
0.07924239
0.08718719
0.08175699
0.082435824
0.081354916
0.08148451
0.07899506
0.075774185
0.076820455
0.07697645
0.07296317
0.07405321
0.07031323
0.07616406
0.07499905
0.07737835
0.080124736
0.07969808
0.08275275
0.079217166
0.08491645
0.08392654
0.08459662
0.08583663
0.085441485
0.08411621
0.08048793
0.07633131
0.073950686
0.07753226
0.080890454
0.08363107
0.09002264
0.08945284
0.09295776
0.08647366
0.080717206
0.08006159
0.08505505
0.08485499
0.08615925
0.087341666
0.085213564
0.08306202
0.08441535
0.08111603
0.08189856
0.07835254
0.07716634
0.07700878
0.0761678
0.07724245
0.07794976
0.08136216
0.08304916
0.08510376
0.083066
0.084111914
0.080275066
0.07968322
0.08097163
0.07846379
0.08039367
0.082282744
0.08246739
0.08198605
0.078728326
0.07558007
0.07826944
0.07545731
0.07574007
0.07459744
0.07540829
0.07609013
0.07881244
0.08313094
0.087265916
0.08597191
0.08391912
0.083191015
0.079688445
0.077262916
0.07402986
0.075756066
0.07605685
0.07759253
0.07719305
0.0778496
0.07937328
0.07821868
0.07896571
0.07900727
0.080161296
0.079741046
0.08061012
0.08208585
0.08278441
0.08291813
0.08395529
0.08522284
0.08961559
0.08430862
0.08312583
0.082933135
0.079332866
0.07784886
0.07622255
0.07627034
0.07453205
0.07268356
0.071965344
0.0747056
0.07810512
0.07806604
0.079302296
0.08265257
0.08284247
0.07949747
0.07765556
0.078234255
0.07674114
0.077644266
0.077246554
0.0752429
0.0776931
0.07655678
0.074416235
0.07410425
0.07346645
0.07394463
0.07500709
0.074479535
0.078278065
0.07819367
0.078835614
0.07969266
0.0803873
0.08131416
0.081375144
0.08215436
0.08280865
0.08294518
0.08467879
0.08145918
0.07873235
0.0782188
0.07583812
0.078139804
0.078047216
0.07536683
0.079825856
0.082544945
0.085121
0.08293362
0.080249675
0.080487475
0.08342867
0.081509024
0.083383456
0.08692488
0.09338696
0.0922963
0.08732917
0.085830264
0.08273517
0.0784661
0.07384519
0.076926686
0.08116217
0.081042744
0.08318836
0.083967164
0.085608244
0.087174006
0.085420296
0.083452925
0.084069625
0.081816696
0.08175596
0.08493561
0.083563656
0.08134032
0.08171414
0.08062397
0.08043469
0.0811749
0.08136877
0.08087216
0.08754963
0.088115506
0.0900232
0.09172564
0.09606788
0.09973768
0.09539778
0.089017026
0.08830535
0.08516263
0.08414445
0.08187695
0.08186848
0.082263224
0.08752175
0.090419695
0.09312204
0.09307971
0.09604156
0.1001264
0.10042909
0.102195784
0.10794677
0.10907506
0.1063151
0.10573651
0.10235416
0.105495065
0.10472371
0.11564217
0.11090848
0.11370348
0.115401216
0.106329635
0.10398643
0.10015958
0.10261946
0.108694375
0.114814274
0.11339806
0.113013156
0.11163767
0.10843888
0.10161787
0.099934116
0.102533065
0.10258839
0.10800763
0.10501435
0.1039689
0.1068086
0.10270508
0.10764784
0.11299389
0.10957159
0.1054336
0.1045725
0.10179194
0.10223706
0.09886594
0.099683106
0.098218106
0.099072576
0.10091643
0.10277146
0.09853241
0.10132574
0.101855084
0.10228816
0.10019912
0.09954571
0.095251165
0.09836946
0.09413457
0.09650869
0.09891228
0.1030385
0.10809961
0.102304764
0.10311659
0.10563649
0.10061394
0.10173903
0.09734821
0.09500323
0.10010902
0.0971695
0.095517606
0.100325316
0.09931874
0.10368078
0.10903586
0.109835684
0.11662368
0.117530756
0.11493309
0.11334613
0.11026525
0.10580502
0.10156636
0.096131526
0.09694346
0.10214754
0.1000313
0.10134683
0.09556579
0.09438831
0.09803509
0.096102476
0.093794465
0.090406016
0.08873861
0.09210532
0.09471729
0.091271296
0.09176762
0.08602161
0.088382885
0.08968976
0.08831489
0.08505931
0.089062296
0.09027593
0.0897152
0.091710754
0.09130401
0.095373064
0.09532517
0.089893125
0.086105816
0.08545408
0.08433791
0.083336264
0.08356785
0.081198975
0.082978025
0.085022375
0.08618767
0.08799623
0.08842796
0.09170124
0.09172026
0.09151465
0.08996942
0.08922845
0.08593589
0.08827803
0.08808489
0.08583289
0.08894424
0.09111546
0.09081597
0.091716334
0.088459305
0.09051677
0.092647105
0.09008298
0.09944164
0.09769731
0.09991914
0.101769716
0.10124459
0.09879081
0.101357244
0.09319848
0.09548004
0.09545833
0.095715284
0.09692534
0.09801208
0.09888902
0.09544518
0.096615784
0.093845055
0.09353993
0.0935683
0.09120187
0.09083818
0.08922429
0.087043956
0.08845134
0.09017173
0.09299054
0.09341279
0.09645482
0.0918927
0.09565621
0.099107355
0.09825136
0.09743205
0.09338342
0.091671005
0.09540271
0.0915179
0.08853821
0.08855878
0.08415109
0.081893645
0.08314985
0.0867791
0.08777054
0.089770906
0.08886001
0.08992213
0.09349426
0.101719245
0.101473846
0.09858641
0.09519944
0.09478436
0.0972326
0.09938999
0.09761765
0.09175093
0.09029276
0.0897361
0.08920425
0.0870587
0.08700468
0.08360468
0.085264005
0.08022069
0.08007378
0.07922932
0.080501385
0.079057686
0.08223323
0.081580244
0.08131614
0.07645064
0.078312315
0.07712115
0.07852038
0.07816422
0.076420605
0.076428175
0.07640407
0.07485824
0.07445602
0.077209
0.079515815
0.079043746
0.07917021
0.08034593
0.07859222
0.0803976
0.0826037
0.08422676
0.085065685
0.08787686
0.086314276
0.08489901
0.08138636
0.08391288
0.08187744
0.081459194
0.079143666
0.08008142
0.08172781
0.08128518
0.083335616
0.084071025
0.08189937
0.09533207
0.09356481
0.09518005
0.0930746
0.09230208
0.09145628
0.093004495
0.094234765
0.09575628
0.09329001
0.085877776
0.08575953
0.0851078
0.08339051
0.086731255
0.08457729
0.0858938
0.08894036
0.08916018
0.08879803
0.08652178
0.086102016
0.08649504
0.08627002
0.086844906
0.08278366
0.0838128
0.080248915
0.081505045
0.08060676
0.08141669
0.08211351
0.08540026
0.084361866
0.081307605
0.0825487
0.084871784
0.08221676
0.08399172
0.08474687
0.084543325
0.08291324
0.08248304
0.079232514
0.08100551
0.08261636
0.08236147
0.079177655
0.079128794
0.079448186
0.07892413
0.0790858
0.07932125
0.08366358
0.08450496
0.08422142
0.08325208
0.08238493
0.08236754
0.082416914
0.08228047
0.08300567
0.082563974
0.08258137
0.08040284
0.08233469
0.08401781
0.08575431
0.08468919
0.0849895
0.08570171
0.08721517
0.085167326
0.08487903
0.083981544
0.084163986
0.08826092
0.08753754
0.08795473
0.09115338
0.09645617
0.09730224
0.09892166
0.10245828
0.10679173
0.10613566
0.10151948
0.1020256
0.09857296
0.09731394
0.09122682
0.08758286
0.08439416
0.08265373
0.08209127
0.084165044
0.084160954
0.082027376
0.0832058
0.086223185
0.08555667
0.08764611
0.088772744
0.092555135
0.09533055
0.09962883
0.10046262
0.10036387
0.10374115
0.107082576
0.10594894
0.11810616
0.11705667
0.116550215
0.11104771
0.111962296
0.11028893
0.106260516
0.104122914
0.101803005
0.10240456
0.09357559
0.096459836
0.09634284
0.097756155
0.096991986
0.097588435
0.101790026
0.100859866
0.099418566
0.09777357
0.09546278
0.09406777
0.09035822
0.08777014
0.09012413
0.09186723
0.091491826
0.08853188
0.08331866
0.08454835
0.082921535
0.08383689
0.08400753
0.08526085
0.086288676
0.08558757
0.083968565
0.080933854
0.080180146
0.07805648
0.076419346
0.07586905
0.07661196
0.074862815
0.075739175
0.07451279
0.078460224
0.07829133
0.076260895
0.07689375
0.07949869
0.08111491
0.08115032
0.079215
0.08073848
0.079207756
0.08036861
0.08063453
0.08147577
0.08456338
0.08590848
0.08125959
0.081258036
0.085681796
0.083886705
0.081603564
0.07985487
0.08290897
0.085074596
0.085352205
0.08726091
0.0877048
0.087129086
0.085666515
0.08748109
0.08537405
0.08601008
0.0862892
0.08212081
0.086543836
0.08677025
0.08873687
0.0842101
0.08266231
0.079169616
0.079616725
0.077810034
0.08035766
0.08136667
0.082065135
0.08002568
0.08168293
0.08332563
0.0851021
0.08483679
0.087154925
0.086633384
0.09313779
0.0948776
0.09957668
0.09800794
0.10113015
0.10286476
0.103027225
0.108610995
0.10741822
0.1060201
0.10395055
0.105394825
0.10560917
0.11064994
0.10516324
0.10364576
0.10159529
0.1016908
0.1042207
0.100682184
0.09839491
0.09381157
0.09323627
0.09398092
0.095507644
0.09444852
0.09501964
0.09241464
0.09140648
0.094673775
0.09921554
0.10000968
0.10032214
0.099065065
0.10218208
0.1077702
0.11162942
0.11525563
0.112210155
0.11175564
0.11196175
0.11343767
0.11998562
0.118333966
0.11991378
0.12240991
0.123309955
0.122763686
0.121648334
0.12045632
0.11774976
0.117088646
0.122649826
0.12336796
0.12184235
0.12605612
0.1263453
0.12506644
0.12960446
0.1265949
0.13011546
0.13340132
0.1378774
0.1421185
0.14173363
0.14499478
0.15337467
0.16120848
0.16664839
0.18668623
0.19274153
0.2004167
0.19893675
0.1984214
0.19616176
0.20304526
0.19284461
0.1944294
0.18922384
0.1807797
0.18007989
0.16346666
0.16299748
0.16779104
0.17166416
0.1776049
0.19732401
0.19577084
0.18585509
0.18364114
0.1838295
0.18883276
0.1897592
0.1994707
0.19830334
0.19630477
0.19463842
0.19283387
0.18279764
0.19181105
0.18883201
0.19159432
0.18542074
0.18779777
0.1918316
0.18723635
0.18879873
0.18354772
0.18857594
0.19538718
0.19659081
0.20234162
0.20870091
0.21562847
0.20964484
0.21381724
0.21192226
0.21257584
0.21193688
0.22439362
0.22418886
0.2240424
0.22976452
0.23105788
0.2269463
0.22849369
0.22240755
0.22027276
0.22162788
0.22745845
0.22141708
0.21760903
0.22004156
0.22012764
0.21087629
0.2034884
0.20546812
0.20551401
0.21145816
0.221165
0.21084513
0.2102631
0.21631257
0.22688983
0.22794335
0.231289
0.22700849
0.22750284
0.23533218
0.2391107
0.23991796
0.24980757
0.24263874
0.24926808
0.25195974
0.25265712
0.25287566
0.26278996
0.25118294
0.27096248
0.28212497
0.28016105
0.28662312
0.27133915
0.2498745
0.24895227
0.23632409
0.24343331
0.24559203
0.24040686
0.23452145
0.23165716
0.23766904
0.24453959
0.25969538
0.2687318
0.2923653
0.32904616
0.34581885
0.38680524
0.38364282
0.39127323
0.42768845
0.43524563
0.43192807
0.4042612
0.37736106
0.36711413
0.3544219
0.35669705
0.36717972
0.35010093
0.34308323
0.3325718
0.32976174
0.32600594
0.3415761
0.3392783
0.3455641
0.35239926
0.34053567
0.34438035
0.34972933
0.33275086
0.31732094
0.30578515
0.29530716
0.30541888
0.30545953
0.31682387
0.32296503
0.309359
0.32393128
0.3227426
0.30813178
0.3087296
0.3088443
0.31554222
0.31293425
0.30357504
0.30801404
0.31387484
0.32389322
0.3238618
0.32958537
0.32719055
0.3220966
0.31176504
0.29678097
0.29776552
0.3007288
0.29678935
0.2885734
0.2802861
0.27477112
0.2790887
0.2871609
0.28301212
0.28374276
0.2773312
0.2785035
0.27174425
0.27315325
0.2814397
0.29303357
0.29927805
0.29750672
0.30851138
0.30182028
0.29806006
0.29536158
0.29812697
0.29739687
0.29739687
0.29739687
0.29739687
0.29739687
0.29739687
0.29739687
0.29739687
0.29739687
0.29739687
0.29739687
0.29739687
0.29739687
0.29739687
0.29739687
0.29739687
0.29739687
0.29739687
0.29739687
0.29739687
0.29739687
0.29739687
0.29739687
0.29739687
0.29739687
