524.8041
116.25175
68.642944
55.32178
47.224934
41.24591
36.56636
32.738937
29.510693
26.670856
24.18711
22.072077
20.23584
18.518833
17.015646
15.707016
14.532792
13.460384
12.531037
11.644825
10.867173
10.148231
9.490218
8.90312
8.419261
7.8743052
7.452496
7.0709143
6.704745
6.305529
6.0063906
5.7416735
5.450039
5.1925817
4.9800687
4.7236967
4.581294
4.3216896
4.1805243
4.00543
3.8330927
3.748773
3.5773673
3.475603
3.3440363
3.1992824
3.123098
3.0206237
2.9225528
2.8616383
2.7550027
2.7098222
2.609232
2.5409918
2.4808407
2.409238
2.3614595
2.2976046
2.267836
2.2062752
2.154072
2.126383
2.0603034
2.0020578
1.9877492
1.951885
1.9023578
1.8710753
1.8244971
1.8180902
1.7600933
1.7509503
1.710987
1.675583
1.6373093
1.6281967
1.6151147
1.5761939
1.5496465
1.5426856
1.5237309
1.47498
1.4651412
1.4629103
1.4316872
1.4094144
1.3830496
1.3552212
1.3868486
1.3497993
1.3322669
1.3146269
1.2913415
1.2892252
1.2732923
1.2516942
1.2293484
1.230033
1.2207068
1.2544152
1.1915207
1.2353315
1.1644039
1.1587868
1.1494753
1.1291727
1.1431236
1.1067481
1.1206745
1.1159636
1.1017474
1.0763457
1.0663592
1.0904324
1.0694486
1.0752487
1.0507348
1.0380061
1.0366673
1.0346578
1.0351338
0.99741805
1.0118954
1.0063022
0.9849657
0.9920071
0.96461207
0.9795973
0.9563269
0.96599346
0.994489
0.945213
0.9434122
0.9471926
0.9574697
0.94848806
0.9114783
0.93121207
0.904084
0.91624784
0.9095643
0.8965747
0.90061814
0.87959427
0.88170063
0.89690113
0.85534036
0.8523404
0.86682653
0.8597677
0.8749502
0.85866004
0.8828307
0.83490086
0.86345744
0.8340779
0.83375955
0.8377435
0.8257646
0.8330516
0.8100293
0.8284473
0.8108349
0.8057056
0.81483346
0.79653686
0.80083805
0.7934411
0.79585916
0.78893983
0.7959891
0.7823632
0.79813033
0.7717417
0.7742669
0.79020995
0.77345824
0.76056266
0.76225567
0.7566852
0.7635608
0.772826
0.7571724
0.7613115
0.7786206
0.7783045
0.75174725
0.73910403
0.7410283
0.74501246
0.74523944
0.72568643
0.7325085
0.73762095
0.72559613
0.73453325
0.7264439
0.70876557
0.7283891
0.7197147
0.72390336
0.71825325
0.71815985
0.7020877
0.7233678
0.699917
0.70416963
0.71030146
0.698108
0.68835735
0.70358545
0.68534315
0.68669224
0.6919567
0.68119895
0.6713967
0.69259745
0.67957443
0.6748958
0.67004794
0.6922195
0.6856994
0.6706933
0.66025823
0.6640518
0.6639528
0.6500681
0.6606052
0.6531118
0.6598805
0.65929246
0.66146165
0.6556578
0.647319
0.65241057
0.6433716
0.6402603
0.6531463
0.6382417
0.6475087
0.6509386
0.6497168
0.64170694
0.63484436
0.6292126
0.6193771
0.6313751
0.6471827
0.6291722
0.630768
0.6411247
0.6307576
0.6310339
0.6269438
0.6386453
0.6391998
0.62221116
0.6131433
0.6174314
0.6118068
0.6335795
0.6273875
0.62868047
0.6175237
0.61180997
0.62960744
0.64983726
0.60587674
0.620078
0.61618304
0.61518896
0.5999442
0.5996571
0.60723716
0.6097374
0.6088445
0.60361916
0.6004103
0.58945256
0.59860575
0.6089814
0.6031789
0.5958627
0.59940404
0.59379786
0.5889208
0.58634394
0.5939608
0.59037495
0.58586603
0.5917263
0.5907039
0.5897491
0.59634215
0.5933427
0.58662736
0.5804331
0.5885549
0.58593297
0.5841463
0.5882967
0.5830228
0.58857924
0.5884033
0.5851855
0.5890926
0.58421224
0.5872596
0.5902553
0.5770758
0.58332235
0.5801685
0.58529687
0.57213247
0.5696346
0.5739068
0.57734406
0.57952124
0.5766729
0.56977767
0.5732768
0.55930257
0.5637362
0.56782097
0.5667082
0.5609946
0.55581045
0.55317986
0.55888706
0.5679219
0.5627872
0.5514474
0.55424494
0.5571464
0.55769104
0.56001383
0.55130047
0.55754834
0.54645276
0.54899836
0.550432
0.5555856
0.5616476
0.55200744
0.5545292
0.5599513
0.5605683
0.54583085
0.5576898
0.54719895
0.55385983
0.55433095
0.54207313
0.53921604
0.5431729
0.544448
0.5443985
0.5434292
0.54332197
0.5408579
0.5382924
0.5460461
0.54196966
0.5535507
0.5388375
0.5459679
0.5313413
0.539558
0.5323254
0.5420996
0.53815
0.5422523
0.53357995
0.5332575
0.52881473
0.5364436
0.54298025
0.5307907
0.5351931
0.52853996
0.52043945
0.517288
0.5184449
0.52884936
0.531045
0.52037305
0.52451265
0.52081096
0.5207387
0.5238793
0.51605004
0.51953125
0.5140505
0.5112924
0.5221888
0.5117776
0.51647055
0.50515664
0.5242541
0.50745934
0.5153626
0.5104443
0.50963265
0.509863
0.50783354
0.5104855
0.51421297
0.5151129
0.50473446
0.5147063
0.5108341
0.49940655
0.51188403
0.50413513
0.5010643
0.50446546
0.49425507
0.4973992
0.49822408
0.51069003
0.50769913
0.5046789
0.49667922
0.50138897
0.4956594
0.5003363
0.5071912
0.50269204
0.49827647
0.49328405
0.49538755
0.50232583
0.49235266
0.4877421
0.4997771
0.49486086
0.4922058
0.4925947
0.49558482
0.50194055
0.49195734
0.49256688
0.4879531
0.4911712
0.49865574
0.4950688
0.5022327
0.48417595
0.49117106
0.47378933
0.49069062
0.48258993
0.48906803
0.4829834
0.49436325
0.47930115
0.48662582
0.4785637
0.4928316
0.4776509
0.4736241
0.48075205
0.48308325
0.48556212
0.4786881
0.4854255
0.48196718
0.47782698
0.474913
0.4857734
0.47764876
0.47827637
0.47867122
0.47936022
0.47221032
0.4606654
0.4661781
0.47204903
0.4625587
0.46555433
0.47467235
0.47075137
0.46486372
0.46156904
0.46474758
0.46626815
0.46755314
0.46909934
0.4678792
0.4689985
0.4615336
0.46480447
0.46140373
0.4677977
0.45914692
0.45832193
0.46203166
0.46409494
0.45036122
0.4708273
0.46726272
0.45918053
0.45807546
0.45247754
0.45331496
0.4515441
0.45429254
0.45440438
0.4522852
0.4613164
0.46350583
0.45276603
0.4554648
0.45487085
0.4633442
0.45326516
0.45603657
0.450875
0.4515006
0.45460522
0.45499453
0.45300588
0.4502734
0.45513186
0.4463317
0.44838578
0.4371715
0.44664818
0.44467142
0.44866136
0.44050717
0.44577587
0.44671357
0.4419968
0.43981752
0.44295827
0.4417139
0.44400635
0.44783965
0.4483005
0.43475658
0.4447264
0.4348603
0.44495684
0.42997587
0.44648567
0.4365404
0.44194886
0.44188327
0.43330947
0.44082233
0.44021603
0.43872276
0.4419206
0.43161976
0.44213584
0.4375038
0.43301576
0.4332466
0.44127396
0.43347982
0.43920898
0.43631098
0.43143207
0.43437332
0.42967197
0.42991525
0.43846256
0.42261863
0.44217867
0.43300337
0.4262358
0.4329032
0.4248058
0.42570817
0.4272721
0.43158397
0.42112842
0.42525604
0.42405686
0.42070317
0.41687635
0.41992128
0.4221631
0.4121573
0.41459122
0.41437918
0.41904205
0.40995044
0.40566424
0.41056132
0.40941805
0.40977764
0.4145653
0.41294268
0.4212615
0.40862653
0.40953943
0.41105005
0.4023162
0.40621367
0.40942678
0.40470883
0.40933242
0.41120905
0.4037474
0.3988474
0.404975
0.40374255
0.39909506
0.39830357
0.39899454
0.4149135
0.41056505
0.3965328
0.40210935
0.39540508
0.4053083
0.3994073
0.39430633
0.4035759
0.39205644
0.39864573
0.38892758
0.39803165
0.39956304
0.39570203
0.39279768
0.3942158
0.39131665
0.3989798
0.38250685
0.38811246
0.39082474
0.38800925
0.39077005
0.38963252
0.37860796
0.3875154
0.38069063
0.38966742
0.38551888
0.38938266
0.38333994
0.38334814
0.3796965
0.38624135
0.3954121
0.3663246
0.38674718
0.38053048
0.37951705
0.3816421
0.39216587
0.38550183
0.37657985
0.37750235
0.37095085
0.38211834
0.38033313
0.3800193
0.3774769
0.36126453
0.37460342
0.37410596
0.37437233
0.36852178
0.3729055
0.37768972
0.3800223
0.37427402
0.3744366
0.369589
0.37137997
0.36418366
0.3690652
0.3662184
0.3604561
0.36223906
0.3703523
0.3673835
0.37240136
0.36557892
0.3662191
0.3638653
0.36504224
0.3672303
0.36539286
0.35849744
0.36578223
0.37012407
0.36210394
0.36422455
0.363873
0.36240903
0.369988
0.35962877
0.35948694
0.35902008
0.35383844
0.3562018
0.35734618
0.36433747
0.35352036
0.36544317
0.35534185
0.36111802
0.35091013
0.35697445
0.36321452
0.35953927
0.35325685
0.35660616
0.35670033
0.36051422
0.35441905
0.35162422
0.35350382
0.35331243
0.35016447
0.35603878
0.3502751
0.3480759
0.35433838
0.36073032
0.35562947
0.35655808
0.35539067
0.3498829
0.35729975
0.35193032
0.34737927
0.35624418
0.34630933
0.3428008
0.34772468
0.34597072
0.34687942
0.35234496
0.34574312
0.34201175
0.34585306
0.34805545
0.34005168
0.34304762
0.33602872
0.3351552
0.33545974
0.3441579
0.3388287
0.33098158
0.3345592
0.34338486
0.33462152
0.32918954
0.32893866
0.3404421
0.33531982
0.3346273
0.3311041
0.32429287
0.32351813
0.33672002
0.32505488
0.3318004
0.3256532
0.3310486
0.32192573
0.32068262
0.32554978
0.31693035
0.3268632
0.32498753
0.32917416
0.33101687
0.32976896
0.32210562
0.32173237
0.32509413
0.32132864
0.32458174
0.32650602
0.32181913
0.32393798
0.32750747
0.32515982
0.31293473
0.32235652
0.3207616
0.32683256
0.31590733
0.3221823
0.321646
0.32096696
0.32056004
0.313336
0.3150732
0.31248218
0.31645986
0.31694245
0.31569773
0.306315
0.31046507
0.3133562
0.32263765
0.31483734
0.30927998
0.3151223
0.31249636
0.3119747
0.3194248
0.31183347
0.30610862
0.30741698
0.30826285
0.31196055
0.30193618
0.29760978
0.31042233
0.306198
0.30238208
0.3009183
0.30528295
0.30916768
0.30182996
0.29578516
0.30524567
0.29753628
0.30990928
0.30026495
0.28615203
0.29089305
0.29789647
0.3002345
0.29141825
0.29615706
0.2882687
0.29055482
0.2893635
0.29248148
0.28550285
0.29399756
0.28721195
0.29962134
0.28808132
0.29639226
0.2905724
0.2893796
0.28814435
0.29540336
0.2872301
0.28858742
0.2908993
0.28778538
0.28177008
0.28999218
0.29251078
0.2838098
0.28555048
0.28282112
0.2887616
0.28257492
0.2843733
0.28295538
0.28123206
0.2776327
0.28695655
0.2777817
0.2811933
0.27187592
0.28138402
0.2781664
0.27745226
0.28115892
0.28183454
0.2658738
0.27758852
0.27417362
0.2849823
0.27377155
0.27611196
0.27690914
0.27474406
0.28405264
0.2767388
0.27926984
0.27045345
0.2710945
0.27708966
0.2718081
0.27255496
0.2813429
0.2743596
0.27050185
0.27617484
0.27643323
0.26425987
0.27914286
0.2717129
0.28258446
0.27059668
0.28503814
0.26886874
0.28737018
0.2684051
0.275083
0.26676607
0.26894024
0.26968178
0.27316198
0.2716034
0.27861813
0.2721354
0.2664785
0.27083394
0.27340543
0.2643353
0.26185092
0.26030165
0.2638237
0.2652161
0.2670795
0.25875616
0.26262265
0.26806945
0.26332545
0.26320967
0.26681954
0.25731423
0.260538
0.2597557
0.25691506
0.2593394
0.26383558
0.2566776
0.26025525
0.2607749
0.2560399
0.2602194
0.26017466
0.2563928
0.26599655
0.26134238
0.26118448
0.25664964
0.26002616
0.26376647
0.25962433
0.24959499
0.26348963
0.25792035
0.25416005
0.26181298
0.25424647
0.25220293
0.2634846
0.2670376
0.25716633
0.25084862
0.25680947
0.26177213
0.25808674
0.25160804
0.26227078
0.2577354
0.25675297
0.25780413
0.25072774
0.25223175
0.2638031
0.26016027
0.25396803
0.24865383
0.25869334
0.2553654
0.2468905
0.24955061
0.26175192
0.25691223
0.2557043
0.25756955
0.25687268
0.25488997
0.25213373
0.2534039
0.2444769
0.25414667
0.2508327
0.24911915
0.24713857
0.24961644
0.24628292
0.2519911
0.24510466
0.24730226
0.24386692
0.25234917
0.24914944
0.24952072
0.25337225
0.24996445
0.25193155
0.24270168
0.24747522
0.24595447
0.24889655
0.24545465
0.23840651
0.24990633
0.24631767
0.24827299
0.24520841
0.24244373
0.24136788
0.23605901
0.2537401
0.23824613
0.24126592
0.24383657
0.24473476
0.24740823
0.2441095
0.2442468
0.24729277
0.25090382
0.2437837
0.23903137
0.23447478
0.23769605
0.23662767
0.24639125
0.24216957
0.24631366
0.23024102
0.23736852
0.23313195
0.24180678
0.23826206
0.24725433
0.23795314
0.23083012
0.23756929
0.23861982
0.24098194
0.23247598
0.24355024
0.23678432
0.23225023
0.23565818
0.2380305
0.23555012
0.24108903
0.23642796
0.23443936
0.2379429
0.23486611
0.23641907
0.23328511
0.23476331
0.23869854
0.24069038
0.24092853
0.23769766
0.23140633
0.23739046
0.23626715
0.23232454
0.23972933
0.23765074
0.2306277
0.2278016
0.23368622
0.23614684
0.23286709
0.24249113
0.23590507
0.2328299
0.23317601
0.2321137
0.22880772
0.23573868
0.23397253
0.23525375
0.2231245
0.22568795
0.23020522
0.23399451
0.23728734
0.22641486
0.2205985
0.23695022
0.22359338
0.2293997
0.2314687
0.22907478
0.22359194
0.23186591
0.2279122
0.22390431
0.22888786
0.22181769
0.23454447
0.22142649
0.2272232
0.22127075
0.21984233
0.22527808
0.2185254
0.22404298
0.21959566
0.22134432
0.21897629
0.22117215
0.22254455
0.21526451
0.218829
0.21767575
0.2266101
0.2170711
0.21983989
0.2169693
0.21723136
0.21482895
0.21870951
0.22081436
0.22563784
0.21691132
0.22141984
0.22576147
0.23011467
0.21478182
0.21907663
0.2229886
0.22172967
0.22274663
0.2224845
0.21541648
0.22140834
0.21659687
0.22385836
0.21961053
0.21733452
0.21835066
0.21397717
0.21375218
0.2199172
0.21444874
0.22060062
0.22387788
0.2195746
0.21358259
0.21531923
0.22203088
0.21721631
0.20891623
0.21682866
0.21412633
0.21799608
0.21825811
0.22177406
0.21539734
0.21184576
0.21991313
0.21861833
0.21831091
0.21140306
0.20969774
0.21528213
0.21501738
0.21071751
0.21235976
0.21146215
0.2098643
0.21868162
0.20731544
0.21291594
0.21359824
0.21108009
0.20123878
0.21945126
0.209184
0.21097842
0.20976771
0.21100527
0.20999674
0.21220042
0.20822455
0.2101391
0.21332212
0.2061071
0.2038154
0.21378121
0.2162787
0.20624532
0.20302102
0.21324264
0.20864585
0.21410932
0.21109244
0.2058082
0.20718652
0.21228808
0.21390626
0.21116424
0.20934024
0.21112293
0.21381195
0.21051013
0.2213305
0.2040504
0.2099086
0.20419972
0.20682868
0.20278862
0.20903693
0.20482741
0.20967948
0.2009837
0.20338418
0.20042354
0.19889124
0.20281842
0.21328017
0.20701645
0.19898461
0.20294407
0.20008422
0.20250404
0.20179856
0.2103501
0.1944816
0.20010923
0.20438223
0.2037797
0.19894817
0.2031789
0.1977161
0.20201434
0.20408079
0.2021635
0.19908096
0.19531548
0.19114304
0.19385523
0.20396712
0.20291078
0.20234549
0.19958708
0.20155273
0.20024851
0.19574429
0.19314057
0.19627659
0.19451883
0.19490002
0.19914046
0.19581428
0.19389917
0.19308317
0.19488029
0.18900573
0.19975455
0.18786563
0.1952574
0.19884667
0.19186334
0.1966629
0.18524733
0.1951659
0.19536349
0.19143003
0.1873665
0.18922493
0.1892385
0.19058743
0.18950906
0.1942302
0.18896711
0.18834999
0.19200511
0.19513439
0.1967282
0.19389431
0.19140752
0.19653466
0.19284332
0.18921508
0.18302377
0.18793389
0.19158302
0.18340427
0.19670923
0.19230144
0.19811566
0.19130427
0.192358
0.18821956
0.19102263
0.18722092
0.19249538
0.19239916
0.18769863
0.18753466
0.18449776
0.18658438
0.18631437
0.18886615
0.1907746
0.18184009
0.18594636
0.18436004
0.18656006
0.18408266
0.18299396
0.18779364
0.18112637
0.18883158
0.18518214
0.18601158
0.18831736
0.18316585
0.17941083
0.18286528
0.18624616
0.188709
0.18554696
0.18719348
0.18434386
0.17708331
0.18692
0.17719167
0.18528229
0.18324494
0.18891715
0.18530296
0.18263352
0.18645655
0.18572079
0.18130961
0.1789833
0.18747929
0.1803699
0.1814006
0.17925748
0.18325491
0.17942417
0.18095101
0.17715988
0.18237756
0.18228696
0.17842802
0.17781802
0.18052907
0.18571903
0.18441865
0.18283243
0.18028718
0.17654209
0.18578142
0.18541595
0.18194266
0.18058272
0.17895856
0.17720516
0.17872821
0.18116853
0.1729341
0.17759861
0.17875338
0.17691144
0.17625868
0.17196624
0.17289981
0.17878187
0.17304197
0.1732788
0.1736111
0.17600064
0.17742595
0.17457744
0.17722079
0.17653699
0.1742973
0.17422447
0.17260475
0.17602229
0.16877058
0.17004077
0.16755836
0.18120377
0.1704361
0.17926462
0.17349534
0.17153926
0.16785799
0.17669165
0.17389004
0.1796961
0.17875189
0.17434378
0.17255908
0.17048262
0.17452414
0.1766911
0.17198408
0.16986458
0.17625839
0.17252207
0.16861542
0.17365424
0.16753632
0.17629081
0.17492294
0.16995245
0.16680284
0.16561134
0.17558533
0.17136121
0.17544109
0.17381096
0.16582386
0.17516646
0.17270069
0.1695802
0.1649525
0.17173703
0.16704908
0.16273606
0.16488379
0.16842128
0.17057385
0.16549176
0.1648744
0.16970132
0.17263298
0.16251843
0.16497427
0.1619207
0.17009473
0.16957735
0.16640571
0.16752668
0.16012138
0.1685064
0.17362367
0.16781934
0.16681823
0.17046556
0.16923843
0.17249931
0.1771004
0.16807881
0.1646781
0.1581727
0.16179661
0.16588145
0.17143296
0.16779436
0.15902126
0.16714358
0.1690844
0.15932679
0.1687969
0.16830869
0.16157839
0.16231118
0.16480419
0.1633081
0.17226699
0.16299649
0.1584681
0.16484362
0.16637407
0.16637029
0.16624573
0.16184174
0.1597014
0.17224294
0.16549146
0.16074674
0.16559987
0.16451898
0.1634825
0.16323052
0.16089831
0.164257
0.1631148
0.16755442
0.16161147
0.16567758
0.17064302
0.16057342
0.16064799
0.16430517
0.16380605
0.1667554
0.16361858
0.16665287
0.15808167
0.16820182
0.16262421
0.16873568
0.16838656
0.16388357
0.16366212
0.16401432
0.16568895
0.16525841
0.1597273
0.16830306
0.16602613
0.16920277
0.16351303
0.16488364
0.15991843
0.1690083
0.1674062
0.17782514
0.16213611
0.15974039
0.16576573
0.16097558
0.16279532
0.16323575
0.16401272
0.16715194
0.16372176
0.16045499
0.1591376
0.15822686
0.16724072
0.16612785
0.16112825
0.15871455
0.15825057
0.16344666
0.15988925
0.16425261
0.16460882
0.15622675
0.15172543
0.16497315
0.15775882
0.16081712
0.15279886
0.15637477
0.15591338
0.16081789
0.15912959
0.15861844
0.15748781
0.16775036
0.15449502
0.15720336
0.15332712
0.16272171
0.1530877
0.15919505
0.15628257
0.15400034
0.16235226
0.15535127
0.15503302
0.15209092
0.148732
0.16061799
0.1672477
0.15758727
0.15980712
0.15380263
0.15929936
0.15511817
0.15777738
0.16010492
0.16202223
0.14457203
0.15323068
0.16772133
0.15004294
0.15923017
0.1522853
0.1563816
0.15683387
0.15378599
0.15450625
0.16016887
0.15698086
0.14896567
0.15040001
0.15207142
0.14818214
0.15223727
0.15248811
0.15266556
0.14853254
0.15322083
0.15018487
0.15779622
0.15815848
0.15422286
0.14858788
0.16168958
0.14865544
0.14451565
0.15379733
0.14648294
0.15301192
0.15207623
0.15565349
0.15555575
0.15434954
0.15611319
0.15053421
0.15525855
0.15742905
0.14670724
0.14968796
0.15020227
0.15325052
0.15418175
0.15469271
0.14495112
0.14891276
0.14663902
0.15332541
0.14363779
0.15333204
0.14689246
0.14935885
0.15149324
0.14959882
0.15322293
0.15090773
0.15117599
0.14831053
0.14813401
0.14757143
0.14648123
0.14798321
0.14957134
0.14661548
0.14979258
0.15182196
0.1458217
0.14741468
0.14613487
0.14889053
0.14829165
0.15324919
0.15722157
0.14589497
0.1440899
0.14686906
0.14240278
0.15337811
0.14925984
0.14287606
0.1453225
0.15159272
0.15269181
0.15272585
0.1503055
0.15021229
0.14121749
0.15097123
0.14855479
0.14785093
0.15311606
0.14862238
0.14126895
0.14508285
0.14714529
0.1562169
0.14133187
0.14452519
0.16253234
0.14250258
0.15201549
0.15427577
0.13916388
0.14830866
0.14914586
0.13759305
0.14430183
0.15200557
0.15195061
0.1468728
0.14731598
0.14979433
0.14819293
0.14736304
0.14387292
0.14937708
0.14755228
0.14807843
0.1536002
0.15155566
0.15065885
0.13883005
0.14642355
0.14557321
0.1436183
0.14523661
0.14680994
0.14403333
0.1416223
0.14719655
0.14057243
0.14303486
0.14082271
0.1527036
0.14540917
0.14140435
0.15642254
0.1424357
0.14705089
0.15363793
0.14276995
0.14976206
0.14706133
0.14179897
0.14384817
0.14753556
0.14034568
0.14220731
0.1427322
0.14816196
0.14853244
0.14632834
0.14017598
0.14436178
0.14489286
0.14667988
0.13644774
0.13666227
0.15033035
0.14274791
0.14149737
0.14113574
0.14096929
0.14241114
0.14217523
0.14474083
0.14494038
0.14528383
0.14322712
0.13877676
0.14347517
0.14525174
0.14012861
0.13713716
0.14165202
0.14035696
0.14742836
0.14187038
0.14832427
0.1476233
0.1389825
0.13904482
0.14187454
0.14246023
0.13964915
0.14597644
0.14745224
0.13901936
0.13933684
0.14500602
0.14243127
0.14477518
0.14424774
0.14143828
0.1409725
0.14291167
0.1431039
0.14497767
0.14652847
0.13955535
0.14446986
0.13625689
0.15213539
0.13990647
0.14073937
0.14493792
0.13420354
0.14359881
0.13895369
0.14271975
0.14581129
0.14408185
0.13958715
0.14009388
0.14278907
0.1428857
0.14067261
0.14416175
0.1456848
0.14093104
0.14100607
0.14048792
0.14023764
0.14630644
0.14484766
0.13691531
0.14041725
0.14093798
0.14226234
0.14210242
0.14482136
0.14966993
0.14281254
0.13806777
0.13941436
0.138403
0.14129142
0.13829428
0.13855986
0.13385716
0.13496019
0.14029774
0.13857825
0.13564348
0.14439534
0.14006616
0.13616838
0.14234652
0.14094457
0.14304614
0.14078179
0.13926393
0.13742124
0.14183253
0.13781174
0.14326
0.14188436
0.14026262
0.14152186
0.13984938
0.13740173
0.1413567
0.14120868
0.13489975
0.13984041
0.14975764
0.13428614
0.14174706
0.140825
0.14867127
0.1381272
0.14084226
0.1473322
0.14337018
0.1458449
0.14093405
0.1399667
0.13801697
0.14257611
0.14210422
0.13645498
0.13831928
0.13902855
0.14357628
0.13257912
0.14617698
0.13511376
0.13923158
0.13781461
0.13651656
0.13905267
0.13532351
0.14436309
0.14280944
0.13565871
0.13550687
0.1413225
0.14161822
0.13737604
0.13935171
0.13150099
0.1425217
0.14415753
0.13390185
0.14245383
0.14060931
0.13912345
0.13700254
0.1394388
0.13631485
0.1451548
0.13998775
0.13702881
0.14242426
0.14054833
0.13394265
0.13745381
0.14221127
0.13894366
0.14144357
0.13614638
0.13722719
0.13267908
0.13640098
0.1398077
0.1364252
0.14172299
0.13385998
0.14550617
0.14210528
0.14172259
0.14086679
0.13289833
0.13068593
0.13435206
0.1365638
0.13470156
0.1395868
0.13438322
0.14145154
0.13679087
0.13508613
0.13582796
0.1373447
0.13774684
0.13625745
0.13619608
0.13108407
0.13669236
0.13760456
0.13639194
0.13522728
0.13133956
0.13881807
0.13437293
0.13023426
0.1358944
0.13869068
0.13131674
0.13063098
0.13371934
0.13966967
0.13590206
0.1370381
0.13093969
0.13823195
0.14031789
0.1342214
0.1365639
0.14075418
0.14140756
0.14256667
0.13304359
0.1348525
0.13542613
0.12787947
0.13454683
0.14447223
0.13874605
0.138163
0.13445002
0.1363251
0.14266115
0.13988116
0.13690285
0.14508678
0.13933083
0.13664724
0.13421124
0.13358241
0.13155274
0.13939197
0.13878696
0.13563205
0.12944695
0.13562863
0.14155477
0.13149923
0.1384594
0.13359356
0.131701
0.13761416
0.1341597
0.13439319
0.13691783
0.13322328
0.13269937
0.12952843
0.13518253
0.13811941
0.13288116
0.1332866
0.13727634
0.13908124
0.12975001
0.13273436
0.12880242
0.13220148
0.14482625
0.12973315
0.13367727
0.13387074
0.13287404
0.1350522
0.12838079
0.13669786
0.13011752
0.13450009
0.13286176
0.13336264
0.13405354
0.13683258
0.12329373
0.14076549
0.13760825
0.1360161
0.13780895
0.1335937
0.13252191
0.13271785
0.13584866
0.13420928
0.1322963
0.13341603
0.13703497
0.13536529
0.13721932
0.1347764
0.13040748
0.13151339
0.12426697
0.12808003
0.13932678
0.13580897
0.12844111
0.13315736
0.13323435
0.13765347
0.1426849
0.14520738
0.13203551
0.1314223
0.13078834
0.13463013
0.13385242
0.12407129
0.1377868
0.13529932
0.13782373
0.12849271
0.1315061
0.12387512
0.12827611
0.1318419
0.1342566
0.12748586
0.12519857
0.13488078
0.13156042
0.12844153
0.12823857
0.13556683
0.13249141
0.13158777
0.1298585
0.12970328
0.12870401
0.12953131
0.12620005
0.14010286
0.13281055
0.13597089
0.13365345
0.13234225
0.124879956
0.12767269
0.13521163
0.1298959
0.13163659
0.13278215
0.130952
0.13475533
0.13352035
0.123114504
0.1336702
0.12879445
0.13339171
0.13338254
0.12962687
0.124651864
0.13803416
0.12733705
0.12655802
0.12656598
0.13064069
0.13320191
0.13073844
0.13130435
0.12529182
0.13524806
0.12941305
0.12890552
0.1253011
0.12931454
0.13040948
0.13939463
0.1251952
0.124602884
0.12982342
0.1348204
0.12410784
0.1281473
0.12644212
0.12965745
0.13136384
0.12904188
0.12181295
0.13314763
0.123285346
0.12881619
0.13280825
0.13015604
0.12976575
0.13283074
0.12736683
0.12701705
0.1261543
0.12710342
0.12588288
0.13023186
0.12929308
0.12388379
0.12808153
0.13875464
0.12857273
0.1278254
0.1295498
0.13027652
0.12793833
0.12852043
0.12822622
0.12823637
0.12754044
0.13031006
0.13331263
0.120790325
0.13403095
0.13301356
0.12885375
0.13040751
0.12941296
0.12825826
0.13015828
0.12577645
0.13384698
0.12721266
0.13264424
0.1308659
0.12509328
0.13551773
0.12398284
0.13299371
0.13036177
0.12892927
0.13761753
0.1371016
0.12483995
0.1263044
0.12546328
0.12898163
0.12698373
0.12749228
0.13298143
0.13221717
0.12558003
0.13172694
0.124892615
0.12159439
0.123883046
0.13844983
0.128059
0.12426934
0.1307394
0.12481093
0.12924625
0.12144961
0.1220156
0.122458264
0.1221989
0.12602493
0.12320985
0.12882364
0.13443187
0.13284777
0.126924
0.12749523
0.12420706
0.12793496
0.12723833
0.11912845
0.12085595
0.12351054
0.12523007
0.12699479
0.12708092
0.12899147
0.12196985
0.12673339
0.13304901
0.1322057
0.13654463
0.12945506
0.12469066
0.12680997
0.1264744
0.12856911
0.1278309
0.1310118
0.119890444
0.13497531
0.12503335
0.13205144
0.1274211
0.12990825
0.1326312
0.12562063
0.13333689
0.12985991
0.13441555
0.12810972
0.12204898
0.13051768
0.12807767
0.12806518
0.13125181
0.12944996
0.1323999
0.122869916
0.12869902
0.12525108
0.13179265
0.1272743
0.1273964
0.121379904
0.13046746
0.13213204
0.12927619
0.12256639
0.13449605
0.12637343
0.12792613
0.13313028
0.1318301
0.13252707
0.12930068
0.12398381
0.12727647
0.120374136
0.13154572
0.13040282
0.12722285
0.1260801
0.13099824
0.13291134
0.12930152
0.13089463
0.12527424
0.13101858
0.129205
0.13121933
0.13202497
0.130047
0.12687625
0.1310032
0.12958123
0.12576957
0.12716158
0.13797891
0.12066753
0.1307406
0.13372742
0.13082395
0.13545668
0.12662706
0.12335086
0.13230498
0.13349386
0.12937468
0.12722744
0.13380265
0.13394287
0.12757723
0.12618688
0.134083
0.13435853
0.13127661
0.12714966
0.12788045
0.1300234
0.12390539
0.12339565
0.12626828
0.12538837
0.1269021
0.12986884
0.12951885
0.12385442
0.1352656
0.13256738
0.12433693
0.11728971
0.120641455
0.13040812
0.1290563
0.12528677
0.12507133
0.13088068
0.12886308
0.12806758
0.1298757
0.1284745
0.12521954
0.12883945
0.13324453
0.12371845
0.12595528
0.121609285
0.126826
0.13128716
0.12406965
0.1321152
0.12773393
0.12614581
0.12744564
0.123661555
0.13603145
0.12067243
0.12655303
0.12554583
0.12882903
0.12951115
0.12735929
0.1281816
0.12884994
0.12903301
0.12763168
0.13221493
0.12438524
0.12623128
0.12752777
0.1266653
0.13358314
0.12843966
0.12874185
0.12878972
0.12952684
0.12801084
0.12289093
0.12499646
0.12755743
0.12323927
0.12073802
0.12912801
0.12676494
0.1293694
0.12855321
0.12554197
0.12593152
0.1297786
0.12168379
0.13116139
0.1294554
0.1205552
0.12720309
0.13073336
0.13264781
0.120701686
0.12423582
0.12686028
0.1164727
0.124245815
0.12214765
0.12620951
0.12207481
0.13196763
0.12801762
0.13401738
0.1274198
0.12710492
0.12648927
0.12037234
0.12665349
0.12567629
0.12807424
0.12512928
0.13518406
0.126772
0.13508952
0.12930158
0.121409565
0.13512965
0.12555379
0.12309488
0.12646179
0.13091011
0.13007003
0.120987765
0.12879582
0.12810148
0.13297771
0.13040382
0.12583981
0.12653443
0.12562354
0.12662508
0.12596531
0.12528801
0.12724672
0.12062898
0.121984795
0.1413363
0.12824072
0.1261619
0.12373838
0.1297023
0.11772452
0.12504542
0.12298392
0.11950328
0.122907475
0.12341228
0.1284623
0.12569377
0.12994047
0.12858798
0.12874952
0.12684305
0.12562932
0.12982292
0.12634449
0.12527867
0.13396783
0.13385305
0.12706184
0.117545985
0.12628229
0.1296425
0.12101578
0.12507032
0.124858916
0.11903457
0.12908211
0.123416394
0.12604292
0.12748452
0.121922
0.12637784
0.13359311
0.12040839
0.1274734
0.12716804
0.12515037
0.13013475
0.1246781
0.1287516
0.12821709
0.120179825
0.12905306
0.12183393
0.13145286
0.12556967
0.12655956
0.12542564
0.12903541
0.13539961
0.12783831
0.12129231
0.12768084
0.12940434
0.12726302
0.1309039
0.12426957
0.12809847
0.13072766
0.1308089
0.12952292
0.13133739
0.12303992
0.13205662
0.1266835
0.12848282
0.13122098
0.13084978
0.1343111
0.12793772
0.12928441
0.13750063
0.13417129
0.12298913
0.13066326
0.12625895
0.13650675
0.12535794
0.1304018
0.13101141
0.1318262
0.13743176
0.13135119
0.13329907
0.13973357
0.13543732
0.13327973
0.12961964
0.12976609
0.13737328
0.13363263
0.1278072
0.13895842
0.13548723
0.14443938
0.14840832
0.14512649
0.14825068
0.15201491
0.16226421
0.15678662
0.14764039
0.15401462
0.14420243
0.1517787
0.15006158
0.14383836
0.14605707
0.14141575
0.13726437
0.14055268
0.13284636
0.12565927
0.124723256
0.124842845
0.1382513
0.12772009
0.12975945
0.12421498
0.13818969
0.12771188
0.12089845
0.12926435
0.13174956
0.12080444
0.12544945
0.12706052
0.12928365
0.12522928
0.12040651
0.11962413
0.12568991
0.1257328
0.125873
0.12763289
0.121226415
0.1271671
0.123228244
0.12883504
0.14313008
0.1265002
0.12382633
0.11792449
0.12690449
0.12694944
0.11825872
0.1277758
0.118860014
0.12625384
0.12698637
0.13101998
0.12429965
0.121997416
0.12173014
0.12150477
0.13158688
0.12726238
0.12673867
0.12430617
0.12218115
0.12857983
0.1285333
0.12989855
0.13140467
0.12210759
0.124880075
0.1303247
0.12519823
0.12716688
0.126293
0.12206392
0.12636757
0.13378541
0.11867916
0.13065289
0.13232927
0.13253285
0.12902787
0.123580955
0.12600985
0.12800905
0.12511285
0.12715158
0.12801784
0.12922254
0.12434744
0.124570385
0.120806284
0.12755479
0.12684226
0.12934372
0.12327566
0.121595204
0.12571757
0.120581605
0.11696359
0.12405888
0.124055184
0.121451944
0.12731723
0.12197177
0.11708123
0.13100053
0.12620893
0.11851923
0.12536891
0.11846802
0.11943522
0.11521447
0.12598449
0.12186242
0.12685479
0.121320635
0.1207394
0.1348273
0.11753206
0.12131327
0.12269789
0.13203466
0.124759436
0.12892607
0.12144843
0.12525696
0.12717867
0.12699471
0.12668012
0.12268784
0.11944468
0.12553902
0.12802917
0.11700586
0.126145
0.12102492
0.11682357
0.12181089
0.124301024
0.12525167
0.12616034
0.11949856
0.12259899
0.119201355
0.133178
0.12713431
0.11876023
0.12082105
0.12349269
0.1225932
0.13493901
0.11274439
0.1211876
0.114561975
0.11806945
0.1187231
0.11529111
0.12643175
0.1218017
0.12562357
0.12577353
0.13018432
0.12628908
0.11256807
0.1191456
0.11899564
0.123699784
0.124790624
0.115502276
0.12892732
0.12639877
0.12709267
0.120461605
0.11762752
0.12450646
0.11718561
0.115982555
0.12524246
0.11913722
0.119703695
0.11667579
0.12702623
0.11634965
0.12060906
0.1244818
0.1144908
0.12151944
0.121579
0.122751325
0.11746665
0.1091125
0.117735334
0.121177845
0.12130087
0.12731205
0.120076485
0.11969137
0.10774399
0.1128524
0.1171651
0.12468931
0.11478309
0.11675724
0.11293818
0.118373066
0.1215298
0.12045566
0.1196537
0.11838247
0.11678884
0.11648833
0.11974989
0.12043064
0.12062915
0.11621924
0.11621196
0.11890975
0.12005712
0.12019645
0.12641641
0.11593084
0.12195261
0.11533635
0.11972001
0.121866636
0.1215867
0.11766132
0.11822967
0.12111152
0.12596191
0.122309625
0.12228658
0.1182439
0.11501198
0.115697466
0.12281758
0.122735314
0.11209351
0.11892695
0.114965126
0.12282672
0.12240656
0.12177627
0.1167593
0.11962318
0.12302857
0.12818354
0.119364545
0.120626666
0.12662962
0.123737745
0.11763394
0.121518366
0.12296213
0.116051234
0.12384636
0.124926224
0.11483719
0.12686618
0.119885564
0.12363579
0.124223545
0.12170114
0.1231199
0.12897567
0.11543503
0.12692115
0.12078026
0.12220752
0.12325568
0.12660351
0.12250142
0.12658767
0.12148971
0.12174932
0.1237576
0.11216087
0.11883038
0.12374259
0.11551869
0.12264024
0.123533554
0.11568465
0.12362083
0.12163768
0.1289927
0.1303023
0.13625507
0.11804138
0.12161729
0.123152405
0.12002448
0.11975783
0.11679393
0.11959078
0.11977125
0.12470224
0.11265217
0.12238002
0.119434185
0.110399246
0.12258897
0.12099123
0.11763034
0.13381681
0.12097575
0.1160076
0.120950155
0.11753461
0.11918652
0.11937329
0.1272871
0.12389519
0.11960548
0.11533489
0.11538983
0.123376444
0.12032497
0.117899545
0.117541485
0.11006128
0.11940213
0.11735919
0.120651394
0.1218042
0.10972931
0.1160783
0.12531509
0.11130251
0.12110381
0.11747813
0.12738645
0.12006814
0.115313224
0.12996055
0.12102834
0.12537543
0.120107464
0.123350844
0.11674877
0.12798944
0.11297425
0.11940201
0.11855145
0.12618642
0.12426631
0.117937244
0.11826435
0.12209824
0.12157526
0.12710696
0.12027221
0.12364798
0.12370524
0.12008056
0.12798837
0.12078984
0.12860373
0.1174851
0.11736736
0.128969
0.119879924
0.12857392
0.12020051
0.12525408
0.11972296
0.12902617
0.121236116
0.12074162
0.12344819
0.11976805
0.12334359
0.12590396
0.124403864
0.12209033
0.12022968
0.1217313
0.122417755
0.1215124
0.12179265
0.1344733
0.1310621
0.11989418
0.12345733
0.12562428
0.12027058
0.12354698
0.12438273
0.13022625
0.11812911
0.12251445
0.11907767
0.12949155
0.11723627
0.12864995
0.115598045
0.12548001
0.13481441
0.12215769
0.1209117
0.1238674
0.121863596
0.1226406
0.13579561
0.11914905
0.12878168
0.12126635
0.12040982
0.122660406
0.14339541
0.120391004
0.12291052
0.12106971
0.12535012
0.12758261
0.113707826
0.11712744
0.12006755
0.13542065
0.11522797
0.124755055
0.14255486
0.12790203
0.121166445
0.12011957
0.11977155
0.12528798
0.1259149
0.14169902
0.12280142
0.13066947
0.13070473
0.12340975
0.13132636
0.12150547
0.12964228
0.121139914
0.13619344
0.12207928
0.12944792
0.11447747
0.11980203
0.12623468
0.12350498
0.12922381
0.14034624
0.11667796
0.12469922
0.1262879
0.12682173
0.1283416
0.12696399
0.11775768
0.12534696
0.124574184
0.12021692
0.120928966
0.1225184
0.120209575
0.12714016
0.122494884
0.12787643
0.11590886
0.123971045
0.1141952
0.12343545
0.12723728
0.11748174
0.12359073
0.11691193
0.12361469
0.1170488
0.12349079
0.12247944
0.12395299
0.113163024
0.12683862
0.122786745
0.11437614
0.123447046
0.117398836
0.12519762
0.120617874
0.12306263
0.12118401
0.12002212
0.11697243
0.1250897
0.12729469
0.1153018
0.1231361
0.12678252
0.12638085
0.114567414
0.12643333
0.12249669
0.117324494
0.11664563
0.123959914
0.115561195
0.12094128
0.1205687
0.12199013
0.12335109
0.11854061
0.11459342
0.11956807
0.11930663
0.11868783
0.1132456
0.11233583
0.12233694
0.11685004
0.12332647
0.12702599
0.13383985
0.13407294
0.12206732
0.124669574
0.12198622
0.12629087
0.11713493
0.12356452
0.11460192
0.1275274
0.12136997
0.12973373
0.12131367
0.120678484
0.1185551
0.12218388
0.124868944
0.12233871
0.12162176
0.12178069
0.11893824
0.12009672
0.12294256
0.12217293
0.12072691
0.11752294
0.12285701
0.122318454
0.120116584
0.12475463
0.11627249
0.12201453
0.12370802
0.11786021
0.110408545
0.118151076
0.123956
0.12213483
0.12299302
0.10852364
0.115718864
0.12087962
0.110889785
0.13022763
0.12184195
0.12730373
0.12879983
0.123051636
0.12508795
0.11622513
0.12882027
0.11433971
0.11741552
0.12793286
0.122885525
0.118435204
0.12052798
0.11720586
0.12159473
0.12367223
0.11913631
0.12146955
0.123356715
0.12447636
0.12224436
0.12247443
0.12711126
0.12497542
0.12130198
0.12222672
0.11797095
0.11872781
0.12127446
0.123500146
0.11598729
0.11809435
0.11590296
0.121999584
0.11628149
0.11947679
0.12357514
0.12337118
0.117586
0.1263256
0.12934752
0.12142508
0.121483475
0.1330933
0.12418602
0.12115999
0.120969556
0.12693389
0.12327768
0.123282656
0.12303401
0.11695525
0.13014889
0.123893626
0.118638515
0.120842606
0.11723161
0.11662029
0.11750069
0.12116643
0.1246329
0.12768933
0.11619461
0.11393976
0.12213713
0.11341224
0.11040322
0.12569317
0.119428076
0.11243996
0.11687659
0.11856678
0.11503894
0.12119786
0.12203924
0.12917261
0.11745867
0.12771706
0.12158798
0.124471165
0.11735294
0.12237809
0.11622872
0.11814891
0.13275352
0.12275461
0.123295
0.12324562
0.12559652
0.12108999
0.1252734
0.12786292
0.11845777
0.12698913
0.116412446
0.12226574
0.12599401
0.1212019
0.12495712
0.11889615
0.12524809
0.11983544
0.12272114
0.11895634
0.122137256
0.118005976
0.11942486
0.12375405
0.12191653
0.12449186
0.12290887
0.119566165
0.12736745
0.1338291
0.118661754
0.124544434
0.12661631
0.12075357
0.1244857
0.12062926
0.12506261
0.12083037
0.12962992
0.11652133
0.1254785
0.12180005
0.12557845
0.12100036
0.123611934
0.12720288
0.11855597
0.11655769
0.12414629
0.12044812
0.12115192
0.12954904
0.11695454
0.11659701
0.12109291
0.124991596
0.12979656
0.11926618
0.12981857
0.12797914
0.12206001
0.1156023
0.11736634
0.12943022
0.12162628
0.13217628
0.12510459
0.12377663
0.1281309
0.124305874
0.1391393
0.12292821
0.12141756
0.123189695
0.12150188
0.12974429
0.119952045
0.11999572
0.1218979
0.127824
0.13702819
0.11740558
0.12912309
0.12596798
0.12742245
0.11641634
0.12331938
0.13330519
0.12004421
0.12451721
0.1268401
0.12008535
0.123326086
0.12351332
0.12945117
0.13099086
0.120401725
0.122237235
0.12063209
0.12652457
0.11779758
0.12277454
0.125699
0.12617633
0.12129721
0.11705314
0.11892623
0.1278636
0.117942475
0.122454904
0.13047206
0.12738802
0.12858218
0.1250023
0.12622122
0.11948894
0.13835888
0.11934797
0.11850422
0.12120295
0.12224977
0.12111525
0.12035731
0.12458464
0.11833936
0.12231208
0.12746948
0.120122746
0.12854534
0.119026296
0.1249562
0.1226856
0.11601335
0.12558644
0.12625766
0.12724027
0.1265814
0.12526107
0.12721276
0.1222402
0.12043581
0.12449745
0.12390661
0.13194385
0.11754829
0.122579634
0.1195785
0.13347404
0.12146383
0.1371827
0.13411587
0.11074412
0.12032353
0.12832306
0.12390254
0.13102317
0.12939543
0.12784435
0.12779146
0.1204227
0.12014293
0.1218051
0.124880604
0.11759156
0.13001235
0.124438025
0.121120796
0.1292199
0.11902357
0.12178938
0.12681237
0.12892936
0.12848759
0.12304333
0.13319002
0.12942329
0.13206205
0.12877895
0.12767771
0.12953147
0.13290602
0.12744509
0.13191299
0.1316477
0.12638101
0.1351354
0.12578836
0.1243878
0.12457033
0.12580736
0.12952837
0.12540777
0.12694366
0.121604696
0.12768292
0.12968901
0.12625201
0.14302196
0.13173573
0.12823518
0.12999971
0.12120847
0.120691605
0.11803428
0.12795314
0.13484828
0.13040538
0.12806366
0.13094847
0.12308878
0.1159806
0.12756273
0.1276109
0.12996407
0.13469562
0.12067671
0.12364253
0.12568775
0.1420389
0.12993279
0.12805586
0.119731285
0.13278991
0.12293336
0.13010427
0.12042252
0.12665983
0.12256478
0.124029
0.120244876
0.12707543
0.12421563
0.12898006
0.12449311
0.1335198
0.12473144
0.121232286
0.12926693
0.11818324
0.123347
0.12192586
0.11835846
0.121988736
0.13339716
0.12185958
0.12761515
0.13113007
0.12738712
0.12276206
0.1247111
0.12363663
0.124814704
0.12549002
0.13513266
0.11980603
0.12519713
0.12307535
0.12192408
0.12451254
0.12895845
0.13381848
0.12220111
0.13126841
0.12509383
0.12360818
0.12509137
0.12679006
0.12652501
0.12300549
0.13210377
0.1281958
0.12402679
0.118211105
0.1188308
0.124320574
0.12436747
0.1160293
0.12698905
0.12582041
0.12089386
0.12571418
0.12548481
0.124947555
0.12864903
0.118114874
0.12802975
0.11651042
0.1259014
0.12945132
0.124120586
0.12763731
0.124146655
0.118734054
0.13115326
0.11885544
0.12735885
0.12180363
0.11942048
0.12329063
0.13064171
0.12747186
0.121907815
0.12738039
0.11837976
0.1235928
0.13677347
0.11952411
0.12200044
0.119595125
0.12518854
0.12076466
0.12581745
0.11716355
0.12360276
0.13186158
0.12321141
0.12556334
0.124471664
0.12432043
0.11904775
0.1192543
0.11982745
0.13416395
0.12846106
0.12003015
0.1212757
0.1263645
0.12975411
0.12813754
0.1334752
0.12669289
0.12435709
0.128674
0.12054036
0.12190601
0.120342754
0.12393728
0.123979345
0.12882636
0.11303045
0.12904274
0.12767068
0.1201955
0.12516889
0.12282183
0.13465355
0.117689915
0.12396131
0.11576042
0.13054568
0.12555102
0.13428262
0.13321206
0.12229393
0.12653404
0.12701781
0.126538
0.12669802
0.12727639
0.12624392
0.1318959
0.13238817
0.13385448
0.13368647
0.1296978
0.138859
0.14050722
0.1256279
0.12725365
0.12057997
0.11881456
0.12651968
0.128583
0.1259842
0.1194907
0.12583655
0.124294065
0.1190068
0.11804948
0.13274772
0.12323917
0.118425556
0.13715953
0.13185707
0.12801532
0.12983048
0.12254799
0.13027602
0.13035528
0.12951459
0.12157894
0.12730321
0.12667166
0.13060443
0.12432567
0.13168655
0.13825853
0.12747662
0.13693447
0.1309635
0.12458239
0.1238014
0.12691407
0.13006726
0.12403435
0.12533495
0.12373935
0.12691088
0.12743345
0.13072127
0.12772085
0.12965351
0.13328403
0.13051172
0.12508896
0.13010222
0.12629819
0.12591083
0.11835674
0.124676414
0.12253762
0.13192667
0.12812488
0.12839745
0.12876871
0.13472453
0.13674133
0.13482846
0.11988545
0.12204275
0.12132383
0.11265037
0.12338533
0.12613477
0.12517747
0.11613042
0.12517987
0.13087134
0.13322848
0.12077232
0.134396
0.12052966
0.12612219
0.122449614
0.12101309
0.13545218
0.12899809
0.12986615
0.13415392
0.12483925
0.12395299
0.12650183
0.118675105
0.13217446
0.1299631
0.12326217
0.12832268
0.12130137
0.1244484
0.12134816
0.1196711
0.121613845
0.119780585
0.121546455
0.12529317
0.11697519
0.12580536
0.12011912
0.12241828
0.12178001
0.1267478
0.123808935
0.13012972
0.14379653
0.12769914
0.12454684
0.1343877
0.12482595
0.12046972
0.12253362
0.11716192
0.12601411
0.11831054
0.1190172
0.13132168
0.12086378
0.12426117
0.12208251
0.12483995
0.117096335
0.12058438
0.117626645
0.12255115
0.11950276
0.112598725
0.1187606
0.12028488
0.11321045
0.12281273
0.12498742
0.12365622
0.12039417
0.116816066
0.12856854
0.120906815
0.123981014
0.120048836
0.12115823
0.11900369
0.12655398
0.11497561
0.12559217
0.11660664
0.121399924
0.119540475
0.13512199
0.12778264
0.1229058
0.1278629
0.11928034
0.11718937
0.123432964
0.117867425
0.11889649
0.13360976
0.12061063
0.11801015
0.1177924
0.117391676
0.12691107
0.12103124
0.11807011
0.11860502
0.12180216
0.11706831
0.124037
0.12253059
0.12447912
0.13383098
0.12494644
0.13111201
0.11714759
0.11797843
0.1209945
0.122009
0.13359599
0.12710063
0.1286264
0.11951771
0.12872288
0.12409358
0.13312037
0.12839523
0.12850678
0.12915546
0.12655152
0.11891688
0.13850166
0.12367162
0.12332878
0.12077797
0.120048545
0.1331619
0.12524487
0.12249484
0.12448493
0.12147849
0.11823249
0.12884758
0.13625425
0.11507216
0.12156421
0.1339347
0.13181001
0.120898195
0.1186973
0.12064703
0.12925966
0.13411318
0.12330566
0.12578422
0.12461954
0.13433748
0.12679486
0.12468627
0.13098302
0.12854876
0.12751566
0.11821597
0.12678286
0.13022016
0.13278288
0.13125162
0.13350306
0.12417392
0.11592105
0.121780425
0.1294452
0.12652925
0.13030332
0.12346633
0.12922852
0.119020656
0.13388996
0.11799472
0.12760986
0.1293735
0.12606883
0.1354757
0.12099045
0.11563129
0.1362867
0.13787009
0.12667723
0.13164927
0.14077412
0.12025799
0.13990867
0.12665954
0.12969643
0.123212025
0.12928134
0.13283683
0.1215798
0.13368312
0.12005673
0.13077046
0.12314602
0.13026969
0.1276124
0.12719719
0.12280225
0.12488611
0.12297686
0.12577032
0.14482413
0.12568294
0.12606302
0.124536164
0.12922871
0.117022656
0.12926085
0.12384914
0.12650083
0.12784897
0.126963
0.13059734
0.13464871
0.13007313
0.12995444
0.122228146
0.13171555
0.12718603
0.12130996
0.123849235
0.12301445
0.1243333
0.123130776
0.12753901
0.12775455
0.122904256
0.12621589
0.13558985
0.12711848
0.123635344
0.12203635
0.12514725
0.13229994
0.123345286
0.12702069
0.12926082
0.1328019
0.12589107
0.12260333
0.12330014
0.13174939
0.13384214
0.14055292
0.13383341
0.13595478
0.11512385
0.123725
0.11883262
0.12976539
0.12300843
0.117107764
0.12555315
0.12742543
0.13045077
0.12366476
0.12181034
0.1276595
0.13571803
0.12424744
0.124037564
0.12222658
0.12328345
0.12855272
0.11465743
0.12609664
0.12340442
0.12601352
0.12977508
0.133009
0.1294737
0.12295965
0.12833874
0.1262445
0.120829105
0.13196415
0.1253328
0.12063921
0.11685502
0.12820633
0.13694535
0.12294508
0.1207335
0.13169624
0.12432448
0.12827298
0.12100263
0.13025019
0.1279617
0.13378361
0.113902755
0.13447778
0.13736598
0.12684517
0.121824175
0.122678235
0.13323145
0.1289545
0.12060276
0.12073773
0.13587366
0.123973764
0.11764724
0.12863395
0.12414894
0.115067154
0.12410756
0.12919691
0.14738601
0.13412604
0.12532537
0.12745547
0.12126648
0.12716424
0.12894876
0.11910118
0.12545983
0.11740816
0.12578201
0.124939196
0.12170128
0.12725407
0.12802812
0.12660733
0.1305323
0.13278715
0.121284515
0.13482776
0.13027792
0.1218701
0.13040666
0.12934911
0.13109592
0.12088064
0.11835241
0.124123394
0.12652013
0.13031669
0.12617077
0.124980666
0.12718086
0.12839788
0.12819648
0.1282455
0.12391236
0.13519867
0.12948397
0.12196691
0.12570485
0.12963235
0.12772962
0.13038845
0.13349573
0.117849186
0.12693536
0.13021073
0.12641385
0.13103265
0.12860417
0.12845014
0.13302933
0.12623747
0.12067848
0.12825485
0.13856128
0.12261967
0.13086364
0.13002205
0.12788661
0.11640248
0.1278277
0.12052095
0.11794135
0.119216375
0.12525728
0.13234988
0.12088264
0.12577769
0.12535892
0.12595189
0.123931795
0.12090622
0.1258698
0.12060391
0.12693827
0.124167845
0.12376282
0.12544
0.11608297
0.12251755
0.113307804
0.120928235
0.12728193
0.11671755
0.1181362
0.123451106
0.12460337
0.13017435
0.122241236
0.12434908
0.124638505
0.13126862
0.13537686
0.120744415
0.13188428
0.124809116
0.1315312
0.13025509
0.13088062
0.12506868
0.122620225
0.12053693
0.1318763
0.11473652
0.12540872
0.13452207
0.12939665
0.12768583
0.120502055
0.12762101
0.12708047
0.12950063
0.12764083
0.1273681
0.11600498
0.13532302
0.11926606
0.12706436
0.1302616
0.13363145
0.13002764
0.13225134
0.12504447
0.12927271
0.12158044
0.13949305
0.12285789
0.121481836
0.124787085
0.119314104
0.119680345
0.12541506
0.13184339
0.1205335
0.12957059
0.14097534
0.13187838
0.1201161
0.13033609
0.12849124
0.13076064
0.13328364
0.12074503
0.119549654
0.13085008
0.11464806
0.116774864
0.120167926
0.13311633
0.12652868
0.12846707
0.13494168
0.12601238
0.11559537
0.13060443
0.13645002
0.122368
0.12706466
0.14179724
0.13164179
0.13341196
0.13536523
0.12714873
0.1349873
0.13029332
0.13280489
0.116895966
0.12947412
0.12795313
0.13032727
0.1362061
0.12389927
0.13281602
0.1314804
0.1262826
0.13311334
0.13085122
0.12791164
0.12123383
0.1328728
0.121732384
0.12872699
0.136475
0.117739566
0.14063084
0.13038382
0.1349142
0.12963098
0.13755675
0.13380325
0.12602897
0.123581246
0.13206603
0.12724118
0.13280661
0.12702583
0.12678733
0.12948157
0.13606243
0.13770562
0.125761
0.1289374
0.13321643
0.12435694
0.13447918
0.13279669
0.13229229
0.14028978
0.12942596
0.12977345
0.1318498
0.1320996
0.13768992
0.13871807
0.12182905
0.123144984
0.12796709
0.12771344
0.123605
0.1322684
0.13212971
0.12691921
0.13228774
0.1316174
0.12527357
0.11900648
0.13599676
0.12781669
0.12964553
0.12587586
0.13323799
0.1351052
0.13742474
0.13229145
0.13641532
0.12568049
0.12558445
0.13436666
0.12128524
0.12998101
0.1385706
0.12603861
0.123082966
0.13243145
0.13180235
0.12273587
0.14055842
0.12958555
0.12613834
0.13372222
0.1317669
0.13245872
0.12887956
0.12910944
0.12681946
0.1343183
0.13530785
0.13016388
0.14537339
0.13473132
0.13170142
0.13930951
0.1367552
0.13006873
0.13423863
0.13945056
0.1383807
0.13586536
0.13743584
0.12509358
0.13022006
0.12937863
0.12684435
0.13883568
0.13312967
0.1288196
0.13218607
0.13213727
0.1327705
0.1445908
0.1312085
0.1252855
0.13091002
0.13088003
0.13932094
0.11898591
0.13778026
0.12989928
0.1290226
0.13692375
0.12906745
0.12378321
0.14202777
0.12923686
0.13721439
0.12854421
0.13273758
0.1366973
0.13353431
0.13524777
0.13449013
0.13810675
0.13742046
0.13411559
0.12918746
0.14784403
0.124599434
0.12745304
0.13596383
0.13247328
0.13768028
0.1315149
0.1325118
0.13078889
0.13387808
0.13575293
0.13785385
0.13322468
0.1304956
0.13269846
0.14084661
0.1252692
0.14552292
0.13160147
0.1399434
0.14092709
0.12454288
0.13643068
0.13972561
0.13458368
0.13932347
0.12175068
0.1275965
0.14079426
0.12754354
0.12659301
0.1271802
0.12205149
0.1308217
0.13916448
0.13073431
0.13598561
0.127879
0.13852108
0.13424236
0.1360581
0.12917311
0.12276408
0.12656264
0.13475533
0.13245134
0.12584743
0.14024067
0.13045193
0.1410631
0.13632752
0.13161601
0.12579808
0.119664825
0.13256916
0.14784877
0.13820477
0.14497454
0.12803137
0.13332212
0.15820912
0.1315566
0.11871797
0.13687995
0.13322897
0.1298954
0.121574074
0.13117824
0.120749146
0.12908629
0.12426703
0.12902834
0.13151073
0.13162857
0.120092124
0.12902369
0.12617794
0.12658142
0.1525813
0.123047784
0.12441686
0.12728468
0.13094127
0.12295561
0.122156724
0.13551867
0.1402317
0.13591287
0.12977503
0.12581381
0.16328269
0.12508942
0.123241365
0.13422576
0.13106328
0.11869288
0.12471019
0.12195187
0.1234837
0.12535773
0.12506564
0.12713999
0.12094394
0.12655723
0.12935065
0.119902365
0.13325498
0.13297592
0.120795205
0.11938692
0.13169873
0.13080584
0.12922227
0.12301256
0.13163698
0.13387892
0.1339115
0.12990476
0.13683754
0.12697214
0.1303938
0.12765531
0.13215223
0.13192375
0.13046119
0.13806237
0.12888837
0.12793449
0.1324693
0.1321058
0.12465574
0.12593699
0.12143158
0.12757728
0.12963809
0.1276204
0.122945204
0.13222481
0.12450887
0.12729092
0.11601104
0.13619936
0.13348207
0.13959953
0.13297649
0.12938063
0.12235679
0.11502232
0.1228572
0.115929514
0.13096352
0.123550214
0.13890718
0.13267997
0.13425125
0.14990796
0.1271249
0.124227256
0.12930332
0.121278405
0.12827967
0.12534805
0.12072938
0.1166152
0.12874532
0.1252221
0.12206992
0.12064551
0.12540287
0.11968255
0.122095495
0.13901168
0.11709812
0.13036619
0.11475102
0.13020861
0.120924644
0.11752401
0.12158096
0.12279001
0.13332044
0.12478285
0.112472914
0.1255321
0.11097771
0.13008344
0.12956102
0.13009785
0.13373211
0.12166049
0.12552597
0.11940273
0.13247564
0.12901494
0.13274059
0.13627292
0.11256388
0.131531
0.13352583
0.13579413
0.12453271
0.12718518
0.13705838
0.12514368
0.12814511
0.12382298
0.1220885
0.12462808
0.11935814
0.1274443
0.12333162
0.12805478
0.11221387
0.12907977
0.12696674
0.12957835
0.13948575
0.14263192
0.13395372
0.122689836
0.1315058
0.12780929
0.12603913
0.12641944
0.13739192
0.12288911
0.12340822
0.12634481
0.12371488
0.14231792
0.12031527
0.121017806
0.12197273
0.12149392
0.12925594
0.12109518
0.12593198
0.1350596
0.13288951
0.14980331
0.13104637
0.12474931
0.13084687
0.14479905
0.12406428
0.122479275
0.12910923
0.13229366
0.15334043
0.13025309
0.14199574
0.13579853
0.13194293
0.13225842
0.13194127
0.14616767
0.1350953
0.13206758
0.13649467
0.1173613
0.13152798
0.14053026
0.1346302
0.13302544
0.13497786
0.13163252
0.13407189
0.12798437
0.12524681
0.14978509
0.13054907
0.1471238
0.14100595
0.12613562
0.13458878
0.12702927
0.14075479
0.13362908
0.11748413
0.12778166
0.12954527
0.12913606
0.13713732
0.1413224
0.13184924
0.1292563
0.120757215
0.13246177
0.12280458
0.13460381
0.13529672
0.12748948
0.13785632
0.12722857
0.13847718
0.13045417
0.14247103
0.124437094
0.13059376
0.13110258
0.14265919
0.13467272
0.12333466
0.13103598
0.13212277
0.1372749
0.13632044
0.119791694
0.12870403
0.13590197
0.14080612
0.13879728
0.12091988
0.1322075
0.12916258
0.14417113
0.1356167
0.1337955
0.13497293
0.1333328
0.12651062
0.12671004
0.14043692
0.12445419
0.13366763
0.13561623
0.15169019
0.13196248
0.13832267
0.1274299
0.13329877
0.14159924
0.12464536
0.13629846
0.13569362
0.1339734
0.13186644
0.13021435
0.12662661
0.1335314
0.1347567
0.12612253
0.12802845
0.13642606
0.1306843
0.12687282
0.13130043
0.12572376
0.13783036
0.13282748
0.13563666
0.13726819
0.12967233
0.13448666
0.14187682
0.13868017
0.13357057
0.111372426
0.1341387
0.12781268
0.12674505
0.13327633
0.12836853
0.13194963
0.13098003
0.12278914
0.13954777
0.12436639
0.14584556
0.13306254
0.123361394
0.12936096
0.12847295
0.13042055
0.13539207
0.14738762
0.1248215
0.14334612
0.13979338
0.14470558
0.12806179
0.12871437
0.12553346
0.1361418
0.13869442
0.13169123
0.13275383
0.13648681
0.13722669
0.13192259
0.13011742
0.1392057
0.13640653
0.12286789
0.12634894
0.13566115
0.13058183
0.14625408
0.1345185
0.13010022
0.12762386
0.14290707
0.13367024
0.13996907
0.13483793
0.13553244
0.13231356
0.12446727
0.13980839
0.12444784
0.13124555
0.13660574
0.1315785
0.11919523
0.12651907
0.13261779
0.118013605
0.119093746
0.13502866
0.13932337
0.12011973
0.12607203
0.12210174
0.134686
0.13349614
0.13897148
0.13537452
0.13349737
0.13093558
0.13829072
0.1325926
0.12866458
0.13312943
0.14026876
0.12222661
0.12570827
0.14001636
0.12990566
0.13517305
0.13644673
0.13565767
0.13623975
0.13732556
0.12842076
0.13771762
0.12329139
0.13689764
0.13858253
0.13099524
0.12237524
0.13823414
0.14141299
0.12898852
0.124111645
0.13277888
0.1310418
0.11900968
0.11690056
0.12853448
0.13956884
0.12845218
0.12700087
0.1330286
0.15255183
0.13548866
0.15636435
0.12869221
0.1321399
0.13486448
0.12937863
0.12197418
0.12463989
0.12838538
0.13426377
0.13150169
0.12648256
0.13019522
0.12455941
0.13036911
0.12509866
0.14533411
0.13776006
0.13346264
0.14382528
0.13776009
0.12914124
0.1355125
0.13238347
0.13452764
0.13229644
0.119847246
0.14649515
0.13559337
0.12606841
0.12030182
0.12738433
0.13234481
0.13418178
0.12977858
0.13655524
0.12986454
0.12837325
0.12840672
0.13891207
0.12651552
0.11809715
0.14688526
0.1230812
0.13781118
0.12405985
0.13625729
0.13284512
0.1337154
0.12503324
0.1301306
0.13736877
0.12949458
0.1328629
0.13796961
0.13770127
0.13348545
0.12002626
0.12549695
0.13550824
0.12156359
0.12308995
0.12328946
0.1302213
0.12007346
0.12380486
0.122834586
0.14870873
0.13047068
0.11949209
0.12142233
0.127186
0.1339784
0.13943708
0.13714366
0.14231752
0.13398466
0.13721846
0.1299989
0.12902208
0.1290161
0.13638064
0.12608364
0.118637756
0.13097893
0.12911421
0.14227316
0.13815571
0.14302452
0.13540658
0.1318935
0.13059375
0.119003855
0.12771405
0.12550199
0.121621504
0.12820168
0.12736875
0.12813525
0.12782632
0.13372236
0.11733807
0.12455151
0.17254333
0.12547688
0.13143788
0.13819171
0.1282399
0.12836017
0.11816048
0.12821372
0.13172865
0.16250366
0.12495255
0.12223029
0.14370067
0.1411534
0.12765206
0.12341211
0.12311496
0.13633795
0.13032407
0.1284786
0.12485272
0.12481225
0.13746701
0.14394279
0.13360468
0.12075252
0.12422517
0.13703106
0.13148569
0.13040796
0.13671033
0.1381315
0.13002118
0.17200361
0.14537716
0.12760468
0.13241924
0.12769346
0.14657214
0.13120672
0.12689428
0.12804922
0.13696694
0.15732832
0.13988084
0.1254502
0.13573061
0.13281992
0.127794
0.1290566
0.14009711
0.14646065
0.12466272
0.15158471
0.1262601
0.14588022
0.14401507
0.13225685
0.13637467
0.14320824
0.12842278
0.14173292
0.12883164
0.1263135
0.12839374
0.15185644
0.13783738
0.13298377
0.14262933
0.13033804
0.13373077
0.13175228
0.13786687
0.13345987
0.13914801
0.11626336
0.15107997
0.14239502
0.14530994
0.13749999
0.14659223
0.13992767
0.14086896
0.14084476
0.12972192
0.13548505
0.13865025
0.14086014
0.13736752
0.13091221
0.12721443
0.13597265
0.14175199
0.13497049
0.13431188
0.14674799
0.1271858
0.13926265
0.13241188
0.13680087
0.14017844
0.14009269
0.15712714
0.12917112
0.1372492
0.14943112
0.15444961
0.14294645
0.14592402
0.14186205
0.12578255
0.13303673
0.15294567
0.13070211
0.15210393
0.1355656
0.14028282
0.13560769
0.1565067
0.14973922
0.13619316
0.14136301
0.14008257
0.15878697
0.14388618
0.14634655
0.14612582
0.13441245
0.13935131
0.13799745
0.14596778
0.14714783
0.14001906
0.14628033
0.13037543
0.1339962
0.149915
0.1368682
0.13228919
0.13592036
0.1346846
0.1447215
0.15273204
0.13508779
0.14630625
0.1339754
0.14382249
0.14951351
0.14345576
0.13651736
0.14021067
0.13271686
0.13960965
0.14120843
0.14041267
0.1395582
0.13328493
0.12944295
0.1418571
0.14210798
0.14864263
0.1310894
0.13670157
0.13864222
0.14688249
0.12454321
0.1371862
0.13052921
0.13398606
0.15424886
0.13438977
0.14146554
0.13001198
0.13887607
0.13729358
0.14657488
0.13058752
0.145872
0.1411487
0.15068868
0.13383193
0.15929075
0.13439298
0.14085357
0.14042808
0.14963828
0.14184558
0.12515156
0.13779406
0.14576541
0.14402041
0.14074093
0.14775994
0.13526389
0.15517099
0.14377637
0.13776352
0.14523305
0.13219021
0.12861371
0.14500509
0.13234463
0.14273442
0.1435893
0.13383704
0.14109537
0.14707199
0.14041229
0.13509658
0.14592779
0.13405615
0.1355119
0.13333052
0.11916838
0.13944447
0.14013383
0.1383175
0.14192446
0.13186842
0.13540402
0.12813115
0.15778764
0.14751662
0.12770322
0.12908287
0.1295436
0.14724208
0.1427272
0.14331277
0.14053597
0.16754211
0.13743904
0.14802757
0.14383699
0.14237785
0.14144696
0.14751047
0.1287597
0.14459345
0.13437685
0.13139631
0.14544791
0.13329923
0.13212211
0.1288007
0.13375996
0.14099908
0.12533383
0.1338182
0.17049333
0.13413545
0.13498087
0.12220669
0.1583886
0.13294518
0.13253006
0.13346846
0.13951877
0.13437735
0.1491734
0.13830414
0.14832933
0.12687561
0.12828974
0.13782413
0.14058971
0.12984954
0.14043993
0.1339767
0.13753764
0.12675814
0.14557531
0.13383617
0.13446799
0.1279114
0.12783769
0.118392065
0.12750466
0.1358903
0.14416742
0.119155616
0.11927036
0.13533527
0.12482581
0.13700481
0.13085958
0.12564418
0.14033188
0.13598275
0.12708564
0.124142684
0.12929231
0.13001645
0.1360214
0.13224755
0.13358964
0.1211637
0.14167652
0.11757983
0.1251606
0.12594274
0.12926945
0.13222241
0.12505496
0.123796076
0.12251597
0.11744827
0.121212535
0.12039999
0.11447329
0.123549625
0.12140878
0.12431748
0.120515995
0.1224452
0.12510155
0.12143755
0.13051923
0.11954245
0.11432913
0.12638442
0.12786189
0.1183967
0.13369742
0.11437508
0.12668492
0.12718515
0.13675536
0.1297475
0.13344038
0.120090574
0.1338084
0.13968702
0.12986127
0.124521054
0.1211315
0.13690928
0.12232905
0.11576383
0.12999596
0.122085705
0.120163254
0.12941986
0.12177881
0.12892571
0.122095555
0.12685014
0.12306328
0.12787676
0.124691516
0.13429803
0.12867483
0.12682489
0.12010675
0.12299787
0.12774579
0.12406888
0.12655866
0.12177391
0.119827986
0.12975284
0.13730843
0.14578415
0.13734165
0.14304264
0.12785272
0.13675462
0.119141616
0.13143094
0.14250126
0.13140735
0.12887888
0.13114983
0.123758815
0.12282737
0.12985002
0.12671724
0.12539472
0.14573108
0.13362072
0.1254765
0.12068615
0.1323282
0.13464673
0.1248656
0.14034417
0.1391045
0.13340205
0.1321911
0.13117094
0.12354361
0.12859944
0.13264114
0.12855296
0.14950365
0.12198091
0.126105
0.13027568
0.12553418
0.12788233
0.11959115
0.13986629
0.13552137
0.1284933
0.13922195
0.124115095
0.1298891
0.13393848
0.13282062
0.13104357
0.12790838
0.13390903
0.12649114
0.13845442
0.13247478
0.12455373
0.12623946
0.12546843
0.12639888
0.12848468
0.1547075
0.13475601
0.13346997
0.122748815
0.1250786
0.130147
0.13602327
0.13014145
0.13756992
0.12878358
0.12430575
0.14600211
0.1372024
0.13641126
0.15329443
0.13256001
0.12874785
0.1473818
0.13613951
0.12906966
0.14172314
0.13214421
0.12840065
0.13225901
0.13802971
0.13696519
0.127735
0.12297888
0.13587074
0.13204305
0.140268
0.13213502
0.13005479
0.13310064
0.13054274
0.13661432
0.13251156
0.1306738
0.13838568
0.1344928
0.12822348
0.1337904
0.13135953
0.12884477
0.13456254
0.14274427
0.1244352
0.13271296
0.1258557
0.12850647
0.13273129
0.13225098
0.13461626
0.12627356
0.12802903
0.12556036
0.13740823
0.14232065
0.13873704
0.12536782
0.13994114
0.1397031
0.14441545
0.14321798
0.12975852
0.13777801
0.13388044
0.13682184
0.13679163
0.13147439
0.13310672
0.13844112
0.14661282
0.13576165
0.12667003
0.13349186
0.13039672
0.1334705
0.1335997
0.13696152
0.13302891
0.14055859
0.13108881
0.13805267
0.14524744
0.1501123
0.13395792
0.13616213
0.1337294
0.13969734
0.13327631
0.1322091
0.13693886
0.13249204
0.13918006
0.13156152
0.13099007
0.1414623
0.13940826
0.13222548
0.13148172
0.13258481
0.13003474
0.13065304
0.12709181
0.12663968
0.12930246
0.15145381
0.12943934
0.13784818
0.1296189
0.12613997
0.12427703
0.1226656
0.12383419
0.13093717
0.14191529
0.1319204
0.12808825
0.12830661
0.1325831
0.13626704
0.13728647
0.13174689
0.15002759
0.1337006
0.13503526
0.12903816
0.1298249
0.13740833
0.1308846
0.13513544
0.14538147
0.13843702
0.1313539
0.13788076
0.13693401
0.14418602
0.14544392
0.13529159
0.13459162
0.15079994
0.14067702
0.14146885
0.12798867
0.12662862
0.13741183
0.13106857
0.12780382
0.12725155
0.12830885
0.13227096
0.15192069
0.14401752
0.13291445
0.13015406
0.13575235
0.15876584
0.14048262
0.1384875
0.14281029
0.14236209
0.13189009
0.12761612
0.12896056
0.12937288
0.13250639
0.13895911
0.13451648
0.13270225
0.13476641
0.13865474
0.12974045
0.13613299
0.13359903
0.13725948
0.13771576
0.14177106
0.13785313
0.13668822
0.14510843
0.13221174
0.12575579
0.13050056
0.13806835
0.1422556
0.13372941
0.12941957
0.13589865
0.15272173
0.14064962
0.13867585
0.13524804
0.14574805
0.14589006
0.13812564
0.13168485
0.13246146
0.13039984
0.13080299
0.12594473
0.124467306
0.12307604
0.12694614
0.12649459
0.13234523
0.14116074
0.13283034
0.12891299
0.12960486
0.131403
0.13392417
0.13087404
0.13101657
0.12931578
0.12800986
0.12729372
0.12494511
0.12644315
0.12699571
0.12753646
0.1339735
0.14405377
0.13575418
0.13451155
0.14034006
0.13359807
0.13180642
0.13462244
0.13456355
0.13905855
0.14846994
0.12876987
0.12530628
0.13480599
0.13002546
0.13142227
0.14232168
0.13153122
0.12758948
0.12753925
0.13524382
0.14711486
0.1375381
0.15067595
0.1361344
0.12611249
0.13002177
0.1289249
0.13153823
0.13030523
0.1322983
0.1318183
0.12717514
0.122110665
0.12700397
0.13664319
0.14645964
0.12853916
0.119882904
0.119659424
0.12193691
0.117384456
0.11422675
0.12257744
0.14453012
0.12244242
0.11762997
0.12016192
0.12960891
0.12813924
0.12527026
0.11870619
0.11866125
0.12047888
0.12659085
0.12613457
0.12444888
0.11962496
0.11942203
0.12187006
0.12546638
0.1253966
0.124684274
0.120729886
0.12238486
0.12426213
0.121577136
0.11610216
0.11808252
0.12395394
0.12710556
0.12590355
0.12191217
0.11719281
0.11398678
0.117082715
0.123902835
0.12620042
0.12427447
0.121377476
0.11594852
0.11700414
0.12245629
0.12847981
0.12921132
0.12084101
0.117881045
0.11700695
0.12715968
0.1326646
0.13241212
0.13124396
0.123652466
0.12713704
0.12637468
0.13107638
0.13167362
0.13141493
0.1250566
0.12257655
0.12258737
0.12691422
0.12611865
0.12671256
0.12842253
0.1278194
0.120659575
0.13309512
0.16206335
0.13200885
0.12333853
0.13142931
0.13564736
0.13164915
0.1270354
0.1243811
0.12491889
0.118745275
0.11637692
0.119352095
0.1252498
0.12556429
0.1150418
0.11359663
0.11363586
0.121938124
0.12710758
0.13494305
0.12986006
0.12466746
0.11730089
0.12014931
0.12521523
0.12655373
0.12656571
0.1268897
0.1276939
0.12960102
0.12452236
0.123911016
0.12663881
0.124988176
0.12643611
0.122900404
0.12639168
0.1218739
0.121453226
0.11946378
0.122454725
0.12927946
0.13203107
0.1326315
0.12670228
0.12773013
0.13127396
0.13104832
0.1292397
0.12700237
0.12494365
0.124493025
0.12053303
0.12474927
0.12400512
0.13368456
0.12865315
0.12797903
0.120497264
0.12454088
0.12287425
0.118954636
0.115587115
0.118145764
0.12501964
0.12614569
0.12628362
0.1196501
0.12154665
0.121854946
0.13050595
0.12954529
0.12818296
0.1268489
0.12850384
0.12701057
0.11899111
0.120701045
0.1282198
0.13081662
0.12818435
0.12362895
0.12094584
0.12580459
0.128805
0.13324983
0.12779853
0.12733378
0.13038996
0.12637036
0.13080466
0.12739149
0.129096
0.12191565
0.122863345
0.12863316
0.13329929
0.142936
0.14243247
0.14023092
0.13271508
0.1315892
0.13310218
0.13899782
0.14212582
0.14434202
0.13933967
0.13755204
0.1354935
0.13899182
0.13879155
0.13364549
0.12401661
0.12536338
0.13093546
0.13493685
0.12808743
0.1305091
0.13022867
0.13240232
0.12976593
0.13187501
0.13866957
0.1330299
0.12988885
0.12925316
0.1344506
0.14352804
0.14092652
0.14051871
0.12964255
0.13026688
0.13249598
0.1336773
0.12633425
0.127158
0.13326497
0.14204763
0.14085352
0.14307667
0.14044008
0.1372711
0.13230276
0.13392541
0.1319465
0.13614681
0.13514665
0.13325731
0.13323887
0.13523981
0.13971327
0.13115448
0.12828745
0.13257681
0.14475177
0.1516942
0.15027216
0.13891062
0.13538769
0.13230489
0.1334087
0.12828968
0.1328237
0.13483565
0.14048365
0.13601153
0.13271117
0.13332318
0.13652518
0.14135176
0.13508312
0.13188682
0.1282618
0.12820913
0.12392964
0.1295842
0.13048609
0.13875575
0.13867132
0.14446269
0.1404807
0.13866809
0.13274945
0.13267833
0.13849191
0.14290893
0.14191307
0.13211104
0.1299875
0.13552888
0.1411346
0.14022958
0.1338476
0.13185775
0.13365883
0.13105328
0.13695422
0.13665196
0.13635974
0.13526459
0.13676721
0.14363244
0.13921276
0.13588594
0.133353
0.13546553
0.13314742
0.13690455
0.12931708
0.1346483
0.13846162
0.14486043
0.14059721
0.13571098
0.13253148
0.13459945
0.1345646
0.13341184
0.13930477
0.13939102
0.1480663
0.14625916
0.14405562
0.13270786
0.123381436
0.12713777
0.1292927
0.1350158
0.14698249
0.14806883
0.15333793
0.13681678
0.13795282
0.14107493
0.14452219
0.15176503
0.1447377
0.1462705
0.14164332
0.14286777
0.13753083
0.13421369
0.12427717
0.12190093
0.11976592
0.1290277
0.13918608
0.1519569
0.158909
0.15674278
0.1521984
0.1475573
0.14805102
0.1466528
0.1450656
0.14369687
0.14741428
0.15306456
0.1477474
0.14847183
0.14496116
0.15392576
0.15186177
0.14694384
0.14811243
0.1431752
0.15657084
0.15919998
0.15810542
0.14796287
0.14255953
0.14536779
0.13946444
0.14258388
0.14336711
0.15019836
0.1490339
0.15326545
0.15692396
0.15401411
0.1492303
0.14847165
0.14607573
0.15038896
0.1500559
0.14483532
0.14446999
0.14097266
0.14197844
0.14384489
0.14012802
0.15236686
0.14591368
0.14656179
0.13982426
0.1381401
0.14275976
0.14314286
0.14353582
0.13833264
0.1404972
0.1382025
0.14065337
0.14027637
0.14122568
0.13952722
0.12866879
0.12829372
0.13699627
0.14207883
0.14344439
0.12813748
0.12593116
0.12285692
0.13114919
0.13523604
0.13403916
0.1314471
0.13000683
0.13273422
0.13755353
0.13921864
0.13578686
0.12696147
0.12032713
0.118031874
0.13440245
0.14605018
0.15318011
0.1369042
0.12720849
0.12511937
0.13216165
0.1308011
0.12932397
0.12711905
0.12963669
0.13390177
0.13078247
0.12535933
0.1221998
0.12263577
0.122522905
0.117560536
0.11455641
0.11974495
0.12634324
0.12672098
0.12804174
0.12874305
0.12910001
0.12791412
0.12931573
0.13124944
0.1273275
0.123908736
0.1191695
0.12582551
0.12562369
0.12753978
0.12563334
0.12518851
0.12811385
0.11930266
0.1186019
0.11619007
0.121391326
0.12015969
0.11775141
0.121394634
0.11891543
0.11370121
0.11607343
0.11989111
0.124097995
0.1181757
0.12155975
0.12965493
0.12772632
0.11627908
0.111439504
0.11566122
0.122678995
0.117880106
0.11623651
0.111691654
0.112732604
0.107529335
0.11281805
0.12006059
0.12139348
0.118417114
0.11304597
0.1158634
0.12470686
0.124888934
0.12939514
0.12103466
0.11802292
0.11468684
0.11335019
0.11579267
0.11106141
0.12439596
0.12219689
0.12705669
0.12107474
0.12665834
0.1226256
0.11127986
0.10810377
0.115092896
0.121557035
0.12537156
0.11658691
0.114681624
0.10843928
0.12701084
0.12918876
0.13687135
0.124270394
0.11943195
0.12151674
0.121360734
0.12264104
0.110888556
0.11148995
0.1071578
0.11643812
0.11265082
0.12341904
0.11730827
0.12077305
0.11538631
0.11970326
0.12469081
0.12589405
0.12648027
0.118344106
0.11524641
0.11724018
0.11961068
0.12046069
0.11076992
0.10942859
0.1061684
0.1064475
0.10114286
0.10156616
0.10701827
0.11093239
0.10819645
0.09986839
0.09379372
0.09512756
0.096020125
0.10057312
0.09786735
0.0988824
0.09528884
0.10373865
0.106243506
0.10638359
0.10136295
0.094688006
0.0943009
0.100093424
0.10261125
0.10752018
0.10164002
0.10237556
0.10168973
0.10558712
0.10681846
0.10476201
0.09973771
0.10576362
0.10581022
0.10658651
0.09884166
0.098270334
0.09827807
0.09765173
0.10052915
0.100601494
0.100268416
0.09711454
0.09973662
0.10320317
0.10157136
0.10298756
0.10633186
0.10680071
0.10153092
0.10153169
0.100568704
0.10506526
0.09960402
0.10315887
0.102607146
0.10178325
0.10678436
0.105406374
0.11306948
0.10922915
0.10767435
0.09962438
0.09851791
0.101353
0.106999695
0.105269134
0.10674906
0.10195352
0.10454297
0.100470856
0.105264485
0.109163105
0.11321117
0.11092104
0.10293961
0.10084945
0.102700435
0.10552133
0.1102737
0.11255857
0.108618535
0.10141911
0.09713963
0.100420415
0.10295096
0.09928559
0.10059439
0.100445725
0.10506476
0.10294488
0.09864607
0.10318553
0.10183569
0.104163736
0.1019921
0.105205424
0.110371806
0.10959915
0.10753956
0.106160484
0.10261791
0.10723239
0.10216389
0.107244484
0.1091889
0.11562746
0.11357982
0.10716409
0.10469107
0.109646395
0.115620606
0.11270952
0.110457994
0.109745845
0.11260253
0.11037856
0.11187325
0.1175074
0.11976603
0.11673485
0.11175855
0.10577957
0.10734566
0.10195176
0.10509419
0.10187298
0.111062475
0.114688784
0.11629666
0.11346463
0.10399028
0.10106858
0.09722386
0.09685192
0.10229524
0.106448114
0.109773204
0.10781606
0.10891033
0.107830435
0.10869534
0.105635054
0.11132112
0.11228972
0.1096039
0.104269944
0.1011218
0.09879426
0.104795754
0.10634766
0.111791514
0.109305486
0.10871141
0.1049568
0.10937847
0.10889216
0.11401219
0.1090187
0.1119247
0.11715979
0.122303985
0.12009259
0.116713785
0.114260085
0.11494001
0.111112095
0.10953258
0.111303456
0.113085374
0.114493944
0.110522516
0.11106508
0.11256842
0.110047564
0.11068597
0.105673686
0.10934062
0.11082493
0.110010445
0.10972428
0.10810207
0.1227987
0.12261041
0.12387973
0.115636535
0.12002548
0.117262974
0.11019241
0.11369882
0.11368257
0.118156865
0.113896735
0.12017282
0.115169324
0.11319175
0.110831894
0.11394965
0.11552339
0.110695474
0.11521317
0.11962646
0.124170564
0.12006324
0.11690588
0.11596583
0.11358292
0.11063192
0.10751634
0.1127767
0.11482009
0.120828636
0.124849595
0.120132245
0.1212052
0.120716125
0.13256134
0.12796323
0.12363035
0.118935935
0.110609084
0.106483504
0.10477246
0.11496968
0.11782699
0.11531669
0.11107476
0.11929556
0.12037487
0.124763526
0.1245466
0.12815769
0.121407725
0.112222284
0.11261806
0.11534382
0.11986454
0.11808151
0.118934214
0.120416604
0.11470754
0.11734622
0.112849444
0.11569084
0.116883375
0.11398626
0.11023833
0.10730301
0.11402417
0.11726546
0.11727003
0.117144585
0.11938149
0.11746773
0.11668914
0.12615754
0.13154213
0.13024108
0.117363684
0.11078943
0.10496731
0.11077105
0.112580374
0.11810596
0.110717624
0.110436425
0.11150718
0.113217555
0.11618125
0.11047718
0.10452282
0.11040719
0.1153969
0.12634993
0.121878736
0.1235753
0.124165885
0.11868229
0.115932904
0.1103868
0.10865134
0.106197566
0.106141776
0.10887639
0.10991577
0.105801396
0.107057646
0.10576251
0.11533011
0.11756727
0.11508484
0.1163128
0.11747045
0.11833797
0.11486792
0.10562081
0.11090722
0.10835864
0.11083093
0.10041837
0.09922723
0.11386394
0.12649745
0.12551515
0.108534895
0.10702748
0.10888008
0.1149752
0.1121259
0.10793433
0.10052179
0.09946184
0.1076498
0.10973238
0.11018636
0.10765229
0.109649934
0.10845713
0.100506194
0.10378058
0.101338215
0.10429605
0.09824473
0.09933569
0.09937208
0.105994634
0.10621081
0.111223705
0.10572414
0.11020337
0.10753504
0.10820186
0.10690997
0.10770179
0.1073071
0.1028184
0.102362335
0.10596662
0.10585438
0.10667345
0.10190168
0.1045339
0.10491824
0.10103866
0.09505689
0.094930425
0.102132395
0.10310677
0.10040326
0.10594604
0.110241406
0.11025005
0.11097404
0.11079746
0.108864784
0.1077789
0.10871037
0.11093239
0.1129278
0.10980293
0.11395956
0.10932692
0.11937627
0.11977141
0.117102295
0.11214253
0.10782456
0.11180661
0.11595312
0.11323878
0.11051117
0.10099756
0.10375435
0.10654162
0.11414125
0.119807035
0.11177324
0.11328855
0.11249413
0.11909521
0.119024485
0.11667749
0.117232814
0.111770324
0.12263244
0.119981356
0.12512726
0.1119658
0.11911119
0.11834605
0.12163182
0.11929487
0.11970835
0.11983486
0.12357892
0.12729026
0.12886643
0.12515791
0.120228186
0.118247084
0.11909955
0.1245604
0.12821747
0.12902574
0.1291236
0.12925649
0.1273525
0.13061836
0.12979075
0.1333075
0.12545677
0.124286965
0.12329886
0.13421994
0.13185705
0.12661912
0.11377535
0.11831159
0.12121771
0.12074138
0.121822804
0.11898096
0.119847104
0.12354882
0.13140915
0.13177003
0.13148591
0.12384173
0.13429353
0.13393658
0.13527179
0.12673384
0.12147517
0.12469157
0.120368905
0.12521903
0.12579705
0.13683777
0.12860866
0.13031423
0.12611577
0.13192707
0.13000582
0.129202
0.13322292
0.13103299
0.13770714
0.12884519
0.13023165
0.1272484
0.13582152
0.13252208
0.12701878
0.12528464
0.13526253
0.13755043
0.13859238
0.13209046
0.13137287
0.1328811
0.12896542
0.13051252
0.11748114
0.123718716
0.12326096
0.13129987
0.1265682
0.13095705
0.13657324
0.13792722
0.12963313
0.12413513
0.12821725
0.12784426
0.12653436
0.12033694
0.1207533
0.12127411
0.12768224
0.13147454
0.12662624
0.12339763
0.11732509
0.12620522
0.12789212
0.134741
0.12765841
0.12216999
0.116161115
0.11616348
0.115588024
0.11741659
0.1143181
0.117562495
0.1257938
0.13030836
0.13505481
0.1344366
0.13318025
0.12762798
0.12100609
0.12115038
0.1279133
0.1313287
0.13515744
0.13134958
0.12975352
0.12742862
0.12623289
0.12479958
0.124534145
0.12347511
0.1280847
0.13161911
0.13547672
0.13249174
0.12832989
0.12601194
0.12310476
0.11928018
0.12509029
0.12186597
0.12627189
0.12214793
0.1284054
0.13191745
0.1294584
0.1324304
0.13157389
0.13207881
0.12812038
0.1254761
0.11985889
0.119429894
0.12926143
0.13748947
0.12811606
0.12608407
0.13009281
0.13992569
0.12829304
0.124532305
0.12553407
0.12908953
0.1259459
0.12001395
0.12229187
0.12373626
0.1318194
0.14028306
0.13542977
0.13522562
0.12662384
0.13392052
0.13497049
0.13369322
0.12399625
0.12313097
0.11585685
0.12207785
0.11381251
0.12052067
0.11958261
0.13119201
0.13151455
0.1321139
0.12495375
0.13003057
0.12805852
0.13489975
0.13238183
0.13732877
0.13327123
0.1274222
0.12555508
0.1265768
0.12909698
0.12730977
0.12524244
0.1340628
0.13545762
0.13865131
0.13930663
0.1429259
0.14652479
0.14137468
0.13662264
0.13307168
0.13441105
0.13241468
0.13147458
0.13175374
0.13788006
0.13754615
0.13894646
0.13925739
0.1374333
0.14170709
0.13935414
0.1408125
0.13663386
0.1346436
0.14210515
0.1408244
0.14219132
0.12953876
0.13060029
0.12779152
0.13972752
0.13208865
0.14382042
0.13639282
0.14028728
0.1265597
0.123853676
0.12001758
0.12948084
0.1330157
0.14384957
0.15034437
0.15260811
0.14456558
0.14157183
0.15011628
0.1497029
0.14328869
0.13250576
0.14651053
0.14874044
0.1424571
0.13873494
0.13883044
0.14120738
0.13853408
0.13727991
0.14381664
0.14004101
0.13960873
0.13968682
0.14084238
0.13984506
0.1407495
0.13979939
0.13983205
0.13758971
0.13521042
0.13566758
0.13040312
0.13209173
0.12765984
0.12614909
0.12956181
0.13708173
0.14534873
0.14950117
0.14895113
0.15092903
0.14720786
0.14674313
0.1534961
0.16028228
0.157127
0.14869662
0.14103417
0.13839446
0.13862653
0.13406585
0.14397472
0.14526935
0.15452933
0.14902571
0.14699525
0.13617685
0.13452825
0.13004851
0.13566686
0.14337887
0.13860467
0.14392948
0.14231183
0.14254372
0.1404284
0.14330864
0.15171528
0.15112482
0.13752215
0.13686368
0.13046913
0.13620529
0.14060159
0.14826794
0.14852938
0.14916664
0.1445633
0.1523302
0.15342258
0.15227439
0.14502625
0.14965275
0.15370165
0.1567421
0.14976534
0.14696752
0.15423459
0.1649663
0.16993865
0.16872063
0.14851445
0.14599566
0.14229803
0.16509402
0.17140368
0.16801047
0.16449699
0.15770699
0.15833256
0.15298982
0.15103576
0.14696017
0.14122805
0.14211996
0.14399827
0.15168655
0.14816491
0.15176149
0.13870174
0.14180031
0.14731741
0.15212987
0.15092838
0.13924012
0.14118731
0.13832937
0.13135165
0.1217093
0.12821054
0.13899349
0.14851972
0.14336054
0.14096162
0.14380838
0.15551421
0.15611932
0.15174028
0.1455201
0.14941874
0.14942914
0.14831884
0.15192524
0.15338373
0.1498519
0.15010963
0.14494038
0.14405894
0.13552883
0.14067012
0.13851814
0.14575885
0.1410689
0.14153133
0.12975782
0.14035295
0.13829684
0.15180878
0.14807843
0.15937422
0.1603079
0.17470485
0.1736254
0.1738956
0.16070436
0.15674767
0.1496246
0.14121582
0.14116481
0.14436574
0.14664017
0.16959962
0.16859397
0.16327772
0.14093809
0.13632181
0.1411103
0.1399829
0.1456488
0.14359178
0.14183952
0.13373154
0.13753012
0.14043984
0.1470305
0.14347295
0.1434524
0.13542388
0.14706872
0.13323577
0.13875134
0.13463338
0.14297467
0.14151765
0.13686772
0.13299204
0.13725406
0.13994607
0.1487312
0.1546392
0.14759731
0.14714889
0.14149758
0.15097335
0.14606762
0.13867489
0.13277341
0.14239328
0.14036888
0.14293356
0.13980412
0.14762446
0.14777793
0.14999872
0.1522821
0.15101387
0.14846912
0.14734478
0.14935818
0.16039006
0.1617197
0.15546842
0.14173464
0.13729705
0.13878097
0.13731568
0.14032798
0.15236767
0.14596118
0.1391411
0.13446385
0.14332363
0.15018085
0.15243009
0.14954506
0.15120654
0.1494465
0.1523676
0.14179018
0.1415243
0.14489931
0.15489393
0.149708
0.14659287
0.14000256
0.13568628
0.13591512
0.1352369
0.13691647
0.14447924
0.13794602
0.1410335
0.14181308
0.1494788
0.15016101
0.13954692
0.13897741
0.1386773
0.13954519
0.13554509
0.13779664
0.13808344
0.1387515
0.13907336
0.13997915
0.13916364
0.14207046
0.14677168
0.15114656
0.1523928
0.14634235
0.14191535
0.14329384
0.15286525
0.15302122
0.1522514
0.1534564
0.14334005
0.14288312
0.14165656
0.15685178
0.16553213
0.1628087
0.16321494
0.159846
0.15550359
0.14667991
0.1518315
0.14950788
0.15152012
0.14592414
0.15588114
0.1498104
0.1509625
0.1534549
0.15762174
0.15933827
0.15407981
0.1619348
0.1600548
0.159611
0.1507363
0.14540994
0.15514772
0.16125591
0.16304415
0.15252852
0.16021575
0.15440255
0.16399507
0.15808894
0.15973286
0.14814495
0.14785624
0.1451463
0.14862272
0.14751501
0.15284911
0.15507549
0.16348077
0.16836533
0.16738197
0.16549563
0.16968822
0.16325545
0.15959916
0.17763518
0.17470333
0.17342769
0.15018003
0.14934316
0.16150421
0.17047262
0.17900603
0.17115222
0.17295517
0.16458572
0.17288126
0.17106469
0.18290895
0.1842068
0.18271384
0.17774116
0.16537523
0.16283643
0.17322657
0.17981608
0.17900082
0.166591
0.16513811
0.16477169
0.16577068
0.16384366
0.171336
0.19028792
0.1903132
0.18701753
0.17324883
0.17871895
0.1805651
0.17749253
0.17102012
0.16364285
0.16622551
0.17423287
0.18222475
0.1808059
0.17491776
0.17088991
0.16706698
0.16826856
0.17061134
0.1675845
0.17209129
0.17348433
0.1827516
0.17598774
0.17051992
0.17058492
0.17342252
0.16644421
0.16184597
0.1620671
0.16639164
0.16074648
0.16054079
0.15867275
0.1607028
0.16661698
0.15737443
0.16585322
0.16000976
0.17112766
0.17712039
0.1724148
0.16585591
0.16732764
0.16196442
0.1621108
0.17327464
0.17331196
0.17834094
0.17298095
0.1797625
0.18283828
0.18452759
0.17240249
0.1602742
0.16507086
0.17518224
0.18243645
0.17431213
0.17393555
0.17132376
0.17273255
0.20912582
0.19993946
0.20143
0.16686758
0.16973265
0.16702086
0.16885376
0.16872443
0.17527305
0.20212787
0.18344511
0.17829823
0.17722316
0.17278308
0.18067637
0.18903217
0.18461423
0.18755226
0.17685995
0.17692499
0.17561802
0.17344421
0.16704021
0.17518148
0.174765
0.16935913
0.170917
0.1747995
0.17823502
0.17136729
0.17179963
0.17655444
0.17361788
0.16790861
0.15630825
0.15887968
0.15778305
0.1547846
0.15982944
0.16232371
0.15820761
0.15923506
0.16326118
0.16116692
0.16981302
0.17756832
0.18134539
0.1844242
0.18121055
0.17110823
0.16687295
0.16942953
0.17183538
0.17001605
0.17637968
0.1719701
0.16493425
0.16503392
0.15776752
0.15880981
0.15562478
0.15777522
0.15658845
0.15635674
0.16010317
0.16272
0.1611624
0.166457
0.17232983
0.17486943
0.17903352
0.17222375
0.17305948
0.17177977
0.16845292
0.18124685
0.17839278
0.1810797
0.1733752
0.17333478
0.15847996
0.16018336
0.16288215
0.1678576
0.16916092
0.18057854
0.18470778
0.17799717
0.18508
0.18646178
0.18461381
0.1824552
0.17472877
0.1677325
0.17485492
0.17978874
0.19095041
0.1855952
0.17615724
0.17559978
0.16800721
0.16328898
0.16455434
0.16557571
0.15895541
0.15853076
0.16071711
0.160225
0.15897314
0.15812317
0.16175404
0.16795963
0.18008667
0.19277075
0.20655124
0.19694997
0.19731778
0.1886967
0.18982784
0.18517786
0.18527396
0.19166413
0.19302312
0.19810154
0.1889013
0.19474114
0.19087169
0.19079983
0.1801315
0.19141057
0.2035775
0.19385223
0.21057644
0.20774975
0.22923565
0.22314422
0.21096857
0.19768456
0.1970117
0.19514151
0.1954757
0.19625106
0.2053008
0.2043976
0.20304221
0.21092902
0.23228186
0.2180402
0.21288836
0.20331345
0.20113605
0.1990683
0.1999934
0.20263748
0.20641565
0.21131644
0.20187655
0.19896176
0.21232092
0.22421008
0.21455704
0.23460688
0.21378024
0.20220323
0.19942568
0.20190214
0.20009495
0.21499649
0.2149009
0.21751958
0.2132716
0.22157548
0.21294655
0.20925735
0.206408
0.20268537
0.20863011
0.22114491
0.22683328
0.22766902
0.23345062
0.22888687
0.22502087
0.2207083
0.22591443
0.22499663
0.21575439
0.20833232
0.20247109
0.19503053
0.18913576
0.183031
0.19186194
0.20073381
0.21824363
0.22197565
0.2310052
0.21656154
0.2240913
0.21226232
0.20909913
0.20494787
0.20504494
0.2121345
0.20492935
0.19799578
0.19098423
0.18699704
0.18842989
0.18184227
0.17870615
0.18711068
0.1805561
0.1736051
0.1789238
0.18558526
0.18534152
0.19334315
0.1976393
0.19872357
0.19516705
0.19485082
0.1956915
0.18906
0.1753256
0.17596453
0.18199459
0.18634087
0.19120726
0.20088598
0.20483392
0.19898541
0.18587673
0.18630071
0.18498325
0.17802553
0.17841735
0.18959779
0.19428185
0.19844046
0.20640048
0.20973915
0.20049544
0.19638161
0.19473065
0.18392102
0.17757452
0.18450394
0.18988436
0.18893428
0.19373167
0.1857156
0.18106005
0.18038385
0.18260027
0.18110351
0.18302545
0.18532008
0.18132631
0.18733747
0.18332814
0.19865619
0.19753394
0.20169419
0.19461739
0.19415335
0.19972733
0.19598234
0.18826877
0.1772105
0.17326957
0.16835004
0.1782392
0.18192546
0.19303168
0.19488505
0.19022141
0.1881013
0.19574223
0.19285923
0.19932538
0.20422354
0.19499561
0.18531384
0.19061908
0.18642977
0.17182888
0.17436342
0.17793131
0.17396615
0.18838835
0.18977587
0.19113232
0.19311269
0.2016574
0.1840338
0.18986084
0.18852638
0.18813096
0.18114093
0.19148408
0.18330036
0.18650691
0.1830312
0.17603824
0.16964485
0.16812877
0.16477455
0.1662698
0.16857992
0.17195246
0.17288989
0.17905991
0.17289671
0.17537658
0.18756248
0.19418095
0.18752882
0.19616261
0.20266472
0.19307546
0.18706633
0.1923569
0.18745089
0.18065086
0.17613056
0.17118886
0.16829352
0.16420202
0.18233295
0.17912535
0.19406758
0.18942821
0.19101597
0.17459756
0.17749372
0.17076775
0.16934493
0.17356417
0.16569704
0.16929586
0.16740826
0.16778104
0.16577098
0.16454755
0.1680811
0.16361478
0.16846278
0.1655814
0.17288493
0.17272264
0.16681196
0.16599295
0.16569686
0.16967256
0.16635612
0.15827517
0.15419725
0.15054362
0.14798398
0.14343861
0.14053369
0.1457612
0.14620718
0.15222117
0.15187715
0.15690629
0.15317398
0.16209154
0.16206686
0.17072512
0.17835575
0.17956688
0.18909805
0.19828826
0.19140397
0.17835724
0.17373222
0.17192468
0.16367632
0.15090199
0.15480687
0.16174287
0.16297835
0.16134013
0.15931378
0.16701473
0.17124455
0.16845293
0.1666691
0.16300412
0.16251658
0.16541846
0.16124792
0.16433738
0.16539834
0.1646017
0.17604734
0.18134184
0.18130004
0.17757511
0.17412198
0.17541918
0.17724037
0.16559607
0.16572051
0.20096669
0.208126
0.21167025
0.21723506
0.2130066
0.20817448
0.2008963
0.16960476
0.1578966
0.15571547
0.16880736
0.17988133
0.17129147
0.16840866
0.16989312
0.18084307
0.17705244
0.1681309
0.16694364
0.17743331
0.17740889
0.17608199
0.169248
0.16602613
0.17851318
0.1732761
0.17264873
0.17370282
0.16955088
0.16981071
0.17053206
0.16006698
0.16015045
0.15378778
0.15297058
0.15987143
0.16858006
0.17497471
0.1779363
0.17923488
0.18453163
0.18846467
0.18585071
0.1814893
0.17798169
0.1723292
0.17517918
0.16961883
0.17231098
0.16798909
0.17262684
0.1723731
0.18003497
0.1748859
0.17817871
0.17117403
0.17816718
0.17529187
0.17616701
0.17022096
0.17823735
0.18878607
0.18975906
0.18664287
0.2089183
0.22673513
0.22943726
0.21456212
0.21849632
0.22790633
0.22700855
0.20819381
0.20491512
0.2143759
0.20793274
0.20480062
0.20215301
0.20855907
0.20956454
0.20411061
0.19748631
0.20240581
0.19510801
0.18854661
0.17683731
0.16798683
0.16975272
0.17067066
0.17301992
0.18352678
0.17767462
0.17472862
0.1757793
0.17503111
0.17559186
0.16757007
0.1662189
0.15362257
0.15844338
0.15857589
0.15994903
0.15552454
0.15522559
0.1563914
0.15453966
0.15544353
0.1608195
0.16061892
0.16350764
0.16279426
0.16274801
0.1572598
0.15329699
0.15335597
0.15697037
0.15205131
0.14703189
0.14306338
0.14294396
0.14879856
0.15154308
0.157175
0.16098216
0.16155334
0.16900563
0.17770216
0.18531308
0.17584187
0.17152624
0.17248257
0.17270496
0.1714844
0.16740125
0.16736998
0.16211952
0.17246094
0.18093547
0.18386063
0.18617229
0.18868528
0.1938291
0.18936813
0.19375274
0.19198956
0.18265948
0.17710787
0.17663829
0.17396186
0.17339504
0.17106164
0.17327683
0.17359188
0.1675788
0.16294698
0.16462131
0.16685842
0.16792466
0.16836472
0.172054
0.16646597
0.16894206
0.17884092
0.18830661
0.18307655
0.17709029
0.17432494
0.16657093
0.16721635
0.1630616
0.1600189
0.1577336
0.15045415
0.14971304
0.15518786
0.15844005
0.16344617
0.16708073
0.17216249
0.17277391
0.17486747
0.17824459
0.1820819
0.18031223
0.17849569
0.19007766
0.19213133
0.19353756
0.19499573
0.19391263
0.19210862
0.20072758
0.20524433
0.20841467
0.20071255
0.19561952
0.19033091
0.18970132
0.1992583
0.20637774
0.18902664
0.1931166
0.18867947
0.18945609
0.19236481
0.19883294
0.20517391
0.20119481
0.20323221
0.21191931
0.20659474
0.21130604
0.21618529
0.21501917
0.21307637
0.21301453
0.20957507
0.20910247
0.20398991
0.2017152
0.2110422
0.2034404
0.21002367
0.21466394
0.21199349
0.21825609
0.22242641
0.2160764
0.23297217
0.22141999
0.2245009
0.2314923
0.2367642
0.24866721
0.2621935
0.28135467
0.2752381
0.28488868
0.29202577
0.279714
0.27845702
0.28799543
0.2951886
0.28763533
0.29492426
0.30720305
0.31649506
0.33133757
0.32535255
0.30722812
0.2950623
0.29856363
0.2958775
0.28588107
0.29035145
0.28533643
0.28325492
0.2967383
0.2856432
0.27614376
0.28084674
0.27108276
0.27813333
0.271088
0.26983237
0.27900255
0.26649728
0.29140097
0.3083974
0.3372072
0.34917226
0.36289108
0.38269204
0.3836997
0.41568613
0.38806406
0.3883176
0.3477239
0.34923235
0.3577198
0.35118186
0.35280487
0.3914014
0.37437907
0.38287437
0.38580313
0.39710915
0.3934448
0.37554717
0.37035072
0.34489122
0.38642
0.4112469
0.38854778
0.3658937
0.35885164
0.3632333
0.37583834
0.39922962
0.36780477
0.36161196
0.37327725
0.37405768
0.37906373
0.3936182
0.4204388
0.44735187
0.44676983
0.4247258
0.4395888
0.43728834
0.45246387
0.4322873
0.4117616
0.3921985
0.41791308
0.40808904
0.40165365
0.4354247
0.44645488
0.48844844
0.4739861
0.46239892
0.46846452
0.4660172
0.4780831
0.44524103
0.40911984
0.40033254
0.40289512
0.4161738
0.41370854
0.39654943
0.39785904
0.40267926
0.4372395
0.44247222
0.42976546
0.41609377
0.41362643
0.43484282
0.43526408
0.4499732
0.48794448
0.4714861
0.4828989
0.46810812
0.5145526
0.56792665
0.55616516
0.5812656
0.59859806
0.5685504
0.56226593
0.6248782
0.61674124
0.6044838
0.53701097
0.5611135
0.54912823
0.53141445
0.58281434
0.59023774
0.6022344
0.5860628
0.6007146
0.6704042
0.71030325
0.7446958
0.7038001
0.6421822
0.72433543
0.75528836
0.76215965
0.74445677
0.7029693
0.68761164
0.7148264
0.71193737
0.70485336
0.685647
0.6286452
0.6240459
0.58121884
0.5707556
0.56979793
0.56230867
0.55553144
0.5372889
0.5255951
0.5594065
0.5376363
0.52585787
0.50733995
0.5052546
0.48160842
0.4789074
0.47397068
0.50201696
0.5301278
0.5206256
0.54825294
0.5221025
0.5164384
0.5100534
0.49880216
0.48493308
0.52674913
0.5215508
0.5190225
0.5004816
0.5001535
0.51766604
0.5240568
0.52369404
0.54388356
0.552917
0.56064546
0.5568881
0.54766184
0.5610202
0.5420486
0.5369625
0.53109705
0.54501057
0.5214582
0.54946095
0.57826775
0.57221454
0.5814475
0.5743277
0.57556593
0.57478917
0.57478917
0.57478917
0.57478917
0.57478917
0.57478917
0.57478917
0.57478917
0.57478917
0.57478917
0.57478917
0.57478917
0.57478917
0.57478917
0.57478917
0.57478917
0.57478917
0.57478917
0.57478917
