2.2817194E7
1.3668688E7
5810930.0
3703739.5
2653589.2
2011632.4
1588918.8
1314198.2
1093064.0
950460.9
842627.3
724750.75
647110.75
583140.75
532454.06
487865.9
447702.97
412370.94
379782.6
355954.5
336914.75
314403.28
299448.7
284963.88
273127.34
256718.48
245097.86
237903.92
230107.4
220541.17
212999.67
205305.48
195494.38
187789.23
185244.38
181798.25
204864.4
173162.47
168365.89
164812.16
160661.05
159303.1
154936.42
153482.11
151376.92
148172.84
145341.6
141467.83
139738.47
137884.17
136047.83
131837.44
130528.91
127679.95
126528.805
124460.984
122091.44
121453.82
120331.875
119136.63
120238.664
116019.4
116020.016
114927.805
113122.48
111287.25
111144.09
111017.37
109932.984
108569.24
107377.45
104201.2
104676.03
103978.984
103726.88
103035.164
101823.58
101944.05
100913.57
99644.89
99746.82
99870.55
98930.72
96846.48
96584.53
97110.34
96482.57
95467.07
96789.35
96599.32
95959.82
95883.17
96198.9
94023.7
93974.43
93033.17
91809.484
90944.94
91471.93
91927.45
91283.23
91101.68
91189.375
90441.64
89319.31
89686.125
89652.445
89547.96
88452.67
87099.42
87896.46
87649.29
86368.625
86267.97
85108.19
85111.61
85711.03
85097.02
84349.16
84928.09
86819.195
84782.14
84604.53
82831.7
83165.92
80986.34
81565.99
80235.96
81192.39
79863.65
80418.06
80436.2
80115.836
79863.516
78705.25
79427.47
79529.44
79002.125
78368.266
77577.19
74971.67
76798.586
76520.19
76613.125
76122.89
76476.3
75890.04
73701.8
74201.52
73864.25
75040.51
74003.94
74381.14
74052.32
74045.98
74075.01
72852.1
73769.164
74690.32
73870.69
75198.625
75087.65
77789.164
78571.26
76421.3
75458.21
75205.23
75426.695
75045.56
72373.58
69842.08
70491.74
68906.16
68319.77
69434.97
69038.6
69516.57
68422.49
67981.3
65833.805
66115.195
67033.484
66531.32
66988.23
66574.016
66098.0
65454.57
66021.64
64633.04
65015.543
63548.188
64418.293
64010.99
63583.105
62447.477
63365.43
64107.973
64320.9
63269.793
64214.934
63717.008
66115.9
64927.184
64454.15
65040.977
63716.66
64506.78
63617.91
64569.88
63508.33
63481.387
64682.53
62801.293
61786.766
62129.867
61562.07
60228.74
59218.613
59267.832
59933.92
59589.42
59088.902
60044.164
60839.5
59192.773
58726.09
58343.61
58262.953
58663.34
59270.19
57991.28
56969.32
57234.387
57132.43
58260.395
58788.047
58151.98
59208.8
58508.06
59444.285
62438.652
64816.133
62626.66
60401.582
57755.95
57588.62
55963.496
54641.688
54449.695
54627.15
53644.73
54022.49
53492.53
53973.04
51932.676
52188.82
51626.812
50548.664
51565.8
51070.38
50344.145
50066.215
49828.215
50174.24
49051.855
48821.652
48599.95
49918.984
48779.008
49109.816
49398.836
48842.918
49680.977
48931.61
47239.742
47823.027
49032.43
48365.863
47091.492
47802.78
47085.21
47331.83
46976.457
46713.44
48690.3
46666.637
47005.32
46298.207
46546.742
45606.25
45843.613
45716.035
45438.77
45841.227
44643.504
45269.7
45885.773
46253.82
44691.05
44242.094
45502.027
43985.715
44245.027
44528.793
44303.695
45437.523
43518.93
42909.145
42754.656
43026.918
42164.582
42529.484
42819.145
43254.15
42824.89
42468.23
43062.89
42475.84
42379.96
41858.527
42694.52
42526.918
42075.492
41666.867
42016.44
42607.65
41699.426
41049.227
39658.88
39535.28
41155.26
40270.55
39690.355
40712.035
40697.156
40103.566
40340.984
40339.992
40117.77
40735.04
40228.527
38919.863
39506.668
39918.062
40289.33
39270.727
39137.33
39437.098
38988.67
38525.176
38932.375
39170.652
39484.332
38190.266
39038.406
38303.637
38710.08
38548.64
37870.414
38087.195
38404.38
37689.906
37266.984
37792.082
36509.27
37614.11
36391.99
36948.703
36740.402
37360.957
37026.938
38112.9
37709.137
38709.43
37769.05
38348.066
37408.58
36374.71
35802.72
35882.586
36013.375
36095.617
35000.49
35909.78
36596.438
34584.836
36014.656
34448.406
34996.438
35779.723
34414.938
34480.223
35434.06
33555.594
35264.855
34695.797
36686.82
34514.773
34938.02
35118.508
35805.848
36612.02
36600.223
36279.195
35537.934
36707.793
34275.062
32765.883
33611.418
34228.12
34471.195
36107.75
33614.934
33465.33
33365.906
34230.336
33314.043
33037.66
33400.332
32914.6
33327.582
32333.447
32560.9
32677.775
31891.205
31243.53
32746.703
31567.7
30600.006
30866.709
30988.152
31616.295
31798.303
31424.076
31652.965
31056.238
31290.586
31239.54
30598.092
30387.656
30702.44
31511.475
30490.2
29896.604
29761.396
28070.324
28596.012
28209.957
29323.52
28949.781
29056.217
28538.42
29101.861
29083.867
29241.346
28979.533
29165.662
27327.09
28045.38
27911.756
27364.031
27159.883
27265.043
27559.04
27703.055
26809.703
27456.512
27083.09
26503.229
24857.967
26714.707
26410.963
27678.428
26549.057
27160.916
26994.758
25611.822
26190.334
24513.684
25207.96
25921.076
25663.857
25703.766
26076.236
25366.795
25994.488
25305.402
24102.195
24697.668
24300.635
24654.3
24922.004
23241.014
22043.385
23932.902
23389.861
23068.14
24472.693
24279.586
24120.287
24713.822
23281.52
25199.102
23393.26
24194.686
23605.604
24301.166
23124.45
23570.357
22711.006
22948.297
22683.45
22240.523
24540.877
22725.916
22300.344
22994.953
23734.898
24076.645
22809.385
24794.766
23241.322
21788.475
22868.271
21444.63
21357.13
22123.84
23116.715
22246.287
24232.264
23016.1
20657.713
23267.768
20758.324
21281.006
22758.193
21674.938
21233.275
21573.53
21976.64
22017.31
23005.564
23071.525
23827.656
21309.156
22122.682
20834.455
21343.26
19882.967
21522.268
20567.492
20863.814
21976.057
21613.904
21694.605
21743.777
20765.26
20949.94
18939.953
19233.846
19380.682
19539.822
19516.846
20980.758
19690.07
18754.729
20634.531
17444.457
17639.285
17886.479
20212.92
18797.234
17434.713
18240.91
17356.68
15987.897
18035.523
18586.73
15888.776
15500.338
16993.613
15893.424
14711.276
15723.694
14787.568
15166.523
15947.526
15467.499
13477.746
14159.638
15536.831
16127.274
15336.72
13698.999
14569.531
13843.852
14972.39
16426.52
15752.449
13802.384
14573.629
14226.418
16971.5
11576.09
14009.643
15801.336
14307.52
14467.6045
13469.18
13825.083
15017.339
13191.736
13565.584
15023.855
14818.108
17749.605
16123.671
13798.923
14273.8955
11649.864
11093.331
13611.268
12981.262
11787.407
11955.433
11600.175
10719.363
13563.734
15549.267
10944.846
13464.035
7934.161
10107.045
11707.326
10437.437
11713.442
10507.332
10096.759
11990.776
8898.016
9589.258
9800.842
9656.927
9845.735
10313.081
10922.12
10528.164
9741.883
11235.128
12320.712
9429.958
10612.525
10279.767
10518.003
9358.408
7984.487
12407.723
7680.49
7307.168
8070.234
7041.9937
26156.162
6667.814
6225.4214
6668.2476
8825.197
7803.9976
8425.177
6716.3516
10574.301
5972.269
8538.593
6054.6426
6139.5977
6980.8955
5840.047
7130.9043
4977.4775
5615.3735
6892.3394
6847.7344
6199.1304
5644.6465
6140.693
8529.106
6353.695
6764.293
6599.594
6772.877
5595.1597
5458.2964
4960.083
6767.802
7064.3735
9000.592
8104.564
6057.9937
6518.082
8058.0923
5874.0234
8911.3
10309.627
6974.8696
5865.527
7058.971
5443.5283
8456.756
6420.093
6508.6885
6468.0693
7978.7383
5054.896
6332.8115
8588.004
8792.026
7226.354
5267.3193
6130.539
6535.5444
6219.3594
8541.785
7149.195
6866.662
7554.0547
7144.8213
7051.208
8172.6396
9134.375
9788.265
7453.499
8943.367
9639.251
11154.077
6394.9937
8356.568
9951.794
11871.346
6185.933
14487.815
6789.5605
11015.711
8594.198
9528.28
9444.08
10040.039
10335.811
9422.779
13013.995
13119.032
7986.485
12672.848
10111.01
18500.31
25369.4
11339.227
11425.102
13831.074
9397.674
28355.209
17248.475
19017.576
18858.037
25053.299
26372.846
63268.016
