6619.9775
2602.8901
1263.235
895.5369
713.0674
601.22345
523.97437
466.19067
421.42697
384.81635
353.74377
327.73862
305.46698
285.88733
268.26794
253.22893
239.57367
226.93903
215.43425
204.79189
195.1791
186.7352
178.36478
171.00319
164.12242
157.7319
152.15579
146.5918
141.58162
136.68361
131.77097
127.71064
123.403015
119.60564
115.90576
112.54437
109.23721
106.03443
103.33396
100.360596
97.48665
94.82974
92.40782
90.090225
87.75348
85.42696
83.40067
81.23439
79.30251
77.45955
75.68338
74.03513
72.37139
70.782326
69.27667
67.772865
66.426476
64.94925
63.555534
62.271175
61.096306
60.008224
58.853954
57.54507
56.529842
55.473827
54.445114
53.54056
52.40593
51.537415
50.72018
49.698486
48.892654
48.057922
47.216587
46.329296
45.60856
44.867767
44.183716
43.383945
42.87328
42.005863
41.400864
40.74831
40.101776
39.54368
38.858112
38.313797
37.761787
37.20781
36.646225
36.160275
35.62052
35.100407
34.75255
34.205387
33.764675
33.283978
32.86494
32.4883
32.087288
31.731997
31.26277
30.877493
30.653448
30.010893
29.761843
29.458187
28.986282
28.625502
28.381075
28.054312
27.650902
27.390198
27.055471
26.72905
26.36855
26.157337
25.89379
25.613552
25.279942
24.940243
24.684671
24.433685
24.192242
23.944962
23.660776
23.3988
23.143002
22.97033
22.7096
22.480263
22.21171
22.0031
21.771946
21.567823
21.37171
21.180113
20.978586
20.751707
20.602247
20.423397
20.216524
20.017826
19.82552
19.700365
19.535088
19.318289
19.132833
19.04845
18.835524
18.6774
18.50002
18.367447
18.183615
18.003199
17.903757
17.692045
17.601658
17.441372
17.282629
17.190113
17.034918
16.863255
16.723022
16.58791
16.48881
16.366222
16.235916
16.07429
15.973715
15.84693
15.7442045
15.630923
15.543262
15.429837
15.314631
15.245248
15.039506
14.987559
14.859452
14.7968445
14.676437
14.618126
14.471328
14.391902
14.26649
14.188375
14.117933
13.996994
13.920688
13.862345
13.762237
13.650369
13.5812
13.520388
13.418364
13.305972
13.226407
13.147036
13.127723
13.015535
12.931138
12.849053
12.788101
12.730173
12.648399
12.593626
12.491997
12.406232
12.373777
12.274247
12.2437725
12.187031
12.103536
12.032635
11.979379
11.8934555
11.838316
11.798234
11.6985
11.68085
11.589705
11.531354
11.503535
11.439341
11.38942
11.322482
11.2892275
11.254017
11.20954
11.133908
11.038214
11.019431
10.997476
10.915709
10.829484
10.80822
10.715001
10.684404
10.619959
10.605337
10.566557
10.5045395
10.444423
10.432591
10.367531
10.309131
10.277394
10.264054
10.221013
10.1609
10.092263
10.027148
10.03483
9.986456
9.935818
9.905523
9.901652
9.807149
9.800605
9.743869
9.707888
9.717198
9.633558
9.641683
9.5653
9.536204
9.541232
9.428141
9.478666
9.436539
9.403822
9.369638
9.335545
9.329129
9.258824
9.230268
9.208125
9.22869
9.163557
9.164896
9.176486
9.095156
9.049326
9.067241
9.02499
8.980043
8.956781
8.913685
8.874477
8.922354
8.848274
8.797291
8.782947
8.746765
8.7266445
8.705505
8.709387
8.666567
8.640035
8.603894
8.597435
8.578113
8.590419
8.520207
8.490685
8.471067
8.448237
8.440269
8.414733
8.403983
8.367863
8.336952
8.353023
8.342495
8.301827
8.281791
8.272432
8.255905
8.242372
8.259327
8.221733
8.189608
8.150295
8.161911
8.140003
8.078783
8.092715
8.06038
8.047652
8.052507
8.0211315
7.975197
7.974466
7.9533067
7.9642515
7.8972845
7.8899746
7.8680944
7.8729815
7.850899
7.816736
7.8285704
7.806434
7.780001
7.8149095
7.7599387
7.6995225
7.720553
7.7082725
7.7191687
7.654369
7.6527286
7.621013
7.6375065
7.584244
7.57947
7.58353
7.532622
7.531861
7.538195
7.499826
7.517688
7.4890294
7.490355
7.431333
7.46782
7.4303823
7.449872
7.3890977
7.3710814
7.3667417
7.3432717
7.3388066
7.3278008
7.281643
7.2910585
7.2843413
7.2674623
7.2457523
7.2226167
7.1968846
7.2004075
7.1763034
7.190228
7.167253
7.1753407
7.185142
7.156624
7.1591606
7.1228967
7.1374254
7.080114
7.1200304
7.103166
7.0660233
7.058893
7.0342484
7.022599
7.0118427
7.0271764
7.00467
7.009723
6.9877
6.9616747
6.9330044
6.9441495
6.917781
6.8971276
6.9047923
6.8694167
6.8728395
6.8597164
6.882281
6.831829
6.832098
6.8402953
6.817052
6.8166485
6.7798734
6.7897224
6.7771134
6.7358
6.7628064
6.7237163
6.7073617
6.6970496
6.697137
6.7107425
6.713163
6.66969
6.665738
6.6641746
6.704561
6.6658287
6.642815
6.625383
6.615839
6.629917
6.6149807
6.592433
6.603461
6.584512
6.612581
6.584339
6.5753045
6.5649066
6.5691857
6.595296
6.53815
6.5735445
6.527668
6.546846
6.5288973
6.5167475
6.5265694
6.5143995
6.5226593
6.5294495
6.529195
6.494578
6.47623
6.470034
6.4745092
6.474096
6.446536
6.4288993
6.4346724
6.4440784
6.4022703
6.420226
6.362408
6.3874087
6.3855205
6.3749976
6.3713107
6.345129
6.3577585
6.3307877
6.395736
6.3223186
6.323406
6.328058
6.311661
6.333942
6.3134804
6.282877
6.308111
6.2749734
6.2779994
6.2818475
6.278675
6.2944565
6.263038
6.246455
6.2398763
6.277706
6.2575483
6.2471576
6.227931
6.2454834
6.2419066
6.2194767
6.2331424
6.225002
6.212587
6.2000923
6.218069
6.19694
6.1983027
6.1780133
6.19168
6.187889
6.167874
6.156423
6.1425886
6.1413374
6.134763
6.173823
6.133045
6.1375585
6.1205745
6.104592
6.1128254
6.113759
6.088976
6.0733385
6.078524
6.083833
6.051074
6.076751
6.038115
6.0593147
6.0669546
6.0353055
6.0398903
6.0308805
6.0193706
6.011069
6.009352
6.0145783
5.982216
5.9769707
5.9847355
5.992557
5.9761095
5.9823728
5.981524
5.9666705
5.9708824
5.963965
5.9829435
5.9685
5.9589653
5.9686937
5.948013
5.9516463
5.9328527
5.9470687
5.955551
5.9552736
5.947868
5.930652
5.9221873
5.941804
5.9366126
5.9984627
5.923223
5.948731
5.921412
5.9035754
5.927151
5.915974
5.906368
5.8836565
5.8913555
5.907165
5.873754
5.895005
5.884572
5.8815265
5.9232926
5.875199
5.863975
5.847126
5.8670945
5.8763456
5.8499093
5.8935113
5.901223
5.8383565
5.844702
5.830125
5.8288074
5.822967
5.8119907
5.82906
5.833561
5.80838
5.807737
5.8046107
5.79001
5.7910175
5.7851357
5.782237
5.8128166
5.764647
5.7892156
5.7834167
5.7664557
5.7732906
5.7602005
5.7476726
5.742263
5.732345
5.732023
5.7334723
5.725506
5.7404284
5.728264
5.691362
5.7050486
5.6886525
5.6985445
5.697521
5.6847024
5.6915627
5.6706047
5.68447
5.7037296
5.673464
5.690929
5.671587
5.6624556
5.693693
5.6446385
5.657043
5.6620812
5.646777
5.6479745
5.6378922
5.6552477
5.638685
5.6514435
5.636993
5.6336255
5.64499
5.6115394
5.6208096
5.6434183
5.630115
5.6095896
5.6670165
5.6320205
5.6192884
5.611315
5.5927467
5.5971184
5.5716114
5.5881033
5.5793614
5.600274
5.5657473
5.5810614
5.5908093
5.56694
5.5504074
5.5642786
5.577391
5.5314684
5.544712
5.539489
5.557435
5.5529547
5.551918
5.53901
5.5314074
5.5358877
5.5299554
5.5494013
5.550023
5.50873
5.5288
5.530136
5.5400844
5.4991183
5.5060534
5.5345864
5.5126777
5.527242
5.5166793
5.5094833
5.504804
5.514
5.4879317
5.4672647
5.4762683
5.4888744
5.4767647
5.4975166
5.4723186
5.4726024
5.510124
5.4869184
5.496838
5.4973893
5.4871345
5.503281
5.501972
5.5072985
5.472235
5.506406
5.4903164
5.476791
5.4727435
5.483344
5.4995966
5.4803414
5.46343
5.4813104
5.470188
5.458871
5.472403
5.450057
5.4736576
5.452793
5.4525146
5.4602876
5.4597673
5.455543
5.46126
5.4616885
5.4853864
5.451213
5.4521837
5.4350295
5.423667
5.416901
5.4185314
5.4407153
5.4183106
5.4137387
5.4084096
5.4270535
5.4174514
5.410917
5.401192
5.414269
5.411606
5.389672
5.403363
5.389617
5.404038
5.406985
5.3942504
5.418325
5.400101
5.4142947
5.3886886
5.4146466
5.3783293
5.412979
5.401445
5.3652377
5.379391
5.3859496
5.373533
5.3774605
5.3830028
5.3810143
5.37507
5.3703947
5.369994
5.368601
5.353709
5.354239
5.3426046
5.3508635
5.3372
5.366714
5.3516407
5.3743196
5.3625083
5.369478
5.3470116
5.3215756
5.3392067
5.349305
5.346542
5.3270283
5.3356915
5.306459
5.343576
5.3352513
5.290833
5.3311462
5.3308454
5.3081164
5.314808
5.293147
5.3010783
5.2764406
5.293817
5.2825837
5.2716365
5.2618513
5.300003
5.2785716
5.2761216
5.2761
5.268904
5.280229
5.2835174
5.2490706
5.246804
5.2516646
5.267908
5.2541866
5.246046
5.291408
5.2399535
5.2450037
5.2887077
5.2081013
5.2374105
5.251747
5.2139683
5.1956725
5.238994
5.2115684
5.2117386
5.2215457
5.223856
5.231595
5.216219
5.187002
5.17725
5.1870537
5.2169495
5.25396
5.221092
5.1890855
5.1862273
5.176852
5.1616044
5.15738
5.1439853
5.1486874
5.168466
5.194462
5.1623335
5.124901
5.1493764
5.1231613
5.1260176
5.1093926
5.104133
5.1231146
5.101781
5.084851
5.07939
5.0972724
5.0964103
5.1152782
5.100797
5.056606
5.1779594
5.0725856
5.106845
5.046808
5.0878534
5.038547
5.034807
5.04091
5.047604
5.0179663
5.029258
5.0208907
5.0221047
4.9979014
5.0010843
5.0184546
5.003596
5.0118804
4.9803433
4.968383
5.007349
5.01975
4.9853992
4.9853163
5.0360246
4.9854603
4.9487624
4.9941397
4.9592094
4.935457
4.985731
4.924029
4.9340625
4.9364243
4.908112
4.9244695
4.929401
4.908712
4.889404
4.9036746
4.901925
4.9142003
4.9050083
4.88752
4.926759
4.901206
4.8715367
4.8725696
4.8721623
4.87949
4.872124
4.905357
4.882521
4.8655777
4.849688
4.853236
4.837793
4.832996
4.838156
4.8474092
4.8470836
4.8302855
4.8337145
4.828025
4.8286796
4.7869005
4.866297
4.8211846
4.83374
4.813882
4.8046303
4.8017077
4.8151727
4.897843
4.812475
4.8019423
4.8037987
4.8192554
4.7962193
4.783137
4.7841215
4.806308
4.7852173
4.7654214
4.7720084
4.771255
4.8187623
4.76686
4.7738056
4.7703342
4.7790604
4.779498
4.754157
4.7556105
4.775929
4.7600822
4.738966
4.7503395
4.741715
4.7224727
4.7431145
4.728203
4.77406
4.7396455
4.7436743
4.7334886
4.7439237
4.754498
4.72509
4.729011
4.724349
4.7118673
4.7050953
4.712481
4.689389
4.7126527
4.726035
4.6804314
4.692902
4.7019014
4.7097335
4.694543
4.6687613
4.65565
4.6787696
4.6919484
4.6580606
4.6583405
4.6691566
4.701005
4.6438937
4.6380615
4.64958
4.633514
4.643468
4.629486
4.6387453
4.6648836
4.635301
4.628004
4.635925
4.6343527
4.643434
4.6298156
4.6285167
4.6167865
4.608015
4.612484
4.6240354
4.617201
4.6237206
4.61001
4.6308737
4.5969195
4.620163
4.6004305
4.598802
4.6246076
4.609924
4.6186695
4.6052933
4.645661
4.5941825
4.6053214
4.6095243
4.5882263
4.6329026
4.60496
4.6039386
4.6183558
4.582892
4.6038575
4.616299
4.581041
4.5791054
4.5913324
4.5714407
4.587572
4.5825763
4.5764146
4.572203
4.5819235
4.541771
4.572862
4.583518
4.559136
4.5434904
4.5449324
4.5518994
4.5476093
4.525637
4.5225267
4.528762
4.525919
4.528076
4.5174794
4.5073414
4.501316
4.520296
4.537736
4.515336
4.485503
4.49225
4.5435476
4.478266
4.4896617
4.4723005
4.48124
4.497432
4.4752035
4.469098
4.4807143
4.502822
4.4650993
4.490037
4.4718957
4.472084
4.50138
4.4907303
4.480716
4.5167484
4.466785
4.4584966
4.4629645
4.4714017
4.465539
4.573853
4.4651847
4.4980307
4.4963794
4.4657016
4.4514694
4.4490237
4.4457874
4.464647
4.45317
4.5016503
4.4179215
4.4344864
4.431187
4.453088
4.437968
4.4365945
4.439519
4.453753
4.4273767
4.3947845
4.424763
4.4123855
4.4062433
4.4082947
4.4218473
4.4518623
4.407297
4.4228473
4.4181414
4.3948035
4.3808465
4.3790145
4.36219
4.3801537
4.398331
4.3560085
4.36076
4.4258018
4.3620515
4.32674
4.3463516
4.336393
4.3807755
4.3416877
4.361204
4.3120217
4.330858
4.330715
4.33231
4.299065
4.30521
4.2964134
4.2784095
4.283346
4.280157
4.271016
4.2995
4.272262
4.294527
4.276628
4.272522
4.2748423
4.2882743
4.2370043
4.339089
4.2438965
4.266223
4.244667
4.2700386
4.2242327
4.2386723
4.2463007
4.240909
4.239044
4.2503614
4.216949
4.2529144
4.208301
4.2330227
4.2173443
4.195172
4.2008743
4.189034
4.2059317
4.2003746
4.1821465
4.2151084
4.17207
4.1759367
4.1902947
4.168759
4.187632
4.198207
4.2134743
4.1708164
4.1710143
4.166064
4.163413
4.1534085
4.189961
4.1863084
4.1858826
4.241473
4.1627793
4.176666
4.183135
4.2097816
4.148526
4.162134
4.1545725
4.1408925
4.1461573
4.142952
4.145747
4.151579
4.134843
4.121182
4.1108117
4.1908855
4.1497836
4.1395125
4.124907
4.111579
4.1134257
4.119168
4.0954747
4.0950108
4.1018815
4.111131
4.0904284
4.0946465
4.0928555
4.101437
4.0880957
4.0873485
4.0838275
4.0681205
4.0816126
4.050847
4.077235
4.0557694
4.0719686
4.0724845
4.052245
4.033951
4.0642004
4.066833
4.050525
4.05217
4.0129824
4.0460505
4.0376024
4.047861
4.031183
4.050822
4.048662
4.054032
4.033762
4.020297
4.0168962
4.0181975
4.0243926
4.036934
4.0298905
4.014665
4.0121317
4.0187855
4.0340495
4.040919
3.9896052
4.031641
4.025894
4.0027533
4.001265
3.9767787
4.0088553
4.0025606
4.009806
3.9942443
3.9804869
3.9962642
3.9937875
4.0032763
3.9978793
3.9953983
3.9641423
4.008332
3.9818132
3.97754
3.9675672
3.9833274
3.9576023
3.960982
3.9617233
3.9660392
3.9532034
3.9491482
4.033316
4.019301
3.9622512
3.956754
3.966941
3.941107
3.9431067
3.969588
3.98021
3.943637
3.9510891
3.9761279
3.9539676
3.9612653
3.9519403
3.9492445
3.9605212
3.926398
3.94426
3.963324
3.9307806
3.9167838
3.9766726
3.9421823
3.93952
3.9119701
3.9346943
3.9323072
3.9413815
3.9281275
3.9342384
3.8995955
3.905853
3.9032993
3.8892562
3.8929908
3.8784962
3.8800464
3.8953638
3.8766212
3.895591
3.8580606
3.8778481
3.8837993
3.858324
3.86968
3.855111
3.8655295
3.8473618
3.8364215
3.8520389
3.8808277
3.8424413
3.8594544
3.8411736
3.8404932
3.8296885
3.850988
3.8659437
3.860054
3.8343313
3.8351548
3.8110332
3.8002498
3.815358
3.8205159
3.8203173
3.8026497
3.8014307
3.808059
3.7847571
3.7793808
3.7844813
3.76369
3.8015819
3.787402
3.7768729
3.7597113
3.7718763
3.7695549
3.7560842
3.7461507
3.7599242
3.751736
3.7448592
3.76159
3.740863
3.740288
3.7391098
3.7543328
3.7579794
3.7500687
3.7669506
3.7366776
3.750437
3.7602832
3.7384024
3.7451742
3.7261746
3.7110124
3.72739
3.7198555
3.7337835
3.7006536
3.733684
3.7321944
3.7298589
3.713205
3.7148483
3.7030718
3.7121363
3.7072008
3.6998386
3.677916
3.7293868
3.6746
3.6928816
3.67368
3.683174
3.6904469
3.6680133
3.693526
3.676455
3.6948397
3.6727428
3.6759121
3.6945763
3.6835136
3.6761873
3.6779776
3.6652486
3.7029245
3.672689
3.6661787
3.6727161
3.6605952
3.6877096
3.6848826
3.6620886
3.7015464
3.659155
3.6648762
3.660867
3.6580238
3.6666265
3.6693046
3.6722481
3.6685085
3.6600435
3.663166
3.6574328
3.6599011
3.6713502
3.6983497
3.653171
3.6569004
3.6633394
3.658909
3.6649334
3.6790795
3.6537557
3.6514575
3.6583521
3.6780274
3.6747413
3.650935
3.6699936
3.6405835
3.647743
3.6461558
3.6619258
3.6294537
3.6615336
3.6451776
3.640025
3.638119
3.6411455
3.6384978
3.6005213
3.6385543
3.6095166
3.616961
3.6174266
3.6055338
3.6167777
3.6700819
3.584769
3.6113334
3.6058335
3.5940654
3.58841
3.6094599
3.5904903
3.6028266
3.5915744
3.569654
3.5959387
3.5884104
3.5699553
3.5718615
3.5582402
3.5899012
3.6219943
3.57258
3.5495389
3.5579486
3.5533762
3.5575564
3.5569816
3.554801
3.5369654
3.524937
3.5734487
3.5379403
3.543951
3.5177047
3.5165079
3.545027
3.5202081
3.5307844
3.5278463
3.4939907
3.4942403
3.4946616
3.4920726
3.4861503
3.470838
3.4839184
3.4889946
3.5616689
3.4828622
3.4745069
3.5293672
3.4455853
3.4522812
3.4365745
3.447774
3.4543874
3.450826
3.4554007
3.445578
3.4413807
3.4437878
3.4578335
3.4451828
3.4739306
3.451714
3.424608
3.45319
3.432858
3.410091
3.4113762
3.4214914
3.4279053
3.4345613
3.4279578
3.4286644
3.424933
3.4178622
3.393435
3.4124408
3.4374447
3.4247952
3.3963692
3.4186387
3.4139197
3.399614
3.4001956
3.3927898
3.4029715
3.381522
3.3964095
3.4041085
3.4072053
3.3875847
3.3825583
3.3749037
3.3642724
3.390802
3.3829434
3.361412
3.3847966
3.4032774
3.3694952
3.373419
3.3869429
3.3782022
3.3703828
3.3697603
3.373812
3.3748746
3.3657804
3.3760374
3.3909276
3.3663986
3.364361
3.3926218
3.3579836
3.359757
3.3669693
3.3662782
3.341002
3.3548691
3.3487875
3.3051543
3.339638
3.3514893
3.340074
3.3323472
3.3113096
3.3468487
3.3139186
3.3566484
3.3477619
3.3244362
3.345326
3.3149962
3.3187103
3.3176193
3.3369849
3.3069985
3.3354275
3.289146
3.310251
3.2907615
3.3015938
3.2895818
3.303178
3.3068697
3.2819421
3.2909694
3.306468
3.2863026
3.2928889
3.3146806
3.2889533
3.311602
3.313127
3.300417
3.281593
3.299034
3.3085277
3.2966495
3.282919
3.2619715
3.290812
3.2873394
3.2698834
3.2653232
3.2779086
3.2691813
3.2727635
3.2763643
3.2602286
3.264545
3.2761412
3.256918
3.2366686
3.2410595
3.2472508
3.2423124
3.238816
3.2665772
3.253591
3.2236285
3.235194
3.2355196
3.2457716
3.227409
3.21674
3.2246792
3.2277946
3.2093263
3.2151892
3.2215574
3.2293391
3.2141404
3.2136207
3.2204673
3.2005904
3.2095716
3.2137907
3.224018
3.1997852
3.1980486
3.197226
3.203188
3.1826885
3.1996078
3.1937943
3.1968627
3.1978743
3.1782742
3.1966078
3.1926486
3.1848617
3.1847997
3.1815233
3.1821525
3.1764796
3.1788383
3.1826391
3.1689918
3.1584
3.1584575
3.169036
3.1711872
3.169987
3.1518269
3.1549046
3.1504087
3.1447492
3.145454
3.1404817
3.1429186
3.1593525
3.1313515
3.1640823
3.134156
3.1533298
3.1472
3.1244128
3.1270864
3.152828
3.1339374
3.1202898
3.1214933
3.124234
3.1229649
3.1077707
3.1289964
3.1310964
3.103372
3.1121442
3.1224942
3.1078541
3.0856028
3.111925
3.0927675
3.0986364
3.1143084
3.087632
3.0935564
3.0938132
3.0745063
3.0814779
3.0802274
3.0692923
3.088975
3.0690496
3.0574355
3.0823624
3.0721748
3.0571368
3.0526369
3.0728474
3.063797
3.0497172
3.0405347
3.049586
3.0609741
3.0537655
3.0525305
3.0274556
3.03366
3.0484903
3.0450106
3.037408
3.0183096
3.0192766
3.012503
3.0097952
3.010153
3.0302253
3.030067
3.0059633
3.0296075
3.025647
3.013364
2.9952266
3.0154972
3.011022
3.011476
3.0257113
3.0307372
3.0164263
3.0024624
2.997604
3.0063019
2.984983
2.9780037
2.9888775
3.00955
2.9967995
2.9931772
2.9833808
2.9819422
3.00569
2.990983
2.9829597
2.9906907
2.98344
2.9804556
2.9831216
2.981126
2.9798458
2.975857
2.9614058
2.980186
2.9739962
2.972667
2.9550269
2.9797523
2.9790213
2.964308
2.9688778
2.960921
2.9728718
2.9505928
2.9593306
2.9545364
2.958384
2.9607038
2.9449902
2.9439921
2.9616282
2.955676
2.95304
2.9391708
2.9373336
2.9338994
2.959373
2.9337585
2.935294
2.9553351
2.9332669
2.942985
2.9197102
2.94035
2.9332902
2.9443746
2.9421427
2.9249454
2.9219208
2.920458
2.9185748
2.907813
2.9217813
2.909468
2.92618
2.8990204
2.9149265
2.9179716
2.913436
2.9006052
2.9069571
2.9139156
2.9174643
2.89509
2.9199152
2.9354637
2.914241
2.9150894
2.9070969
2.8814673
2.8938417
2.8891315
2.8876896
2.8975213
2.8940706
2.8810499
2.8925009
2.887448
2.887125
2.8824146
2.870857
2.889522
2.8909998
2.8860738
2.897896
2.8816643
2.877387
2.8651924
2.86978
2.863915
2.872725
2.8536239
2.8534179
2.8703938
2.8636522
2.8692257
2.8528695
2.8503745
2.8447146
2.8581977
2.8332314
2.859366
2.8521986
2.8452528
2.8504682
2.8387299
2.8281622
2.8238394
2.8422353
2.8212888
2.8431418
2.8389857
2.8384562
2.8264294
2.814271
2.807272
2.8239074
2.8132343
2.8002257
2.8001173
2.8322299
2.8267753
2.8296928
2.7929661
2.8130102
2.8386471
2.8151507
2.8115678
2.8072965
2.8062353
2.8041046
2.805909
2.8151226
2.7994597
2.8077006
2.8007674
2.8011131
2.816344
2.8229308
2.811698
2.796585
2.8016758
2.8066432
2.7983792
2.799508
2.7840648
2.7902632
2.817672
2.811927
2.826478
2.7978027
2.8043966
2.7957356
2.7964387
2.8075895
2.8059828
2.7973728
2.7827575
2.8061604
2.788316
2.8048396
2.7900448
2.7775261
2.7706945
2.786803
2.7974424
2.772296
2.7746189
2.7599657
2.7598352
2.798547
2.7628303
2.7593827
2.7925427
2.7654443
2.7679052
2.7493393
2.7416658
2.7445793
2.7394826
2.7623172
2.7397099
2.7426498
2.759059
2.76093
2.751555
2.8060439
2.7294455
2.7184143
2.7491128
2.74078
2.7442293
2.7521544
2.7427628
2.7686026
2.7474484
2.7196355
2.7372105
2.7395108
2.7355516
2.7350075
2.7512038
2.7197804
2.7273152
2.7400079
2.7313468
2.7196858
2.736114
2.7104197
2.7085035
2.7135613
2.721501
2.7203665
2.7178247
2.708088
2.7076426
2.7227077
2.706248
2.7345567
2.7092535
2.7208662
2.7136416
2.700009
2.7062957
2.7102122
2.7097602
2.6913855
2.6891541
2.7179675
2.714279
2.6725402
2.6850185
2.6997755
2.6880803
2.686827
2.6977952
2.6788874
2.7028534
2.6883397
2.6685488
2.6847057
2.6638854
2.6934323
2.6539268
2.697746
2.667981
2.6693282
2.6829472
2.6890883
2.6590445
2.6608822
2.6600778
2.6469646
2.6684387
2.6583006
2.6262722
2.6363873
2.6410003
2.6611102
2.6379886
2.6255991
2.6274574
2.6445615
2.6273894
2.6227455
2.6420124
2.618458
2.6390297
2.6128433
2.637399
2.6232562
2.6339655
2.6255076
2.611046
2.6294544
2.6481192
2.6277785
2.6080163
2.6325915
2.628708
2.627226
2.6721718
2.6174462
2.6126184
2.6281483
2.6084006
2.6121483
2.6159885
2.5981345
2.6066487
2.617569
2.6020246
2.6139975
2.6137185
2.6130788
2.6186216
2.625103
2.6039884
2.6027696
2.600539
2.613499
2.6244664
2.5944467
2.5965831
2.5848608
2.6104643
2.587247
2.601412
2.599247
2.5886357
2.6017015
2.5992324
2.585654
2.5924776
2.5783064
2.5969167
2.5917888
2.547512
2.5715265
2.5791526
2.5717788
2.586061
2.5667508
2.5767882
2.546221
2.5713553
2.5535254
2.5588439
2.5687506
2.5408378
2.551172
2.5675058
2.5347605
2.5535388
2.5586202
2.534251
2.547985
2.5251
2.5361776
2.535123
2.5529273
2.5559256
2.535156
2.5359192
2.5436058
2.531568
2.533547
2.553724
2.5384529
2.5386345
2.5298488
2.556998
2.5354373
2.6042216
2.5369298
2.522565
2.5384
2.5250723
2.5274553
2.5533094
2.5578198
2.5725412
2.5065138
2.5320742
2.5173123
2.5150187
2.542225
2.524501
2.4984207
2.4888506
2.5150068
2.5162504
2.4971075
2.4939618
2.5289767
2.4804003
2.4877706
2.4798844
2.4831338
2.482921
2.461743
2.4601152
2.4909186
2.4788437
2.4581897
2.4901752
2.4919863
2.4797564
2.4686124
2.4742017
2.4703386
2.4653401
2.449915
2.4715466
2.4559484
2.4506555
2.4605846
2.453099
2.4494643
2.4549618
2.4408047
2.4265254
2.4671931
2.4312997
2.4392388
2.4475982
2.4424372
2.440626
2.4440753
2.4385204
2.439111
2.434716
2.4472618
2.4408755
2.4328322
2.4493923
2.4345493
2.4371448
2.4348462
2.4423378
2.4420578
2.4546652
2.4402177
2.4362335
2.4280002
2.446387
2.4607837
2.4417548
2.436897
2.4334233
2.4239244
2.4265428
2.4485393
2.436345
2.4448242
2.4277265
2.4242594
2.4202695
2.4193842
2.4150946
2.409444
2.4310057
2.4087887
2.3999817
2.4175277
2.4176753
2.4003522
2.3935912
2.389969
2.3969383
2.3904557
2.393791
2.3942428
2.3955986
2.3805044
2.3974767
2.3641963
2.3889637
2.3693554
2.3504612
2.3701966
2.3664885
2.3571095
2.3625956
2.347572
2.3700702
2.3509016
2.3575256
2.3613143
2.3483605
2.3324475
2.3420691
2.3315651
2.342745
2.3356907
2.3437612
2.3362696
2.341409
2.3324776
2.324676
2.3319566
2.3244877
2.3267684
2.3213568
2.319423
2.3094642
2.3220844
2.3218734
2.3165758
2.305488
2.3317764
2.320073
2.3248422
2.3175974
2.318256
2.3067234
2.32154
2.32844
2.3075728
2.3226047
2.3053806
2.3063083
2.2966394
2.296972
2.3139896
2.3010244
2.3299968
2.3040447
2.2935736
2.307498
2.30445
2.3088884
2.3216724
2.3031156
2.2953749
2.2891176
2.3005984
2.3098426
2.313067
2.3129523
2.2885528
2.294306
2.3080924
2.2839756
2.3019052
2.2978308
2.2811327
2.2859013
2.3090441
2.3193948
2.2884033
2.3006775
2.285608
2.272867
2.2861056
2.296755
2.2961504
2.2768345
2.2835963
2.2892241
2.2894106
2.296285
2.2990844
2.2646883
2.2708108
2.2843416
2.2828443
2.2832005
2.285073
2.2668989
2.2871656
2.27864
2.2874596
2.2824862
2.2626169
2.267068
2.2907455
2.2669704
2.2672248
2.2651286
2.273692
2.2746298
2.2595572
2.2696254
2.2730093
2.268822
2.2590759
2.2584758
2.2706738
2.257788
2.2709854
2.2804437
2.270623
2.2648876
2.2786624
2.2651653
2.2624784
2.2635684
2.2638152
2.2637203
2.254049
2.259745
2.2670279
2.245042
2.2393873
2.2556252
2.2429118
2.255367
2.2497642
2.242821
2.2714195
2.248909
2.2419634
2.250484
2.2487905
2.2269304
2.2350996
2.229753
2.2316976
2.2437818
2.225957
2.2320395
2.2280297
2.2243216
2.2280555
2.2204099
2.2316065
2.2253559
2.2192178
2.2225132
2.2234704
2.208724
2.2195277
2.2075453
2.2107968
2.2118838
2.203212
2.2205327
2.1959314
2.2033708
2.1944175
2.2127073
2.2104893
2.2031958
2.2113388
2.1895444
2.2015219
2.197826
2.1896825
2.1905215
2.1886127
2.1860318
2.1963103
2.1934555
2.1776023
2.2048643
2.183358
2.1749225
2.1822727
2.1977434
2.1781125
2.1870673
2.184501
2.169348
2.1778054
2.1667762
2.1768527
2.181697
2.1524334
2.1624346
2.1620138
2.1714706
2.1821742
2.1788173
2.1918852
2.155669
2.1673172
2.164068
2.152238
2.175105
2.159004
2.16339
2.1741943
2.1700828
2.1647754
2.177989
2.1678398
2.1749527
2.1575482
2.1583235
2.1695402
2.1674984
2.162089
2.1540096
2.1558397
2.153403
2.1581335
2.1616092
2.1595707
2.159628
2.1634123
2.167206
2.1552002
2.151283
2.1468663
2.1610405
2.1511471
2.1494348
2.1560264
2.1317706
2.123123
2.1458635
2.1321523
2.1400118
2.1509492
2.1378763
2.1599767
2.1366878
2.1515448
2.1369727
2.1444516
2.129853
2.1377208
2.1368997
2.1311324
2.1254451
2.110013
2.1217253
2.1157258
2.121132
2.1291368
2.122918
2.1129878
2.1159499
2.1037457
2.1001215
2.0955422
2.1087897
2.0987182
2.1221147
2.103759
2.0959888
2.082427
2.097774
2.09942
2.1114285
2.0875924
2.0953684
2.0899484
2.0809884
2.093148
2.0779583
2.0870087
2.095752
2.081085
2.0724669
2.0936959
2.0753753
2.0886803
2.0960944
2.1002948
2.0926025
2.0860093
2.085813
2.0831792
2.0911546
2.081711
2.0922012
2.0869436
2.0828986
2.0740826
2.0873816
2.089423
2.0975175
2.0859582
2.0739639
2.0743184
2.0652742
2.0706964
2.1001537
2.0848727
2.08904
2.0840948
2.0756688
2.0622768
2.071749
2.0740137
2.070271
2.0717165
2.0771196
2.0744328
2.071105
2.0657332
2.0747712
2.0635743
2.0579364
2.0780067
2.059594
2.0805004
2.0738032
2.0536242
2.0673826
2.063806
2.0752158
2.0717523
2.0678768
2.0470462
2.061745
2.0431333
2.0479596
2.0323775
2.035967
2.0485044
2.024082
2.04652
2.0407276
2.0439775
2.0345824
2.0588152
2.0288975
2.029235
2.0317283
2.0221508
2.0094066
2.0135703
2.0109217
2.038495
2.0201762
2.0313506
2.0166774
2.0102582
2.0170984
2.0198185
2.016623
2.0004401
2.01405
1.9993004
2.0099347
1.9962925
1.9979279
2.0153453
1.9953792
1.9900193
1.9951475
2.0030026
1.9803665
2.006611
1.9920878
1.9915632
1.995755
1.9892535
2.0143194
1.977844
1.9943465
1.99217
1.9980506
1.9727197
1.9867707
1.9960362
1.9893227
1.9880302
1.9624506
1.9737622
1.9823315
1.9604732
1.9799463
1.9787972
1.9682497
1.9848264
1.976614
1.9726611
1.9876304
1.9684378
1.9618478
1.9452695
1.976786
1.960499
1.9640714
1.9479665
1.9707423
1.9558342
1.9627446
1.9483817
1.9418582
1.9393705
1.9491078
1.9510931
1.9535879
1.9305556
1.9371971
1.9141812
1.9297109
1.9328349
1.937935
1.9175899
1.9215503
1.927045
1.9168322
1.9045793
1.9214953
1.9358003
1.9253243
1.9199585
1.9119214
1.9173791
1.9204
1.908658
1.902614
1.8972614
1.9035722
1.9170543
1.9002948
1.9066901
1.8980585
1.8860159
1.9135535
1.8951387
1.9009314
1.8884665
1.9018254
1.901758
1.8962412
1.8966117
1.893362
1.895179
1.901168
1.8991226
1.8947091
1.9127805
1.8847922
1.879377
1.884825
1.882287
1.8756735
1.8820373
1.8690281
1.8968246
1.8844484
1.8739007
1.8777356
1.8774785
1.8866631
1.8646876
1.868897
1.8778656
1.8697495
1.8711481
1.8781902
1.8557577
1.8726476
1.8570806
1.8722713
1.844798
1.846998
1.8527923
1.8624834
1.8608419
1.8582405
1.8500693
1.8543278
1.8484983
1.8394477
1.828021
1.8280479
1.8332026
1.8611069
1.83261
1.8479569
1.835639
1.841625
1.8319066
1.8309764
1.8432602
1.8279876
1.8233333
1.8315432
1.8315119
1.8293574
1.8248378
1.8336577
1.8199198
1.8150675
1.825008
1.8326918
1.8034762
1.8179084
1.82014
1.8094798
1.8140807
1.8052899
1.8082786
1.8119719
1.8027515
1.8026937
1.8144546
1.8018692
1.8018374
1.8025914
1.8051981
1.79307
1.8059411
1.7928398
1.7853631
1.8009956
1.7867981
1.7842097
1.7842867
1.8009813
1.7969661
1.7971687
1.7920673
1.7942623
1.8069359
1.794737
1.8014294
1.7816147
1.7985271
1.81134
1.7773318
1.7793877
1.7885349
1.7950976
1.8035429
1.7741114
1.7949052
1.7797087
1.7880386
1.8040148
1.7773023
1.784591
1.7756488
1.7873397
1.7789254
1.794143
1.7807097
1.780627
1.7795724
1.7741933
1.7806941
1.7899716
1.7722499
1.7757218
1.7764549
1.7779869
1.7592832
1.7533871
1.7715981
1.7643392
1.7808439
1.7802637
1.7966167
1.7576272
1.7869043
1.7762129
1.7721704
1.8016957
1.7574594
1.7712734
1.7630613
1.7954034
1.7744908
1.7734554
1.7713153
1.7719349
1.7924805
1.7667167
1.7715107
1.7499343
1.7599149
1.7760093
1.7787981
1.7809399
1.7652584
1.7763317
1.7597727
1.7690756
1.7583792
1.769823
1.7654322
1.7666698
1.7581863
1.7645514
1.7499985
1.7589097
1.7522174
1.7540402
1.7578249
1.7718949
1.7520297
1.7701535
1.7715791
1.7625928
1.7624184
1.7491549
1.7496625
1.7650638
1.7453415
1.7694334
1.7569975
1.7390578
1.7547903
1.7275879
1.7420765
1.7596326
1.7364521
1.7325429
1.7368898
1.7489251
1.7611616
1.7544605
1.7436295
1.7374983
1.7575434
1.7428619
1.7492068
1.7512614
1.7321035
1.7478986
1.7317605
1.7129339
1.7303057
1.7362324
1.7340676
1.7356409
1.7205329
1.7269713
1.7349739
1.7230716
1.7028464
1.7159169
1.7234639
1.7137076
1.7275314
1.7158672
1.7219877
1.7190233
1.7268918
1.7367458
1.7167604
1.7167214
1.7246214
1.7267259
1.7323905
1.7247672
1.7165232
1.7348659
1.7271583
1.7169096
1.7307905
1.713727
1.713786
1.7291323
1.7244697
1.72042
1.7225364
1.7037095
1.7293233
1.7197211
1.7081501
1.7121959
1.7072964
1.7207171
1.7172159
1.7244537
1.7085783
1.7276975
1.7183425
1.726846
1.6996816
1.7134824
1.7073737
1.7052468
1.7124617
1.7177308
1.7039454
1.6998947
1.7189753
1.7136112
1.7069547
1.7109379
1.7023166
1.7067038
1.7112368
1.7026567
1.7260761
1.7007092
1.6862291
1.6992513
1.6989679
1.6920556
1.6852174
1.6831057
1.6854752
1.6917783
1.6812661
1.6988652
1.682002
1.6890613
1.6778553
1.6854109
1.6816177
1.6956313
1.6815184
1.6816269
1.6899849
1.6692879
1.6743789
1.6754673
1.6650287
1.6662804
1.6730671
1.6722972
1.6748122
1.6743852
1.6949899
1.6746569
1.6740395
1.6802423
1.6771381
1.6826997
1.6778953
1.6773964
1.6637431
1.6655724
1.6715364
1.6786987
1.672824
1.6784042
1.6766368
1.6762687
1.6646339
1.6676581
1.6719328
1.6811416
1.6768317
1.6625209
1.6560256
1.6571802
1.6749654
1.6633184
1.6918631
1.6654721
1.6618053
1.6499711
1.6656505
1.6631982
1.6721174
1.6795641
1.6582725
1.669077
1.6579748
1.6578566
1.6639299
1.6765778
1.6670884
1.6718131
1.6579399
1.6582171
1.650481
1.6542403
1.6566721
1.672925
1.6437984
1.6479836
1.6531612
1.6458383
1.6541865
1.6545194
1.6475313
1.6496723
1.6429149
1.6376042
1.6343464
1.6275738
1.6360394
1.6371647
1.6265384
1.6252441
1.6354795
1.6363119
1.6401029
1.6349173
1.6502178
1.6439029
1.6331685
1.6375586
1.6326377
1.6419837
1.6373744
1.6161022
1.6217042
1.6365553
1.6288912
1.619291
1.61333
1.6237315
1.6130085
1.6201769
1.6181966
1.6411082
1.6245679
1.6249824
1.6236447
1.6231298
1.6147413
1.611413
1.6211609
1.617444
1.6124885
1.6095533
1.6168132
1.6157844
1.6156981
1.607718
1.6108308
1.5966176
1.6143693
1.6160194
1.6095489
1.6325343
1.6038392
1.6122661
1.6004264
1.5968825
1.6075507
1.5985806
1.6140856
1.6070559
1.6068299
1.5983422
1.6064118
1.5931882
1.5975509
1.6064978
1.595933
1.5981044
1.6051483
1.5791546
1.6015596
1.5893787
1.5975851
1.5811927
1.5954524
1.5887144
1.5996839
1.5946532
1.5710789
1.5754174
1.5918653
1.5667028
1.5881491
1.5856663
1.5716647
1.5873715
1.5682262
1.5731122
1.5799897
1.5684711
1.5864321
1.5617117
1.5648807
1.5550854
1.57058
1.5633981
1.5567337
1.5564998
1.5632865
1.5764289
1.5665882
1.5641581
1.5581833
1.5653659
1.534135
1.5634186
1.5564978
1.560453
1.5714319
1.5549399
1.5612016
1.5545741
1.5661787
1.5544579
1.5821127
1.5841331
1.559023
1.5535282
1.5364683
1.5443826
1.5633748
1.5395029
1.5613172
1.5539731
1.542631
1.5526332
1.5363548
1.5492629
1.5368022
1.5260214
1.552261
1.5338877
1.5336502
1.5469767
1.5480614
1.5486354
1.5243571
1.5242485
1.5403419
1.5472914
1.5440632
1.5385321
1.526525
1.5216976
1.5233965
1.5319724
1.5393826
1.5446858
1.5358188
1.5371108
1.5384729
1.5403566
1.5088133
1.540724
1.527741
1.5323815
1.526226
1.5228493
1.5380145
1.5159678
1.5232025
1.528813
1.5234456
1.520006
1.588467
1.5359386
1.5222019
1.5148082
1.5092007
1.5283767
1.5274138
1.515099
1.5228614
1.526533
1.5083036
1.5245517
1.5157611
1.5093695
1.5137333
1.5137388
1.5165738
1.5109266
1.5066246
1.5224316
1.504274
1.517821
1.5063461
1.514764
1.5128651
1.5142051
1.5063478
1.5194081
1.5116524
1.5079322
1.5049287
1.4927757
1.5039986
1.4966335
1.5208123
1.5185385
1.5437773
1.5002769
1.5146048
1.5228691
1.4997708
1.516717
1.5076802
1.5152735
1.49497
1.5215094
1.5064111
1.4999938
1.5200698
1.4951036
1.503325
1.5182561
1.4902849
1.511615
1.4990017
1.4959239
1.499829
1.4959754
1.5017065
1.5136163
1.508055
1.4915617
1.4869409
1.5060267
1.4854609
1.4885005
1.4820232
1.4896808
1.4939427
1.4836977
1.4882139
1.5052202
1.4835618
1.4873444
1.4862157
1.4913974
1.4853663
1.5021342
1.4759612
1.480342
1.4849017
1.4911578
1.4787921
1.4954817
1.479877
1.4734794
1.4687526
1.491005
1.4922451
1.4849087
1.47939
1.480462
1.4903307
1.4786941
1.4786497
1.4709466
1.4719843
1.4726068
1.4726815
1.5025232
1.4738581
1.4777657
1.473114
1.4785066
1.466439
1.496466
1.4782751
1.4807475
1.4670936
1.4682256
1.4662215
1.4702739
1.4576577
1.4727272
1.4624864
1.5059069
1.4731312
1.4662681
1.4671146
1.4753207
1.4652654
1.466653
1.4714066
1.4673104
1.4712132
1.4624016
1.4700432
1.4456468
1.4544076
1.4470164
1.4549031
1.4527494
1.4529914
1.4524901
1.4607619
1.4607235
1.4385964
1.4524451
1.4417312
1.4374667
1.4415091
1.4673574
1.4558225
1.4370002
1.4460167
1.4378846
1.4354881
1.4365944
1.4438721
1.4257618
1.4286084
1.4363124
1.4351883
1.424627
1.428513
1.4268086
1.4209666
1.4250757
1.4256133
1.4249184
1.4326187
1.4162841
1.4181918
1.405872
1.4202582
1.4375925
1.4094114
1.4146937
1.4108183
1.3878722
1.4053191
1.409656
1.4051176
1.4129124
1.4087638
1.4124577
1.418454
1.3993291
1.4086132
1.4066147
1.4126517
1.3973867
1.4070224
1.3864889
1.4039137
1.4133234
1.3994558
1.3954831
1.3874965
1.4203085
1.4020399
1.3902907
1.3988237
1.410096
1.3962171
1.4015797
1.3872696
1.4053495
1.4048568
1.4037668
1.4105651
1.405299
1.4222705
1.3983048
1.3946826
1.4077518
1.4043936
1.3914971
1.4134501
1.4069451
1.4145769
1.4131379
1.4049616
1.4020945
1.4145967
1.40603
1.4052368
1.4113785
1.4112552
1.4058769
1.4288498
1.4178146
1.4044968
1.4208095
1.3974136
1.4090875
1.4248368
1.4121057
1.4016975
1.4309546
1.4094038
1.4082265
1.4249079
1.416408
1.4140806
1.4008118
1.4025457
1.4225676
1.3938766
1.4111955
1.3976146
1.3937609
1.3921264
1.3996704
1.4019542
1.4000713
1.3984092
1.4032743
1.3874662
1.3899099
1.404965
1.3973647
1.3836132
1.3889883
1.3821502
1.3956084
1.391451
1.3842192
1.3736235
1.397061
1.3899933
1.4063563
1.386229
1.369231
1.3985748
1.3873423
1.3854176
1.4046745
1.3576618
1.3949857
1.3858842
1.3696501
1.3763448
1.3690418
1.3844091
1.3610953
1.3961409
1.3672751
1.3602791
1.3653374
1.3735636
1.3597418
1.3757838
1.370424
1.3644326
1.3515599
1.3601635
1.3645899
1.3513762
1.3901243
1.3638948
1.365667
1.3443116
1.3602388
1.3640964
1.3441947
1.3552675
1.3581197
1.3479428
1.3681686
1.3491694
1.3535854
1.3498429
1.3452991
1.3509942
1.349625
1.3532935
1.3493338
1.3476473
1.3590131
1.3556306
1.3573513
1.3690814
1.3417549
1.3543197
1.3415387
1.3657328
1.35058
1.3692231
1.3526376
1.3584187
1.3564653
1.3450619
1.3557817
1.3560964
1.3400308
1.3523821
1.3513192
1.3252497
1.3389252
1.3454326
1.3466048
1.3533226
1.3465359
1.3593591
1.3606771
1.3534127
1.3688009
1.3355936
1.3544306
1.339178
1.3463385
1.3460274
1.3465911
1.3336505
1.3409137
1.3443018
1.3232852
1.3425981
1.3274866
1.3346467
1.3334965
1.3352365
1.3467957
1.3341159
1.3505462
1.3318633
1.3381699
1.3331962
1.3122983
1.3331467
1.3251659
1.3292676
1.3300076
1.3285236
1.3354683
1.3375093
1.326641
1.330705
1.3322065
1.3351027
1.3379122
1.3413199
1.3292727
1.3316717
1.3328904
1.3291093
1.3257732
1.327374
1.3348907
1.330721
1.3424209
1.3372376
1.331496
1.3313507
1.3424598
1.3275259
1.3120656
1.3140495
1.3272955
1.3279076
1.3268414
1.3191975
1.3198034
1.3225026
1.3209102
1.3185719
1.3223319
1.3417627
1.3220854
1.3108875
1.3141493
1.3123584
1.2959687
1.3170366
1.3064913
1.315808
1.2915109
1.3052444
1.300559
1.3123884
1.3035303
1.3191891
1.3094807
1.298531
1.3298454
1.3640263
1.3109391
1.2910401
1.2946196
1.3125736
1.2976453
1.3317295
1.3190506
1.3252827
1.326105
1.3074397
1.3062743
1.3110473
1.3017671
1.302053
1.3070076
1.2997601
1.2855705
1.3081616
1.3245981
1.314788
1.2922543
1.2944448
1.2964236
1.3193568
1.2972699
1.2820705
1.2945089
1.2807616
1.3017073
1.2926784
1.293599
1.2893189
1.2764477
1.3103573
1.2847723
1.2921387
1.2867559
1.2933463
1.3007338
1.3092747
1.284447
1.2775815
1.2843709
1.2813925
1.282914
1.3049688
1.3131638
1.3090799
1.2728548
1.2701664
1.2640202
1.2814287
1.2799908
1.2931952
1.2715139
1.2905301
1.2885889
1.2821175
1.2768736
1.2885975
1.2904563
1.2852722
1.2864689
1.2828234
1.2775245
1.2861782
1.2663188
1.2818025
1.2844329
1.2801764
1.2996615
1.2730029
1.2687597
1.2737346
1.2734476
1.2534821
1.2541608
1.265661
1.2558941
1.2712736
1.2710441
1.2506895
1.2558296
1.2656301
1.2606552
1.2602471
1.2885977
1.2638794
1.2757187
1.2796376
1.2644569
1.2764591
1.2663331
1.2667125
1.2772377
1.2758421
1.282926
1.2743967
1.2614982
1.2617196
1.2591724
1.2834008
1.2670853
1.2622881
1.2648058
1.270336
1.341882
1.2737676
1.2657386
1.2581584
1.2387948
1.2455956
1.2530975
1.2796041
1.2557088
1.2594298
1.2660604
1.255443
1.2747802
1.2782423
1.2599823
1.2526032
1.2562293
1.2350965
1.2582358
1.2569718
1.2564092
1.2543315
1.2553695
1.266562
1.260882
1.2495109
1.2568699
1.2480627
1.2361735
1.2691997
1.2753272
1.2517972
1.2500097
1.2572755
1.2621216
1.2492561
1.2576913
1.2513947
1.2692662
1.2613401
1.2487234
1.2770207
1.2717845
1.23026
1.2572358
1.2469474
1.2453492
1.2598535
1.264188
1.2431078
1.2522494
1.2674005
1.2542237
1.2449639
1.2274822
1.254392
1.2402835
1.2489406
1.2487622
1.248817
1.2508482
1.2249997
1.2384998
1.2310356
1.247068
1.2301111
1.2438414
1.2303196
1.2395006
1.2394853
1.2359432
1.239364
1.2420051
1.2451496
1.2437634
1.2310438
1.2297759
1.2250401
1.2367611
1.2254262
1.2311218
1.2121887
1.2299101
1.2378937
1.2292526
1.2259326
1.2203009
1.2180232
1.2046324
1.2380196
1.2130713
1.2229309
1.2248772
1.2259744
1.2261736
1.2236607
1.2154005
1.2235304
1.2201031
1.219926
1.229302
1.2159772
1.2237762
1.2340621
1.2180209
1.21779
1.2410085
1.2428832
1.2101641
1.2209038
1.228073
1.2240404
1.2246476
1.2227768
1.2343079
1.2335981
1.1997265
1.2334471
1.2252748
1.2116226
1.227069
1.2074448
1.2055224
1.2297611
1.224267
1.227849
1.220792
1.1927972
1.2013149
1.2077276
1.224691
1.2169784
1.2108902
1.2058042
1.2080363
1.2171054
1.229124
1.1964
1.2119608
1.1953822
1.1971747
1.1961592
1.2007611
1.2123921
1.2034734
1.2092067
1.2148324
1.208292
1.1970505
1.1982907
1.190326
1.195725
1.2003473
1.207434
1.2005583
1.1870928
1.1993848
1.1835482
1.2045504
1.2092292
1.1791372
1.1974934
1.2003952
1.1981735
1.1965148
1.1940068
1.1795965
1.1968099
1.1828928
1.1813658
1.1713501
1.1917007
1.1897587
1.195137
1.1775229
1.1900818
1.1839057
1.2044249
1.1859819
1.1967664
1.2090733
1.1994584
1.2011203
1.1871264
1.1844606
1.1909276
1.1830251
1.181681
1.1726638
1.174109
1.1768193
1.1826308
1.1655253
1.1769881
1.1636115
1.1821604
1.1614449
1.1678932
1.1854264
1.1869361
1.1760318
1.1706213
1.1736468
1.1854504
1.1745994
1.1808413
1.1519039
1.1782469
1.1690367
1.1657733
1.155791
1.1575366
1.1652043
1.1790022
1.1856191
1.1579376
1.1578007
1.1537402
1.1530635
1.1614052
1.1417637
1.1557201
1.142637
1.1478661
1.1565213
1.1583078
1.1308116
1.1347548
1.1320882
1.1571248
1.1314036
1.1232283
1.1206452
1.1304358
1.1321769
1.1408777
1.1468936
1.1396006
1.1317856
1.1351846
1.1344439
1.1071502
1.1456262
1.1416163
1.1227149
1.1261073
1.0986354
1.1221715
1.1365578
1.1146599
1.1165253
1.1158369
1.1231865
1.1115808
1.1183909
1.1186378
1.0994135
1.1043075
1.1078196
1.1007531
1.0978842
1.123812
1.105871
1.1106119
1.1014066
1.0941712
1.0873706
1.0912336
1.114434
1.0954736
1.0856351
1.1002353
1.0916862
1.1016115
1.093077
1.103339
1.0969399
1.0775212
1.085389
1.0941701
1.0885979
1.0969886
1.1074053
1.0867486
1.0740848
1.0890905
1.0928148
1.1006709
1.076556
1.0952997
1.0749274
1.0839729
1.092905
1.080051
1.0839483
1.0935777
1.069984
1.0776736
1.0874144
1.0898154
1.0624785
1.0736505
1.0723443
1.0839355
1.089286
1.0944786
1.0759497
1.0897658
1.0845805
1.101298
1.0812817
1.0840973
1.0913172
1.0717661
1.0822841
1.0866092
1.0651745
1.079484
1.0782155
1.0635985
1.0916537
1.0770144
1.0758163
1.0776287
1.0762408
1.077256
1.085452
1.0676682
1.0529289
1.0780106
1.0648181
1.0563904
1.0709931
1.063367
1.0628189
1.0698463
1.0505162
1.0473095
1.0629029
1.0446388
1.0620353
1.0660256
1.046551
1.0525079
1.0452608
1.0447766
1.0491909
1.042223
1.0401044
1.0488161
1.0483776
1.0622088
1.0523777
1.0568842
1.047697
1.0412599
1.0287293
1.0424584
1.0511932
1.0212973
1.0612723
1.0327404
1.0320537
1.0205264
1.0205715
1.0234225
1.0179693
1.0260006
1.0188411
1.0329831
1.0289471
1.020965
1.0114186
1.0095395
1.0140831
1.0048864
1.0086539
1.0076263
1.0186195
1.0208778
1.0275489
1.0215901
1.0006056
1.0086771
1.0103341
1.0061947
1.0061653
1.0023289
1.0100774
1.0171
0.99698824
0.99719185
1.0033878
1.0038446
1.0075905
0.9968024
0.98357356
1.0110698
0.98802286
0.99325365
1.0078716
0.99534917
1.0026984
1.0033047
1.0039736
0.9933328
0.98150754
0.98608375
1.0023624
1.0004303
0.9765505
0.9989612
1.0026577
0.9917927
1.0023811
0.9859349
0.98366034
0.9957269
0.9952127
0.97933954
0.9874432
0.97264653
0.9769665
0.97982764
0.98853993
0.9810571
0.9811255
0.9811959
0.9847304
0.9981345
0.98685414
0.9877999
0.97179025
0.97475266
0.9712589
0.9725257
0.97547424
0.97739935
0.98913074
0.99936056
0.98261017
0.9743823
0.99155873
0.9773183
0.99751747
0.9683575
0.9912994
0.9797184
0.969649
0.97081584
0.9809599
0.9849617
0.97389096
0.9709601
0.99270934
0.99073845
0.9909618
0.97676307
0.98500663
0.9812494
0.98732626
0.97865826
0.987903
0.9873769
0.9745926
0.9757966
0.9802268
0.9720453
0.96606624
0.97397786
0.98605424
0.9839778
0.9823211
0.9838184
0.98714924
0.9660334
0.9710761
0.9556673
0.96502364
0.9534003
0.95190465
0.9668876
0.97657454
0.98077375
0.9648782
0.96550953
0.9859978
0.97810405
0.95433444
0.97022575
0.96307063
0.9597601
0.9594147
0.97199506
0.9440581
0.97106975
0.9653658
0.96215355
0.9544771
0.9594155
0.94499516
0.9662846
0.9596999
0.9736613
0.9590611
0.95904917
0.95064855
0.95740515
0.95254934
0.975695
0.9636952
0.9790844
0.97365326
0.9576245
0.9710605
0.9447806
0.96694994
0.95590365
0.96994025
0.9592139
0.9543784
0.9573548
0.94226557
0.99025893
0.9504262
0.94965297
0.9588754
0.95796305
0.96027005
0.9739176
0.95623976
0.9612998
0.9704508
0.969682
0.9402383
0.9676946
0.94416654
0.973924
0.97222626
0.97342116
0.9530128
0.96808606
0.9726121
0.96289593
0.95664865
0.96517795
0.952667
0.96150255
0.95901304
0.96679
0.96131295
0.97920537
0.96574646
0.9443946
0.95959115
0.9807019
0.9535722
0.99656016
0.9716292
0.946058
0.96673715
0.9481927
0.9611506
0.9484929
0.96190894
0.9454743
0.94354117
0.9333746
0.95649064
0.96337813
0.92957234
0.9417572
0.95327514
0.9394842
0.93244356
0.9444083
0.9444996
0.94156027
0.9403161
0.9416597
0.9196146
0.9346111
0.92877525
0.9336526
0.9521128
0.9221536
0.9429672
0.92868906
0.932596
0.93665266
0.92450875
0.91983944
0.9442425
0.94424146
0.95083445
0.95401776
0.93361455
0.9366218
0.96425277
0.94160247
0.9405399
0.92334867
0.9359499
0.9429675
0.9563928
0.9401905
0.93691933
0.9283489
0.94209087
0.9475373
0.933849
0.9349075
0.9170191
0.9235363
0.9366345
0.9465987
0.9426041
0.94334555
0.93264365
0.9446038
0.92493457
0.937917
0.93187255
0.9226507
0.9070148
0.92022085
0.9315579
0.90736926
0.95386416
0.9305555
0.9321885
0.9309558
0.9233015
0.9233212
0.91799676
0.93982625
0.91866314
0.9239181
0.9176734
0.91442376
0.930173
0.92101204
0.9117804
0.9195281
0.9127546
0.90227705
0.92944413
0.9370828
0.9130201
0.92221856
0.93181276
0.9058825
0.92973137
0.9193265
0.9101489
0.91725194
0.9366986
0.92481303
0.9200099
0.9155708
0.9083585
0.9052782
0.9089264
0.88160014
0.90347016
0.90465343
0.9016623
0.90077996
0.9271076
0.9000726
0.90325457
0.8924444
0.8981956
0.8960317
0.8917668
0.89528936
0.91477454
0.90663964
0.90257204
0.9085699
0.88018256
0.88879675
0.8873067
0.89720166
0.8901355
0.90068924
0.8899518
0.91642296
0.9015804
0.89692277
0.90253115
0.88526946
0.90378755
0.88782203
0.91309416
0.88673633
0.88629514
0.87696886
0.88819915
0.907619
0.87823725
0.88574564
0.8997088
0.9049606
0.8797957
0.8796419
0.895741
0.88483995
0.8899016
0.88337463
0.87846124
0.88916177
0.88966626
0.88926446
0.8965673
0.90045404
0.89523965
0.90913844
0.89200795
0.90524656
0.88418525
0.8778217
0.8845136
0.89219725
0.8866599
0.9025805
0.8950184
0.88666886
0.87898976
0.86849725
0.8830327
0.89431584
0.8619621
0.8920399
0.87049985
0.8754248
0.90127814
0.8908419
0.8613829
0.8680202
0.8671963
0.87490433
0.886433
0.877082
0.87092644
0.876425
0.8812936
0.89245427
0.8707166
0.8651767
0.87942654
0.8772494
0.8818614
0.876052
0.8892903
0.87385434
0.8803546
0.87757015
0.88189363
0.8756201
0.869612
0.8837358
0.8679816
0.87875617
0.8649227
0.8627528
0.8765053
0.8922327
0.88197416
0.870375
0.87564003
0.85720056
0.865347
0.8662292
0.87267745
0.8703384
0.8599552
0.87941116
0.8655508
0.86119395
0.87679553
0.8804769
0.87920666
0.87846774
0.8657438
0.8914209
0.88648266
0.8610884
0.8790722
0.8664486
0.886179
0.86775243
0.86915463
0.8750375
0.8637321
0.86011773
0.8532241
0.85708475
0.86629754
0.84331083
0.869322
0.8693959
0.8614732
0.8655506
0.8653337
0.85377413
0.8416016
0.8506786
0.8529677
0.8680321
0.8654932
0.8735669
0.8494095
0.8528833
0.8853695
0.8717257
0.8551421
0.8573904
0.85884327
0.8577371
0.8765094
0.8626953
0.854985
0.86537033
0.8602201
0.8589978
0.8766342
0.86348206
0.8515251
0.86249006
0.84011346
0.8589319
0.86894995
0.8493126
0.85885876
0.8769649
0.85126877
0.8640804
0.85760194
0.878086
0.86438066
0.86273557
0.87869084
0.8467725
0.857926
0.8847517
0.8573346
0.84625465
0.85314614
0.84581447
0.8504246
0.8456324
0.85017014
0.84142923
0.8610888
0.85292435
0.83708787
0.8275995
0.8422312
0.84553695
0.8460698
0.83989424
0.84139913
0.831558
0.84053487
0.8630704
0.8622987
0.8404042
0.8311437
0.8440934
0.8587614
0.8481421
0.82486135
0.8248484
0.8282204
0.81315625
0.81072956
0.8425862
0.83509725
0.8769617
0.82634693
0.8293945
0.8431702
0.81735504
0.8045833
0.8057155
0.8012147
0.82552916
0.8278601
0.8116447
0.78988016
0.8138235
0.80246514
0.81105953
0.8090231
0.79778624
0.8128765
0.7905549
0.8088709
0.810287
0.8289299
0.8071237
0.8105567
0.79948765
0.79050744
0.7888748
0.80285937
0.7918077
0.80741036
0.8095834
0.7839509
0.77799386
0.8065175
0.78988963
0.77349913
0.7949396
0.80192965
0.7856831
0.79313904
0.79505014
0.78232545
0.7969911
0.80404216
0.8063427
0.8082674
0.7861831
0.78801423
0.80396205
0.7938259
0.7753506
0.7923277
0.7836639
0.8078152
0.7748841
0.7673874
0.7856166
0.78593445
0.78696615
0.7698059
0.7936407
0.7720408
0.76541996
0.79508615
0.78468406
0.7843551
0.78271663
0.7629207
0.7566837
0.7722281
0.76132566
0.7769567
0.78168243
0.7752402
0.7980117
0.7571049
0.7883274
0.7574028
0.7592017
0.7657844
0.8430792
0.7630476
0.78361255
0.754737
0.7842997
0.7582305
0.7654795
0.7695583
0.7579627
0.7642878
0.7566676
0.7659396
0.77209
0.76611996
0.7577696
0.7523373
0.7587352
0.7565972
0.7700235
0.75796634
0.7776399
0.7743255
0.7625061
0.7525578
0.76822937
0.78137875
0.7604272
0.7347295
0.75576895
0.76975733
0.75569075
0.7564592
0.7603126
0.7443717
0.76345474
0.73526615
0.7656809
0.74566305
0.73774636
0.7731548
0.7681106
0.758919
0.7596125
0.7502451
0.756121
0.758382
0.77165955
0.7614501
0.7661073
0.75213695
0.7436126
0.76079947
0.7739206
0.76568353
0.7564101
0.7499061
0.7819206
0.765843
0.7471529
0.7410133
0.7734777
0.76071614
0.7522488
0.76080954
0.75241697
0.7589075
0.77099293
0.7790699
0.779626
0.76571596
0.7779175
0.7521335
0.7468484
0.75642824
0.77264464
0.760251
0.7416086
0.75118196
0.7670811
0.7526281
0.7384519
0.7445802
0.7511117
0.7621206
0.7357251
0.74504507
0.75366133
0.7454723
0.76018095
0.76817715
0.72251844
0.7683079
0.7642784
0.766524
0.7479403
0.74966115
0.75694937
0.76664704
0.7676151
0.76893026
0.76165193
0.7499641
0.73881066
0.74311674
0.75051
0.73934716
0.7413882
0.7677691
0.735309
0.7315336
0.75273407
0.76317066
0.7631666
0.75468844
0.728649
0.73704803
0.7408749
0.74718016
0.75497
0.74522793
0.7420327
0.7511182
0.7427673
0.73351943
0.74347484
0.7281524
0.72491217
0.72987026
0.71608526
0.7353794
0.7459576
0.7220473
0.74812067
0.72194827
0.7355425
0.74678636
0.72097623
0.71998054
0.72958845
0.7173637
0.7305255
0.726223
0.71571815
0.742124
0.73661435
0.729833
0.7355979
0.72985256
0.74381495
0.73561186
0.74613565
0.7299714
0.7312869
0.7310214
0.739604
0.74635965
0.72878873
0.7457551
0.7317732
0.7468432
0.7210829
0.7326832
0.72237796
0.714476
0.73382354
0.7376936
0.7339386
0.72270393
0.7189656
0.7119978
0.7059635
0.72736394
0.71784186
0.71567714
0.69780415
0.7132384
0.72594553
0.7235858
0.71489954
0.71746296
0.6929186
0.71080637
0.7094408
0.7003501
0.69918895
0.6914151
0.7108867
0.714933
0.7112428
0.7194333
0.71744597
0.7071825
0.7145041
0.71730727
0.7185324
0.7060879
0.7116206
0.71571195
0.7077649
0.729389
0.71930355
0.7172408
0.70253134
0.7912089
0.712748
0.7067269
0.7144935
0.7261824
0.711235
0.72178835
0.69957584
0.71592474
0.7175417
0.69672346
0.708328
0.7174531
0.69772786
0.71867764
0.71890044
0.7063134
0.7052697
0.7139842
0.7112853
0.7117501
0.70156664
0.6974272
0.709276
0.72002864
0.7300418
0.7131217
0.7265518
0.73396254
0.7074732
0.72997326
0.72142
0.72606945
0.7161786
0.72758186
0.7371471
0.7248209
0.74724185
0.73707366
0.73893243
0.71934146
0.73519415
0.7672664
0.72728467
0.7146585
0.72442067
0.7044821
0.69952697
0.72360706
0.851142
0.7258632
0.71268576
0.71569055
0.73311985
0.7244544
0.7167367
0.69101095
0.7047258
0.7047346
0.7337712
0.73262584
0.70061004
0.71775275
0.7196997
0.7148764
0.71597755
0.7083357
0.6900257
0.7012748
0.7045146
0.71139467
0.7258648
0.72802
0.70283204
0.72894484
0.7038045
0.7018055
0.70498055
0.6870418
0.7079337
0.7134302
0.6985884
0.7027857
0.69538915
0.7223331
0.69827473
0.70590067
0.6960201
0.70528543
0.7129284
0.7024116
0.7170824
0.7233098
0.73420906
0.71383977
0.7040886
0.8133359
0.721879
0.7217081
0.7195934
0.71325
0.7278345
0.72305393
0.70599276
0.7366347
0.6984041
0.70548326
0.70905656
0.7257581
0.70770305
0.7086169
0.7388819
0.71137935
0.71916
0.7137838
0.73058593
0.7442852
0.7390738
0.73508674
0.72905964
0.73628
0.7081461
0.7236838
0.72852
0.71889424
0.7403387
0.7375335
0.72430825
0.7274144
0.71428543
0.7391268
0.7200325
0.72024846
0.73536056
0.7362864
0.72157097
0.7512085
0.7171638
0.71637976
0.70144755
0.7298371
0.7216901
0.72453475
0.69729984
0.70158404
0.7080041
0.71840006
0.715801
0.7113506
0.73356456
0.7195776
0.72906506
0.72468317
0.73946834
0.7303607
0.70114213
0.7311436
0.7091343
0.7542574
0.7189858
0.7356756
0.7305853
0.7151248
0.7099878
0.71684647
0.7014315
0.68755144
0.7015877
0.688287
0.7011075
0.71695286
0.68363136
0.71787506
0.72835094
0.69477665
0.70923626
0.69696957
0.69676816
0.69236046
0.7032851
0.68998057
0.70688283
0.6733967
0.69205654
0.68583107
0.7159361
0.6997868
0.705304
0.69806844
0.69936275
0.69900453
0.7140791
0.7194206
0.70521003
0.6999258
0.69946533
0.69053876
0.69352174
0.6975967
0.7047782
0.67898226
0.68943626
0.7027113
0.6906099
0.68465626
0.6915163
0.6870269
0.7088812
0.6838996
0.6786848
0.6869647
0.6823225
0.7001107
0.6815923
0.7021654
0.71276957
0.70434946
0.6777757
0.681577
0.67434907
0.67994016
0.6884295
0.6858923
0.6714479
0.6695641
0.6881134
0.67155993
0.6745388
0.68105066
0.67260504
0.6694223
0.6953743
0.6823013
0.68842554
0.66906714
0.6880058
0.6774035
0.6840343
0.68981254
0.70160246
0.67410153
0.66944724
0.6856132
0.6871867
0.6904237
0.66690993
0.6787867
0.6861477
0.6821547
0.68050086
0.6776067
0.68606836
0.6762189
0.6726345
0.6702459
0.676713
0.6846673
0.66898584
0.6676665
0.6701579
0.6577914
0.6739334
0.6792193
0.66456246
0.7047195
0.6668007
0.6679992
0.6761602
0.6596142
0.67496634
0.6656005
0.65360796
0.67289174
0.6522197
0.678429
0.6609794
0.678788
0.6515473
0.65620583
0.6518071
0.6682887
0.6654018
0.63826275
0.6426313
0.63597876
0.6650693
0.66475964
0.65216184
0.6514771
0.6594721
0.6729709
0.6548489
0.6572748
0.64410377
0.6401826
0.6447623
0.66280913
0.6561
0.6610119
0.64314216
0.6452374
0.6684664
0.64648414
0.6649968
0.6557296
0.6529209
0.65342605
0.64804536
0.6584935
0.65559775
0.65670264
0.6596803
0.6755237
0.67481875
0.6837234
0.6721163
0.6452384
0.6416914
0.6427173
0.63495064
0.66448146
0.6303859
0.6618028
0.6580334
0.66193527
0.6642165
0.66836905
0.67287415
0.66319084
0.6508924
0.6705313
0.68679005
0.65424705
0.6329227
0.64651436
0.668739
0.6438316
0.64925
0.7007303
0.65308034
0.6394204
0.65398175
0.6684841
0.6640905
0.6318788
0.6634183
0.6323417
0.6477086
0.6809626
0.6384503
0.6470423
0.65365326
0.6456151
0.6543054
0.6505486
0.6712696
0.6555145
0.6517081
0.6476356
0.63322216
0.62775546
0.63622206
0.66522324
0.6523657
0.64039254
0.6328552
0.61910814
0.6454261
0.6170862
0.6364651
0.62732875
0.6601382
0.628257
0.6297063
0.6285498
0.6341404
0.6130863
0.6306584
0.6450116
0.6172874
0.6184273
0.59879327
0.6272484
0.6417308
0.6201578
0.61940604
0.60752666
0.6272805
0.6266456
0.6343412
0.61406744
0.62279373
0.625695
0.6570365
0.6465634
0.6149936
0.6427906
0.62663764
0.62831646
0.62491983
0.6183378
0.62607235
0.6307229
0.61915666
0.6194476
0.63136464
0.6368347
0.6188957
0.63806105
0.62609774
0.6228054
0.6201367
0.63041073
0.6654605
0.6310142
0.65759325
0.6251026
0.6113123
0.6205439
0.62110937
0.62594515
0.637011
0.6229764
0.62919945
0.60906273
0.62044334
0.60759336
0.6195319
0.5859241
0.6312584
0.6113962
0.61640495
0.61057657
0.6308734
0.59021205
0.6151001
0.5956526
0.6120558
0.60393625
0.63034207
0.5884161
0.6120859
0.6073847
0.63170856
0.6131657
0.62484944
0.6019414
0.5962741
0.62240815
0.62694174
0.6156922
0.6147242
0.6138474
0.58769566
0.6141834
0.60811454
0.61039966
0.58823556
0.60671955
0.58591723
0.59686446
0.6260253
0.592833
0.60930103
0.618845
0.6012345
0.5961628
0.5946098
0.61040306
0.60924727
0.605084
0.59897566
0.58385146
0.5997852
0.59326136
0.6176704
0.6069686
0.61103183
0.60957015
0.60337096
0.61765665
0.5999555
0.6331912
0.6218113
0.6403914
0.59723085
0.6169013
0.6106455
0.6301817
0.6384902
0.6258565
0.5983278
0.5968957
0.61428034
0.6222344
0.6223049
0.6249021
0.6313387
0.62336886
0.6316111
0.6312894
0.60413045
0.6615356
0.6547785
0.6071788
0.62997425
0.6313825
0.6477216
0.6326326
0.64126915
0.6276213
0.628465
0.65117127
0.6221375
0.631179
0.62095207
0.6211141
0.6458432
0.6404962
0.6189536
0.6224668
0.6152014
0.648507
0.62140286
0.614708
0.6162283
0.62956095
0.6117915
0.613083
0.6219457
0.6278687
0.6268301
0.63420475
0.6247525
0.639837
0.6295548
0.6172652
0.60544175
0.6294978
0.6048158
0.62581134
0.60268855
0.6153412
0.6094323
0.61265635
0.6398623
0.6116049
0.6172696
0.6097868
0.62872404
0.64854234
0.6250102
0.60186976
0.63949794
0.6096257
0.62014097
0.63056296
0.6366411
0.62834895
0.61503553
0.61038727
0.6120821
0.6048946
0.61698943
0.6329677
0.60354173
0.6080762
0.6093705
0.5959886
0.6118207
0.6293734
0.6296696
0.6150858
0.5951653
0.593557
0.6111154
0.62037724
0.6000357
0.6347989
0.6012821
0.61302346
0.60600436
0.62182003
0.59398264
0.6275904
0.6185804
0.60276526
0.61840194
0.62393385
0.619395
0.6087211
0.60549104
0.59008104
0.61854804
0.6206385
0.632706
0.6083161
0.5975805
0.5956215
0.59714466
0.6344161
0.64233804
0.6057349
0.5955635
0.59831446
0.6239335
0.5962153
0.5932677
0.6009476
0.6106497
0.5915033
0.5966281
0.62958544
0.5876872
0.606749
0.6204804
0.613402
0.62049073
0.60808986
0.6089739
0.60207796
0.6194367
0.61736506
0.6975449
0.62313515
0.62021637
0.6107097
0.6273664
0.59882754
0.62245643
0.60347736
0.6265207
0.6258631
0.610436
0.61292994
0.60804474
0.61485475
0.6179528
0.62651116
0.61114275
0.6238244
0.60436946
0.61320126
0.62882715
0.6118616
0.62163097
0.62463564
0.5954217
0.62846017
0.62134045
0.6203521
0.61859506
0.60411537
0.6118831
0.612287
0.6180114
0.5954569
0.6098073
0.5852502
0.6344808
0.59041125
0.621905
0.6203606
0.61395144
0.6030863
0.59954023
0.61926633
0.58052707
0.59478647
0.60696864
0.62790203
0.6071243
0.6130361
0.5945456
0.6030418
0.5929543
0.59952
0.60090286
0.58609563
0.6153742
0.5833631
0.5944174
0.61644113
0.59015375
0.5677945
0.6208293
0.6006316
0.5711602
0.57719284
0.5928287
0.585987
0.613156
0.5943955
0.5828222
0.59259653
0.6045486
0.58755773
0.60726213
0.5890895
0.55977815
0.6089038
0.601385
0.5790422
0.5987084
0.61554223
0.5953566
0.5718485
0.5775096
0.5717148
0.6142945
0.59339684
0.5960303
0.5863482
0.5758624
0.60608065
0.5648461
0.6046411
0.580487
0.6026463
0.59248275
0.6039322
0.61725616
0.5795341
0.6085
0.62544423
0.61538976
0.60527277
0.6057731
0.5907204
0.5738494
0.6288142
0.60422975
0.60292614
0.6161478
0.58662814
0.58166164
0.5800143
0.64343125
0.6059826
0.5859949
0.5906186
0.6079152
0.60473764
0.6080771
0.6026771
0.58724976
0.61164224
0.6319591
0.5949165
0.5744226
0.602465
0.5945151
0.5995438
0.6004566
0.58209
0.5977033
0.6075568
0.57239485
0.5575723
0.59596395
0.60492635
0.6095556
0.57584405
0.60760176
0.5986867
0.6059539
0.5964014
0.59628683
0.60270375
0.57796794
0.55862314
0.6040545
0.5911502
0.5956175
0.59378666
0.5830579
0.5730533
0.60748774
0.5778695
0.55446297
0.6011383
0.5920801
0.5692098
0.5666693
0.56784916
0.5844921
0.56404984
0.5609176
0.58647823
0.5731603
0.5534408
0.5697863
0.55675524
0.56022835
0.55206877
0.5570322
0.5607075
0.5604738
0.5539981
0.5653551
0.58109784
0.56405294
0.55585784
0.54316396
0.55000734
0.56631225
0.55089456
0.57363594
0.5440226
0.54591143
0.5410794
0.55179685
0.55831814
0.5633246
0.5675903
0.5637044
0.5533444
0.5471257
0.555429
0.5660282
0.56315947
0.5769806
0.5738983
0.546765
0.5512546
0.57763886
0.54417586
0.53738517
0.5613915
0.54534066
0.5441919
0.53031
0.547354
0.5497453
0.5682187
0.5518088
0.5431424
0.58285064
0.56268466
0.5436966
0.5505668
0.682384
0.5518374
0.5689863
0.54013246
0.57619524
0.5546655
0.5366287
0.55862486
0.5628321
0.5492118
0.5419088
0.56574833
0.7162256
0.5594988
0.53448176
0.5366721
0.54282475
0.5721944
0.53843075
0.55073386
0.5406137
0.5359192
0.55726016
0.53581816
0.5645921
0.5342822
0.55369925
0.5535001
0.54474956
0.5572482
0.54348713
0.5499497
0.5554316
0.5366298
0.56018174
0.5478154
0.5322278
0.5399922
0.5381325
0.5299293
0.5498884
0.55152154
0.5591584
0.5411624
0.55465424
0.54603773
0.5211195
0.5475899
0.54439056
0.5403213
0.5572179
0.5487868
0.52761006
0.54228574
0.5463739
0.5448128
0.5444549
0.5372701
0.5583529
0.52572495
0.5533203
0.5294671
0.5205422
0.53834224
0.5275664
0.54473543
0.54296917
0.53057206
0.5219085
0.55056745
0.5480555
0.55032706
0.52639216
0.5468257
0.59132046
0.53445685
0.5313688
0.538897
0.53296256
0.5245498
0.5514293
0.5276487
0.5244188
0.5527224
0.5499883
0.53096426
0.5395366
0.562017
0.5502277
0.5376506
0.542326
0.5182367
0.5275627
0.53834236
0.52606565
0.51817256
0.55901974
0.5383366
0.5403539
0.5368831
0.5608627
0.53218234
0.6072331
0.5486291
0.5522691
0.5851375
0.5236203
0.553367
0.54596084
0.5530495
0.5319729
0.52467585
0.5383729
0.5477885
0.55180424
0.54921234
0.51230913
0.52922875
0.5402709
0.5285372
0.51971704
0.5194474
0.54212344
0.52815694
0.5340545
0.5407482
0.5140405
0.5596533
0.52387
0.5308438
0.53588533
0.52910864
0.5478625
0.54658747
0.52659714
0.52651924
0.54881835
0.5165615
0.5040913
0.526224
0.51928085
0.5328756
0.5318172
0.5206974
0.5355373
0.524909
0.5352683
0.55030924
0.5068047
0.5262708
0.5386996
0.51457417
0.53236187
0.5755232
0.5135182
0.54693854
0.5169799
0.5494523
0.5523751
0.5583456
0.5256758
0.5454277
0.5372656
0.5528441
0.55257094
0.53666264
0.5204558
0.5368415
0.53311145
0.56125546
0.5182244
0.5355726
0.5447442
0.53161585
0.54280627
0.5526978
0.4997694
0.55169344
0.5152589
0.5110368
0.538335
0.5301635
0.5326382
0.53738004
0.54320294
0.5188408
0.5461565
0.5192233
0.5022778
0.5248573
0.5199128
0.53963757
0.5350577
0.5368916
0.53459144
0.50126195
0.55260634
0.5292676
0.54109335
0.5166303
0.55733097
0.5055791
0.5124063
0.52209705
0.5251679
0.52989537
0.51422065
0.54115075
0.5043514
0.5462887
0.5325702
0.54977566
0.53424066
0.54382837
0.52642435
0.5218798
0.52880883
0.5227786
0.52287513
0.50458276
0.5255146
0.5193305
0.5218163
0.5278489
0.5215587
0.53624225
0.52259845
0.5244567
0.5040223
0.5341077
0.53768635
0.52725506
0.5279133
0.52156854
0.5401959
0.54132664
0.5361613
0.5044794
0.54101926
0.5294742
0.52693677
0.52024174
0.53009295
0.52053344
0.5333087
0.544215
0.5494467
0.51016754
0.5642276
0.5113949
0.5289439
0.609874
0.57602453
0.5034046
0.51748455
0.51597804
0.50692105
0.5132605
0.49480718
0.5073935
0.5405927
0.5196221
0.5079379
0.50766355
0.519861
0.4963428
0.5074925
0.53052354
0.5092672
0.53482515
0.53975844
0.52052844
0.50958425
0.5272542
0.5288035
0.54752296
0.5704536
0.52888787
0.51244503
0.5221768
0.5126892
0.53785586
0.52062047
0.5425269
0.52377564
0.5311723
0.54465
0.5601085
0.5345057
0.5129784
0.53025514
0.54898775
0.59208614
0.56067836
0.5340947
0.5204283
0.5202364
0.52293587
0.53354126
0.5323493
0.51958895
0.5284082
0.5332331
0.51809055
0.55649406
0.52040696
0.51453596
0.5363135
0.5225666
0.5236836
0.55413884
0.4971678
0.5010902
0.5567672
0.57129496
0.5136557
0.51395243
0.557679
0.5444575
0.5318803
0.53262097
0.54361135
0.57880557
0.51428443
0.56323177
0.5369771
0.5364635
0.5409952
0.5275356
0.5606194
0.5814093
0.54180056
0.5197041
0.5484802
0.5228331
0.5133758
0.5209086
0.5223859
0.54987824
0.536978
0.52994853
0.58849204
0.5463045
0.5851336
0.55006105
0.5255379
0.5297119
0.5462804
0.55493194
0.53501076
0.51064545
0.52102876
0.52904683
0.51713616
0.5211719
0.49564168
0.5331209
0.49430242
0.5212541
0.5329476
0.51896757
0.49614415
0.51460564
0.5028826
0.5121459
0.50300705
0.5193261
0.5247316
0.51047754
0.5141572
0.503309
0.493822
0.5336757
0.52173644
0.52239525
0.49731722
0.5279194
0.505676
0.5136462
0.49567088
0.5152606
0.5031526
0.49241024
0.48362765
0.50000453
0.51794165
0.48417038
0.50457764
0.47877988
0.5268657
0.52347785
0.5001181
0.5128567
0.5308242
0.5067341
0.5095968
0.5522824
0.5723366
0.52694243
0.5428445
0.5117597
0.49403256
0.5146282
0.5575204
0.5367928
0.508524
0.503956
0.5237271
0.4825568
0.5162175
0.5793754
0.5666593
0.49741283
0.51801836
0.53987336
0.52539974
0.52998036
0.50505495
0.5439996
0.506221
0.56291133
0.52271205
0.53204435
0.50372916
0.49898416
0.51327926
0.52188516
0.4875912
0.5174012
0.51630414
0.5174644
0.54611015
0.49900082
0.5146538
0.5288675
0.5024126
0.5000033
0.50710833
0.5291557
0.5386902
0.5435455
0.50582165
0.50666815
0.515482
0.5021223
0.52835065
0.5030313
0.52662283
0.4908496
0.547541
0.5175254
0.51361567
0.4932776
0.5060248
0.50689566
0.5141101
0.5163848
0.51805246
0.5058426
0.52541715
0.51315695
0.512145
0.5231856
0.53147686
0.5196508
0.5194667
0.5152977
0.58097607
0.52461016
0.51149887
0.4824298
0.52498764
0.50738347
0.49350533
0.53201056
0.5180094
0.51896185
0.52045643
0.5247015
0.48399162
0.53027517
0.5212062
0.51065755
0.5055407
0.5173809
0.55247617
0.49212927
0.5083655
0.51197016
0.5048548
0.497188
0.50871503
0.50093025
0.4879248
0.54343903
0.47738945
0.4839911
0.49527606
0.47383344
0.47853938
0.49544615
0.5089939
0.4958513
0.5019014
0.48719
0.47097
0.47394514
0.48050702
0.481467
0.45295563
0.47755325
0.49717787
0.505446
0.4793055
0.4676094
0.47040987
0.49733865
0.48950562
0.49085125
0.4566837
0.4656693
0.49101305
0.50081617
0.44170552
0.45504317
0.47090086
0.4621207
0.47718275
0.47122812
0.46013507
0.44494718
0.45378074
0.44931653
0.47860593
0.43255007
0.42622522
0.46072388
0.47271183
0.51169044
0.4287335
0.45705327
0.40005055
0.41832286
0.4425893
0.42481202
0.44468227
0.48526466
0.47461545
0.43278062
0.42187804
0.46158108
0.43898907
0.4356667
0.47429344
0.44417933
0.44820186
0.39693093
0.44270834
0.4278973
0.39998415
0.41736874
0.41555852
0.44980285
0.40503803
0.4902883
0.4254956
0.4221035
0.4332296
0.44817057
0.41553977
0.41935483
0.42268708
0.4080108
0.41799307
0.45562023
0.4181758
0.41445142
0.44281378
0.43833324
0.46474227
0.41557246
0.44379246
0.43581533
0.42341527
0.45173755
0.42440918
0.4223546
0.43023708
0.40043792
0.41849867
0.41407555
0.42753723
0.4373153
0.41286287
0.42017648
0.41149136
0.4100378
0.4383551
0.4145723
0.40425614
0.43079293
0.42274904
0.39359972
0.40595353
0.42669538
0.45097634
0.41662034
0.43317398
0.43428636
0.44034216
0.42440507
0.43107483
0.41397363
0.4110986
0.4179872
0.42048436
0.43390736
0.40825835
0.39480937
0.40910682
0.44027594
0.4549849
0.39162037
0.4445696
0.48284766
0.40929672
0.4502736
0.4361491
0.39564556
0.4443015
0.3988855
0.40669784
0.40891692
0.40060127
0.40865263
0.42979744
0.42186818
0.41324532
0.40901166
0.4012725
0.4045543
0.40800014
0.4278255
0.4988411
0.46768868
0.40465772
0.43827334
0.40248415
0.41136178
0.4177909
0.40696025
0.40681177
0.4393101
0.42891163
0.395766
0.40720055
0.39719307
0.3940713
0.4294655
0.3936774
0.42614824
0.44262704
0.395408
0.39109367
0.3861797
0.41622356
0.41255808
0.37875468
0.4023678
0.42719325
0.43626317
0.40270314
0.38679633
0.4220116
0.41137144
0.45829254
0.38271853
0.4411221
0.4159116
0.40233138
0.42040098
0.39865178
0.4125045
0.39801982
0.4076881
0.4323027
0.40957302
0.43056464
0.38028863
0.40625203
0.40962052
0.41191137
0.39603645
0.4098838
0.40580776
0.40960562
0.38760656
0.4161447
0.3952237
0.43725035
0.47679284
0.42335677
0.38958076
0.40638423
0.42135784
0.3961101
0.3709859
0.43532336
0.42737842
0.40072814
0.45208576
0.37780446
0.3828029
0.40586448
0.41832757
0.41823667
0.41610935
0.4037271
0.4084088
0.39840272
0.3867895
0.41488
0.38842142
0.39321297
0.43693706
0.39794183
0.39523292
0.367521
0.38770986
0.39740664
0.36716786
0.38695472
0.41073805
0.4180052
0.3796767
0.40403908
0.4401394
0.3988272
0.3845173
0.38115418
0.38483545
0.38473126
0.4249209
0.3971334
0.38398024
0.3822731
0.38344565
0.42192644
0.4203453
0.39440224
0.41048515
0.4008534
0.41200116
0.43000498
0.43238008
0.40907928
0.3709636
0.38511506
0.39063188
0.4301451
0.38955876
0.39058176
0.4339265
0.37034526
0.44608015
0.38137698
0.38885015
0.44131452
0.4075195
0.40498817
0.40905464
0.40835845
0.39055043
0.4424152
0.41873828
0.38269502
0.42855296
0.40181884
0.41931054
0.44869927
0.37033856
0.37491408
0.3771529
0.37544703
0.38282531
0.35967687
0.36320546
0.43299842
0.39847887
0.373601
0.3608595
0.42411515
0.3820613
0.39534584
0.39326653
0.4047335
0.37860206
0.35456052
0.3872506
0.3934275
0.41472846
0.39226824
0.40048558
0.37469026
0.39269525
0.38030604
0.37727982
0.38271475
0.37314755
0.39001703
0.42131233
0.3843075
0.42978257
0.3791301
0.38352036
0.3666463
0.37924674
0.37586623
0.40163842
0.4027913
0.38761133
0.38586688
0.39579242
0.4367514
0.40712228
0.3646635
0.4126444
0.39494208
0.38133797
0.3889081
0.39444017
0.3834148
0.3697475
0.35622084
0.37140843
0.39376777
0.34569055
0.38502124
0.35990342
0.40568864
0.38405627
0.38289315
0.35185975
0.40890792
0.38668358
0.36268485
0.38514975
0.35967308
0.35600096
0.37444934
0.32686558
0.4283912
0.3890664
0.37049118
0.3575977
0.31226525
0.38071492
0.42223904
0.3850623
0.397446
0.38392243
0.4313537
0.3715732
0.3679101
0.40356374
0.37126464
0.33207816
0.44400916
0.344886
0.36433226
0.40012613
0.3807011
0.37921193
0.41071764
0.39375818
0.36796835
0.38532814
0.41227463
0.3816574
0.35922858
0.35516533
0.45914763
0.3910341
0.3855396
0.33912873
0.39026365
0.36738062
0.4061018
0.3542154
0.37344888
0.35027784
0.38589746
0.39950967
0.37845057
0.40967992
0.41503486
0.3747171
0.39092433
0.37723982
0.39286008
0.37955317
0.3779889
0.4125721
0.39786074
0.36347434
0.40001842
0.3584243
0.3674742
0.38467965
0.39205936
0.3740665
0.42472956
0.39855316
0.3741066
0.40717906
0.37874323
0.4078526
0.39177328
0.4110762
0.47661707
0.38038298
0.36875817
0.42565498
0.35853684
0.3933679
0.39238316
0.40726063
0.38615036
0.36357024
0.3997146
0.4152587
0.4310533
0.3731706
0.39670697
0.40134364
0.40315384
0.37005317
0.38806292
0.3479033
0.3935132
0.3976457
0.43183112
0.37529558
0.39161038
0.3767051
0.3788056
0.41683266
0.3901145
0.4164753
0.3765765
0.42177203
0.4428748
0.408447
0.40057102
0.39112955
0.38646922
0.3949856
0.35089716
0.38210425
0.41072795
0.36304966
0.3796783
0.37727138
0.38489786
0.36915082
0.34528294
0.39261493
0.41867438
0.34548053
0.37503657
0.40098298
0.3615607
0.37331364
0.39693668
0.38723552
0.41034126
0.40693063
0.3958409
0.4248786
0.40319005
0.3949462
0.39640728
0.40410984
0.41629198
0.38700542
0.3664968
0.48446068
0.37118158
0.44355395
0.38920575
0.4106675
0.36595997
0.41361022
0.40401134
0.41410547
0.36267495
0.41251385
0.39875326
0.40450662
0.40644512
0.38705567
0.42579293
0.4062319
0.38953978
0.37259042
0.4512699
0.37196392
0.3999029
0.42167333
0.40796882
0.39694592
0.39801234
0.42359835
0.41118482
0.3674744
0.3708478
0.3963278
0.39366066
0.37937272
0.39816228
0.42714474
0.41587704
0.4395989
0.37837532
0.44088098
0.3976602
0.3629784
0.4275158
0.35940728
0.39799678
0.38964206
0.39038074
0.44773608
0.4461855
0.4569231
0.34154835
0.3927962
0.39453807
0.39726275
0.37901354
0.4228252
0.42134216
0.39341164
0.40761983
0.39181986
0.46586803
0.3637961
0.36633202
0.40235054
0.39132732
0.3877576
0.4040931
0.43140125
0.38551855
0.39999324
0.4120141
0.3860526
0.44214714
0.38627398
0.45659223
0.41137838
0.3929194
0.38077137
0.3735613
0.4671245
0.40862155
0.42214057
0.39209974
0.38585976
0.37957528
0.41352737
0.40953156
0.3930914
0.38780206
0.39878452
0.3627182
0.39019987
0.35606793
0.40205577
0.3901388
0.43017355
0.42876226
0.37534577
0.4208561
0.3895327
0.37104005
0.39781028
0.37685528
0.396979
0.37532943
0.3765434
0.33313707
0.3732275
0.3674901
0.3612184
0.40354744
0.40806398
0.39872286
0.3896081
0.36180156
0.3724163
0.38888052
0.3477458
0.38444325
0.37216967
0.41665778
0.3703336
0.46756795
0.36576152
0.43599743
0.41331652
0.39758685
0.40001002
0.365869
0.40376154
0.3995097
0.33799982
0.38660362
0.38375708
0.33889842
0.38485506
0.38022637
0.41352615
0.43647006
0.37560236
0.4200169
0.34053773
0.38952306
0.36083382
0.3722121
0.36160052
0.36238086
0.34245932
0.34589922
0.34904552
0.36196032
0.35498172
0.36091316
0.36896837
0.35842085
0.46195415
0.37205505
0.38209042
0.3587899
0.36381972
0.4435246
0.39332324
0.38800636
0.40684345
0.5472405
0.39966857
0.421549
0.38246214
0.35716516
0.3664584
0.34380093
0.3398899
0.37579137
0.33283478
0.34243116
0.36167428
0.38430783
0.38194388
0.3491534
0.36057615
0.3807746
0.36010367
0.33872414
0.3636098
0.36073977
0.38542435
0.32588258
0.38049647
0.3463938
0.33304742
0.33822265
0.32695
0.362594
0.400217
0.48648468
0.47482386
0.3910921
0.39195368
0.39402932
0.39454466
0.3652136
0.42445824
0.36015555
0.5090928
0.42674413
0.3610329
0.3948988
0.3648252
0.4373657
0.36541155
0.41680276
0.3685512
0.36604318
0.34134337
0.38107306
0.36043063
0.3381972
0.3687703
0.37029007
0.39046597
0.35970193
0.38823336
0.41494292
0.38918564
0.35227233
0.3934251
0.37062544
0.382728
0.43108666
0.41279113
0.35305136
0.42865935
0.4011661
0.3632812
0.41825515
0.36145982
0.38329756
0.42692032
0.41034147
0.3700158
0.38746384
0.39654404
0.39047107
0.4732985
0.40825203
0.42144078
0.42267755
0.3884936
0.37480906
0.3903496
0.42131117
0.3767289
0.41934463
0.4533712
0.38083565
0.4292498
0.37282386
0.4663339
0.38566658
0.41056034
0.44531578
0.4637404
0.3992653
0.45483533
0.39394096
0.44863877
0.4314122
0.40648288
0.39368185
0.38885894
0.3938609
0.37823427
0.42153242
0.4330852
0.42758745
0.3826445
0.41947898
0.38813028
0.40304923
0.4421689
0.38734815
0.39279285
0.43165722
0.4043227
0.39950457
0.42607507
0.4017198
0.41615415
0.42453164
0.42139378
0.39804083
0.44490078
0.39400285
0.3814266
0.39319795
0.4024496
0.42744255
0.4116478
0.41960484
0.4254845
0.40209478
0.40472803
0.43375498
0.407936
0.39520037
0.42864075
0.4268627
0.3980387
0.41210523
0.4027784
0.39261758
0.39281398
0.40342617
0.38383254
0.40333843
0.46216646
0.4161451
0.40422416
0.39499828
0.38466907
0.37635347
0.37107944
0.3762679
0.390738
0.40859312
0.42426395
0.40850303
0.3873963
0.37007758
0.3705624
0.36332536
0.38720733
0.42831552
0.39045778
0.3689709
0.3656211
0.365343
0.3643371
0.37750673
0.3832376
0.39110786
0.39064494
0.39215425
0.39245197
0.38059837
0.38334516
0.37469348
0.37401745
0.37632325
0.37845853
0.37258416
0.41687587
0.5379259
0.4383372
0.38922146
0.38320768
0.35577157
0.35077602
0.36059374
0.38171118
0.39229235
0.374321
0.36410987
0.36282092
0.38492358
0.4018117
0.39963403
0.38936794
0.37998936
0.36280775
0.3536072
0.34543696
0.3398574
0.34429377
0.3609887
0.36152261
0.35556668
0.3467904
0.35788834
0.36114448
0.35968214
0.3537494
0.3488909
0.3388959
0.34731954
0.35415328
0.36769348
0.3628925
0.3693572
0.37416163
0.36532095
0.3576406
0.34913394
0.35424727
0.34634078
0.35740885
0.3483833
0.3559004
0.33716407
0.34723216
0.34064898
0.34105822
0.35114846
0.35452208
0.35840368
0.3472178
0.3366665
0.33578795
0.32457417
0.3260706
0.33044523
0.34095556
0.34468445
0.34155485
0.33865133
0.34088257
0.36119273
0.3584002
0.36932185
0.3475993
0.35478657
0.34728584
0.3483524
0.35432273
0.3622929
0.3564917
0.34960768
0.34341082
0.33920428
0.33205327
0.32134217
0.32801622
0.3506309
0.36025232
0.3760166
0.3606261
0.3498984
0.34399986
0.3305817
0.34496027
0.33997482
0.35746202
0.3532754
0.33974066
0.34566405
0.34197772
0.34611908
0.32500985
0.30152243
0.30222753
0.29332417
0.31943023
0.30099773
0.30065104
0.29922244
0.32526195
0.31311825
0.29966968
0.2758147
0.29459745
0.29712105
0.31665617
0.32356668
0.31444457
0.30516487
0.29821947
0.2971665
0.30231148
0.3085607
0.3155632
0.3046096
0.28234634
0.2806627
0.287087
0.32560727
0.3235316
0.31970394
0.29616562
0.29686716
0.31280956
0.3099077
0.31897005
0.33030033
0.33431947
0.3402578
0.31637964
0.3233751
0.3030125
0.3077348
0.29648358
0.31017432
0.31826478
0.33248878
0.34034792
0.33592114
0.3352009
0.3447363
0.34372544
0.33383623
0.31978548
0.32091498
0.3375397
0.33471206
0.33634716
0.32932922
0.33028793
0.33580604
0.3383537
0.34584007
0.34220228
0.34449154
0.3375601
0.34124815
0.33903876
0.3455167
0.34098518
0.3272792
0.31849694
0.318276
0.33867946
0.34328055
0.33048055
0.30837166
0.30846265
0.32090342
0.30998868
0.3145229
0.31234035
0.3448161
0.34471753
0.34386858
0.3304696
0.3306865
0.34568575
0.33861962
0.31486237
0.30169278
0.32197022
0.3386324
0.33274376
0.31446907
0.3219745
0.33569622
0.3511135
0.3426621
0.3476587
0.33343858
0.33177277
0.31720293
0.31905848
0.3147966
0.32173017
0.33850202
0.35190082
0.3390974
0.33200753
0.32150975
0.3307476
0.3484296
0.3429067
0.33869413
0.327853
0.34682563
0.345814
0.33015677
0.332423
0.32759938
0.3350819
0.31674558
0.30737138
0.29152498
0.28541523
0.29474276
0.3039742
0.31945103
0.30869368
0.32051268
0.32109916
0.32798555
0.29658985
0.28338155
0.27318743
0.2965502
0.2991202
0.31470472
0.32335758
0.31936797
0.3127631
0.2867034
0.30054265
0.3008786
0.31210205
0.29743922
0.30644697
0.30865243
0.3039382
0.2915313
0.28373125
0.30646
0.30056065
0.29756638
0.29108253
0.30976048
0.3144886
0.28328785
0.284349
0.27537063
0.2848062
0.3015115
0.30850837
0.31087866
0.32480237
0.2996939
0.32382622
0.31192136
0.3322711
0.29685986
0.28475747
0.29444718
0.29835215
0.30988967
0.28876424
0.3005285
0.30274862
0.3155607
0.30325475
0.30270228
0.31830478
0.3184031
0.3153975
0.30947554
0.30264458
0.30732515
0.3081325
0.29867703
0.29766592
0.28691766
0.27880126
0.28126496
0.28846818
0.28413776
0.29345807
0.30723235
0.29667252
0.28640547
0.28464153
0.27375594
0.27262777
0.2745366
0.27031273
0.28107533
0.28560734
0.27931184
0.26680887
0.26466605
0.25328422
0.25558573
0.2626402
0.2613971
0.2640141
0.2696211
0.27172673
0.2715253
0.27629015
0.2753252
0.2737349
0.26584607
0.2698192
0.2718704
0.2882996
0.29120994
0.2831384
0.27659225
0.28185183
0.28912243
0.28507492
0.3005574
0.32826304
0.32171503
0.31436384
0.33035594
0.29904926
0.28822613
0.29149273
0.27439153
0.2857714
0.28433633
0.2765845
0.27631533
0.27142525
0.26318023
0.26134565
0.25450385
0.2613878
0.29429716
0.2923831
0.30662483
0.2908439
0.2883674
0.25425845
0.26956567
0.2609689
0.27329797
0.27524105
0.28094062
0.2821728
0.277152
0.27876616
0.27646616
0.29168624
0.27542177
0.28126013
0.29151493
0.2855677
0.26283038
0.2563376
0.25056836
0.23749557
0.22974719
0.24347396
0.258138
0.26889873
0.2713619
0.28277865
0.27710074
0.27594015
0.26838702
0.27502072
0.2669343
0.27155036
0.2709323
0.2776309
0.2804662
0.2889645
0.28307134
0.2860946
0.2772336
0.2660754
0.25861618
0.2735586
0.27489534
0.2792326
0.29661542
0.30150077
0.28970012
0.2945578
0.2976288
0.2740372
0.26652157
0.27118945
0.2592931
0.24729681
0.25746027
0.26414183
0.2674001
0.258004
0.26711023
0.2686088
0.2659571
0.24761271
0.26941833
0.26492164
0.27859712
0.27037707
0.28332746
0.2717894
0.27306715
0.2565046
0.2796931
0.27591372
0.28163677
0.28110063
0.2748636
0.25687793
0.25682837
0.25482297
0.2588779
0.26427475
0.26796302
0.27093834
0.27268982
0.28118837
0.2901
0.2880245
0.28504837
0.28375053
0.2678348
0.2518824
0.24639125
0.24761048
0.24697626
0.24348941
0.25466794
0.25443575
0.250635
0.24669194
0.24615926
0.26108462
0.26295984
0.26802337
0.28419733
0.29278007
0.30262354
0.28483158
0.27784872
0.27609223
0.27851942
0.28476742
0.29557315
0.30583638
0.30175644
0.30392998
0.31424144
0.31179094
0.31412798
0.30248752
0.30429804
0.2962968
0.28298035
0.282993
0.2802239
0.2776383
0.2826505
0.2817226
0.27837372
0.28115276
0.27869081
0.27036953
0.28016794
0.26748377
0.26844487
0.26770148
0.2642415
0.26224744
0.2662034
0.26396656
0.26295945
0.25987417
0.265549
0.26981223
0.2639932
0.27118468
0.27057582
0.281036
0.2841288
0.2691036
0.2668916
0.26941735
0.25205168
0.25439626
0.24691953
0.24784599
0.2476444
0.24921241
0.25700638
0.2608314
0.2619057
0.26357538
0.27680323
0.27464682
0.2679887
0.26840398
0.26792982
0.26577416
0.26430544
0.25737748
0.2542033
0.25220934
0.25396046
0.24783921
0.24780697
0.25032106
0.25762346
0.26312762
0.262837
0.27091938
0.26565066
0.27229762
0.28597236
0.27994895
0.27678722
0.27895916
0.26537558
0.2540193
0.2543968
0.24921073
0.24281633
0.2460286
0.23454005
0.23824237
0.24427006
0.24997061
0.24937497
0.24283382
0.24433202
0.24241368
0.24666904
0.25757873
0.25029907
0.24888785
0.24152921
0.24744274
0.25360572
0.25494584
0.25573495
0.24439548
0.2344767
0.24114752
0.23615333
0.24317755
0.23969214
0.23864257
0.2427848
0.23909041
0.24104658
0.24992844
0.24380368
0.24665087
0.24478129
0.24739802
0.2509039
0.25227883
0.25480574
0.25080943
0.2498955
0.25382987
0.2597094
0.26565954
0.2636811
0.26496616
0.26307654
0.26708466
0.26432154
0.27317262
0.25569844
0.2595244
0.24969918
0.24886425
0.25287056
0.25544053
0.252757
0.2551454
0.24509194
0.24201459
0.23941797
0.24125239
0.22870946
0.22557294
0.22625335
0.22008087
0.21101868
0.21091758
0.206641
0.19553015
0.19056906
0.18899941
0.19030821
0.18539137
0.17567407
0.16984661
0.16974993
0.1713617
0.16608988
0.16036557
0.15679964
0.15182005
0.14870821
0.14456335
0.1453711
0.1393489
0.13792533
0.13302037
0.12450186
0.11612714
0.108919255
0.102652594
0.09715627
0.092298456
0.08797584
0.08410629
0.08062372
0.07747436
0.07461397
0.07200589
0.06961941
0.06742866
0.0654117
0.06354976
0.061826717
0.060228653
0.058743473
0.057360623
0.056070857
0.054866042
0.05373899
0.05268333
0.051693402
0.05076415
0.04989106
0.049070068
0.04829753
0.047570154
0.046884976
0.046239305
0.045630697
0.04505694
0.044516012
0.044006076
0.043525454
0.043072615
0.04264615
0.04224479
0.04186734
0.041512743
0.041179996
0.040868208
0.04057654
0.04030424
0.040050615
0.03981502
0.039596885
0.039395683
0.03921093
0.039042197
0.03888909
0.03875126
0.038628396
0.038520224
0.0384265
0.03834702
0.038281612
0.03823013
0.038192466
0.038168535
0.03815829
0.03815829
0.03815829
0.03815829
0.03815829
0.03815829
0.03815829
0.03815829
0.03815829
0.03815829
0.03815829
0.03815829
0.03815829
0.03815829
0.03815829
0.03815829
0.03815829
0.03815829
0.03815829
0.03815829
0.03815829
0.03815829
0.03815829
0.03815829
0.03815829
0.03815829
0.03815829
0.03815829
0.03815829
0.03815829
0.03815829
0.03815829
0.03815829
0.03815829
0.03815829
0.03815829
0.03815829
0.03815829
0.03815829
0.03815829
0.03815829
0.03815829
0.03815829
0.03815829
0.03815829
0.03815829
0.03815829
0.03815829
0.03815829
0.03815829
0.03815829
0.03815829
0.03815829
0.03815829
0.03815829
0.03815829
0.03815829
0.03815829
0.03815829
0.03815829
0.03815829
0.03815829
0.03815829
0.03815829
0.03815829
0.03815829
0.03815829
0.03815829
0.03815829
0.03815829
0.03815829
0.03815829
0.03815829
0.03815829
0.03815829
